Lineup Num,,Player Name,injury_status,team,opp,spread,over_under,implied_team_score,L5_dvp_rank,L5_ppg_floor,L5_ppg_avg,L5_ppg_max,Pos,Salary,Rest,USG,PER,Opp Pace,Opp DEff,Opp DvP,L2 FGA,L5 FGA,S FGA,L2 Min,L5 Min,S Min,L5 FP,S FP,Floor FP,Ceil FP,Actual Min,Actual FP,Actual Val,FantasyFuelPPGProj,FantasyFuelValueProj,DFN_PPGProj,DFN_MinProj,DFN_ValueProj,Avg Proj,Avg Value Proj,Avg Skewed Min,Avg Skewed FGA,Avg Skewed FP,Avg L5 PPG,Proj Min Enhanced
0,0,Matthew Dellavedova,0.0,CLE,DET,3.0,216.5,106.8,14,2.8,7.0,15.5,PG/SG,3000,3,15.0,4.0,101,108,3%,3,3,3,12,11,14,7.0,8.2,3.9,12.6,3.3,2.0,0.7,8.8,2.92,7.6,10.5,2.5,8.2,2.71,12.333333333333334,3.0,7.979999999999999,8.433333333333334,6.981081081081079
0,1,Jrue Holiday,0.0,NO,DAL,4.0,234.0,115.0,23,32.8,44.0,60.5,PG/SG,7700,1,26.0,17.0,103,107,-6%,17,19,17,39,38,36,44.0,41.3,30.5,52.1,36.7,32.0,4.2,41.5,5.39,41.0,36.0,5.3,41.25,5.345,37.666666666666664,17.666666666666668,41.83,45.76666666666667,39.42477876106195
0,2,Skal Labissiere,0.0,POR,LAC,9.0,231.5,111.3,28,13.0,24.5,56.0,PF/C,4100,3,16.0,17.0,105,103,-9%,3,7,5,19,21,17,24.4,16.6,5.1,28.1,22.4,22.8,5.6,17.3,4.21,17.6,19.0,4.3,17.450000000000003,4.255,19.0,5.0,18.33,31.166666666666668,17.450000000000003
0,3,Lonnie Walker IV,0.0,SA,HOU,7.0,233.5,113.3,19,0.0,7.7,21.0,PG/SF,3100,1,0.0,0.0,108,106,9%,6,5,3,9,8,6,7.7,4.6,-1.5,10.6,34.9,42.0,13.5,1.5,0.48,0.0,0.0,0.0,0.75,0.24,7.666666666666667,4.666666666666667,4.43,9.566666666666666,0.0
0,4,Lou Williams,0.0,LAC,POR,-9.0,231.5,120.3,26,21.0,34.2,49.8,PG/SG,6400,1,31.0,20.0,105,108,-1%,10,13,16,25,28,32,34.1,36.3,26.7,45.8,25.3,25.0,3.9,34.5,5.39,35.7,31.0,5.6,35.1,5.494999999999999,28.333333333333332,13.0,35.6,35.0,38.40352941176471
0,5,Trey Lyles,0.0,SA,HOU,7.0,233.5,113.3,21,5.3,13.9,22.5,PF/C,3400,1,12.0,12.0,108,106,5%,8,5,4,17,14,18,13.9,15.4,8.7,22.1,19.6,28.8,8.5,16.5,4.85,15.3,17.5,4.5,15.9,4.675,16.333333333333332,5.666666666666667,15.200000000000003,13.9,17.03571428571429
0,6,Serge Ibaka,0.0,TOR,MIA,-4.5,213.0,108.8,7,15.0,26.4,35.5,PF/C,4900,1,26.0,17.0,103,101,4%,10,12,11,17,22,23,26.4,26.0,19.0,33.0,22.0,26.3,5.4,24.0,4.9,22.2,20.5,4.5,23.1,4.7,20.666666666666668,11.0,25.5,25.633333333333336,22.913709677419355
0,7,Jonathan Isaac,0.0,ORL,WAS,2.0,228.0,113.0,13,23.0,35.8,51.8,SF/PF,6900,1,19.0,19.0,108,114,1%,11,13,11,31,30,31,35.8,34.0,23.2,44.9,37.4,26.5,3.8,33.5,4.86,34.3,31.0,5.0,33.9,4.93,30.666666666666668,11.666666666666666,34.36,36.86666666666667,34.268478260869564
1,0,Ish Smith,0.0,WAS,ORL,-2.0,228.0,115.0,3,10.3,21.2,42.5,PG,3900,1,18.0,12.0,100,102,-4%,10,9,8,22,23,24,21.2,20.4,10.7,30.1,13.8,9.0,2.3,18.8,4.81,21.3,23.5,5.5,20.05,5.154999999999999,23.0,9.0,20.49,24.666666666666668,20.485869565217392
1,1,Norman Powell,0.0,TOR,MIA,-4.5,213.0,108.8,15,17.0,27.8,42.0,SG/SF,5400,1,18.0,14.0,103,101,-8%,15,13,10,36,31,28,27.8,22.9,13.4,32.4,34.1,38.0,7.0,22.3,4.12,21.6,27.5,4.0,21.950000000000003,4.0600000000000005,31.666666666666668,12.666666666666666,23.69,28.933333333333334,19.06184210526316
1,2,Thon Maker,0.0,DET,CLE,-3.0,216.5,109.8,2,2.0,7.6,17.5,PF/C,3000,1,13.0,11.0,102,111,1%,1,2,2,4,7,12,7.6,8.5,2.6,14.4,4.7,4.0,1.3,6.0,2.0,0.0,0.0,0.0,3.0,1.0,7.666666666666667,1.6666666666666667,7.220000000000001,9.033333333333333,0.0
1,3,JJ Redick,0.0,NO,DAL,4.0,234.0,115.0,4,21.0,28.4,40.3,SG/SF,5000,1,19.0,15.0,103,107,6%,12,11,11,32,31,29,28.4,24.5,14.2,34.8,30.4,26.0,5.2,24.8,4.95,25.3,30.5,5.1,25.05,5.025,30.666666666666668,11.333333333333334,25.389999999999997,29.899999999999995,24.913858695652173
1,4,Seth Curry,0.0,DAL,NO,-4.0,234.0,119.0,25,4.3,11.7,16.5,PG/SG,3100,1,16.0,11.0,107,111,5%,6,6,6,18,19,22,11.7,14.0,5.5,22.6,27.1,27.5,8.9,14.0,4.52,12.8,19.0,4.1,13.4,4.31,19.666666666666668,6.0,13.440000000000001,10.833333333333334,12.945762711864408
1,5,Davis Bertans,0.0,WAS,ORL,-2.0,228.0,115.0,2,13.3,25.9,35.0,SF/PF,5300,1,16.0,16.0,100,102,-11%,8,9,9,28,27,28,25.9,25.0,16.2,33.8,40.0,35.3,6.7,25.5,4.81,33.2,34.5,6.3,29.35,5.555,27.666666666666668,8.666666666666666,26.05,24.733333333333334,36.59909638554217
1,6,Clint Capela,0.0,HOU,SA,-7.0,233.5,120.3,14,39.8,48.4,58.0,C,7800,2,16.0,22.0,103,112,0%,14,12,11,38,36,32,48.5,40.4,27.2,53.7,45.4,58.3,7.5,41.3,5.29,40.9,34.5,5.2,41.099999999999994,5.245,35.333333333333336,12.333333333333334,42.18,48.73333333333333,40.13066037735848
1,7,Ben McLemore,0.0,HOU,SA,-7.0,233.5,120.3,27,10.3,21.7,47.8,SG/SF,5100,2,16.0,10.0,103,112,-1%,10,9,7,27,25,21,21.6,14.8,3.3,26.4,26.7,16.8,3.3,21.0,4.12,22.2,31.5,4.4,21.6,4.26,24.333333333333332,8.666666666666666,17.540000000000003,26.599999999999998,27.961643835616442
3,0,Malik Beasley,0.0,DEN,LAL,-2.5,207.5,105.0,20,2.0,11.3,19.0,PG/SG,3300,2,20.0,10.0,103,100,6%,7,4,6,20,12,16,11.3,11.8,4.2,19.3,13.3,6.0,1.8,14.8,4.47,13.3,17.0,4.0,14.05,4.234999999999999,16.0,5.666666666666667,12.13,10.766666666666666,14.928125000000001
3,1,Kentavious Caldwell-Pope,0.0,LAL,DEN,2.5,207.5,102.5,22,11.8,16.4,23.3,SG/SF,3600,1,15.0,10.0,100,100,-3%,7,7,7,26,28,24,16.4,15.5,8.1,23.0,32.4,16.8,4.7,17.0,4.72,17.7,29.0,4.9,17.35,4.8100000000000005,26.0,7.0,16.07,17.166666666666668,19.35192307692308
3,2,Rui Hachimura,0.0,WAS,ORL,-2.0,228.0,115.0,25,15.5,25.7,48.8,PF/C,5200,1,20.0,15.0,100,102,-2%,19,13,12,32,28,27,25.6,24.5,14.1,34.8,38.5,28.0,5.4,29.5,5.67,35.1,37.5,6.8,32.3,6.234999999999999,29.0,14.666666666666666,26.26,30.0,41.76724137931034
3,3,Danny Green,0.0,LAL,DEN,2.5,207.5,102.5,22,7.0,16.4,22.8,SG/SF,4000,1,14.0,11.0,100,100,-3%,8,7,7,24,25,25,16.4,18.3,9.2,27.5,31.0,24.8,6.2,16.8,4.19,17.0,26.5,4.3,16.9,4.245,24.666666666666668,7.333333333333333,17.660000000000004,15.4,18.156081081081076
3,4,Collin Sexton,0.0,CLE,DET,3.0,216.5,106.8,14,22.5,28.5,35.8,PG/SG,5400,3,27.0,15.0,101,108,3%,15,15,16,32,32,31,28.4,27.1,21.1,33.0,33.4,34.5,6.4,26.5,4.91,27.1,32.0,5.0,26.8,4.955,31.666666666666668,15.333333333333334,27.28,28.933333333333334,27.082105263157896
3,5,LeBron James,0.0,LAL,DEN,2.5,207.5,102.5,8,46.0,54.0,63.0,PG/SF,10200,1,34.0,28.0,100,100,-10%,19,22,20,37,37,35,54.8,56.1,43.6,68.7,36.9,44.5,4.4,50.0,4.9,50.9,35.5,5.0,50.45,4.95,36.333333333333336,20.333333333333332,54.730000000000004,54.333333333333336,49.29288990825688
3,6,Nikola Jokic,0.0,DEN,LAL,-2.5,207.5,105.0,1,28.5,42.5,62.5,C,8900,2,26.0,19.0,103,100,-17%,10,13,14,31,32,31,42.8,41.1,28.9,53.3,34.4,34.8,3.9,46.8,5.25,42.9,32.0,4.8,44.849999999999994,5.025,31.333333333333332,12.333333333333334,42.19,44.5,45.80425531914893
3,7,Tim Hardaway Jr.,0.0,DAL,NO,-4.0,234.0,119.0,1,15.0,29.0,49.5,SG/SF,4600,1,21.0,14.0,107,111,4%,12,12,10,33,31,24,28.9,20.1,9.6,30.7,25.5,23.3,5.1,26.3,5.71,26.4,31.0,5.7,26.35,5.705,29.333333333333332,11.333333333333334,23.130000000000003,31.166666666666668,27.847159090909095
4,0,Isaiah Thomas,0.0,WAS,ORL,-2.0,228.0,115.0,3,4.5,19.2,27.5,PG,4900,1,24.0,13.0,100,102,-4%,9,10,11,23,25,24,19.1,22.8,14.8,30.9,34.1,40.3,8.2,21.8,4.44,23.7,25.0,4.8,22.75,4.62,24.0,10.0,22.07,17.066666666666666,23.697916666666664
4,1,Troy Brown,0.0,WAS,ORL,-2.0,228.0,115.0,24,7.8,16.6,26.3,SG/SF,3900,1,16.0,12.0,100,102,-11%,9,7,7,21,19,21,16.6,18.4,10.2,26.6,20.9,20.5,5.3,19.3,4.94,18.5,21.5,4.7,18.9,4.82,20.333333333333332,7.666666666666667,18.139999999999997,16.900000000000002,19.984426229508195
4,2,Davis Bertans,0.0,WAS,ORL,-2.0,228.0,115.0,2,13.3,25.9,35.0,SF/PF,5300,1,16.0,16.0,100,102,-11%,8,9,9,28,27,28,25.9,25.0,16.2,33.8,40.0,35.3,6.7,25.5,4.81,33.2,34.5,6.3,29.35,5.555,27.666666666666668,8.666666666666666,26.05,24.733333333333334,36.59909638554217
4,3,Will Barton,0.0,DEN,LAL,-2.5,207.5,105.0,20,24.3,35.4,41.5,PG/SF,6100,2,21.0,17.0,103,100,6%,14,14,13,39,34,34,35.4,34.7,27.4,42.1,37.5,21.0,3.4,31.8,5.2,32.2,33.5,5.3,32.0,5.25,35.666666666666664,13.666666666666666,34.32,33.733333333333334,30.056074766355145
4,4,Luka Doncic,0.0,DAL,NO,-4.0,234.0,119.0,25,43.5,62.0,73.8,PG/SF,11300,1,38.0,33.0,107,111,7%,24,22,20,35,34,35,61.9,61.4,47.9,74.9,28.5,65.0,5.8,56.8,5.02,64.2,34.5,5.7,60.5,5.359999999999999,34.666666666666664,22.0,61.32000000000001,59.76666666666667,60.20913461538461
4,5,P.J. Tucker,0.0,HOU,SA,-7.0,233.5,120.3,6,8.3,22.4,32.3,SF/PF,4600,2,9.0,12.0,103,112,9%,5,6,7,33,34,35,22.4,24.6,15.6,33.5,51.5,34.8,7.6,23.3,5.05,22.7,35.0,4.9,23.0,4.975,34.0,6.0,23.82,21.0,23.676470588235297
4,6,Mason Plumlee,0.0,DEN,LAL,-2.5,207.5,105.0,24,8.0,19.1,29.8,PF/C,3800,2,21.0,19.0,103,100,-17%,6,6,5,20,17,17,19.1,19.3,12.7,26.0,13.6,17.5,4.6,17.8,4.67,16.1,16.0,4.2,16.950000000000003,4.4350000000000005,18.0,5.666666666666667,18.810000000000002,18.96666666666667,15.06666666666667
4,7,Brandon Ingram,0.0,NO,DAL,4.0,234.0,115.0,21,39.3,43.7,48.0,SF/PF,8100,1,29.0,22.0,103,107,6%,18,20,20,38,38,35,43.6,46.2,38.9,53.5,36.9,47.3,5.8,40.3,4.97,44.4,36.5,5.5,42.349999999999994,5.234999999999999,37.0,19.333333333333332,44.910000000000004,43.666666666666664,41.77770270270269
5,0,Lonnie Walker IV,0.0,SA,HOU,7.0,233.5,113.3,19,0.0,7.7,21.0,PG/SF,3100,1,0.0,0.0,108,106,9%,6,5,3,9,8,6,7.7,4.6,-1.5,10.6,34.9,42.0,13.5,1.5,0.48,0.0,0.0,0.0,0.75,0.24,7.666666666666667,4.666666666666667,4.43,9.566666666666666,0.0
5,1,CJ McCollum,0.0,POR,LAC,9.0,231.5,111.3,17,31.5,41.7,68.0,PG/SG,7100,3,26.0,16.0,105,103,-4%,15,20,20,35,36,37,43.4,37.1,24.7,49.5,28.6,31.3,4.4,34.8,4.89,34.4,36.5,4.8,34.599999999999994,4.845,36.0,18.333333333333332,37.86,47.06666666666666,35.08055555555555
5,2,Larry Nance Jr.,0.0,CLE,DET,3.0,216.5,106.8,13,11.0,30.8,45.3,PF/C,5700,3,16.0,20.0,101,108,6%,8,9,8,26,28,27,30.8,26.2,16.7,35.7,26.5,23.5,4.1,28.3,4.96,25.1,25.5,4.4,26.700000000000003,4.68,27.0,8.333333333333334,27.220000000000006,29.03333333333333,25.216666666666672
5,3,Justise Winslow,0.0,MIA,TOR,4.5,213.0,104.3,9,16.0,19.6,24.8,PG/SF,4900,1,21.0,9.0,104,100,-2%,9,9,13,28,30,34,19.9,29.0,16.0,42.0,34.6,36.8,7.5,28.8,5.87,26.1,30.5,5.3,27.450000000000003,5.585,30.666666666666668,10.333333333333334,26.870000000000005,20.133333333333336,27.300815217391307
5,4,Rajon Rondo,0.0,LAL,DEN,2.5,207.5,102.5,8,14.0,22.2,33.3,PG,4200,1,22.0,16.0,100,100,-9%,5,7,7,15,20,20,21.8,21.1,14.4,27.8,25.1,29.5,7.0,18.0,4.29,17.6,20.5,4.2,17.8,4.245,18.333333333333332,6.333333333333333,20.580000000000002,23.166666666666668,19.903636363636366
5,5,Jimmy Butler,0.0,MIA,TOR,4.5,213.0,104.3,7,25.3,37.0,50.8,SG/SF,7600,1,26.0,24.0,104,100,0%,14,12,13,32,32,33,36.8,41.0,32.7,49.3,41.1,62.3,8.2,38.0,5.0,40.1,34.5,5.3,39.05,5.15,32.333333333333336,13.0,39.77,37.699999999999996,41.666752577319585
5,6,Andre Drummond,0.0,DET,CLE,-3.0,216.5,109.8,30,31.5,42.6,52.3,C,9100,1,24.0,22.0,102,111,1%,10,9,13,32,34,34,42.5,48.8,35.9,61.8,30.9,58.5,6.4,50.3,5.52,49.8,35.0,5.5,50.05,5.51,33.333333333333336,10.666666666666666,47.81,42.13333333333333,52.552499999999995
5,7,Davis Bertans,0.0,WAS,ORL,-2.0,228.0,115.0,2,13.3,25.9,35.0,SF/PF,5300,1,16.0,16.0,100,102,-11%,8,9,9,28,27,28,25.9,25.0,16.2,33.8,40.0,35.3,6.7,25.5,4.81,33.2,34.5,6.3,29.35,5.555,27.666666666666668,8.666666666666666,26.05,24.733333333333334,36.59909638554217
6,0,Kendrick Nunn,0.0,MIA,TOR,4.5,213.0,104.3,9,13.8,21.5,31.5,PG/SG,4900,1,24.0,14.0,104,100,-3%,16,12,14,27,27,29,21.5,26.9,17.8,36.0,38.7,23.3,4.8,25.8,5.26,24.1,29.0,4.9,24.950000000000003,5.08,27.666666666666668,14.0,25.43,22.266666666666666,26.152409638554218
6,1,Markelle Fultz,0.0,ORL,WAS,2.0,228.0,113.0,27,23.8,29.2,34.5,PG/SG,5500,1,22.0,16.0,108,114,4%,12,12,10,30,29,25,29.1,22.8,17.1,28.5,31.2,34.8,6.3,29.0,5.27,28.3,29.0,5.1,28.65,5.185,28.0,11.333333333333334,25.23,29.166666666666668,29.673214285714284
6,2,Thon Maker,0.0,DET,CLE,-3.0,216.5,109.8,2,2.0,7.6,17.5,PF/C,3000,1,13.0,11.0,102,111,1%,1,2,2,4,7,12,7.6,8.5,2.6,14.4,4.7,4.0,1.3,6.0,2.0,0.0,0.0,0.0,3.0,1.0,7.666666666666667,1.6666666666666667,7.220000000000001,9.033333333333333,0.0
6,3,Brandon Ingram,0.0,NO,DAL,4.0,234.0,115.0,21,39.3,43.7,48.0,SF/PF,8100,1,29.0,22.0,103,107,6%,18,20,20,38,38,35,43.6,46.2,38.9,53.5,36.9,47.3,5.8,40.3,4.97,44.4,36.5,5.5,42.349999999999994,5.234999999999999,37.0,19.333333333333332,44.910000000000004,43.666666666666664,41.77770270270269
6,4,Bryn Forbes,0.0,SA,HOU,7.0,233.5,113.3,19,9.8,16.3,27.3,PG/SG,3800,1,20.0,12.0,108,106,9%,8,9,11,23,24,27,16.3,20.4,12.9,28.0,36.6,35.0,9.2,20.3,5.33,21.5,25.5,5.7,20.9,5.515000000000001,24.666666666666668,9.333333333333334,19.7,17.8,21.60608108108108
6,5,Kelly Olynyk,0.0,MIA,TOR,4.5,213.0,104.3,1,0.0,21.5,42.0,PF/C,4100,1,16.0,14.0,104,100,-8%,10,7,7,25,27,24,25.3,21.4,12.3,30.6,35.5,32.0,7.8,20.5,5.0,19.2,22.5,4.7,19.85,4.85,25.333333333333332,8.0,21.890000000000004,21.166666666666668,17.62993421052632
6,6,JaVale McGee,0.0,LAL,DEN,2.5,207.5,102.5,6,10.0,19.8,37.8,C,4100,1,16.0,21.0,100,100,0%,6,4,5,19,17,17,20.0,19.6,8.0,31.2,14.5,13.0,3.2,17.3,4.21,17.5,16.5,4.3,17.4,4.255,17.666666666666668,5.0,19.24,22.53333333333333,16.250943396226415
6,7,Luke Kennard,0.0,DET,CLE,-3.0,216.5,109.8,26,14.0,28.1,40.5,SG/SF,5900,1,21.0,16.0,102,111,3%,15,13,13,32,33,34,28.1,29.8,21.0,38.6,22.1,24.0,4.1,28.0,4.75,28.3,33.5,4.8,28.15,4.775,33.0,13.666666666666666,29.130000000000003,27.53333333333333,28.576515151515153
7,0,Damian Lillard,0.0,POR,LAC,9.0,231.5,111.3,17,37.0,41.4,47.0,PG,8400,3,29.0,25.0,105,103,5%,17,17,20,33,36,38,41.5,48.4,38.0,58.7,29.9,31.0,3.7,46.0,5.48,45.3,36.5,5.4,45.65,5.44,35.666666666666664,18.0,46.45,41.800000000000004,46.71658878504673
7,1,Jordan Clarkson,0.0,CLE,DET,3.0,216.5,106.8,16,2.8,22.2,43.3,SG/SF,4400,3,27.0,19.0,101,108,3%,10,10,11,18,22,23,22.1,22.8,14.1,31.5,20.3,14.3,3.3,21.0,4.77,19.5,20.5,4.4,20.25,4.585,21.0,10.333333333333334,22.15,22.766666666666666,19.767857142857142
7,2,Drew Eubanks,0.0,SA,HOU,7.0,233.5,113.3,21,0.0,5.9,21.5,PF/C,3200,1,0.0,0.0,108,106,2%,4,3,3,11,8,8,8.3,8.3,-3.3,19.8,6.3,5.5,1.7,7.0,2.19,12.2,14.0,3.8,9.6,2.995,9.0,3.3333333333333335,8.540000000000003,9.133333333333333,14.933333333333334
7,3,Evan Fournier,0.0,ORL,WAS,2.0,228.0,113.0,14,26.0,35.9,41.0,SG/SF,6200,1,25.0,19.0,108,114,10%,15,18,14,34,36,31,35.6,30.6,20.9,40.3,35.1,40.5,6.5,34.5,5.56,34.6,34.0,5.6,34.55,5.58,33.666666666666664,15.666666666666666,32.39,34.300000000000004,34.892079207920794
7,4,Gary Harris,0.0,DEN,LAL,-2.5,207.5,105.0,17,11.8,22.4,42.3,SG,5100,2,16.0,10.0,103,100,6%,14,10,10,33,34,33,22.4,22.1,14.0,30.3,32.9,12.3,2.4,23.8,4.66,22.3,32.5,4.4,23.05,4.53,33.333333333333336,11.333333333333334,22.369999999999997,25.5,22.47375
7,5,Brandon Ingram,0.0,NO,DAL,4.0,234.0,115.0,21,39.3,43.7,48.0,SF/PF,8100,1,29.0,22.0,103,107,6%,18,20,20,38,38,35,43.6,46.2,38.9,53.5,36.9,47.3,5.8,40.3,4.97,44.4,36.5,5.5,42.349999999999994,5.234999999999999,37.0,19.333333333333332,44.910000000000004,43.666666666666664,41.77770270270269
7,6,Pascal Siakam,0.0,TOR,MIA,-4.5,213.0,108.8,7,38.3,46.8,53.3,PF/C,8500,1,29.0,20.0,103,101,4%,22,21,21,37,37,37,46.8,45.8,35.6,56.0,39.0,32.0,3.8,42.3,4.97,45.3,37.5,5.3,43.8,5.135,37.0,21.333333333333332,45.6,46.133333333333326,44.39189189189189
7,7,Davis Bertans,0.0,WAS,ORL,-2.0,228.0,115.0,2,13.3,25.9,35.0,SF/PF,5300,1,16.0,16.0,100,102,-11%,8,9,9,28,27,28,25.9,25.0,16.2,33.8,40.0,35.3,6.7,25.5,4.81,33.2,34.5,6.3,29.35,5.555,27.666666666666668,8.666666666666666,26.05,24.733333333333334,36.59909638554217
8,0,Matthew Dellavedova,0.0,CLE,DET,3.0,216.5,106.8,14,2.8,7.0,15.5,PG/SG,3000,3,15.0,4.0,101,108,3%,3,3,3,12,11,14,7.0,8.2,3.9,12.6,3.3,2.0,0.7,8.8,2.92,7.6,10.5,2.5,8.2,2.71,12.333333333333334,3.0,7.979999999999999,8.433333333333334,6.981081081081079
8,1,DeMar DeRozan,0.0,SA,HOU,7.0,233.5,113.3,13,30.5,37.5,41.8,SG/SF,7200,1,27.0,20.0,108,106,9%,16,18,16,35,34,34,39.7,37.4,30.6,44.2,40.9,41.3,5.7,40.0,5.56,41.3,34.5,5.7,40.65,5.63,34.333333333333336,16.666666666666668,38.510000000000005,36.6,40.84733009708737
8,2,Kelly Olynyk,0.0,MIA,TOR,4.5,213.0,104.3,1,0.0,21.5,42.0,PF/C,4100,1,16.0,14.0,104,100,-8%,10,7,7,25,27,24,25.3,21.4,12.3,30.6,35.5,32.0,7.8,20.5,5.0,19.2,22.5,4.7,19.85,4.85,25.333333333333332,8.0,21.890000000000004,21.166666666666668,17.62993421052632
8,3,Moe Harkless,0.0,LAC,POR,-9.0,231.5,120.3,11,10.0,14.7,23.0,SF/PF,3300,1,11.0,10.0,105,108,7%,5,4,5,24,23,23,15.3,14.9,8.7,21.1,22.4,2.8,0.8,15.3,4.62,17.4,24.5,5.3,16.35,4.96,23.333333333333332,4.666666666666667,15.27,15.9,17.167500000000004
8,4,Duncan Robinson,0.0,MIA,TOR,4.5,213.0,104.3,7,10.8,19.5,25.5,SG/SF,4500,1,15.0,12.0,104,100,-3%,7,7,8,27,26,27,19.4,19.3,9.9,28.7,27.0,30.5,6.8,18.3,4.06,18.8,27.5,4.2,18.55,4.13,26.666666666666668,7.333333333333333,19.17,18.599999999999998,19.129687500000003
8,5,Isaac Bonga,0.0,WAS,ORL,-2.0,228.0,115.0,3,2.0,7.6,17.3,PG/SF,3000,1,11.0,11.0,100,102,-4%,5,2,3,18,10,15,7.3,10.6,3.7,17.5,17.1,12.5,4.2,16.8,5.58,19.1,25.5,6.4,17.950000000000003,5.99,14.333333333333334,3.3333333333333335,11.41,8.966666666666667,31.934302325581395
8,6,Patrick Patterson,0.0,LAC,POR,-9.0,231.5,120.3,11,1.3,6.7,13.5,PF/C,3000,1,14.0,10.0,105,108,-2%,3,3,4,8,6,14,6.7,9.8,2.9,16.7,25.6,36.5,12.2,2.5,0.83,9.8,14.0,3.3,6.15,2.065,9.333333333333334,3.3333333333333335,8.45,7.166666666666667,9.225
8,7,Seth Curry,0.0,DAL,NO,-4.0,234.0,119.0,25,4.3,11.7,16.5,PG/SG,3100,1,16.0,11.0,107,111,5%,6,6,6,18,19,22,11.7,14.0,5.5,22.6,27.1,27.5,8.9,14.0,4.52,12.8,19.0,4.1,13.4,4.31,19.666666666666668,6.0,13.440000000000001,10.833333333333334,12.945762711864408
9,0,Lou Williams,0.0,LAC,POR,-9.0,231.5,120.3,26,21.0,34.2,49.8,PG/SG,6400,1,31.0,20.0,105,108,-1%,10,13,16,25,28,32,34.1,36.3,26.7,45.8,25.3,25.0,3.9,34.5,5.39,35.7,31.0,5.6,35.1,5.494999999999999,28.333333333333332,13.0,35.6,35.0,38.40352941176471
9,1,Jalen Brunson,0.0,DAL,NO,-4.0,234.0,119.0,25,4.5,8.6,12.8,PG/SG,3000,1,22.0,15.0,107,111,7%,6,5,6,10,9,17,8.6,15.3,6.4,24.2,5.2,5.5,1.8,13.0,4.33,10.4,11.0,3.5,11.7,3.915,12.0,5.666666666666667,13.239999999999998,8.633333333333333,10.725
9,2,Thon Maker,0.0,DET,CLE,-3.0,216.5,109.8,2,2.0,7.6,17.5,PF/C,3000,1,13.0,11.0,102,111,1%,1,2,2,4,7,12,7.6,8.5,2.6,14.4,4.7,4.0,1.3,6.0,2.0,0.0,0.0,0.0,3.0,1.0,7.666666666666667,1.6666666666666667,7.220000000000001,9.033333333333333,0.0
9,3,Evan Fournier,0.0,ORL,WAS,2.0,228.0,113.0,14,26.0,35.9,41.0,SG/SF,6200,1,25.0,19.0,108,114,10%,15,18,14,34,36,31,35.6,30.6,20.9,40.3,35.1,40.5,6.5,34.5,5.56,34.6,34.0,5.6,34.55,5.58,33.666666666666664,15.666666666666666,32.39,34.300000000000004,34.892079207920794
9,4,Tim Hardaway Jr.,0.0,DAL,NO,-4.0,234.0,119.0,1,15.0,29.0,49.5,SG/SF,4600,1,21.0,14.0,107,111,4%,12,12,10,33,31,24,28.9,20.1,9.6,30.7,25.5,23.3,5.1,26.3,5.71,26.4,31.0,5.7,26.35,5.705,29.333333333333332,11.333333333333334,23.130000000000003,31.166666666666668,27.847159090909095
9,5,Montrezl Harrell,0.0,LAC,POR,-9.0,231.5,120.3,11,22.8,39.0,59.5,PF/C,6800,1,24.0,24.0,105,108,-2%,14,15,13,26,28,31,39.0,36.8,24.6,49.1,29.8,40.8,6.0,33.0,4.85,35.3,29.5,5.2,34.15,5.025,28.333333333333332,14.0,36.730000000000004,40.43333333333333,35.556176470588234
9,6,Larry Nance Jr.,0.0,CLE,DET,3.0,216.5,106.8,13,11.0,30.8,45.3,PF/C,5700,3,16.0,20.0,101,108,6%,8,9,8,26,28,27,30.8,26.2,16.7,35.7,26.5,23.5,4.1,28.3,4.96,25.1,25.5,4.4,26.700000000000003,4.68,27.0,8.333333333333334,27.220000000000006,29.03333333333333,25.216666666666672
9,7,Rajon Rondo,0.0,LAL,DEN,2.5,207.5,102.5,8,14.0,22.2,33.3,PG,4200,1,22.0,16.0,100,100,-9%,5,7,7,15,20,20,21.8,21.1,14.4,27.8,25.1,29.5,7.0,18.0,4.29,17.6,20.5,4.2,17.8,4.245,18.333333333333332,6.333333333333333,20.580000000000002,23.166666666666668,19.903636363636366
10,0,James Harden,0.0,HOU,SA,-7.0,233.5,120.3,6,50.3,64.7,85.3,PG/SG,12500,2,40.0,32.0,103,112,8%,23,20,25,33,37,37,64.7,64.1,52.3,76.0,48.5,78.3,6.3,66.5,5.32,64.5,37.0,5.2,65.5,5.26,35.666666666666664,22.666666666666668,64.52000000000001,66.76666666666667,67.94859813084112
10,1,Terence Davis,0.0,TOR,MIA,-4.5,213.0,108.8,15,13.3,19.3,29.0,PG/SG,4200,1,17.0,17.0,103,101,4%,6,8,5,19,21,16,19.3,15.5,4.4,26.6,14.8,6.8,1.6,19.0,4.52,0.0,0.0,0.0,9.5,2.26,18.666666666666668,6.333333333333333,15.059999999999999,20.533333333333335,0.0
10,2,Patrick Patterson,0.0,LAC,POR,-9.0,231.5,120.3,11,1.3,6.7,13.5,PF/C,3000,1,14.0,10.0,105,108,-2%,3,3,4,8,6,14,6.7,9.8,2.9,16.7,25.6,36.5,12.2,2.5,0.83,9.8,14.0,3.3,6.15,2.065,9.333333333333334,3.3333333333333335,8.45,7.166666666666667,9.225
10,3,OG Anunoby,0.0,TOR,MIA,-4.5,213.0,108.8,9,13.5,24.3,35.0,SF/PF,5100,1,14.0,14.0,103,101,-8%,5,8,9,33,32,32,24.3,26.9,16.8,37.0,21.2,14.8,2.9,23.0,4.51,25.1,32.5,4.9,24.05,4.705,32.333333333333336,7.333333333333333,25.810000000000002,24.266666666666666,24.17396907216495
10,4,Darius Garland,0.0,CLE,DET,3.0,216.5,106.8,14,15.0,22.2,33.3,PG,4500,3,22.0,7.0,101,108,3%,11,12,11,33,30,28,22.2,18.7,11.8,25.7,27.8,7.8,1.7,24.5,5.44,21.8,30.0,4.8,23.15,5.12,30.333333333333332,11.333333333333334,20.309999999999995,23.5,22.895604395604394
10,5,Tim Hardaway Jr.,0.0,DAL,NO,-4.0,234.0,119.0,1,15.0,29.0,49.5,SG/SF,4600,1,21.0,14.0,107,111,4%,12,12,10,33,31,24,28.9,20.1,9.6,30.7,25.5,23.3,5.1,26.3,5.71,26.4,31.0,5.7,26.35,5.705,29.333333333333332,11.333333333333334,23.130000000000003,31.166666666666668,27.847159090909095
10,6,Andre Drummond,0.0,DET,CLE,-3.0,216.5,109.8,30,31.5,42.6,52.3,C,9100,1,24.0,22.0,102,111,1%,10,9,13,32,34,34,42.5,48.8,35.9,61.8,30.9,58.5,6.4,50.3,5.52,49.8,35.0,5.5,50.05,5.51,33.333333333333336,10.666666666666666,47.81,42.13333333333333,52.552499999999995
10,7,Ante Zizic,0.0,CLE,DET,3.0,216.5,106.8,8,1.3,9.3,12.8,C,3000,3,0.0,0.0,101,108,6%,3,4,4,7,13,13,9.3,9.3,4.5,14.0,3.8,3.3,1.1,7.3,2.42,0.0,0.0,0.0,3.65,1.21,11.0,3.6666666666666665,8.15,7.800000000000001,0.0
11,0,Lonnie Walker IV,0.0,SA,HOU,7.0,233.5,113.3,19,0.0,7.7,21.0,PG/SF,3100,1,0.0,0.0,108,106,9%,6,5,3,9,8,6,7.7,4.6,-1.5,10.6,34.9,42.0,13.5,1.5,0.48,0.0,0.0,0.0,0.75,0.24,7.666666666666667,4.666666666666667,4.43,9.566666666666666,0.0
11,1,Patrick Beverley,0.0,LAC,POR,-9.0,231.5,120.3,26,15.0,24.2,36.8,PG/SG,4500,1,14.0,10.0,105,108,7%,6,6,7,30,29,30,24.1,24.3,12.9,35.7,28.3,25.0,5.6,24.8,5.5,25.1,31.5,5.6,24.950000000000003,5.55,29.666666666666668,6.333333333333333,24.390000000000004,25.333333333333332,26.49185393258427
11,2,Gary Clark,0.0,HOU,SA,-7.0,233.5,120.3,20,2.8,10.8,28.5,PF/C,3600,2,0.0,0.0,103,112,3%,8,4,3,27,12,11,10.8,9.0,-2.0,19.9,8.2,2.0,0.6,4.3,1.18,8.7,12.0,2.4,6.5,1.79,16.666666666666668,5.0,8.84,14.033333333333333,4.68
11,3,OG Anunoby,0.0,TOR,MIA,-4.5,213.0,108.8,9,13.5,24.3,35.0,SF/PF,5100,1,14.0,14.0,103,101,-8%,5,8,9,33,32,32,24.3,26.9,16.8,37.0,21.2,14.8,2.9,23.0,4.51,25.1,32.5,4.9,24.05,4.705,32.333333333333336,7.333333333333333,25.810000000000002,24.266666666666666,24.17396907216495
11,4,Dejounte Murray,0.0,SA,HOU,7.0,233.5,113.3,19,15.8,20.0,25.0,PG,4800,1,23.0,17.0,108,106,-7%,7,7,8,21,22,22,20.2,26.4,15.9,36.9,18.0,19.8,4.1,24.8,5.16,24.6,22.0,5.1,24.700000000000003,5.13,21.666666666666668,7.333333333333333,24.82,20.266666666666666,25.080000000000002
11,5,Justise Winslow,0.0,MIA,TOR,4.5,213.0,104.3,9,16.0,19.6,24.8,PG/SF,4900,1,21.0,9.0,104,100,-2%,9,9,13,28,30,34,19.9,29.0,16.0,42.0,34.6,36.8,7.5,28.8,5.87,26.1,30.5,5.3,27.450000000000003,5.585,30.666666666666668,10.333333333333334,26.870000000000005,20.133333333333336,27.300815217391307
11,6,Markieff Morris,0.0,DET,CLE,-3.0,216.5,109.8,2,10.8,17.4,22.0,PF/C,3700,1,20.0,13.0,102,111,-1%,6,7,9,19,21,24,17.4,19.8,12.5,27.2,16.6,22.8,6.2,15.5,4.19,14.0,17.5,3.8,14.75,3.995,21.333333333333332,7.333333333333333,18.330000000000002,16.733333333333334,12.099609375
11,7,Thabo Sefolosha,0.0,HOU,SA,-7.0,233.5,120.3,6,0.0,7.1,16.8,SF/PF,3300,2,11.0,9.0,103,112,9%,3,3,3,14,14,12,8.7,8.9,4.8,13.0,3.2,2.5,0.8,12.0,3.64,9.7,12.5,2.9,10.85,3.27,13.333333333333334,3.0,9.25,7.966666666666666,10.171875
12,0,Jrue Holiday,0.0,NO,DAL,4.0,234.0,115.0,23,32.8,44.0,60.5,PG/SG,7700,1,26.0,17.0,103,107,-6%,17,19,17,39,38,36,44.0,41.3,30.5,52.1,36.7,32.0,4.2,41.5,5.39,41.0,36.0,5.3,41.25,5.345,37.666666666666664,17.666666666666668,41.83,45.76666666666667,39.42477876106195
12,1,Kawhi Leonard,0.0,LAC,POR,-9.0,231.5,120.3,8,40.5,43.9,48.5,SG/SF,8700,1,36.0,26.0,105,108,7%,22,20,21,29,28,32,43.9,49.3,41.3,57.4,28.1,34.3,3.9,42.8,4.91,47.4,32.0,5.4,45.099999999999994,5.155,29.666666666666668,21.0,47.39999999999999,44.300000000000004,48.64719101123595
12,2,Kristaps Porzingis,0.0,DAL,NO,-4.0,234.0,119.0,12,25.0,35.9,51.8,PF/C,6500,1,25.0,16.0,107,111,6%,10,13,16,31,31,32,35.9,38.4,28.6,48.2,17.6,26.0,4.0,40.0,6.15,40.1,32.0,6.2,40.05,6.175000000000001,31.333333333333332,13.0,38.23,37.56666666666666,40.90212765957447
12,3,Norman Powell,0.0,TOR,MIA,-4.5,213.0,108.8,15,17.0,27.8,42.0,SG/SF,5400,1,18.0,14.0,103,101,-8%,15,13,10,36,31,28,27.8,22.9,13.4,32.4,34.1,38.0,7.0,22.3,4.12,21.6,27.5,4.0,21.950000000000003,4.0600000000000005,31.666666666666668,12.666666666666666,23.69,28.933333333333334,19.06184210526316
12,4,Jerome Robinson,0.0,LAC,POR,-9.0,231.5,120.3,8,2.0,10.5,20.3,SG,3100,1,17.0,7.0,105,108,-1%,6,5,4,17,15,12,10.4,8.4,-1.6,18.3,19.2,13.0,4.2,8.5,2.74,11.6,16.5,3.7,10.05,3.22,14.666666666666666,5.0,9.11,10.933333333333332,11.30625
12,5,DeMarre Carroll,0.0,SA,HOU,7.0,233.5,113.3,19,2.5,7.9,13.3,SF/PF,3000,1,0.0,0.0,108,106,11%,4,3,3,12,13,11,7.8,7.9,3.9,11.8,8.3,4.5,1.5,10.8,3.58,0.0,0.0,0.0,5.4,1.79,12.0,3.3333333333333335,7.359999999999999,7.900000000000001,0.0
12,6,Marc Gasol,0.0,TOR,MIA,-4.5,213.0,108.8,10,16.3,23.9,31.3,C,5000,1,13.0,8.0,103,101,-10%,7,6,6,29,29,29,23.9,23.0,16.4,29.6,33.1,23.3,4.7,24.0,4.8,21.6,27.5,4.3,22.8,4.55,29.0,6.333333333333333,23.14,23.833333333333332,21.620689655172413
12,7,JaVale McGee,0.0,LAL,DEN,2.5,207.5,102.5,6,10.0,19.8,37.8,C,4100,1,16.0,21.0,100,100,0%,6,4,5,19,17,17,20.0,19.6,8.0,31.2,14.5,13.0,3.2,17.3,4.21,17.5,16.5,4.3,17.4,4.255,17.666666666666668,5.0,19.24,22.53333333333333,16.250943396226415
13,0,Russell Westbrook,0.0,HOU,SA,-7.0,233.5,120.3,6,35.5,39.9,48.3,PG,8800,2,33.0,18.0,103,112,8%,16,19,20,32,34,34,40.3,46.4,33.6,59.1,48.4,55.0,6.3,50.3,5.71,47.7,34.5,5.4,49.0,5.555,33.333333333333336,18.333333333333332,45.67999999999999,41.233333333333334,50.714999999999996
13,1,Josh Hart,0.0,NO,DAL,4.0,234.0,115.0,4,17.3,27.3,38.3,SG/SF,5300,1,16.0,15.0,103,107,-2%,8,7,9,32,29,29,27.3,28.6,19.3,37.9,26.5,19.5,3.7,25.5,4.81,25.5,31.5,4.8,25.5,4.805,30.0,8.0,27.720000000000006,27.633333333333336,26.775
13,2,Justin Jackson,0.0,DAL,NO,-4.0,234.0,119.0,29,5.0,14.2,30.5,SF/PF,3000,1,17.0,16.0,107,111,4%,7,6,5,14,13,13,14.2,11.2,3.0,19.3,16.5,11.3,3.8,9.5,3.17,10.7,12.5,3.6,10.1,3.385,13.333333333333334,6.0,11.56,16.566666666666666,9.46875
13,3,Jordan Clarkson,0.0,CLE,DET,3.0,216.5,106.8,16,2.8,22.2,43.3,SG/SF,4400,3,27.0,19.0,101,108,3%,10,10,11,18,22,23,22.1,22.8,14.1,31.5,20.3,14.3,3.3,21.0,4.77,19.5,20.5,4.4,20.25,4.585,21.0,10.333333333333334,22.15,22.766666666666666,19.767857142857142
13,4,Norman Powell,0.0,TOR,MIA,-4.5,213.0,108.8,15,17.0,27.8,42.0,SG/SF,5400,1,18.0,14.0,103,101,-8%,15,13,10,36,31,28,27.8,22.9,13.4,32.4,34.1,38.0,7.0,22.3,4.12,21.6,27.5,4.0,21.950000000000003,4.0600000000000005,31.666666666666668,12.666666666666666,23.69,28.933333333333334,19.06184210526316
13,5,OG Anunoby,0.0,TOR,MIA,-4.5,213.0,108.8,9,13.5,24.3,35.0,SF/PF,5100,1,14.0,14.0,103,101,-8%,5,8,9,33,32,32,24.3,26.9,16.8,37.0,21.2,14.8,2.9,23.0,4.51,25.1,32.5,4.9,24.05,4.705,32.333333333333336,7.333333333333333,25.810000000000002,24.266666666666666,24.17396907216495
13,6,Jaxson Hayes,0.0,NO,DAL,4.0,234.0,115.0,17,14.8,20.2,25.3,C,4400,1,15.0,17.0,103,107,-4%,8,7,6,24,26,21,20.2,19.1,12.6,25.7,25.9,18.5,4.2,16.0,3.64,20.5,24.5,4.7,18.25,4.17,23.666666666666668,7.0,19.169999999999998,20.099999999999998,18.892605633802816
13,7,Sekou Doumbouya,0.0,DET,CLE,-3.0,216.5,109.8,18,0.0,2.0,4.0,SF/PF,3000,1,0.0,0.0,102,111,-1%,2,2,2,2,2,2,2.0,2.0,-0.8,4.8,3.8,4.5,1.5,4.0,1.33,0.0,0.0,0.0,2.0,0.665,2.0,2.0,2.0,2.0,0.0
14,0,Jordan McRae,0.0,WAS,ORL,-2.0,228.0,115.0,3,11.3,22.9,33.0,PG/SG,3800,1,21.0,16.0,100,102,-4%,10,11,8,20,22,19,22.9,19.0,10.1,28.0,26.2,21.8,5.7,18.3,4.8,20.3,22.0,5.3,19.3,5.05,20.333333333333332,9.666666666666666,19.86,22.400000000000002,20.881967213114756
14,1,Derrick Rose,0.0,DET,CLE,-3.0,216.5,109.8,24,15.0,27.9,34.3,PG/SG,5500,1,33.0,23.0,102,111,8%,10,13,13,20,22,23,27.9,28.6,20.1,37.2,21.8,28.0,5.1,26.0,4.73,26.7,24.0,4.9,26.35,4.815,21.666666666666668,12.0,28.03,25.73333333333333,29.18769230769231
14,2,Pascal Siakam,0.0,TOR,MIA,-4.5,213.0,108.8,7,38.3,46.8,53.3,PF/C,8500,1,29.0,20.0,103,101,4%,22,21,21,37,37,37,46.8,45.8,35.6,56.0,39.0,32.0,3.8,42.3,4.97,45.3,37.5,5.3,43.8,5.135,37.0,21.333333333333332,45.6,46.133333333333326,44.39189189189189
14,3,Josh Hart,0.0,NO,DAL,4.0,234.0,115.0,4,17.3,27.3,38.3,SG/SF,5300,1,16.0,15.0,103,107,-2%,8,7,9,32,29,29,27.3,28.6,19.3,37.9,26.5,19.5,3.7,25.5,4.81,25.5,31.5,4.8,25.5,4.805,30.0,8.0,27.720000000000006,27.633333333333336,26.775
14,4,Terence Davis,0.0,TOR,MIA,-4.5,213.0,108.8,15,13.3,19.3,29.0,PG/SG,4200,1,17.0,17.0,103,101,4%,6,8,5,19,21,16,19.3,15.5,4.4,26.6,14.8,6.8,1.6,19.0,4.52,0.0,0.0,0.0,9.5,2.26,18.666666666666668,6.333333333333333,15.059999999999999,20.533333333333335,0.0
14,5,Jimmy Butler,0.0,MIA,TOR,4.5,213.0,104.3,7,25.3,37.0,50.8,SG/SF,7600,1,26.0,24.0,104,100,0%,14,12,13,32,32,33,36.8,41.0,32.7,49.3,41.1,62.3,8.2,38.0,5.0,40.1,34.5,5.3,39.05,5.15,32.333333333333336,13.0,39.77,37.699999999999996,41.666752577319585
14,6,Tristan Thompson,0.0,CLE,DET,3.0,216.5,106.8,8,25.0,34.1,45.0,C,6000,3,20.0,20.0,101,108,-7%,10,11,12,31,31,32,33.5,36.2,26.7,45.7,30.2,30.5,5.1,32.0,5.33,32.2,31.0,5.4,32.1,5.365,31.333333333333332,11.0,34.839999999999996,34.699999999999996,31.75851063829787
14,7,Tim Frazier,0.0,DET,CLE,-3.0,216.5,109.8,24,0.8,6.7,15.0,PG,3000,1,22.0,6.0,102,111,8%,1,2,4,5,7,12,6.7,9.6,3.0,16.1,7.3,9.0,3.0,6.0,2.0,0.0,0.0,0.0,3.0,1.0,8.0,2.3333333333333335,7.6800000000000015,7.5,0.0
15,0,Bryn Forbes,0.0,SA,HOU,7.0,233.5,113.3,19,9.8,16.3,27.3,PG/SG,3800,1,20.0,12.0,108,106,9%,8,9,11,23,24,27,16.3,20.4,12.9,28.0,36.6,35.0,9.2,20.3,5.33,21.5,25.5,5.7,20.9,5.515000000000001,24.666666666666668,9.333333333333334,19.7,17.8,21.60608108108108
15,1,Fred VanVleet,0.0,TOR,MIA,-4.5,213.0,108.8,15,24.3,42.0,49.8,PG/SG,7500,1,23.0,17.0,103,101,-9%,15,15,15,37,37,38,42.0,39.1,29.2,49.0,43.4,36.3,4.8,35.8,4.77,37.1,36.5,4.9,36.45,4.835,37.333333333333336,15.0,39.15,38.699999999999996,35.636383928571426
15,2,Kristaps Porzingis,0.0,DAL,NO,-4.0,234.0,119.0,12,25.0,35.9,51.8,PF/C,6500,1,25.0,16.0,107,111,6%,10,13,16,31,31,32,35.9,38.4,28.6,48.2,17.6,26.0,4.0,40.0,6.15,40.1,32.0,6.2,40.05,6.175000000000001,31.333333333333332,13.0,38.23,37.56666666666666,40.90212765957447
15,3,Danny Green,0.0,LAL,DEN,2.5,207.5,102.5,22,7.0,16.4,22.8,SG/SF,4000,1,14.0,11.0,100,100,-3%,8,7,7,24,25,25,16.4,18.3,9.2,27.5,31.0,24.8,6.2,16.8,4.19,17.0,26.5,4.3,16.9,4.245,24.666666666666668,7.333333333333333,17.660000000000004,15.4,18.156081081081076
15,4,Isaac Bonga,0.0,WAS,ORL,-2.0,228.0,115.0,3,2.0,7.6,17.3,PG/SF,3000,1,11.0,11.0,100,102,-4%,5,2,3,18,10,15,7.3,10.6,3.7,17.5,17.1,12.5,4.2,16.8,5.58,19.1,25.5,6.4,17.950000000000003,5.99,14.333333333333334,3.3333333333333335,11.41,8.966666666666667,31.934302325581395
15,5,Drew Eubanks,0.0,SA,HOU,7.0,233.5,113.3,21,0.0,5.9,21.5,PF/C,3200,1,0.0,0.0,108,106,2%,4,3,3,11,8,8,8.3,8.3,-3.3,19.8,6.3,5.5,1.7,7.0,2.19,12.2,14.0,3.8,9.6,2.995,9.0,3.3333333333333335,8.540000000000003,9.133333333333333,14.933333333333334
15,6,Rui Hachimura,0.0,WAS,ORL,-2.0,228.0,115.0,25,15.5,25.7,48.8,PF/C,5200,1,20.0,15.0,100,102,-2%,19,13,12,32,28,27,25.6,24.5,14.1,34.8,38.5,28.0,5.4,29.5,5.67,35.1,37.5,6.8,32.3,6.234999999999999,29.0,14.666666666666666,26.26,30.0,41.76724137931034
15,7,Jordan Clarkson,0.0,CLE,DET,3.0,216.5,106.8,16,2.8,22.2,43.3,SG/SF,4400,3,27.0,19.0,101,108,3%,10,10,11,18,22,23,22.1,22.8,14.1,31.5,20.3,14.3,3.3,21.0,4.77,19.5,20.5,4.4,20.25,4.585,21.0,10.333333333333334,22.15,22.766666666666666,19.767857142857142
16,0,Jrue Holiday,0.0,NO,DAL,4.0,234.0,115.0,23,32.8,44.0,60.5,PG/SG,7700,1,26.0,17.0,103,107,-6%,17,19,17,39,38,36,44.0,41.3,30.5,52.1,36.7,32.0,4.2,41.5,5.39,41.0,36.0,5.3,41.25,5.345,37.666666666666664,17.666666666666668,41.83,45.76666666666667,39.42477876106195
16,1,Norman Powell,0.0,TOR,MIA,-4.5,213.0,108.8,15,17.0,27.8,42.0,SG/SF,5400,1,18.0,14.0,103,101,-8%,15,13,10,36,31,28,27.8,22.9,13.4,32.4,34.1,38.0,7.0,22.3,4.12,21.6,27.5,4.0,21.950000000000003,4.0600000000000005,31.666666666666668,12.666666666666666,23.69,28.933333333333334,19.06184210526316
16,2,Kevin Love,0.0,CLE,DET,3.0,216.5,106.8,13,16.8,27.6,46.3,PF/C,7000,3,23.0,19.0,101,108,6%,10,10,12,28,28,32,27.6,38.0,25.6,50.5,21.5,20.0,2.9,36.8,5.25,36.7,31.5,5.2,36.75,5.225,29.333333333333332,10.666666666666666,35.69,30.233333333333334,39.46448863636364
16,3,Terance Mann,0.0,LAC,POR,-9.0,231.5,120.3,8,0.0,5.7,13.8,SG/SF,3000,1,14.0,11.0,105,108,7%,2,2,2,9,8,9,5.7,6.4,-2.6,15.3,10.3,9.3,3.1,2.5,0.83,0.0,0.0,0.0,1.25,0.415,8.666666666666666,2.0,5.21,6.5,0.0
16,4,CJ McCollum,0.0,POR,LAC,9.0,231.5,111.3,17,31.5,41.7,68.0,PG/SG,7100,3,26.0,16.0,105,103,-4%,15,20,20,35,36,37,43.4,37.1,24.7,49.5,28.6,31.3,4.4,34.8,4.89,34.4,36.5,4.8,34.599999999999994,4.845,36.0,18.333333333333332,37.86,47.06666666666666,35.08055555555555
16,5,Larry Nance Jr.,0.0,CLE,DET,3.0,216.5,106.8,13,11.0,30.8,45.3,PF/C,5700,3,16.0,20.0,101,108,6%,8,9,8,26,28,27,30.8,26.2,16.7,35.7,26.5,23.5,4.1,28.3,4.96,25.1,25.5,4.4,26.700000000000003,4.68,27.0,8.333333333333334,27.220000000000006,29.03333333333333,25.216666666666672
16,6,Ante Zizic,0.0,CLE,DET,3.0,216.5,106.8,8,1.3,9.3,12.8,C,3000,3,0.0,0.0,101,108,6%,3,4,4,7,13,13,9.3,9.3,4.5,14.0,3.8,3.3,1.1,7.3,2.42,0.0,0.0,0.0,3.65,1.21,11.0,3.6666666666666665,8.15,7.800000000000001,0.0
16,7,Skal Labissiere,0.0,POR,LAC,9.0,231.5,111.3,28,13.0,24.5,56.0,PF/C,4100,3,16.0,17.0,105,103,-9%,3,7,5,19,21,17,24.4,16.6,5.1,28.1,22.4,22.8,5.6,17.3,4.21,17.6,19.0,4.3,17.450000000000003,4.255,19.0,5.0,18.33,31.166666666666668,17.450000000000003
17,0,Terence Davis,0.0,TOR,MIA,-4.5,213.0,108.8,15,13.3,19.3,29.0,PG/SG,4200,1,17.0,17.0,103,101,4%,6,8,5,19,21,16,19.3,15.5,4.4,26.6,14.8,6.8,1.6,19.0,4.52,0.0,0.0,0.0,9.5,2.26,18.666666666666668,6.333333333333333,15.059999999999999,20.533333333333335,0.0
17,1,Rodney Hood,0.0,POR,LAC,9.0,231.5,111.3,9,22.3,26.0,30.5,SG/SF,4500,3,14.0,14.0,105,103,-4%,9,8,9,31,31,32,26.0,22.9,16.0,29.7,28.4,7.3,1.6,22.5,5.0,20.3,31.5,4.5,21.4,4.75,31.333333333333332,8.666666666666666,23.2,26.266666666666666,21.51382978723404
17,2,Larry Nance Jr.,0.0,CLE,DET,3.0,216.5,106.8,13,11.0,30.8,45.3,PF/C,5700,3,16.0,20.0,101,108,6%,8,9,8,26,28,27,30.8,26.2,16.7,35.7,26.5,23.5,4.1,28.3,4.96,25.1,25.5,4.4,26.700000000000003,4.68,27.0,8.333333333333334,27.220000000000006,29.03333333333333,25.216666666666672
17,3,Norman Powell,0.0,TOR,MIA,-4.5,213.0,108.8,15,17.0,27.8,42.0,SG/SF,5400,1,18.0,14.0,103,101,-8%,15,13,10,36,31,28,27.8,22.9,13.4,32.4,34.1,38.0,7.0,22.3,4.12,21.6,27.5,4.0,21.950000000000003,4.0600000000000005,31.666666666666668,12.666666666666666,23.69,28.933333333333334,19.06184210526316
17,4,Isaac Bonga,0.0,WAS,ORL,-2.0,228.0,115.0,3,2.0,7.6,17.3,PG/SF,3000,1,11.0,11.0,100,102,-4%,5,2,3,18,10,15,7.3,10.6,3.7,17.5,17.1,12.5,4.2,16.8,5.58,19.1,25.5,6.4,17.950000000000003,5.99,14.333333333333334,3.3333333333333335,11.41,8.966666666666667,31.934302325581395
17,5,Paul George,0.0,LAC,POR,-9.0,231.5,120.3,11,17.5,36.2,47.0,SF/PF,8200,1,32.0,22.0,105,108,7%,16,18,17,31,30,30,36.2,40.3,29.6,51.1,28.8,36.5,4.5,43.8,5.34,45.1,32.5,5.5,44.45,5.42,30.333333333333332,17.0,40.33,33.56666666666667,47.62500000000001
17,6,Andre Drummond,0.0,DET,CLE,-3.0,216.5,109.8,30,31.5,42.6,52.3,C,9100,1,24.0,22.0,102,111,1%,10,9,13,32,34,34,42.5,48.8,35.9,61.8,30.9,58.5,6.4,50.3,5.52,49.8,35.0,5.5,50.05,5.51,33.333333333333336,10.666666666666666,47.81,42.13333333333333,52.552499999999995
17,7,Russell Westbrook,0.0,HOU,SA,-7.0,233.5,120.3,6,35.5,39.9,48.3,PG,8800,2,33.0,18.0,103,112,8%,16,19,20,32,34,34,40.3,46.4,33.6,59.1,48.4,55.0,6.3,50.3,5.71,47.7,34.5,5.4,49.0,5.555,33.333333333333336,18.333333333333332,45.67999999999999,41.233333333333334,50.714999999999996
18,0,CJ McCollum,0.0,POR,LAC,9.0,231.5,111.3,17,31.5,41.7,68.0,PG/SG,7100,3,26.0,16.0,105,103,-4%,15,20,20,35,36,37,43.4,37.1,24.7,49.5,28.6,31.3,4.4,34.8,4.89,34.4,36.5,4.8,34.599999999999994,4.845,36.0,18.333333333333332,37.86,47.06666666666666,35.08055555555555
18,1,Gary Harris,0.0,DEN,LAL,-2.5,207.5,105.0,17,11.8,22.4,42.3,SG,5100,2,16.0,10.0,103,100,6%,14,10,10,33,34,33,22.4,22.1,14.0,30.3,32.9,12.3,2.4,23.8,4.66,22.3,32.5,4.4,23.05,4.53,33.333333333333336,11.333333333333334,22.369999999999997,25.5,22.47375
18,2,Pascal Siakam,0.0,TOR,MIA,-4.5,213.0,108.8,7,38.3,46.8,53.3,PF/C,8500,1,29.0,20.0,103,101,4%,22,21,21,37,37,37,46.8,45.8,35.6,56.0,39.0,32.0,3.8,42.3,4.97,45.3,37.5,5.3,43.8,5.135,37.0,21.333333333333332,45.6,46.133333333333326,44.39189189189189
18,3,Nassir Little,0.0,POR,LAC,9.0,231.5,111.3,5,3.5,9.2,13.8,SF/PF,3000,3,14.0,10.0,105,103,-9%,2,3,4,11,14,16,9.2,12.1,1.9,22.2,16.1,5.3,1.8,7.0,2.33,9.8,13.0,3.3,8.4,2.815,13.666666666666666,3.0,10.76,8.833333333333334,7.990243902439026
18,4,Josh Hart,0.0,NO,DAL,4.0,234.0,115.0,4,17.3,27.3,38.3,SG/SF,5300,1,16.0,15.0,103,107,-2%,8,7,9,32,29,29,27.3,28.6,19.3,37.9,26.5,19.5,3.7,25.5,4.81,25.5,31.5,4.8,25.5,4.805,30.0,8.0,27.720000000000006,27.633333333333336,26.775
18,5,Kristaps Porzingis,0.0,DAL,NO,-4.0,234.0,119.0,12,25.0,35.9,51.8,PF/C,6500,1,25.0,16.0,107,111,6%,10,13,16,31,31,32,35.9,38.4,28.6,48.2,17.6,26.0,4.0,40.0,6.15,40.1,32.0,6.2,40.05,6.175000000000001,31.333333333333332,13.0,38.23,37.56666666666666,40.90212765957447
18,6,Thon Maker,0.0,DET,CLE,-3.0,216.5,109.8,2,2.0,7.6,17.5,PF/C,3000,1,13.0,11.0,102,111,1%,1,2,2,4,7,12,7.6,8.5,2.6,14.4,4.7,4.0,1.3,6.0,2.0,0.0,0.0,0.0,3.0,1.0,7.666666666666667,1.6666666666666667,7.220000000000001,9.033333333333333,0.0
18,7,Bryn Forbes,0.0,SA,HOU,7.0,233.5,113.3,19,9.8,16.3,27.3,PG/SG,3800,1,20.0,12.0,108,106,9%,8,9,11,23,24,27,16.3,20.4,12.9,28.0,36.6,35.0,9.2,20.3,5.33,21.5,25.5,5.7,20.9,5.515000000000001,24.666666666666668,9.333333333333334,19.7,17.8,21.60608108108108
19,0,Jordan McRae,0.0,WAS,ORL,-2.0,228.0,115.0,3,11.3,22.9,33.0,PG/SG,3800,1,21.0,16.0,100,102,-4%,10,11,8,20,22,19,22.9,19.0,10.1,28.0,26.2,21.8,5.7,18.3,4.8,20.3,22.0,5.3,19.3,5.05,20.333333333333332,9.666666666666666,19.86,22.400000000000002,20.881967213114756
19,1,Gary Harris,0.0,DEN,LAL,-2.5,207.5,105.0,17,11.8,22.4,42.3,SG,5100,2,16.0,10.0,103,100,6%,14,10,10,33,34,33,22.4,22.1,14.0,30.3,32.9,12.3,2.4,23.8,4.66,22.3,32.5,4.4,23.05,4.53,33.333333333333336,11.333333333333334,22.369999999999997,25.5,22.47375
19,2,Montrezl Harrell,0.0,LAC,POR,-9.0,231.5,120.3,11,22.8,39.0,59.5,PF/C,6800,1,24.0,24.0,105,108,-2%,14,15,13,26,28,31,39.0,36.8,24.6,49.1,29.8,40.8,6.0,33.0,4.85,35.3,29.5,5.2,34.15,5.025,28.333333333333332,14.0,36.730000000000004,40.43333333333333,35.556176470588234
19,3,Tony Snell,0.0,DET,CLE,-3.0,216.5,109.8,26,1.3,8.0,17.0,SG/SF,3100,1,12.0,11.0,102,111,3%,5,5,7,19,23,27,12.7,15.7,8.6,22.9,22.0,5.8,1.9,14.3,4.6,13.1,23.0,4.2,13.7,4.4,23.0,5.666666666666667,14.719999999999999,8.766666666666667,13.7
19,4,Kawhi Leonard,0.0,LAC,POR,-9.0,231.5,120.3,8,40.5,43.9,48.5,SG/SF,8700,1,36.0,26.0,105,108,7%,22,20,21,29,28,32,43.9,49.3,41.3,57.4,28.1,34.3,3.9,42.8,4.91,47.4,32.0,5.4,45.099999999999994,5.155,29.666666666666668,21.0,47.39999999999999,44.300000000000004,48.64719101123595
19,5,Markieff Morris,0.0,DET,CLE,-3.0,216.5,109.8,2,10.8,17.4,22.0,PF/C,3700,1,20.0,13.0,102,111,-1%,6,7,9,19,21,24,17.4,19.8,12.5,27.2,16.6,22.8,6.2,15.5,4.19,14.0,17.5,3.8,14.75,3.995,21.333333333333332,7.333333333333333,18.330000000000002,16.733333333333334,12.099609375
19,6,Paul Millsap,0.0,DEN,LAL,-2.5,207.5,105.0,24,9.5,24.1,34.0,PF/C,5300,2,20.0,20.0,103,100,-12%,7,9,9,20,25,26,24.1,26.3,16.9,35.6,30.0,37.5,7.1,22.8,4.29,24.2,25.5,4.6,23.5,4.445,23.666666666666668,8.333333333333334,25.28,22.53333333333333,25.320422535211264
19,7,Derrick White,0.0,SA,HOU,7.0,233.5,113.3,19,16.8,20.5,26.8,PG/SG,4300,1,18.0,14.0,108,106,-7%,8,7,8,26,25,25,20.2,20.7,13.7,27.6,25.7,17.8,4.1,22.5,5.23,21.6,25.5,5.0,22.05,5.115,25.333333333333332,7.666666666666667,20.85,21.366666666666664,22.195065789473684
21,0,Jordan McRae,0.0,WAS,ORL,-2.0,228.0,115.0,3,11.3,22.9,33.0,PG/SG,3800,1,21.0,16.0,100,102,-4%,10,11,8,20,22,19,22.9,19.0,10.1,28.0,26.2,21.8,5.7,18.3,4.8,20.3,22.0,5.3,19.3,5.05,20.333333333333332,9.666666666666666,19.86,22.400000000000002,20.881967213114756
21,1,Josh Hart,0.0,NO,DAL,4.0,234.0,115.0,4,17.3,27.3,38.3,SG/SF,5300,1,16.0,15.0,103,107,-2%,8,7,9,32,29,29,27.3,28.6,19.3,37.9,26.5,19.5,3.7,25.5,4.81,25.5,31.5,4.8,25.5,4.805,30.0,8.0,27.720000000000006,27.633333333333336,26.775
21,2,OG Anunoby,0.0,TOR,MIA,-4.5,213.0,108.8,9,13.5,24.3,35.0,SF/PF,5100,1,14.0,14.0,103,101,-8%,5,8,9,33,32,32,24.3,26.9,16.8,37.0,21.2,14.8,2.9,23.0,4.51,25.1,32.5,4.9,24.05,4.705,32.333333333333336,7.333333333333333,25.810000000000002,24.266666666666666,24.17396907216495
21,3,Evan Fournier,0.0,ORL,WAS,2.0,228.0,113.0,14,26.0,35.9,41.0,SG/SF,6200,1,25.0,19.0,108,114,10%,15,18,14,34,36,31,35.6,30.6,20.9,40.3,35.1,40.5,6.5,34.5,5.56,34.6,34.0,5.6,34.55,5.58,33.666666666666664,15.666666666666666,32.39,34.300000000000004,34.892079207920794
21,4,Terrence Ross,0.0,ORL,WAS,2.0,228.0,113.0,14,15.0,22.3,31.0,SG/SF,5100,1,22.0,12.0,108,114,12%,12,12,11,28,27,24,22.3,20.0,13.8,26.1,18.4,19.3,3.8,27.0,5.29,24.3,26.5,4.8,25.65,5.045,26.333333333333332,11.666666666666666,21.57,22.766666666666666,25.8123417721519
21,5,Mfiondu Kabengele,0.0,LAC,POR,-9.0,231.5,120.3,11,0.0,4.1,13.5,PF/C,3000,1,0.0,0.0,105,108,-2%,4,2,2,6,4,4,4.0,4.0,-2.0,10.1,4.0,3.5,1.2,5.0,1.67,0.0,0.0,0.0,2.5,0.835,4.666666666666667,2.6666666666666665,3.72,5.866666666666667,0.0
21,6,Paul Millsap,0.0,DEN,LAL,-2.5,207.5,105.0,24,9.5,24.1,34.0,PF/C,5300,2,20.0,20.0,103,100,-12%,7,9,9,20,25,26,24.1,26.3,16.9,35.6,30.0,37.5,7.1,22.8,4.29,24.2,25.5,4.6,23.5,4.445,23.666666666666668,8.333333333333334,25.28,22.53333333333333,25.320422535211264
21,7,Kent Bazemore,0.0,POR,LAC,9.0,231.5,111.3,9,3.5,13.5,27.5,SG/SF,3300,3,18.0,8.0,105,103,-4%,5,5,7,18,18,23,13.5,18.5,10.6,26.4,18.6,24.5,7.4,18.3,5.53,15.2,19.0,4.6,16.75,5.0649999999999995,19.666666666666668,5.666666666666667,17.15,14.833333333333334,16.18220338983051
22,0,Patrick Beverley,0.0,LAC,POR,-9.0,231.5,120.3,26,15.0,24.2,36.8,PG/SG,4500,1,14.0,10.0,105,108,7%,6,6,7,30,29,30,24.1,24.3,12.9,35.7,28.3,25.0,5.6,24.8,5.5,25.1,31.5,5.6,24.950000000000003,5.55,29.666666666666668,6.333333333333333,24.390000000000004,25.333333333333332,26.49185393258427
22,1,Langston Galloway,0.0,DET,CLE,-3.0,216.5,109.8,24,13.0,18.5,26.8,PG/SG,3900,1,17.0,14.0,102,111,3%,5,8,9,24,31,28,18.5,20.1,13.0,27.3,22.2,22.0,5.6,18.8,4.81,15.4,22.0,3.9,17.1,4.3549999999999995,27.666666666666668,7.333333333333333,19.2,19.433333333333334,13.597590361445782
22,2,Mason Plumlee,0.0,DEN,LAL,-2.5,207.5,105.0,24,8.0,19.1,29.8,PF/C,3800,2,21.0,19.0,103,100,-17%,6,6,5,20,17,17,19.1,19.3,12.7,26.0,13.6,17.5,4.6,17.8,4.67,16.1,16.0,4.2,16.950000000000003,4.4350000000000005,18.0,5.666666666666667,18.810000000000002,18.96666666666667,15.06666666666667
22,3,Davis Bertans,0.0,WAS,ORL,-2.0,228.0,115.0,2,13.3,25.9,35.0,SF/PF,5300,1,16.0,16.0,100,102,-11%,8,9,9,28,27,28,25.9,25.0,16.2,33.8,40.0,35.3,6.7,25.5,4.81,33.2,34.5,6.3,29.35,5.555,27.666666666666668,8.666666666666666,26.05,24.733333333333334,36.59909638554217
22,4,Terence Davis,0.0,TOR,MIA,-4.5,213.0,108.8,15,13.3,19.3,29.0,PG/SG,4200,1,17.0,17.0,103,101,4%,6,8,5,19,21,16,19.3,15.5,4.4,26.6,14.8,6.8,1.6,19.0,4.52,0.0,0.0,0.0,9.5,2.26,18.666666666666668,6.333333333333333,15.059999999999999,20.533333333333335,0.0
22,5,Justise Winslow,0.0,MIA,TOR,4.5,213.0,104.3,9,16.0,19.6,24.8,PG/SF,4900,1,21.0,9.0,104,100,-2%,9,9,13,28,30,34,19.9,29.0,16.0,42.0,34.6,36.8,7.5,28.8,5.87,26.1,30.5,5.3,27.450000000000003,5.585,30.666666666666668,10.333333333333334,26.870000000000005,20.133333333333336,27.300815217391307
22,6,Dwight Howard,0.0,LAL,DEN,2.5,207.5,102.5,6,1.3,15.1,24.8,C,3800,1,12.0,17.0,100,100,0%,5,3,4,22,20,20,17.3,20.3,11.7,29.0,19.1,24.0,6.3,18.0,4.74,18.0,19.0,4.7,18.0,4.720000000000001,20.666666666666668,4.0,19.259999999999998,13.733333333333334,16.548387096774192
22,7,Dejounte Murray,0.0,SA,HOU,7.0,233.5,113.3,19,15.8,20.0,25.0,PG,4800,1,23.0,17.0,108,106,-7%,7,7,8,21,22,22,20.2,26.4,15.9,36.9,18.0,19.8,4.1,24.8,5.16,24.6,22.0,5.1,24.700000000000003,5.13,21.666666666666668,7.333333333333333,24.82,20.266666666666666,25.080000000000002
23,0,Damian Lillard,0.0,POR,LAC,9.0,231.5,111.3,17,37.0,41.4,47.0,PG,8400,3,29.0,25.0,105,103,5%,17,17,20,33,36,38,41.5,48.4,38.0,58.7,29.9,31.0,3.7,46.0,5.48,45.3,36.5,5.4,45.65,5.44,35.666666666666664,18.0,46.45,41.800000000000004,46.71658878504673
23,1,Kentavious Caldwell-Pope,0.0,LAL,DEN,2.5,207.5,102.5,22,11.8,16.4,23.3,SG/SF,3600,1,15.0,10.0,100,100,-3%,7,7,7,26,28,24,16.4,15.5,8.1,23.0,32.4,16.8,4.7,17.0,4.72,17.7,29.0,4.9,17.35,4.8100000000000005,26.0,7.0,16.07,17.166666666666668,19.35192307692308
23,2,Jonathan Isaac,0.0,ORL,WAS,2.0,228.0,113.0,13,23.0,35.8,51.8,SF/PF,6900,1,19.0,19.0,108,114,1%,11,13,11,31,30,31,35.8,34.0,23.2,44.9,37.4,26.5,3.8,33.5,4.86,34.3,31.0,5.0,33.9,4.93,30.666666666666668,11.666666666666666,34.36,36.86666666666667,34.268478260869564
23,3,Justise Winslow,0.0,MIA,TOR,4.5,213.0,104.3,9,16.0,19.6,24.8,PG/SF,4900,1,21.0,9.0,104,100,-2%,9,9,13,28,30,34,19.9,29.0,16.0,42.0,34.6,36.8,7.5,28.8,5.87,26.1,30.5,5.3,27.450000000000003,5.585,30.666666666666668,10.333333333333334,26.870000000000005,20.133333333333336,27.300815217391307
23,4,Lonzo Ball,0.0,NO,DAL,4.0,234.0,115.0,23,15.5,22.6,31.5,PG,5400,1,22.0,13.0,103,107,-6%,12,11,11,27,24,28,22.6,28.1,19.2,36.9,30.2,18.5,3.4,28.5,5.28,31.1,31.5,5.8,29.8,5.54,26.333333333333332,11.333333333333334,27.32,23.2,35.64683544303798
23,5,Terrence Ross,0.0,ORL,WAS,2.0,228.0,113.0,14,15.0,22.3,31.0,SG/SF,5100,1,22.0,12.0,108,114,12%,12,12,11,28,27,24,22.3,20.0,13.8,26.1,18.4,19.3,3.8,27.0,5.29,24.3,26.5,4.8,25.65,5.045,26.333333333333332,11.666666666666666,21.57,22.766666666666666,25.8123417721519
23,6,Tyson Chandler,0.0,HOU,SA,-7.0,233.5,120.3,14,0.0,3.6,6.8,C,3200,2,7.0,13.0,103,112,0%,1,0,1,9,7,9,3.6,6.9,0.5,13.4,7.3,4.5,1.4,5.5,1.72,0.0,0.0,0.0,2.75,0.86,8.333333333333334,0.6666666666666666,5.43,3.466666666666667,0.0
23,7,Nikola Jokic,0.0,DEN,LAL,-2.5,207.5,105.0,1,28.5,42.5,62.5,C,8900,2,26.0,19.0,103,100,-17%,10,13,14,31,32,31,42.8,41.1,28.9,53.3,34.4,34.8,3.9,46.8,5.25,42.9,32.0,4.8,44.849999999999994,5.025,31.333333333333332,12.333333333333334,42.19,44.5,45.80425531914893
24,0,Lonnie Walker IV,0.0,SA,HOU,7.0,233.5,113.3,19,0.0,7.7,21.0,PG/SF,3100,1,0.0,0.0,108,106,9%,6,5,3,9,8,6,7.7,4.6,-1.5,10.6,34.9,42.0,13.5,1.5,0.48,0.0,0.0,0.0,0.75,0.24,7.666666666666667,4.666666666666667,4.43,9.566666666666666,0.0
24,1,Malik Beasley,0.0,DEN,LAL,-2.5,207.5,105.0,20,2.0,11.3,19.0,PG/SG,3300,2,20.0,10.0,103,100,6%,7,4,6,20,12,16,11.3,11.8,4.2,19.3,13.3,6.0,1.8,14.8,4.47,13.3,17.0,4.0,14.05,4.234999999999999,16.0,5.666666666666667,12.13,10.766666666666666,14.928125000000001
24,2,Nassir Little,0.0,POR,LAC,9.0,231.5,111.3,5,3.5,9.2,13.8,SF/PF,3000,3,14.0,10.0,105,103,-9%,2,3,4,11,14,16,9.2,12.1,1.9,22.2,16.1,5.3,1.8,7.0,2.33,9.8,13.0,3.3,8.4,2.815,13.666666666666666,3.0,10.76,8.833333333333334,7.990243902439026
24,3,Jimmy Butler,0.0,MIA,TOR,4.5,213.0,104.3,7,25.3,37.0,50.8,SG/SF,7600,1,26.0,24.0,104,100,0%,14,12,13,32,32,33,36.8,41.0,32.7,49.3,41.1,62.3,8.2,38.0,5.0,40.1,34.5,5.3,39.05,5.15,32.333333333333336,13.0,39.77,37.699999999999996,41.666752577319585
24,4,Derrick Walton Jr.,0.0,LAC,POR,-9.0,231.5,120.3,26,0.0,1.6,4.5,PG,3000,1,0.0,0.0,105,108,7%,1,1,1,5,4,4,1.6,1.6,-0.6,3.8,4.0,1.5,0.5,12.0,4.0,0.0,0.0,0.0,6.0,2.0,4.333333333333333,1.0,2.48,2.033333333333333,0.0
24,5,Juancho Hernangomez,0.0,DEN,LAL,-2.5,207.5,105.0,8,0.3,7.1,16.0,SF/PF,3000,2,13.0,8.0,103,100,-12%,2,2,3,10,13,13,7.0,8.2,-0.1,16.4,12.3,8.5,2.8,8.8,2.92,6.8,10.0,2.3,7.800000000000001,2.61,12.0,2.3333333333333335,7.859999999999999,7.8,6.5
24,6,Larry Nance Jr.,0.0,CLE,DET,3.0,216.5,106.8,13,11.0,30.8,45.3,PF/C,5700,3,16.0,20.0,101,108,6%,8,9,8,26,28,27,30.8,26.2,16.7,35.7,26.5,23.5,4.1,28.3,4.96,25.1,25.5,4.4,26.700000000000003,4.68,27.0,8.333333333333334,27.220000000000006,29.03333333333333,25.216666666666672
24,7,Kelly Olynyk,0.0,MIA,TOR,4.5,213.0,104.3,1,0.0,21.5,42.0,PF/C,4100,1,16.0,14.0,104,100,-8%,10,7,7,25,27,24,25.3,21.4,12.3,30.6,35.5,32.0,7.8,20.5,5.0,19.2,22.5,4.7,19.85,4.85,25.333333333333332,8.0,21.890000000000004,21.166666666666668,17.62993421052632
25,0,Austin Rivers,0.0,HOU,SA,-7.0,233.5,120.3,6,8.3,15.2,30.5,PG/SG,4000,2,14.0,9.0,103,112,8%,8,7,7,25,27,24,15.2,14.7,7.5,21.8,39.8,30.5,7.6,18.0,4.5,17.5,28.0,4.4,17.75,4.45,25.333333333333332,7.333333333333333,15.39,18.0,19.61842105263158
25,1,Kendrick Nunn,0.0,MIA,TOR,4.5,213.0,104.3,9,13.8,21.5,31.5,PG/SG,4900,1,24.0,14.0,104,100,-3%,16,12,14,27,27,29,21.5,26.9,17.8,36.0,38.7,23.3,4.8,25.8,5.26,24.1,29.0,4.9,24.950000000000003,5.08,27.666666666666668,14.0,25.43,22.266666666666666,26.152409638554218
25,2,Kevin Love,0.0,CLE,DET,3.0,216.5,106.8,13,16.8,27.6,46.3,PF/C,7000,3,23.0,19.0,101,108,6%,10,10,12,28,28,32,27.6,38.0,25.6,50.5,21.5,20.0,2.9,36.8,5.25,36.7,31.5,5.2,36.75,5.225,29.333333333333332,10.666666666666666,35.69,30.233333333333334,39.46448863636364
25,3,Paul George,0.0,LAC,POR,-9.0,231.5,120.3,11,17.5,36.2,47.0,SF/PF,8200,1,32.0,22.0,105,108,7%,16,18,17,31,30,30,36.2,40.3,29.6,51.1,28.8,36.5,4.5,43.8,5.34,45.1,32.5,5.5,44.45,5.42,30.333333333333332,17.0,40.33,33.56666666666667,47.62500000000001
25,4,Markelle Fultz,0.0,ORL,WAS,2.0,228.0,113.0,27,23.8,29.2,34.5,PG/SG,5500,1,22.0,16.0,108,114,4%,12,12,10,30,29,25,29.1,22.8,17.1,28.5,31.2,34.8,6.3,29.0,5.27,28.3,29.0,5.1,28.65,5.185,28.0,11.333333333333334,25.23,29.166666666666668,29.673214285714284
25,5,Bruce Brown Jr.,0.0,DET,CLE,-3.0,216.5,109.8,26,16.0,21.9,26.5,SG/SF,4200,1,17.0,10.0,102,111,3%,7,8,7,26,26,27,21.9,20.7,9.5,31.9,19.0,17.5,4.2,20.5,4.88,18.7,26.0,4.5,19.6,4.6899999999999995,26.333333333333332,7.333333333333333,20.72,21.46666666666667,19.35189873417722
25,6,Jakob Poeltl,0.0,SA,HOU,7.0,233.5,113.3,7,19.0,23.1,28.0,C,4800,1,14.0,18.0,108,106,2%,5,4,4,21,22,18,23.4,18.1,11.0,25.2,41.2,43.3,9.0,28.3,5.89,28.3,27.5,5.9,28.3,5.895,20.333333333333332,4.333333333333333,21.2,23.366666666666664,38.27459016393443
25,7,Moe Harkless,0.0,LAC,POR,-9.0,231.5,120.3,11,10.0,14.7,23.0,SF/PF,3300,1,11.0,10.0,105,108,7%,5,4,5,24,23,23,15.3,14.9,8.7,21.1,22.4,2.8,0.8,15.3,4.62,17.4,24.5,5.3,16.35,4.96,23.333333333333332,4.666666666666667,15.27,15.9,17.167500000000004
26,0,Damian Lillard,0.0,POR,LAC,9.0,231.5,111.3,17,37.0,41.4,47.0,PG,8400,3,29.0,25.0,105,103,5%,17,17,20,33,36,38,41.5,48.4,38.0,58.7,29.9,31.0,3.7,46.0,5.48,45.3,36.5,5.4,45.65,5.44,35.666666666666664,18.0,46.45,41.800000000000004,46.71658878504673
26,1,Bruce Brown Jr.,0.0,DET,CLE,-3.0,216.5,109.8,26,16.0,21.9,26.5,SG/SF,4200,1,17.0,10.0,102,111,3%,7,8,7,26,26,27,21.9,20.7,9.5,31.9,19.0,17.5,4.2,20.5,4.88,18.7,26.0,4.5,19.6,4.6899999999999995,26.333333333333332,7.333333333333333,20.72,21.46666666666667,19.35189873417722
26,2,Pascal Siakam,0.0,TOR,MIA,-4.5,213.0,108.8,7,38.3,46.8,53.3,PF/C,8500,1,29.0,20.0,103,101,4%,22,21,21,37,37,37,46.8,45.8,35.6,56.0,39.0,32.0,3.8,42.3,4.97,45.3,37.5,5.3,43.8,5.135,37.0,21.333333333333332,45.6,46.133333333333326,44.39189189189189
26,3,Dorian Finney-Smith,0.0,DAL,NO,-4.0,234.0,119.0,29,10.5,18.7,32.0,SF/PF,3900,1,13.0,12.0,107,111,4%,6,7,7,24,26,26,18.7,18.6,11.5,25.8,37.3,13.3,3.4,20.0,5.13,19.5,27.0,5.0,19.75,5.0649999999999995,25.333333333333332,6.666666666666667,18.869999999999997,20.400000000000002,21.04934210526316
26,4,Rajon Rondo,0.0,LAL,DEN,2.5,207.5,102.5,8,14.0,22.2,33.3,PG,4200,1,22.0,16.0,100,100,-9%,5,7,7,15,20,20,21.8,21.1,14.4,27.8,25.1,29.5,7.0,18.0,4.29,17.6,20.5,4.2,17.8,4.245,18.333333333333332,6.333333333333333,20.580000000000002,23.166666666666668,19.903636363636366
26,5,Juancho Hernangomez,0.0,DEN,LAL,-2.5,207.5,105.0,8,0.3,7.1,16.0,SF/PF,3000,2,13.0,8.0,103,100,-12%,2,2,3,10,13,13,7.0,8.2,-0.1,16.4,12.3,8.5,2.8,8.8,2.92,6.8,10.0,2.3,7.800000000000001,2.61,12.0,2.3333333333333335,7.859999999999999,7.8,6.5
26,6,Serge Ibaka,0.0,TOR,MIA,-4.5,213.0,108.8,7,15.0,26.4,35.5,PF/C,4900,1,26.0,17.0,103,101,4%,10,12,11,17,22,23,26.4,26.0,19.0,33.0,22.0,26.3,5.4,24.0,4.9,22.2,20.5,4.5,23.1,4.7,20.666666666666668,11.0,25.5,25.633333333333336,22.913709677419355
26,7,Delon Wright,0.0,DAL,NO,-4.0,234.0,119.0,25,9.0,23.4,46.3,PG/SG,4900,1,16.0,18.0,107,111,7%,8,8,6,21,21,22,23.4,20.9,10.5,31.4,24.3,21.5,4.4,21.0,4.29,20.4,21.0,4.2,20.7,4.245,21.333333333333332,7.333333333333333,21.38,26.23333333333333,20.376562500000002
27,0,Will Barton,0.0,DEN,LAL,-2.5,207.5,105.0,20,24.3,35.4,41.5,PG/SF,6100,2,21.0,17.0,103,100,6%,14,14,13,39,34,34,35.4,34.7,27.4,42.1,37.5,21.0,3.4,31.8,5.2,32.2,33.5,5.3,32.0,5.25,35.666666666666664,13.666666666666666,34.32,33.733333333333334,30.056074766355145
27,1,Malik Beasley,0.0,DEN,LAL,-2.5,207.5,105.0,20,2.0,11.3,19.0,PG/SG,3300,2,20.0,10.0,103,100,6%,7,4,6,20,12,16,11.3,11.8,4.2,19.3,13.3,6.0,1.8,14.8,4.47,13.3,17.0,4.0,14.05,4.234999999999999,16.0,5.666666666666667,12.13,10.766666666666666,14.928125000000001
27,2,Sekou Doumbouya,0.0,DET,CLE,-3.0,216.5,109.8,18,0.0,2.0,4.0,SF/PF,3000,1,0.0,0.0,102,111,-1%,2,2,2,2,2,2,2.0,2.0,-0.8,4.8,3.8,4.5,1.5,4.0,1.33,0.0,0.0,0.0,2.0,0.665,2.0,2.0,2.0,2.0,0.0
27,3,Tim Hardaway Jr.,0.0,DAL,NO,-4.0,234.0,119.0,1,15.0,29.0,49.5,SG/SF,4600,1,21.0,14.0,107,111,4%,12,12,10,33,31,24,28.9,20.1,9.6,30.7,25.5,23.3,5.1,26.3,5.71,26.4,31.0,5.7,26.35,5.705,29.333333333333332,11.333333333333334,23.130000000000003,31.166666666666668,27.847159090909095
27,4,Rajon Rondo,0.0,LAL,DEN,2.5,207.5,102.5,8,14.0,22.2,33.3,PG,4200,1,22.0,16.0,100,100,-9%,5,7,7,15,20,20,21.8,21.1,14.4,27.8,25.1,29.5,7.0,18.0,4.29,17.6,20.5,4.2,17.8,4.245,18.333333333333332,6.333333333333333,20.580000000000002,23.166666666666668,19.903636363636366
27,5,Rudy Gay,0.0,SA,HOU,7.0,233.5,113.3,19,7.8,17.9,30.3,SF/PF,5200,1,21.0,16.0,108,106,11%,11,9,9,27,25,23,17.9,23.3,15.8,30.8,22.9,26.3,5.1,30.8,5.91,31.7,29.0,6.1,31.25,6.005,25.0,9.666666666666666,23.81,18.666666666666668,36.25
27,6,Dwight Howard,0.0,LAL,DEN,2.5,207.5,102.5,6,1.3,15.1,24.8,C,3800,1,12.0,17.0,100,100,0%,5,3,4,22,20,20,17.3,20.3,11.7,29.0,19.1,24.0,6.3,18.0,4.74,18.0,19.0,4.7,18.0,4.720000000000001,20.666666666666668,4.0,19.259999999999998,13.733333333333334,16.548387096774192
27,7,Jimmy Butler,0.0,MIA,TOR,4.5,213.0,104.3,7,25.3,37.0,50.8,SG/SF,7600,1,26.0,24.0,104,100,0%,14,12,13,32,32,33,36.8,41.0,32.7,49.3,41.1,62.3,8.2,38.0,5.0,40.1,34.5,5.3,39.05,5.15,32.333333333333336,13.0,39.77,37.699999999999996,41.666752577319585
28,0,Russell Westbrook,0.0,HOU,SA,-7.0,233.5,120.3,6,35.5,39.9,48.3,PG,8800,2,33.0,18.0,103,112,8%,16,19,20,32,34,34,40.3,46.4,33.6,59.1,48.4,55.0,6.3,50.3,5.71,47.7,34.5,5.4,49.0,5.555,33.333333333333336,18.333333333333332,45.67999999999999,41.233333333333334,50.714999999999996
28,1,Kendrick Nunn,0.0,MIA,TOR,4.5,213.0,104.3,9,13.8,21.5,31.5,PG/SG,4900,1,24.0,14.0,104,100,-3%,16,12,14,27,27,29,21.5,26.9,17.8,36.0,38.7,23.3,4.8,25.8,5.26,24.1,29.0,4.9,24.950000000000003,5.08,27.666666666666668,14.0,25.43,22.266666666666666,26.152409638554218
28,2,Moe Harkless,0.0,LAC,POR,-9.0,231.5,120.3,11,10.0,14.7,23.0,SF/PF,3300,1,11.0,10.0,105,108,7%,5,4,5,24,23,23,15.3,14.9,8.7,21.1,22.4,2.8,0.8,15.3,4.62,17.4,24.5,5.3,16.35,4.96,23.333333333333332,4.666666666666667,15.27,15.9,17.167500000000004
28,3,P.J. Tucker,0.0,HOU,SA,-7.0,233.5,120.3,6,8.3,22.4,32.3,SF/PF,4600,2,9.0,12.0,103,112,9%,5,6,7,33,34,35,22.4,24.6,15.6,33.5,51.5,34.8,7.6,23.3,5.05,22.7,35.0,4.9,23.0,4.975,34.0,6.0,23.82,21.0,23.676470588235297
28,4,Justise Winslow,0.0,MIA,TOR,4.5,213.0,104.3,9,16.0,19.6,24.8,PG/SF,4900,1,21.0,9.0,104,100,-2%,9,9,13,28,30,34,19.9,29.0,16.0,42.0,34.6,36.8,7.5,28.8,5.87,26.1,30.5,5.3,27.450000000000003,5.585,30.666666666666668,10.333333333333334,26.870000000000005,20.133333333333336,27.300815217391307
28,5,Kelly Olynyk,0.0,MIA,TOR,4.5,213.0,104.3,1,0.0,21.5,42.0,PF/C,4100,1,16.0,14.0,104,100,-8%,10,7,7,25,27,24,25.3,21.4,12.3,30.6,35.5,32.0,7.8,20.5,5.0,19.2,22.5,4.7,19.85,4.85,25.333333333333332,8.0,21.890000000000004,21.166666666666668,17.62993421052632
28,6,Mason Plumlee,0.0,DEN,LAL,-2.5,207.5,105.0,24,8.0,19.1,29.8,PF/C,3800,2,21.0,19.0,103,100,-17%,6,6,5,20,17,17,19.1,19.3,12.7,26.0,13.6,17.5,4.6,17.8,4.67,16.1,16.0,4.2,16.950000000000003,4.4350000000000005,18.0,5.666666666666667,18.810000000000002,18.96666666666667,15.06666666666667
28,7,Luke Kennard,0.0,DET,CLE,-3.0,216.5,109.8,26,14.0,28.1,40.5,SG/SF,5900,1,21.0,16.0,102,111,3%,15,13,13,32,33,34,28.1,29.8,21.0,38.6,22.1,24.0,4.1,28.0,4.75,28.3,33.5,4.8,28.15,4.775,33.0,13.666666666666666,29.130000000000003,27.53333333333333,28.576515151515153
29,0,Alex Caruso,0.0,LAL,DEN,2.5,207.5,102.5,8,1.5,10.3,16.5,PG/SG,3200,1,14.0,9.0,100,100,-3%,4,3,5,22,20,20,10.3,12.8,7.5,18.2,15.8,14.5,4.5,11.3,3.52,12.1,19.5,3.8,11.7,3.66,20.666666666666668,4.0,12.1,9.433333333333334,11.039516129032256
29,1,Kevin Porter Jr.,0.0,CLE,DET,3.0,216.5,106.8,16,2.8,14.3,25.3,SG/SF,3500,3,17.0,7.0,101,108,3%,5,5,6,16,21,20,14.3,14.4,7.5,21.3,21.6,22.8,6.5,12.3,3.5,13.5,18.5,3.9,12.9,3.7,19.0,5.333333333333333,14.080000000000002,14.133333333333335,12.560526315789474
29,2,Sekou Doumbouya,0.0,DET,CLE,-3.0,216.5,109.8,18,0.0,2.0,4.0,SF/PF,3000,1,0.0,0.0,102,111,-1%,2,2,2,2,2,2,2.0,2.0,-0.8,4.8,3.8,4.5,1.5,4.0,1.33,0.0,0.0,0.0,2.0,0.665,2.0,2.0,2.0,2.0,0.0
29,3,Evan Fournier,0.0,ORL,WAS,2.0,228.0,113.0,14,26.0,35.9,41.0,SG/SF,6200,1,25.0,19.0,108,114,10%,15,18,14,34,36,31,35.6,30.6,20.9,40.3,35.1,40.5,6.5,34.5,5.56,34.6,34.0,5.6,34.55,5.58,33.666666666666664,15.666666666666666,32.39,34.300000000000004,34.892079207920794
29,4,Seth Curry,0.0,DAL,NO,-4.0,234.0,119.0,25,4.3,11.7,16.5,PG/SG,3100,1,16.0,11.0,107,111,5%,6,6,6,18,19,22,11.7,14.0,5.5,22.6,27.1,27.5,8.9,14.0,4.52,12.8,19.0,4.1,13.4,4.31,19.666666666666668,6.0,13.440000000000001,10.833333333333334,12.945762711864408
29,5,Maxi Kleber,0.0,DAL,NO,-4.0,234.0,119.0,12,9.0,15.5,20.8,PF/C,3700,1,13.0,12.0,107,111,6%,7,5,7,23,22,25,15.4,19.3,12.0,26.6,20.9,20.0,5.4,18.3,4.93,17.7,22.5,4.8,18.0,4.865,23.333333333333332,6.333333333333333,18.26,15.1,17.357142857142858
29,6,Ivica Zubac,0.0,LAC,POR,-9.0,231.5,120.3,2,7.0,15.2,19.8,C,3600,1,18.0,23.0,105,108,8%,3,5,5,16,17,17,15.2,20.3,11.9,28.7,14.2,11.3,3.1,19.8,5.49,19.2,17.5,5.3,19.5,5.395,16.666666666666668,4.333333333333333,19.12,14.0,20.474999999999998
29,7,P.J. Tucker,0.0,HOU,SA,-7.0,233.5,120.3,6,8.3,22.4,32.3,SF/PF,4600,2,9.0,12.0,103,112,9%,5,6,7,33,34,35,22.4,24.6,15.6,33.5,51.5,34.8,7.6,23.3,5.05,22.7,35.0,4.9,23.0,4.975,34.0,6.0,23.82,21.0,23.676470588235297
30,0,Malik Beasley,0.0,DEN,LAL,-2.5,207.5,105.0,20,2.0,11.3,19.0,PG/SG,3300,2,20.0,10.0,103,100,6%,7,4,6,20,12,16,11.3,11.8,4.2,19.3,13.3,6.0,1.8,14.8,4.47,13.3,17.0,4.0,14.05,4.234999999999999,16.0,5.666666666666667,12.13,10.766666666666666,14.928125000000001
30,1,Kawhi Leonard,0.0,LAC,POR,-9.0,231.5,120.3,8,40.5,43.9,48.5,SG/SF,8700,1,36.0,26.0,105,108,7%,22,20,21,29,28,32,43.9,49.3,41.3,57.4,28.1,34.3,3.9,42.8,4.91,47.4,32.0,5.4,45.099999999999994,5.155,29.666666666666668,21.0,47.39999999999999,44.300000000000004,48.64719101123595
30,2,Thon Maker,0.0,DET,CLE,-3.0,216.5,109.8,2,2.0,7.6,17.5,PF/C,3000,1,13.0,11.0,102,111,1%,1,2,2,4,7,12,7.6,8.5,2.6,14.4,4.7,4.0,1.3,6.0,2.0,0.0,0.0,0.0,3.0,1.0,7.666666666666667,1.6666666666666667,7.220000000000001,9.033333333333333,0.0
30,3,OG Anunoby,0.0,TOR,MIA,-4.5,213.0,108.8,9,13.5,24.3,35.0,SF/PF,5100,1,14.0,14.0,103,101,-8%,5,8,9,33,32,32,24.3,26.9,16.8,37.0,21.2,14.8,2.9,23.0,4.51,25.1,32.5,4.9,24.05,4.705,32.333333333333336,7.333333333333333,25.810000000000002,24.266666666666666,24.17396907216495
30,4,Patrick Beverley,0.0,LAC,POR,-9.0,231.5,120.3,26,15.0,24.2,36.8,PG/SG,4500,1,14.0,10.0,105,108,7%,6,6,7,30,29,30,24.1,24.3,12.9,35.7,28.3,25.0,5.6,24.8,5.5,25.1,31.5,5.6,24.950000000000003,5.55,29.666666666666668,6.333333333333333,24.390000000000004,25.333333333333332,26.49185393258427
30,5,Blake Griffin,0.0,DET,CLE,-3.0,216.5,109.8,2,20.5,29.2,38.0,PF,6700,1,30.0,17.0,102,111,-1%,13,14,15,27,30,29,29.2,30.4,24.5,36.4,23.6,32.5,4.9,38.8,5.78,36.4,31.5,5.4,37.599999999999994,5.59,28.666666666666668,14.0,31.619999999999997,29.233333333333334,41.31627906976744
30,6,Drew Eubanks,0.0,SA,HOU,7.0,233.5,113.3,21,0.0,5.9,21.5,PF/C,3200,1,0.0,0.0,108,106,2%,4,3,3,11,8,8,8.3,8.3,-3.3,19.8,6.3,5.5,1.7,7.0,2.19,12.2,14.0,3.8,9.6,2.995,9.0,3.3333333333333335,8.540000000000003,9.133333333333333,14.933333333333334
30,7,D.J. Augustin,0.0,ORL,WAS,2.0,228.0,113.0,27,11.3,19.9,30.5,PG,4100,1,20.0,12.0,108,114,4%,6,7,8,25,26,26,19.9,19.6,13.9,25.4,28.6,34.5,8.4,22.8,5.55,22.6,25.0,5.5,22.700000000000003,5.525,25.666666666666668,7.0,20.300000000000004,20.566666666666666,22.11038961038961
31,0,Russell Westbrook,0.0,HOU,SA,-7.0,233.5,120.3,6,35.5,39.9,48.3,PG,8800,2,33.0,18.0,103,112,8%,16,19,20,32,34,34,40.3,46.4,33.6,59.1,48.4,55.0,6.3,50.3,5.71,47.7,34.5,5.4,49.0,5.555,33.333333333333336,18.333333333333332,45.67999999999999,41.233333333333334,50.714999999999996
31,1,Delon Wright,0.0,DAL,NO,-4.0,234.0,119.0,25,9.0,23.4,46.3,PG/SG,4900,1,16.0,18.0,107,111,7%,8,8,6,21,21,22,23.4,20.9,10.5,31.4,24.3,21.5,4.4,21.0,4.29,20.4,21.0,4.2,20.7,4.245,21.333333333333332,7.333333333333333,21.38,26.23333333333333,20.376562500000002
31,2,Carmelo Anthony,0.0,POR,LAC,9.0,231.5,111.3,5,19.0,33.0,46.8,SF/PF,6300,3,25.0,15.0,105,103,-9%,14,15,15,33,32,31,33.0,30.1,17.7,42.4,28.3,19.5,3.1,25.8,4.09,26.8,32.5,4.3,26.3,4.195,32.0,14.666666666666666,29.9,32.93333333333333,26.7109375
31,3,Will Barton,0.0,DEN,LAL,-2.5,207.5,105.0,20,24.3,35.4,41.5,PG/SF,6100,2,21.0,17.0,103,100,6%,14,14,13,39,34,34,35.4,34.7,27.4,42.1,37.5,21.0,3.4,31.8,5.2,32.2,33.5,5.3,32.0,5.25,35.666666666666664,13.666666666666666,34.32,33.733333333333334,30.056074766355145
31,4,Ish Smith,0.0,WAS,ORL,-2.0,228.0,115.0,3,10.3,21.2,42.5,PG,3900,1,18.0,12.0,100,102,-4%,10,9,8,22,23,24,21.2,20.4,10.7,30.1,13.8,9.0,2.3,18.8,4.81,21.3,23.5,5.5,20.05,5.154999999999999,23.0,9.0,20.49,24.666666666666668,20.485869565217392
31,5,Justise Winslow,0.0,MIA,TOR,4.5,213.0,104.3,9,16.0,19.6,24.8,PG/SF,4900,1,21.0,9.0,104,100,-2%,9,9,13,28,30,34,19.9,29.0,16.0,42.0,34.6,36.8,7.5,28.8,5.87,26.1,30.5,5.3,27.450000000000003,5.585,30.666666666666668,10.333333333333334,26.870000000000005,20.133333333333336,27.300815217391307
31,6,Thon Maker,0.0,DET,CLE,-3.0,216.5,109.8,2,2.0,7.6,17.5,PF/C,3000,1,13.0,11.0,102,111,1%,1,2,2,4,7,12,7.6,8.5,2.6,14.4,4.7,4.0,1.3,6.0,2.0,0.0,0.0,0.0,3.0,1.0,7.666666666666667,1.6666666666666667,7.220000000000001,9.033333333333333,0.0
31,7,Skal Labissiere,0.0,POR,LAC,9.0,231.5,111.3,28,13.0,24.5,56.0,PF/C,4100,3,16.0,17.0,105,103,-9%,3,7,5,19,21,17,24.4,16.6,5.1,28.1,22.4,22.8,5.6,17.3,4.21,17.6,19.0,4.3,17.450000000000003,4.255,19.0,5.0,18.33,31.166666666666668,17.450000000000003
32,0,Monte Morris,0.0,DEN,LAL,-2.5,207.5,105.0,20,2.3,12.3,23.3,PG,3200,2,21.0,14.0,103,100,-2%,6,5,7,20,16,17,12.3,14.9,6.3,23.5,12.3,10.5,3.3,12.3,3.83,14.9,16.5,4.7,13.600000000000001,4.265000000000001,17.666666666666668,6.0,14.12,12.633333333333335,12.70188679245283
32,1,Jamal Murray,0.0,DEN,LAL,-2.5,207.5,105.0,20,27.0,34.9,40.5,PG/SG,6600,2,27.0,17.0,103,100,-2%,19,19,16,36,35,34,43.0,35.8,23.9,47.7,35.7,41.3,6.3,34.8,5.27,36.1,33.5,5.5,35.45,5.385,35.0,18.0,37.17,34.13333333333333,33.93071428571429
32,2,DeMarre Carroll,0.0,SA,HOU,7.0,233.5,113.3,19,2.5,7.9,13.3,SF/PF,3000,1,0.0,0.0,108,106,11%,4,3,3,12,13,11,7.8,7.9,3.9,11.8,8.3,4.5,1.5,10.8,3.58,0.0,0.0,0.0,5.4,1.79,12.0,3.3333333333333335,7.359999999999999,7.900000000000001,0.0
32,3,DeMar DeRozan,0.0,SA,HOU,7.0,233.5,113.3,13,30.5,37.5,41.8,SG/SF,7200,1,27.0,20.0,108,106,9%,16,18,16,35,34,34,39.7,37.4,30.6,44.2,40.9,41.3,5.7,40.0,5.56,41.3,34.5,5.7,40.65,5.63,34.333333333333336,16.666666666666668,38.510000000000005,36.6,40.84733009708737
32,4,Collin Sexton,0.0,CLE,DET,3.0,216.5,106.8,14,22.5,28.5,35.8,PG/SG,5400,3,27.0,15.0,101,108,3%,15,15,16,32,32,31,28.4,27.1,21.1,33.0,33.4,34.5,6.4,26.5,4.91,27.1,32.0,5.0,26.8,4.955,31.666666666666668,15.333333333333334,27.28,28.933333333333334,27.082105263157896
32,5,OG Anunoby,0.0,TOR,MIA,-4.5,213.0,108.8,9,13.5,24.3,35.0,SF/PF,5100,1,14.0,14.0,103,101,-8%,5,8,9,33,32,32,24.3,26.9,16.8,37.0,21.2,14.8,2.9,23.0,4.51,25.1,32.5,4.9,24.05,4.705,32.333333333333336,7.333333333333333,25.810000000000002,24.266666666666666,24.17396907216495
32,6,Kevin Love,0.0,CLE,DET,3.0,216.5,106.8,13,16.8,27.6,46.3,PF/C,7000,3,23.0,19.0,101,108,6%,10,10,12,28,28,32,27.6,38.0,25.6,50.5,21.5,20.0,2.9,36.8,5.25,36.7,31.5,5.2,36.75,5.225,29.333333333333332,10.666666666666666,35.69,30.233333333333334,39.46448863636364
32,7,Kevin Porter Jr.,0.0,CLE,DET,3.0,216.5,106.8,16,2.8,14.3,25.3,SG/SF,3500,3,17.0,7.0,101,108,3%,5,5,6,16,21,20,14.3,14.4,7.5,21.3,21.6,22.8,6.5,12.3,3.5,13.5,18.5,3.9,12.9,3.7,19.0,5.333333333333333,14.080000000000002,14.133333333333335,12.560526315789474
33,0,Bryn Forbes,0.0,SA,HOU,7.0,233.5,113.3,19,9.8,16.3,27.3,PG/SG,3800,1,20.0,12.0,108,106,9%,8,9,11,23,24,27,16.3,20.4,12.9,28.0,36.6,35.0,9.2,20.3,5.33,21.5,25.5,5.7,20.9,5.515000000000001,24.666666666666668,9.333333333333334,19.7,17.8,21.60608108108108
33,1,Alex Caruso,0.0,LAL,DEN,2.5,207.5,102.5,8,1.5,10.3,16.5,PG/SG,3200,1,14.0,9.0,100,100,-3%,4,3,5,22,20,20,10.3,12.8,7.5,18.2,15.8,14.5,4.5,11.3,3.52,12.1,19.5,3.8,11.7,3.66,20.666666666666668,4.0,12.1,9.433333333333334,11.039516129032256
33,2,Davis Bertans,0.0,WAS,ORL,-2.0,228.0,115.0,2,13.3,25.9,35.0,SF/PF,5300,1,16.0,16.0,100,102,-11%,8,9,9,28,27,28,25.9,25.0,16.2,33.8,40.0,35.3,6.7,25.5,4.81,33.2,34.5,6.3,29.35,5.555,27.666666666666668,8.666666666666666,26.05,24.733333333333334,36.59909638554217
33,3,Moe Harkless,0.0,LAC,POR,-9.0,231.5,120.3,11,10.0,14.7,23.0,SF/PF,3300,1,11.0,10.0,105,108,7%,5,4,5,24,23,23,15.3,14.9,8.7,21.1,22.4,2.8,0.8,15.3,4.62,17.4,24.5,5.3,16.35,4.96,23.333333333333332,4.666666666666667,15.27,15.9,17.167500000000004
33,4,Terance Mann,0.0,LAC,POR,-9.0,231.5,120.3,8,0.0,5.7,13.8,SG/SF,3000,1,14.0,11.0,105,108,7%,2,2,2,9,8,9,5.7,6.4,-2.6,15.3,10.3,9.3,3.1,2.5,0.83,0.0,0.0,0.0,1.25,0.415,8.666666666666666,2.0,5.21,6.5,0.0
33,5,Skal Labissiere,0.0,POR,LAC,9.0,231.5,111.3,28,13.0,24.5,56.0,PF/C,4100,3,16.0,17.0,105,103,-9%,3,7,5,19,21,17,24.4,16.6,5.1,28.1,22.4,22.8,5.6,17.3,4.21,17.6,19.0,4.3,17.450000000000003,4.255,19.0,5.0,18.33,31.166666666666668,17.450000000000003
33,6,Meyers Leonard,0.0,MIA,TOR,4.5,213.0,104.3,1,5.0,11.6,21.0,PF/C,3400,1,12.0,12.0,104,100,-8%,3,3,4,18,16,19,11.6,14.4,4.4,24.5,17.1,22.0,6.5,14.0,4.12,12.6,16.5,3.7,13.3,3.91,17.666666666666668,3.3333333333333335,13.64,12.533333333333333,12.421698113207546
33,7,Damian Lillard,0.0,POR,LAC,9.0,231.5,111.3,17,37.0,41.4,47.0,PG,8400,3,29.0,25.0,105,103,5%,17,17,20,33,36,38,41.5,48.4,38.0,58.7,29.9,31.0,3.7,46.0,5.48,45.3,36.5,5.4,45.65,5.44,35.666666666666664,18.0,46.45,41.800000000000004,46.71658878504673
34,0,Seth Curry,0.0,DAL,NO,-4.0,234.0,119.0,25,4.3,11.7,16.5,PG/SG,3100,1,16.0,11.0,107,111,5%,6,6,6,18,19,22,11.7,14.0,5.5,22.6,27.1,27.5,8.9,14.0,4.52,12.8,19.0,4.1,13.4,4.31,19.666666666666668,6.0,13.440000000000001,10.833333333333334,12.945762711864408
34,1,Troy Daniels,0.0,LAL,DEN,2.5,207.5,102.5,22,4.0,6.7,14.5,SG,3000,1,15.0,7.0,100,100,-3%,4,4,5,15,15,15,6.7,8.4,2.3,14.5,9.5,10.8,3.6,7.5,2.5,7.6,13.0,2.5,7.55,2.5,15.0,4.333333333333333,7.890000000000001,8.4,6.543333333333333
34,2,Drew Eubanks,0.0,SA,HOU,7.0,233.5,113.3,21,0.0,5.9,21.5,PF/C,3200,1,0.0,0.0,108,106,2%,4,3,3,11,8,8,8.3,8.3,-3.3,19.8,6.3,5.5,1.7,7.0,2.19,12.2,14.0,3.8,9.6,2.995,9.0,3.3333333333333335,8.540000000000003,9.133333333333333,14.933333333333334
34,3,Nassir Little,0.0,POR,LAC,9.0,231.5,111.3,5,3.5,9.2,13.8,SF/PF,3000,3,14.0,10.0,105,103,-9%,2,3,4,11,14,16,9.2,12.1,1.9,22.2,16.1,5.3,1.8,7.0,2.33,9.8,13.0,3.3,8.4,2.815,13.666666666666666,3.0,10.76,8.833333333333334,7.990243902439026
34,4,D.J. Augustin,0.0,ORL,WAS,2.0,228.0,113.0,27,11.3,19.9,30.5,PG,4100,1,20.0,12.0,108,114,4%,6,7,8,25,26,26,19.9,19.6,13.9,25.4,28.6,34.5,8.4,22.8,5.55,22.6,25.0,5.5,22.700000000000003,5.525,25.666666666666668,7.0,20.300000000000004,20.566666666666666,22.11038961038961
34,5,Justin Jackson,0.0,DAL,NO,-4.0,234.0,119.0,29,5.0,14.2,30.5,SF/PF,3000,1,17.0,16.0,107,111,4%,7,6,5,14,13,13,14.2,11.2,3.0,19.3,16.5,11.3,3.8,9.5,3.17,10.7,12.5,3.6,10.1,3.385,13.333333333333334,6.0,11.56,16.566666666666666,9.46875
34,6,Tristan Thompson,0.0,CLE,DET,3.0,216.5,106.8,8,25.0,34.1,45.0,C,6000,3,20.0,20.0,101,108,-7%,10,11,12,31,31,32,33.5,36.2,26.7,45.7,30.2,30.5,5.1,32.0,5.33,32.2,31.0,5.4,32.1,5.365,31.333333333333332,11.0,34.839999999999996,34.699999999999996,31.75851063829787
34,7,Markelle Fultz,0.0,ORL,WAS,2.0,228.0,113.0,27,23.8,29.2,34.5,PG/SG,5500,1,22.0,16.0,108,114,4%,12,12,10,30,29,25,29.1,22.8,17.1,28.5,31.2,34.8,6.3,29.0,5.27,28.3,29.0,5.1,28.65,5.185,28.0,11.333333333333334,25.23,29.166666666666668,29.673214285714284
35,0,Alex Caruso,0.0,LAL,DEN,2.5,207.5,102.5,8,1.5,10.3,16.5,PG/SG,3200,1,14.0,9.0,100,100,-3%,4,3,5,22,20,20,10.3,12.8,7.5,18.2,15.8,14.5,4.5,11.3,3.52,12.1,19.5,3.8,11.7,3.66,20.666666666666668,4.0,12.1,9.433333333333334,11.039516129032256
35,1,Markelle Fultz,0.0,ORL,WAS,2.0,228.0,113.0,27,23.8,29.2,34.5,PG/SG,5500,1,22.0,16.0,108,114,4%,12,12,10,30,29,25,29.1,22.8,17.1,28.5,31.2,34.8,6.3,29.0,5.27,28.3,29.0,5.1,28.65,5.185,28.0,11.333333333333334,25.23,29.166666666666668,29.673214285714284
35,2,Meyers Leonard,0.0,MIA,TOR,4.5,213.0,104.3,1,5.0,11.6,21.0,PF/C,3400,1,12.0,12.0,104,100,-8%,3,3,4,18,16,19,11.6,14.4,4.4,24.5,17.1,22.0,6.5,14.0,4.12,12.6,16.5,3.7,13.3,3.91,17.666666666666668,3.3333333333333335,13.64,12.533333333333333,12.421698113207546
35,3,Danny Green,0.0,LAL,DEN,2.5,207.5,102.5,22,7.0,16.4,22.8,SG/SF,4000,1,14.0,11.0,100,100,-3%,8,7,7,24,25,25,16.4,18.3,9.2,27.5,31.0,24.8,6.2,16.8,4.19,17.0,26.5,4.3,16.9,4.245,24.666666666666668,7.333333333333333,17.660000000000004,15.4,18.156081081081076
35,4,Austin Rivers,0.0,HOU,SA,-7.0,233.5,120.3,6,8.3,15.2,30.5,PG/SG,4000,2,14.0,9.0,103,112,8%,8,7,7,25,27,24,15.2,14.7,7.5,21.8,39.8,30.5,7.6,18.0,4.5,17.5,28.0,4.4,17.75,4.45,25.333333333333332,7.333333333333333,15.39,18.0,19.61842105263158
35,5,Markieff Morris,0.0,DET,CLE,-3.0,216.5,109.8,2,10.8,17.4,22.0,PF/C,3700,1,20.0,13.0,102,111,-1%,6,7,9,19,21,24,17.4,19.8,12.5,27.2,16.6,22.8,6.2,15.5,4.19,14.0,17.5,3.8,14.75,3.995,21.333333333333332,7.333333333333333,18.330000000000002,16.733333333333334,12.099609375
35,6,Mfiondu Kabengele,0.0,LAC,POR,-9.0,231.5,120.3,11,0.0,4.1,13.5,PF/C,3000,1,0.0,0.0,105,108,-2%,4,2,2,6,4,4,4.0,4.0,-2.0,10.1,4.0,3.5,1.2,5.0,1.67,0.0,0.0,0.0,2.5,0.835,4.666666666666667,2.6666666666666665,3.72,5.866666666666667,0.0
35,7,Collin Sexton,0.0,CLE,DET,3.0,216.5,106.8,14,22.5,28.5,35.8,PG/SG,5400,3,27.0,15.0,101,108,3%,15,15,16,32,32,31,28.4,27.1,21.1,33.0,33.4,34.5,6.4,26.5,4.91,27.1,32.0,5.0,26.8,4.955,31.666666666666668,15.333333333333334,27.28,28.933333333333334,27.082105263157896
36,0,Rajon Rondo,0.0,LAL,DEN,2.5,207.5,102.5,8,14.0,22.2,33.3,PG,4200,1,22.0,16.0,100,100,-9%,5,7,7,15,20,20,21.8,21.1,14.4,27.8,25.1,29.5,7.0,18.0,4.29,17.6,20.5,4.2,17.8,4.245,18.333333333333332,6.333333333333333,20.580000000000002,23.166666666666668,19.903636363636366
36,1,Duncan Robinson,0.0,MIA,TOR,4.5,213.0,104.3,7,10.8,19.5,25.5,SG/SF,4500,1,15.0,12.0,104,100,-3%,7,7,8,27,26,27,19.4,19.3,9.9,28.7,27.0,30.5,6.8,18.3,4.06,18.8,27.5,4.2,18.55,4.13,26.666666666666668,7.333333333333333,19.17,18.599999999999998,19.129687500000003
36,2,Sekou Doumbouya,0.0,DET,CLE,-3.0,216.5,109.8,18,0.0,2.0,4.0,SF/PF,3000,1,0.0,0.0,102,111,-1%,2,2,2,2,2,2,2.0,2.0,-0.8,4.8,3.8,4.5,1.5,4.0,1.33,0.0,0.0,0.0,2.0,0.665,2.0,2.0,2.0,2.0,0.0
36,3,Rudy Gay,0.0,SA,HOU,7.0,233.5,113.3,19,7.8,17.9,30.3,SF/PF,5200,1,21.0,16.0,108,106,11%,11,9,9,27,25,23,17.9,23.3,15.8,30.8,22.9,26.3,5.1,30.8,5.91,31.7,29.0,6.1,31.25,6.005,25.0,9.666666666666666,23.81,18.666666666666668,36.25
36,4,Malik Beasley,0.0,DEN,LAL,-2.5,207.5,105.0,20,2.0,11.3,19.0,PG/SG,3300,2,20.0,10.0,103,100,6%,7,4,6,20,12,16,11.3,11.8,4.2,19.3,13.3,6.0,1.8,14.8,4.47,13.3,17.0,4.0,14.05,4.234999999999999,16.0,5.666666666666667,12.13,10.766666666666666,14.928125000000001
36,5,Jimmy Butler,0.0,MIA,TOR,4.5,213.0,104.3,7,25.3,37.0,50.8,SG/SF,7600,1,26.0,24.0,104,100,0%,14,12,13,32,32,33,36.8,41.0,32.7,49.3,41.1,62.3,8.2,38.0,5.0,40.1,34.5,5.3,39.05,5.15,32.333333333333336,13.0,39.77,37.699999999999996,41.666752577319585
36,6,Drew Eubanks,0.0,SA,HOU,7.0,233.5,113.3,21,0.0,5.9,21.5,PF/C,3200,1,0.0,0.0,108,106,2%,4,3,3,11,8,8,8.3,8.3,-3.3,19.8,6.3,5.5,1.7,7.0,2.19,12.2,14.0,3.8,9.6,2.995,9.0,3.3333333333333335,8.540000000000003,9.133333333333333,14.933333333333334
36,7,Russell Westbrook,0.0,HOU,SA,-7.0,233.5,120.3,6,35.5,39.9,48.3,PG,8800,2,33.0,18.0,103,112,8%,16,19,20,32,34,34,40.3,46.4,33.6,59.1,48.4,55.0,6.3,50.3,5.71,47.7,34.5,5.4,49.0,5.555,33.333333333333336,18.333333333333332,45.67999999999999,41.233333333333334,50.714999999999996
37,0,Derrick White,0.0,SA,HOU,7.0,233.5,113.3,19,16.8,20.5,26.8,PG/SG,4300,1,18.0,14.0,108,106,-7%,8,7,8,26,25,25,20.2,20.7,13.7,27.6,25.7,17.8,4.1,22.5,5.23,21.6,25.5,5.0,22.05,5.115,25.333333333333332,7.666666666666667,20.85,21.366666666666664,22.195065789473684
37,1,Delon Wright,0.0,DAL,NO,-4.0,234.0,119.0,25,9.0,23.4,46.3,PG/SG,4900,1,16.0,18.0,107,111,7%,8,8,6,21,21,22,23.4,20.9,10.5,31.4,24.3,21.5,4.4,21.0,4.29,20.4,21.0,4.2,20.7,4.245,21.333333333333332,7.333333333333333,21.38,26.23333333333333,20.376562500000002
37,2,Patrick Patterson,0.0,LAC,POR,-9.0,231.5,120.3,11,1.3,6.7,13.5,PF/C,3000,1,14.0,10.0,105,108,-2%,3,3,4,8,6,14,6.7,9.8,2.9,16.7,25.6,36.5,12.2,2.5,0.83,9.8,14.0,3.3,6.15,2.065,9.333333333333334,3.3333333333333335,8.45,7.166666666666667,9.225
37,3,Justin Jackson,0.0,DAL,NO,-4.0,234.0,119.0,29,5.0,14.2,30.5,SF/PF,3000,1,17.0,16.0,107,111,4%,7,6,5,14,13,13,14.2,11.2,3.0,19.3,16.5,11.3,3.8,9.5,3.17,10.7,12.5,3.6,10.1,3.385,13.333333333333334,6.0,11.56,16.566666666666666,9.46875
37,4,LeBron James,0.0,LAL,DEN,2.5,207.5,102.5,8,46.0,54.0,63.0,PG/SF,10200,1,34.0,28.0,100,100,-10%,19,22,20,37,37,35,54.8,56.1,43.6,68.7,36.9,44.5,4.4,50.0,4.9,50.9,35.5,5.0,50.45,4.95,36.333333333333336,20.333333333333332,54.730000000000004,54.333333333333336,49.29288990825688
37,5,Thon Maker,0.0,DET,CLE,-3.0,216.5,109.8,2,2.0,7.6,17.5,PF/C,3000,1,13.0,11.0,102,111,1%,1,2,2,4,7,12,7.6,8.5,2.6,14.4,4.7,4.0,1.3,6.0,2.0,0.0,0.0,0.0,3.0,1.0,7.666666666666667,1.6666666666666667,7.220000000000001,9.033333333333333,0.0
37,6,Hassan Whiteside,0.0,POR,LAC,9.0,231.5,111.3,25,28.5,38.4,50.8,C,8000,3,20.0,24.0,105,103,5%,12,10,10,26,26,28,38.4,36.8,27.7,46.0,25.6,35.8,4.5,34.8,4.34,38.6,27.5,4.8,36.7,4.57,26.666666666666668,10.666666666666666,37.11999999999999,39.233333333333334,37.846875
37,7,James Harden,0.0,HOU,SA,-7.0,233.5,120.3,6,50.3,64.7,85.3,PG/SG,12500,2,40.0,32.0,103,112,8%,23,20,25,33,37,37,64.7,64.1,52.3,76.0,48.5,78.3,6.3,66.5,5.32,64.5,37.0,5.2,65.5,5.26,35.666666666666664,22.666666666666668,64.52000000000001,66.76666666666667,67.94859813084112
38,0,Jrue Holiday,0.0,NO,DAL,4.0,234.0,115.0,23,32.8,44.0,60.5,PG/SG,7700,1,26.0,17.0,103,107,-6%,17,19,17,39,38,36,44.0,41.3,30.5,52.1,36.7,32.0,4.2,41.5,5.39,41.0,36.0,5.3,41.25,5.345,37.666666666666664,17.666666666666668,41.83,45.76666666666667,39.42477876106195
38,1,Bryn Forbes,0.0,SA,HOU,7.0,233.5,113.3,19,9.8,16.3,27.3,PG/SG,3800,1,20.0,12.0,108,106,9%,8,9,11,23,24,27,16.3,20.4,12.9,28.0,36.6,35.0,9.2,20.3,5.33,21.5,25.5,5.7,20.9,5.515000000000001,24.666666666666668,9.333333333333334,19.7,17.8,21.60608108108108
38,2,Markieff Morris,0.0,DET,CLE,-3.0,216.5,109.8,2,10.8,17.4,22.0,PF/C,3700,1,20.0,13.0,102,111,-1%,6,7,9,19,21,24,17.4,19.8,12.5,27.2,16.6,22.8,6.2,15.5,4.19,14.0,17.5,3.8,14.75,3.995,21.333333333333332,7.333333333333333,18.330000000000002,16.733333333333334,12.099609375
38,3,Jonathan Isaac,0.0,ORL,WAS,2.0,228.0,113.0,13,23.0,35.8,51.8,SF/PF,6900,1,19.0,19.0,108,114,1%,11,13,11,31,30,31,35.8,34.0,23.2,44.9,37.4,26.5,3.8,33.5,4.86,34.3,31.0,5.0,33.9,4.93,30.666666666666668,11.666666666666666,34.36,36.86666666666667,34.268478260869564
38,4,Kendrick Nunn,0.0,MIA,TOR,4.5,213.0,104.3,9,13.8,21.5,31.5,PG/SG,4900,1,24.0,14.0,104,100,-3%,16,12,14,27,27,29,21.5,26.9,17.8,36.0,38.7,23.3,4.8,25.8,5.26,24.1,29.0,4.9,24.950000000000003,5.08,27.666666666666668,14.0,25.43,22.266666666666666,26.152409638554218
38,5,Maxi Kleber,0.0,DAL,NO,-4.0,234.0,119.0,12,9.0,15.5,20.8,PF/C,3700,1,13.0,12.0,107,111,6%,7,5,7,23,22,25,15.4,19.3,12.0,26.6,20.9,20.0,5.4,18.3,4.93,17.7,22.5,4.8,18.0,4.865,23.333333333333332,6.333333333333333,18.26,15.1,17.357142857142858
38,6,Tristan Thompson,0.0,CLE,DET,3.0,216.5,106.8,8,25.0,34.1,45.0,C,6000,3,20.0,20.0,101,108,-7%,10,11,12,31,31,32,33.5,36.2,26.7,45.7,30.2,30.5,5.1,32.0,5.33,32.2,31.0,5.4,32.1,5.365,31.333333333333332,11.0,34.839999999999996,34.699999999999996,31.75851063829787
38,7,Josh Hart,0.0,NO,DAL,4.0,234.0,115.0,4,17.3,27.3,38.3,SG/SF,5300,1,16.0,15.0,103,107,-2%,8,7,9,32,29,29,27.3,28.6,19.3,37.9,26.5,19.5,3.7,25.5,4.81,25.5,31.5,4.8,25.5,4.805,30.0,8.0,27.720000000000006,27.633333333333336,26.775
39,0,Lonnie Walker IV,0.0,SA,HOU,7.0,233.5,113.3,19,0.0,7.7,21.0,PG/SF,3100,1,0.0,0.0,108,106,9%,6,5,3,9,8,6,7.7,4.6,-1.5,10.6,34.9,42.0,13.5,1.5,0.48,0.0,0.0,0.0,0.75,0.24,7.666666666666667,4.666666666666667,4.43,9.566666666666666,0.0
39,1,Seth Curry,0.0,DAL,NO,-4.0,234.0,119.0,25,4.3,11.7,16.5,PG/SG,3100,1,16.0,11.0,107,111,5%,6,6,6,18,19,22,11.7,14.0,5.5,22.6,27.1,27.5,8.9,14.0,4.52,12.8,19.0,4.1,13.4,4.31,19.666666666666668,6.0,13.440000000000001,10.833333333333334,12.945762711864408
39,2,Mfiondu Kabengele,0.0,LAC,POR,-9.0,231.5,120.3,11,0.0,4.1,13.5,PF/C,3000,1,0.0,0.0,105,108,-2%,4,2,2,6,4,4,4.0,4.0,-2.0,10.1,4.0,3.5,1.2,5.0,1.67,0.0,0.0,0.0,2.5,0.835,4.666666666666667,2.6666666666666665,3.72,5.866666666666667,0.0
39,3,Terrence Ross,0.0,ORL,WAS,2.0,228.0,113.0,14,15.0,22.3,31.0,SG/SF,5100,1,22.0,12.0,108,114,12%,12,12,11,28,27,24,22.3,20.0,13.8,26.1,18.4,19.3,3.8,27.0,5.29,24.3,26.5,4.8,25.65,5.045,26.333333333333332,11.666666666666666,21.57,22.766666666666666,25.8123417721519
39,4,Justise Winslow,0.0,MIA,TOR,4.5,213.0,104.3,9,16.0,19.6,24.8,PG/SF,4900,1,21.0,9.0,104,100,-2%,9,9,13,28,30,34,19.9,29.0,16.0,42.0,34.6,36.8,7.5,28.8,5.87,26.1,30.5,5.3,27.450000000000003,5.585,30.666666666666668,10.333333333333334,26.870000000000005,20.133333333333336,27.300815217391307
39,5,Tim Hardaway Jr.,0.0,DAL,NO,-4.0,234.0,119.0,1,15.0,29.0,49.5,SG/SF,4600,1,21.0,14.0,107,111,4%,12,12,10,33,31,24,28.9,20.1,9.6,30.7,25.5,23.3,5.1,26.3,5.71,26.4,31.0,5.7,26.35,5.705,29.333333333333332,11.333333333333334,23.130000000000003,31.166666666666668,27.847159090909095
39,6,Kristaps Porzingis,0.0,DAL,NO,-4.0,234.0,119.0,12,25.0,35.9,51.8,PF/C,6500,1,25.0,16.0,107,111,6%,10,13,16,31,31,32,35.9,38.4,28.6,48.2,17.6,26.0,4.0,40.0,6.15,40.1,32.0,6.2,40.05,6.175000000000001,31.333333333333332,13.0,38.23,37.56666666666666,40.90212765957447
39,7,Tyson Chandler,0.0,HOU,SA,-7.0,233.5,120.3,14,0.0,3.6,6.8,C,3200,2,7.0,13.0,103,112,0%,1,0,1,9,7,9,3.6,6.9,0.5,13.4,7.3,4.5,1.4,5.5,1.72,0.0,0.0,0.0,2.75,0.86,8.333333333333334,0.6666666666666666,5.43,3.466666666666667,0.0
41,0,Delon Wright,0.0,DAL,NO,-4.0,234.0,119.0,25,9.0,23.4,46.3,PG/SG,4900,1,16.0,18.0,107,111,7%,8,8,6,21,21,22,23.4,20.9,10.5,31.4,24.3,21.5,4.4,21.0,4.29,20.4,21.0,4.2,20.7,4.245,21.333333333333332,7.333333333333333,21.38,26.23333333333333,20.376562500000002
41,1,Seth Curry,0.0,DAL,NO,-4.0,234.0,119.0,25,4.3,11.7,16.5,PG/SG,3100,1,16.0,11.0,107,111,5%,6,6,6,18,19,22,11.7,14.0,5.5,22.6,27.1,27.5,8.9,14.0,4.52,12.8,19.0,4.1,13.4,4.31,19.666666666666668,6.0,13.440000000000001,10.833333333333334,12.945762711864408
41,2,Jonathan Isaac,0.0,ORL,WAS,2.0,228.0,113.0,13,23.0,35.8,51.8,SF/PF,6900,1,19.0,19.0,108,114,1%,11,13,11,31,30,31,35.8,34.0,23.2,44.9,37.4,26.5,3.8,33.5,4.86,34.3,31.0,5.0,33.9,4.93,30.666666666666668,11.666666666666666,34.36,36.86666666666667,34.268478260869564
41,3,Lonnie Walker IV,0.0,SA,HOU,7.0,233.5,113.3,19,0.0,7.7,21.0,PG/SF,3100,1,0.0,0.0,108,106,9%,6,5,3,9,8,6,7.7,4.6,-1.5,10.6,34.9,42.0,13.5,1.5,0.48,0.0,0.0,0.0,0.75,0.24,7.666666666666667,4.666666666666667,4.43,9.566666666666666,0.0
41,4,James Harden,0.0,HOU,SA,-7.0,233.5,120.3,6,50.3,64.7,85.3,PG/SG,12500,2,40.0,32.0,103,112,8%,23,20,25,33,37,37,64.7,64.1,52.3,76.0,48.5,78.3,6.3,66.5,5.32,64.5,37.0,5.2,65.5,5.26,35.666666666666664,22.666666666666668,64.52000000000001,66.76666666666667,67.94859813084112
41,5,Moe Harkless,0.0,LAC,POR,-9.0,231.5,120.3,11,10.0,14.7,23.0,SF/PF,3300,1,11.0,10.0,105,108,7%,5,4,5,24,23,23,15.3,14.9,8.7,21.1,22.4,2.8,0.8,15.3,4.62,17.4,24.5,5.3,16.35,4.96,23.333333333333332,4.666666666666667,15.27,15.9,17.167500000000004
41,6,Drew Eubanks,0.0,SA,HOU,7.0,233.5,113.3,21,0.0,5.9,21.5,PF/C,3200,1,0.0,0.0,108,106,2%,4,3,3,11,8,8,8.3,8.3,-3.3,19.8,6.3,5.5,1.7,7.0,2.19,12.2,14.0,3.8,9.6,2.995,9.0,3.3333333333333335,8.540000000000003,9.133333333333333,14.933333333333334
41,7,LeBron James,0.0,LAL,DEN,2.5,207.5,102.5,8,46.0,54.0,63.0,PG/SF,10200,1,34.0,28.0,100,100,-10%,19,22,20,37,37,35,54.8,56.1,43.6,68.7,36.9,44.5,4.4,50.0,4.9,50.9,35.5,5.0,50.45,4.95,36.333333333333336,20.333333333333332,54.730000000000004,54.333333333333336,49.29288990825688
42,0,Isaiah Thomas,0.0,WAS,ORL,-2.0,228.0,115.0,3,4.5,19.2,27.5,PG,4900,1,24.0,13.0,100,102,-4%,9,10,11,23,25,24,19.1,22.8,14.8,30.9,34.1,40.3,8.2,21.8,4.44,23.7,25.0,4.8,22.75,4.62,24.0,10.0,22.07,17.066666666666666,23.697916666666664
42,1,Kent Bazemore,0.0,POR,LAC,9.0,231.5,111.3,9,3.5,13.5,27.5,SG/SF,3300,3,18.0,8.0,105,103,-4%,5,5,7,18,18,23,13.5,18.5,10.6,26.4,18.6,24.5,7.4,18.3,5.53,15.2,19.0,4.6,16.75,5.0649999999999995,19.666666666666668,5.666666666666667,17.15,14.833333333333334,16.18220338983051
42,2,Carmelo Anthony,0.0,POR,LAC,9.0,231.5,111.3,5,19.0,33.0,46.8,SF/PF,6300,3,25.0,15.0,105,103,-9%,14,15,15,33,32,31,33.0,30.1,17.7,42.4,28.3,19.5,3.1,25.8,4.09,26.8,32.5,4.3,26.3,4.195,32.0,14.666666666666666,29.9,32.93333333333333,26.7109375
42,3,Moe Harkless,0.0,LAC,POR,-9.0,231.5,120.3,11,10.0,14.7,23.0,SF/PF,3300,1,11.0,10.0,105,108,7%,5,4,5,24,23,23,15.3,14.9,8.7,21.1,22.4,2.8,0.8,15.3,4.62,17.4,24.5,5.3,16.35,4.96,23.333333333333332,4.666666666666667,15.27,15.9,17.167500000000004
42,4,Dejounte Murray,0.0,SA,HOU,7.0,233.5,113.3,19,15.8,20.0,25.0,PG,4800,1,23.0,17.0,108,106,-7%,7,7,8,21,22,22,20.2,26.4,15.9,36.9,18.0,19.8,4.1,24.8,5.16,24.6,22.0,5.1,24.700000000000003,5.13,21.666666666666668,7.333333333333333,24.82,20.266666666666666,25.080000000000002
42,5,Luke Kennard,0.0,DET,CLE,-3.0,216.5,109.8,26,14.0,28.1,40.5,SG/SF,5900,1,21.0,16.0,102,111,3%,15,13,13,32,33,34,28.1,29.8,21.0,38.6,22.1,24.0,4.1,28.0,4.75,28.3,33.5,4.8,28.15,4.775,33.0,13.666666666666666,29.130000000000003,27.53333333333333,28.576515151515153
42,6,Tristan Thompson,0.0,CLE,DET,3.0,216.5,106.8,8,25.0,34.1,45.0,C,6000,3,20.0,20.0,101,108,-7%,10,11,12,31,31,32,33.5,36.2,26.7,45.7,30.2,30.5,5.1,32.0,5.33,32.2,31.0,5.4,32.1,5.365,31.333333333333332,11.0,34.839999999999996,34.699999999999996,31.75851063829787
42,7,LeBron James,0.0,LAL,DEN,2.5,207.5,102.5,8,46.0,54.0,63.0,PG/SF,10200,1,34.0,28.0,100,100,-10%,19,22,20,37,37,35,54.8,56.1,43.6,68.7,36.9,44.5,4.4,50.0,4.9,50.9,35.5,5.0,50.45,4.95,36.333333333333336,20.333333333333332,54.730000000000004,54.333333333333336,49.29288990825688
43,0,Lonzo Ball,0.0,NO,DAL,4.0,234.0,115.0,23,15.5,22.6,31.5,PG,5400,1,22.0,13.0,103,107,-6%,12,11,11,27,24,28,22.6,28.1,19.2,36.9,30.2,18.5,3.4,28.5,5.28,31.1,31.5,5.8,29.8,5.54,26.333333333333332,11.333333333333334,27.32,23.2,35.64683544303798
43,1,Josh Hart,0.0,NO,DAL,4.0,234.0,115.0,4,17.3,27.3,38.3,SG/SF,5300,1,16.0,15.0,103,107,-2%,8,7,9,32,29,29,27.3,28.6,19.3,37.9,26.5,19.5,3.7,25.5,4.81,25.5,31.5,4.8,25.5,4.805,30.0,8.0,27.720000000000006,27.633333333333336,26.775
43,2,Rudy Gay,0.0,SA,HOU,7.0,233.5,113.3,19,7.8,17.9,30.3,SF/PF,5200,1,21.0,16.0,108,106,11%,11,9,9,27,25,23,17.9,23.3,15.8,30.8,22.9,26.3,5.1,30.8,5.91,31.7,29.0,6.1,31.25,6.005,25.0,9.666666666666666,23.81,18.666666666666668,36.25
43,3,Thabo Sefolosha,0.0,HOU,SA,-7.0,233.5,120.3,6,0.0,7.1,16.8,SF/PF,3300,2,11.0,9.0,103,112,9%,3,3,3,14,14,12,8.7,8.9,4.8,13.0,3.2,2.5,0.8,12.0,3.64,9.7,12.5,2.9,10.85,3.27,13.333333333333334,3.0,9.25,7.966666666666666,10.171875
43,4,DeMar DeRozan,0.0,SA,HOU,7.0,233.5,113.3,13,30.5,37.5,41.8,SG/SF,7200,1,27.0,20.0,108,106,9%,16,18,16,35,34,34,39.7,37.4,30.6,44.2,40.9,41.3,5.7,40.0,5.56,41.3,34.5,5.7,40.65,5.63,34.333333333333336,16.666666666666668,38.510000000000005,36.6,40.84733009708737
43,5,Kristaps Porzingis,0.0,DAL,NO,-4.0,234.0,119.0,12,25.0,35.9,51.8,PF/C,6500,1,25.0,16.0,107,111,6%,10,13,16,31,31,32,35.9,38.4,28.6,48.2,17.6,26.0,4.0,40.0,6.15,40.1,32.0,6.2,40.05,6.175000000000001,31.333333333333332,13.0,38.23,37.56666666666666,40.90212765957447
43,6,Tristan Thompson,0.0,CLE,DET,3.0,216.5,106.8,8,25.0,34.1,45.0,C,6000,3,20.0,20.0,101,108,-7%,10,11,12,31,31,32,33.5,36.2,26.7,45.7,30.2,30.5,5.1,32.0,5.33,32.2,31.0,5.4,32.1,5.365,31.333333333333332,11.0,34.839999999999996,34.699999999999996,31.75851063829787
43,7,CJ McCollum,0.0,POR,LAC,9.0,231.5,111.3,17,31.5,41.7,68.0,PG/SG,7100,3,26.0,16.0,105,103,-4%,15,20,20,35,36,37,43.4,37.1,24.7,49.5,28.6,31.3,4.4,34.8,4.89,34.4,36.5,4.8,34.599999999999994,4.845,36.0,18.333333333333332,37.86,47.06666666666666,35.08055555555555
45,0,Matthew Dellavedova,0.0,CLE,DET,3.0,216.5,106.8,14,2.8,7.0,15.5,PG/SG,3000,3,15.0,4.0,101,108,3%,3,3,3,12,11,14,7.0,8.2,3.9,12.6,3.3,2.0,0.7,8.8,2.92,7.6,10.5,2.5,8.2,2.71,12.333333333333334,3.0,7.979999999999999,8.433333333333334,6.981081081081079
45,1,Evan Fournier,0.0,ORL,WAS,2.0,228.0,113.0,14,26.0,35.9,41.0,SG/SF,6200,1,25.0,19.0,108,114,10%,15,18,14,34,36,31,35.6,30.6,20.9,40.3,35.1,40.5,6.5,34.5,5.56,34.6,34.0,5.6,34.55,5.58,33.666666666666664,15.666666666666666,32.39,34.300000000000004,34.892079207920794
45,2,Thabo Sefolosha,0.0,HOU,SA,-7.0,233.5,120.3,6,0.0,7.1,16.8,SF/PF,3300,2,11.0,9.0,103,112,9%,3,3,3,14,14,12,8.7,8.9,4.8,13.0,3.2,2.5,0.8,12.0,3.64,9.7,12.5,2.9,10.85,3.27,13.333333333333334,3.0,9.25,7.966666666666666,10.171875
45,3,Duncan Robinson,0.0,MIA,TOR,4.5,213.0,104.3,7,10.8,19.5,25.5,SG/SF,4500,1,15.0,12.0,104,100,-3%,7,7,8,27,26,27,19.4,19.3,9.9,28.7,27.0,30.5,6.8,18.3,4.06,18.8,27.5,4.2,18.55,4.13,26.666666666666668,7.333333333333333,19.17,18.599999999999998,19.129687500000003
45,4,Anfernee Simons,0.0,POR,LAC,9.0,231.5,111.3,17,2.5,11.2,19.5,PG/SG,3000,3,20.0,11.0,105,103,-4%,9,8,9,22,19,22,11.2,15.9,8.1,23.8,30.8,21.5,7.2,15.5,5.17,14.5,19.0,4.8,15.0,4.984999999999999,21.0,8.666666666666666,14.8,11.066666666666668,13.571428571428571
45,5,Danny Green,0.0,LAL,DEN,2.5,207.5,102.5,22,7.0,16.4,22.8,SG/SF,4000,1,14.0,11.0,100,100,-3%,8,7,7,24,25,25,16.4,18.3,9.2,27.5,31.0,24.8,6.2,16.8,4.19,17.0,26.5,4.3,16.9,4.245,24.666666666666668,7.333333333333333,17.660000000000004,15.4,18.156081081081076
45,6,Nikola Jokic,0.0,DEN,LAL,-2.5,207.5,105.0,1,28.5,42.5,62.5,C,8900,2,26.0,19.0,103,100,-17%,10,13,14,31,32,31,42.8,41.1,28.9,53.3,34.4,34.8,3.9,46.8,5.25,42.9,32.0,4.8,44.849999999999994,5.025,31.333333333333332,12.333333333333334,42.19,44.5,45.80425531914893
45,7,Terence Davis,0.0,TOR,MIA,-4.5,213.0,108.8,15,13.3,19.3,29.0,PG/SG,4200,1,17.0,17.0,103,101,4%,6,8,5,19,21,16,19.3,15.5,4.4,26.6,14.8,6.8,1.6,19.0,4.52,0.0,0.0,0.0,9.5,2.26,18.666666666666668,6.333333333333333,15.059999999999999,20.533333333333335,0.0
46,0,Alex Caruso,0.0,LAL,DEN,2.5,207.5,102.5,8,1.5,10.3,16.5,PG/SG,3200,1,14.0,9.0,100,100,-3%,4,3,5,22,20,20,10.3,12.8,7.5,18.2,15.8,14.5,4.5,11.3,3.52,12.1,19.5,3.8,11.7,3.66,20.666666666666668,4.0,12.1,9.433333333333334,11.039516129032256
46,1,Derrick Rose,0.0,DET,CLE,-3.0,216.5,109.8,24,15.0,27.9,34.3,PG/SG,5500,1,33.0,23.0,102,111,8%,10,13,13,20,22,23,27.9,28.6,20.1,37.2,21.8,28.0,5.1,26.0,4.73,26.7,24.0,4.9,26.35,4.815,21.666666666666668,12.0,28.03,25.73333333333333,29.18769230769231
46,2,Kelly Olynyk,0.0,MIA,TOR,4.5,213.0,104.3,1,0.0,21.5,42.0,PF/C,4100,1,16.0,14.0,104,100,-8%,10,7,7,25,27,24,25.3,21.4,12.3,30.6,35.5,32.0,7.8,20.5,5.0,19.2,22.5,4.7,19.85,4.85,25.333333333333332,8.0,21.890000000000004,21.166666666666668,17.62993421052632
46,3,Kawhi Leonard,0.0,LAC,POR,-9.0,231.5,120.3,8,40.5,43.9,48.5,SG/SF,8700,1,36.0,26.0,105,108,7%,22,20,21,29,28,32,43.9,49.3,41.3,57.4,28.1,34.3,3.9,42.8,4.91,47.4,32.0,5.4,45.099999999999994,5.155,29.666666666666668,21.0,47.39999999999999,44.300000000000004,48.64719101123595
46,4,Derrick White,0.0,SA,HOU,7.0,233.5,113.3,19,16.8,20.5,26.8,PG/SG,4300,1,18.0,14.0,108,106,-7%,8,7,8,26,25,25,20.2,20.7,13.7,27.6,25.7,17.8,4.1,22.5,5.23,21.6,25.5,5.0,22.05,5.115,25.333333333333332,7.666666666666667,20.85,21.366666666666664,22.195065789473684
46,5,Pascal Siakam,0.0,TOR,MIA,-4.5,213.0,108.8,7,38.3,46.8,53.3,PF/C,8500,1,29.0,20.0,103,101,4%,22,21,21,37,37,37,46.8,45.8,35.6,56.0,39.0,32.0,3.8,42.3,4.97,45.3,37.5,5.3,43.8,5.135,37.0,21.333333333333332,45.6,46.133333333333326,44.39189189189189
46,6,Maxi Kleber,0.0,DAL,NO,-4.0,234.0,119.0,12,9.0,15.5,20.8,PF/C,3700,1,13.0,12.0,107,111,6%,7,5,7,23,22,25,15.4,19.3,12.0,26.6,20.9,20.0,5.4,18.3,4.93,17.7,22.5,4.8,18.0,4.865,23.333333333333332,6.333333333333333,18.26,15.1,17.357142857142858
46,7,Luka Doncic,0.0,DAL,NO,-4.0,234.0,119.0,25,43.5,62.0,73.8,PG/SF,11300,1,38.0,33.0,107,111,7%,24,22,20,35,34,35,61.9,61.4,47.9,74.9,28.5,65.0,5.8,56.8,5.02,64.2,34.5,5.7,60.5,5.359999999999999,34.666666666666664,22.0,61.32000000000001,59.76666666666667,60.20913461538461
47,0,CJ McCollum,0.0,POR,LAC,9.0,231.5,111.3,17,31.5,41.7,68.0,PG/SG,7100,3,26.0,16.0,105,103,-4%,15,20,20,35,36,37,43.4,37.1,24.7,49.5,28.6,31.3,4.4,34.8,4.89,34.4,36.5,4.8,34.599999999999994,4.845,36.0,18.333333333333332,37.86,47.06666666666666,35.08055555555555
47,1,Seth Curry,0.0,DAL,NO,-4.0,234.0,119.0,25,4.3,11.7,16.5,PG/SG,3100,1,16.0,11.0,107,111,5%,6,6,6,18,19,22,11.7,14.0,5.5,22.6,27.1,27.5,8.9,14.0,4.52,12.8,19.0,4.1,13.4,4.31,19.666666666666668,6.0,13.440000000000001,10.833333333333334,12.945762711864408
47,2,Kristaps Porzingis,0.0,DAL,NO,-4.0,234.0,119.0,12,25.0,35.9,51.8,PF/C,6500,1,25.0,16.0,107,111,6%,10,13,16,31,31,32,35.9,38.4,28.6,48.2,17.6,26.0,4.0,40.0,6.15,40.1,32.0,6.2,40.05,6.175000000000001,31.333333333333332,13.0,38.23,37.56666666666666,40.90212765957447
47,3,Nassir Little,0.0,POR,LAC,9.0,231.5,111.3,5,3.5,9.2,13.8,SF/PF,3000,3,14.0,10.0,105,103,-9%,2,3,4,11,14,16,9.2,12.1,1.9,22.2,16.1,5.3,1.8,7.0,2.33,9.8,13.0,3.3,8.4,2.815,13.666666666666666,3.0,10.76,8.833333333333334,7.990243902439026
47,4,Ish Smith,0.0,WAS,ORL,-2.0,228.0,115.0,3,10.3,21.2,42.5,PG,3900,1,18.0,12.0,100,102,-4%,10,9,8,22,23,24,21.2,20.4,10.7,30.1,13.8,9.0,2.3,18.8,4.81,21.3,23.5,5.5,20.05,5.154999999999999,23.0,9.0,20.49,24.666666666666668,20.485869565217392
47,5,Terance Mann,0.0,LAC,POR,-9.0,231.5,120.3,8,0.0,5.7,13.8,SG/SF,3000,1,14.0,11.0,105,108,7%,2,2,2,9,8,9,5.7,6.4,-2.6,15.3,10.3,9.3,3.1,2.5,0.83,0.0,0.0,0.0,1.25,0.415,8.666666666666666,2.0,5.21,6.5,0.0
47,6,Ante Zizic,0.0,CLE,DET,3.0,216.5,106.8,8,1.3,9.3,12.8,C,3000,3,0.0,0.0,101,108,6%,3,4,4,7,13,13,9.3,9.3,4.5,14.0,3.8,3.3,1.1,7.3,2.42,0.0,0.0,0.0,3.65,1.21,11.0,3.6666666666666665,8.15,7.800000000000001,0.0
47,7,Jakob Poeltl,0.0,SA,HOU,7.0,233.5,113.3,7,19.0,23.1,28.0,C,4800,1,14.0,18.0,108,106,2%,5,4,4,21,22,18,23.4,18.1,11.0,25.2,41.2,43.3,9.0,28.3,5.89,28.3,27.5,5.9,28.3,5.895,20.333333333333332,4.333333333333333,21.2,23.366666666666664,38.27459016393443
48,0,Dejounte Murray,0.0,SA,HOU,7.0,233.5,113.3,19,15.8,20.0,25.0,PG,4800,1,23.0,17.0,108,106,-7%,7,7,8,21,22,22,20.2,26.4,15.9,36.9,18.0,19.8,4.1,24.8,5.16,24.6,22.0,5.1,24.700000000000003,5.13,21.666666666666668,7.333333333333333,24.82,20.266666666666666,25.080000000000002
48,1,James Harden,0.0,HOU,SA,-7.0,233.5,120.3,6,50.3,64.7,85.3,PG/SG,12500,2,40.0,32.0,103,112,8%,23,20,25,33,37,37,64.7,64.1,52.3,76.0,48.5,78.3,6.3,66.5,5.32,64.5,37.0,5.2,65.5,5.26,35.666666666666664,22.666666666666668,64.52000000000001,66.76666666666667,67.94859813084112
48,2,Serge Ibaka,0.0,TOR,MIA,-4.5,213.0,108.8,7,15.0,26.4,35.5,PF/C,4900,1,26.0,17.0,103,101,4%,10,12,11,17,22,23,26.4,26.0,19.0,33.0,22.0,26.3,5.4,24.0,4.9,22.2,20.5,4.5,23.1,4.7,20.666666666666668,11.0,25.5,25.633333333333336,22.913709677419355
48,3,Norman Powell,0.0,TOR,MIA,-4.5,213.0,108.8,15,17.0,27.8,42.0,SG/SF,5400,1,18.0,14.0,103,101,-8%,15,13,10,36,31,28,27.8,22.9,13.4,32.4,34.1,38.0,7.0,22.3,4.12,21.6,27.5,4.0,21.950000000000003,4.0600000000000005,31.666666666666668,12.666666666666666,23.69,28.933333333333334,19.06184210526316
48,4,Langston Galloway,0.0,DET,CLE,-3.0,216.5,109.8,24,13.0,18.5,26.8,PG/SG,3900,1,17.0,14.0,102,111,3%,5,8,9,24,31,28,18.5,20.1,13.0,27.3,22.2,22.0,5.6,18.8,4.81,15.4,22.0,3.9,17.1,4.3549999999999995,27.666666666666668,7.333333333333333,19.2,19.433333333333334,13.597590361445782
48,5,Skal Labissiere,0.0,POR,LAC,9.0,231.5,111.3,28,13.0,24.5,56.0,PF/C,4100,3,16.0,17.0,105,103,-9%,3,7,5,19,21,17,24.4,16.6,5.1,28.1,22.4,22.8,5.6,17.3,4.21,17.6,19.0,4.3,17.450000000000003,4.255,19.0,5.0,18.33,31.166666666666668,17.450000000000003
48,6,Khem Birch,0.0,ORL,WAS,2.0,228.0,113.0,21,9.3,19.5,29.5,C,4700,1,11.0,10.0,108,114,16%,5,4,3,29,27,20,19.5,13.3,3.7,23.0,28.4,22.8,4.9,26.3,5.59,24.0,28.0,5.1,25.15,5.345,25.333333333333332,4.0,16.93,19.433333333333334,27.79736842105263
48,7,Jrue Holiday,0.0,NO,DAL,4.0,234.0,115.0,23,32.8,44.0,60.5,PG/SG,7700,1,26.0,17.0,103,107,-6%,17,19,17,39,38,36,44.0,41.3,30.5,52.1,36.7,32.0,4.2,41.5,5.39,41.0,36.0,5.3,41.25,5.345,37.666666666666664,17.666666666666668,41.83,45.76666666666667,39.42477876106195
