Lineup Num,,Player Name,injury_status,team,opp,spread,over_under,implied_team_score,L5_dvp_rank,L5_ppg_floor,L5_ppg_avg,L5_ppg_max,Pos,Salary,Rest,USG,PER,Opp Pace,Opp DEff,Opp DvP,L2 FGA,L5 FGA,S FGA,L2 Min,L5 Min,S Min,L5 FP,S FP,Floor FP,Ceil FP,Actual Min,Actual FP,Actual Val,FantasyFuelPPGProj,FantasyFuelValueProj,DFN_PPGProj,DFN_MinProj,DFN_ValueProj,Avg Proj,Avg Value Proj,Avg Skewed Min,Avg Skewed FGA,Avg Skewed FP,Avg L5 PPG,Proj Min Enhanced
0,0,Damian Lillard,0.0,POR,PHI,1.0,223.0,111.0,2,42.8,52.3,58.3,PG,9100,2,31.0,24.0,104,107,-1%,24,22,22,39,38,38,52.3,52.3,46.4,58.2,39.1,57.3,6.3,46.3,5.08,48.1,36.5,5.3,47.2,5.1899999999999995,38.333333333333336,22.666666666666668,51.28000000000001,51.133333333333326,44.942608695652176
0,1,Rodney Hood,0.0,POR,PHI,1.0,223.0,111.0,13,18.8,22.5,34.0,SG/SF,3900,2,19.0,12.0,104,107,-5%,9,9,9,34,32,32,22.4,22.4,16.0,28.9,31.4,32.5,8.3,22.0,5.64,22.3,32.5,5.7,22.15,5.67,32.666666666666664,9.0,22.369999999999997,25.099999999999998,22.036989795918366
0,2,Giannis Antetokounmpo,0.0,MIL,TOR,-6.5,227.0,116.8,23,41.5,58.6,71.3,SF/PF,10700,0,32.0,31.0,103,104,-4%,15,16,16,33,32,32,58.9,58.9,46.3,71.5,36.4,77.3,7.2,59.0,5.51,61.5,33.5,5.7,60.25,5.605,32.333333333333336,15.666666666666666,59.17,57.133333333333326,62.423969072164944
0,3,Jake Layman,0.0,MIN,WAS,3.0,228.5,112.8,7,0.0,12.2,17.0,SF/PF,3600,2,16.0,14.0,104,111,4%,8,9,9,25,24,24,14.7,14.7,12.4,16.9,26.5,20.3,5.6,16.5,4.58,19.9,24.5,5.5,18.2,5.04,24.333333333333332,8.666666666666666,15.379999999999999,9.733333333333333,18.324657534246576
0,4,Terry Rozier,0.0,CHA,GS,-6.0,221.0,113.5,22,20.0,31.7,46.8,PG,6900,2,19.0,13.0,103,107,-3%,16,12,12,35,30,30,31.6,31.6,21.7,41.6,36.5,35.8,5.2,37.5,5.43,35.4,33.0,5.1,36.45,5.265,31.666666666666668,13.333333333333334,32.59,32.833333333333336,37.984736842105264
0,5,Jordan Poole,0.0,GS,CHA,6.0,221.0,107.5,27,11.5,16.8,23.0,SG/SF,3800,0,0.0,0.0,101,110,0%,11,11,11,25,24,24,16.6,16.6,11.8,21.4,30.8,9.3,2.4,18.0,4.74,26.2,32.0,6.9,22.1,5.82,24.333333333333332,11.0,17.7,17.099999999999998,29.06301369863014
0,6,Markieff Morris,0.0,DET,BKN,2.0,223.0,110.5,8,9.8,20.5,31.0,PF/C,4100,0,18.0,12.0,103,107,1%,13,10,10,32,29,28,20.5,20.0,12.7,27.3,34.5,22.5,5.5,25.3,6.16,28.0,31.0,6.8,26.65,6.48,29.666666666666668,11.0,21.43,20.433333333333334,27.847752808988762
0,7,Tobias Harris,0.0,PHI,POR,-1.0,223.0,112.0,1,28.8,37.1,44.3,SF/PF,7300,2,23.0,17.0,102,108,4%,16,14,14,36,36,36,37.5,37.5,29.8,45.2,35.9,42.3,5.8,35.8,4.9,36.4,35.5,5.0,36.099999999999994,4.95,36.0,14.666666666666666,37.22,36.733333333333334,35.598611111111104
1,0,Damian Lillard,0.0,POR,PHI,1.0,223.0,111.0,2,42.8,52.3,58.3,PG,9100,2,31.0,24.0,104,107,-1%,24,22,22,39,38,38,52.3,52.3,46.4,58.2,39.1,57.3,6.3,46.3,5.08,48.1,36.5,5.3,47.2,5.1899999999999995,38.333333333333336,22.666666666666668,51.28000000000001,51.133333333333326,44.942608695652176
1,1,Langston Galloway,0.0,DET,BKN,2.0,223.0,110.5,17,10.5,17.7,22.8,PG/SG,3600,0,16.0,11.0,103,107,-6%,9,8,7,25,23,23,17.7,16.9,12.1,21.7,27.6,20.3,5.6,17.0,4.72,21.7,28.0,6.0,19.35,5.359999999999999,23.666666666666668,8.0,17.55,17.0,22.892957746478874
1,2,Tobias Harris,0.0,PHI,POR,-1.0,223.0,112.0,1,28.8,37.1,44.3,SF/PF,7300,2,23.0,17.0,102,108,4%,16,14,14,36,36,36,37.5,37.5,29.8,45.2,35.9,42.3,5.8,35.8,4.9,36.4,35.5,5.0,36.099999999999994,4.95,36.0,14.666666666666666,37.22,36.733333333333334,35.598611111111104
1,3,Treveon Graham,0.0,MIN,WAS,3.0,228.5,112.8,7,6.0,13.9,24.5,SF/PF,3300,2,13.0,6.0,104,111,4%,5,8,8,21,25,25,15.9,15.9,9.6,22.1,14.3,9.3,2.8,15.0,4.55,14.6,22.0,4.4,14.8,4.475,23.666666666666668,7.0,15.660000000000002,14.799999999999999,13.757746478873239
1,4,Tyler Johnson,0.0,PHO,MEM,-3.0,221.5,112.3,28,5.5,12.7,21.5,PG/SG,3200,2,20.0,12.0,99,106,1%,4,6,6,16,19,19,12.7,12.7,5.3,20.1,20.4,18.0,5.6,9.8,3.05,12.3,15.5,3.8,11.05,3.425,18.0,5.333333333333333,12.37,13.233333333333334,9.51527777777778
1,5,Marvin Williams,0.0,CHA,GS,-6.0,221.0,113.5,29,0.3,11.4,23.5,SF/PF,3100,2,15.0,13.0,103,107,-1%,4,5,5,19,17,17,11.3,11.3,1.8,20.9,24.1,19.8,6.4,13.8,4.44,14.9,18.5,4.8,14.350000000000001,4.62,17.666666666666668,4.666666666666667,11.93,11.733333333333334,15.02688679245283
1,6,Frank Kaminsky,0.0,PHO,MEM,-3.0,221.5,112.3,26,8.5,25.0,37.0,PF/C,4500,2,22.0,17.0,99,106,-4%,9,10,10,25,26,26,24.9,24.9,12.9,37.0,22.5,22.8,5.1,27.3,6.06,24.3,25.5,5.4,25.8,5.73,25.666666666666668,9.666666666666666,25.1,23.5,25.632467532467533
1,7,Joe Harris,0.0,BKN,DET,-2.0,223.0,112.5,10,15.5,24.0,36.3,SG/SF,4500,0,17.0,14.0,100,107,-3%,9,10,10,32,34,34,23.9,23.9,16.3,31.6,30.7,25.0,5.6,21.8,4.83,20.7,31.0,4.6,21.25,4.715,33.333333333333336,9.666666666666666,23.39,25.266666666666666,19.7625
2,0,Markelle Fultz,0.0,ORL,DEN,4.0,200.5,98.3,19,10.8,18.3,23.5,PG/SG,3700,0,0.0,0.0,100,107,-8%,6,9,9,20,23,23,18.3,18.3,12.7,23.9,24.9,18.8,5.1,17.5,4.73,22.3,26.0,6.0,19.9,5.365,22.0,8.0,18.619999999999997,17.533333333333335,23.518181818181816
2,1,Dillon Brooks,0.0,MEM,PHO,3.0,221.5,109.3,14,16.8,20.6,30.0,SG/SF,4300,3,0.0,0.0,103,112,-3%,11,10,10,30,27,27,21.3,21.3,15.3,27.3,23.7,22.5,5.2,20.5,4.77,21.1,29.0,4.9,20.8,4.835,28.0,10.333333333333334,21.2,22.46666666666667,21.542857142857144
2,2,Mike Scott,0.0,PHI,POR,-1.0,223.0,112.0,1,1.3,11.6,24.8,SF/PF,3400,2,15.0,9.0,102,108,-1%,3,5,5,13,16,16,13.3,13.3,3.6,23.0,16.5,14.5,4.3,15.0,4.41,17.4,23.5,5.1,16.2,4.755,15.0,4.333333333333333,13.88,12.566666666666668,25.379999999999995
2,3,Ben Simmons,0.0,PHI,POR,-1.0,223.0,112.0,20,31.5,39.3,46.0,PG/SF,8700,2,24.0,20.0,102,108,-1%,12,13,13,35,35,35,40.1,40.1,33.1,47.0,36.4,47.8,5.5,45.8,5.26,46.2,35.0,5.3,46.0,5.279999999999999,35.0,12.666666666666666,41.260000000000005,38.93333333333333,46.0
2,4,Matt Thomas,0.0,TOR,MIL,6.5,227.0,110.3,2,0.0,6.1,12.3,SG,3000,2,0.0,0.0,105,103,-4%,2,2,2,11,11,11,6.1,6.1,-2.5,14.8,8.8,5.5,1.8,5.8,1.92,0.0,0.0,0.0,2.9,0.96,11.0,2.0,5.4799999999999995,6.133333333333333,0.0
2,5,Wesley Matthews,0.0,MIL,TOR,-6.5,227.0,116.8,20,2.0,17.1,27.0,SG/SF,4100,0,19.0,10.0,103,104,-3%,5,8,8,25,28,28,17.1,17.1,6.9,27.2,9.3,5.5,1.3,19.5,4.76,19.1,28.0,4.7,19.3,4.73,27.0,7.0,17.520000000000003,15.366666666666667,20.014814814814812
2,6,Frank Kaminsky,0.0,PHO,MEM,-3.0,221.5,112.3,26,8.5,25.0,37.0,PF/C,4500,2,22.0,17.0,99,106,-4%,9,10,10,25,26,26,24.9,24.9,12.9,37.0,22.5,22.8,5.1,27.3,6.06,24.3,25.5,5.4,25.8,5.73,25.666666666666668,9.666666666666666,25.1,23.5,25.632467532467533
2,7,Noah Vonleh,0.0,MIN,WAS,3.0,228.5,112.8,4,5.0,10.1,14.3,PF/C,4200,2,15.0,14.0,104,111,9%,4,3,3,14,14,14,11.4,11.4,7.3,15.4,13.1,15.8,3.8,18.3,4.35,16.8,17.0,4.0,17.55,4.175,14.0,3.3333333333333335,12.61,9.799999999999999,21.310714285714287
3,0,Ky Bowman,0.0,GS,CHA,6.0,221.0,107.5,14,-0.5,6.1,18.8,PG,4600,0,0.0,0.0,101,110,0%,5,4,4,14,10,10,6.1,6.1,-1.4,13.6,38.7,34.8,7.6,12.3,2.66,23.8,27.5,5.2,18.05,3.93,11.333333333333334,4.333333333333333,8.49,8.133333333333333,43.79779411764706
3,1,Joe Harris,0.0,BKN,DET,-2.0,223.0,112.5,10,15.5,24.0,36.3,SG/SF,4500,0,17.0,14.0,100,107,-3%,9,10,10,32,34,34,23.9,23.9,16.3,31.6,30.7,25.0,5.6,21.8,4.83,20.7,31.0,4.6,21.25,4.715,33.333333333333336,9.666666666666666,23.39,25.266666666666666,19.7625
3,2,Jonathan Isaac,0.0,ORL,DEN,4.0,200.5,98.3,5,21.0,28.9,44.8,SF/PF,5600,0,16.0,13.0,100,107,0%,9,8,8,30,29,29,28.9,28.9,19.3,38.4,35.7,25.8,4.6,27.0,4.82,28.4,31.0,5.1,27.7,4.96,29.333333333333332,8.333333333333334,28.639999999999997,31.566666666666663,29.273863636363636
3,3,Furkan Korkmaz,0.0,PHI,POR,-1.0,223.0,112.0,25,1.0,10.2,21.0,SG/SF,3100,2,18.0,11.0,102,108,-8%,7,5,5,17,15,15,8.9,8.9,0.3,17.5,19.7,23.3,7.5,13.5,4.35,13.8,17.0,4.5,13.65,4.425,15.666666666666666,5.666666666666667,9.849999999999998,10.733333333333334,14.811702127659574
3,4,Khris Middleton,0.0,MIL,TOR,-6.5,227.0,116.8,20,23.5,33.1,39.0,SG/SF,7100,0,25.0,17.0,103,104,0%,12,14,14,27,31,31,33.1,33.1,26.7,39.5,33.7,25.0,3.5,36.3,5.11,36.9,32.5,5.2,36.599999999999994,5.155,29.666666666666668,13.333333333333334,33.8,31.866666666666664,40.09550561797752
3,5,Chris Boucher,0.0,TOR,MIL,6.5,227.0,110.3,6,1.3,5.1,8.0,PF/C,3000,2,0.0,0.0,105,103,-2%,1,1,1,4,4,4,5.5,5.5,3.1,7.9,4.2,1.3,0.4,12.3,4.08,0.0,0.0,0.0,6.15,2.04,4.0,1.0,5.63,4.8,0.0
3,6,Ersan Ilyasova,0.0,MIL,TOR,-6.5,227.0,116.8,2,14.5,20.5,29.8,PF/C,3400,0,15.0,12.0,103,104,-4%,6,6,6,16,18,18,20.5,20.5,14.4,26.6,21.5,19.5,5.7,16.3,4.78,15.1,17.5,4.4,15.7,4.59,17.333333333333332,6.0,19.54,21.599999999999998,15.850961538461538
3,7,Fred VanVleet,0.0,TOR,MIL,6.5,227.0,110.3,23,26.3,36.2,56.3,PG/SG,6300,2,19.0,14.0,105,103,-4%,12,13,13,35,37,37,36.2,36.2,24.6,47.8,41.3,30.5,4.8,33.0,5.24,32.2,35.0,5.1,32.6,5.17,36.333333333333336,12.666666666666666,35.480000000000004,39.6,31.40366972477064
4,0,CJ McCollum,0.0,POR,PHI,1.0,223.0,111.0,2,20.8,34.8,52.0,PG/SG,6700,2,26.0,17.0,104,107,-5%,22,21,21,37,37,37,35.2,35.2,23.1,47.3,38.4,20.3,3.0,32.8,4.89,33.6,34.5,5.0,33.2,4.945,37.0,21.333333333333332,34.8,35.86666666666667,30.956756756756757
4,1,Kent Bazemore,0.0,POR,PHI,1.0,223.0,111.0,13,13.3,19.9,30.5,SG/SF,4000,2,22.0,12.0,104,107,-5%,9,8,8,23,25,25,19.9,19.9,13.2,26.5,25.9,23.5,5.9,19.0,4.75,20.3,24.5,5.1,19.65,4.925,24.333333333333332,8.333333333333334,19.830000000000002,21.233333333333334,19.78458904109589
4,2,OG Anunoby,0.0,TOR,MIL,6.5,227.0,110.3,18,20.5,29.9,40.0,SF/PF,4900,2,15.0,10.0,105,103,1%,11,10,10,37,35,35,29.9,29.9,21.0,38.7,31.1,23.3,4.8,24.3,4.95,26.5,35.5,5.4,25.4,5.175000000000001,35.666666666666664,10.333333333333334,28.98,30.133333333333336,25.281308411214955
4,3,Robert Covington,0.0,MIN,WAS,3.0,228.5,112.8,7,16.3,25.3,34.0,SF/PF,5400,2,16.0,13.0,104,111,4%,9,10,10,27,26,26,23.1,23.1,16.2,30.0,19.7,32.0,5.9,29.3,5.42,29.5,29.5,5.5,29.4,5.46,26.333333333333332,9.666666666666666,24.360000000000003,25.2,32.93544303797468
4,4,Jeff Teague,0.0,MIN,WAS,3.0,228.5,112.8,30,17.5,29.4,45.8,PG,5900,2,22.0,15.0,104,111,5%,11,8,8,28,28,28,25.3,25.3,17.4,33.2,27.6,46.0,7.8,31.0,5.25,31.1,30.0,5.3,31.05,5.275,28.0,9.0,26.450000000000006,30.899999999999995,33.267857142857146
4,5,Rodions Kurucs,0.0,BKN,DET,-2.0,223.0,112.5,20,0.8,7.0,17.5,SF/PF,3100,0,18.0,11.0,100,107,-8%,2,3,3,15,12,12,7.0,7.0,0.3,13.7,15.0,5.3,1.7,13.3,4.27,9.7,12.0,3.1,11.5,3.6849999999999996,13.0,2.6666666666666665,7.9,8.433333333333334,10.615384615384615
4,6,Chris Boucher,0.0,TOR,MIL,6.5,227.0,110.3,6,1.3,5.1,8.0,PF/C,3000,2,0.0,0.0,105,103,-2%,1,1,1,4,4,4,5.5,5.5,3.1,7.9,4.2,1.3,0.4,12.3,4.08,0.0,0.0,0.0,6.15,2.04,4.0,1.0,5.63,4.8,0.0
4,7,Nikola Jokic,0.0,DEN,ORL,-4.0,200.5,102.3,7,30.5,42.7,65.0,C,10300,1,29.0,26.0,100,106,-6%,7,12,12,30,31,31,43.3,43.3,29.0,57.6,31.4,35.8,3.5,48.3,4.68,45.3,31.5,4.4,46.8,4.54,30.666666666666668,10.333333333333334,44.0,46.06666666666666,48.07173913043478
5,0,Fred VanVleet,0.0,TOR,MIL,6.5,227.0,110.3,23,26.3,36.2,56.3,PG/SG,6300,2,19.0,14.0,105,103,-4%,12,13,13,35,37,37,36.2,36.2,24.6,47.8,41.3,30.5,4.8,33.0,5.24,32.2,35.0,5.1,32.6,5.17,36.333333333333336,12.666666666666666,35.480000000000004,39.6,31.40366972477064
5,1,Terrence Ross,0.0,ORL,DEN,4.0,200.5,98.3,6,6.3,15.2,19.5,SG/SF,3600,0,23.0,15.0,100,107,-6%,13,11,11,22,22,22,15.2,15.2,9.8,20.5,22.3,26.8,7.4,16.8,4.65,18.6,22.5,5.2,17.700000000000003,4.925000000000001,22.0,11.666666666666666,15.680000000000001,13.666666666666666,18.10227272727273
5,2,Miles Bridges,0.0,CHA,GS,-6.0,221.0,113.5,29,21.3,25.7,34.5,SF/PF,5600,2,15.0,13.0,103,107,0%,11,11,11,35,33,33,26.1,26.1,20.8,31.4,29.5,13.0,2.3,32.8,5.85,29.3,34.5,5.2,31.049999999999997,5.525,33.666666666666664,11.0,27.089999999999996,27.166666666666668,31.81856435643564
5,3,Jae Crowder,0.0,MEM,PHO,3.0,221.5,109.3,24,15.8,25.9,30.5,SF/PF,5200,3,19.0,12.0,103,112,1%,7,10,10,32,32,32,24.8,24.8,18.4,31.1,26.7,11.0,2.1,25.3,4.86,24.9,30.5,4.8,25.1,4.83,32.0,9.0,24.839999999999996,24.066666666666666,23.923437500000002
5,4,Dwayne Bacon,0.0,CHA,GS,-6.0,221.0,113.5,8,11.0,20.1,36.8,SG/SF,4300,2,17.0,12.0,103,107,0%,7,12,12,24,28,28,20.1,20.1,9.0,31.1,37.4,39.5,9.2,23.3,5.41,22.4,27.0,5.2,22.85,5.305,26.666666666666668,10.333333333333334,20.630000000000003,22.633333333333336,23.135625
5,5,Al Horford,0.0,PHI,POR,-1.0,223.0,112.0,23,25.0,33.5,44.8,PF/C,7000,2,20.0,20.0,102,108,-1%,8,12,12,33,33,33,34.6,34.6,25.5,43.7,30.5,47.8,6.8,36.0,5.14,36.4,33.5,5.2,36.2,5.17,33.0,10.666666666666666,34.92,34.43333333333333,36.74848484848486
5,6,Ersan Ilyasova,0.0,MIL,TOR,-6.5,227.0,116.8,2,14.5,20.5,29.8,PF/C,3400,0,15.0,12.0,103,104,-4%,6,6,6,16,18,18,20.5,20.5,14.4,26.6,21.5,19.5,5.7,16.3,4.78,15.1,17.5,4.4,15.7,4.59,17.333333333333332,6.0,19.54,21.599999999999998,15.850961538461538
5,7,Gary Harris,0.0,DEN,ORL,-4.0,200.5,102.3,5,13.8,22.0,31.3,SG,4700,1,20.0,12.0,100,106,-2%,13,11,11,31,32,32,21.7,21.7,14.1,29.3,34.5,26.0,5.5,24.8,5.27,23.6,32.0,5.0,24.200000000000003,5.135,31.666666666666668,11.666666666666666,22.2,22.366666666666664,24.454736842105266
6,0,Ben Simmons,0.0,PHI,POR,-1.0,223.0,112.0,20,31.5,39.3,46.0,PG/SF,8700,2,24.0,20.0,102,108,-1%,12,13,13,35,35,35,40.1,40.1,33.1,47.0,36.4,47.8,5.5,45.8,5.26,46.2,35.0,5.3,46.0,5.279999999999999,35.0,12.666666666666666,41.260000000000005,38.93333333333333,46.0
6,1,Josh Okogie,0.0,MIN,WAS,3.0,228.5,112.8,17,4.8,18.3,24.5,SG/SF,3800,2,15.0,9.0,104,111,-4%,5,5,5,21,21,21,21.7,21.7,19.2,24.1,29.1,23.0,6.1,18.3,4.8,17.4,20.0,4.6,17.85,4.699999999999999,21.0,5.0,20.910000000000004,15.866666666666667,17.0
6,2,Cameron Johnson,0.0,PHO,MEM,-3.0,221.5,112.3,2,7.3,11.2,17.8,SF/PF,3100,2,0.0,0.0,99,106,-4%,5,4,4,14,12,12,10.9,10.9,5.6,16.2,17.4,8.3,2.7,14.0,4.52,8.7,11.5,2.8,11.35,3.6599999999999997,12.666666666666666,4.333333333333333,10.99,12.1,10.304605263157896
6,3,Evan Fournier,0.0,ORL,DEN,4.0,200.5,98.3,6,24.8,27.7,31.3,SG/SF,5100,0,22.0,12.0,100,107,0%,12,14,14,25,27,27,27.6,27.6,25.0,30.3,27.1,20.5,4.0,23.3,4.56,24.0,29.5,4.7,23.65,4.63,26.333333333333332,13.333333333333334,26.830000000000002,27.933333333333334,26.49398734177215
6,4,Jamal Murray,0.0,DEN,ORL,-4.0,200.5,102.3,7,25.0,31.6,43.8,PG/SG,7000,1,26.0,16.0,100,106,-2%,14,15,15,30,33,33,31.6,31.6,24.3,38.8,32.3,32.0,4.6,33.3,4.75,32.5,33.0,4.6,32.9,4.675,32.0,14.666666666666666,31.839999999999996,33.46666666666667,33.928125
6,5,Michael Porter Jr.,0.0,DEN,ORL,-4.0,200.5,102.3,12,21.5,21.5,21.5,SF/PF,3100,1,0.0,0.0,100,106,-6%,8,8,8,21,21,21,21.5,21.5,21.5,21.5,7.4,7.5,2.4,11.5,3.71,15.3,18.0,4.9,13.4,4.305,21.0,8.0,19.880000000000003,21.5,11.485714285714288
6,6,Chris Boucher,0.0,TOR,MIL,6.5,227.0,110.3,6,1.3,5.1,8.0,PF/C,3000,2,0.0,0.0,105,103,-2%,1,1,1,4,4,4,5.5,5.5,3.1,7.9,4.2,1.3,0.4,12.3,4.08,0.0,0.0,0.0,6.15,2.04,4.0,1.0,5.63,4.8,0.0
6,7,Gary Harris,0.0,DEN,ORL,-4.0,200.5,102.3,5,13.8,22.0,31.3,SG,4700,1,20.0,12.0,100,106,-2%,13,11,11,31,32,32,21.7,21.7,14.1,29.3,34.5,26.0,5.5,24.8,5.27,23.6,32.0,5.0,24.200000000000003,5.135,31.666666666666668,11.666666666666666,22.2,22.366666666666664,24.454736842105266
7,0,Tyus Jones,0.0,MEM,PHO,3.0,221.5,109.3,3,7.0,17.1,29.8,PG,3900,3,16.0,14.0,103,112,5%,7,8,8,19,20,20,16.0,16.0,6.1,25.9,22.2,19.0,4.9,15.5,3.97,16.0,19.0,4.1,15.75,4.035,19.666666666666668,7.666666666666667,15.95,17.96666666666667,15.216101694915254
7,1,Luke Kennard,0.0,DET,BKN,2.0,223.0,110.5,15,14.8,22.6,27.3,SG/SF,5000,0,18.0,12.0,103,107,-6%,9,10,11,30,31,30,22.6,25.4,17.2,33.5,37.4,34.3,6.9,25.5,5.1,30.3,33.0,6.1,27.9,5.6,30.333333333333332,10.0,25.32,21.566666666666666,30.35274725274725
7,2,Robert Covington,0.0,MIN,WAS,3.0,228.5,112.8,7,16.3,25.3,34.0,SF/PF,5400,2,16.0,13.0,104,111,4%,9,10,10,27,26,26,23.1,23.1,16.2,30.0,19.7,32.0,5.9,29.3,5.42,29.5,29.5,5.5,29.4,5.46,26.333333333333332,9.666666666666666,24.360000000000003,25.2,32.93544303797468
7,3,Damion Lee,0.0,GS,CHA,6.0,221.0,107.5,27,5.8,18.7,42.3,SG/SF,3500,0,0.0,0.0,101,110,6%,7,6,6,18,17,17,18.7,18.7,3.3,34.1,26.8,20.0,5.7,20.5,5.86,26.0,28.0,7.4,23.25,6.630000000000001,17.333333333333332,6.333333333333333,19.61,22.266666666666666,37.557692307692314
7,4,Jordan Poole,0.0,GS,CHA,6.0,221.0,107.5,27,11.5,16.8,23.0,SG/SF,3800,0,0.0,0.0,101,110,0%,11,11,11,25,24,24,16.6,16.6,11.8,21.4,30.8,9.3,2.4,18.0,4.74,26.2,32.0,6.9,22.1,5.82,24.333333333333332,11.0,17.7,17.099999999999998,29.06301369863014
7,5,Jarrett Culver,0.0,MIN,WAS,3.0,228.5,112.8,17,4.3,6.5,9.5,SG/SF,3200,2,0.0,0.0,104,111,5%,6,5,5,14,15,15,6.5,6.5,4.0,9.0,26.2,28.8,9.0,7.0,2.19,11.7,13.5,3.7,9.35,2.9450000000000003,14.666666666666666,5.333333333333333,7.07,6.766666666666667,8.60625
7,6,Jerami Grant,0.0,DEN,ORL,-4.0,200.5,102.3,24,6.8,15.6,21.8,PF/C,3800,1,15.0,14.0,100,106,-5%,8,8,8,21,24,24,15.6,15.6,9.8,21.4,21.2,7.3,1.9,17.8,4.67,17.0,25.5,4.5,17.4,4.585,23.0,8.0,15.959999999999997,14.733333333333334,19.291304347826085
7,7,Kyrie Irving,0.0,BKN,DET,-2.0,223.0,112.5,16,41.0,55.2,76.0,PG,9300,0,30.0,24.0,100,107,-3%,19,23,23,33,34,34,55.2,55.2,40.7,69.7,33.2,52.3,5.6,46.3,4.97,48.5,33.0,5.2,47.4,5.085,33.666666666666664,21.666666666666668,53.64,57.4,46.46138613861387
8,0,Langston Galloway,0.0,DET,BKN,2.0,223.0,110.5,17,10.5,17.7,22.8,PG/SG,3600,0,16.0,11.0,103,107,-6%,9,8,7,25,23,23,17.7,16.9,12.1,21.7,27.6,20.3,5.6,17.0,4.72,21.7,28.0,6.0,19.35,5.359999999999999,23.666666666666668,8.0,17.55,17.0,22.892957746478874
8,1,Andrew Wiggins,0.0,MIN,WAS,3.0,228.5,112.8,17,27.5,32.2,37.8,SG/SF,7100,2,24.0,12.0,104,111,4%,17,19,19,34,34,34,30.8,30.8,28.4,33.3,26.4,39.8,5.6,35.0,4.93,35.2,34.0,5.0,35.1,4.965,34.0,18.333333333333332,31.68,32.5,35.1
8,2,Davis Bertans,0.0,WAS,MIN,-3.0,228.5,115.8,8,7.0,21.2,31.5,SF/PF,4100,2,14.0,13.0,103,110,8%,9,9,9,30,29,29,24.8,24.8,16.7,32.8,27.1,15.3,3.7,22.3,5.43,21.5,26.0,5.2,21.9,5.3149999999999995,29.333333333333332,9.0,24.2,19.900000000000002,19.411363636363635
8,3,Damion Lee,0.0,GS,CHA,6.0,221.0,107.5,27,5.8,18.7,42.3,SG/SF,3500,0,0.0,0.0,101,110,6%,7,6,6,18,17,17,18.7,18.7,3.3,34.1,26.8,20.0,5.7,20.5,5.86,26.0,28.0,7.4,23.25,6.630000000000001,17.333333333333332,6.333333333333333,19.61,22.266666666666666,37.557692307692314
8,4,Caris LeVert,0.0,BKN,DET,-2.0,223.0,112.5,10,22.0,32.1,40.0,SG/SF,6100,0,25.0,15.0,100,107,-3%,17,16,16,33,33,33,32.0,32.0,24.4,39.7,27.6,22.5,3.7,33.0,5.41,32.0,32.5,5.2,32.5,5.305,33.0,16.333333333333332,32.12,31.366666666666664,32.00757575757576
8,5,Jordan Poole,0.0,GS,CHA,6.0,221.0,107.5,27,11.5,16.8,23.0,SG/SF,3800,0,0.0,0.0,101,110,0%,11,11,11,25,24,24,16.6,16.6,11.8,21.4,30.8,9.3,2.4,18.0,4.74,26.2,32.0,6.9,22.1,5.82,24.333333333333332,11.0,17.7,17.099999999999998,29.06301369863014
8,6,Nikola Vucevic,0.0,ORL,DEN,4.0,200.5,98.3,6,23.5,35.9,49.3,C,9000,0,28.0,26.0,100,107,-4%,15,15,15,30,30,30,35.4,35.4,25.8,44.9,33.8,37.3,4.1,41.0,4.56,41.0,31.5,4.6,41.0,4.58,30.0,15.0,36.5,36.23333333333333,43.050000000000004
8,7,Khris Middleton,0.0,MIL,TOR,-6.5,227.0,116.8,20,23.5,33.1,39.0,SG/SF,7100,0,25.0,17.0,103,104,0%,12,14,14,27,31,31,33.1,33.1,26.7,39.5,33.7,25.0,3.5,36.3,5.11,36.9,32.5,5.2,36.599999999999994,5.155,29.666666666666668,13.333333333333334,33.8,31.866666666666664,40.09550561797752
9,0,Ricky Rubio,0.0,PHO,MEM,-3.0,221.5,112.3,28,30.8,37.4,42.5,PG,6500,2,24.0,14.0,99,106,-4%,9,9,9,31,32,32,35.6,35.6,30.6,40.5,35.3,31.8,4.9,32.8,5.04,32.9,31.5,5.1,32.849999999999994,5.07,31.666666666666668,9.0,35.03,36.9,32.677105263157884
9,1,Terrence Ross,0.0,ORL,DEN,4.0,200.5,98.3,6,6.3,15.2,19.5,SG/SF,3600,0,23.0,15.0,100,107,-6%,13,11,11,22,22,22,15.2,15.2,9.8,20.5,22.3,26.8,7.4,16.8,4.65,18.6,22.5,5.2,17.700000000000003,4.925000000000001,22.0,11.666666666666666,15.680000000000001,13.666666666666666,18.10227272727273
9,2,Kelly Oubre Jr.,0.0,PHO,MEM,-3.0,221.5,112.3,2,21.3,34.0,40.5,SF/PF,6600,2,24.0,15.0,99,106,-4%,15,14,14,33,31,31,34.0,34.0,26.3,41.7,28.4,24.5,3.7,32.5,4.92,32.8,33.0,5.0,32.65,4.96,31.666666666666668,14.333333333333334,33.730000000000004,31.933333333333334,34.024736842105256
9,3,Marvin Williams,0.0,CHA,GS,-6.0,221.0,113.5,29,0.3,11.4,23.5,SF/PF,3100,2,15.0,13.0,103,107,-1%,4,5,5,19,17,17,11.3,11.3,1.8,20.9,24.1,19.8,6.4,13.8,4.44,14.9,18.5,4.8,14.350000000000001,4.62,17.666666666666668,4.666666666666667,11.93,11.733333333333334,15.02688679245283
9,4,Jamal Murray,0.0,DEN,ORL,-4.0,200.5,102.3,7,25.0,31.6,43.8,PG/SG,7000,1,26.0,16.0,100,106,-2%,14,15,15,30,33,33,31.6,31.6,24.3,38.8,32.3,32.0,4.6,33.3,4.75,32.5,33.0,4.6,32.9,4.675,32.0,14.666666666666666,31.839999999999996,33.46666666666667,33.928125
9,5,Troy Brown,0.0,WAS,MIN,-3.0,228.5,115.8,23,12.0,20.3,33.0,SG/SF,3900,2,17.0,11.0,103,110,8%,7,7,7,17,17,17,18.3,18.3,18.3,18.3,21.8,21.3,5.5,18.5,4.74,17.5,20.0,4.5,18.0,4.62,17.0,7.0,18.240000000000002,21.766666666666666,21.176470588235293
9,6,Jerami Grant,0.0,DEN,ORL,-4.0,200.5,102.3,24,6.8,15.6,21.8,PF/C,3800,1,15.0,14.0,100,106,-5%,8,8,8,21,24,24,15.6,15.6,9.8,21.4,21.2,7.3,1.9,17.8,4.67,17.0,25.5,4.5,17.4,4.585,23.0,8.0,15.959999999999997,14.733333333333334,19.291304347826085
9,7,Matt Thomas,0.0,TOR,MIL,6.5,227.0,110.3,2,0.0,6.1,12.3,SG,3000,2,0.0,0.0,105,103,-4%,2,2,2,11,11,11,6.1,6.1,-2.5,14.8,8.8,5.5,1.8,5.8,1.92,0.0,0.0,0.0,2.9,0.96,11.0,2.0,5.4799999999999995,6.133333333333333,0.0
10,0,Isaiah Thomas,0.0,WAS,MIN,-3.0,228.5,115.8,27,2.5,20.5,36.5,PG,4800,2,0.0,0.0,103,110,-1%,13,8,8,22,15,15,21.6,21.6,2.4,40.7,19.4,33.0,6.9,25.8,5.36,27.0,24.0,5.6,26.4,5.48,17.333333333333332,9.666666666666666,22.540000000000003,19.833333333333332,36.55384615384615
10,1,Jamal Murray,0.0,DEN,ORL,-4.0,200.5,102.3,7,25.0,31.6,43.8,PG/SG,7000,1,26.0,16.0,100,106,-2%,14,15,15,30,33,33,31.6,31.6,24.3,38.8,32.3,32.0,4.6,33.3,4.75,32.5,33.0,4.6,32.9,4.675,32.0,14.666666666666666,31.839999999999996,33.46666666666667,33.928125
10,2,OG Anunoby,0.0,TOR,MIL,6.5,227.0,110.3,18,20.5,29.9,40.0,SF/PF,4900,2,15.0,10.0,105,103,1%,11,10,10,37,35,35,29.9,29.9,21.0,38.7,31.1,23.3,4.8,24.3,4.95,26.5,35.5,5.4,25.4,5.175000000000001,35.666666666666664,10.333333333333334,28.98,30.133333333333336,25.281308411214955
10,3,Bruce Brown Jr.,0.0,DET,BKN,2.0,223.0,110.5,15,4.0,9.7,19.8,SG/SF,3100,0,12.0,7.0,103,107,-6%,3,4,4,21,20,22,9.7,10.8,4.5,17.1,40.3,39.0,12.6,13.5,4.35,20.6,28.5,6.6,17.05,5.475,21.0,3.6666666666666665,11.830000000000002,11.166666666666666,23.139285714285716
10,4,Ish Smith,0.0,WAS,MIN,-3.0,228.5,115.8,27,7.5,17.4,33.8,PG,4600,2,21.0,12.0,103,110,-1%,10,9,9,26,27,27,19.8,19.8,10.1,29.6,31.3,21.3,4.6,21.0,4.57,19.8,23.5,4.3,20.4,4.4350000000000005,26.666666666666668,9.333333333333334,19.939999999999998,19.566666666666666,17.9775
10,5,Tony Snell,0.0,DET,BKN,2.0,223.0,110.5,15,11.0,14.1,18.0,SG/SF,3300,0,13.0,11.0,103,107,-6%,6,6,6,23,25,27,14.1,14.4,11.2,17.6,30.6,20.0,6.1,15.3,4.62,17.4,27.5,5.3,16.35,4.96,25.0,6.0,14.73,14.366666666666667,17.985
10,6,Marquese Chriss,0.0,GS,CHA,6.0,221.0,107.5,25,6.5,17.5,26.0,PF/C,3100,0,0.0,0.0,101,110,2%,4,4,4,14,16,16,16.7,16.7,8.8,24.6,7.5,4.8,1.5,18.8,6.05,21.9,20.5,7.1,20.35,6.574999999999999,15.333333333333334,4.0,17.43,16.666666666666668,27.207065217391307
10,7,Al-Farouq Aminu,0.0,ORL,DEN,4.0,200.5,98.3,5,6.0,17.4,29.8,SF/PF,3700,0,14.0,13.0,100,107,0%,6,5,5,23,24,24,17.4,17.4,8.1,26.6,25.1,17.0,4.6,17.8,4.8,16.3,21.5,4.4,17.05,4.6,23.666666666666668,5.333333333333333,17.31,17.733333333333334,15.489084507042254
11,0,Ja Morant,0.0,MEM,PHO,3.0,221.5,109.3,3,25.3,31.8,50.0,PG,6800,3,0.0,0.0,103,112,5%,18,14,14,29,28,28,31.8,31.8,19.6,43.9,28.7,39.3,5.8,32.3,4.74,33.4,28.5,4.9,32.849999999999994,4.82,28.333333333333332,15.333333333333334,31.99,35.699999999999996,33.04323529411764
11,1,Matisse Thybulle,0.0,PHI,POR,-1.0,223.0,112.0,25,7.5,17.6,25.8,SG/SF,3700,2,0.0,0.0,102,108,-1%,7,5,5,21,22,22,17.6,17.6,9.1,26.0,16.8,11.0,3.0,17.5,4.73,20.4,25.0,5.5,18.95,5.115,21.666666666666668,5.666666666666667,17.85,16.96666666666667,21.865384615384613
11,2,Robert Covington,0.0,MIN,WAS,3.0,228.5,112.8,7,16.3,25.3,34.0,SF/PF,5400,2,16.0,13.0,104,111,4%,9,10,10,27,26,26,23.1,23.1,16.2,30.0,19.7,32.0,5.9,29.3,5.42,29.5,29.5,5.5,29.4,5.46,26.333333333333332,9.666666666666666,24.360000000000003,25.2,32.93544303797468
11,3,Norman Powell,0.0,TOR,MIL,6.5,227.0,110.3,2,5.8,17.1,25.8,SG/SF,4200,2,19.0,13.0,105,103,1%,9,7,7,24,25,25,17.1,17.1,9.0,25.2,19.3,15.3,3.6,19.8,4.7,20.1,26.5,4.8,19.950000000000003,4.75,24.666666666666668,7.666666666666667,17.67,16.233333333333334,21.432770270270275
11,4,Ky Bowman,0.0,GS,CHA,6.0,221.0,107.5,14,-0.5,6.1,18.8,PG,4600,0,0.0,0.0,101,110,0%,5,4,4,14,10,10,6.1,6.1,-1.4,13.6,38.7,34.8,7.6,12.3,2.66,23.8,27.5,5.2,18.05,3.93,11.333333333333334,4.333333333333333,8.49,8.133333333333333,43.79779411764706
11,5,Terence Davis,0.0,TOR,MIL,6.5,227.0,110.3,2,0.0,9.3,18.8,SG/SF,3000,2,0.0,0.0,105,103,-2%,0,2,2,1,8,8,7.4,7.4,-0.7,15.5,8.7,6.5,2.2,7.0,2.33,0.0,0.0,0.0,3.5,1.165,5.666666666666667,1.3333333333333333,6.62,9.366666666666667,0.0
11,6,Kyle O'Quinn,0.0,PHI,POR,-1.0,223.0,112.0,23,-0.5,5.6,12.5,PF/C,3400,2,0.0,0.0,102,108,-6%,2,2,2,5,7,7,7.1,7.1,2.4,11.7,17.5,25.3,7.4,14.0,4.12,13.5,11.5,4.0,13.75,4.0600000000000005,6.333333333333333,2.0,8.41,5.866666666666667,24.967105263157894
11,7,Cameron Johnson,0.0,PHO,MEM,-3.0,221.5,112.3,2,7.3,11.2,17.8,SF/PF,3100,2,0.0,0.0,99,106,-4%,5,4,4,14,12,12,10.9,10.9,5.6,16.2,17.4,8.3,2.7,14.0,4.52,8.7,11.5,2.8,11.35,3.6599999999999997,12.666666666666666,4.333333333333333,10.99,12.1,10.304605263157896
12,0,Spencer Dinwiddie,0.0,BKN,DET,-2.0,223.0,112.5,16,12.3,26.6,36.3,PG/SG,5500,0,26.0,16.0,100,107,-3%,12,12,12,23,24,24,26.6,26.6,16.1,37.0,25.4,27.3,5.0,26.8,4.86,26.5,25.0,4.8,26.65,4.83,23.666666666666668,12.0,26.590000000000003,25.066666666666666,28.151408450704224
12,1,Markelle Fultz,0.0,ORL,DEN,4.0,200.5,98.3,19,10.8,18.3,23.5,PG/SG,3700,0,0.0,0.0,100,107,-8%,6,9,9,20,23,23,18.3,18.3,12.7,23.9,24.9,18.8,5.1,17.5,4.73,22.3,26.0,6.0,19.9,5.365,22.0,8.0,18.619999999999997,17.533333333333335,23.518181818181816
12,2,Miles Bridges,0.0,CHA,GS,-6.0,221.0,113.5,29,21.3,25.7,34.5,SF/PF,5600,2,15.0,13.0,103,107,0%,11,11,11,35,33,33,26.1,26.1,20.8,31.4,29.5,13.0,2.3,32.8,5.85,29.3,34.5,5.2,31.049999999999997,5.525,33.666666666666664,11.0,27.089999999999996,27.166666666666668,31.81856435643564
12,3,Isaac Bonga,0.0,WAS,MIN,-3.0,228.5,115.8,27,3.3,15.0,20.5,PG/SF,3600,2,0.0,0.0,103,110,-1%,4,4,4,25,24,24,17.9,17.9,13.8,22.0,18.1,11.8,3.3,16.8,4.65,19.2,24.0,5.3,18.0,4.975,24.333333333333332,4.0,17.919999999999998,12.933333333333332,17.753424657534246
12,4,Eric Bledsoe,0.0,MIL,TOR,-6.5,227.0,116.8,12,15.8,25.6,37.0,PG,5900,0,24.0,19.0,103,104,-1%,12,12,12,27,26,26,25.6,25.6,16.7,34.4,24.5,34.8,5.9,32.8,5.55,30.9,28.0,5.2,31.849999999999998,5.375,26.333333333333332,12.0,26.830000000000002,26.133333333333336,33.86582278481013
12,5,Luke Kennard,0.0,DET,BKN,2.0,223.0,110.5,15,14.8,22.6,27.3,SG/SF,5000,0,18.0,12.0,103,107,-6%,9,10,11,30,31,30,22.6,25.4,17.2,33.5,37.4,34.3,6.9,25.5,5.1,30.3,33.0,6.1,27.9,5.6,30.333333333333332,10.0,25.32,21.566666666666666,30.35274725274725
12,6,Andre Drummond,0.0,DET,BKN,2.0,223.0,110.5,23,34.0,49.6,67.0,C,10100,0,22.0,23.0,103,107,11%,17,14,15,35,34,35,49.6,54.4,38.4,70.4,38.9,74.5,7.4,52.5,5.2,59.4,35.5,5.9,55.95,5.550000000000001,34.666666666666664,15.333333333333334,53.75,50.199999999999996,57.29495192307693
12,7,Marko Guduric,0.0,MEM,PHO,3.0,221.5,109.3,14,2.8,9.0,13.0,SG/SF,3200,3,0.0,0.0,103,112,5%,3,6,6,14,18,18,9.0,9.0,4.4,13.6,12.2,15.0,4.7,9.5,2.97,10.1,14.0,3.2,9.8,3.085,16.666666666666668,5.0,9.16,8.266666666666667,8.232
14,0,Eric Bledsoe,0.0,MIL,TOR,-6.5,227.0,116.8,12,15.8,25.6,37.0,PG,5900,0,24.0,19.0,103,104,-1%,12,12,12,27,26,26,25.6,25.6,16.7,34.4,24.5,34.8,5.9,32.8,5.55,30.9,28.0,5.2,31.849999999999998,5.375,26.333333333333332,12.0,26.830000000000002,26.133333333333336,33.86582278481013
14,1,Bruce Brown Jr.,0.0,DET,BKN,2.0,223.0,110.5,15,4.0,9.7,19.8,SG/SF,3100,0,12.0,7.0,103,107,-6%,3,4,4,21,20,22,9.7,10.8,4.5,17.1,40.3,39.0,12.6,13.5,4.35,20.6,28.5,6.6,17.05,5.475,21.0,3.6666666666666665,11.830000000000002,11.166666666666666,23.139285714285716
14,2,Thomas Bryant,0.0,WAS,MIN,-3.0,228.5,115.8,12,23.8,35.4,49.8,PF/C,7200,2,17.0,21.0,103,110,-1%,11,12,12,32,32,32,38.1,38.1,25.9,50.3,19.8,24.0,3.3,38.0,5.28,34.8,31.5,4.8,36.4,5.04,32.0,11.666666666666666,37.760000000000005,36.333333333333336,35.83125
14,3,Mario Hezonja,0.0,POR,PHI,1.0,223.0,111.0,25,7.0,13.9,22.0,SF/PF,3600,2,21.0,11.0,104,107,-5%,4,4,4,20,20,20,13.9,13.9,6.8,21.0,36.6,37.5,10.4,16.8,4.65,21.2,25.0,5.9,19.0,5.275,20.0,4.0,14.919999999999998,14.299999999999999,23.75
14,4,Jeff Teague,0.0,MIN,WAS,3.0,228.5,112.8,30,17.5,29.4,45.8,PG,5900,2,22.0,15.0,104,111,5%,11,8,8,28,28,28,25.3,25.3,17.4,33.2,27.6,46.0,7.8,31.0,5.25,31.1,30.0,5.3,31.05,5.275,28.0,9.0,26.450000000000006,30.899999999999995,33.267857142857146
14,5,PJ Washington,0.0,CHA,GS,-6.0,221.0,113.5,14,20.0,29.7,39.0,PF/C,6700,2,0.0,0.0,103,107,-1%,11,11,11,33,34,34,29.6,29.6,21.0,38.3,32.8,24.3,3.6,33.0,4.93,32.1,34.0,4.8,32.55,4.865,33.666666666666664,11.0,30.21,29.566666666666666,32.87227722772277
14,6,Jarrett Allen,0.0,BKN,DET,-2.0,223.0,112.5,28,21.8,26.3,32.3,PF/C,4500,0,16.0,19.0,100,107,-3%,4,5,5,26,28,28,26.3,26.3,21.4,31.1,18.0,15.8,3.5,24.8,5.5,22.9,24.0,5.1,23.85,5.3,27.333333333333332,4.666666666666667,25.79,26.8,20.94146341463415
14,7,Dwayne Bacon,0.0,CHA,GS,-6.0,221.0,113.5,8,11.0,20.1,36.8,SG/SF,4300,2,17.0,12.0,103,107,0%,7,12,12,24,28,28,20.1,20.1,9.0,31.1,37.4,39.5,9.2,23.3,5.41,22.4,27.0,5.2,22.85,5.305,26.666666666666668,10.333333333333334,20.630000000000003,22.633333333333336,23.135625
15,0,Ricky Rubio,0.0,PHO,MEM,-3.0,221.5,112.3,28,30.8,37.4,42.5,PG,6500,2,24.0,14.0,99,106,-4%,9,9,9,31,32,32,35.6,35.6,30.6,40.5,35.3,31.8,4.9,32.8,5.04,32.9,31.5,5.1,32.849999999999994,5.07,31.666666666666668,9.0,35.03,36.9,32.677105263157884
15,1,Wesley Matthews,0.0,MIL,TOR,-6.5,227.0,116.8,20,2.0,17.1,27.0,SG/SF,4100,0,19.0,10.0,103,104,-3%,5,8,8,25,28,28,17.1,17.1,6.9,27.2,9.3,5.5,1.3,19.5,4.76,19.1,28.0,4.7,19.3,4.73,27.0,7.0,17.520000000000003,15.366666666666667,20.014814814814812
15,2,Taurean Prince,0.0,BKN,DET,-2.0,223.0,112.5,20,19.5,30.7,51.5,SF/PF,5100,0,19.0,12.0,100,107,-3%,14,12,12,31,33,33,30.6,30.6,16.2,45.1,33.0,26.3,5.2,24.8,4.85,25.8,31.0,5.1,25.3,4.975,32.333333333333336,12.666666666666666,29.560000000000002,33.9,24.256701030927836
15,3,Miles Bridges,0.0,CHA,GS,-6.0,221.0,113.5,29,21.3,25.7,34.5,SF/PF,5600,2,15.0,13.0,103,107,0%,11,11,11,35,33,33,26.1,26.1,20.8,31.4,29.5,13.0,2.3,32.8,5.85,29.3,34.5,5.2,31.049999999999997,5.525,33.666666666666664,11.0,27.089999999999996,27.166666666666668,31.81856435643564
15,4,Jamal Murray,0.0,DEN,ORL,-4.0,200.5,102.3,7,25.0,31.6,43.8,PG/SG,7000,1,26.0,16.0,100,106,-2%,14,15,15,30,33,33,31.6,31.6,24.3,38.8,32.3,32.0,4.6,33.3,4.75,32.5,33.0,4.6,32.9,4.675,32.0,14.666666666666666,31.839999999999996,33.46666666666667,33.928125
15,5,Mikal Bridges,0.0,PHO,MEM,-3.0,221.5,112.3,24,4.8,10.2,16.3,SG/SF,3200,2,12.0,11.0,99,106,-4%,2,3,3,16,19,19,10.2,10.2,5.7,14.6,19.4,27.5,8.6,13.3,4.14,11.4,16.5,3.6,12.350000000000001,3.87,18.0,2.6666666666666665,10.610000000000001,10.433333333333334,11.320833333333335
15,6,Jaren Jackson Jr.,0.0,MEM,PHO,3.0,221.5,109.3,15,17.0,26.0,43.8,PF/C,6900,3,22.0,16.0,103,112,1%,9,12,12,21,26,26,28.3,28.3,17.3,39.2,22.3,12.8,1.9,32.0,4.64,31.1,29.0,4.5,31.55,4.57,24.333333333333332,11.0,28.93,28.933333333333334,37.600684931506855
15,7,Juancho Hernangomez,0.0,DEN,ORL,-4.0,200.5,102.3,12,0.0,1.4,3.5,SF/PF,3000,1,12.0,11.0,100,106,-6%,1,1,1,5,5,5,0.0,0.0,0.0,0.0,12.2,5.5,1.8,3.8,1.25,0.0,0.0,0.0,1.9,0.625,5.0,1.0,0.38,1.6333333333333335,0.0
16,0,Jevon Carter,0.0,PHO,MEM,-3.0,221.5,112.3,28,8.5,18.6,28.5,PG/SG,3200,2,18.0,8.0,99,106,-4%,7,6,6,21,22,22,18.7,18.7,9.6,27.8,12.8,1.3,0.4,12.8,3.98,12.1,15.5,3.8,12.45,3.8899999999999997,21.666666666666668,6.333333333333333,17.45,18.533333333333335,8.90653846153846
16,1,Tyler Johnson,0.0,PHO,MEM,-3.0,221.5,112.3,28,5.5,12.7,21.5,PG/SG,3200,2,20.0,12.0,99,106,1%,4,6,6,16,19,19,12.7,12.7,5.3,20.1,20.4,18.0,5.6,9.8,3.05,12.3,15.5,3.8,11.05,3.425,18.0,5.333333333333333,12.37,13.233333333333334,9.51527777777778
16,2,OG Anunoby,0.0,TOR,MIL,6.5,227.0,110.3,18,20.5,29.9,40.0,SF/PF,4900,2,15.0,10.0,105,103,1%,11,10,10,37,35,35,29.9,29.9,21.0,38.7,31.1,23.3,4.8,24.3,4.95,26.5,35.5,5.4,25.4,5.175000000000001,35.666666666666664,10.333333333333334,28.98,30.133333333333336,25.281308411214955
16,3,Ben Simmons,0.0,PHI,POR,-1.0,223.0,112.0,20,31.5,39.3,46.0,PG/SF,8700,2,24.0,20.0,102,108,-1%,12,13,13,35,35,35,40.1,40.1,33.1,47.0,36.4,47.8,5.5,45.8,5.26,46.2,35.0,5.3,46.0,5.279999999999999,35.0,12.666666666666666,41.260000000000005,38.93333333333333,46.0
16,4,Gary Trent Jr.,0.0,POR,PHI,1.0,223.0,111.0,13,0.0,6.7,30.0,SG,3000,2,0.0,0.0,104,107,-5%,0,0,0,3,3,3,0.0,0.0,0.0,0.0,4.4,1.3,0.4,4.8,1.58,0.0,0.0,0.0,2.4,0.79,3.0,0.0,0.48,12.233333333333334,0.0
16,5,Joe Harris,0.0,BKN,DET,-2.0,223.0,112.5,10,15.5,24.0,36.3,SG/SF,4500,0,17.0,14.0,100,107,-3%,9,10,10,32,34,34,23.9,23.9,16.3,31.6,30.7,25.0,5.6,21.8,4.83,20.7,31.0,4.6,21.25,4.715,33.333333333333336,9.666666666666666,23.39,25.266666666666666,19.7625
16,6,Kyle O'Quinn,0.0,PHI,POR,-1.0,223.0,112.0,23,-0.5,5.6,12.5,PF/C,3400,2,0.0,0.0,102,108,-6%,2,2,2,5,7,7,7.1,7.1,2.4,11.7,17.5,25.3,7.4,14.0,4.12,13.5,11.5,4.0,13.75,4.0600000000000005,6.333333333333333,2.0,8.41,5.866666666666667,24.967105263157894
16,7,Jeff Teague,0.0,MIN,WAS,3.0,228.5,112.8,30,17.5,29.4,45.8,PG,5900,2,22.0,15.0,104,111,5%,11,8,8,28,28,28,25.3,25.3,17.4,33.2,27.6,46.0,7.8,31.0,5.25,31.1,30.0,5.3,31.05,5.275,28.0,9.0,26.450000000000006,30.899999999999995,33.267857142857146
19,0,Tyler Johnson,0.0,PHO,MEM,-3.0,221.5,112.3,28,5.5,12.7,21.5,PG/SG,3200,2,20.0,12.0,99,106,1%,4,6,6,16,19,19,12.7,12.7,5.3,20.1,20.4,18.0,5.6,9.8,3.05,12.3,15.5,3.8,11.05,3.425,18.0,5.333333333333333,12.37,13.233333333333334,9.51527777777778
19,1,Tony Snell,0.0,DET,BKN,2.0,223.0,110.5,15,11.0,14.1,18.0,SG/SF,3300,0,13.0,11.0,103,107,-6%,6,6,6,23,25,27,14.1,14.4,11.2,17.6,30.6,20.0,6.1,15.3,4.62,17.4,27.5,5.3,16.35,4.96,25.0,6.0,14.73,14.366666666666667,17.985
19,2,Kelly Oubre Jr.,0.0,PHO,MEM,-3.0,221.5,112.3,2,21.3,34.0,40.5,SF/PF,6600,2,24.0,15.0,99,106,-4%,15,14,14,33,31,31,34.0,34.0,26.3,41.7,28.4,24.5,3.7,32.5,4.92,32.8,33.0,5.0,32.65,4.96,31.666666666666668,14.333333333333334,33.730000000000004,31.933333333333334,34.024736842105256
19,3,Mikal Bridges,0.0,PHO,MEM,-3.0,221.5,112.3,24,4.8,10.2,16.3,SG/SF,3200,2,12.0,11.0,99,106,-4%,2,3,3,16,19,19,10.2,10.2,5.7,14.6,19.4,27.5,8.6,13.3,4.14,11.4,16.5,3.6,12.350000000000001,3.87,18.0,2.6666666666666665,10.610000000000001,10.433333333333334,11.320833333333335
19,4,Terry Rozier,0.0,CHA,GS,-6.0,221.0,113.5,22,20.0,31.7,46.8,PG,6900,2,19.0,13.0,103,107,-3%,16,12,12,35,30,30,31.6,31.6,21.7,41.6,36.5,35.8,5.2,37.5,5.43,35.4,33.0,5.1,36.45,5.265,31.666666666666668,13.333333333333334,32.59,32.833333333333336,37.984736842105264
19,5,Mario Hezonja,0.0,POR,PHI,1.0,223.0,111.0,25,7.0,13.9,22.0,SF/PF,3600,2,21.0,11.0,104,107,-5%,4,4,4,20,20,20,13.9,13.9,6.8,21.0,36.6,37.5,10.4,16.8,4.65,21.2,25.0,5.9,19.0,5.275,20.0,4.0,14.919999999999998,14.299999999999999,23.75
19,6,Omari Spellman,0.0,GS,CHA,6.0,221.0,107.5,25,6.0,17.4,30.8,PF/C,3300,0,15.0,12.0,101,110,2%,3,6,6,14,16,16,17.4,17.4,7.8,27.1,18.9,11.0,3.3,17.3,5.23,21.1,21.0,6.4,19.200000000000003,5.815,15.333333333333334,5.0,17.78,18.066666666666666,26.295652173913044
19,7,Ish Smith,0.0,WAS,MIN,-3.0,228.5,115.8,27,7.5,17.4,33.8,PG,4600,2,21.0,12.0,103,110,-1%,10,9,9,26,27,27,19.8,19.8,10.1,29.6,31.3,21.3,4.6,21.0,4.57,19.8,23.5,4.3,20.4,4.4350000000000005,26.666666666666668,9.333333333333334,19.939999999999998,19.566666666666666,17.9775
20,0,Ky Bowman,0.0,GS,CHA,6.0,221.0,107.5,14,-0.5,6.1,18.8,PG,4600,0,0.0,0.0,101,110,0%,5,4,4,14,10,10,6.1,6.1,-1.4,13.6,38.7,34.8,7.6,12.3,2.66,23.8,27.5,5.2,18.05,3.93,11.333333333333334,4.333333333333333,8.49,8.133333333333333,43.79779411764706
20,1,Gary Trent Jr.,0.0,POR,PHI,1.0,223.0,111.0,13,0.0,6.7,30.0,SG,3000,2,0.0,0.0,104,107,-5%,0,0,0,3,3,3,0.0,0.0,0.0,0.0,4.4,1.3,0.4,4.8,1.58,0.0,0.0,0.0,2.4,0.79,3.0,0.0,0.48,12.233333333333334,0.0
20,2,Tobias Harris,0.0,PHI,POR,-1.0,223.0,112.0,1,28.8,37.1,44.3,SF/PF,7300,2,23.0,17.0,102,108,4%,16,14,14,36,36,36,37.5,37.5,29.8,45.2,35.9,42.3,5.8,35.8,4.9,36.4,35.5,5.0,36.099999999999994,4.95,36.0,14.666666666666666,37.22,36.733333333333334,35.598611111111104
20,3,Terrence Ross,0.0,ORL,DEN,4.0,200.5,98.3,6,6.3,15.2,19.5,SG/SF,3600,0,23.0,15.0,100,107,-6%,13,11,11,22,22,22,15.2,15.2,9.8,20.5,22.3,26.8,7.4,16.8,4.65,18.6,22.5,5.2,17.700000000000003,4.925000000000001,22.0,11.666666666666666,15.680000000000001,13.666666666666666,18.10227272727273
20,4,Garrett Temple,0.0,BKN,DET,-2.0,223.0,112.5,10,6.8,16.2,39.3,SG/SF,3100,0,11.0,8.0,100,107,-3%,6,5,5,20,19,19,16.1,16.1,2.8,29.5,27.0,13.3,4.3,14.0,4.52,10.5,17.0,3.4,12.25,3.96,19.333333333333332,5.333333333333333,15.35,20.766666666666666,10.771551724137932
20,5,Jordan Poole,0.0,GS,CHA,6.0,221.0,107.5,27,11.5,16.8,23.0,SG/SF,3800,0,0.0,0.0,101,110,0%,11,11,11,25,24,24,16.6,16.6,11.8,21.4,30.8,9.3,2.4,18.0,4.74,26.2,32.0,6.9,22.1,5.82,24.333333333333332,11.0,17.7,17.099999999999998,29.06301369863014
20,6,Al Horford,0.0,PHI,POR,-1.0,223.0,112.0,23,25.0,33.5,44.8,PF/C,7000,2,20.0,20.0,102,108,-1%,8,12,12,33,33,33,34.6,34.6,25.5,43.7,30.5,47.8,6.8,36.0,5.14,36.4,33.5,5.2,36.2,5.17,33.0,10.666666666666666,34.92,34.43333333333333,36.74848484848486
20,7,Bradley Beal,0.0,WAS,MIN,-3.0,228.5,115.8,23,29.3,46.3,72.5,SG,9700,2,28.0,21.0,103,110,6%,23,23,23,40,36,36,50.6,50.6,34.1,67.1,27.9,32.0,3.3,48.3,4.97,48.7,36.0,5.0,48.5,4.984999999999999,37.333333333333336,23.0,50.18,49.36666666666667,46.76785714285714
21,0,Isaac Bonga,0.0,WAS,MIN,-3.0,228.5,115.8,27,3.3,15.0,20.5,PG/SF,3600,2,0.0,0.0,103,110,-1%,4,4,4,25,24,24,17.9,17.9,13.8,22.0,18.1,11.8,3.3,16.8,4.65,19.2,24.0,5.3,18.0,4.975,24.333333333333332,4.0,17.919999999999998,12.933333333333332,17.753424657534246
21,1,Jamal Murray,0.0,DEN,ORL,-4.0,200.5,102.3,7,25.0,31.6,43.8,PG/SG,7000,1,26.0,16.0,100,106,-2%,14,15,15,30,33,33,31.6,31.6,24.3,38.8,32.3,32.0,4.6,33.3,4.75,32.5,33.0,4.6,32.9,4.675,32.0,14.666666666666666,31.839999999999996,33.46666666666667,33.928125
21,2,Al-Farouq Aminu,0.0,ORL,DEN,4.0,200.5,98.3,5,6.0,17.4,29.8,SF/PF,3700,0,14.0,13.0,100,107,0%,6,5,5,23,24,24,17.4,17.4,8.1,26.6,25.1,17.0,4.6,17.8,4.8,16.3,21.5,4.4,17.05,4.6,23.666666666666668,5.333333333333333,17.31,17.733333333333334,15.489084507042254
21,3,Mario Hezonja,0.0,POR,PHI,1.0,223.0,111.0,25,7.0,13.9,22.0,SF/PF,3600,2,21.0,11.0,104,107,-5%,4,4,4,20,20,20,13.9,13.9,6.8,21.0,36.6,37.5,10.4,16.8,4.65,21.2,25.0,5.9,19.0,5.275,20.0,4.0,14.919999999999998,14.299999999999999,23.75
21,4,Dwayne Bacon,0.0,CHA,GS,-6.0,221.0,113.5,8,11.0,20.1,36.8,SG/SF,4300,2,17.0,12.0,103,107,0%,7,12,12,24,28,28,20.1,20.1,9.0,31.1,37.4,39.5,9.2,23.3,5.41,22.4,27.0,5.2,22.85,5.305,26.666666666666668,10.333333333333334,20.630000000000003,22.633333333333336,23.135625
21,5,Giannis Antetokounmpo,0.0,MIL,TOR,-6.5,227.0,116.8,23,41.5,58.6,71.3,SF/PF,10700,0,32.0,31.0,103,104,-4%,15,16,16,33,32,32,58.9,58.9,46.3,71.5,36.4,77.3,7.2,59.0,5.51,61.5,33.5,5.7,60.25,5.605,32.333333333333336,15.666666666666666,59.17,57.133333333333326,62.423969072164944
21,6,Pascal Siakam,0.0,TOR,MIL,6.5,227.0,110.3,6,33.0,46.5,66.5,PF/C,8500,2,21.0,19.0,105,103,-2%,19,20,20,33,34,34,46.5,46.5,33.8,59.2,32.4,26.3,3.1,41.8,4.91,42.7,35.5,5.0,42.25,4.955,33.666666666666664,19.666666666666668,45.65,48.666666666666664,44.55074257425743
21,7,Taurean Prince,0.0,BKN,DET,-2.0,223.0,112.5,20,19.5,30.7,51.5,SF/PF,5100,0,19.0,12.0,100,107,-3%,14,12,12,31,33,33,30.6,30.6,16.2,45.1,33.0,26.3,5.2,24.8,4.85,25.8,31.0,5.1,25.3,4.975,32.333333333333336,12.666666666666666,29.560000000000002,33.9,24.256701030927836
23,0,George Hill,0.0,MIL,TOR,-6.5,227.0,116.8,12,17.0,23.6,38.0,PG/SG,3800,0,18.0,12.0,103,104,-1%,8,7,7,18,23,23,23.6,23.6,15.0,32.1,27.0,16.0,4.2,18.3,4.8,17.6,21.0,4.6,17.950000000000003,4.699999999999999,21.333333333333332,7.333333333333333,22.450000000000003,26.2,17.669531250000002
23,1,Norman Powell,0.0,TOR,MIL,6.5,227.0,110.3,2,5.8,17.1,25.8,SG/SF,4200,2,19.0,13.0,105,103,1%,9,7,7,24,25,25,17.1,17.1,9.0,25.2,19.3,15.3,3.6,19.8,4.7,20.1,26.5,4.8,19.950000000000003,4.75,24.666666666666668,7.666666666666667,17.67,16.233333333333334,21.432770270270275
23,2,Eric Paschall,0.0,GS,CHA,6.0,221.0,107.5,15,11.0,19.3,29.8,SF/PF,4600,0,0.0,0.0,101,110,2%,6,7,7,29,27,27,19.3,19.3,10.8,27.8,35.0,34.5,7.5,26.8,5.82,28.5,33.5,6.2,27.65,6.01,27.666666666666668,6.666666666666667,20.97,20.033333333333335,33.47981927710843
23,3,Glenn Robinson III,0.0,GS,CHA,6.0,221.0,107.5,15,10.5,20.3,30.3,SF/PF,4400,0,15.0,9.0,101,110,6%,6,8,8,29,28,28,20.3,20.3,12.2,28.4,36.4,36.8,8.4,20.8,4.72,25.1,32.0,5.7,22.950000000000003,5.21,28.333333333333332,7.333333333333333,20.830000000000002,20.366666666666667,25.920000000000005
23,4,Eric Bledsoe,0.0,MIL,TOR,-6.5,227.0,116.8,12,15.8,25.6,37.0,PG,5900,0,24.0,19.0,103,104,-1%,12,12,12,27,26,26,25.6,25.6,16.7,34.4,24.5,34.8,5.9,32.8,5.55,30.9,28.0,5.2,31.849999999999998,5.375,26.333333333333332,12.0,26.830000000000002,26.133333333333336,33.86582278481013
23,5,Josh Okogie,0.0,MIN,WAS,3.0,228.5,112.8,17,4.8,18.3,24.5,SG/SF,3800,2,15.0,9.0,104,111,-4%,5,5,5,21,21,21,21.7,21.7,19.2,24.1,29.1,23.0,6.1,18.3,4.8,17.4,20.0,4.6,17.85,4.699999999999999,21.0,5.0,20.910000000000004,15.866666666666667,17.0
23,6,Jordan Bell,0.0,MIN,WAS,3.0,228.5,112.8,4,2.0,7.3,10.3,PF/C,3600,2,14.0,13.0,104,111,9%,3,3,3,9,9,9,9.4,9.4,8.1,10.6,11.3,10.0,2.8,15.5,4.31,13.3,13.0,3.7,14.4,4.005,9.0,3.0,10.379999999999999,6.533333333333334,20.8
23,7,Marko Guduric,0.0,MEM,PHO,3.0,221.5,109.3,14,2.8,9.0,13.0,SG/SF,3200,3,0.0,0.0,103,112,5%,3,6,6,14,18,18,9.0,9.0,4.4,13.6,12.2,15.0,4.7,9.5,2.97,10.1,14.0,3.2,9.8,3.085,16.666666666666668,5.0,9.16,8.266666666666667,8.232
24,0,Shabazz Napier,0.0,MIN,WAS,3.0,228.5,112.8,30,16.3,24.5,35.0,PG/SG,3800,2,25.0,15.0,104,111,5%,7,7,7,22,22,22,21.9,21.9,15.1,28.7,22.2,12.5,3.3,21.3,5.59,20.1,19.5,5.3,20.700000000000003,5.445,22.0,7.0,21.66,25.266666666666666,18.347727272727276
24,1,Fred VanVleet,0.0,TOR,MIL,6.5,227.0,110.3,23,26.3,36.2,56.3,PG/SG,6300,2,19.0,14.0,105,103,-4%,12,13,13,35,37,37,36.2,36.2,24.6,47.8,41.3,30.5,4.8,33.0,5.24,32.2,35.0,5.1,32.6,5.17,36.333333333333336,12.666666666666666,35.480000000000004,39.6,31.40366972477064
24,2,Pascal Siakam,0.0,TOR,MIL,6.5,227.0,110.3,6,33.0,46.5,66.5,PF/C,8500,2,21.0,19.0,105,103,-2%,19,20,20,33,34,34,46.5,46.5,33.8,59.2,32.4,26.3,3.1,41.8,4.91,42.7,35.5,5.0,42.25,4.955,33.666666666666664,19.666666666666668,45.65,48.666666666666664,44.55074257425743
24,3,Mario Hezonja,0.0,POR,PHI,1.0,223.0,111.0,25,7.0,13.9,22.0,SF/PF,3600,2,21.0,11.0,104,107,-5%,4,4,4,20,20,20,13.9,13.9,6.8,21.0,36.6,37.5,10.4,16.8,4.65,21.2,25.0,5.9,19.0,5.275,20.0,4.0,14.919999999999998,14.299999999999999,23.75
24,4,Matt Thomas,0.0,TOR,MIL,6.5,227.0,110.3,2,0.0,6.1,12.3,SG,3000,2,0.0,0.0,105,103,-4%,2,2,2,11,11,11,6.1,6.1,-2.5,14.8,8.8,5.5,1.8,5.8,1.92,0.0,0.0,0.0,2.9,0.96,11.0,2.0,5.4799999999999995,6.133333333333333,0.0
24,5,Marquese Chriss,0.0,GS,CHA,6.0,221.0,107.5,25,6.5,17.5,26.0,PF/C,3100,0,0.0,0.0,101,110,2%,4,4,4,14,16,16,16.7,16.7,8.8,24.6,7.5,4.8,1.5,18.8,6.05,21.9,20.5,7.1,20.35,6.574999999999999,15.333333333333334,4.0,17.43,16.666666666666668,27.207065217391307
24,6,DeAndre Jordan,0.0,BKN,DET,-2.0,223.0,112.5,10,6.8,21.1,30.8,C,4800,0,14.0,19.0,100,107,-3%,6,4,4,19,20,20,21.1,21.1,12.0,30.2,30.0,37.5,7.8,23.0,4.79,24.1,23.5,5.0,23.55,4.895,19.666666666666668,4.666666666666667,21.59,19.566666666666666,28.140254237288136
24,7,Glenn Robinson III,0.0,GS,CHA,6.0,221.0,107.5,15,10.5,20.3,30.3,SF/PF,4400,0,15.0,9.0,101,110,6%,6,8,8,29,28,28,20.3,20.3,12.2,28.4,36.4,36.8,8.4,20.8,4.72,25.1,32.0,5.7,22.950000000000003,5.21,28.333333333333332,7.333333333333333,20.830000000000002,20.366666666666667,25.920000000000005
25,0,Kyle Lowry,0.0,TOR,MIL,6.5,227.0,110.3,23,36.3,42.1,49.5,PG,8100,2,22.0,17.0,105,103,-4%,16,15,15,38,39,39,42.1,42.1,37.3,46.9,38.0,51.5,6.4,38.0,4.69,39.5,36.5,4.9,38.75,4.795,38.666666666666664,15.333333333333334,41.42999999999999,42.63333333333333,36.57866379310345
25,1,Grayson Allen,0.0,MEM,PHO,3.0,221.5,109.3,3,8.8,13.0,23.3,PG/SG,3200,3,0.0,0.0,103,112,7%,11,8,8,18,19,19,13.7,13.7,7.2,20.2,10.1,9.8,3.1,18.8,5.86,13.8,17.5,4.3,16.3,5.08,18.666666666666668,9.0,14.219999999999999,15.033333333333333,15.28125
25,2,Mike Scott,0.0,PHI,POR,-1.0,223.0,112.0,1,1.3,11.6,24.8,SF/PF,3400,2,15.0,9.0,102,108,-1%,3,5,5,13,16,16,13.3,13.3,3.6,23.0,16.5,14.5,4.3,15.0,4.41,17.4,23.5,5.1,16.2,4.755,15.0,4.333333333333333,13.88,12.566666666666668,25.379999999999995
25,3,Joe Harris,0.0,BKN,DET,-2.0,223.0,112.5,10,15.5,24.0,36.3,SG/SF,4500,0,17.0,14.0,100,107,-3%,9,10,10,32,34,34,23.9,23.9,16.3,31.6,30.7,25.0,5.6,21.8,4.83,20.7,31.0,4.6,21.25,4.715,33.333333333333336,9.666666666666666,23.39,25.266666666666666,19.7625
25,4,Devin Booker,0.0,PHO,MEM,-3.0,221.5,112.3,28,27.8,40.4,49.0,PG/SG,8300,2,33.0,20.0,99,106,1%,19,19,19,33,35,35,40.3,40.3,31.4,49.2,31.5,24.3,2.9,45.8,5.51,42.2,35.0,5.1,44.0,5.305,34.333333333333336,19.0,41.040000000000006,39.06666666666667,44.85436893203883
25,5,Paul Millsap,0.0,DEN,ORL,-4.0,200.5,102.3,24,12.8,21.9,35.0,PF/C,4600,1,20.0,18.0,100,106,-6%,13,10,10,23,25,25,21.9,21.9,11.5,32.2,28.1,23.8,5.2,23.0,5.0,22.5,25.0,4.9,22.75,4.95,24.333333333333332,11.0,22.05,23.233333333333334,23.37328767123288
25,6,Brook Lopez,0.0,MIL,TOR,-6.5,227.0,116.8,8,5.0,22.4,34.8,C,5300,0,16.0,15.0,103,104,-5%,8,8,8,26,28,28,22.4,22.4,11.1,33.6,26.3,20.8,3.9,25.5,4.81,25.6,27.5,4.8,25.55,4.805,27.333333333333332,8.0,23.009999999999998,20.73333333333333,25.70579268292683
25,7,Ben Simmons,0.0,PHI,POR,-1.0,223.0,112.0,20,31.5,39.3,46.0,PG/SF,8700,2,24.0,20.0,102,108,-1%,12,13,13,35,35,35,40.1,40.1,33.1,47.0,36.4,47.8,5.5,45.8,5.26,46.2,35.0,5.3,46.0,5.279999999999999,35.0,12.666666666666666,41.260000000000005,38.93333333333333,46.0
26,0,Donte DiVincenzo,0.0,MIL,TOR,-6.5,227.0,116.8,12,-0.5,12.5,30.3,PG/SG,3000,0,0.0,0.0,103,104,-3%,6,6,6,10,10,10,14.9,14.9,-6.9,36.6,21.5,17.5,5.8,7.8,2.58,0.0,0.0,0.0,3.9,1.29,10.0,6.0,12.680000000000001,14.1,0.0
26,1,Garrett Temple,0.0,BKN,DET,-2.0,223.0,112.5,10,6.8,16.2,39.3,SG/SF,3100,0,11.0,8.0,100,107,-3%,6,5,5,20,19,19,16.1,16.1,2.8,29.5,27.0,13.3,4.3,14.0,4.52,10.5,17.0,3.4,12.25,3.96,19.333333333333332,5.333333333333333,15.35,20.766666666666666,10.771551724137932
26,2,Glenn Robinson III,0.0,GS,CHA,6.0,221.0,107.5,15,10.5,20.3,30.3,SF/PF,4400,0,15.0,9.0,101,110,6%,6,8,8,29,28,28,20.3,20.3,12.2,28.4,36.4,36.8,8.4,20.8,4.72,25.1,32.0,5.7,22.950000000000003,5.21,28.333333333333332,7.333333333333333,20.830000000000002,20.366666666666667,25.920000000000005
26,3,Khris Middleton,0.0,MIL,TOR,-6.5,227.0,116.8,20,23.5,33.1,39.0,SG/SF,7100,0,25.0,17.0,103,104,0%,12,14,14,27,31,31,33.1,33.1,26.7,39.5,33.7,25.0,3.5,36.3,5.11,36.9,32.5,5.2,36.599999999999994,5.155,29.666666666666668,13.333333333333334,33.8,31.866666666666664,40.09550561797752
26,4,Jeff Teague,0.0,MIN,WAS,3.0,228.5,112.8,30,17.5,29.4,45.8,PG,5900,2,22.0,15.0,104,111,5%,11,8,8,28,28,28,25.3,25.3,17.4,33.2,27.6,46.0,7.8,31.0,5.25,31.1,30.0,5.3,31.05,5.275,28.0,9.0,26.450000000000006,30.899999999999995,33.267857142857146
26,5,Robert Covington,0.0,MIN,WAS,3.0,228.5,112.8,7,16.3,25.3,34.0,SF/PF,5400,2,16.0,13.0,104,111,4%,9,10,10,27,26,26,23.1,23.1,16.2,30.0,19.7,32.0,5.9,29.3,5.42,29.5,29.5,5.5,29.4,5.46,26.333333333333332,9.666666666666666,24.360000000000003,25.2,32.93544303797468
26,6,Khem Birch,0.0,ORL,DEN,4.0,200.5,98.3,21,4.5,14.4,34.3,PF/C,3100,0,14.0,19.0,100,107,-4%,3,3,3,23,23,23,9.3,9.3,9.3,9.3,4.0,2.8,0.9,7.8,2.5,0.0,0.0,0.0,3.9,1.25,23.0,3.0,8.22,17.73333333333333,0.0
26,7,Rui Hachimura,0.0,WAS,MIN,-3.0,228.5,115.8,12,28.0,30.4,33.5,PF,6200,2,0.0,0.0,103,110,1%,15,16,16,37,33,33,30.4,30.4,28.1,32.7,22.5,6.0,1.0,31.0,5.0,32.1,34.5,5.2,31.55,5.1,34.333333333333336,15.666666666666666,30.630000000000003,30.633333333333336,31.703155339805825
27,0,Kyrie Irving,0.0,BKN,DET,-2.0,223.0,112.5,16,41.0,55.2,76.0,PG,9300,0,30.0,24.0,100,107,-3%,19,23,23,33,34,34,55.2,55.2,40.7,69.7,33.2,52.3,5.6,46.3,4.97,48.5,33.0,5.2,47.4,5.085,33.666666666666664,21.666666666666668,53.64,57.4,46.46138613861387
27,1,Kent Bazemore,0.0,POR,PHI,1.0,223.0,111.0,13,13.3,19.9,30.5,SG/SF,4000,2,22.0,12.0,104,107,-5%,9,8,8,23,25,25,19.9,19.9,13.2,26.5,25.9,23.5,5.9,19.0,4.75,20.3,24.5,5.1,19.65,4.925,24.333333333333332,8.333333333333334,19.830000000000002,21.233333333333334,19.78458904109589
27,2,Rodions Kurucs,0.0,BKN,DET,-2.0,223.0,112.5,20,0.8,7.0,17.5,SF/PF,3100,0,18.0,11.0,100,107,-8%,2,3,3,15,12,12,7.0,7.0,0.3,13.7,15.0,5.3,1.7,13.3,4.27,9.7,12.0,3.1,11.5,3.6849999999999996,13.0,2.6666666666666665,7.9,8.433333333333334,10.615384615384615
27,3,Al-Farouq Aminu,0.0,ORL,DEN,4.0,200.5,98.3,5,6.0,17.4,29.8,SF/PF,3700,0,14.0,13.0,100,107,0%,6,5,5,23,24,24,17.4,17.4,8.1,26.6,25.1,17.0,4.6,17.8,4.8,16.3,21.5,4.4,17.05,4.6,23.666666666666668,5.333333333333333,17.31,17.733333333333334,15.489084507042254
27,4,Ish Smith,0.0,WAS,MIN,-3.0,228.5,115.8,27,7.5,17.4,33.8,PG,4600,2,21.0,12.0,103,110,-1%,10,9,9,26,27,27,19.8,19.8,10.1,29.6,31.3,21.3,4.6,21.0,4.57,19.8,23.5,4.3,20.4,4.4350000000000005,26.666666666666668,9.333333333333334,19.939999999999998,19.566666666666666,17.9775
27,5,Luke Kennard,0.0,DET,BKN,2.0,223.0,110.5,15,14.8,22.6,27.3,SG/SF,5000,0,18.0,12.0,103,107,-6%,9,10,11,30,31,30,22.6,25.4,17.2,33.5,37.4,34.3,6.9,25.5,5.1,30.3,33.0,6.1,27.9,5.6,30.333333333333332,10.0,25.32,21.566666666666666,30.35274725274725
27,6,Marc Gasol,0.0,TOR,MIL,6.5,227.0,110.3,28,13.0,17.5,24.0,C,4900,2,17.0,17.0,105,103,1%,5,6,6,20,24,24,17.4,17.4,11.9,23.0,33.8,33.0,6.7,27.5,5.61,24.1,24.0,4.9,25.8,5.255000000000001,22.666666666666668,5.666666666666667,19.1,18.166666666666668,27.31764705882353
27,7,Brook Lopez,0.0,MIL,TOR,-6.5,227.0,116.8,8,5.0,22.4,34.8,C,5300,0,16.0,15.0,103,104,-5%,8,8,8,26,28,28,22.4,22.4,11.1,33.6,26.3,20.8,3.9,25.5,4.81,25.6,27.5,4.8,25.55,4.805,27.333333333333332,8.0,23.009999999999998,20.73333333333333,25.70579268292683
28,0,CJ McCollum,0.0,POR,PHI,1.0,223.0,111.0,2,20.8,34.8,52.0,PG/SG,6700,2,26.0,17.0,104,107,-5%,22,21,21,37,37,37,35.2,35.2,23.1,47.3,38.4,20.3,3.0,32.8,4.89,33.6,34.5,5.0,33.2,4.945,37.0,21.333333333333332,34.8,35.86666666666667,30.956756756756757
28,1,Tony Snell,0.0,DET,BKN,2.0,223.0,110.5,15,11.0,14.1,18.0,SG/SF,3300,0,13.0,11.0,103,107,-6%,6,6,6,23,25,27,14.1,14.4,11.2,17.6,30.6,20.0,6.1,15.3,4.62,17.4,27.5,5.3,16.35,4.96,25.0,6.0,14.73,14.366666666666667,17.985
28,2,Chris Boucher,0.0,TOR,MIL,6.5,227.0,110.3,6,1.3,5.1,8.0,PF/C,3000,2,0.0,0.0,105,103,-2%,1,1,1,4,4,4,5.5,5.5,3.1,7.9,4.2,1.3,0.4,12.3,4.08,0.0,0.0,0.0,6.15,2.04,4.0,1.0,5.63,4.8,0.0
28,3,Terrence Ross,0.0,ORL,DEN,4.0,200.5,98.3,6,6.3,15.2,19.5,SG/SF,3600,0,23.0,15.0,100,107,-6%,13,11,11,22,22,22,15.2,15.2,9.8,20.5,22.3,26.8,7.4,16.8,4.65,18.6,22.5,5.2,17.700000000000003,4.925000000000001,22.0,11.666666666666666,15.680000000000001,13.666666666666666,18.10227272727273
28,4,Kyle Lowry,0.0,TOR,MIL,6.5,227.0,110.3,23,36.3,42.1,49.5,PG,8100,2,22.0,17.0,105,103,-4%,16,15,15,38,39,39,42.1,42.1,37.3,46.9,38.0,51.5,6.4,38.0,4.69,39.5,36.5,4.9,38.75,4.795,38.666666666666664,15.333333333333334,41.42999999999999,42.63333333333333,36.57866379310345
28,5,Ersan Ilyasova,0.0,MIL,TOR,-6.5,227.0,116.8,2,14.5,20.5,29.8,PF/C,3400,0,15.0,12.0,103,104,-4%,6,6,6,16,18,18,20.5,20.5,14.4,26.6,21.5,19.5,5.7,16.3,4.78,15.1,17.5,4.4,15.7,4.59,17.333333333333332,6.0,19.54,21.599999999999998,15.850961538461538
28,6,Jerami Grant,0.0,DEN,ORL,-4.0,200.5,102.3,24,6.8,15.6,21.8,PF/C,3800,1,15.0,14.0,100,106,-5%,8,8,8,21,24,24,15.6,15.6,9.8,21.4,21.2,7.3,1.9,17.8,4.67,17.0,25.5,4.5,17.4,4.585,23.0,8.0,15.959999999999997,14.733333333333334,19.291304347826085
28,7,Dwayne Bacon,0.0,CHA,GS,-6.0,221.0,113.5,8,11.0,20.1,36.8,SG/SF,4300,2,17.0,12.0,103,107,0%,7,12,12,24,28,28,20.1,20.1,9.0,31.1,37.4,39.5,9.2,23.3,5.41,22.4,27.0,5.2,22.85,5.305,26.666666666666668,10.333333333333334,20.630000000000003,22.633333333333336,23.135625
31,0,Ky Bowman,0.0,GS,CHA,6.0,221.0,107.5,14,-0.5,6.1,18.8,PG,4600,0,0.0,0.0,101,110,0%,5,4,4,14,10,10,6.1,6.1,-1.4,13.6,38.7,34.8,7.6,12.3,2.66,23.8,27.5,5.2,18.05,3.93,11.333333333333334,4.333333333333333,8.49,8.133333333333333,43.79779411764706
31,1,Malik Beasley,0.0,DEN,ORL,-4.0,200.5,102.3,7,10.8,16.8,26.0,PG/SG,3400,1,19.0,14.0,100,106,-2%,11,9,9,21,21,21,16.8,16.8,10.5,23.0,13.4,2.5,0.7,16.0,4.71,17.8,23.5,5.2,16.9,4.955,21.0,9.666666666666666,16.8,17.866666666666667,18.91190476190476
31,2,Paul Millsap,0.0,DEN,ORL,-4.0,200.5,102.3,24,12.8,21.9,35.0,PF/C,4600,1,20.0,18.0,100,106,-6%,13,10,10,23,25,25,21.9,21.9,11.5,32.2,28.1,23.8,5.2,23.0,5.0,22.5,25.0,4.9,22.75,4.95,24.333333333333332,11.0,22.05,23.233333333333334,23.37328767123288
31,3,Mario Hezonja,0.0,POR,PHI,1.0,223.0,111.0,25,7.0,13.9,22.0,SF/PF,3600,2,21.0,11.0,104,107,-5%,4,4,4,20,20,20,13.9,13.9,6.8,21.0,36.6,37.5,10.4,16.8,4.65,21.2,25.0,5.9,19.0,5.275,20.0,4.0,14.919999999999998,14.299999999999999,23.75
31,4,Isaac Bonga,0.0,WAS,MIN,-3.0,228.5,115.8,27,3.3,15.0,20.5,PG/SF,3600,2,0.0,0.0,103,110,-1%,4,4,4,25,24,24,17.9,17.9,13.8,22.0,18.1,11.8,3.3,16.8,4.65,19.2,24.0,5.3,18.0,4.975,24.333333333333332,4.0,17.919999999999998,12.933333333333332,17.753424657534246
31,5,Damion Lee,0.0,GS,CHA,6.0,221.0,107.5,27,5.8,18.7,42.3,SG/SF,3500,0,0.0,0.0,101,110,6%,7,6,6,18,17,17,18.7,18.7,3.3,34.1,26.8,20.0,5.7,20.5,5.86,26.0,28.0,7.4,23.25,6.630000000000001,17.333333333333332,6.333333333333333,19.61,22.266666666666666,37.557692307692314
31,6,Ersan Ilyasova,0.0,MIL,TOR,-6.5,227.0,116.8,2,14.5,20.5,29.8,PF/C,3400,0,15.0,12.0,103,104,-4%,6,6,6,16,18,18,20.5,20.5,14.4,26.6,21.5,19.5,5.7,16.3,4.78,15.1,17.5,4.4,15.7,4.59,17.333333333333332,6.0,19.54,21.599999999999998,15.850961538461538
31,7,Troy Brown,0.0,WAS,MIN,-3.0,228.5,115.8,23,12.0,20.3,33.0,SG/SF,3900,2,17.0,11.0,103,110,8%,7,7,7,17,17,17,18.3,18.3,18.3,18.3,21.8,21.3,5.5,18.5,4.74,17.5,20.0,4.5,18.0,4.62,17.0,7.0,18.240000000000002,21.766666666666666,21.176470588235293
33,0,Jevon Carter,0.0,PHO,MEM,-3.0,221.5,112.3,28,8.5,18.6,28.5,PG/SG,3200,2,18.0,8.0,99,106,-4%,7,6,6,21,22,22,18.7,18.7,9.6,27.8,12.8,1.3,0.4,12.8,3.98,12.1,15.5,3.8,12.45,3.8899999999999997,21.666666666666668,6.333333333333333,17.45,18.533333333333335,8.90653846153846
33,1,Matisse Thybulle,0.0,PHI,POR,-1.0,223.0,112.0,25,7.5,17.6,25.8,SG/SF,3700,2,0.0,0.0,102,108,-1%,7,5,5,21,22,22,17.6,17.6,9.1,26.0,16.8,11.0,3.0,17.5,4.73,20.4,25.0,5.5,18.95,5.115,21.666666666666668,5.666666666666667,17.85,16.96666666666667,21.865384615384613
33,2,Aaron Gordon,0.0,ORL,DEN,4.0,200.5,98.3,5,18.3,25.1,37.3,SF/PF,6000,0,22.0,15.0,100,107,0%,12,9,9,28,29,29,25.1,25.1,17.6,32.5,32.3,37.3,6.2,29.5,4.92,27.5,29.5,4.6,28.5,4.76,28.666666666666668,10.0,25.76,26.900000000000002,29.328488372093023
33,3,Troy Brown,0.0,WAS,MIN,-3.0,228.5,115.8,23,12.0,20.3,33.0,SG/SF,3900,2,17.0,11.0,103,110,8%,7,7,7,17,17,17,18.3,18.3,18.3,18.3,21.8,21.3,5.5,18.5,4.74,17.5,20.0,4.5,18.0,4.62,17.0,7.0,18.240000000000002,21.766666666666666,21.176470588235293
33,4,Wesley Matthews,0.0,MIL,TOR,-6.5,227.0,116.8,20,2.0,17.1,27.0,SG/SF,4100,0,19.0,10.0,103,104,-3%,5,8,8,25,28,28,17.1,17.1,6.9,27.2,9.3,5.5,1.3,19.5,4.76,19.1,28.0,4.7,19.3,4.73,27.0,7.0,17.520000000000003,15.366666666666667,20.014814814814812
33,5,Jonathan Isaac,0.0,ORL,DEN,4.0,200.5,98.3,5,21.0,28.9,44.8,SF/PF,5600,0,16.0,13.0,100,107,0%,9,8,8,30,29,29,28.9,28.9,19.3,38.4,35.7,25.8,4.6,27.0,4.82,28.4,31.0,5.1,27.7,4.96,29.333333333333332,8.333333333333334,28.639999999999997,31.566666666666663,29.273863636363636
33,6,Pascal Siakam,0.0,TOR,MIL,6.5,227.0,110.3,6,33.0,46.5,66.5,PF/C,8500,2,21.0,19.0,105,103,-2%,19,20,20,33,34,34,46.5,46.5,33.8,59.2,32.4,26.3,3.1,41.8,4.91,42.7,35.5,5.0,42.25,4.955,33.666666666666664,19.666666666666668,45.65,48.666666666666664,44.55074257425743
33,7,Markieff Morris,0.0,DET,BKN,2.0,223.0,110.5,8,9.8,20.5,31.0,PF/C,4100,0,18.0,12.0,103,107,1%,13,10,10,32,29,28,20.5,20.0,12.7,27.3,34.5,22.5,5.5,25.3,6.16,28.0,31.0,6.8,26.65,6.48,29.666666666666668,11.0,21.43,20.433333333333334,27.847752808988762
35,0,Ben Simmons,0.0,PHI,POR,-1.0,223.0,112.0,20,31.5,39.3,46.0,PG/SF,8700,2,24.0,20.0,102,108,-1%,12,13,13,35,35,35,40.1,40.1,33.1,47.0,36.4,47.8,5.5,45.8,5.26,46.2,35.0,5.3,46.0,5.279999999999999,35.0,12.666666666666666,41.260000000000005,38.93333333333333,46.0
35,1,Dwayne Bacon,0.0,CHA,GS,-6.0,221.0,113.5,8,11.0,20.1,36.8,SG/SF,4300,2,17.0,12.0,103,107,0%,7,12,12,24,28,28,20.1,20.1,9.0,31.1,37.4,39.5,9.2,23.3,5.41,22.4,27.0,5.2,22.85,5.305,26.666666666666668,10.333333333333334,20.630000000000003,22.633333333333336,23.135625
35,2,Markieff Morris,0.0,DET,BKN,2.0,223.0,110.5,8,9.8,20.5,31.0,PF/C,4100,0,18.0,12.0,103,107,1%,13,10,10,32,29,28,20.5,20.0,12.7,27.3,34.5,22.5,5.5,25.3,6.16,28.0,31.0,6.8,26.65,6.48,29.666666666666668,11.0,21.43,20.433333333333334,27.847752808988762
35,3,Mike Scott,0.0,PHI,POR,-1.0,223.0,112.0,1,1.3,11.6,24.8,SF/PF,3400,2,15.0,9.0,102,108,-1%,3,5,5,13,16,16,13.3,13.3,3.6,23.0,16.5,14.5,4.3,15.0,4.41,17.4,23.5,5.1,16.2,4.755,15.0,4.333333333333333,13.88,12.566666666666668,25.379999999999995
35,4,Khris Middleton,0.0,MIL,TOR,-6.5,227.0,116.8,20,23.5,33.1,39.0,SG/SF,7100,0,25.0,17.0,103,104,0%,12,14,14,27,31,31,33.1,33.1,26.7,39.5,33.7,25.0,3.5,36.3,5.11,36.9,32.5,5.2,36.599999999999994,5.155,29.666666666666668,13.333333333333334,33.8,31.866666666666664,40.09550561797752
35,5,Al Horford,0.0,PHI,POR,-1.0,223.0,112.0,23,25.0,33.5,44.8,PF/C,7000,2,20.0,20.0,102,108,-1%,8,12,12,33,33,33,34.6,34.6,25.5,43.7,30.5,47.8,6.8,36.0,5.14,36.4,33.5,5.2,36.2,5.17,33.0,10.666666666666666,34.92,34.43333333333333,36.74848484848486
35,6,Skal Labissiere,0.0,POR,PHI,1.0,223.0,111.0,7,1.5,12.5,19.0,PF/C,3000,2,0.0,0.0,104,107,3%,5,4,4,17,11,11,12.4,12.4,4.9,20.0,22.7,24.5,8.2,13.8,4.58,25.2,27.5,8.4,19.5,6.49,13.0,4.333333333333333,13.839999999999998,11.0,41.25
35,7,Bradley Beal,0.0,WAS,MIN,-3.0,228.5,115.8,23,29.3,46.3,72.5,SG,9700,2,28.0,21.0,103,110,6%,23,23,23,40,36,36,50.6,50.6,34.1,67.1,27.9,32.0,3.3,48.3,4.97,48.7,36.0,5.0,48.5,4.984999999999999,37.333333333333336,23.0,50.18,49.36666666666667,46.76785714285714
36,0,Fred VanVleet,0.0,TOR,MIL,6.5,227.0,110.3,23,26.3,36.2,56.3,PG/SG,6300,2,19.0,14.0,105,103,-4%,12,13,13,35,37,37,36.2,36.2,24.6,47.8,41.3,30.5,4.8,33.0,5.24,32.2,35.0,5.1,32.6,5.17,36.333333333333336,12.666666666666666,35.480000000000004,39.6,31.40366972477064
36,1,Dwayne Bacon,0.0,CHA,GS,-6.0,221.0,113.5,8,11.0,20.1,36.8,SG/SF,4300,2,17.0,12.0,103,107,0%,7,12,12,24,28,28,20.1,20.1,9.0,31.1,37.4,39.5,9.2,23.3,5.41,22.4,27.0,5.2,22.85,5.305,26.666666666666668,10.333333333333334,20.630000000000003,22.633333333333336,23.135625
36,2,Jae Crowder,0.0,MEM,PHO,3.0,221.5,109.3,24,15.8,25.9,30.5,SF/PF,5200,3,19.0,12.0,103,112,1%,7,10,10,32,32,32,24.8,24.8,18.4,31.1,26.7,11.0,2.1,25.3,4.86,24.9,30.5,4.8,25.1,4.83,32.0,9.0,24.839999999999996,24.066666666666666,23.923437500000002
36,3,Luke Kennard,0.0,DET,BKN,2.0,223.0,110.5,15,14.8,22.6,27.3,SG/SF,5000,0,18.0,12.0,103,107,-6%,9,10,11,30,31,30,22.6,25.4,17.2,33.5,37.4,34.3,6.9,25.5,5.1,30.3,33.0,6.1,27.9,5.6,30.333333333333332,10.0,25.32,21.566666666666666,30.35274725274725
36,4,Isaiah Thomas,0.0,WAS,MIN,-3.0,228.5,115.8,27,2.5,20.5,36.5,PG,4800,2,0.0,0.0,103,110,-1%,13,8,8,22,15,15,21.6,21.6,2.4,40.7,19.4,33.0,6.9,25.8,5.36,27.0,24.0,5.6,26.4,5.48,17.333333333333332,9.666666666666666,22.540000000000003,19.833333333333332,36.55384615384615
36,5,Noah Vonleh,0.0,MIN,WAS,3.0,228.5,112.8,4,5.0,10.1,14.3,PF/C,4200,2,15.0,14.0,104,111,9%,4,3,3,14,14,14,11.4,11.4,7.3,15.4,13.1,15.8,3.8,18.3,4.35,16.8,17.0,4.0,17.55,4.175,14.0,3.3333333333333335,12.61,9.799999999999999,21.310714285714287
36,6,Moritz Wagner,0.0,WAS,MIN,-3.0,228.5,115.8,12,11.5,17.2,21.0,PF/C,3300,2,0.0,0.0,103,110,1%,8,7,7,16,16,16,18.6,18.6,15.7,21.5,28.2,23.3,7.1,15.8,4.77,14.1,16.0,4.3,14.95,4.535,16.0,7.333333333333333,17.87,16.566666666666666,14.95
36,7,Thon Maker,0.0,DET,BKN,2.0,223.0,110.5,8,2.0,8.6,14.3,PF/C,3100,0,14.0,11.0,103,107,11%,4,2,3,13,16,16,8.6,8.6,3.8,13.3,9.2,9.0,2.9,13.5,4.35,11.9,13.0,3.8,12.7,4.074999999999999,15.0,3.0,9.4,8.299999999999999,11.006666666666666
37,0,Malik Beasley,0.0,DEN,ORL,-4.0,200.5,102.3,7,10.8,16.8,26.0,PG/SG,3400,1,19.0,14.0,100,106,-2%,11,9,9,21,21,21,16.8,16.8,10.5,23.0,13.4,2.5,0.7,16.0,4.71,17.8,23.5,5.2,16.9,4.955,21.0,9.666666666666666,16.8,17.866666666666667,18.91190476190476
37,1,Damion Lee,0.0,GS,CHA,6.0,221.0,107.5,27,5.8,18.7,42.3,SG/SF,3500,0,0.0,0.0,101,110,6%,7,6,6,18,17,17,18.7,18.7,3.3,34.1,26.8,20.0,5.7,20.5,5.86,26.0,28.0,7.4,23.25,6.630000000000001,17.333333333333332,6.333333333333333,19.61,22.266666666666666,37.557692307692314
37,2,Jerami Grant,0.0,DEN,ORL,-4.0,200.5,102.3,24,6.8,15.6,21.8,PF/C,3800,1,15.0,14.0,100,106,-5%,8,8,8,21,24,24,15.6,15.6,9.8,21.4,21.2,7.3,1.9,17.8,4.67,17.0,25.5,4.5,17.4,4.585,23.0,8.0,15.959999999999997,14.733333333333334,19.291304347826085
37,3,Tobias Harris,0.0,PHI,POR,-1.0,223.0,112.0,1,28.8,37.1,44.3,SF/PF,7300,2,23.0,17.0,102,108,4%,16,14,14,36,36,36,37.5,37.5,29.8,45.2,35.9,42.3,5.8,35.8,4.9,36.4,35.5,5.0,36.099999999999994,4.95,36.0,14.666666666666666,37.22,36.733333333333334,35.598611111111104
37,4,Ish Smith,0.0,WAS,MIN,-3.0,228.5,115.8,27,7.5,17.4,33.8,PG,4600,2,21.0,12.0,103,110,-1%,10,9,9,26,27,27,19.8,19.8,10.1,29.6,31.3,21.3,4.6,21.0,4.57,19.8,23.5,4.3,20.4,4.4350000000000005,26.666666666666668,9.333333333333334,19.939999999999998,19.566666666666666,17.9775
37,5,Josh Okogie,0.0,MIN,WAS,3.0,228.5,112.8,17,4.8,18.3,24.5,SG/SF,3800,2,15.0,9.0,104,111,-4%,5,5,5,21,21,21,21.7,21.7,19.2,24.1,29.1,23.0,6.1,18.3,4.8,17.4,20.0,4.6,17.85,4.699999999999999,21.0,5.0,20.910000000000004,15.866666666666667,17.0
37,6,DeAndre Jordan,0.0,BKN,DET,-2.0,223.0,112.5,10,6.8,21.1,30.8,C,4800,0,14.0,19.0,100,107,-3%,6,4,4,19,20,20,21.1,21.1,12.0,30.2,30.0,37.5,7.8,23.0,4.79,24.1,23.5,5.0,23.55,4.895,19.666666666666668,4.666666666666667,21.59,19.566666666666666,28.140254237288136
37,7,Thon Maker,0.0,DET,BKN,2.0,223.0,110.5,8,2.0,8.6,14.3,PF/C,3100,0,14.0,11.0,103,107,11%,4,2,3,13,16,16,8.6,8.6,3.8,13.3,9.2,9.0,2.9,13.5,4.35,11.9,13.0,3.8,12.7,4.074999999999999,15.0,3.0,9.4,8.299999999999999,11.006666666666666
38,0,Markelle Fultz,0.0,ORL,DEN,4.0,200.5,98.3,19,10.8,18.3,23.5,PG/SG,3700,0,0.0,0.0,100,107,-8%,6,9,9,20,23,23,18.3,18.3,12.7,23.9,24.9,18.8,5.1,17.5,4.73,22.3,26.0,6.0,19.9,5.365,22.0,8.0,18.619999999999997,17.533333333333335,23.518181818181816
38,1,Anfernee Simons,0.0,POR,PHI,1.0,223.0,111.0,2,3.0,11.8,19.5,PG/SG,3200,2,0.0,0.0,104,107,-5%,8,7,7,18,17,17,11.8,11.8,5.5,18.0,14.3,19.8,6.2,12.3,3.83,15.0,19.0,4.7,13.65,4.265000000000001,17.333333333333332,7.333333333333333,12.15,11.433333333333332,14.962500000000002
38,2,Eric Paschall,0.0,GS,CHA,6.0,221.0,107.5,15,11.0,19.3,29.8,SF/PF,4600,0,0.0,0.0,101,110,2%,6,7,7,29,27,27,19.3,19.3,10.8,27.8,35.0,34.5,7.5,26.8,5.82,28.5,33.5,6.2,27.65,6.01,27.666666666666668,6.666666666666667,20.97,20.033333333333335,33.47981927710843
38,3,Jarrett Culver,0.0,MIN,WAS,3.0,228.5,112.8,17,4.3,6.5,9.5,SG/SF,3200,2,0.0,0.0,104,111,5%,6,5,5,14,15,15,6.5,6.5,4.0,9.0,26.2,28.8,9.0,7.0,2.19,11.7,13.5,3.7,9.35,2.9450000000000003,14.666666666666666,5.333333333333333,7.07,6.766666666666667,8.60625
38,4,D.J. Augustin,0.0,ORL,DEN,4.0,200.5,98.3,19,12.5,18.0,22.0,PG,4600,0,19.0,16.0,100,107,-8%,6,8,8,26,25,25,17.9,17.9,14.2,21.7,24.6,8.8,1.9,20.0,4.35,17.8,22.0,3.9,18.9,4.125,25.333333333333332,7.333333333333333,18.119999999999997,17.5,16.41315789473684
38,5,Skal Labissiere,0.0,POR,PHI,1.0,223.0,111.0,7,1.5,12.5,19.0,PF/C,3000,2,0.0,0.0,104,107,3%,5,4,4,17,11,11,12.4,12.4,4.9,20.0,22.7,24.5,8.2,13.8,4.58,25.2,27.5,8.4,19.5,6.49,13.0,4.333333333333333,13.839999999999998,11.0,41.25
38,6,Willie Cauley-Stein,0.0,GS,CHA,6.0,221.0,107.5,20,14.3,20.7,28.3,C,4700,0,18.0,18.0,101,110,2%,6,6,6,15,15,15,18.0,18.0,12.7,23.3,21.2,25.0,5.3,22.3,4.73,24.5,20.5,5.2,23.4,4.965,15.0,6.0,19.080000000000002,21.099999999999998,31.979999999999997
38,7,Terence Davis,0.0,TOR,MIL,6.5,227.0,110.3,2,0.0,9.3,18.8,SG/SF,3000,2,0.0,0.0,105,103,-2%,0,2,2,1,8,8,7.4,7.4,-0.7,15.5,8.7,6.5,2.2,7.0,2.33,0.0,0.0,0.0,3.5,1.165,5.666666666666667,1.3333333333333333,6.62,9.366666666666667,0.0
40,0,Tyler Johnson,0.0,PHO,MEM,-3.0,221.5,112.3,28,5.5,12.7,21.5,PG/SG,3200,2,20.0,12.0,99,106,1%,4,6,6,16,19,19,12.7,12.7,5.3,20.1,20.4,18.0,5.6,9.8,3.05,12.3,15.5,3.8,11.05,3.425,18.0,5.333333333333333,12.37,13.233333333333334,9.51527777777778
40,1,Evan Fournier,0.0,ORL,DEN,4.0,200.5,98.3,6,24.8,27.7,31.3,SG/SF,5100,0,22.0,12.0,100,107,0%,12,14,14,25,27,27,27.6,27.6,25.0,30.3,27.1,20.5,4.0,23.3,4.56,24.0,29.5,4.7,23.65,4.63,26.333333333333332,13.333333333333334,26.830000000000002,27.933333333333334,26.49398734177215
40,2,PJ Washington,0.0,CHA,GS,-6.0,221.0,113.5,14,20.0,29.7,39.0,PF/C,6700,2,0.0,0.0,103,107,-1%,11,11,11,33,34,34,29.6,29.6,21.0,38.3,32.8,24.3,3.6,33.0,4.93,32.1,34.0,4.8,32.55,4.865,33.666666666666664,11.0,30.21,29.566666666666666,32.87227722772277
40,3,Giannis Antetokounmpo,0.0,MIL,TOR,-6.5,227.0,116.8,23,41.5,58.6,71.3,SF/PF,10700,0,32.0,31.0,103,104,-4%,15,16,16,33,32,32,58.9,58.9,46.3,71.5,36.4,77.3,7.2,59.0,5.51,61.5,33.5,5.7,60.25,5.605,32.333333333333336,15.666666666666666,59.17,57.133333333333326,62.423969072164944
40,4,Dillon Brooks,0.0,MEM,PHO,3.0,221.5,109.3,14,16.8,20.6,30.0,SG/SF,4300,3,0.0,0.0,103,112,-3%,11,10,10,30,27,27,21.3,21.3,15.3,27.3,23.7,22.5,5.2,20.5,4.77,21.1,29.0,4.9,20.8,4.835,28.0,10.333333333333334,21.2,22.46666666666667,21.542857142857144
40,5,Dario Saric,0.0,PHO,MEM,-3.0,221.5,112.3,2,9.3,25.6,45.3,SF/PF,4800,2,18.0,13.0,99,106,-4%,9,9,9,26,28,28,25.6,25.6,10.2,41.0,24.6,23.3,4.9,26.0,5.42,26.0,29.0,5.4,26.0,5.41,27.333333333333332,9.0,25.68,26.733333333333334,27.585365853658537
40,6,Markieff Morris,0.0,DET,BKN,2.0,223.0,110.5,8,9.8,20.5,31.0,PF/C,4100,0,18.0,12.0,103,107,1%,13,10,10,32,29,28,20.5,20.0,12.7,27.3,34.5,22.5,5.5,25.3,6.16,28.0,31.0,6.8,26.65,6.48,29.666666666666668,11.0,21.43,20.433333333333334,27.847752808988762
40,7,Monte Morris,0.0,DEN,ORL,-4.0,200.5,102.3,7,3.0,11.4,21.5,PG,3200,1,19.0,16.0,100,106,-2%,8,7,7,18,16,16,11.4,11.4,4.8,18.0,15.9,18.3,5.7,15.5,4.84,12.8,15.5,4.0,14.15,4.42,16.666666666666668,7.333333333333333,11.95,11.966666666666667,13.1595
41,0,Ben Simmons,0.0,PHI,POR,-1.0,223.0,112.0,20,31.5,39.3,46.0,PG/SF,8700,2,24.0,20.0,102,108,-1%,12,13,13,35,35,35,40.1,40.1,33.1,47.0,36.4,47.8,5.5,45.8,5.26,46.2,35.0,5.3,46.0,5.279999999999999,35.0,12.666666666666666,41.260000000000005,38.93333333333333,46.0
41,1,Terrence Ross,0.0,ORL,DEN,4.0,200.5,98.3,6,6.3,15.2,19.5,SG/SF,3600,0,23.0,15.0,100,107,-6%,13,11,11,22,22,22,15.2,15.2,9.8,20.5,22.3,26.8,7.4,16.8,4.65,18.6,22.5,5.2,17.700000000000003,4.925000000000001,22.0,11.666666666666666,15.680000000000001,13.666666666666666,18.10227272727273
41,2,James Ennis III,0.0,PHI,POR,-1.0,223.0,112.0,1,8.5,13.0,24.3,SF/PF,3300,2,12.0,11.0,102,108,4%,5,4,4,13,14,14,14.1,14.1,6.8,21.3,24.9,23.8,7.2,14.8,4.47,13.0,17.0,3.9,13.9,4.185,13.666666666666666,4.333333333333333,14.040000000000001,15.266666666666666,17.290243902439023
41,3,Wesley Matthews,0.0,MIL,TOR,-6.5,227.0,116.8,20,2.0,17.1,27.0,SG/SF,4100,0,19.0,10.0,103,104,-3%,5,8,8,25,28,28,17.1,17.1,6.9,27.2,9.3,5.5,1.3,19.5,4.76,19.1,28.0,4.7,19.3,4.73,27.0,7.0,17.520000000000003,15.366666666666667,20.014814814814812
41,4,Ricky Rubio,0.0,PHO,MEM,-3.0,221.5,112.3,28,30.8,37.4,42.5,PG,6500,2,24.0,14.0,99,106,-4%,9,9,9,31,32,32,35.6,35.6,30.6,40.5,35.3,31.8,4.9,32.8,5.04,32.9,31.5,5.1,32.849999999999994,5.07,31.666666666666668,9.0,35.03,36.9,32.677105263157884
41,5,Tony Snell,0.0,DET,BKN,2.0,223.0,110.5,15,11.0,14.1,18.0,SG/SF,3300,0,13.0,11.0,103,107,-6%,6,6,6,23,25,27,14.1,14.4,11.2,17.6,30.6,20.0,6.1,15.3,4.62,17.4,27.5,5.3,16.35,4.96,25.0,6.0,14.73,14.366666666666667,17.985
41,6,PJ Washington,0.0,CHA,GS,-6.0,221.0,113.5,14,20.0,29.7,39.0,PF/C,6700,2,0.0,0.0,103,107,-1%,11,11,11,33,34,34,29.6,29.6,21.0,38.3,32.8,24.3,3.6,33.0,4.93,32.1,34.0,4.8,32.55,4.865,33.666666666666664,11.0,30.21,29.566666666666666,32.87227722772277
41,7,Kyle Anderson,0.0,MEM,PHO,3.0,221.5,109.3,24,8.3,20.7,27.5,SF/PF,3600,3,13.0,13.0,103,112,-3%,5,5,5,20,20,20,19.6,19.6,10.2,29.1,19.6,19.0,5.3,18.0,5.0,18.7,22.0,5.2,18.35,5.1,20.0,5.0,19.370000000000005,18.833333333333332,20.185000000000002
42,0,Eric Bledsoe,0.0,MIL,TOR,-6.5,227.0,116.8,12,15.8,25.6,37.0,PG,5900,0,24.0,19.0,103,104,-1%,12,12,12,27,26,26,25.6,25.6,16.7,34.4,24.5,34.8,5.9,32.8,5.55,30.9,28.0,5.2,31.849999999999998,5.375,26.333333333333332,12.0,26.830000000000002,26.133333333333336,33.86582278481013
42,1,Marko Guduric,0.0,MEM,PHO,3.0,221.5,109.3,14,2.8,9.0,13.0,SG/SF,3200,3,0.0,0.0,103,112,5%,3,6,6,14,18,18,9.0,9.0,4.4,13.6,12.2,15.0,4.7,9.5,2.97,10.1,14.0,3.2,9.8,3.085,16.666666666666668,5.0,9.16,8.266666666666667,8.232
42,2,James Ennis III,0.0,PHI,POR,-1.0,223.0,112.0,1,8.5,13.0,24.3,SF/PF,3300,2,12.0,11.0,102,108,4%,5,4,4,13,14,14,14.1,14.1,6.8,21.3,24.9,23.8,7.2,14.8,4.47,13.0,17.0,3.9,13.9,4.185,13.666666666666666,4.333333333333333,14.040000000000001,15.266666666666666,17.290243902439023
42,3,Wesley Matthews,0.0,MIL,TOR,-6.5,227.0,116.8,20,2.0,17.1,27.0,SG/SF,4100,0,19.0,10.0,103,104,-3%,5,8,8,25,28,28,17.1,17.1,6.9,27.2,9.3,5.5,1.3,19.5,4.76,19.1,28.0,4.7,19.3,4.73,27.0,7.0,17.520000000000003,15.366666666666667,20.014814814814812
42,4,Caris LeVert,0.0,BKN,DET,-2.0,223.0,112.5,10,22.0,32.1,40.0,SG/SF,6100,0,25.0,15.0,100,107,-3%,17,16,16,33,33,33,32.0,32.0,24.4,39.7,27.6,22.5,3.7,33.0,5.41,32.0,32.5,5.2,32.5,5.305,33.0,16.333333333333332,32.12,31.366666666666664,32.00757575757576
42,5,Michael Porter Jr.,0.0,DEN,ORL,-4.0,200.5,102.3,12,21.5,21.5,21.5,SF/PF,3100,1,0.0,0.0,100,106,-6%,8,8,8,21,21,21,21.5,21.5,21.5,21.5,7.4,7.5,2.4,11.5,3.71,15.3,18.0,4.9,13.4,4.305,21.0,8.0,19.880000000000003,21.5,11.485714285714288
42,6,Pascal Siakam,0.0,TOR,MIL,6.5,227.0,110.3,6,33.0,46.5,66.5,PF/C,8500,2,21.0,19.0,105,103,-2%,19,20,20,33,34,34,46.5,46.5,33.8,59.2,32.4,26.3,3.1,41.8,4.91,42.7,35.5,5.0,42.25,4.955,33.666666666666664,19.666666666666668,45.65,48.666666666666664,44.55074257425743
42,7,Kyle O'Quinn,0.0,PHI,POR,-1.0,223.0,112.0,23,-0.5,5.6,12.5,PF/C,3400,2,0.0,0.0,102,108,-6%,2,2,2,5,7,7,7.1,7.1,2.4,11.7,17.5,25.3,7.4,14.0,4.12,13.5,11.5,4.0,13.75,4.0600000000000005,6.333333333333333,2.0,8.41,5.866666666666667,24.967105263157894
43,0,Grayson Allen,0.0,MEM,PHO,3.0,221.5,109.3,3,8.8,13.0,23.3,PG/SG,3200,3,0.0,0.0,103,112,7%,11,8,8,18,19,19,13.7,13.7,7.2,20.2,10.1,9.8,3.1,18.8,5.86,13.8,17.5,4.3,16.3,5.08,18.666666666666668,9.0,14.219999999999999,15.033333333333333,15.28125
43,1,Malik Monk,0.0,CHA,GS,-6.0,221.0,113.5,22,3.0,13.6,27.5,PG/SG,3900,2,24.0,12.0,103,107,-1%,12,7,7,21,18,18,13.6,13.6,3.2,23.9,20.1,15.8,4.1,18.3,4.68,18.8,19.5,4.8,18.55,4.74,19.0,8.666666666666666,14.569999999999999,14.700000000000001,19.03815789473684
43,2,Michael Porter Jr.,0.0,DEN,ORL,-4.0,200.5,102.3,12,21.5,21.5,21.5,SF/PF,3100,1,0.0,0.0,100,106,-6%,8,8,8,21,21,21,21.5,21.5,21.5,21.5,7.4,7.5,2.4,11.5,3.71,15.3,18.0,4.9,13.4,4.305,21.0,8.0,19.880000000000003,21.5,11.485714285714288
43,3,Anthony Tolliver,0.0,POR,PHI,1.0,223.0,111.0,25,-0.5,9.7,24.5,SF/PF,3300,2,12.0,9.0,104,107,3%,5,3,3,27,17,17,9.7,9.7,-2.4,21.7,27.2,12.0,3.6,14.3,4.32,21.3,30.5,6.5,17.8,5.41,20.333333333333332,3.6666666666666665,11.3,11.233333333333334,26.700000000000003
43,4,Joe Harris,0.0,BKN,DET,-2.0,223.0,112.5,10,15.5,24.0,36.3,SG/SF,4500,0,17.0,14.0,100,107,-3%,9,10,10,32,34,34,23.9,23.9,16.3,31.6,30.7,25.0,5.6,21.8,4.83,20.7,31.0,4.6,21.25,4.715,33.333333333333336,9.666666666666666,23.39,25.266666666666666,19.7625
43,5,Al-Farouq Aminu,0.0,ORL,DEN,4.0,200.5,98.3,5,6.0,17.4,29.8,SF/PF,3700,0,14.0,13.0,100,107,0%,6,5,5,23,24,24,17.4,17.4,8.1,26.6,25.1,17.0,4.6,17.8,4.8,16.3,21.5,4.4,17.05,4.6,23.666666666666668,5.333333333333333,17.31,17.733333333333334,15.489084507042254
43,6,PJ Washington,0.0,CHA,GS,-6.0,221.0,113.5,14,20.0,29.7,39.0,PF/C,6700,2,0.0,0.0,103,107,-1%,11,11,11,33,34,34,29.6,29.6,21.0,38.3,32.8,24.3,3.6,33.0,4.93,32.1,34.0,4.8,32.55,4.865,33.666666666666664,11.0,30.21,29.566666666666666,32.87227722772277
43,7,Kyle Lowry,0.0,TOR,MIL,6.5,227.0,110.3,23,36.3,42.1,49.5,PG,8100,2,22.0,17.0,105,103,-4%,16,15,15,38,39,39,42.1,42.1,37.3,46.9,38.0,51.5,6.4,38.0,4.69,39.5,36.5,4.9,38.75,4.795,38.666666666666664,15.333333333333334,41.42999999999999,42.63333333333333,36.57866379310345
44,0,Monte Morris,0.0,DEN,ORL,-4.0,200.5,102.3,7,3.0,11.4,21.5,PG,3200,1,19.0,16.0,100,106,-2%,8,7,7,18,16,16,11.4,11.4,4.8,18.0,15.9,18.3,5.7,15.5,4.84,12.8,15.5,4.0,14.15,4.42,16.666666666666668,7.333333333333333,11.95,11.966666666666667,13.1595
44,1,Caris LeVert,0.0,BKN,DET,-2.0,223.0,112.5,10,22.0,32.1,40.0,SG/SF,6100,0,25.0,15.0,100,107,-3%,17,16,16,33,33,33,32.0,32.0,24.4,39.7,27.6,22.5,3.7,33.0,5.41,32.0,32.5,5.2,32.5,5.305,33.0,16.333333333333332,32.12,31.366666666666664,32.00757575757576
44,2,Kyle Anderson,0.0,MEM,PHO,3.0,221.5,109.3,24,8.3,20.7,27.5,SF/PF,3600,3,13.0,13.0,103,112,-3%,5,5,5,20,20,20,19.6,19.6,10.2,29.1,19.6,19.0,5.3,18.0,5.0,18.7,22.0,5.2,18.35,5.1,20.0,5.0,19.370000000000005,18.833333333333332,20.185000000000002
44,3,Tony Snell,0.0,DET,BKN,2.0,223.0,110.5,15,11.0,14.1,18.0,SG/SF,3300,0,13.0,11.0,103,107,-6%,6,6,6,23,25,27,14.1,14.4,11.2,17.6,30.6,20.0,6.1,15.3,4.62,17.4,27.5,5.3,16.35,4.96,25.0,6.0,14.73,14.366666666666667,17.985
44,4,Joe Harris,0.0,BKN,DET,-2.0,223.0,112.5,10,15.5,24.0,36.3,SG/SF,4500,0,17.0,14.0,100,107,-3%,9,10,10,32,34,34,23.9,23.9,16.3,31.6,30.7,25.0,5.6,21.8,4.83,20.7,31.0,4.6,21.25,4.715,33.333333333333336,9.666666666666666,23.39,25.266666666666666,19.7625
44,5,Norman Powell,0.0,TOR,MIL,6.5,227.0,110.3,2,5.8,17.1,25.8,SG/SF,4200,2,19.0,13.0,105,103,1%,9,7,7,24,25,25,17.1,17.1,9.0,25.2,19.3,15.3,3.6,19.8,4.7,20.1,26.5,4.8,19.950000000000003,4.75,24.666666666666668,7.666666666666667,17.67,16.233333333333334,21.432770270270275
44,6,Jordan Bell,0.0,MIN,WAS,3.0,228.5,112.8,4,2.0,7.3,10.3,PF/C,3600,2,14.0,13.0,104,111,9%,3,3,3,9,9,9,9.4,9.4,8.1,10.6,11.3,10.0,2.8,15.5,4.31,13.3,13.0,3.7,14.4,4.005,9.0,3.0,10.379999999999999,6.533333333333334,20.8
44,7,Tyus Jones,0.0,MEM,PHO,3.0,221.5,109.3,3,7.0,17.1,29.8,PG,3900,3,16.0,14.0,103,112,5%,7,8,8,19,20,20,16.0,16.0,6.1,25.9,22.2,19.0,4.9,15.5,3.97,16.0,19.0,4.1,15.75,4.035,19.666666666666668,7.666666666666667,15.95,17.96666666666667,15.216101694915254
45,0,Isaiah Thomas,0.0,WAS,MIN,-3.0,228.5,115.8,27,2.5,20.5,36.5,PG,4800,2,0.0,0.0,103,110,-1%,13,8,8,22,15,15,21.6,21.6,2.4,40.7,19.4,33.0,6.9,25.8,5.36,27.0,24.0,5.6,26.4,5.48,17.333333333333332,9.666666666666666,22.540000000000003,19.833333333333332,36.55384615384615
45,1,Tyler Johnson,0.0,PHO,MEM,-3.0,221.5,112.3,28,5.5,12.7,21.5,PG/SG,3200,2,20.0,12.0,99,106,1%,4,6,6,16,19,19,12.7,12.7,5.3,20.1,20.4,18.0,5.6,9.8,3.05,12.3,15.5,3.8,11.05,3.425,18.0,5.333333333333333,12.37,13.233333333333334,9.51527777777778
45,2,Dario Saric,0.0,PHO,MEM,-3.0,221.5,112.3,2,9.3,25.6,45.3,SF/PF,4800,2,18.0,13.0,99,106,-4%,9,9,9,26,28,28,25.6,25.6,10.2,41.0,24.6,23.3,4.9,26.0,5.42,26.0,29.0,5.4,26.0,5.41,27.333333333333332,9.0,25.68,26.733333333333334,27.585365853658537
45,3,Jarrett Culver,0.0,MIN,WAS,3.0,228.5,112.8,17,4.3,6.5,9.5,SG/SF,3200,2,0.0,0.0,104,111,5%,6,5,5,14,15,15,6.5,6.5,4.0,9.0,26.2,28.8,9.0,7.0,2.19,11.7,13.5,3.7,9.35,2.9450000000000003,14.666666666666666,5.333333333333333,7.07,6.766666666666667,8.60625
45,4,Damion Lee,0.0,GS,CHA,6.0,221.0,107.5,27,5.8,18.7,42.3,SG/SF,3500,0,0.0,0.0,101,110,6%,7,6,6,18,17,17,18.7,18.7,3.3,34.1,26.8,20.0,5.7,20.5,5.86,26.0,28.0,7.4,23.25,6.630000000000001,17.333333333333332,6.333333333333333,19.61,22.266666666666666,37.557692307692314
45,5,Markieff Morris,0.0,DET,BKN,2.0,223.0,110.5,8,9.8,20.5,31.0,PF/C,4100,0,18.0,12.0,103,107,1%,13,10,10,32,29,28,20.5,20.0,12.7,27.3,34.5,22.5,5.5,25.3,6.16,28.0,31.0,6.8,26.65,6.48,29.666666666666668,11.0,21.43,20.433333333333334,27.847752808988762
45,6,Aron Baynes,0.0,PHO,MEM,-3.0,221.5,112.3,27,8.5,29.4,59.5,C,5000,2,15.0,14.0,99,106,-7%,11,9,9,25,22,22,29.6,29.6,10.7,48.6,27.9,32.0,6.4,24.8,4.95,24.7,26.0,4.9,24.75,4.925000000000001,23.0,9.666666666666666,28.65,32.46666666666667,27.978260869565215
45,7,Moritz Wagner,0.0,WAS,MIN,-3.0,228.5,115.8,12,11.5,17.2,21.0,PF/C,3300,2,0.0,0.0,103,110,1%,8,7,7,16,16,16,18.6,18.6,15.7,21.5,28.2,23.3,7.1,15.8,4.77,14.1,16.0,4.3,14.95,4.535,16.0,7.333333333333333,17.87,16.566666666666666,14.95
46,0,Kyrie Irving,0.0,BKN,DET,-2.0,223.0,112.5,16,41.0,55.2,76.0,PG,9300,0,30.0,24.0,100,107,-3%,19,23,23,33,34,34,55.2,55.2,40.7,69.7,33.2,52.3,5.6,46.3,4.97,48.5,33.0,5.2,47.4,5.085,33.666666666666664,21.666666666666668,53.64,57.4,46.46138613861387
46,1,Spencer Dinwiddie,0.0,BKN,DET,-2.0,223.0,112.5,16,12.3,26.6,36.3,PG/SG,5500,0,26.0,16.0,100,107,-3%,12,12,12,23,24,24,26.6,26.6,16.1,37.0,25.4,27.3,5.0,26.8,4.86,26.5,25.0,4.8,26.65,4.83,23.666666666666668,12.0,26.590000000000003,25.066666666666666,28.151408450704224
46,2,Aaron Gordon,0.0,ORL,DEN,4.0,200.5,98.3,5,18.3,25.1,37.3,SF/PF,6000,0,22.0,15.0,100,107,0%,12,9,9,28,29,29,25.1,25.1,17.6,32.5,32.3,37.3,6.2,29.5,4.92,27.5,29.5,4.6,28.5,4.76,28.666666666666668,10.0,25.76,26.900000000000002,29.328488372093023
46,3,Damion Lee,0.0,GS,CHA,6.0,221.0,107.5,27,5.8,18.7,42.3,SG/SF,3500,0,0.0,0.0,101,110,6%,7,6,6,18,17,17,18.7,18.7,3.3,34.1,26.8,20.0,5.7,20.5,5.86,26.0,28.0,7.4,23.25,6.630000000000001,17.333333333333332,6.333333333333333,19.61,22.266666666666666,37.557692307692314
46,4,Devonte' Graham,0.0,CHA,GS,-6.0,221.0,113.5,22,20.3,32.9,42.5,PG/SG,5800,2,18.0,10.0,103,107,-3%,9,11,11,31,29,29,32.9,32.9,24.7,41.0,30.7,18.0,3.1,30.8,5.3,29.0,30.0,5.0,29.9,5.15,29.666666666666668,10.333333333333334,32.28,31.900000000000002,30.235955056179776
46,5,Wesley Matthews,0.0,MIL,TOR,-6.5,227.0,116.8,20,2.0,17.1,27.0,SG/SF,4100,0,19.0,10.0,103,104,-3%,5,8,8,25,28,28,17.1,17.1,6.9,27.2,9.3,5.5,1.3,19.5,4.76,19.1,28.0,4.7,19.3,4.73,27.0,7.0,17.520000000000003,15.366666666666667,20.014814814814812
46,6,Frank Kaminsky,0.0,PHO,MEM,-3.0,221.5,112.3,26,8.5,25.0,37.0,PF/C,4500,2,22.0,17.0,99,106,-4%,9,10,10,25,26,26,24.9,24.9,12.9,37.0,22.5,22.8,5.1,27.3,6.06,24.3,25.5,5.4,25.8,5.73,25.666666666666668,9.666666666666666,25.1,23.5,25.632467532467533
46,7,Jae Crowder,0.0,MEM,PHO,3.0,221.5,109.3,24,15.8,25.9,30.5,SF/PF,5200,3,19.0,12.0,103,112,1%,7,10,10,32,32,32,24.8,24.8,18.4,31.1,26.7,11.0,2.1,25.3,4.86,24.9,30.5,4.8,25.1,4.83,32.0,9.0,24.839999999999996,24.066666666666666,23.923437500000002
47,0,Eric Bledsoe,0.0,MIL,TOR,-6.5,227.0,116.8,12,15.8,25.6,37.0,PG,5900,0,24.0,19.0,103,104,-1%,12,12,12,27,26,26,25.6,25.6,16.7,34.4,24.5,34.8,5.9,32.8,5.55,30.9,28.0,5.2,31.849999999999998,5.375,26.333333333333332,12.0,26.830000000000002,26.133333333333336,33.86582278481013
47,1,Sterling Brown,0.0,MIL,TOR,-6.5,227.0,116.8,20,0.0,8.4,25.3,SG/SF,3100,0,15.0,11.0,103,104,-3%,3,3,3,11,9,9,9.9,9.9,-3.6,23.4,13.3,13.8,4.5,5.8,1.85,0.0,0.0,0.0,2.9,0.925,9.666666666666666,3.0,8.5,11.233333333333334,0.0
47,2,Pascal Siakam,0.0,TOR,MIL,6.5,227.0,110.3,6,33.0,46.5,66.5,PF/C,8500,2,21.0,19.0,105,103,-2%,19,20,20,33,34,34,46.5,46.5,33.8,59.2,32.4,26.3,3.1,41.8,4.91,42.7,35.5,5.0,42.25,4.955,33.666666666666664,19.666666666666668,45.65,48.666666666666664,44.55074257425743
47,3,Jarrett Culver,0.0,MIN,WAS,3.0,228.5,112.8,17,4.3,6.5,9.5,SG/SF,3200,2,0.0,0.0,104,111,5%,6,5,5,14,15,15,6.5,6.5,4.0,9.0,26.2,28.8,9.0,7.0,2.19,11.7,13.5,3.7,9.35,2.9450000000000003,14.666666666666666,5.333333333333333,7.07,6.766666666666667,8.60625
47,4,Cody Martin,0.0,CHA,GS,-6.0,221.0,113.5,22,0.0,4.9,14.5,PG/SG,3000,2,0.0,0.0,103,107,-1%,1,2,2,4,7,7,4.9,4.9,-1.7,11.4,4.5,5.5,1.8,12.5,4.17,0.0,0.0,0.0,6.25,2.085,6.0,1.6666666666666667,5.15,6.466666666666666,0.0
47,5,Omari Spellman,0.0,GS,CHA,6.0,221.0,107.5,25,6.0,17.4,30.8,PF/C,3300,0,15.0,12.0,101,110,2%,3,6,6,14,16,16,17.4,17.4,7.8,27.1,18.9,11.0,3.3,17.3,5.23,21.1,21.0,6.4,19.200000000000003,5.815,15.333333333333334,5.0,17.78,18.066666666666666,26.295652173913044
47,6,DeAndre Jordan,0.0,BKN,DET,-2.0,223.0,112.5,10,6.8,21.1,30.8,C,4800,0,14.0,19.0,100,107,-3%,6,4,4,19,20,20,21.1,21.1,12.0,30.2,30.0,37.5,7.8,23.0,4.79,24.1,23.5,5.0,23.55,4.895,19.666666666666668,4.666666666666667,21.59,19.566666666666666,28.140254237288136
47,7,Robert Covington,0.0,MIN,WAS,3.0,228.5,112.8,7,16.3,25.3,34.0,SF/PF,5400,2,16.0,13.0,104,111,4%,9,10,10,27,26,26,23.1,23.1,16.2,30.0,19.7,32.0,5.9,29.3,5.42,29.5,29.5,5.5,29.4,5.46,26.333333333333332,9.666666666666666,24.360000000000003,25.2,32.93544303797468
48,0,Alec Burks,0.0,GS,CHA,6.0,221.0,107.5,14,4.0,8.6,16.3,PG/SG,4100,0,20.0,13.0,101,110,6%,8,8,8,17,17,17,13.8,13.8,10.2,17.3,24.8,11.0,2.7,18.3,4.45,22.5,24.0,5.5,20.4,4.975,17.0,8.0,15.1,9.633333333333333,28.799999999999997
48,1,Terrence Ross,0.0,ORL,DEN,4.0,200.5,98.3,6,6.3,15.2,19.5,SG/SF,3600,0,23.0,15.0,100,107,-6%,13,11,11,22,22,22,15.2,15.2,9.8,20.5,22.3,26.8,7.4,16.8,4.65,18.6,22.5,5.2,17.700000000000003,4.925000000000001,22.0,11.666666666666666,15.680000000000001,13.666666666666666,18.10227272727273
48,2,PJ Washington,0.0,CHA,GS,-6.0,221.0,113.5,14,20.0,29.7,39.0,PF/C,6700,2,0.0,0.0,103,107,-1%,11,11,11,33,34,34,29.6,29.6,21.0,38.3,32.8,24.3,3.6,33.0,4.93,32.1,34.0,4.8,32.55,4.865,33.666666666666664,11.0,30.21,29.566666666666666,32.87227722772277
48,3,Jarrett Culver,0.0,MIN,WAS,3.0,228.5,112.8,17,4.3,6.5,9.5,SG/SF,3200,2,0.0,0.0,104,111,5%,6,5,5,14,15,15,6.5,6.5,4.0,9.0,26.2,28.8,9.0,7.0,2.19,11.7,13.5,3.7,9.35,2.9450000000000003,14.666666666666666,5.333333333333333,7.07,6.766666666666667,8.60625
48,4,Isaiah Thomas,0.0,WAS,MIN,-3.0,228.5,115.8,27,2.5,20.5,36.5,PG,4800,2,0.0,0.0,103,110,-1%,13,8,8,22,15,15,21.6,21.6,2.4,40.7,19.4,33.0,6.9,25.8,5.36,27.0,24.0,5.6,26.4,5.48,17.333333333333332,9.666666666666666,22.540000000000003,19.833333333333332,36.55384615384615
48,5,Andrew Wiggins,0.0,MIN,WAS,3.0,228.5,112.8,17,27.5,32.2,37.8,SG/SF,7100,2,24.0,12.0,104,111,4%,17,19,19,34,34,34,30.8,30.8,28.4,33.3,26.4,39.8,5.6,35.0,4.93,35.2,34.0,5.0,35.1,4.965,34.0,18.333333333333332,31.68,32.5,35.1
48,6,Mason Plumlee,0.0,DEN,ORL,-4.0,200.5,102.3,24,11.3,19.1,25.3,PF/C,3500,1,17.0,18.0,100,106,-6%,4,4,4,15,16,16,19.1,19.1,13.6,24.5,15.4,12.3,3.5,17.3,4.93,14.4,14.0,4.1,15.850000000000001,4.515,15.666666666666666,4.0,18.43,18.566666666666666,14.163829787234043
48,7,Norman Powell,0.0,TOR,MIL,6.5,227.0,110.3,2,5.8,17.1,25.8,SG/SF,4200,2,19.0,13.0,105,103,1%,9,7,7,24,25,25,17.1,17.1,9.0,25.2,19.3,15.3,3.6,19.8,4.7,20.1,26.5,4.8,19.950000000000003,4.75,24.666666666666668,7.666666666666667,17.67,16.233333333333334,21.432770270270275
49,0,Cody Martin,0.0,CHA,GS,-6.0,221.0,113.5,22,0.0,4.9,14.5,PG/SG,3000,2,0.0,0.0,103,107,-1%,1,2,2,4,7,7,4.9,4.9,-1.7,11.4,4.5,5.5,1.8,12.5,4.17,0.0,0.0,0.0,6.25,2.085,6.0,1.6666666666666667,5.15,6.466666666666666,0.0
49,1,Langston Galloway,0.0,DET,BKN,2.0,223.0,110.5,17,10.5,17.7,22.8,PG/SG,3600,0,16.0,11.0,103,107,-6%,9,8,7,25,23,23,17.7,16.9,12.1,21.7,27.6,20.3,5.6,17.0,4.72,21.7,28.0,6.0,19.35,5.359999999999999,23.666666666666668,8.0,17.55,17.0,22.892957746478874
49,2,Solomon Hill,0.0,MEM,PHO,3.0,221.5,109.3,24,7.3,18.8,25.5,SF/PF,3100,3,11.0,7.0,103,112,-3%,6,6,6,19,19,19,22.1,22.1,19.8,24.4,23.3,14.8,4.8,15.0,4.84,0.0,0.0,0.0,7.5,2.42,19.0,6.0,19.18,17.2,0.0
49,3,Mike Scott,0.0,PHI,POR,-1.0,223.0,112.0,1,1.3,11.6,24.8,SF/PF,3400,2,15.0,9.0,102,108,-1%,3,5,5,13,16,16,13.3,13.3,3.6,23.0,16.5,14.5,4.3,15.0,4.41,17.4,23.5,5.1,16.2,4.755,15.0,4.333333333333333,13.88,12.566666666666668,25.379999999999995
49,4,Jamal Murray,0.0,DEN,ORL,-4.0,200.5,102.3,7,25.0,31.6,43.8,PG/SG,7000,1,26.0,16.0,100,106,-2%,14,15,15,30,33,33,31.6,31.6,24.3,38.8,32.3,32.0,4.6,33.3,4.75,32.5,33.0,4.6,32.9,4.675,32.0,14.666666666666666,31.839999999999996,33.46666666666667,33.928125
49,5,Paul Millsap,0.0,DEN,ORL,-4.0,200.5,102.3,24,12.8,21.9,35.0,PF/C,4600,1,20.0,18.0,100,106,-6%,13,10,10,23,25,25,21.9,21.9,11.5,32.2,28.1,23.8,5.2,23.0,5.0,22.5,25.0,4.9,22.75,4.95,24.333333333333332,11.0,22.05,23.233333333333334,23.37328767123288
49,6,Frank Kaminsky,0.0,PHO,MEM,-3.0,221.5,112.3,26,8.5,25.0,37.0,PF/C,4500,2,22.0,17.0,99,106,-4%,9,10,10,25,26,26,24.9,24.9,12.9,37.0,22.5,22.8,5.1,27.3,6.06,24.3,25.5,5.4,25.8,5.73,25.666666666666668,9.666666666666666,25.1,23.5,25.632467532467533
49,7,Gary Harris,0.0,DEN,ORL,-4.0,200.5,102.3,5,13.8,22.0,31.3,SG,4700,1,20.0,12.0,100,106,-2%,13,11,11,31,32,32,21.7,21.7,14.1,29.3,34.5,26.0,5.5,24.8,5.27,23.6,32.0,5.0,24.200000000000003,5.135,31.666666666666668,11.666666666666666,22.2,22.366666666666664,24.454736842105266
