Lineup Num,,Player Name,injury_status,team,opp,spread,over_under,implied_team_score,L5_dvp_rank,L5_ppg_floor,L5_ppg_avg,L5_ppg_max,Pos,Salary,Rest,USG,PER,Opp Pace,Opp DEff,Opp DvP,L2 FGA,L5 FGA,S FGA,L2 Min,L5 Min,S Min,L5 FP,S FP,Floor FP,Ceil FP,Actual Min,Actual FP,Actual Val,FantasyFuelPPGProj,FantasyFuelValueProj,DFN_PPGProj,DFN_MinProj,DFN_ValueProj,Avg Proj,Avg Value Proj,Avg Skewed Min,Avg Skewed FGA,Avg Skewed FP,Avg L5 PPG,Proj Min Enhanced
0,0,Malcolm Brogdon,0.0,IND,MEM,-10.0,217.0,113.5,22,8.8,32.4,43.0,PG/SG,8100,1,29.0,22.0,106,110,8%,15,15,16,38,32,33,37.5,41.5,33.0,50.0,32.5,39.5,4.9,42.8,5.28,41.9,34.5,5.2,42.349999999999994,5.24,34.333333333333336,15.333333333333334,40.87,28.066666666666666,42.555582524271834
0,1,Justin Holiday,0.0,IND,MEM,-10.0,217.0,113.5,14,10.0,21.5,31.8,SG/SF,4200,1,13.0,12.0,106,110,8%,6,5,6,25,22,25,21.5,18.8,10.5,27.2,29.2,21.8,5.2,16.5,3.93,15.6,23.0,3.7,16.05,3.8150000000000004,24.0,5.666666666666667,18.81,21.099999999999998,15.381250000000001
0,2,Vince Carter,0.0,ATL,GS,-6.5,222.5,114.5,18,3.5,9.6,19.5,SF/PF,3100,1,17.0,5.0,104,112,6%,5,5,6,15,16,15,9.6,9.8,3.2,16.5,11.9,15.0,4.8,13.8,4.44,13.9,17.0,4.5,13.850000000000001,4.470000000000001,15.333333333333334,5.333333333333333,10.59,10.866666666666667,15.355434782608697
0,3,Jordan Poole,0.0,GS,ATL,6.5,222.5,108.0,25,3.0,16.5,27.0,SG/SF,4300,0,21.0,5.0,105,112,-4%,9,10,10,22,23,26,16.4,16.9,10.4,23.3,19.7,13.0,3.0,17.5,4.07,17.2,23.5,4.0,17.35,4.035,23.666666666666668,9.666666666666666,16.869999999999997,15.5,17.227816901408453
0,4,Dillon Brooks,0.0,MEM,IND,10.0,217.0,103.5,5,8.3,22.1,34.5,SG/SF,5200,0,21.0,11.0,102,102,-29%,16,13,12,30,29,28,22.1,23.7,14.4,33.0,30.1,33.3,6.4,27.0,5.19,27.3,31.0,5.3,27.15,5.245,29.0,13.666666666666666,24.07,21.633333333333336,29.022413793103446
0,5,Jeff Green,0.0,UTA,PHI,5.5,208.5,101.5,15,13.0,19.4,26.8,SF/PF,3700,0,19.0,9.0,102,102,-7%,9,7,7,15,19,19,19.4,14.6,8.3,21.0,16.5,8.0,2.2,12.5,3.38,11.3,17.0,3.1,11.9,3.24,17.666666666666668,7.666666666666667,15.040000000000001,19.733333333333334,11.450943396226414
0,6,Cody Zeller,0.0,CHA,PHO,5.0,224.5,109.8,5,14.5,18.6,29.3,C,4800,1,20.0,18.0,105,107,3%,8,8,9,18,20,24,18.6,24.5,13.6,35.5,18.4,25.5,5.3,22.0,4.58,21.8,21.0,4.5,21.9,4.54,20.666666666666668,8.333333333333334,22.82,20.8,22.25322580645161
0,7,Taj Gibson,0.0,NY,MIL,17.0,222.5,102.8,18,6.8,12.5,21.5,PF/C,3800,0,16.0,16.0,108,101,-4%,6,4,5,19,17,16,12.5,13.7,6.1,21.4,20.6,23.8,6.3,17.0,4.47,14.6,16.5,3.8,15.8,4.135,17.333333333333332,5.0,13.9,13.6,15.040384615384617
2,0,Eric Bledsoe,0.0,MIL,NY,-17.0,222.5,119.8,2,21.8,26.9,37.8,PG,6500,1,26.0,19.0,100,109,0%,4,9,13,24,28,28,26.9,33.4,23.6,43.1,19.6,21.3,3.3,32.5,5.0,33.7,27.0,5.2,33.1,5.1,26.666666666666668,8.666666666666666,32.019999999999996,28.833333333333332,33.51375
2,1,Cory Joseph,0.0,SAC,CHI,-5.0,211.5,108.3,20,17.8,20.2,24.0,PG/SG,4900,1,15.0,9.0,105,106,-11%,5,6,6,34,32,25,20.1,16.8,8.2,25.3,25.4,18.5,3.8,24.8,5.05,23.8,32.0,4.9,24.3,4.975,30.333333333333332,5.666666666666667,18.94,20.666666666666668,25.635164835164836
2,2,Marvin Williams,0.0,CHA,PHO,5.0,224.5,109.8,4,7.5,18.5,28.8,SF/PF,3800,1,14.0,13.0,105,107,2%,7,6,5,21,21,20,18.7,14.4,5.8,23.1,31.2,38.3,10.1,17.5,4.61,15.8,21.5,4.2,16.65,4.405,20.666666666666668,6.0,15.73,18.266666666666666,17.321370967741935
2,3,Pat Connaughton,0.0,MIL,NY,-17.0,222.5,119.8,12,8.0,18.7,27.5,SG/SF,4300,1,13.0,13.0,100,109,-2%,4,4,5,22,22,18,18.7,15.0,6.5,23.5,18.4,19.3,4.5,15.8,3.66,15.2,17.5,3.5,15.5,3.58,20.666666666666668,4.333333333333333,15.84,18.066666666666666,13.125
2,4,Tyrone Wallace,0.0,ATL,GS,-6.5,222.5,114.5,29,0.0,6.6,11.3,PG/SG,3000,1,17.0,5.0,104,112,6%,6,3,4,13,11,12,6.6,7.8,2.6,13.0,10.6,3.5,1.2,6.0,2.0,0.0,0.0,0.0,3.0,1.0,12.0,4.333333333333333,6.6,5.966666666666666,0.0
2,5,Wendell Carter Jr.,0.0,CHI,SAC,5.0,211.5,103.3,14,16.5,28.8,44.3,PF/C,6900,2,17.0,18.0,100,107,-14%,13,9,9,32,31,30,28.8,30.4,21.7,39.0,37.4,27.0,3.9,32.5,4.71,31.9,33.0,4.6,32.2,4.654999999999999,31.0,10.333333333333334,30.420000000000005,29.866666666666664,34.27741935483871
2,6,Ed Davis,0.0,UTA,PHI,5.5,208.5,101.5,13,1.3,9.0,18.3,PF/C,3200,0,0.0,0.0,102,102,-8%,1,1,2,13,12,12,9.0,9.6,4.4,14.8,10.3,9.0,2.8,12.3,3.83,12.0,13.5,3.8,12.15,3.815,12.333333333333334,1.3333333333333333,9.99,9.533333333333333,13.299324324324324
2,7,T.J. Warren,0.0,IND,MEM,-10.0,217.0,113.5,23,6.5,26.4,38.0,SF/PF,6200,1,21.0,15.0,106,110,10%,15,13,15,34,32,34,26.4,27.6,16.2,38.9,24.8,23.0,3.7,29.8,4.8,26.5,32.0,4.3,28.15,4.55,33.333333333333336,14.333333333333334,27.45,23.633333333333336,27.023999999999997
3,0,Malcolm Brogdon,0.0,IND,MEM,-10.0,217.0,113.5,22,8.8,32.4,43.0,PG/SG,8100,1,29.0,22.0,106,110,8%,15,15,16,38,32,33,37.5,41.5,33.0,50.0,32.5,39.5,4.9,42.8,5.28,41.9,34.5,5.2,42.349999999999994,5.24,34.333333333333336,15.333333333333334,40.87,28.066666666666666,42.555582524271834
3,1,Alec Burks,0.0,GS,ATL,6.5,222.5,108.0,19,17.5,32.6,48.0,PG/SG,6000,0,23.0,15.0,105,112,12%,15,17,12,34,34,30,32.2,28.0,15.8,40.2,31.6,22.8,3.8,32.5,5.42,33.9,33.5,5.6,33.2,5.51,32.666666666666664,14.666666666666666,29.880000000000003,32.699999999999996,34.04693877551021
3,2,Kevon Looney,0.0,GS,ATL,6.5,222.5,108.0,10,0.8,12.3,19.3,PF/C,3400,0,0.0,0.0,105,112,21%,0,0,0,0,0,0,0.0,0.0,0.0,0.0,14.7,8.0,2.4,15.3,4.49,14.4,15.5,4.2,14.850000000000001,4.345000000000001,0.0,0.0,2.97,10.800000000000002,0.0
3,3,De'Andre Hunter,0.0,ATL,GS,-6.5,222.5,114.5,18,11.8,20.6,34.3,SF/PF,5000,1,18.0,8.0,104,112,9%,12,12,11,35,36,32,20.6,21.4,11.9,30.8,31.6,27.0,5.4,23.8,4.75,25.8,34.5,5.2,24.8,4.975,34.333333333333336,11.666666666666666,21.9,22.233333333333334,24.92038834951456
3,4,Justin Holiday,0.0,IND,MEM,-10.0,217.0,113.5,14,10.0,21.5,31.8,SG/SF,4200,1,13.0,12.0,106,110,8%,6,5,6,25,22,25,21.5,18.8,10.5,27.2,29.2,21.8,5.2,16.5,3.93,15.6,23.0,3.7,16.05,3.8150000000000004,24.0,5.666666666666667,18.81,21.099999999999998,15.381250000000001
3,5,James Ennis III,0.0,PHI,UTA,-5.5,208.5,107.0,24,2.0,16.2,31.5,SF/PF,3800,1,16.0,17.0,103,101,-12%,6,5,5,24,19,17,16.1,14.7,6.8,22.6,27.3,19.3,5.1,17.8,4.67,18.4,25.0,4.8,18.1,4.734999999999999,20.0,5.333333333333333,15.660000000000002,16.566666666666666,22.625
3,6,Rudy Gobert,0.0,UTA,PHI,5.5,208.5,101.5,2,29.3,38.7,47.8,C,7400,0,15.0,19.0,102,102,-16%,9,9,8,32,33,35,38.6,38.8,29.2,48.5,36.5,52.0,7.0,36.5,4.93,34.7,33.5,4.7,35.6,4.8149999999999995,33.333333333333336,8.666666666666666,38.14,38.6,35.778
3,7,Damyean Dotson,0.0,NY,MIL,17.0,222.5,102.8,2,7.5,15.5,24.0,SG/SF,3400,0,18.0,10.0,108,101,1%,7,7,5,26,20,16,15.5,11.0,4.1,17.9,28.8,18.5,5.4,19.0,5.59,18.7,26.0,5.5,18.85,5.545,20.666666666666668,6.333333333333333,13.469999999999999,15.666666666666666,23.71451612903226
4,0,Tomas Satoransky,0.0,CHI,SAC,5.0,211.5,103.3,8,19.0,29.9,41.8,PG/SG,5300,2,18.0,15.0,100,107,-5%,10,9,8,32,28,27,29.9,25.1,14.7,35.5,33.6,24.5,4.6,24.3,4.58,24.9,29.5,4.7,24.6,4.640000000000001,29.0,9.0,25.96,30.23333333333333,25.024137931034485
4,1,Wesley Matthews,0.0,MIL,NY,-17.0,222.5,119.8,12,15.3,19.3,28.5,SG/SF,4000,1,13.0,10.0,100,109,-2%,8,8,7,24,26,26,19.3,15.5,7.6,23.3,19.7,9.3,2.3,17.0,4.25,15.6,24.5,3.9,16.3,4.075,25.333333333333332,7.666666666666667,16.4,21.033333333333335,15.763815789473686
4,2,Richaun Holmes,0.0,SAC,CHI,-5.0,211.5,108.3,4,16.0,28.9,43.0,PF/C,6500,1,14.0,19.0,105,106,15%,7,7,7,28,29,27,28.9,27.2,15.7,38.7,32.8,36.8,5.7,34.5,5.31,32.9,29.5,5.1,33.7,5.205,28.0,7.0,28.839999999999996,29.3,35.50535714285715
4,3,Dillon Brooks,0.0,MEM,IND,10.0,217.0,103.5,5,8.3,22.1,34.5,SG/SF,5200,0,21.0,11.0,102,102,-29%,16,13,12,30,29,28,22.1,23.7,14.4,33.0,30.1,33.3,6.4,27.0,5.19,27.3,31.0,5.3,27.15,5.245,29.0,13.666666666666666,24.07,21.633333333333336,29.022413793103446
4,4,Furkan Korkmaz,0.0,PHI,UTA,-5.5,208.5,107.0,21,5.0,16.5,27.5,SG/SF,4100,1,16.0,10.0,103,101,-15%,9,8,8,26,25,24,16.4,15.6,7.5,23.8,23.8,9.0,2.2,17.0,4.15,17.7,27.0,4.3,17.35,4.225,25.0,8.333333333333334,16.130000000000003,16.333333333333332,18.738000000000003
4,5,Donte DiVincenzo,0.0,MIL,NY,-17.0,222.5,119.8,2,18.3,21.6,25.3,PG/SF,4400,1,18.0,14.0,100,109,-2%,7,9,8,23,26,22,21.6,20.7,11.7,29.8,19.4,21.5,4.9,17.3,3.92,19.9,23.0,4.5,18.6,4.21,23.666666666666668,8.0,20.48,21.733333333333334,18.07605633802817
4,6,Robin Lopez,0.0,MIL,NY,-17.0,222.5,119.8,26,4.0,13.1,33.0,C,4400,1,16.0,10.0,100,109,-3%,7,4,4,19,15,15,14.7,10.9,3.9,17.9,22.7,11.8,2.7,20.5,4.66,19.7,24.5,4.5,20.1,4.58,16.333333333333332,5.0,13.5,16.7,30.150000000000002
4,7,Daniel Gafford,0.0,CHI,SAC,5.0,211.5,103.3,21,5.8,8.2,13.8,C,3000,2,0.0,0.0,100,107,-14%,1,2,3,8,12,10,8.2,7.7,-1.8,17.1,10.6,7.0,2.3,7.8,2.58,9.5,12.0,3.2,8.65,2.89,10.0,2.0,7.970000000000001,9.266666666666667,10.379999999999999
5,0,Terry Rozier,0.0,CHA,PHO,5.0,224.5,109.8,28,24.0,34.8,38.3,PG,6700,1,25.0,16.0,105,107,4%,16,14,15,33,33,33,34.8,31.6,21.6,41.5,33.8,28.3,4.2,33.8,5.04,34.4,33.5,5.1,34.099999999999994,5.07,33.0,15.0,32.72,32.36666666666667,34.61666666666666
5,1,Alec Burks,0.0,GS,ATL,6.5,222.5,108.0,19,17.5,32.6,48.0,PG/SG,6000,0,23.0,15.0,105,112,12%,15,17,12,34,34,30,32.2,28.0,15.8,40.2,31.6,22.8,3.8,32.5,5.42,33.9,33.5,5.6,33.2,5.51,32.666666666666664,14.666666666666666,29.880000000000003,32.699999999999996,34.04693877551021
5,2,Nemanja Bjelica,0.0,SAC,CHI,-5.0,211.5,108.3,4,13.0,25.0,34.0,PF,6100,1,18.0,15.0,105,106,15%,11,10,8,25,28,26,24.9,25.1,15.7,34.4,30.8,37.0,6.1,28.8,4.71,28.2,26.5,4.6,28.5,4.654999999999999,26.333333333333332,9.666666666666666,25.720000000000006,24.0,28.680379746835442
5,3,Evan Turner,0.0,ATL,GS,-6.5,222.5,114.5,29,2.5,10.4,15.0,PG/SF,3200,1,20.0,9.0,104,112,6%,3,5,4,14,13,13,10.3,11.2,4.4,17.9,19.8,18.8,5.9,14.5,4.53,13.8,14.0,4.3,14.15,4.415,13.333333333333334,4.0,11.59,9.299999999999999,14.8575
5,4,Aaron Holiday,0.0,IND,MEM,-10.0,217.0,113.5,22,3.0,13.6,26.8,PG/SG,3500,1,22.0,12.0,106,110,8%,5,8,9,13,18,22,13.6,19.4,6.4,32.3,21.4,18.3,5.2,15.5,4.43,13.2,14.5,3.8,14.35,4.115,17.666666666666668,7.333333333333333,17.21,14.466666666666669,11.777830188679243
5,5,Dragan Bender,0.0,MIL,NY,-17.0,222.5,119.8,8,3.0,27.3,47.5,PF/C,3200,1,0.0,0.0,100,109,-1%,4,4,4,8,8,8,9.4,9.4,0.4,18.4,13.4,7.8,2.4,9.5,2.97,0.0,0.0,0.0,4.75,1.485,8.0,4.0,8.47,25.933333333333334,0.0
5,6,Domantas Sabonis,0.0,IND,MEM,-10.0,217.0,113.5,19,32.0,39.1,43.3,PF/C,8000,1,24.0,21.0,106,110,2%,9,11,14,37,35,34,39.3,42.5,35.0,50.0,29.8,47.5,5.9,45.5,5.69,44.1,34.0,5.5,44.8,5.595000000000001,35.333333333333336,11.333333333333334,42.32000000000001,38.13333333333333,43.10943396226415
5,7,Frank Kaminsky,0.0,PHO,CHA,-5.0,224.5,114.8,22,8.0,17.5,22.8,PF/C,4400,2,19.0,12.0,101,112,19%,6,8,8,16,21,23,17.4,21.0,11.3,30.6,33.4,29.0,6.6,28.5,6.48,26.0,26.5,5.9,27.25,6.19,20.0,7.333333333333333,21.509999999999998,16.099999999999998,36.10625
6,0,Ricky Rubio,0.0,PHO,CHA,-5.0,224.5,114.8,14,6.8,27.0,43.5,PG,6700,2,23.0,17.0,101,112,-2%,12,13,12,29,31,32,36.0,36.4,27.8,45.1,35.6,39.8,5.9,33.0,4.93,34.0,31.5,5.1,33.5,5.015,30.666666666666668,12.333333333333334,35.760000000000005,25.766666666666666,34.410326086956516
6,1,Zach LaVine,0.0,CHI,SAC,5.0,211.5,103.3,8,24.3,44.7,62.5,PG/SG,7900,2,30.0,18.0,100,107,-5%,24,21,18,37,34,32,44.5,36.7,22.9,50.5,35.1,37.3,4.7,37.8,4.78,37.9,34.0,4.8,37.849999999999994,4.79,34.333333333333336,21.0,38.489999999999995,43.833333333333336,37.48252427184465
6,2,Miles Bridges,0.0,CHA,PHO,5.0,224.5,109.8,4,17.0,27.1,34.3,SF/PF,5500,1,19.0,13.0,105,107,1%,15,12,12,31,32,32,27.1,26.5,18.2,34.8,24.6,18.0,3.3,26.8,4.86,27.7,31.5,5.0,27.25,4.93,31.666666666666668,13.0,26.770000000000003,26.133333333333336,27.106578947368423
6,3,Ben Simmons,0.0,PHI,UTA,-5.5,208.5,107.0,5,31.0,39.9,52.0,PG/SF,8300,1,22.0,17.0,103,101,-5%,12,10,11,38,36,36,40.1,40.9,33.8,47.9,33.8,44.0,5.3,41.5,5.0,41.6,36.0,5.0,41.55,5.0,36.666666666666664,11.0,40.85,40.96666666666667,40.79454545454545
6,4,Furkan Korkmaz,0.0,PHI,UTA,-5.5,208.5,107.0,21,5.0,16.5,27.5,SG/SF,4100,1,16.0,10.0,103,101,-15%,9,8,8,26,25,24,16.4,15.6,7.5,23.8,23.8,9.0,2.2,17.0,4.15,17.7,27.0,4.3,17.35,4.225,25.0,8.333333333333334,16.130000000000003,16.333333333333332,18.738000000000003
6,5,Joe Ingles,0.0,UTA,PHI,5.5,208.5,101.5,23,7.3,19.5,30.8,SG/SF,4300,0,14.0,8.0,102,102,-7%,6,7,7,26,26,28,19.4,19.3,12.1,26.5,30.6,38.5,9.0,20.5,4.77,18.3,27.0,4.3,19.4,4.535,26.666666666666668,6.666666666666667,19.339999999999996,19.2,19.6425
6,6,Dragan Bender,0.0,MIL,NY,-17.0,222.5,119.8,8,3.0,27.3,47.5,PF/C,3200,1,0.0,0.0,100,109,-1%,4,4,4,8,8,8,9.4,9.4,0.4,18.4,13.4,7.8,2.4,9.5,2.97,0.0,0.0,0.0,4.75,1.485,8.0,4.0,8.47,25.933333333333334,0.0
6,7,Kevon Looney,0.0,GS,ATL,6.5,222.5,108.0,10,0.8,12.3,19.3,PF/C,3400,0,0.0,0.0,105,112,21%,0,0,0,0,0,0,0.0,0.0,0.0,0.0,14.7,8.0,2.4,15.3,4.49,14.4,15.5,4.2,14.850000000000001,4.345000000000001,0.0,0.0,2.97,10.800000000000002,0.0
7,0,Tyus Jones,0.0,MEM,IND,10.0,217.0,103.5,9,1.5,11.9,31.0,PG/SG,5600,0,20.0,10.0,102,102,-4%,7,5,7,21,17,20,11.8,16.3,7.4,25.1,30.6,16.8,3.0,27.5,4.91,25.9,27.5,4.6,26.7,4.755,19.333333333333332,6.333333333333333,17.46,14.799999999999999,37.97844827586207
7,1,Matisse Thybulle,0.0,PHI,UTA,-5.5,208.5,107.0,21,5.0,11.5,32.8,SG/SF,3500,1,14.0,9.0,103,101,-5%,3,3,3,21,18,15,11.4,10.6,1.7,19.5,25.5,20.3,5.8,15.5,4.43,14.0,20.0,4.0,14.75,4.215,18.0,3.0,11.59,16.433333333333334,16.38888888888889
7,2,Doug McDermott,0.0,IND,MEM,-10.0,217.0,113.5,23,6.5,11.2,18.8,SF/PF,3100,1,18.0,10.0,106,110,10%,6,6,8,17,18,21,11.6,14.7,6.6,22.8,20.0,9.3,3.0,11.5,3.71,11.4,16.5,3.7,11.45,3.705,18.666666666666668,6.666666666666667,13.429999999999998,12.166666666666666,10.120982142857141
7,3,Eric Paschall,0.0,GS,ATL,6.5,222.5,108.0,19,19.3,28.6,38.8,SF/PF,5600,0,21.0,16.0,105,112,4%,12,13,13,32,32,32,28.6,27.8,17.1,38.5,36.0,43.8,7.8,29.0,5.18,30.8,33.5,5.5,29.9,5.34,32.0,12.666666666666666,28.380000000000003,28.900000000000002,31.3015625
7,4,Emmanuel Mudiay,0.0,UTA,PHI,5.5,208.5,101.5,1,4.8,12.7,24.3,PG,3300,0,25.0,14.0,102,102,-6%,6,6,7,13,15,16,12.7,15.1,8.7,21.5,4.6,3.3,1.0,11.8,3.56,11.6,13.5,3.5,11.7,3.5300000000000002,14.666666666666666,6.333333333333333,13.940000000000001,13.933333333333332,10.769318181818182
7,5,Dario Saric,0.0,PHO,CHA,-5.0,224.5,114.8,2,14.8,30.5,47.8,SF/PF,5900,2,17.0,13.0,101,112,19%,11,10,10,35,30,29,29.2,26.5,14.1,38.9,32.1,35.5,6.0,32.3,5.47,31.8,32.5,5.4,32.05,5.4350000000000005,31.333333333333332,10.333333333333334,28.15,31.03333333333333,33.243351063829785
7,6,Cody Zeller,0.0,CHA,PHO,5.0,224.5,109.8,5,14.5,18.6,29.3,C,4800,1,20.0,18.0,105,107,3%,8,8,9,18,20,24,18.6,24.5,13.6,35.5,18.4,25.5,5.3,22.0,4.58,21.8,21.0,4.5,21.9,4.54,20.666666666666668,8.333333333333334,22.82,20.8,22.25322580645161
7,7,Richaun Holmes,0.0,SAC,CHI,-5.0,211.5,108.3,4,16.0,28.9,43.0,PF/C,6500,1,14.0,19.0,105,106,15%,7,7,7,28,29,27,28.9,27.2,15.7,38.7,32.8,36.8,5.7,34.5,5.31,32.9,29.5,5.1,33.7,5.205,28.0,7.0,28.839999999999996,29.3,35.50535714285715
8,0,Tyrone Wallace,0.0,ATL,GS,-6.5,222.5,114.5,29,0.0,6.6,11.3,PG/SG,3000,1,17.0,5.0,104,112,6%,6,3,4,13,11,12,6.6,7.8,2.6,13.0,10.6,3.5,1.2,6.0,2.0,0.0,0.0,0.0,3.0,1.0,12.0,4.333333333333333,6.6,5.966666666666666,0.0
8,1,Aaron Holiday,0.0,IND,MEM,-10.0,217.0,113.5,22,3.0,13.6,26.8,PG/SG,3500,1,22.0,12.0,106,110,8%,5,8,9,13,18,22,13.6,19.4,6.4,32.3,21.4,18.3,5.2,15.5,4.43,13.2,14.5,3.8,14.35,4.115,17.666666666666668,7.333333333333333,17.21,14.466666666666669,11.777830188679243
8,2,Giannis Antetokounmpo,0.0,MIL,NY,-17.0,222.5,119.8,26,45.3,59.5,83.5,SF/PF,12000,1,38.0,33.0,100,109,-1%,25,26,21,34,34,33,66.5,63.7,52.1,75.2,22.0,54.3,4.5,59.5,4.96,62.2,31.0,5.2,60.85,5.08,33.666666666666664,24.0,63.67,62.76666666666667,56.030198019801986
8,3,Khris Middleton,0.0,MIL,NY,-17.0,222.5,119.8,12,23.5,28.8,42.3,SG/SF,5700,1,25.0,18.0,100,109,-4%,12,13,14,20,24,28,28.8,30.6,23.3,38.0,17.7,32.3,5.7,30.5,5.35,27.4,25.0,4.8,28.95,5.074999999999999,24.0,13.0,29.93,31.53333333333333,30.15625
8,4,Dante Exum,0.0,UTA,PHI,5.5,208.5,101.5,1,3.5,6.1,10.5,PG/SG,3300,0,0.0,0.0,102,102,-6%,4,2,2,8,6,8,6.1,5.2,1.8,8.6,6.7,3.0,0.9,5.3,1.59,0.0,0.0,0.0,2.65,0.795,7.333333333333333,2.6666666666666665,4.869999999999999,6.7,0.0
8,5,Dillon Brooks,0.0,MEM,IND,10.0,217.0,103.5,5,8.3,22.1,34.5,SG/SF,5200,0,21.0,11.0,102,102,-29%,16,13,12,30,29,28,22.1,23.7,14.4,33.0,30.1,33.3,6.4,27.0,5.19,27.3,31.0,5.3,27.15,5.245,29.0,13.666666666666666,24.07,21.633333333333336,29.022413793103446
8,6,Bruno Fernando,0.0,ATL,GS,-6.5,222.5,114.5,27,8.0,15.2,23.0,C,3500,1,16.0,14.0,104,112,3%,4,4,4,15,16,14,15.2,12.3,6.2,18.4,7.2,2.8,0.8,14.3,4.07,16.0,16.0,4.6,15.15,4.335,15.0,4.0,13.45,15.4,16.16
8,7,Tomas Satoransky,0.0,CHI,SAC,5.0,211.5,103.3,8,19.0,29.9,41.8,PG/SG,5300,2,18.0,15.0,100,107,-5%,10,9,8,32,28,27,29.9,25.1,14.7,35.5,33.6,24.5,4.6,24.3,4.58,24.9,29.5,4.7,24.6,4.640000000000001,29.0,9.0,25.96,30.23333333333333,25.024137931034485
10,0,Dante Exum,0.0,UTA,PHI,5.5,208.5,101.5,1,3.5,6.1,10.5,PG/SG,3300,0,0.0,0.0,102,102,-6%,4,2,2,8,6,8,6.1,5.2,1.8,8.6,6.7,3.0,0.9,5.3,1.59,0.0,0.0,0.0,2.65,0.795,7.333333333333333,2.6666666666666665,4.869999999999999,6.7,0.0
10,1,Damyean Dotson,0.0,NY,MIL,17.0,222.5,102.8,2,7.5,15.5,24.0,SG/SF,3400,0,18.0,10.0,108,101,1%,7,7,5,26,20,16,15.5,11.0,4.1,17.9,28.8,18.5,5.4,19.0,5.59,18.7,26.0,5.5,18.85,5.545,20.666666666666668,6.333333333333333,13.469999999999999,15.666666666666666,23.71451612903226
10,2,Harrison Barnes,0.0,SAC,CHI,-5.0,211.5,108.3,14,22.8,32.2,40.8,SF/PF,6000,1,18.0,17.0,105,106,2%,17,12,12,42,38,36,32.2,29.5,22.9,36.1,36.4,21.3,3.6,30.5,5.08,30.9,35.5,5.2,30.7,5.140000000000001,38.666666666666664,13.666666666666666,30.28,31.933333333333334,28.185775862068965
10,3,Giannis Antetokounmpo,0.0,MIL,NY,-17.0,222.5,119.8,26,45.3,59.5,83.5,SF/PF,12000,1,38.0,33.0,100,109,-1%,25,26,21,34,34,33,66.5,63.7,52.1,75.2,22.0,54.3,4.5,59.5,4.96,62.2,31.0,5.2,60.85,5.08,33.666666666666664,24.0,63.67,62.76666666666667,56.030198019801986
10,4,Denzel Valentine,0.0,CHI,SAC,5.0,211.5,103.3,24,1.3,8.3,20.0,SG/SF,3000,2,0.0,0.0,100,107,7%,2,4,4,8,8,7,8.3,7.7,0.0,15.3,11.8,16.3,5.4,9.8,3.25,9.0,10.0,3.0,9.4,3.125,7.666666666666667,3.3333333333333335,8.14,9.866666666666667,12.26086956521739
10,5,Justin Holiday,0.0,IND,MEM,-10.0,217.0,113.5,14,10.0,21.5,31.8,SG/SF,4200,1,13.0,12.0,106,110,8%,6,5,6,25,22,25,21.5,18.8,10.5,27.2,29.2,21.8,5.2,16.5,3.93,15.6,23.0,3.7,16.05,3.8150000000000004,24.0,5.666666666666667,18.81,21.099999999999998,15.381250000000001
10,6,Joel Embiid,0.0,PHI,UTA,-5.5,208.5,107.0,8,17.3,48.7,60.8,C,10300,1,32.0,26.0,103,101,-1%,17,16,16,34,32,30,48.3,47.4,33.8,61.0,29.9,40.8,4.0,50.8,4.93,52.2,32.5,5.1,51.5,5.015,32.0,16.333333333333332,48.4,42.266666666666666,52.3046875
10,7,Dragan Bender,0.0,MIL,NY,-17.0,222.5,119.8,8,3.0,27.3,47.5,PF/C,3200,1,0.0,0.0,100,109,-1%,4,4,4,8,8,8,9.4,9.4,0.4,18.4,13.4,7.8,2.4,9.5,2.97,0.0,0.0,0.0,4.75,1.485,8.0,4.0,8.47,25.933333333333334,0.0
11,0,Devin Booker,0.0,PHO,CHA,-5.0,224.5,114.8,14,18.8,40.0,65.0,PG/SG,8200,2,29.0,19.0,101,112,-5%,18,18,17,38,37,35,40.0,39.4,27.9,50.9,38.4,37.0,4.5,40.0,4.88,40.9,36.0,5.0,40.45,4.9399999999999995,36.666666666666664,17.666666666666668,39.730000000000004,41.266666666666666,39.71454545454546
11,1,Malcolm Brogdon,0.0,IND,MEM,-10.0,217.0,113.5,22,8.8,32.4,43.0,PG/SG,8100,1,29.0,22.0,106,110,8%,15,15,16,38,32,33,37.5,41.5,33.0,50.0,32.5,39.5,4.9,42.8,5.28,41.9,34.5,5.2,42.349999999999994,5.24,34.333333333333336,15.333333333333334,40.87,28.066666666666666,42.555582524271834
11,2,Jabari Parker,0.0,ATL,GS,-6.5,222.5,114.5,18,19.3,36.3,64.5,SF/PF,6900,1,24.0,20.0,104,112,3%,8,14,13,26,30,28,36.3,31.8,18.7,44.8,28.1,21.8,3.2,33.3,4.82,37.9,32.0,5.5,35.599999999999994,5.16,28.0,11.666666666666666,33.44,40.03333333333333,40.685714285714276
11,3,Eric Paschall,0.0,GS,ATL,6.5,222.5,108.0,19,19.3,28.6,38.8,SF/PF,5600,0,21.0,16.0,105,112,4%,12,13,13,32,32,32,28.6,27.8,17.1,38.5,36.0,43.8,7.8,29.0,5.18,30.8,33.5,5.5,29.9,5.34,32.0,12.666666666666666,28.380000000000003,28.900000000000002,31.3015625
11,4,Donte DiVincenzo,0.0,MIL,NY,-17.0,222.5,119.8,2,18.3,21.6,25.3,PG/SF,4400,1,18.0,14.0,100,109,-2%,7,9,8,23,26,22,21.6,20.7,11.7,29.8,19.4,21.5,4.9,17.3,3.92,19.9,23.0,4.5,18.6,4.21,23.666666666666668,8.0,20.48,21.733333333333334,18.07605633802817
11,5,Mike Scott,0.0,PHI,UTA,-5.5,208.5,107.0,24,5.8,9.7,18.0,SF/PF,3600,1,13.0,9.0,103,101,-1%,4,5,5,22,21,20,9.7,12.6,7.2,18.0,15.7,6.0,1.7,13.0,3.61,13.0,20.5,3.6,13.0,3.605,21.0,4.666666666666667,12.1,11.166666666666666,12.690476190476192
11,6,Robin Lopez,0.0,MIL,NY,-17.0,222.5,119.8,26,4.0,13.1,33.0,C,4400,1,16.0,10.0,100,109,-3%,7,4,4,19,15,15,14.7,10.9,3.9,17.9,22.7,11.8,2.7,20.5,4.66,19.7,24.5,4.5,20.1,4.58,16.333333333333332,5.0,13.5,16.7,30.150000000000002
11,7,Denzel Valentine,0.0,CHI,SAC,5.0,211.5,103.3,24,1.3,8.3,20.0,SG/SF,3000,2,0.0,0.0,100,107,7%,2,4,4,8,8,7,8.3,7.7,0.0,15.3,11.8,16.3,5.4,9.8,3.25,9.0,10.0,3.0,9.4,3.125,7.666666666666667,3.3333333333333335,8.14,9.866666666666667,12.26086956521739
12,0,Ben Simmons,0.0,PHI,UTA,-5.5,208.5,107.0,5,31.0,39.9,52.0,PG/SF,8300,1,22.0,17.0,103,101,-5%,12,10,11,38,36,36,40.1,40.9,33.8,47.9,33.8,44.0,5.3,41.5,5.0,41.6,36.0,5.0,41.55,5.0,36.666666666666664,11.0,40.85,40.96666666666667,40.79454545454545
12,1,Buddy Hield,0.0,SAC,CHI,-5.0,211.5,108.3,18,23.3,36.9,55.8,SG/SF,7100,1,28.0,15.0,105,106,-2%,22,20,18,39,38,34,37.1,34.5,24.0,44.9,39.2,41.3,5.8,39.5,5.56,38.8,36.0,5.5,39.15,5.529999999999999,37.0,20.0,35.93,38.666666666666664,38.09189189189189
12,2,Harrison Barnes,0.0,SAC,CHI,-5.0,211.5,108.3,14,22.8,32.2,40.8,SF/PF,6000,1,18.0,17.0,105,106,2%,17,12,12,42,38,36,32.2,29.5,22.9,36.1,36.4,21.3,3.6,30.5,5.08,30.9,35.5,5.2,30.7,5.140000000000001,38.666666666666664,13.666666666666666,30.28,31.933333333333334,28.185775862068965
12,3,Marvin Williams,0.0,CHA,PHO,5.0,224.5,109.8,4,7.5,18.5,28.8,SF/PF,3800,1,14.0,13.0,105,107,2%,7,6,5,21,21,20,18.7,14.4,5.8,23.1,31.2,38.3,10.1,17.5,4.61,15.8,21.5,4.2,16.65,4.405,20.666666666666668,6.0,15.73,18.266666666666666,17.321370967741935
12,4,Malik Monk,0.0,CHA,PHO,5.0,224.5,109.8,28,5.5,11.8,21.5,PG/SG,4300,1,22.0,12.0,105,107,-7%,7,8,8,23,20,21,11.8,17.2,7.2,27.1,21.8,17.8,4.1,19.8,4.59,18.9,21.5,4.4,19.35,4.495,21.333333333333332,7.666666666666667,16.53,12.933333333333332,19.501171875
12,5,Julius Randle,0.0,NY,MIL,17.0,222.5,102.8,18,27.0,32.8,42.5,PF/C,7300,0,26.0,15.0,108,101,-4%,15,14,14,34,34,33,33.9,34.9,26.3,43.6,25.3,27.3,3.7,34.8,4.76,33.8,32.0,4.6,34.3,4.68,33.666666666666664,14.333333333333334,34.6,34.1,32.6019801980198
12,6,Frank Kaminsky,0.0,PHO,CHA,-5.0,224.5,114.8,22,8.0,17.5,22.8,PF/C,4400,2,19.0,12.0,101,112,19%,6,8,8,16,21,23,17.4,21.0,11.3,30.6,33.4,29.0,6.6,28.5,6.48,26.0,26.5,5.9,27.25,6.19,20.0,7.333333333333333,21.509999999999998,16.099999999999998,36.10625
12,7,Nemanja Bjelica,0.0,SAC,CHI,-5.0,211.5,108.3,4,13.0,25.0,34.0,PF,6100,1,18.0,15.0,105,106,15%,11,10,8,25,28,26,24.9,25.1,15.7,34.4,30.8,37.0,6.1,28.8,4.71,28.2,26.5,4.6,28.5,4.654999999999999,26.333333333333332,9.666666666666666,25.720000000000006,24.0,28.680379746835442
13,0,Kris Dunn,0.0,CHI,SAC,5.0,211.5,103.3,8,5.8,14.3,25.3,PG/SG,4600,2,17.0,12.0,100,107,-5%,6,6,6,24,23,21,16.9,19.4,11.6,27.1,30.2,19.3,4.2,21.8,4.73,23.4,27.0,5.1,22.6,4.915,22.666666666666668,6.0,19.52,15.133333333333335,26.92058823529412
13,1,Devonte' Graham,0.0,CHA,PHO,5.0,224.5,109.8,28,28.8,37.4,49.8,PG/SG,7200,1,27.0,18.0,105,107,4%,16,15,14,33,35,33,37.4,36.0,26.4,45.6,38.8,39.5,5.5,38.5,5.35,38.9,35.5,5.4,38.7,5.375,33.666666666666664,15.0,36.82000000000001,38.666666666666664,40.80742574257426
13,2,Solomon Hill,0.0,MEM,IND,10.0,217.0,103.5,25,6.0,14.1,21.8,SF/PF,3200,0,14.0,11.0,102,102,-29%,7,5,5,21,18,18,14.1,13.8,8.1,19.4,33.3,39.5,12.3,15.3,4.77,17.8,25.5,5.6,16.55,5.185,19.0,5.666666666666667,14.39,13.966666666666669,22.21184210526316
13,3,Buddy Hield,0.0,SAC,CHI,-5.0,211.5,108.3,18,23.3,36.9,55.8,SG/SF,7100,1,28.0,15.0,105,106,-2%,22,20,18,39,38,34,37.1,34.5,24.0,44.9,39.2,41.3,5.8,39.5,5.56,38.8,36.0,5.5,39.15,5.529999999999999,37.0,20.0,35.93,38.666666666666664,38.09189189189189
13,4,Khris Middleton,0.0,MIL,NY,-17.0,222.5,119.8,12,23.5,28.8,42.3,SG/SF,5700,1,25.0,18.0,100,109,-4%,12,13,14,20,24,28,28.8,30.6,23.3,38.0,17.7,32.3,5.7,30.5,5.35,27.4,25.0,4.8,28.95,5.074999999999999,24.0,13.0,29.93,31.53333333333333,30.15625
13,5,D.J. Wilson,0.0,MIL,NY,-17.0,222.5,119.8,8,0.0,9.9,20.8,PF/C,3600,1,0.0,0.0,100,109,-1%,7,4,4,20,13,10,9.9,7.8,0.7,14.9,23.6,26.3,7.3,9.3,2.57,12.4,15.0,3.4,10.850000000000001,2.985,14.333333333333334,5.0,8.830000000000002,10.233333333333334,11.354651162790699
13,6,PJ Washington,0.0,CHA,PHO,5.0,224.5,109.8,30,17.0,25.0,45.8,PF/C,5100,1,17.0,15.0,105,107,2%,12,10,9,34,27,29,25.0,25.4,16.4,34.3,18.3,14.8,2.9,26.3,5.15,25.2,30.0,4.9,25.75,5.025,30.0,10.333333333333334,25.369999999999997,29.266666666666666,25.75
13,7,Daniel Gafford,0.0,CHI,SAC,5.0,211.5,103.3,21,5.8,8.2,13.8,C,3000,2,0.0,0.0,100,107,-14%,1,2,3,8,12,10,8.2,7.7,-1.8,17.1,10.6,7.0,2.3,7.8,2.58,9.5,12.0,3.2,8.65,2.89,10.0,2.0,7.970000000000001,9.266666666666667,10.379999999999999
14,0,Ricky Rubio,0.0,PHO,CHA,-5.0,224.5,114.8,14,6.8,27.0,43.5,PG,6700,2,23.0,17.0,101,112,-2%,12,13,12,29,31,32,36.0,36.4,27.8,45.1,35.6,39.8,5.9,33.0,4.93,34.0,31.5,5.1,33.5,5.015,30.666666666666668,12.333333333333334,35.760000000000005,25.766666666666666,34.410326086956516
14,1,Tyrone Wallace,0.0,ATL,GS,-6.5,222.5,114.5,29,0.0,6.6,11.3,PG/SG,3000,1,17.0,5.0,104,112,6%,6,3,4,13,11,12,6.6,7.8,2.6,13.0,10.6,3.5,1.2,6.0,2.0,0.0,0.0,0.0,3.0,1.0,12.0,4.333333333333333,6.6,5.966666666666666,0.0
14,2,James Ennis III,0.0,PHI,UTA,-5.5,208.5,107.0,24,2.0,16.2,31.5,SF/PF,3800,1,16.0,17.0,103,101,-12%,6,5,5,24,19,17,16.1,14.7,6.8,22.6,27.3,19.3,5.1,17.8,4.67,18.4,25.0,4.8,18.1,4.734999999999999,20.0,5.333333333333333,15.660000000000002,16.566666666666666,22.625
14,3,Georges Niang,0.0,UTA,PHI,5.5,208.5,101.5,15,2.3,9.8,23.8,SF/PF,3200,0,16.0,10.0,102,102,-7%,3,4,3,14,12,10,9.5,6.6,-0.4,13.6,12.1,12.5,3.9,6.5,2.03,0.0,0.0,0.0,3.25,1.015,12.0,3.3333333333333335,6.510000000000001,11.966666666666669,0.0
14,4,Tyus Jones,0.0,MEM,IND,10.0,217.0,103.5,9,1.5,11.9,31.0,PG/SG,5600,0,20.0,10.0,102,102,-4%,7,5,7,21,17,20,11.8,16.3,7.4,25.1,30.6,16.8,3.0,27.5,4.91,25.9,27.5,4.6,26.7,4.755,19.333333333333332,6.333333333333333,17.46,14.799999999999999,37.97844827586207
14,5,Denzel Valentine,0.0,CHI,SAC,5.0,211.5,103.3,24,1.3,8.3,20.0,SG/SF,3000,2,0.0,0.0,100,107,7%,2,4,4,8,8,7,8.3,7.7,0.0,15.3,11.8,16.3,5.4,9.8,3.25,9.0,10.0,3.0,9.4,3.125,7.666666666666667,3.3333333333333335,8.14,9.866666666666667,12.26086956521739
14,6,Alex Len,0.0,ATL,GS,-6.5,222.5,114.5,27,4.3,14.6,26.5,C,3400,1,18.0,13.0,104,112,6%,8,6,5,22,15,17,14.8,15.9,7.5,24.2,17.1,19.5,5.7,15.5,4.56,14.4,14.0,4.2,14.95,4.38,18.0,6.333333333333333,15.470000000000002,15.133333333333333,11.627777777777776
14,7,Harrison Barnes,0.0,SAC,CHI,-5.0,211.5,108.3,14,22.8,32.2,40.8,SF/PF,6000,1,18.0,17.0,105,106,2%,17,12,12,42,38,36,32.2,29.5,22.9,36.1,36.4,21.3,3.6,30.5,5.08,30.9,35.5,5.2,30.7,5.140000000000001,38.666666666666664,13.666666666666666,30.28,31.933333333333334,28.185775862068965
16,0,Tomas Satoransky,0.0,CHI,SAC,5.0,211.5,103.3,8,19.0,29.9,41.8,PG/SG,5300,2,18.0,15.0,100,107,-5%,10,9,8,32,28,27,29.9,25.1,14.7,35.5,33.6,24.5,4.6,24.3,4.58,24.9,29.5,4.7,24.6,4.640000000000001,29.0,9.0,25.96,30.23333333333333,25.024137931034485
16,1,Dillon Brooks,0.0,MEM,IND,10.0,217.0,103.5,5,8.3,22.1,34.5,SG/SF,5200,0,21.0,11.0,102,102,-29%,16,13,12,30,29,28,22.1,23.7,14.4,33.0,30.1,33.3,6.4,27.0,5.19,27.3,31.0,5.3,27.15,5.245,29.0,13.666666666666666,24.07,21.633333333333336,29.022413793103446
16,2,Jae Crowder,0.0,MEM,IND,10.0,217.0,103.5,25,17.3,27.6,38.0,SF/PF,5400,0,15.0,12.0,102,102,-8%,10,11,9,31,33,31,27.6,25.9,17.2,34.6,29.7,11.0,2.0,26.0,4.81,27.2,33.5,5.0,26.6,4.904999999999999,31.666666666666668,10.0,26.380000000000003,27.633333333333336,28.14
16,3,Georges Niang,0.0,UTA,PHI,5.5,208.5,101.5,15,2.3,9.8,23.8,SF/PF,3200,0,16.0,10.0,102,102,-7%,3,4,3,14,12,10,9.5,6.6,-0.4,13.6,12.1,12.5,3.9,6.5,2.03,0.0,0.0,0.0,3.25,1.015,12.0,3.3333333333333335,6.510000000000001,11.966666666666669,0.0
16,4,Wesley Matthews,0.0,MIL,NY,-17.0,222.5,119.8,12,15.3,19.3,28.5,SG/SF,4000,1,13.0,10.0,100,109,-2%,8,8,7,24,26,26,19.3,15.5,7.6,23.3,19.7,9.3,2.3,17.0,4.25,15.6,24.5,3.9,16.3,4.075,25.333333333333332,7.666666666666667,16.4,21.033333333333335,15.763815789473686
16,5,Joe Ingles,0.0,UTA,PHI,5.5,208.5,101.5,23,7.3,19.5,30.8,SG/SF,4300,0,14.0,8.0,102,102,-7%,6,7,7,26,26,28,19.4,19.3,12.1,26.5,30.6,38.5,9.0,20.5,4.77,18.3,27.0,4.3,19.4,4.535,26.666666666666668,6.666666666666667,19.339999999999996,19.2,19.6425
16,6,Richaun Holmes,0.0,SAC,CHI,-5.0,211.5,108.3,4,16.0,28.9,43.0,PF/C,6500,1,14.0,19.0,105,106,15%,7,7,7,28,29,27,28.9,27.2,15.7,38.7,32.8,36.8,5.7,34.5,5.31,32.9,29.5,5.1,33.7,5.205,28.0,7.0,28.839999999999996,29.3,35.50535714285715
16,7,Vince Carter,0.0,ATL,GS,-6.5,222.5,114.5,18,3.5,9.6,19.5,SF/PF,3100,1,17.0,5.0,104,112,6%,5,5,6,15,16,15,9.6,9.8,3.2,16.5,11.9,15.0,4.8,13.8,4.44,13.9,17.0,4.5,13.850000000000001,4.470000000000001,15.333333333333334,5.333333333333333,10.59,10.866666666666667,15.355434782608697
17,0,Devin Booker,0.0,PHO,CHA,-5.0,224.5,114.8,14,18.8,40.0,65.0,PG/SG,8200,2,29.0,19.0,101,112,-5%,18,18,17,38,37,35,40.0,39.4,27.9,50.9,38.4,37.0,4.5,40.0,4.88,40.9,36.0,5.0,40.45,4.9399999999999995,36.666666666666664,17.666666666666668,39.730000000000004,41.266666666666666,39.71454545454546
17,1,Jeremy Lamb,0.0,IND,MEM,-10.0,217.0,113.5,14,24.8,30.7,39.5,SG/SF,6300,1,21.0,17.0,106,110,8%,12,13,13,37,33,33,30.7,31.9,25.1,38.6,32.5,31.8,5.0,30.5,4.84,32.1,32.5,5.1,31.3,4.97,34.333333333333336,12.666666666666666,31.52,31.666666666666668,29.62864077669903
17,2,Dragan Bender,0.0,MIL,NY,-17.0,222.5,119.8,8,3.0,27.3,47.5,PF/C,3200,1,0.0,0.0,100,109,-1%,4,4,4,8,8,8,9.4,9.4,0.4,18.4,13.4,7.8,2.4,9.5,2.97,0.0,0.0,0.0,4.75,1.485,8.0,4.0,8.47,25.933333333333334,0.0
17,3,Dwayne Bacon,0.0,CHA,PHO,5.0,224.5,109.8,17,2.8,8.4,14.8,SG/SF,3000,1,22.0,5.0,105,107,1%,6,4,9,18,13,21,8.4,14.6,2.8,26.4,16.0,11.0,3.7,6.3,2.08,0.0,0.0,0.0,3.15,1.04,17.333333333333332,6.333333333333333,11.069999999999999,8.666666666666666,0.0
17,4,Khris Middleton,0.0,MIL,NY,-17.0,222.5,119.8,12,23.5,28.8,42.3,SG/SF,5700,1,25.0,18.0,100,109,-4%,12,13,14,20,24,28,28.8,30.6,23.3,38.0,17.7,32.3,5.7,30.5,5.35,27.4,25.0,4.8,28.95,5.074999999999999,24.0,13.0,29.93,31.53333333333333,30.15625
17,5,T.J. Warren,0.0,IND,MEM,-10.0,217.0,113.5,23,6.5,26.4,38.0,SF/PF,6200,1,21.0,15.0,106,110,10%,15,13,15,34,32,34,26.4,27.6,16.2,38.9,24.8,23.0,3.7,29.8,4.8,26.5,32.0,4.3,28.15,4.55,33.333333333333336,14.333333333333334,27.45,23.633333333333336,27.023999999999997
17,6,Damian Jones,0.0,ATL,GS,-6.5,222.5,114.5,27,10.8,14.5,20.5,C,3800,1,13.0,16.0,104,112,6%,5,5,4,18,20,19,14.5,15.3,8.8,21.9,25.7,28.5,7.5,17.3,4.54,18.6,21.0,4.9,17.950000000000003,4.720000000000001,19.0,4.666666666666667,15.690000000000001,15.266666666666666,19.839473684210528
17,7,Georges Niang,0.0,UTA,PHI,5.5,208.5,101.5,15,2.3,9.8,23.8,SF/PF,3200,0,16.0,10.0,102,102,-7%,3,4,3,14,12,10,9.5,6.6,-0.4,13.6,12.1,12.5,3.9,6.5,2.03,0.0,0.0,0.0,3.25,1.015,12.0,3.3333333333333335,6.510000000000001,11.966666666666669,0.0
19,0,Tomas Satoransky,0.0,CHI,SAC,5.0,211.5,103.3,8,19.0,29.9,41.8,PG/SG,5300,2,18.0,15.0,100,107,-5%,10,9,8,32,28,27,29.9,25.1,14.7,35.5,33.6,24.5,4.6,24.3,4.58,24.9,29.5,4.7,24.6,4.640000000000001,29.0,9.0,25.96,30.23333333333333,25.024137931034485
19,1,Kyle Korver,0.0,MIL,NY,-17.0,222.5,119.8,12,0.8,9.0,16.5,SG/SF,3100,1,16.0,9.0,100,109,-2%,4,5,5,13,15,15,9.8,10.4,5.1,15.7,20.8,16.0,5.2,9.8,3.15,9.6,12.0,3.1,9.7,3.125,14.333333333333334,4.666666666666667,10.14,8.766666666666667,8.120930232558138
19,2,Bojan Bogdanovic,0.0,UTA,PHI,5.5,208.5,101.5,15,23.8,38.2,49.0,SF/PF,6900,0,25.0,19.0,102,102,-7%,17,16,16,32,35,34,38.5,33.1,23.6,42.6,32.8,10.5,1.5,27.3,3.95,30.2,34.0,4.4,28.75,4.175000000000001,33.666666666666664,16.333333333333332,33.309999999999995,37.0,29.034653465346537
19,3,Evan Turner,0.0,ATL,GS,-6.5,222.5,114.5,29,2.5,10.4,15.0,PG/SF,3200,1,20.0,9.0,104,112,6%,3,5,4,14,13,13,10.3,11.2,4.4,17.9,19.8,18.8,5.9,14.5,4.53,13.8,14.0,4.3,14.15,4.415,13.333333333333334,4.0,11.59,9.299999999999999,14.8575
19,4,Joe Ingles,0.0,UTA,PHI,5.5,208.5,101.5,23,7.3,19.5,30.8,SG/SF,4300,0,14.0,8.0,102,102,-7%,6,7,7,26,26,28,19.4,19.3,12.1,26.5,30.6,38.5,9.0,20.5,4.77,18.3,27.0,4.3,19.4,4.535,26.666666666666668,6.666666666666667,19.339999999999996,19.2,19.6425
19,5,Julius Randle,0.0,NY,MIL,17.0,222.5,102.8,18,27.0,32.8,42.5,PF/C,7300,0,26.0,15.0,108,101,-4%,15,14,14,34,34,33,33.9,34.9,26.3,43.6,25.3,27.3,3.7,34.8,4.76,33.8,32.0,4.6,34.3,4.68,33.666666666666664,14.333333333333334,34.6,34.1,32.6019801980198
19,6,D.J. Wilson,0.0,MIL,NY,-17.0,222.5,119.8,8,0.0,9.9,20.8,PF/C,3600,1,0.0,0.0,100,109,-1%,7,4,4,20,13,10,9.9,7.8,0.7,14.9,23.6,26.3,7.3,9.3,2.57,12.4,15.0,3.4,10.850000000000001,2.985,14.333333333333334,5.0,8.830000000000002,10.233333333333334,11.354651162790699
19,7,Thaddeus Young,0.0,CHI,SAC,5.0,211.5,103.3,3,11.3,20.1,29.0,SF/PF,4100,2,21.0,12.0,100,107,-14%,7,8,9,21,19,22,20.1,19.5,13.0,26.0,18.4,11.8,2.9,18.0,4.39,17.4,21.5,4.2,17.7,4.295,20.666666666666668,8.0,19.259999999999998,20.133333333333336,18.41370967741935
20,0,Devin Booker,0.0,PHO,CHA,-5.0,224.5,114.8,14,18.8,40.0,65.0,PG/SG,8200,2,29.0,19.0,101,112,-5%,18,18,17,38,37,35,40.0,39.4,27.9,50.9,38.4,37.0,4.5,40.0,4.88,40.9,36.0,5.0,40.45,4.9399999999999995,36.666666666666664,17.666666666666668,39.730000000000004,41.266666666666666,39.71454545454546
20,1,Dillon Brooks,0.0,MEM,IND,10.0,217.0,103.5,5,8.3,22.1,34.5,SG/SF,5200,0,21.0,11.0,102,102,-29%,16,13,12,30,29,28,22.1,23.7,14.4,33.0,30.1,33.3,6.4,27.0,5.19,27.3,31.0,5.3,27.15,5.245,29.0,13.666666666666666,24.07,21.633333333333336,29.022413793103446
20,2,Solomon Hill,0.0,MEM,IND,10.0,217.0,103.5,25,6.0,14.1,21.8,SF/PF,3200,0,14.0,11.0,102,102,-29%,7,5,5,21,18,18,14.1,13.8,8.1,19.4,33.3,39.5,12.3,15.3,4.77,17.8,25.5,5.6,16.55,5.185,19.0,5.666666666666667,14.39,13.966666666666669,22.21184210526316
20,3,Dwayne Bacon,0.0,CHA,PHO,5.0,224.5,109.8,17,2.8,8.4,14.8,SG/SF,3000,1,22.0,5.0,105,107,1%,6,4,9,18,13,21,8.4,14.6,2.8,26.4,16.0,11.0,3.7,6.3,2.08,0.0,0.0,0.0,3.15,1.04,17.333333333333332,6.333333333333333,11.069999999999999,8.666666666666666,0.0
20,4,Furkan Korkmaz,0.0,PHI,UTA,-5.5,208.5,107.0,21,5.0,16.5,27.5,SG/SF,4100,1,16.0,10.0,103,101,-15%,9,8,8,26,25,24,16.4,15.6,7.5,23.8,23.8,9.0,2.2,17.0,4.15,17.7,27.0,4.3,17.35,4.225,25.0,8.333333333333334,16.130000000000003,16.333333333333332,18.738000000000003
20,5,Marvin Williams,0.0,CHA,PHO,5.0,224.5,109.8,4,7.5,18.5,28.8,SF/PF,3800,1,14.0,13.0,105,107,2%,7,6,5,21,21,20,18.7,14.4,5.8,23.1,31.2,38.3,10.1,17.5,4.61,15.8,21.5,4.2,16.65,4.405,20.666666666666668,6.0,15.73,18.266666666666666,17.321370967741935
20,6,Willie Cauley-Stein,0.0,GS,ATL,6.5,222.5,108.0,13,15.5,22.5,35.5,C,5200,0,14.0,15.0,105,112,3%,10,7,7,24,24,23,22.4,22.4,16.4,28.5,19.2,16.5,3.2,26.8,5.14,24.5,24.0,4.7,25.65,4.92,23.666666666666668,8.0,23.07,24.5,26.011267605633797
20,7,Grayson Allen,0.0,MEM,IND,10.0,217.0,103.5,9,9.0,12.6,22.8,PG/SG,3200,0,23.0,4.0,102,102,4%,8,6,7,21,17,18,12.6,13.1,7.3,18.9,27.0,12.5,3.9,18.3,5.7,19.7,25.0,6.2,19.0,5.95,18.666666666666668,7.0,14.179999999999998,14.800000000000002,25.44642857142857
21,0,Raul Neto,0.0,PHI,UTA,-5.5,208.5,107.0,5,1.5,5.2,10.5,PG,3000,1,17.0,11.0,103,101,-5%,3,2,3,8,9,12,5.2,8.4,0.3,16.5,14.2,5.8,1.9,8.3,2.75,8.3,11.0,2.8,8.3,2.775,9.666666666666666,2.6666666666666665,7.74,5.733333333333333,9.444827586206898
21,1,Yogi Ferrell,0.0,SAC,CHI,-5.0,211.5,108.3,20,6.0,10.2,14.0,PG/SG,3400,1,19.0,11.0,105,106,-11%,4,5,4,13,14,13,10.2,9.2,3.7,14.7,20.3,20.3,6.0,11.8,3.46,8.8,11.5,2.6,10.3,3.0300000000000002,13.333333333333334,4.333333333333333,9.62,10.066666666666666,8.88375
21,2,Marquese Chriss,0.0,GS,ATL,6.5,222.5,108.0,10,16.0,24.9,29.8,PF/C,4900,0,19.0,19.0,105,112,4%,3,5,5,23,23,18,24.9,19.6,11.4,27.8,19.8,14.8,3.0,22.3,4.54,24.7,22.0,5.0,23.5,4.77,21.333333333333332,4.333333333333333,21.44,23.566666666666666,24.234375
21,3,Tobias Harris,0.0,PHI,UTA,-5.5,208.5,107.0,24,27.5,31.6,36.5,SF/PF,6600,1,23.0,17.0,103,101,-12%,16,16,15,36,35,35,33.5,35.1,27.2,43.0,35.2,42.3,6.4,33.8,5.11,34.4,34.5,5.2,34.099999999999994,5.155,35.333333333333336,15.666666666666666,34.58,31.866666666666664,33.29575471698112
21,4,Malik Monk,0.0,CHA,PHO,5.0,224.5,109.8,28,5.5,11.8,21.5,PG/SG,4300,1,22.0,12.0,105,107,-7%,7,8,8,23,20,21,11.8,17.2,7.2,27.1,21.8,17.8,4.1,19.8,4.59,18.9,21.5,4.4,19.35,4.495,21.333333333333332,7.666666666666667,16.53,12.933333333333332,19.501171875
21,5,Ersan Ilyasova,0.0,MIL,NY,-17.0,222.5,119.8,8,10.5,17.7,29.5,PF/C,4000,1,15.0,17.0,100,109,-1%,5,5,5,17,17,17,17.7,16.1,9.4,22.9,14.3,12.8,3.2,14.0,3.5,15.3,17.0,3.8,14.65,3.65,17.0,5.0,16.15,19.233333333333334,14.65
21,6,Cody Zeller,0.0,CHA,PHO,5.0,224.5,109.8,5,14.5,18.6,29.3,C,4800,1,20.0,18.0,105,107,3%,8,8,9,18,20,24,18.6,24.5,13.6,35.5,18.4,25.5,5.3,22.0,4.58,21.8,21.0,4.5,21.9,4.54,20.666666666666668,8.333333333333334,22.82,20.8,22.25322580645161
21,7,Dario Saric,0.0,PHO,CHA,-5.0,224.5,114.8,2,14.8,30.5,47.8,SF/PF,5900,2,17.0,13.0,101,112,19%,11,10,10,35,30,29,29.2,26.5,14.1,38.9,32.1,35.5,6.0,32.3,5.47,31.8,32.5,5.4,32.05,5.4350000000000005,31.333333333333332,10.333333333333334,28.15,31.03333333333333,33.243351063829785
22,0,Mike Conley,0.0,UTA,PHI,5.5,208.5,101.5,1,19.5,24.3,30.3,PG,6000,0,24.0,12.0,102,102,-6%,13,11,13,28,29,31,24.3,28.3,19.1,37.4,23.3,21.0,3.5,30.3,5.04,28.7,31.0,4.8,29.5,4.92,29.333333333333332,12.333333333333334,27.72,24.7,31.176136363636363
22,1,Joe Ingles,0.0,UTA,PHI,5.5,208.5,101.5,23,7.3,19.5,30.8,SG/SF,4300,0,14.0,8.0,102,102,-7%,6,7,7,26,26,28,19.4,19.3,12.1,26.5,30.6,38.5,9.0,20.5,4.77,18.3,27.0,4.3,19.4,4.535,26.666666666666668,6.666666666666667,19.339999999999996,19.2,19.6425
22,2,Frank Kaminsky,0.0,PHO,CHA,-5.0,224.5,114.8,22,8.0,17.5,22.8,PF/C,4400,2,19.0,12.0,101,112,19%,6,8,8,16,21,23,17.4,21.0,11.3,30.6,33.4,29.0,6.6,28.5,6.48,26.0,26.5,5.9,27.25,6.19,20.0,7.333333333333333,21.509999999999998,16.099999999999998,36.10625
22,3,Mike Scott,0.0,PHI,UTA,-5.5,208.5,107.0,24,5.8,9.7,18.0,SF/PF,3600,1,13.0,9.0,103,101,-1%,4,5,5,22,21,20,9.7,12.6,7.2,18.0,15.7,6.0,1.7,13.0,3.61,13.0,20.5,3.6,13.0,3.605,21.0,4.666666666666667,12.1,11.166666666666666,12.690476190476192
22,4,Trae Young,0.0,ATL,GS,-6.5,222.5,114.5,29,46.5,56.3,63.0,PG,10500,1,36.0,25.0,104,112,9%,22,24,21,37,37,36,56.6,51.2,36.8,65.6,33.9,33.3,3.2,53.5,5.1,54.1,35.0,5.2,53.8,5.15,36.666666666666664,22.333333333333332,52.8,55.26666666666667,51.35454545454545
22,5,Khris Middleton,0.0,MIL,NY,-17.0,222.5,119.8,12,23.5,28.8,42.3,SG/SF,5700,1,25.0,18.0,100,109,-4%,12,13,14,20,24,28,28.8,30.6,23.3,38.0,17.7,32.3,5.7,30.5,5.35,27.4,25.0,4.8,28.95,5.074999999999999,24.0,13.0,29.93,31.53333333333333,30.15625
22,6,Ersan Ilyasova,0.0,MIL,NY,-17.0,222.5,119.8,8,10.5,17.7,29.5,PF/C,4000,1,15.0,17.0,100,109,-1%,5,5,5,17,17,17,17.7,16.1,9.4,22.9,14.3,12.8,3.2,14.0,3.5,15.3,17.0,3.8,14.65,3.65,17.0,5.0,16.15,19.233333333333334,14.65
22,7,Kelly Oubre Jr.,0.0,PHO,CHA,-5.0,224.5,114.8,2,15.3,34.2,50.3,SF/PF,7000,2,22.0,17.0,101,112,7%,15,16,13,35,36,32,39.7,32.4,20.4,44.3,37.7,33.8,4.8,33.8,4.82,33.3,33.5,4.8,33.55,4.8100000000000005,34.333333333333336,14.666666666666666,34.06999999999999,33.266666666666666,32.73567961165048
23,0,Dante Exum,0.0,UTA,PHI,5.5,208.5,101.5,1,3.5,6.1,10.5,PG/SG,3300,0,0.0,0.0,102,102,-6%,4,2,2,8,6,8,6.1,5.2,1.8,8.6,6.7,3.0,0.9,5.3,1.59,0.0,0.0,0.0,2.65,0.795,7.333333333333333,2.6666666666666665,4.869999999999999,6.7,0.0
23,1,Tomas Satoransky,0.0,CHI,SAC,5.0,211.5,103.3,8,19.0,29.9,41.8,PG/SG,5300,2,18.0,15.0,100,107,-5%,10,9,8,32,28,27,29.9,25.1,14.7,35.5,33.6,24.5,4.6,24.3,4.58,24.9,29.5,4.7,24.6,4.640000000000001,29.0,9.0,25.96,30.23333333333333,25.024137931034485
23,2,Miles Bridges,0.0,CHA,PHO,5.0,224.5,109.8,4,17.0,27.1,34.3,SF/PF,5500,1,19.0,13.0,105,107,1%,15,12,12,31,32,32,27.1,26.5,18.2,34.8,24.6,18.0,3.3,26.8,4.86,27.7,31.5,5.0,27.25,4.93,31.666666666666668,13.0,26.770000000000003,26.133333333333336,27.106578947368423
23,3,Solomon Hill,0.0,MEM,IND,10.0,217.0,103.5,25,6.0,14.1,21.8,SF/PF,3200,0,14.0,11.0,102,102,-29%,7,5,5,21,18,18,14.1,13.8,8.1,19.4,33.3,39.5,12.3,15.3,4.77,17.8,25.5,5.6,16.55,5.185,19.0,5.666666666666667,14.39,13.966666666666669,22.21184210526316
23,4,Tyus Jones,0.0,MEM,IND,10.0,217.0,103.5,9,1.5,11.9,31.0,PG/SG,5600,0,20.0,10.0,102,102,-4%,7,5,7,21,17,20,11.8,16.3,7.4,25.1,30.6,16.8,3.0,27.5,4.91,25.9,27.5,4.6,26.7,4.755,19.333333333333332,6.333333333333333,17.46,14.799999999999999,37.97844827586207
23,5,Kevin Knox,0.0,NY,MIL,17.0,222.5,102.8,27,4.0,11.8,21.8,SF/PF,3500,0,0.0,0.0,108,101,-10%,6,4,7,17,14,20,11.8,15.8,8.8,22.8,23.1,8.3,2.4,17.0,4.86,15.4,21.0,4.4,16.2,4.630000000000001,17.0,5.666666666666667,15.080000000000002,12.533333333333333,20.011764705882353
23,6,Lauri Markkanen,0.0,CHI,SAC,5.0,211.5,103.3,14,15.0,19.9,28.0,PF/C,5800,2,21.0,12.0,100,107,-14%,12,10,11,29,26,29,19.9,27.4,16.3,38.4,29.6,31.3,5.4,26.5,4.57,24.3,29.5,4.2,25.4,4.385,28.0,11.0,25.479999999999997,20.966666666666665,26.760714285714286
23,7,Wendell Carter Jr.,0.0,CHI,SAC,5.0,211.5,103.3,14,16.5,28.8,44.3,PF/C,6900,2,17.0,18.0,100,107,-14%,13,9,9,32,31,30,28.8,30.4,21.7,39.0,37.4,27.0,3.9,32.5,4.71,31.9,33.0,4.6,32.2,4.654999999999999,31.0,10.333333333333334,30.420000000000005,29.866666666666664,34.27741935483871
24,0,Ky Bowman,0.0,GS,ATL,6.5,222.5,108.0,19,12.8,28.4,43.8,PG,5100,0,17.0,13.0,105,112,-4%,11,12,8,31,33,23,28.8,18.3,5.5,31.1,36.8,30.0,5.9,27.5,5.39,27.3,31.0,5.4,27.4,5.395,29.0,10.333333333333334,22.22,28.333333333333332,29.28965517241379
24,1,Glenn Robinson III,0.0,GS,ATL,6.5,222.5,108.0,25,9.5,26.9,42.0,SG/SF,5100,0,15.0,13.0,105,112,12%,13,13,10,33,35,33,26.6,23.8,15.3,32.4,34.5,14.0,2.7,26.8,5.25,27.4,35.0,5.4,27.1,5.325,33.666666666666664,12.0,25.040000000000003,26.133333333333336,28.173267326732674
24,2,Thaddeus Young,0.0,CHI,SAC,5.0,211.5,103.3,3,11.3,20.1,29.0,SF/PF,4100,2,21.0,12.0,100,107,-14%,7,8,9,21,19,22,20.1,19.5,13.0,26.0,18.4,11.8,2.9,18.0,4.39,17.4,21.5,4.2,17.7,4.295,20.666666666666668,8.0,19.259999999999998,20.133333333333336,18.41370967741935
24,3,Marko Guduric,0.0,MEM,IND,10.0,217.0,103.5,5,6.5,9.1,11.8,SG/SF,3000,0,18.0,8.0,102,102,-4%,6,5,5,13,11,16,9.1,11.2,4.1,18.3,16.3,11.8,3.9,7.5,2.5,9.8,13.0,3.3,8.65,2.9,13.333333333333334,5.333333333333333,10.27,9.133333333333333,8.43375
24,4,Malcolm Brogdon,0.0,IND,MEM,-10.0,217.0,113.5,22,8.8,32.4,43.0,PG/SG,8100,1,29.0,22.0,106,110,8%,15,15,16,38,32,33,37.5,41.5,33.0,50.0,32.5,39.5,4.9,42.8,5.28,41.9,34.5,5.2,42.349999999999994,5.24,34.333333333333336,15.333333333333334,40.87,28.066666666666666,42.555582524271834
24,5,Harrison Barnes,0.0,SAC,CHI,-5.0,211.5,108.3,14,22.8,32.2,40.8,SF/PF,6000,1,18.0,17.0,105,106,2%,17,12,12,42,38,36,32.2,29.5,22.9,36.1,36.4,21.3,3.6,30.5,5.08,30.9,35.5,5.2,30.7,5.140000000000001,38.666666666666664,13.666666666666666,30.28,31.933333333333334,28.185775862068965
24,6,Willie Cauley-Stein,0.0,GS,ATL,6.5,222.5,108.0,13,15.5,22.5,35.5,C,5200,0,14.0,15.0,105,112,3%,10,7,7,24,24,23,22.4,22.4,16.4,28.5,19.2,16.5,3.2,26.8,5.14,24.5,24.0,4.7,25.65,4.92,23.666666666666668,8.0,23.07,24.5,26.011267605633797
24,7,Marvin Williams,0.0,CHA,PHO,5.0,224.5,109.8,4,7.5,18.5,28.8,SF/PF,3800,1,14.0,13.0,105,107,2%,7,6,5,21,21,20,18.7,14.4,5.8,23.1,31.2,38.3,10.1,17.5,4.61,15.8,21.5,4.2,16.65,4.405,20.666666666666668,6.0,15.73,18.266666666666666,17.321370967741935
25,0,Kris Dunn,0.0,CHI,SAC,5.0,211.5,103.3,8,5.8,14.3,25.3,PG/SG,4600,2,17.0,12.0,100,107,-5%,6,6,6,24,23,21,16.9,19.4,11.6,27.1,30.2,19.3,4.2,21.8,4.73,23.4,27.0,5.1,22.6,4.915,22.666666666666668,6.0,19.52,15.133333333333335,26.92058823529412
25,1,Wesley Matthews,0.0,MIL,NY,-17.0,222.5,119.8,12,15.3,19.3,28.5,SG/SF,4000,1,13.0,10.0,100,109,-2%,8,8,7,24,26,26,19.3,15.5,7.6,23.3,19.7,9.3,2.3,17.0,4.25,15.6,24.5,3.9,16.3,4.075,25.333333333333332,7.666666666666667,16.4,21.033333333333335,15.763815789473686
25,2,D.J. Wilson,0.0,MIL,NY,-17.0,222.5,119.8,8,0.0,9.9,20.8,PF/C,3600,1,0.0,0.0,100,109,-1%,7,4,4,20,13,10,9.9,7.8,0.7,14.9,23.6,26.3,7.3,9.3,2.57,12.4,15.0,3.4,10.850000000000001,2.985,14.333333333333334,5.0,8.830000000000002,10.233333333333334,11.354651162790699
25,3,Dario Saric,0.0,PHO,CHA,-5.0,224.5,114.8,2,14.8,30.5,47.8,SF/PF,5900,2,17.0,13.0,101,112,19%,11,10,10,35,30,29,29.2,26.5,14.1,38.9,32.1,35.5,6.0,32.3,5.47,31.8,32.5,5.4,32.05,5.4350000000000005,31.333333333333332,10.333333333333334,28.15,31.03333333333333,33.243351063829785
25,4,Zach LaVine,0.0,CHI,SAC,5.0,211.5,103.3,8,24.3,44.7,62.5,PG/SG,7900,2,30.0,18.0,100,107,-5%,24,21,18,37,34,32,44.5,36.7,22.9,50.5,35.1,37.3,4.7,37.8,4.78,37.9,34.0,4.8,37.849999999999994,4.79,34.333333333333336,21.0,38.489999999999995,43.833333333333336,37.48252427184465
25,5,Pat Connaughton,0.0,MIL,NY,-17.0,222.5,119.8,12,8.0,18.7,27.5,SG/SF,4300,1,13.0,13.0,100,109,-2%,4,4,5,22,22,18,18.7,15.0,6.5,23.5,18.4,19.3,4.5,15.8,3.66,15.2,17.5,3.5,15.5,3.58,20.666666666666668,4.333333333333333,15.84,18.066666666666666,13.125
25,6,Al Horford,0.0,PHI,UTA,-5.5,208.5,107.0,27,28.3,32.3,37.8,PF/C,6400,1,20.0,19.0,103,101,-1%,9,10,12,32,31,32,31.6,33.8,25.3,42.3,34.6,41.5,6.5,32.5,5.08,33.9,32.0,5.3,33.2,5.1899999999999995,31.666666666666668,10.333333333333334,33.239999999999995,32.8,33.549473684210525
25,7,Malik Monk,0.0,CHA,PHO,5.0,224.5,109.8,28,5.5,11.8,21.5,PG/SG,4300,1,22.0,12.0,105,107,-7%,7,8,8,23,20,21,11.8,17.2,7.2,27.1,21.8,17.8,4.1,19.8,4.59,18.9,21.5,4.4,19.35,4.495,21.333333333333332,7.666666666666667,16.53,12.933333333333332,19.501171875
26,0,DeAndre' Bembry,0.0,ATL,GS,-6.5,222.5,114.5,29,12.5,21.8,37.5,PG/SG,4800,1,15.0,12.0,104,112,3%,11,7,6,32,27,26,21.8,21.2,10.8,31.5,28.1,26.5,5.5,24.3,5.05,24.3,28.0,5.1,24.3,5.074999999999999,28.333333333333332,8.0,21.919999999999998,23.933333333333334,24.014117647058825
26,1,Matisse Thybulle,0.0,PHI,UTA,-5.5,208.5,107.0,21,5.0,11.5,32.8,SG/SF,3500,1,14.0,9.0,103,101,-5%,3,3,3,21,18,15,11.4,10.6,1.7,19.5,25.5,20.3,5.8,15.5,4.43,14.0,20.0,4.0,14.75,4.215,18.0,3.0,11.59,16.433333333333334,16.38888888888889
26,2,Vince Carter,0.0,ATL,GS,-6.5,222.5,114.5,18,3.5,9.6,19.5,SF/PF,3100,1,17.0,5.0,104,112,6%,5,5,6,15,16,15,9.6,9.8,3.2,16.5,11.9,15.0,4.8,13.8,4.44,13.9,17.0,4.5,13.850000000000001,4.470000000000001,15.333333333333334,5.333333333333333,10.59,10.866666666666667,15.355434782608697
26,3,Doug McDermott,0.0,IND,MEM,-10.0,217.0,113.5,23,6.5,11.2,18.8,SF/PF,3100,1,18.0,10.0,106,110,10%,6,6,8,17,18,21,11.6,14.7,6.6,22.8,20.0,9.3,3.0,11.5,3.71,11.4,16.5,3.7,11.45,3.705,18.666666666666668,6.666666666666667,13.429999999999998,12.166666666666666,10.120982142857141
26,4,Malik Monk,0.0,CHA,PHO,5.0,224.5,109.8,28,5.5,11.8,21.5,PG/SG,4300,1,22.0,12.0,105,107,-7%,7,8,8,23,20,21,11.8,17.2,7.2,27.1,21.8,17.8,4.1,19.8,4.59,18.9,21.5,4.4,19.35,4.495,21.333333333333332,7.666666666666667,16.53,12.933333333333332,19.501171875
26,5,Lauri Markkanen,0.0,CHI,SAC,5.0,211.5,103.3,14,15.0,19.9,28.0,PF/C,5800,2,21.0,12.0,100,107,-14%,12,10,11,29,26,29,19.9,27.4,16.3,38.4,29.6,31.3,5.4,26.5,4.57,24.3,29.5,4.2,25.4,4.385,28.0,11.0,25.479999999999997,20.966666666666665,26.760714285714286
26,6,Alex Len,0.0,ATL,GS,-6.5,222.5,114.5,27,4.3,14.6,26.5,C,3400,1,18.0,13.0,104,112,6%,8,6,5,22,15,17,14.8,15.9,7.5,24.2,17.1,19.5,5.7,15.5,4.56,14.4,14.0,4.2,14.95,4.38,18.0,6.333333333333333,15.470000000000002,15.133333333333333,11.627777777777776
26,7,T.J. McConnell,0.0,IND,MEM,-10.0,217.0,113.5,22,9.5,19.8,26.3,PG,3800,1,23.0,17.0,106,110,8%,5,7,6,13,17,17,19.8,18.6,10.4,26.9,15.5,10.0,2.6,12.8,3.36,13.5,14.5,3.6,13.15,3.48,15.666666666666666,6.0,17.770000000000003,18.533333333333335,12.170744680851064
27,0,Donovan Mitchell,0.0,UTA,PHI,5.5,208.5,101.5,1,26.3,36.0,54.8,PG/SG,7800,0,31.0,21.0,102,102,-11%,19,21,21,34,34,35,36.0,40.7,31.8,49.6,36.0,28.5,3.7,37.3,4.78,36.3,34.5,4.7,36.8,4.74,34.333333333333336,20.333333333333332,38.980000000000004,39.03333333333333,36.978640776699024
27,1,Jeremy Lamb,0.0,IND,MEM,-10.0,217.0,113.5,14,24.8,30.7,39.5,SG/SF,6300,1,21.0,17.0,106,110,8%,12,13,13,37,33,33,30.7,31.9,25.1,38.6,32.5,31.8,5.0,30.5,4.84,32.1,32.5,5.1,31.3,4.97,34.333333333333336,12.666666666666666,31.52,31.666666666666668,29.62864077669903
27,2,Marvin Williams,0.0,CHA,PHO,5.0,224.5,109.8,4,7.5,18.5,28.8,SF/PF,3800,1,14.0,13.0,105,107,2%,7,6,5,21,21,20,18.7,14.4,5.8,23.1,31.2,38.3,10.1,17.5,4.61,15.8,21.5,4.2,16.65,4.405,20.666666666666668,6.0,15.73,18.266666666666666,17.321370967741935
27,3,Vince Carter,0.0,ATL,GS,-6.5,222.5,114.5,18,3.5,9.6,19.5,SF/PF,3100,1,17.0,5.0,104,112,6%,5,5,6,15,16,15,9.6,9.8,3.2,16.5,11.9,15.0,4.8,13.8,4.44,13.9,17.0,4.5,13.850000000000001,4.470000000000001,15.333333333333334,5.333333333333333,10.59,10.866666666666667,15.355434782608697
27,4,Evan Turner,0.0,ATL,GS,-6.5,222.5,114.5,29,2.5,10.4,15.0,PG/SF,3200,1,20.0,9.0,104,112,6%,3,5,4,14,13,13,10.3,11.2,4.4,17.9,19.8,18.8,5.9,14.5,4.53,13.8,14.0,4.3,14.15,4.415,13.333333333333334,4.0,11.59,9.299999999999999,14.8575
27,5,Thaddeus Young,0.0,CHI,SAC,5.0,211.5,103.3,3,11.3,20.1,29.0,SF/PF,4100,2,21.0,12.0,100,107,-14%,7,8,9,21,19,22,20.1,19.5,13.0,26.0,18.4,11.8,2.9,18.0,4.39,17.4,21.5,4.2,17.7,4.295,20.666666666666668,8.0,19.259999999999998,20.133333333333336,18.41370967741935
27,6,Alex Len,0.0,ATL,GS,-6.5,222.5,114.5,27,4.3,14.6,26.5,C,3400,1,18.0,13.0,104,112,6%,8,6,5,22,15,17,14.8,15.9,7.5,24.2,17.1,19.5,5.7,15.5,4.56,14.4,14.0,4.2,14.95,4.38,18.0,6.333333333333333,15.470000000000002,15.133333333333333,11.627777777777776
27,7,Raul Neto,0.0,PHI,UTA,-5.5,208.5,107.0,5,1.5,5.2,10.5,PG,3000,1,17.0,11.0,103,101,-5%,3,2,3,8,9,12,5.2,8.4,0.3,16.5,14.2,5.8,1.9,8.3,2.75,8.3,11.0,2.8,8.3,2.775,9.666666666666666,2.6666666666666665,7.74,5.733333333333333,9.444827586206898
28,0,Evan Turner,0.0,ATL,GS,-6.5,222.5,114.5,29,2.5,10.4,15.0,PG/SF,3200,1,20.0,9.0,104,112,6%,3,5,4,14,13,13,10.3,11.2,4.4,17.9,19.8,18.8,5.9,14.5,4.53,13.8,14.0,4.3,14.15,4.415,13.333333333333334,4.0,11.59,9.299999999999999,14.8575
28,1,Devin Booker,0.0,PHO,CHA,-5.0,224.5,114.8,14,18.8,40.0,65.0,PG/SG,8200,2,29.0,19.0,101,112,-5%,18,18,17,38,37,35,40.0,39.4,27.9,50.9,38.4,37.0,4.5,40.0,4.88,40.9,36.0,5.0,40.45,4.9399999999999995,36.666666666666664,17.666666666666668,39.730000000000004,41.266666666666666,39.71454545454546
28,2,Doug McDermott,0.0,IND,MEM,-10.0,217.0,113.5,23,6.5,11.2,18.8,SF/PF,3100,1,18.0,10.0,106,110,10%,6,6,8,17,18,21,11.6,14.7,6.6,22.8,20.0,9.3,3.0,11.5,3.71,11.4,16.5,3.7,11.45,3.705,18.666666666666668,6.666666666666667,13.429999999999998,12.166666666666666,10.120982142857141
28,3,Jeremy Lamb,0.0,IND,MEM,-10.0,217.0,113.5,14,24.8,30.7,39.5,SG/SF,6300,1,21.0,17.0,106,110,8%,12,13,13,37,33,33,30.7,31.9,25.1,38.6,32.5,31.8,5.0,30.5,4.84,32.1,32.5,5.1,31.3,4.97,34.333333333333336,12.666666666666666,31.52,31.666666666666668,29.62864077669903
28,4,Dennis Smith Jr.,0.0,NY,MIL,17.0,222.5,102.8,15,8.3,19.2,32.8,PG,3200,0,23.0,6.0,108,101,9%,6,7,6,26,22,17,19.1,13.4,2.8,24.0,25.6,11.3,3.5,29.8,9.3,27.0,30.5,8.4,28.4,8.850000000000001,21.666666666666668,6.333333333333333,17.54,20.099999999999998,39.97846153846154
28,5,Harrison Barnes,0.0,SAC,CHI,-5.0,211.5,108.3,14,22.8,32.2,40.8,SF/PF,6000,1,18.0,17.0,105,106,2%,17,12,12,42,38,36,32.2,29.5,22.9,36.1,36.4,21.3,3.6,30.5,5.08,30.9,35.5,5.2,30.7,5.140000000000001,38.666666666666664,13.666666666666666,30.28,31.933333333333334,28.185775862068965
28,6,Bismack Biyombo,0.0,CHA,PHO,5.0,224.5,109.8,5,5.0,24.8,35.8,C,4700,1,19.0,19.0,105,107,3%,8,8,5,22,25,16,24.8,15.9,5.1,26.8,26.0,27.8,5.9,15.3,3.24,21.2,20.0,4.5,18.25,3.87,21.0,7.0,18.169999999999998,21.866666666666664,17.38095238095238
28,7,Vince Carter,0.0,ATL,GS,-6.5,222.5,114.5,18,3.5,9.6,19.5,SF/PF,3100,1,17.0,5.0,104,112,6%,5,5,6,15,16,15,9.6,9.8,3.2,16.5,11.9,15.0,4.8,13.8,4.44,13.9,17.0,4.5,13.850000000000001,4.470000000000001,15.333333333333334,5.333333333333333,10.59,10.866666666666667,15.355434782608697
29,0,De'Anthony Melton,0.0,MEM,IND,10.0,217.0,103.5,9,1.5,16.8,35.8,PG/SG,3400,0,0.0,0.0,102,102,-4%,5,5,4,14,13,10,16.8,11.6,-1.7,24.9,24.9,32.8,9.6,18.5,5.44,17.9,20.0,5.3,18.2,5.37,12.333333333333334,4.666666666666667,13.959999999999999,18.03333333333333,29.51351351351351
29,1,George Hill,0.0,MIL,NY,-17.0,222.5,119.8,2,18.8,21.2,28.5,PG/SG,3800,1,15.0,19.0,100,109,0%,8,6,6,19,19,22,21.1,20.3,13.0,27.6,16.4,25.0,6.6,17.3,4.54,15.6,19.0,4.1,16.45,4.32,20.0,6.666666666666667,19.69,22.833333333333332,15.6275
29,2,Jaren Jackson Jr.,0.0,MEM,IND,10.0,217.0,103.5,1,18.0,30.0,38.3,PF/C,6200,0,23.0,15.0,102,102,-8%,12,14,12,25,27,26,29.9,26.0,15.1,36.9,33.8,45.0,7.3,30.3,4.88,32.0,29.5,5.2,31.15,5.04,26.0,12.666666666666666,27.809999999999995,28.766666666666666,35.34326923076923
29,3,Vince Carter,0.0,ATL,GS,-6.5,222.5,114.5,18,3.5,9.6,19.5,SF/PF,3100,1,17.0,5.0,104,112,6%,5,5,6,15,16,15,9.6,9.8,3.2,16.5,11.9,15.0,4.8,13.8,4.44,13.9,17.0,4.5,13.850000000000001,4.470000000000001,15.333333333333334,5.333333333333333,10.59,10.866666666666667,15.355434782608697
29,4,Terry Rozier,0.0,CHA,PHO,5.0,224.5,109.8,28,24.0,34.8,38.3,PG,6700,1,25.0,16.0,105,107,4%,16,14,15,33,33,33,34.8,31.6,21.6,41.5,33.8,28.3,4.2,33.8,5.04,34.4,33.5,5.1,34.099999999999994,5.07,33.0,15.0,32.72,32.36666666666667,34.61666666666666
29,5,PJ Washington,0.0,CHA,PHO,5.0,224.5,109.8,30,17.0,25.0,45.8,PF/C,5100,1,17.0,15.0,105,107,2%,12,10,9,34,27,29,25.0,25.4,16.4,34.3,18.3,14.8,2.9,26.3,5.15,25.2,30.0,4.9,25.75,5.025,30.0,10.333333333333334,25.369999999999997,29.266666666666666,25.75
29,6,Rudy Gobert,0.0,UTA,PHI,5.5,208.5,101.5,2,29.3,38.7,47.8,C,7400,0,15.0,19.0,102,102,-16%,9,9,8,32,33,35,38.6,38.8,29.2,48.5,36.5,52.0,7.0,36.5,4.93,34.7,33.5,4.7,35.6,4.8149999999999995,33.333333333333336,8.666666666666666,38.14,38.6,35.778
29,7,Tomas Satoransky,0.0,CHI,SAC,5.0,211.5,103.3,8,19.0,29.9,41.8,PG/SG,5300,2,18.0,15.0,100,107,-5%,10,9,8,32,28,27,29.9,25.1,14.7,35.5,33.6,24.5,4.6,24.3,4.58,24.9,29.5,4.7,24.6,4.640000000000001,29.0,9.0,25.96,30.23333333333333,25.024137931034485
30,0,Raul Neto,0.0,PHI,UTA,-5.5,208.5,107.0,5,1.5,5.2,10.5,PG,3000,1,17.0,11.0,103,101,-5%,3,2,3,8,9,12,5.2,8.4,0.3,16.5,14.2,5.8,1.9,8.3,2.75,8.3,11.0,2.8,8.3,2.775,9.666666666666666,2.6666666666666665,7.74,5.733333333333333,9.444827586206898
30,1,Marko Guduric,0.0,MEM,IND,10.0,217.0,103.5,5,6.5,9.1,11.8,SG/SF,3000,0,18.0,8.0,102,102,-4%,6,5,5,13,11,16,9.1,11.2,4.1,18.3,16.3,11.8,3.9,7.5,2.5,9.8,13.0,3.3,8.65,2.9,13.333333333333334,5.333333333333333,10.27,9.133333333333333,8.43375
30,2,Harrison Barnes,0.0,SAC,CHI,-5.0,211.5,108.3,14,22.8,32.2,40.8,SF/PF,6000,1,18.0,17.0,105,106,2%,17,12,12,42,38,36,32.2,29.5,22.9,36.1,36.4,21.3,3.6,30.5,5.08,30.9,35.5,5.2,30.7,5.140000000000001,38.666666666666664,13.666666666666666,30.28,31.933333333333334,28.185775862068965
30,3,Damyean Dotson,0.0,NY,MIL,17.0,222.5,102.8,2,7.5,15.5,24.0,SG/SF,3400,0,18.0,10.0,108,101,1%,7,7,5,26,20,16,15.5,11.0,4.1,17.9,28.8,18.5,5.4,19.0,5.59,18.7,26.0,5.5,18.85,5.545,20.666666666666668,6.333333333333333,13.469999999999999,15.666666666666666,23.71451612903226
30,4,Trae Young,0.0,ATL,GS,-6.5,222.5,114.5,29,46.5,56.3,63.0,PG,10500,1,36.0,25.0,104,112,9%,22,24,21,37,37,36,56.6,51.2,36.8,65.6,33.9,33.3,3.2,53.5,5.1,54.1,35.0,5.2,53.8,5.15,36.666666666666664,22.333333333333332,52.8,55.26666666666667,51.35454545454545
30,5,Vince Carter,0.0,ATL,GS,-6.5,222.5,114.5,18,3.5,9.6,19.5,SF/PF,3100,1,17.0,5.0,104,112,6%,5,5,6,15,16,15,9.6,9.8,3.2,16.5,11.9,15.0,4.8,13.8,4.44,13.9,17.0,4.5,13.850000000000001,4.470000000000001,15.333333333333334,5.333333333333333,10.59,10.866666666666667,15.355434782608697
30,6,Mitchell Robinson,0.0,NY,MIL,17.0,222.5,102.8,15,11.3,17.5,25.0,C,4900,0,15.0,24.0,108,101,2%,4,3,5,24,25,21,17.4,22.4,15.1,29.8,23.5,31.0,6.3,22.5,4.59,22.6,21.0,4.6,22.55,4.595,23.333333333333332,4.0,21.449999999999996,17.933333333333334,20.295
30,7,Grayson Allen,0.0,MEM,IND,10.0,217.0,103.5,9,9.0,12.6,22.8,PG/SG,3200,0,23.0,4.0,102,102,4%,8,6,7,21,17,18,12.6,13.1,7.3,18.9,27.0,12.5,3.9,18.3,5.7,19.7,25.0,6.2,19.0,5.95,18.666666666666668,7.0,14.179999999999998,14.800000000000002,25.44642857142857
32,0,Yogi Ferrell,0.0,SAC,CHI,-5.0,211.5,108.3,20,6.0,10.2,14.0,PG/SG,3400,1,19.0,11.0,105,106,-11%,4,5,4,13,14,13,10.2,9.2,3.7,14.7,20.3,20.3,6.0,11.8,3.46,8.8,11.5,2.6,10.3,3.0300000000000002,13.333333333333334,4.333333333333333,9.62,10.066666666666666,8.88375
32,1,George Hill,0.0,MIL,NY,-17.0,222.5,119.8,2,18.8,21.2,28.5,PG/SG,3800,1,15.0,19.0,100,109,0%,8,6,6,19,19,22,21.1,20.3,13.0,27.6,16.4,25.0,6.6,17.3,4.54,15.6,19.0,4.1,16.45,4.32,20.0,6.666666666666667,19.69,22.833333333333332,15.6275
32,2,Kelly Oubre Jr.,0.0,PHO,CHA,-5.0,224.5,114.8,2,15.3,34.2,50.3,SF/PF,7000,2,22.0,17.0,101,112,7%,15,16,13,35,36,32,39.7,32.4,20.4,44.3,37.7,33.8,4.8,33.8,4.82,33.3,33.5,4.8,33.55,4.8100000000000005,34.333333333333336,14.666666666666666,34.06999999999999,33.266666666666666,32.73567961165048
32,3,Dillon Brooks,0.0,MEM,IND,10.0,217.0,103.5,5,8.3,22.1,34.5,SG/SF,5200,0,21.0,11.0,102,102,-29%,16,13,12,30,29,28,22.1,23.7,14.4,33.0,30.1,33.3,6.4,27.0,5.19,27.3,31.0,5.3,27.15,5.245,29.0,13.666666666666666,24.07,21.633333333333336,29.022413793103446
32,4,Wesley Matthews,0.0,MIL,NY,-17.0,222.5,119.8,12,15.3,19.3,28.5,SG/SF,4000,1,13.0,10.0,100,109,-2%,8,8,7,24,26,26,19.3,15.5,7.6,23.3,19.7,9.3,2.3,17.0,4.25,15.6,24.5,3.9,16.3,4.075,25.333333333333332,7.666666666666667,16.4,21.033333333333335,15.763815789473686
32,5,Ben Simmons,0.0,PHI,UTA,-5.5,208.5,107.0,5,31.0,39.9,52.0,PG/SF,8300,1,22.0,17.0,103,101,-5%,12,10,11,38,36,36,40.1,40.9,33.8,47.9,33.8,44.0,5.3,41.5,5.0,41.6,36.0,5.0,41.55,5.0,36.666666666666664,11.0,40.85,40.96666666666667,40.79454545454545
32,6,Omari Spellman,0.0,GS,ATL,6.5,222.5,108.0,10,15.3,24.8,39.8,PF/C,4500,0,20.0,17.0,105,112,4%,7,8,7,20,23,19,24.8,19.9,11.8,28.0,27.7,27.3,6.1,22.8,5.06,20.9,21.5,4.6,21.85,4.83,20.666666666666668,7.333333333333333,21.27,26.633333333333336,22.731048387096777
32,7,Bobby Portis,0.0,NY,MIL,17.0,222.5,102.8,18,6.0,15.1,23.5,PF/C,4300,0,20.0,13.0,108,101,-4%,6,7,9,17,18,23,15.1,21.1,10.5,31.8,19.4,16.8,3.9,19.5,4.53,18.0,19.5,4.2,18.75,4.365,19.333333333333332,7.333333333333333,19.45,14.866666666666667,18.911637931034484
33,0,Mike Conley,0.0,UTA,PHI,5.5,208.5,101.5,1,19.5,24.3,30.3,PG,6000,0,24.0,12.0,102,102,-6%,13,11,13,28,29,31,24.3,28.3,19.1,37.4,23.3,21.0,3.5,30.3,5.04,28.7,31.0,4.8,29.5,4.92,29.333333333333332,12.333333333333334,27.72,24.7,31.176136363636363
33,1,Donovan Mitchell,0.0,UTA,PHI,5.5,208.5,101.5,1,26.3,36.0,54.8,PG/SG,7800,0,31.0,21.0,102,102,-11%,19,21,21,34,34,35,36.0,40.7,31.8,49.6,36.0,28.5,3.7,37.3,4.78,36.3,34.5,4.7,36.8,4.74,34.333333333333336,20.333333333333332,38.980000000000004,39.03333333333333,36.978640776699024
33,2,Bojan Bogdanovic,0.0,UTA,PHI,5.5,208.5,101.5,15,23.8,38.2,49.0,SF/PF,6900,0,25.0,19.0,102,102,-7%,17,16,16,32,35,34,38.5,33.1,23.6,42.6,32.8,10.5,1.5,27.3,3.95,30.2,34.0,4.4,28.75,4.175000000000001,33.666666666666664,16.333333333333332,33.309999999999995,37.0,29.034653465346537
33,3,Wesley Matthews,0.0,MIL,NY,-17.0,222.5,119.8,12,15.3,19.3,28.5,SG/SF,4000,1,13.0,10.0,100,109,-2%,8,8,7,24,26,26,19.3,15.5,7.6,23.3,19.7,9.3,2.3,17.0,4.25,15.6,24.5,3.9,16.3,4.075,25.333333333333332,7.666666666666667,16.4,21.033333333333335,15.763815789473686
33,4,Aaron Holiday,0.0,IND,MEM,-10.0,217.0,113.5,22,3.0,13.6,26.8,PG/SG,3500,1,22.0,12.0,106,110,8%,5,8,9,13,18,22,13.6,19.4,6.4,32.3,21.4,18.3,5.2,15.5,4.43,13.2,14.5,3.8,14.35,4.115,17.666666666666668,7.333333333333333,17.21,14.466666666666669,11.777830188679243
33,5,James Ennis III,0.0,PHI,UTA,-5.5,208.5,107.0,24,2.0,16.2,31.5,SF/PF,3800,1,16.0,17.0,103,101,-12%,6,5,5,24,19,17,16.1,14.7,6.8,22.6,27.3,19.3,5.1,17.8,4.67,18.4,25.0,4.8,18.1,4.734999999999999,20.0,5.333333333333333,15.660000000000002,16.566666666666666,22.625
33,6,Joel Embiid,0.0,PHI,UTA,-5.5,208.5,107.0,8,17.3,48.7,60.8,C,10300,1,32.0,26.0,103,101,-1%,17,16,16,34,32,30,48.3,47.4,33.8,61.0,29.9,40.8,4.0,50.8,4.93,52.2,32.5,5.1,51.5,5.015,32.0,16.333333333333332,48.4,42.266666666666666,52.3046875
33,7,Willie Cauley-Stein,0.0,GS,ATL,6.5,222.5,108.0,13,15.5,22.5,35.5,C,5200,0,14.0,15.0,105,112,3%,10,7,7,24,24,23,22.4,22.4,16.4,28.5,19.2,16.5,3.2,26.8,5.14,24.5,24.0,4.7,25.65,4.92,23.666666666666668,8.0,23.07,24.5,26.011267605633797
34,0,De'Anthony Melton,0.0,MEM,IND,10.0,217.0,103.5,9,1.5,16.8,35.8,PG/SG,3400,0,0.0,0.0,102,102,-4%,5,5,4,14,13,10,16.8,11.6,-1.7,24.9,24.9,32.8,9.6,18.5,5.44,17.9,20.0,5.3,18.2,5.37,12.333333333333334,4.666666666666667,13.959999999999999,18.03333333333333,29.51351351351351
34,1,Devonte' Graham,0.0,CHA,PHO,5.0,224.5,109.8,28,28.8,37.4,49.8,PG/SG,7200,1,27.0,18.0,105,107,4%,16,15,14,33,35,33,37.4,36.0,26.4,45.6,38.8,39.5,5.5,38.5,5.35,38.9,35.5,5.4,38.7,5.375,33.666666666666664,15.0,36.82000000000001,38.666666666666664,40.80742574257426
34,2,Ed Davis,0.0,UTA,PHI,5.5,208.5,101.5,13,1.3,9.0,18.3,PF/C,3200,0,0.0,0.0,102,102,-8%,1,1,2,13,12,12,9.0,9.6,4.4,14.8,10.3,9.0,2.8,12.3,3.83,12.0,13.5,3.8,12.15,3.815,12.333333333333334,1.3333333333333333,9.99,9.533333333333333,13.299324324324324
34,3,Miles Bridges,0.0,CHA,PHO,5.0,224.5,109.8,4,17.0,27.1,34.3,SF/PF,5500,1,19.0,13.0,105,107,1%,15,12,12,31,32,32,27.1,26.5,18.2,34.8,24.6,18.0,3.3,26.8,4.86,27.7,31.5,5.0,27.25,4.93,31.666666666666668,13.0,26.770000000000003,26.133333333333336,27.106578947368423
34,4,Terry Rozier,0.0,CHA,PHO,5.0,224.5,109.8,28,24.0,34.8,38.3,PG,6700,1,25.0,16.0,105,107,4%,16,14,15,33,33,33,34.8,31.6,21.6,41.5,33.8,28.3,4.2,33.8,5.04,34.4,33.5,5.1,34.099999999999994,5.07,33.0,15.0,32.72,32.36666666666667,34.61666666666666
34,5,Ben Simmons,0.0,PHI,UTA,-5.5,208.5,107.0,5,31.0,39.9,52.0,PG/SF,8300,1,22.0,17.0,103,101,-5%,12,10,11,38,36,36,40.1,40.9,33.8,47.9,33.8,44.0,5.3,41.5,5.0,41.6,36.0,5.0,41.55,5.0,36.666666666666664,11.0,40.85,40.96666666666667,40.79454545454545
34,6,Bruno Fernando,0.0,ATL,GS,-6.5,222.5,114.5,27,8.0,15.2,23.0,C,3500,1,16.0,14.0,104,112,3%,4,4,4,15,16,14,15.2,12.3,6.2,18.4,7.2,2.8,0.8,14.3,4.07,16.0,16.0,4.6,15.15,4.335,15.0,4.0,13.45,15.4,16.16
34,7,Dragan Bender,0.0,MIL,NY,-17.0,222.5,119.8,8,3.0,27.3,47.5,PF/C,3200,1,0.0,0.0,100,109,-1%,4,4,4,8,8,8,9.4,9.4,0.4,18.4,13.4,7.8,2.4,9.5,2.97,0.0,0.0,0.0,4.75,1.485,8.0,4.0,8.47,25.933333333333334,0.0
35,0,Ricky Rubio,0.0,PHO,CHA,-5.0,224.5,114.8,14,6.8,27.0,43.5,PG,6700,2,23.0,17.0,101,112,-2%,12,13,12,29,31,32,36.0,36.4,27.8,45.1,35.6,39.8,5.9,33.0,4.93,34.0,31.5,5.1,33.5,5.015,30.666666666666668,12.333333333333334,35.760000000000005,25.766666666666666,34.410326086956516
35,1,Coby White,0.0,CHI,SAC,5.0,211.5,103.3,8,5.8,19.7,37.5,PG/SG,4900,2,25.0,11.0,100,107,-5%,10,12,13,23,26,25,20.1,22.6,11.5,33.6,21.2,20.8,4.2,22.8,4.64,21.9,25.5,4.5,22.35,4.57,24.666666666666668,11.666666666666666,22.03,21.0,23.105067567567566
35,2,D.J. Wilson,0.0,MIL,NY,-17.0,222.5,119.8,8,0.0,9.9,20.8,PF/C,3600,1,0.0,0.0,100,109,-1%,7,4,4,20,13,10,9.9,7.8,0.7,14.9,23.6,26.3,7.3,9.3,2.57,12.4,15.0,3.4,10.850000000000001,2.985,14.333333333333334,5.0,8.830000000000002,10.233333333333334,11.354651162790699
35,3,Dillon Brooks,0.0,MEM,IND,10.0,217.0,103.5,5,8.3,22.1,34.5,SG/SF,5200,0,21.0,11.0,102,102,-29%,16,13,12,30,29,28,22.1,23.7,14.4,33.0,30.1,33.3,6.4,27.0,5.19,27.3,31.0,5.3,27.15,5.245,29.0,13.666666666666666,24.07,21.633333333333336,29.022413793103446
35,4,Jeremy Lamb,0.0,IND,MEM,-10.0,217.0,113.5,14,24.8,30.7,39.5,SG/SF,6300,1,21.0,17.0,106,110,8%,12,13,13,37,33,33,30.7,31.9,25.1,38.6,32.5,31.8,5.0,30.5,4.84,32.1,32.5,5.1,31.3,4.97,34.333333333333336,12.666666666666666,31.52,31.666666666666668,29.62864077669903
35,5,Dragan Bender,0.0,MIL,NY,-17.0,222.5,119.8,8,3.0,27.3,47.5,PF/C,3200,1,0.0,0.0,100,109,-1%,4,4,4,8,8,8,9.4,9.4,0.4,18.4,13.4,7.8,2.4,9.5,2.97,0.0,0.0,0.0,4.75,1.485,8.0,4.0,8.47,25.933333333333334,0.0
35,6,Daniel Gafford,0.0,CHI,SAC,5.0,211.5,103.3,21,5.8,8.2,13.8,C,3000,2,0.0,0.0,100,107,-14%,1,2,3,8,12,10,8.2,7.7,-1.8,17.1,10.6,7.0,2.3,7.8,2.58,9.5,12.0,3.2,8.65,2.89,10.0,2.0,7.970000000000001,9.266666666666667,10.379999999999999
35,7,Marquese Chriss,0.0,GS,ATL,6.5,222.5,108.0,10,16.0,24.9,29.8,PF/C,4900,0,19.0,19.0,105,112,4%,3,5,5,23,23,18,24.9,19.6,11.4,27.8,19.8,14.8,3.0,22.3,4.54,24.7,22.0,5.0,23.5,4.77,21.333333333333332,4.333333333333333,21.44,23.566666666666666,24.234375
36,0,Cory Joseph,0.0,SAC,CHI,-5.0,211.5,108.3,20,17.8,20.2,24.0,PG/SG,4900,1,15.0,9.0,105,106,-11%,5,6,6,34,32,25,20.1,16.8,8.2,25.3,25.4,18.5,3.8,24.8,5.05,23.8,32.0,4.9,24.3,4.975,30.333333333333332,5.666666666666667,18.94,20.666666666666668,25.635164835164836
36,1,Joe Ingles,0.0,UTA,PHI,5.5,208.5,101.5,23,7.3,19.5,30.8,SG/SF,4300,0,14.0,8.0,102,102,-7%,6,7,7,26,26,28,19.4,19.3,12.1,26.5,30.6,38.5,9.0,20.5,4.77,18.3,27.0,4.3,19.4,4.535,26.666666666666668,6.666666666666667,19.339999999999996,19.2,19.6425
36,2,Taj Gibson,0.0,NY,MIL,17.0,222.5,102.8,18,6.8,12.5,21.5,PF/C,3800,0,16.0,16.0,108,101,-4%,6,4,5,19,17,16,12.5,13.7,6.1,21.4,20.6,23.8,6.3,17.0,4.47,14.6,16.5,3.8,15.8,4.135,17.333333333333332,5.0,13.9,13.6,15.040384615384617
36,3,Solomon Hill,0.0,MEM,IND,10.0,217.0,103.5,25,6.0,14.1,21.8,SF/PF,3200,0,14.0,11.0,102,102,-29%,7,5,5,21,18,18,14.1,13.8,8.1,19.4,33.3,39.5,12.3,15.3,4.77,17.8,25.5,5.6,16.55,5.185,19.0,5.666666666666667,14.39,13.966666666666669,22.21184210526316
36,4,De'Anthony Melton,0.0,MEM,IND,10.0,217.0,103.5,9,1.5,16.8,35.8,PG/SG,3400,0,0.0,0.0,102,102,-4%,5,5,4,14,13,10,16.8,11.6,-1.7,24.9,24.9,32.8,9.6,18.5,5.44,17.9,20.0,5.3,18.2,5.37,12.333333333333334,4.666666666666667,13.959999999999999,18.03333333333333,29.51351351351351
36,5,Jabari Parker,0.0,ATL,GS,-6.5,222.5,114.5,18,19.3,36.3,64.5,SF/PF,6900,1,24.0,20.0,104,112,3%,8,14,13,26,30,28,36.3,31.8,18.7,44.8,28.1,21.8,3.2,33.3,4.82,37.9,32.0,5.5,35.599999999999994,5.16,28.0,11.666666666666666,33.44,40.03333333333333,40.685714285714276
36,6,Dragan Bender,0.0,MIL,NY,-17.0,222.5,119.8,8,3.0,27.3,47.5,PF/C,3200,1,0.0,0.0,100,109,-1%,4,4,4,8,8,8,9.4,9.4,0.4,18.4,13.4,7.8,2.4,9.5,2.97,0.0,0.0,0.0,4.75,1.485,8.0,4.0,8.47,25.933333333333334,0.0
36,7,Ed Davis,0.0,UTA,PHI,5.5,208.5,101.5,13,1.3,9.0,18.3,PF/C,3200,0,0.0,0.0,102,102,-8%,1,1,2,13,12,12,9.0,9.6,4.4,14.8,10.3,9.0,2.8,12.3,3.83,12.0,13.5,3.8,12.15,3.815,12.333333333333334,1.3333333333333333,9.99,9.533333333333333,13.299324324324324
37,0,Zach LaVine,0.0,CHI,SAC,5.0,211.5,103.3,8,24.3,44.7,62.5,PG/SG,7900,2,30.0,18.0,100,107,-5%,24,21,18,37,34,32,44.5,36.7,22.9,50.5,35.1,37.3,4.7,37.8,4.78,37.9,34.0,4.8,37.849999999999994,4.79,34.333333333333336,21.0,38.489999999999995,43.833333333333336,37.48252427184465
37,1,Cory Joseph,0.0,SAC,CHI,-5.0,211.5,108.3,20,17.8,20.2,24.0,PG/SG,4900,1,15.0,9.0,105,106,-11%,5,6,6,34,32,25,20.1,16.8,8.2,25.3,25.4,18.5,3.8,24.8,5.05,23.8,32.0,4.9,24.3,4.975,30.333333333333332,5.666666666666667,18.94,20.666666666666668,25.635164835164836
37,2,Jeff Green,0.0,UTA,PHI,5.5,208.5,101.5,15,13.0,19.4,26.8,SF/PF,3700,0,19.0,9.0,102,102,-7%,9,7,7,15,19,19,19.4,14.6,8.3,21.0,16.5,8.0,2.2,12.5,3.38,11.3,17.0,3.1,11.9,3.24,17.666666666666668,7.666666666666667,15.040000000000001,19.733333333333334,11.450943396226414
37,3,Donte DiVincenzo,0.0,MIL,NY,-17.0,222.5,119.8,2,18.3,21.6,25.3,PG/SF,4400,1,18.0,14.0,100,109,-2%,7,9,8,23,26,22,21.6,20.7,11.7,29.8,19.4,21.5,4.9,17.3,3.92,19.9,23.0,4.5,18.6,4.21,23.666666666666668,8.0,20.48,21.733333333333334,18.07605633802817
37,4,Pat Connaughton,0.0,MIL,NY,-17.0,222.5,119.8,12,8.0,18.7,27.5,SG/SF,4300,1,13.0,13.0,100,109,-2%,4,4,5,22,22,18,18.7,15.0,6.5,23.5,18.4,19.3,4.5,15.8,3.66,15.2,17.5,3.5,15.5,3.58,20.666666666666668,4.333333333333333,15.84,18.066666666666666,13.125
37,5,Harrison Barnes,0.0,SAC,CHI,-5.0,211.5,108.3,14,22.8,32.2,40.8,SF/PF,6000,1,18.0,17.0,105,106,2%,17,12,12,42,38,36,32.2,29.5,22.9,36.1,36.4,21.3,3.6,30.5,5.08,30.9,35.5,5.2,30.7,5.140000000000001,38.666666666666664,13.666666666666666,30.28,31.933333333333334,28.185775862068965
37,6,Ersan Ilyasova,0.0,MIL,NY,-17.0,222.5,119.8,8,10.5,17.7,29.5,PF/C,4000,1,15.0,17.0,100,109,-1%,5,5,5,17,17,17,17.7,16.1,9.4,22.9,14.3,12.8,3.2,14.0,3.5,15.3,17.0,3.8,14.65,3.65,17.0,5.0,16.15,19.233333333333334,14.65
37,7,Khris Middleton,0.0,MIL,NY,-17.0,222.5,119.8,12,23.5,28.8,42.3,SG/SF,5700,1,25.0,18.0,100,109,-4%,12,13,14,20,24,28,28.8,30.6,23.3,38.0,17.7,32.3,5.7,30.5,5.35,27.4,25.0,4.8,28.95,5.074999999999999,24.0,13.0,29.93,31.53333333333333,30.15625
39,0,Malcolm Brogdon,0.0,IND,MEM,-10.0,217.0,113.5,22,8.8,32.4,43.0,PG/SG,8100,1,29.0,22.0,106,110,8%,15,15,16,38,32,33,37.5,41.5,33.0,50.0,32.5,39.5,4.9,42.8,5.28,41.9,34.5,5.2,42.349999999999994,5.24,34.333333333333336,15.333333333333334,40.87,28.066666666666666,42.555582524271834
39,1,Yogi Ferrell,0.0,SAC,CHI,-5.0,211.5,108.3,20,6.0,10.2,14.0,PG/SG,3400,1,19.0,11.0,105,106,-11%,4,5,4,13,14,13,10.2,9.2,3.7,14.7,20.3,20.3,6.0,11.8,3.46,8.8,11.5,2.6,10.3,3.0300000000000002,13.333333333333334,4.333333333333333,9.62,10.066666666666666,8.88375
39,2,Al Horford,0.0,PHI,UTA,-5.5,208.5,107.0,27,28.3,32.3,37.8,PF/C,6400,1,20.0,19.0,103,101,-1%,9,10,12,32,31,32,31.6,33.8,25.3,42.3,34.6,41.5,6.5,32.5,5.08,33.9,32.0,5.3,33.2,5.1899999999999995,31.666666666666668,10.333333333333334,33.239999999999995,32.8,33.549473684210525
39,3,Ben Simmons,0.0,PHI,UTA,-5.5,208.5,107.0,5,31.0,39.9,52.0,PG/SF,8300,1,22.0,17.0,103,101,-5%,12,10,11,38,36,36,40.1,40.9,33.8,47.9,33.8,44.0,5.3,41.5,5.0,41.6,36.0,5.0,41.55,5.0,36.666666666666664,11.0,40.85,40.96666666666667,40.79454545454545
39,4,Wesley Matthews,0.0,MIL,NY,-17.0,222.5,119.8,12,15.3,19.3,28.5,SG/SF,4000,1,13.0,10.0,100,109,-2%,8,8,7,24,26,26,19.3,15.5,7.6,23.3,19.7,9.3,2.3,17.0,4.25,15.6,24.5,3.9,16.3,4.075,25.333333333333332,7.666666666666667,16.4,21.033333333333335,15.763815789473686
39,5,Denzel Valentine,0.0,CHI,SAC,5.0,211.5,103.3,24,1.3,8.3,20.0,SG/SF,3000,2,0.0,0.0,100,107,7%,2,4,4,8,8,7,8.3,7.7,0.0,15.3,11.8,16.3,5.4,9.8,3.25,9.0,10.0,3.0,9.4,3.125,7.666666666666667,3.3333333333333335,8.14,9.866666666666667,12.26086956521739
39,6,Bruno Caboclo,0.0,MEM,IND,10.0,217.0,103.5,1,0.0,12.4,36.3,PF/C,3000,0,0.0,0.0,102,102,-29%,7,5,4,15,11,11,12.4,11.0,-1.0,23.0,14.2,5.0,1.7,23.3,7.75,21.7,24.0,7.2,22.5,7.475,12.333333333333334,5.333333333333333,13.580000000000002,16.23333333333333,43.78378378378378
39,7,Solomon Hill,0.0,MEM,IND,10.0,217.0,103.5,25,6.0,14.1,21.8,SF/PF,3200,0,14.0,11.0,102,102,-29%,7,5,5,21,18,18,14.1,13.8,8.1,19.4,33.3,39.5,12.3,15.3,4.77,17.8,25.5,5.6,16.55,5.185,19.0,5.666666666666667,14.39,13.966666666666669,22.21184210526316
40,0,De'Anthony Melton,0.0,MEM,IND,10.0,217.0,103.5,9,1.5,16.8,35.8,PG/SG,3400,0,0.0,0.0,102,102,-4%,5,5,4,14,13,10,16.8,11.6,-1.7,24.9,24.9,32.8,9.6,18.5,5.44,17.9,20.0,5.3,18.2,5.37,12.333333333333334,4.666666666666667,13.959999999999999,18.03333333333333,29.51351351351351
40,1,Alec Burks,0.0,GS,ATL,6.5,222.5,108.0,19,17.5,32.6,48.0,PG/SG,6000,0,23.0,15.0,105,112,12%,15,17,12,34,34,30,32.2,28.0,15.8,40.2,31.6,22.8,3.8,32.5,5.42,33.9,33.5,5.6,33.2,5.51,32.666666666666664,14.666666666666666,29.880000000000003,32.699999999999996,34.04693877551021
40,2,Harrison Barnes,0.0,SAC,CHI,-5.0,211.5,108.3,14,22.8,32.2,40.8,SF/PF,6000,1,18.0,17.0,105,106,2%,17,12,12,42,38,36,32.2,29.5,22.9,36.1,36.4,21.3,3.6,30.5,5.08,30.9,35.5,5.2,30.7,5.140000000000001,38.666666666666664,13.666666666666666,30.28,31.933333333333334,28.185775862068965
40,3,Thaddeus Young,0.0,CHI,SAC,5.0,211.5,103.3,3,11.3,20.1,29.0,SF/PF,4100,2,21.0,12.0,100,107,-14%,7,8,9,21,19,22,20.1,19.5,13.0,26.0,18.4,11.8,2.9,18.0,4.39,17.4,21.5,4.2,17.7,4.295,20.666666666666668,8.0,19.259999999999998,20.133333333333336,18.41370967741935
40,4,Kyle Korver,0.0,MIL,NY,-17.0,222.5,119.8,12,0.8,9.0,16.5,SG/SF,3100,1,16.0,9.0,100,109,-2%,4,5,5,13,15,15,9.8,10.4,5.1,15.7,20.8,16.0,5.2,9.8,3.15,9.6,12.0,3.1,9.7,3.125,14.333333333333334,4.666666666666667,10.14,8.766666666666667,8.120930232558138
40,5,Denzel Valentine,0.0,CHI,SAC,5.0,211.5,103.3,24,1.3,8.3,20.0,SG/SF,3000,2,0.0,0.0,100,107,7%,2,4,4,8,8,7,8.3,7.7,0.0,15.3,11.8,16.3,5.4,9.8,3.25,9.0,10.0,3.0,9.4,3.125,7.666666666666667,3.3333333333333335,8.14,9.866666666666667,12.26086956521739
40,6,Robin Lopez,0.0,MIL,NY,-17.0,222.5,119.8,26,4.0,13.1,33.0,C,4400,1,16.0,10.0,100,109,-3%,7,4,4,19,15,15,14.7,10.9,3.9,17.9,22.7,11.8,2.7,20.5,4.66,19.7,24.5,4.5,20.1,4.58,16.333333333333332,5.0,13.5,16.7,30.150000000000002
40,7,De'Andre Hunter,0.0,ATL,GS,-6.5,222.5,114.5,18,11.8,20.6,34.3,SF/PF,5000,1,18.0,8.0,104,112,9%,12,12,11,35,36,32,20.6,21.4,11.9,30.8,31.6,27.0,5.4,23.8,4.75,25.8,34.5,5.2,24.8,4.975,34.333333333333336,11.666666666666666,21.9,22.233333333333334,24.92038834951456
42,0,George Hill,0.0,MIL,NY,-17.0,222.5,119.8,2,18.8,21.2,28.5,PG/SG,3800,1,15.0,19.0,100,109,0%,8,6,6,19,19,22,21.1,20.3,13.0,27.6,16.4,25.0,6.6,17.3,4.54,15.6,19.0,4.1,16.45,4.32,20.0,6.666666666666667,19.69,22.833333333333332,15.6275
42,1,Tomas Satoransky,0.0,CHI,SAC,5.0,211.5,103.3,8,19.0,29.9,41.8,PG/SG,5300,2,18.0,15.0,100,107,-5%,10,9,8,32,28,27,29.9,25.1,14.7,35.5,33.6,24.5,4.6,24.3,4.58,24.9,29.5,4.7,24.6,4.640000000000001,29.0,9.0,25.96,30.23333333333333,25.024137931034485
42,2,PJ Washington,0.0,CHA,PHO,5.0,224.5,109.8,30,17.0,25.0,45.8,PF/C,5100,1,17.0,15.0,105,107,2%,12,10,9,34,27,29,25.0,25.4,16.4,34.3,18.3,14.8,2.9,26.3,5.15,25.2,30.0,4.9,25.75,5.025,30.0,10.333333333333334,25.369999999999997,29.266666666666666,25.75
42,3,Jabari Parker,0.0,ATL,GS,-6.5,222.5,114.5,18,19.3,36.3,64.5,SF/PF,6900,1,24.0,20.0,104,112,3%,8,14,13,26,30,28,36.3,31.8,18.7,44.8,28.1,21.8,3.2,33.3,4.82,37.9,32.0,5.5,35.599999999999994,5.16,28.0,11.666666666666666,33.44,40.03333333333333,40.685714285714276
42,4,Terry Rozier,0.0,CHA,PHO,5.0,224.5,109.8,28,24.0,34.8,38.3,PG,6700,1,25.0,16.0,105,107,4%,16,14,15,33,33,33,34.8,31.6,21.6,41.5,33.8,28.3,4.2,33.8,5.04,34.4,33.5,5.1,34.099999999999994,5.07,33.0,15.0,32.72,32.36666666666667,34.61666666666666
42,5,Evan Turner,0.0,ATL,GS,-6.5,222.5,114.5,29,2.5,10.4,15.0,PG/SF,3200,1,20.0,9.0,104,112,6%,3,5,4,14,13,13,10.3,11.2,4.4,17.9,19.8,18.8,5.9,14.5,4.53,13.8,14.0,4.3,14.15,4.415,13.333333333333334,4.0,11.59,9.299999999999999,14.8575
42,6,Bruno Fernando,0.0,ATL,GS,-6.5,222.5,114.5,27,8.0,15.2,23.0,C,3500,1,16.0,14.0,104,112,3%,4,4,4,15,16,14,15.2,12.3,6.2,18.4,7.2,2.8,0.8,14.3,4.07,16.0,16.0,4.6,15.15,4.335,15.0,4.0,13.45,15.4,16.16
42,7,Aaron Holiday,0.0,IND,MEM,-10.0,217.0,113.5,22,3.0,13.6,26.8,PG/SG,3500,1,22.0,12.0,106,110,8%,5,8,9,13,18,22,13.6,19.4,6.4,32.3,21.4,18.3,5.2,15.5,4.43,13.2,14.5,3.8,14.35,4.115,17.666666666666668,7.333333333333333,17.21,14.466666666666669,11.777830188679243
43,0,Devonte' Graham,0.0,CHA,PHO,5.0,224.5,109.8,28,28.8,37.4,49.8,PG/SG,7200,1,27.0,18.0,105,107,4%,16,15,14,33,35,33,37.4,36.0,26.4,45.6,38.8,39.5,5.5,38.5,5.35,38.9,35.5,5.4,38.7,5.375,33.666666666666664,15.0,36.82000000000001,38.666666666666664,40.80742574257426
43,1,Khris Middleton,0.0,MIL,NY,-17.0,222.5,119.8,12,23.5,28.8,42.3,SG/SF,5700,1,25.0,18.0,100,109,-4%,12,13,14,20,24,28,28.8,30.6,23.3,38.0,17.7,32.3,5.7,30.5,5.35,27.4,25.0,4.8,28.95,5.074999999999999,24.0,13.0,29.93,31.53333333333333,30.15625
43,2,Ersan Ilyasova,0.0,MIL,NY,-17.0,222.5,119.8,8,10.5,17.7,29.5,PF/C,4000,1,15.0,17.0,100,109,-1%,5,5,5,17,17,17,17.7,16.1,9.4,22.9,14.3,12.8,3.2,14.0,3.5,15.3,17.0,3.8,14.65,3.65,17.0,5.0,16.15,19.233333333333334,14.65
43,3,Georges Niang,0.0,UTA,PHI,5.5,208.5,101.5,15,2.3,9.8,23.8,SF/PF,3200,0,16.0,10.0,102,102,-7%,3,4,3,14,12,10,9.5,6.6,-0.4,13.6,12.1,12.5,3.9,6.5,2.03,0.0,0.0,0.0,3.25,1.015,12.0,3.3333333333333335,6.510000000000001,11.966666666666669,0.0
43,4,Tyrone Wallace,0.0,ATL,GS,-6.5,222.5,114.5,29,0.0,6.6,11.3,PG/SG,3000,1,17.0,5.0,104,112,6%,6,3,4,13,11,12,6.6,7.8,2.6,13.0,10.6,3.5,1.2,6.0,2.0,0.0,0.0,0.0,3.0,1.0,12.0,4.333333333333333,6.6,5.966666666666666,0.0
43,5,Pat Connaughton,0.0,MIL,NY,-17.0,222.5,119.8,12,8.0,18.7,27.5,SG/SF,4300,1,13.0,13.0,100,109,-2%,4,4,5,22,22,18,18.7,15.0,6.5,23.5,18.4,19.3,4.5,15.8,3.66,15.2,17.5,3.5,15.5,3.58,20.666666666666668,4.333333333333333,15.84,18.066666666666666,13.125
43,6,Taj Gibson,0.0,NY,MIL,17.0,222.5,102.8,18,6.8,12.5,21.5,PF/C,3800,0,16.0,16.0,108,101,-4%,6,4,5,19,17,16,12.5,13.7,6.1,21.4,20.6,23.8,6.3,17.0,4.47,14.6,16.5,3.8,15.8,4.135,17.333333333333332,5.0,13.9,13.6,15.040384615384617
43,7,Malcolm Brogdon,0.0,IND,MEM,-10.0,217.0,113.5,22,8.8,32.4,43.0,PG/SG,8100,1,29.0,22.0,106,110,8%,15,15,16,38,32,33,37.5,41.5,33.0,50.0,32.5,39.5,4.9,42.8,5.28,41.9,34.5,5.2,42.349999999999994,5.24,34.333333333333336,15.333333333333334,40.87,28.066666666666666,42.555582524271834
44,0,Ryan Arcidiacono,0.0,CHI,SAC,5.0,211.5,103.3,8,2.8,7.4,13.5,PG/SG,3200,2,12.0,9.0,100,107,-5%,4,4,4,14,17,18,7.4,11.4,5.5,17.3,12.0,6.5,2.0,8.3,2.58,9.8,15.5,3.1,9.05,2.84,16.333333333333332,4.0,10.13,7.8999999999999995,8.58826530612245
44,1,RJ Barrett,0.0,NY,MIL,17.0,222.5,102.8,15,24.3,28.5,33.3,PG/SG,6300,0,25.0,12.0,108,101,-4%,13,13,14,32,32,33,28.1,30.0,20.4,39.5,20.0,5.5,0.9,30.0,4.76,29.5,32.5,4.7,29.75,4.73,32.333333333333336,13.333333333333334,29.55,28.7,29.903350515463917
44,2,Taj Gibson,0.0,NY,MIL,17.0,222.5,102.8,18,6.8,12.5,21.5,PF/C,3800,0,16.0,16.0,108,101,-4%,6,4,5,19,17,16,12.5,13.7,6.1,21.4,20.6,23.8,6.3,17.0,4.47,14.6,16.5,3.8,15.8,4.135,17.333333333333332,5.0,13.9,13.6,15.040384615384617
44,3,Evan Turner,0.0,ATL,GS,-6.5,222.5,114.5,29,2.5,10.4,15.0,PG/SF,3200,1,20.0,9.0,104,112,6%,3,5,4,14,13,13,10.3,11.2,4.4,17.9,19.8,18.8,5.9,14.5,4.53,13.8,14.0,4.3,14.15,4.415,13.333333333333334,4.0,11.59,9.299999999999999,14.8575
44,4,T.J. McConnell,0.0,IND,MEM,-10.0,217.0,113.5,22,9.5,19.8,26.3,PG,3800,1,23.0,17.0,106,110,8%,5,7,6,13,17,17,19.8,18.6,10.4,26.9,15.5,10.0,2.6,12.8,3.36,13.5,14.5,3.6,13.15,3.48,15.666666666666666,6.0,17.770000000000003,18.533333333333335,12.170744680851064
44,5,Omari Spellman,0.0,GS,ATL,6.5,222.5,108.0,10,15.3,24.8,39.8,PF/C,4500,0,20.0,17.0,105,112,4%,7,8,7,20,23,19,24.8,19.9,11.8,28.0,27.7,27.3,6.1,22.8,5.06,20.9,21.5,4.6,21.85,4.83,20.666666666666668,7.333333333333333,21.27,26.633333333333336,22.731048387096777
44,6,Al Horford,0.0,PHI,UTA,-5.5,208.5,107.0,27,28.3,32.3,37.8,PF/C,6400,1,20.0,19.0,103,101,-1%,9,10,12,32,31,32,31.6,33.8,25.3,42.3,34.6,41.5,6.5,32.5,5.08,33.9,32.0,5.3,33.2,5.1899999999999995,31.666666666666668,10.333333333333334,33.239999999999995,32.8,33.549473684210525
44,7,T.J. Warren,0.0,IND,MEM,-10.0,217.0,113.5,23,6.5,26.4,38.0,SF/PF,6200,1,21.0,15.0,106,110,10%,15,13,15,34,32,34,26.4,27.6,16.2,38.9,24.8,23.0,3.7,29.8,4.8,26.5,32.0,4.3,28.15,4.55,33.333333333333336,14.333333333333334,27.45,23.633333333333336,27.023999999999997
45,0,Devin Booker,0.0,PHO,CHA,-5.0,224.5,114.8,14,18.8,40.0,65.0,PG/SG,8200,2,29.0,19.0,101,112,-5%,18,18,17,38,37,35,40.0,39.4,27.9,50.9,38.4,37.0,4.5,40.0,4.88,40.9,36.0,5.0,40.45,4.9399999999999995,36.666666666666664,17.666666666666668,39.730000000000004,41.266666666666666,39.71454545454546
45,1,Yogi Ferrell,0.0,SAC,CHI,-5.0,211.5,108.3,20,6.0,10.2,14.0,PG/SG,3400,1,19.0,11.0,105,106,-11%,4,5,4,13,14,13,10.2,9.2,3.7,14.7,20.3,20.3,6.0,11.8,3.46,8.8,11.5,2.6,10.3,3.0300000000000002,13.333333333333334,4.333333333333333,9.62,10.066666666666666,8.88375
45,2,PJ Washington,0.0,CHA,PHO,5.0,224.5,109.8,30,17.0,25.0,45.8,PF/C,5100,1,17.0,15.0,105,107,2%,12,10,9,34,27,29,25.0,25.4,16.4,34.3,18.3,14.8,2.9,26.3,5.15,25.2,30.0,4.9,25.75,5.025,30.0,10.333333333333334,25.369999999999997,29.266666666666666,25.75
45,3,Kyle Korver,0.0,MIL,NY,-17.0,222.5,119.8,12,0.8,9.0,16.5,SG/SF,3100,1,16.0,9.0,100,109,-2%,4,5,5,13,15,15,9.8,10.4,5.1,15.7,20.8,16.0,5.2,9.8,3.15,9.6,12.0,3.1,9.7,3.125,14.333333333333334,4.666666666666667,10.14,8.766666666666667,8.120930232558138
45,4,Wesley Matthews,0.0,MIL,NY,-17.0,222.5,119.8,12,15.3,19.3,28.5,SG/SF,4000,1,13.0,10.0,100,109,-2%,8,8,7,24,26,26,19.3,15.5,7.6,23.3,19.7,9.3,2.3,17.0,4.25,15.6,24.5,3.9,16.3,4.075,25.333333333333332,7.666666666666667,16.4,21.033333333333335,15.763815789473686
45,5,Jordan Poole,0.0,GS,ATL,6.5,222.5,108.0,25,3.0,16.5,27.0,SG/SF,4300,0,21.0,5.0,105,112,-4%,9,10,10,22,23,26,16.4,16.9,10.4,23.3,19.7,13.0,3.0,17.5,4.07,17.2,23.5,4.0,17.35,4.035,23.666666666666668,9.666666666666666,16.869999999999997,15.5,17.227816901408453
45,6,Omari Spellman,0.0,GS,ATL,6.5,222.5,108.0,10,15.3,24.8,39.8,PF/C,4500,0,20.0,17.0,105,112,4%,7,8,7,20,23,19,24.8,19.9,11.8,28.0,27.7,27.3,6.1,22.8,5.06,20.9,21.5,4.6,21.85,4.83,20.666666666666668,7.333333333333333,21.27,26.633333333333336,22.731048387096777
45,7,Dewayne Dedmon,0.0,SAC,CHI,-5.0,211.5,108.3,30,5.3,12.4,28.5,C,3200,1,20.0,9.0,105,106,19%,8,5,5,17,14,15,12.3,12.6,5.9,19.2,11.4,13.3,4.2,13.5,4.22,14.3,13.5,4.5,13.9,4.359999999999999,15.333333333333334,6.0,12.779999999999998,15.4,12.23804347826087
46,0,Malik Monk,0.0,CHA,PHO,5.0,224.5,109.8,28,5.5,11.8,21.5,PG/SG,4300,1,22.0,12.0,105,107,-7%,7,8,8,23,20,21,11.8,17.2,7.2,27.1,21.8,17.8,4.1,19.8,4.59,18.9,21.5,4.4,19.35,4.495,21.333333333333332,7.666666666666667,16.53,12.933333333333332,19.501171875
46,1,Jeremy Lamb,0.0,IND,MEM,-10.0,217.0,113.5,14,24.8,30.7,39.5,SG/SF,6300,1,21.0,17.0,106,110,8%,12,13,13,37,33,33,30.7,31.9,25.1,38.6,32.5,31.8,5.0,30.5,4.84,32.1,32.5,5.1,31.3,4.97,34.333333333333336,12.666666666666666,31.52,31.666666666666668,29.62864077669903
46,2,Marquese Chriss,0.0,GS,ATL,6.5,222.5,108.0,10,16.0,24.9,29.8,PF/C,4900,0,19.0,19.0,105,112,4%,3,5,5,23,23,18,24.9,19.6,11.4,27.8,19.8,14.8,3.0,22.3,4.54,24.7,22.0,5.0,23.5,4.77,21.333333333333332,4.333333333333333,21.44,23.566666666666666,24.234375
46,3,Justin Holiday,0.0,IND,MEM,-10.0,217.0,113.5,14,10.0,21.5,31.8,SG/SF,4200,1,13.0,12.0,106,110,8%,6,5,6,25,22,25,21.5,18.8,10.5,27.2,29.2,21.8,5.2,16.5,3.93,15.6,23.0,3.7,16.05,3.8150000000000004,24.0,5.666666666666667,18.81,21.099999999999998,15.381250000000001
46,4,Zach LaVine,0.0,CHI,SAC,5.0,211.5,103.3,8,24.3,44.7,62.5,PG/SG,7900,2,30.0,18.0,100,107,-5%,24,21,18,37,34,32,44.5,36.7,22.9,50.5,35.1,37.3,4.7,37.8,4.78,37.9,34.0,4.8,37.849999999999994,4.79,34.333333333333336,21.0,38.489999999999995,43.833333333333336,37.48252427184465
46,5,Wendell Carter Jr.,0.0,CHI,SAC,5.0,211.5,103.3,14,16.5,28.8,44.3,PF/C,6900,2,17.0,18.0,100,107,-14%,13,9,9,32,31,30,28.8,30.4,21.7,39.0,37.4,27.0,3.9,32.5,4.71,31.9,33.0,4.6,32.2,4.654999999999999,31.0,10.333333333333334,30.420000000000005,29.866666666666664,34.27741935483871
46,6,Willie Cauley-Stein,0.0,GS,ATL,6.5,222.5,108.0,13,15.5,22.5,35.5,C,5200,0,14.0,15.0,105,112,3%,10,7,7,24,24,23,22.4,22.4,16.4,28.5,19.2,16.5,3.2,26.8,5.14,24.5,24.0,4.7,25.65,4.92,23.666666666666668,8.0,23.07,24.5,26.011267605633797
46,7,Ed Davis,0.0,UTA,PHI,5.5,208.5,101.5,13,1.3,9.0,18.3,PF/C,3200,0,0.0,0.0,102,102,-8%,1,1,2,13,12,12,9.0,9.6,4.4,14.8,10.3,9.0,2.8,12.3,3.83,12.0,13.5,3.8,12.15,3.815,12.333333333333334,1.3333333333333333,9.99,9.533333333333333,13.299324324324324
47,0,Emmanuel Mudiay,0.0,UTA,PHI,5.5,208.5,101.5,1,4.8,12.7,24.3,PG,3300,0,25.0,14.0,102,102,-6%,6,6,7,13,15,16,12.7,15.1,8.7,21.5,4.6,3.3,1.0,11.8,3.56,11.6,13.5,3.5,11.7,3.5300000000000002,14.666666666666666,6.333333333333333,13.940000000000001,13.933333333333332,10.769318181818182
47,1,Furkan Korkmaz,0.0,PHI,UTA,-5.5,208.5,107.0,21,5.0,16.5,27.5,SG/SF,4100,1,16.0,10.0,103,101,-15%,9,8,8,26,25,24,16.4,15.6,7.5,23.8,23.8,9.0,2.2,17.0,4.15,17.7,27.0,4.3,17.35,4.225,25.0,8.333333333333334,16.130000000000003,16.333333333333332,18.738000000000003
47,2,Marquese Chriss,0.0,GS,ATL,6.5,222.5,108.0,10,16.0,24.9,29.8,PF/C,4900,0,19.0,19.0,105,112,4%,3,5,5,23,23,18,24.9,19.6,11.4,27.8,19.8,14.8,3.0,22.3,4.54,24.7,22.0,5.0,23.5,4.77,21.333333333333332,4.333333333333333,21.44,23.566666666666666,24.234375
47,3,Denzel Valentine,0.0,CHI,SAC,5.0,211.5,103.3,24,1.3,8.3,20.0,SG/SF,3000,2,0.0,0.0,100,107,7%,2,4,4,8,8,7,8.3,7.7,0.0,15.3,11.8,16.3,5.4,9.8,3.25,9.0,10.0,3.0,9.4,3.125,7.666666666666667,3.3333333333333335,8.14,9.866666666666667,12.26086956521739
47,4,Ky Bowman,0.0,GS,ATL,6.5,222.5,108.0,19,12.8,28.4,43.8,PG,5100,0,17.0,13.0,105,112,-4%,11,12,8,31,33,23,28.8,18.3,5.5,31.1,36.8,30.0,5.9,27.5,5.39,27.3,31.0,5.4,27.4,5.395,29.0,10.333333333333334,22.22,28.333333333333332,29.28965517241379
47,5,Kelly Oubre Jr.,0.0,PHO,CHA,-5.0,224.5,114.8,2,15.3,34.2,50.3,SF/PF,7000,2,22.0,17.0,101,112,7%,15,16,13,35,36,32,39.7,32.4,20.4,44.3,37.7,33.8,4.8,33.8,4.82,33.3,33.5,4.8,33.55,4.8100000000000005,34.333333333333336,14.666666666666666,34.06999999999999,33.266666666666666,32.73567961165048
47,6,Ed Davis,0.0,UTA,PHI,5.5,208.5,101.5,13,1.3,9.0,18.3,PF/C,3200,0,0.0,0.0,102,102,-8%,1,1,2,13,12,12,9.0,9.6,4.4,14.8,10.3,9.0,2.8,12.3,3.83,12.0,13.5,3.8,12.15,3.815,12.333333333333334,1.3333333333333333,9.99,9.533333333333333,13.299324324324324
47,7,Malcolm Brogdon,0.0,IND,MEM,-10.0,217.0,113.5,22,8.8,32.4,43.0,PG/SG,8100,1,29.0,22.0,106,110,8%,15,15,16,38,32,33,37.5,41.5,33.0,50.0,32.5,39.5,4.9,42.8,5.28,41.9,34.5,5.2,42.349999999999994,5.24,34.333333333333336,15.333333333333334,40.87,28.066666666666666,42.555582524271834
48,0,Dennis Smith Jr.,0.0,NY,MIL,17.0,222.5,102.8,15,8.3,19.2,32.8,PG,3200,0,23.0,6.0,108,101,9%,6,7,6,26,22,17,19.1,13.4,2.8,24.0,25.6,11.3,3.5,29.8,9.3,27.0,30.5,8.4,28.4,8.850000000000001,21.666666666666668,6.333333333333333,17.54,20.099999999999998,39.97846153846154
48,1,Buddy Hield,0.0,SAC,CHI,-5.0,211.5,108.3,18,23.3,36.9,55.8,SG/SF,7100,1,28.0,15.0,105,106,-2%,22,20,18,39,38,34,37.1,34.5,24.0,44.9,39.2,41.3,5.8,39.5,5.56,38.8,36.0,5.5,39.15,5.529999999999999,37.0,20.0,35.93,38.666666666666664,38.09189189189189
48,2,Solomon Hill,0.0,MEM,IND,10.0,217.0,103.5,25,6.0,14.1,21.8,SF/PF,3200,0,14.0,11.0,102,102,-29%,7,5,5,21,18,18,14.1,13.8,8.1,19.4,33.3,39.5,12.3,15.3,4.77,17.8,25.5,5.6,16.55,5.185,19.0,5.666666666666667,14.39,13.966666666666669,22.21184210526316
48,3,Dario Saric,0.0,PHO,CHA,-5.0,224.5,114.8,2,14.8,30.5,47.8,SF/PF,5900,2,17.0,13.0,101,112,19%,11,10,10,35,30,29,29.2,26.5,14.1,38.9,32.1,35.5,6.0,32.3,5.47,31.8,32.5,5.4,32.05,5.4350000000000005,31.333333333333332,10.333333333333334,28.15,31.03333333333333,33.243351063829785
48,4,Yogi Ferrell,0.0,SAC,CHI,-5.0,211.5,108.3,20,6.0,10.2,14.0,PG/SG,3400,1,19.0,11.0,105,106,-11%,4,5,4,13,14,13,10.2,9.2,3.7,14.7,20.3,20.3,6.0,11.8,3.46,8.8,11.5,2.6,10.3,3.0300000000000002,13.333333333333334,4.333333333333333,9.62,10.066666666666666,8.88375
48,5,Glenn Robinson III,0.0,GS,ATL,6.5,222.5,108.0,25,9.5,26.9,42.0,SG/SF,5100,0,15.0,13.0,105,112,12%,13,13,10,33,35,33,26.6,23.8,15.3,32.4,34.5,14.0,2.7,26.8,5.25,27.4,35.0,5.4,27.1,5.325,33.666666666666664,12.0,25.040000000000003,26.133333333333336,28.173267326732674
48,6,Dewayne Dedmon,0.0,SAC,CHI,-5.0,211.5,108.3,30,5.3,12.4,28.5,C,3200,1,20.0,9.0,105,106,19%,8,5,5,17,14,15,12.3,12.6,5.9,19.2,11.4,13.3,4.2,13.5,4.22,14.3,13.5,4.5,13.9,4.359999999999999,15.333333333333334,6.0,12.779999999999998,15.4,12.23804347826087
48,7,Ersan Ilyasova,0.0,MIL,NY,-17.0,222.5,119.8,8,10.5,17.7,29.5,PF/C,4000,1,15.0,17.0,100,109,-1%,5,5,5,17,17,17,17.7,16.1,9.4,22.9,14.3,12.8,3.2,14.0,3.5,15.3,17.0,3.8,14.65,3.65,17.0,5.0,16.15,19.233333333333334,14.65
49,0,T.J. McConnell,0.0,IND,MEM,-10.0,217.0,113.5,22,9.5,19.8,26.3,PG,3800,1,23.0,17.0,106,110,8%,5,7,6,13,17,17,19.8,18.6,10.4,26.9,15.5,10.0,2.6,12.8,3.36,13.5,14.5,3.6,13.15,3.48,15.666666666666666,6.0,17.770000000000003,18.533333333333335,12.170744680851064
49,1,Denzel Valentine,0.0,CHI,SAC,5.0,211.5,103.3,24,1.3,8.3,20.0,SG/SF,3000,2,0.0,0.0,100,107,7%,2,4,4,8,8,7,8.3,7.7,0.0,15.3,11.8,16.3,5.4,9.8,3.25,9.0,10.0,3.0,9.4,3.125,7.666666666666667,3.3333333333333335,8.14,9.866666666666667,12.26086956521739
49,2,Doug McDermott,0.0,IND,MEM,-10.0,217.0,113.5,23,6.5,11.2,18.8,SF/PF,3100,1,18.0,10.0,106,110,10%,6,6,8,17,18,21,11.6,14.7,6.6,22.8,20.0,9.3,3.0,11.5,3.71,11.4,16.5,3.7,11.45,3.705,18.666666666666668,6.666666666666667,13.429999999999998,12.166666666666666,10.120982142857141
49,3,Vince Carter,0.0,ATL,GS,-6.5,222.5,114.5,18,3.5,9.6,19.5,SF/PF,3100,1,17.0,5.0,104,112,6%,5,5,6,15,16,15,9.6,9.8,3.2,16.5,11.9,15.0,4.8,13.8,4.44,13.9,17.0,4.5,13.850000000000001,4.470000000000001,15.333333333333334,5.333333333333333,10.59,10.866666666666667,15.355434782608697
49,4,Joe Ingles,0.0,UTA,PHI,5.5,208.5,101.5,23,7.3,19.5,30.8,SG/SF,4300,0,14.0,8.0,102,102,-7%,6,7,7,26,26,28,19.4,19.3,12.1,26.5,30.6,38.5,9.0,20.5,4.77,18.3,27.0,4.3,19.4,4.535,26.666666666666668,6.666666666666667,19.339999999999996,19.2,19.6425
49,5,Dillon Brooks,0.0,MEM,IND,10.0,217.0,103.5,5,8.3,22.1,34.5,SG/SF,5200,0,21.0,11.0,102,102,-29%,16,13,12,30,29,28,22.1,23.7,14.4,33.0,30.1,33.3,6.4,27.0,5.19,27.3,31.0,5.3,27.15,5.245,29.0,13.666666666666666,24.07,21.633333333333336,29.022413793103446
49,6,Lauri Markkanen,0.0,CHI,SAC,5.0,211.5,103.3,14,15.0,19.9,28.0,PF/C,5800,2,21.0,12.0,100,107,-14%,12,10,11,29,26,29,19.9,27.4,16.3,38.4,29.6,31.3,5.4,26.5,4.57,24.3,29.5,4.2,25.4,4.385,28.0,11.0,25.479999999999997,20.966666666666665,26.760714285714286
49,7,Myles Turner,0.0,IND,MEM,-10.0,217.0,113.5,16,12.3,23.3,34.0,C,5700,1,17.0,13.0,106,110,2%,11,8,10,34,31,33,23.3,28.8,18.3,39.3,30.9,32.0,5.6,32.8,5.75,28.6,31.0,5.0,30.7,5.375,32.666666666666664,9.666666666666666,28.080000000000002,23.2,29.133673469387755
