Lineup Num,,Player Name,injury_status,team,opp,spread,over_under,implied_team_score,L5_dvp_rank,L5_ppg_floor,L5_ppg_avg,L5_ppg_max,Pos,Salary,Rest,USG,PER,Opp Pace,Opp DEff,Opp DvP,L2 FGA,L5 FGA,S FGA,L2 Min,L5 Min,S Min,L5 FP,S FP,Floor FP,Ceil FP,Actual Min,Actual FP,Actual Val,FantasyFuelPPGProj,FantasyFuelValueProj,DFN_PPGProj,DFN_MinProj,DFN_ValueProj,Avg Proj,Avg Value Proj,Avg Skewed Min,Avg Skewed FGA,Avg Skewed FP,Avg L5 PPG,Proj Min Enhanced
0,0,Will Barton,0.0,DEN,BOS,3.5,205.5,101.0,2,21.0,33.9,41.5,PG/SF,6100,0,20.0,16.0,102,102,-3%,10,13,13,31,34,33,33.9,33.3,25.5,41.2,29.6,13.3,2.2,30.5,5.0,29.6,34.0,4.9,30.05,4.95,32.666666666666664,12.0,32.79,32.13333333333333,31.2765306122449
0,1,Anfernee Simons,0.0,POR,LAL,4.5,225.5,110.5,15,2.5,10.8,21.5,PG/SG,3300,1,21.0,10.0,103,100,2%,9,8,9,22,22,22,10.8,15.8,8.1,23.6,16.9,20.5,6.2,14.5,4.39,13.4,18.0,4.1,13.95,4.244999999999999,22.0,8.666666666666666,14.45,11.6,11.413636363636362
0,2,Paul George,0.0,LAC,MIL,4.5,233.0,114.3,14,17.5,36.0,47.0,SF/PF,7800,2,32.0,23.0,107,100,-16%,18,16,17,29,30,30,36.0,38.6,28.9,48.2,31.2,22.8,2.9,42.0,5.38,41.1,33.0,5.3,41.55,5.34,29.666666666666668,17.0,38.65,33.5,46.21853932584269
0,3,LeBron James,0.0,LAL,POR,-4.5,225.5,115.0,16,44.5,50.4,57.8,PG/SF,10100,1,34.0,27.0,105,108,8%,20,20,20,33,35,35,52.8,55.1,42.8,67.5,33.8,54.3,5.4,52.5,5.2,54.7,35.5,5.4,53.6,5.300000000000001,34.333333333333336,20.0,54.36,50.9,55.42135922330097
0,4,Bryn Forbes,0.0,SA,SAC,-4.0,216.0,110.0,24,10.0,21.3,35.0,PG/SG,4700,2,19.0,13.0,100,108,4%,10,10,11,30,27,27,21.3,21.1,13.1,29.1,19.6,15.5,3.3,22.3,4.73,20.2,26.0,4.3,21.25,4.515000000000001,28.0,10.333333333333334,21.169999999999998,22.099999999999998,19.732142857142858
0,5,Doug McDermott,0.0,IND,DET,-2.0,211.5,106.8,11,6.5,10.4,17.5,SF/PF,3000,1,18.0,11.0,101,108,-1%,7,6,7,19,18,21,10.8,14.6,6.8,22.4,15.9,21.5,7.2,12.0,4.0,11.7,17.0,3.9,11.85,3.95,19.333333333333332,6.666666666666667,13.289999999999997,11.466666666666667,10.419827586206898
0,6,Vincent Poirier,0.0,BOS,DEN,-3.5,205.5,104.5,15,0.0,4.7,14.0,C,3000,1,0.0,0.0,100,100,-1%,1,1,1,1,4,5,4.7,4.0,-1.1,9.1,2.7,4.5,1.5,5.5,1.83,0.0,0.0,0.0,2.75,0.915,3.3333333333333335,1.0,3.8899999999999992,6.233333333333333,0.0
0,7,George Hill,0.0,MIL,LAC,-4.5,233.0,118.8,20,11.5,20.9,28.5,PG/SG,3600,1,16.0,19.0,105,103,5%,5,6,6,16,17,21,20.9,20.1,12.8,27.4,16.1,20.5,5.7,14.8,4.1,15.7,19.0,4.4,15.25,4.25,18.0,5.666666666666667,19.29,20.3,16.09722222222222
1,0,Eric Bledsoe,0.0,MIL,LAC,-4.5,233.0,118.8,20,21.8,27.4,37.8,PG,6200,1,25.0,19.0,105,103,5%,7,6,12,23,26,28,27.3,32.7,23.1,42.3,22.9,22.8,3.7,33.0,5.32,34.0,28.5,5.5,33.5,5.41,25.666666666666668,8.333333333333334,31.78,29.0,37.19805194805195
1,1,Derrick Rose,0.0,DET,IND,2.0,211.5,104.8,14,25.5,28.8,32.5,PG/SG,5400,1,32.0,22.0,101,102,-4%,14,12,13,24,23,23,28.8,28.4,20.4,36.5,25.7,30.0,5.6,26.8,4.95,26.1,24.5,4.8,26.450000000000003,4.875,23.333333333333332,13.0,28.110000000000003,28.933333333333334,27.7725
1,2,PJ Washington,0.0,CHA,BKN,3.5,218.5,107.5,4,14.8,25.8,45.8,PF/C,5000,1,17.0,15.0,106,107,1%,9,10,9,26,28,29,25.8,24.8,15.9,33.6,34.7,28.8,5.8,25.8,5.15,23.9,28.5,4.8,24.85,4.975,27.666666666666668,9.333333333333334,24.990000000000002,28.8,25.598493975903615
1,3,Moe Harkless,0.0,LAC,MIL,4.5,233.0,114.3,14,2.8,13.2,23.0,SF/PF,3100,2,11.0,9.0,107,100,-16%,3,3,5,23,23,23,13.2,14.3,7.7,20.9,21.8,13.8,4.5,14.3,4.6,14.4,23.5,4.6,14.350000000000001,4.6,23.0,3.6666666666666665,14.09,13.0,14.661956521739132
1,4,Wesley Matthews,0.0,MIL,LAC,-4.5,233.0,118.8,6,9.3,14.8,19.3,SG/SF,3300,1,13.0,10.0,105,103,-3%,7,7,7,19,22,25,14.8,15.1,7.5,22.6,22.7,23.3,7.1,15.5,4.7,15.3,25.0,4.6,15.4,4.65,22.0,7.0,15.080000000000002,14.466666666666669,17.5
1,5,Isaac Bonga,0.0,WAS,MIA,9.5,227.5,109.0,17,2.0,10.8,17.3,SF,3700,0,11.0,11.0,103,102,-8%,1,2,3,18,16,16,10.8,10.8,4.4,17.2,15.2,14.0,3.8,16.5,4.46,15.0,20.5,4.1,15.75,4.279999999999999,16.666666666666668,2.0,11.79,10.033333333333333,19.3725
1,6,Nikola Jokic,0.0,DEN,BOS,3.5,205.5,101.0,4,28.5,34.0,39.0,C,8000,0,26.0,19.0,102,102,-8%,10,9,13,30,31,31,34.0,40.3,28.6,52.1,30.7,56.0,7.0,46.8,5.84,42.6,32.5,5.3,44.7,5.57,30.666666666666668,10.666666666666666,39.94,33.833333333333336,47.37228260869565
1,7,Lauri Markkanen,0.0,CHI,GS,-4.5,216.0,110.3,11,18.8,25.0,31.3,PF/C,5900,1,21.0,12.0,103,111,2%,11,10,11,29,29,29,24.9,27.6,17.0,38.1,36.1,31.8,5.4,34.8,5.89,29.5,31.0,5.0,32.15,5.445,29.0,10.666666666666666,27.95,25.03333333333333,34.36724137931034
3,0,Yogi Ferrell,0.0,SAC,SA,4.0,216.0,106.0,21,6.0,14.0,20.8,PG/SG,3600,1,19.0,14.0,103,111,7%,6,5,4,18,15,13,13.9,10.6,4.2,17.0,23.1,23.0,6.4,12.3,3.4,12.3,15.5,3.4,12.3,3.4,15.333333333333334,5.0,11.6,13.6,12.433695652173913
3,1,Alex Caruso,0.0,LAL,POR,-4.5,225.5,115.0,16,10.3,13.1,16.5,PG/SG,3100,1,13.0,9.0,105,108,1%,4,3,5,18,21,20,13.1,12.9,7.8,18.0,23.8,15.8,5.1,14.5,4.68,13.7,19.5,4.4,14.1,4.54,19.666666666666668,4.0,13.179999999999998,13.299999999999999,13.98050847457627
3,2,Mfiondu Kabengele,0.0,LAC,MIL,4.5,233.0,114.3,22,0.0,3.4,13.5,PF/C,3000,2,0.0,0.0,107,100,-3%,2,2,2,5,4,4,3.4,4.0,-1.4,9.4,9.4,9.5,3.2,12.3,4.08,0.0,0.0,0.0,6.15,2.04,4.333333333333333,2.0,4.3100000000000005,5.633333333333333,0.0
3,3,Pat Connaughton,0.0,MIL,LAC,-4.5,233.0,118.8,6,8.0,17.4,27.5,SG/SF,3700,1,13.0,13.0,105,103,-3%,4,3,5,18,20,18,17.4,15.3,7.2,23.4,21.1,20.0,5.4,14.5,3.92,12.3,15.0,3.3,13.4,3.61,18.666666666666668,4.0,15.34,17.633333333333333,10.767857142857142
3,4,Aaron Holiday,0.0,IND,DET,-2.0,211.5,106.8,12,2.5,7.5,18.3,PG/SG,3100,1,22.0,12.0,101,108,4%,7,6,9,19,16,21,7.5,18.4,5.6,31.2,15.6,8.5,2.7,13.3,4.27,12.0,14.0,3.9,12.65,4.085,18.666666666666668,7.333333333333333,15.069999999999999,9.433333333333334,9.487499999999999
3,5,Troy Brown,0.0,WAS,MIA,9.5,227.5,109.0,18,7.8,19.3,26.3,SG/SF,3800,0,16.0,13.0,103,102,-6%,5,6,7,20,19,21,19.3,18.8,11.1,26.5,23.6,18.8,4.9,18.3,4.8,18.0,21.5,4.7,18.15,4.75,20.0,6.0,18.77,17.8,19.51125
3,6,Nikola Jokic,0.0,DEN,BOS,3.5,205.5,101.0,4,28.5,34.0,39.0,C,8000,0,26.0,19.0,102,102,-8%,10,9,13,30,31,31,34.0,40.3,28.6,52.1,30.7,56.0,7.0,46.8,5.84,42.6,32.5,5.3,44.7,5.57,30.666666666666668,10.666666666666666,39.94,33.833333333333336,47.37228260869565
3,7,Devonte' Graham,0.0,CHA,BKN,3.5,218.5,107.5,26,34.3,45.0,63.3,PG,8300,1,27.0,18.0,106,107,10%,21,18,15,37,36,34,45.3,37.4,26.4,48.3,33.6,47.8,5.8,38.5,4.64,41.2,36.5,5.0,39.85,4.82,35.666666666666664,18.0,39.45,47.53333333333333,40.78107476635515
4,0,Kendrick Nunn,0.0,MIA,WAS,-9.5,227.5,118.5,23,17.3,20.6,24.5,PG/SG,4800,1,24.0,13.0,108,114,5%,14,14,14,33,29,29,20.6,26.3,17.4,35.2,29.6,25.8,5.4,28.5,5.94,29.9,32.5,6.2,29.2,6.07,30.333333333333332,14.0,25.74,20.8,31.285714285714285
4,1,Jamal Murray,0.0,DEN,BOS,3.5,205.5,101.0,2,23.8,32.8,41.3,PG/SG,6400,0,27.0,18.0,102,102,-11%,17,17,16,36,34,33,36.1,35.6,24.2,47.1,34.1,23.8,3.7,34.5,5.39,33.3,33.5,5.2,33.9,5.295,34.333333333333336,16.666666666666668,35.38,32.63333333333333,33.07718446601941
4,2,Danilo Gallinari,0.0,OKC,MIN,-3.5,217.0,110.3,26,23.0,34.5,44.8,SF/PF,6400,1,23.0,20.0,107,106,3%,14,13,13,32,30,30,34.5,31.1,24.4,37.9,36.9,40.8,6.4,32.5,5.08,34.3,32.0,5.4,33.4,5.24,30.666666666666668,13.333333333333334,32.260000000000005,34.1,34.85217391304347
4,3,Nassir Little,0.0,POR,LAL,4.5,225.5,110.5,13,3.5,6.5,11.5,SF/PF,3000,1,14.0,9.0,103,100,-11%,3,2,4,14,13,16,6.5,11.3,1.6,20.9,10.9,7.5,2.5,10.5,3.5,9.2,12.5,3.1,9.85,3.3,14.333333333333334,3.0,10.030000000000001,7.166666666666667,8.590116279069766
4,4,Javonte Green,0.0,BOS,DEN,-3.5,205.5,104.5,20,0.8,4.8,11.8,SG,3000,1,0.0,0.0,100,100,-9%,1,1,2,8,6,7,4.8,5.0,-0.2,10.3,12.0,9.3,3.1,12.3,4.08,0.0,0.0,0.0,6.15,2.04,7.0,1.3333333333333333,5.210000000000001,5.8,0.0
4,5,Davis Bertans,0.0,WAS,MIA,9.5,227.5,109.0,17,13.3,28.8,35.3,SF/PF,5700,0,16.0,16.0,103,102,-6%,16,11,10,39,32,29,28.8,25.9,17.1,34.6,32.6,41.0,7.2,28.0,4.91,30.8,35.5,5.4,29.4,5.155,33.333333333333336,12.333333333333334,27.160000000000004,25.8,31.310999999999996
4,6,Hassan Whiteside,0.0,POR,LAL,4.5,225.5,110.5,5,35.8,45.0,59.0,C,7700,1,21.0,25.0,103,100,-17%,11,11,10,30,27,28,45.0,37.9,27.9,48.0,32.1,41.5,5.4,34.8,4.51,37.7,29.0,4.9,36.25,4.705,28.333333333333332,10.666666666666666,39.010000000000005,46.6,37.102941176470594
4,7,Joe Harris,0.0,BKN,CHA,-3.5,218.5,111.0,25,24.8,32.1,36.8,SG/SF,5700,1,17.0,14.0,101,111,4%,14,14,12,30,31,32,32.1,25.9,17.0,34.9,30.5,35.8,6.3,26.0,4.56,27.1,31.5,4.8,26.55,4.68,31.0,13.333333333333334,27.290000000000003,31.233333333333334,26.97822580645161
5,0,Malcolm Brogdon,0.0,IND,DET,-2.0,211.5,106.8,12,27.5,37.0,43.0,PG/SG,7300,1,28.0,22.0,101,108,4%,13,15,15,32,34,33,37.1,40.6,32.0,49.2,32.4,36.3,5.0,36.8,5.03,37.4,33.0,5.1,37.099999999999994,5.0649999999999995,33.0,14.333333333333334,39.2,35.833333333333336,37.099999999999994
5,1,Malik Monk,0.0,CHA,BKN,3.5,218.5,107.5,26,9.0,14.3,21.8,PG/SG,3900,1,22.0,12.0,106,107,-1%,7,7,8,19,20,21,14.3,17.4,7.9,26.9,16.9,10.3,2.6,18.0,4.62,15.3,18.0,3.9,16.65,4.26,20.0,7.333333333333333,16.630000000000003,15.033333333333333,14.984999999999998
5,2,Kevon Looney,0.0,GS,CHI,4.5,216.0,105.8,18,7.3,12.5,19.3,PF/C,3400,1,0.0,0.0,105,105,-1%,6,5,5,14,13,13,12.0,12.0,8.1,15.9,7.8,3.3,1.0,15.3,4.49,14.3,15.0,4.2,14.8,4.345000000000001,13.333333333333334,5.333333333333333,12.559999999999999,13.033333333333333,16.650000000000002
5,3,Trevor Ariza,0.0,SAC,SA,4.0,216.0,106.0,6,0.8,11.5,26.0,SF/PF,3300,1,11.0,6.0,103,111,7%,7,5,5,24,21,23,13.4,12.7,5.1,20.3,28.8,25.0,7.6,17.3,5.23,13.3,19.5,4.0,15.3,4.615,22.666666666666668,5.666666666666667,13.360000000000003,12.766666666666666,13.162500000000001
5,4,Tomas Satoransky,0.0,CHI,GS,-4.5,216.0,110.3,29,23.8,31.6,41.8,PG/SG,6000,1,18.0,15.0,103,111,9%,10,10,8,33,32,27,31.6,25.7,15.5,35.9,32.3,18.5,3.1,29.3,4.88,28.8,31.0,4.8,29.05,4.84,30.666666666666668,9.333333333333334,27.55,32.4,29.365760869565218
5,5,Cedi Osman,0.0,CLE,ORL,3.5,210.0,103.3,10,11.5,24.0,33.0,SF/PF,3900,2,15.0,10.0,100,103,-10%,10,10,8,32,32,30,24.0,20.0,11.8,28.1,31.6,36.8,9.4,19.3,4.94,20.7,31.0,5.3,20.0,5.12,31.333333333333332,9.333333333333334,20.779999999999998,22.833333333333332,19.78723404255319
5,6,Jarrett Allen,0.0,BKN,CHA,-3.5,218.5,111.0,27,22.0,42.1,62.3,C,7200,1,15.0,23.0,101,111,6%,7,9,7,27,29,27,42.0,32.5,21.0,44.0,22.1,35.0,4.9,33.5,4.65,34.6,27.5,4.8,34.05,4.725,27.666666666666668,7.666666666666667,34.71,42.13333333333333,33.84487951807228
5,7,Thon Maker,0.0,DET,IND,2.0,211.5,104.8,3,2.0,5.2,8.8,PF/C,3000,1,13.0,12.0,101,102,4%,2,2,2,4,5,11,5.2,8.1,2.4,13.8,6.2,2.0,0.7,2.3,0.75,7.5,10.0,2.5,4.9,1.625,6.666666666666667,2.0,6.88,5.333333333333333,7.35
6,0,Draymond Green,0.0,GS,CHI,4.5,216.0,105.8,8,13.5,28.2,42.0,PG/SF,5900,1,18.0,13.0,105,105,14%,6,6,8,24,25,28,28.2,28.3,16.6,40.1,30.3,29.5,5.0,28.3,4.79,28.5,26.0,4.8,28.4,4.795,25.666666666666668,6.666666666666667,28.32,27.900000000000002,28.768831168831166
6,1,Langston Galloway,0.0,DET,IND,2.0,211.5,104.8,14,13.0,18.0,24.8,PG/SG,4100,1,16.0,15.0,101,102,2%,9,7,9,30,27,28,18.0,20.4,13.6,27.3,28.2,10.0,2.4,17.3,4.21,16.1,24.0,3.9,16.700000000000003,4.055,28.333333333333332,8.333333333333334,19.2,18.599999999999998,14.14588235294118
6,2,Jordan Bell,0.0,MIN,OKC,3.5,217.0,106.8,20,-0.3,5.5,19.8,PF/C,3000,1,0.0,0.0,101,106,-8%,1,1,2,4,6,8,5.5,8.3,0.4,16.1,20.9,21.3,7.1,5.3,1.75,0.0,0.0,0.0,2.65,0.875,6.0,1.3333333333333333,6.590000000000001,8.333333333333334,0.0
6,3,Danilo Gallinari,0.0,OKC,MIN,-3.5,217.0,110.3,26,23.0,34.5,44.8,SF/PF,6400,1,23.0,20.0,107,106,3%,14,13,13,32,30,30,34.5,31.1,24.4,37.9,36.9,40.8,6.4,32.5,5.08,34.3,32.0,5.4,33.4,5.24,30.666666666666668,13.333333333333334,32.260000000000005,34.1,34.85217391304347
6,4,Damian Lillard,0.0,POR,LAL,4.5,225.5,110.5,15,31.0,41.1,51.5,PG,8500,1,29.0,25.0,103,100,-2%,14,16,19,34,34,37,42.6,47.6,37.0,58.2,40.7,48.8,5.7,43.3,5.09,45.3,36.5,5.3,44.3,5.195,35.0,16.333333333333332,45.94,41.199999999999996,46.19857142857143
6,5,Skal Labissiere,0.0,POR,LAL,4.5,225.5,110.5,26,8.0,16.8,25.0,PF/C,3300,1,15.0,17.0,103,100,-11%,3,4,5,18,19,17,16.8,16.9,5.6,28.2,10.1,9.3,2.8,15.5,4.7,15.6,18.5,4.7,15.55,4.7,18.0,4.0,16.61,16.599999999999998,15.981944444444444
6,6,Daniel Gafford,0.0,CHI,GS,-4.5,216.0,110.3,9,5.8,8.6,14.5,C,3100,1,12.0,17.0,103,111,2%,2,2,2,13,12,10,8.6,8.1,-0.7,17.0,13.0,9.3,3.0,13.5,4.35,12.8,15.0,4.1,13.15,4.225,11.666666666666666,2.0,9.23,9.633333333333333,16.90714285714286
6,7,Terrence Ross,0.0,ORL,CLE,-3.5,210.0,106.8,29,15.0,24.7,31.8,SG/SF,5300,1,23.0,13.0,102,111,4%,11,12,11,20,24,24,24.7,20.6,14.2,27.0,26.6,29.3,5.5,22.5,4.25,22.0,24.5,4.2,22.25,4.225,22.666666666666668,11.333333333333334,21.75,23.833333333333332,24.049632352941174
7,0,Jamal Murray,0.0,DEN,BOS,3.5,205.5,101.0,2,23.8,32.8,41.3,PG/SG,6400,0,27.0,18.0,102,102,-11%,17,17,16,36,34,33,36.1,35.6,24.2,47.1,34.1,23.8,3.7,34.5,5.39,33.3,33.5,5.2,33.9,5.295,34.333333333333336,16.666666666666668,35.38,32.63333333333333,33.07718446601941
7,1,Jaylen Brown,0.0,BOS,DEN,-3.5,205.5,104.5,20,19.5,36.3,47.0,SG/SF,6800,1,23.0,19.0,100,100,-3%,19,15,16,35,34,34,36.3,36.1,26.1,46.0,32.8,33.8,5.0,33.3,4.89,33.8,34.5,5.0,33.55,4.945,34.333333333333336,16.666666666666668,35.61,34.266666666666666,33.7128640776699
7,2,T.J. Warren,0.0,IND,DET,-2.0,211.5,106.8,11,23.0,29.7,38.0,SF/PF,5600,1,21.0,15.0,101,108,-1%,12,14,15,30,32,34,29.6,27.4,16.6,38.3,30.0,28.8,5.1,27.5,4.91,26.5,32.5,4.7,27.0,4.805,32.0,13.666666666666666,27.78,30.233333333333334,27.421875
7,3,LeBron James,0.0,LAL,POR,-4.5,225.5,115.0,16,44.5,50.4,57.8,PG/SF,10100,1,34.0,27.0,105,108,8%,20,20,20,33,35,35,52.8,55.1,42.8,67.5,33.8,54.3,5.4,52.5,5.2,54.7,35.5,5.4,53.6,5.300000000000001,34.333333333333336,20.0,54.36,50.9,55.42135922330097
7,4,Tony Snell,0.0,DET,IND,2.0,211.5,104.8,3,3.8,9.3,17.0,SG/SF,3300,1,12.0,10.0,101,102,2%,4,4,7,24,21,27,9.3,14.9,7.7,22.1,25.9,8.0,2.4,14.3,4.32,13.0,25.0,3.9,13.65,4.11,24.0,5.0,13.530000000000001,10.033333333333333,14.21875
7,5,Josh Okogie,0.0,MIN,OKC,3.5,217.0,106.8,28,11.0,16.4,26.0,SG/SF,3700,1,16.0,13.0,101,106,-7%,6,5,6,23,22,24,16.4,20.3,12.9,27.8,33.0,16.8,4.5,17.3,4.66,20.3,28.0,5.5,18.8,5.08,23.0,5.666666666666667,19.240000000000002,17.8,22.886956521739133
7,6,Brook Lopez,0.0,MIL,LAC,-4.5,233.0,118.8,21,20.0,23.1,26.3,C,5200,1,16.0,14.0,105,103,5%,6,7,9,22,25,27,23.1,26.2,16.2,36.2,24.7,15.8,3.0,24.8,4.76,26.8,26.5,5.2,25.8,4.98,24.666666666666668,7.333333333333333,25.5,23.133333333333336,27.717567567567567
7,7,Terrence Ross,0.0,ORL,CLE,-3.5,210.0,106.8,29,15.0,24.7,31.8,SG/SF,5300,1,23.0,13.0,102,111,4%,11,12,11,20,24,24,24.7,20.6,14.2,27.0,26.6,29.3,5.5,22.5,4.25,22.0,24.5,4.2,22.25,4.225,22.666666666666668,11.333333333333334,21.75,23.833333333333332,24.049632352941174
8,0,Dennis Schroder,0.0,OKC,MIN,-3.5,217.0,110.3,27,16.8,27.7,38.0,PG/SG,5700,1,27.0,14.0,107,106,9%,15,16,14,24,28,29,27.6,27.6,16.7,38.5,39.0,34.0,6.0,32.5,5.7,31.9,32.5,5.6,32.2,5.65,27.0,15.0,28.520000000000003,27.5,38.75925925925926
8,1,Lou Williams,0.0,LAC,MIL,4.5,233.0,114.3,5,21.0,33.4,49.8,PG/SG,6400,2,31.0,19.0,107,100,-3%,12,13,16,24,28,31,33.4,35.8,26.1,45.4,23.2,14.8,2.3,29.8,4.65,33.0,30.5,5.2,31.4,4.925000000000001,27.666666666666668,13.666666666666666,34.42,34.73333333333333,34.61566265060241
8,2,Omari Spellman,0.0,GS,CHI,4.5,216.0,105.8,18,12.0,23.5,39.8,PF/C,4000,1,20.0,17.0,105,105,14%,7,8,7,21,21,19,23.4,19.9,11.8,27.9,12.1,9.3,2.3,19.3,4.81,11.7,12.0,2.9,15.5,3.8549999999999995,20.333333333333332,7.333333333333333,19.699999999999996,25.099999999999998,9.147540983606557
8,3,Doug McDermott,0.0,IND,DET,-2.0,211.5,106.8,11,6.5,10.4,17.5,SF/PF,3000,1,18.0,11.0,101,108,-1%,7,6,7,19,18,21,10.8,14.6,6.8,22.4,15.9,21.5,7.2,12.0,4.0,11.7,17.0,3.9,11.85,3.95,19.333333333333332,6.666666666666667,13.289999999999997,11.466666666666667,10.419827586206898
8,4,Danny Green,0.0,LAL,POR,-4.5,225.5,115.0,7,7.0,15.6,24.8,SG/SF,3800,1,14.0,11.0,105,108,1%,8,7,7,26,24,26,15.6,18.4,9.6,27.3,21.1,16.3,4.3,18.8,4.93,18.4,26.5,4.8,18.6,4.865,25.333333333333332,7.333333333333333,17.9,15.800000000000002,19.456578947368424
8,5,Khris Middleton,0.0,MIL,LAC,-4.5,233.0,118.8,6,24.0,29.6,37.5,SG/SF,6300,1,25.0,20.0,105,103,-8%,11,12,13,22,20,27,29.6,31.2,24.1,38.2,25.5,35.0,5.6,32.8,5.2,33.0,29.0,5.2,32.9,5.2,23.0,12.0,31.2,30.366666666666664,41.482608695652175
8,6,DeAndre Jordan,0.0,BKN,CHA,-3.5,218.5,111.0,27,15.3,23.1,29.5,C,5100,1,14.0,21.0,101,111,6%,5,5,5,21,20,21,23.1,25.0,14.7,35.2,25.9,41.8,8.2,24.3,4.75,25.4,20.0,5.0,24.85,4.875,20.666666666666668,5.0,24.570000000000004,22.633333333333336,24.048387096774192
8,7,Duncan Robinson,0.0,MIA,WAS,-9.5,227.5,118.5,15,21.3,24.9,30.5,SG/SF,4600,1,15.0,13.0,108,114,5%,10,8,8,28,26,27,24.9,20.1,10.8,29.4,41.6,13.0,2.8,21.3,4.62,22.6,30.5,4.9,21.950000000000003,4.76,27.0,8.666666666666666,21.43,25.566666666666666,24.795370370370375
9,0,Spencer Dinwiddie,0.0,BKN,CHA,-3.5,218.5,111.0,10,38.3,46.4,65.3,PG/SG,8200,1,31.0,20.0,101,111,-3%,22,21,16,34,33,29,46.3,35.7,23.2,48.2,32.9,38.5,4.7,40.8,4.97,41.4,34.0,5.0,41.099999999999994,4.984999999999999,32.0,19.666666666666668,38.89999999999999,50.0,43.668749999999996
9,1,Javonte Green,0.0,BOS,DEN,-3.5,205.5,104.5,20,0.8,4.8,11.8,SG,3000,1,0.0,0.0,100,100,-9%,1,1,2,8,6,7,4.8,5.0,-0.2,10.3,12.0,9.3,3.1,12.3,4.08,0.0,0.0,0.0,6.15,2.04,7.0,1.3333333333333333,5.210000000000001,5.8,0.0
9,2,Christian Wood,0.0,DET,IND,2.0,211.5,104.8,3,7.0,19.4,49.0,PF/C,4200,1,20.0,25.0,101,102,-9%,5,6,5,17,15,15,19.4,18.0,4.4,31.5,17.0,17.0,4.0,15.0,3.57,18.7,17.0,4.5,16.85,4.035,15.666666666666666,5.333333333333333,18.03,25.133333333333336,18.28404255319149
9,3,Carmelo Anthony,0.0,POR,LAL,4.5,225.5,110.5,13,19.5,32.3,46.8,SF/PF,5800,1,23.0,14.0,103,100,-11%,13,14,15,32,32,31,32.3,28.6,17.5,39.7,34.5,24.8,4.3,25.8,4.44,28.3,33.5,4.9,27.05,4.67,31.666666666666668,14.0,29.03,32.86666666666667,28.616052631578945
9,4,Jamal Murray,0.0,DEN,BOS,3.5,205.5,101.0,2,23.8,32.8,41.3,PG/SG,6400,0,27.0,18.0,102,102,-11%,17,17,16,36,34,33,36.1,35.6,24.2,47.1,34.1,23.8,3.7,34.5,5.39,33.3,33.5,5.2,33.9,5.295,34.333333333333336,16.666666666666668,35.38,32.63333333333333,33.07718446601941
9,5,Jayson Tatum,0.0,BOS,DEN,-3.5,205.5,104.5,8,30.5,41.1,58.0,SF/PF,7600,1,28.0,17.0,100,100,-8%,22,19,19,36,36,35,41.1,38.0,28.9,47.1,29.9,45.8,6.0,35.3,4.64,37.5,34.5,4.9,36.4,4.77,35.666666666666664,20.0,38.3,43.199999999999996,35.209345794392526
9,6,Daniel Theis,0.0,BOS,DEN,-3.5,205.5,104.5,24,5.8,18.2,31.0,PF/C,4300,1,14.0,15.0,100,100,-9%,3,6,5,22,24,23,24.8,22.1,13.5,30.7,14.6,12.8,3.0,19.8,4.59,21.0,22.0,4.9,20.4,4.745,23.0,4.666666666666667,22.3,18.333333333333332,19.51304347826087
9,7,Danilo Gallinari,0.0,OKC,MIN,-3.5,217.0,110.3,26,23.0,34.5,44.8,SF/PF,6400,1,23.0,20.0,107,106,3%,14,13,13,32,30,30,34.5,31.1,24.4,37.9,36.9,40.8,6.4,32.5,5.08,34.3,32.0,5.4,33.4,5.24,30.666666666666668,13.333333333333334,32.260000000000005,34.1,34.85217391304347
10,0,Dejounte Murray,0.0,SA,SAC,-4.0,216.0,110.0,24,15.8,18.9,23.8,PG,4600,2,23.0,17.0,100,108,-5%,7,7,8,20,21,22,19.1,26.1,15.8,36.4,31.7,31.3,6.8,21.5,4.67,22.8,21.0,5.0,22.15,4.835,21.0,7.333333333333333,23.909999999999997,19.5,22.150000000000002
10,1,Kent Bazemore,0.0,POR,LAL,4.5,225.5,110.5,5,7.3,19.4,27.5,SG/SF,4000,1,18.0,10.0,103,100,2%,8,5,7,21,20,22,19.4,19.2,11.3,27.0,25.0,11.5,2.9,18.8,4.69,16.2,20.5,4.0,17.5,4.345000000000001,21.0,6.666666666666667,18.88,18.066666666666666,17.083333333333336
10,2,Giannis Antetokounmpo,0.0,MIL,LAC,-4.5,233.0,118.8,3,45.3,53.5,60.0,SF/PF,11300,1,38.0,34.0,105,103,-10%,18,23,20,25,31,32,61.1,62.6,51.2,74.1,26.4,46.8,4.1,61.8,5.46,64.0,34.0,5.7,62.9,5.58,29.333333333333332,20.333333333333332,62.379999999999995,52.93333333333334,72.90681818181818
10,3,Glenn Robinson III,0.0,GS,CHI,4.5,216.0,105.8,10,9.5,17.0,27.3,SG/SF,4500,1,15.0,12.0,105,105,-1%,11,12,10,32,33,33,16.8,22.8,13.9,31.6,34.0,32.8,7.3,20.8,4.61,21.4,31.5,4.8,21.1,4.705,32.666666666666664,11.0,21.240000000000002,17.933333333333334,20.346428571428575
10,4,Nicolas Batum,0.0,CHA,BKN,3.5,218.5,107.5,16,6.0,14.9,26.0,SG/SF,3500,1,11.0,10.0,106,107,-1%,2,4,3,18,21,22,14.7,16.0,8.7,23.3,33.1,16.5,4.7,16.3,4.64,14.7,19.5,4.2,15.5,4.42,20.333333333333332,3.0,15.64,15.633333333333333,14.864754098360658
10,5,Derrick Jones Jr.,0.0,MIA,WAS,-9.5,227.5,118.5,29,3.5,11.8,19.0,SF/PF,3100,1,0.0,0.0,108,114,11%,2,3,3,11,10,11,8.0,9.1,2.4,15.8,26.7,19.3,6.2,6.0,1.94,13.9,16.0,4.5,9.95,3.2199999999999998,10.666666666666666,2.6666666666666665,9.05,11.433333333333332,14.924999999999999
10,6,Brook Lopez,0.0,MIL,LAC,-4.5,233.0,118.8,21,20.0,23.1,26.3,C,5200,1,16.0,14.0,105,103,5%,6,7,9,22,25,27,23.1,26.2,16.2,36.2,24.7,15.8,3.0,24.8,4.76,26.8,26.5,5.2,25.8,4.98,24.666666666666668,7.333333333333333,25.5,23.133333333333336,27.717567567567567
10,7,Pat Connaughton,0.0,MIL,LAC,-4.5,233.0,118.8,6,8.0,17.4,27.5,SG/SF,3700,1,13.0,13.0,105,103,-3%,4,3,5,18,20,18,17.4,15.3,7.2,23.4,21.1,20.0,5.4,14.5,3.92,12.3,15.0,3.3,13.4,3.61,18.666666666666668,4.0,15.34,17.633333333333333,10.767857142857142
11,0,Patrick Beverley,0.0,LAC,MIL,4.5,233.0,114.3,5,15.0,23.3,36.8,PG/SG,4800,2,14.0,10.0,107,100,6%,4,6,7,26,29,30,23.3,24.3,13.2,35.4,29.9,14.5,3.0,22.8,4.74,24.4,31.0,5.1,23.6,4.92,28.333333333333332,5.666666666666667,23.96,25.03333333333333,25.821176470588238
11,1,Tony Snell,0.0,DET,IND,2.0,211.5,104.8,3,3.8,9.3,17.0,SG/SF,3300,1,12.0,10.0,101,102,2%,4,4,7,24,21,27,9.3,14.9,7.7,22.1,25.9,8.0,2.4,14.3,4.32,13.0,25.0,3.9,13.65,4.11,24.0,5.0,13.530000000000001,10.033333333333333,14.21875
11,2,Thon Maker,0.0,DET,IND,2.0,211.5,104.8,3,2.0,5.2,8.8,PF/C,3000,1,13.0,12.0,101,102,4%,2,2,2,4,5,11,5.2,8.1,2.4,13.8,6.2,2.0,0.7,2.3,0.75,7.5,10.0,2.5,4.9,1.625,6.666666666666667,2.0,6.88,5.333333333333333,7.35
11,3,Garrett Temple,0.0,BKN,CHA,-3.5,218.5,111.0,25,21.3,30.1,38.5,SG/SF,5800,1,15.0,12.0,101,111,-4%,14,11,8,34,35,27,30.1,21.0,11.0,31.0,32.9,19.5,3.4,24.3,4.18,25.8,34.5,4.4,25.05,4.29,32.0,11.0,23.63,29.96666666666667,27.00703125
11,4,Donte DiVincenzo,0.0,MIL,LAC,-4.5,233.0,118.8,20,19.0,21.7,25.3,PG/SF,4100,1,18.0,14.0,105,103,-3%,8,8,8,21,23,22,21.6,20.7,12.2,29.2,22.1,26.3,6.4,15.0,3.66,16.3,20.0,4.0,15.65,3.83,22.0,8.0,19.87,22.0,14.227272727272728
11,5,Giannis Antetokounmpo,0.0,MIL,LAC,-4.5,233.0,118.8,3,45.3,53.5,60.0,SF/PF,11300,1,38.0,34.0,105,103,-10%,18,23,20,25,31,32,61.1,62.6,51.2,74.1,26.4,46.8,4.1,61.8,5.46,64.0,34.0,5.7,62.9,5.58,29.333333333333332,20.333333333333332,62.379999999999995,52.93333333333334,72.90681818181818
11,6,Andre Drummond,0.0,DET,IND,2.0,211.5,104.8,30,38.0,51.1,58.5,C,9400,1,25.0,23.0,101,102,4%,16,13,14,32,33,34,51.1,49.7,37.1,62.3,40.9,65.0,6.9,47.0,5.0,49.6,34.5,5.3,48.3,5.15,33.0,14.333333333333334,49.7,49.199999999999996,50.49545454545454
11,7,Lauri Markkanen,0.0,CHI,GS,-4.5,216.0,110.3,11,18.8,25.0,31.3,PF/C,5900,1,21.0,12.0,103,111,2%,11,10,11,29,29,29,24.9,27.6,17.0,38.1,36.1,31.8,5.4,34.8,5.89,29.5,31.0,5.0,32.15,5.445,29.0,10.666666666666666,27.95,25.03333333333333,34.36724137931034
12,0,Brad Wanamaker,0.0,BOS,DEN,-3.5,205.5,104.5,3,9.3,18.6,28.0,PG/SG,4000,1,19.0,17.0,100,100,-8%,6,7,5,19,19,18,18.6,16.1,8.4,23.8,19.4,14.3,3.6,14.3,3.56,15.1,17.5,3.8,14.7,3.6799999999999997,18.666666666666668,6.0,16.32,18.633333333333336,13.781249999999998
12,1,Rodney Hood,0.0,POR,LAL,4.5,225.5,110.5,5,7.3,21.0,30.5,SG/SF,4300,1,14.0,13.0,103,100,2%,8,9,9,31,31,32,21.0,21.6,14.0,29.2,8.6,6.0,1.4,21.0,4.88,20.2,32.5,4.7,20.6,4.79,31.333333333333332,8.666666666666666,21.28,19.599999999999998,21.36702127659575
12,2,Moe Harkless,0.0,LAC,MIL,4.5,233.0,114.3,14,2.8,13.2,23.0,SF/PF,3100,2,11.0,9.0,107,100,-16%,3,3,5,23,23,23,13.2,14.3,7.7,20.9,21.8,13.8,4.5,14.3,4.6,14.4,23.5,4.6,14.350000000000001,4.6,23.0,3.6666666666666665,14.09,13.0,14.661956521739132
12,3,Aaron Gordon,0.0,ORL,CLE,-3.5,210.0,106.8,9,4.5,28.2,49.8,SF/PF,6900,1,21.0,15.0,102,111,2%,15,14,12,33,33,32,32.8,30.5,21.0,39.9,31.3,26.3,3.8,33.8,4.89,30.8,32.0,4.5,32.3,4.695,32.666666666666664,13.666666666666666,31.3,27.5,31.64081632653061
12,4,Draymond Green,0.0,GS,CHI,4.5,216.0,105.8,8,13.5,28.2,42.0,PG/SF,5900,1,18.0,13.0,105,105,14%,6,6,8,24,25,28,28.2,28.3,16.6,40.1,30.3,29.5,5.0,28.3,4.79,28.5,26.0,4.8,28.4,4.795,25.666666666666668,6.666666666666667,28.32,27.900000000000002,28.768831168831166
12,5,Buddy Hield,0.0,SAC,SA,4.0,216.0,106.0,27,35.5,44.2,55.8,SG/SF,7600,1,28.0,15.0,103,111,3%,23,23,19,40,40,35,44.5,35.5,25.1,45.9,39.1,34.3,4.5,38.3,5.03,40.3,36.5,5.3,39.3,5.165,38.333333333333336,21.666666666666668,38.06,45.166666666666664,37.42043478260869
12,6,Nerlens Noel,0.0,OKC,MIN,-3.5,217.0,110.3,20,15.0,19.9,24.3,C,4100,1,16.0,21.0,107,106,-1%,5,5,5,19,20,19,19.9,21.3,12.3,30.3,16.6,12.3,3.0,21.8,5.3,20.3,19.5,5.0,21.05,5.15,19.333333333333332,5.0,20.97,19.733333333333334,21.231465517241382
12,7,PJ Washington,0.0,CHA,BKN,3.5,218.5,107.5,4,14.8,25.8,45.8,PF/C,5000,1,17.0,15.0,106,107,1%,9,10,9,26,28,29,25.8,24.8,15.9,33.6,34.7,28.8,5.8,25.8,5.15,23.9,28.5,4.8,24.85,4.975,27.666666666666668,9.333333333333334,24.990000000000002,28.8,25.598493975903615
14,0,Malik Beasley,0.0,DEN,BOS,3.5,205.5,101.0,2,6.0,14.8,19.0,PG/SG,3100,0,21.0,9.0,102,102,-3%,10,7,7,19,17,16,14.8,11.8,4.4,19.3,15.2,2.0,0.6,11.8,3.79,11.8,16.5,3.8,11.8,3.795,17.333333333333332,8.0,12.420000000000002,13.266666666666666,11.232692307692309
14,1,Jaylen Brown,0.0,BOS,DEN,-3.5,205.5,104.5,20,19.5,36.3,47.0,SG/SF,6800,1,23.0,19.0,100,100,-3%,19,15,16,35,34,34,36.3,36.1,26.1,46.0,32.8,33.8,5.0,33.3,4.89,33.8,34.5,5.0,33.55,4.945,34.333333333333336,16.666666666666668,35.61,34.266666666666666,33.7128640776699
14,2,Jordan Bell,0.0,MIN,OKC,3.5,217.0,106.8,20,-0.3,5.5,19.8,PF/C,3000,1,0.0,0.0,101,106,-8%,1,1,2,4,6,8,5.5,8.3,0.4,16.1,20.9,21.3,7.1,5.3,1.75,0.0,0.0,0.0,2.65,0.875,6.0,1.3333333333333333,6.590000000000001,8.333333333333334,0.0
14,3,Terance Mann,0.0,LAC,MIL,4.5,233.0,114.3,2,0.0,7.6,13.8,SG/SF,3000,2,15.0,11.0,107,100,6%,5,3,2,13,9,9,7.5,6.5,-2.1,15.2,10.1,4.8,1.6,13.0,4.33,0.0,0.0,0.0,6.5,2.165,10.333333333333334,3.3333333333333335,6.719999999999999,7.133333333333333,0.0
14,4,Pat Connaughton,0.0,MIL,LAC,-4.5,233.0,118.8,6,8.0,17.4,27.5,SG/SF,3700,1,13.0,13.0,105,103,-3%,4,3,5,18,20,18,17.4,15.3,7.2,23.4,21.1,20.0,5.4,14.5,3.92,12.3,15.0,3.3,13.4,3.61,18.666666666666668,4.0,15.34,17.633333333333333,10.767857142857142
14,5,Trey Lyles,0.0,SA,SAC,-4.0,216.0,110.0,17,5.3,16.5,28.8,PF/C,4200,2,12.0,13.0,100,108,-14%,7,5,4,18,15,18,16.4,16.0,8.9,23.1,14.8,8.0,1.9,14.3,3.39,11.4,14.5,2.7,12.850000000000001,3.045,17.0,5.333333333333333,15.45,16.866666666666667,10.96029411764706
14,6,Moritz Wagner,0.0,WAS,MIA,9.5,227.5,109.0,8,20.5,24.3,32.3,PF/C,5000,0,22.0,20.0,103,102,2%,8,8,8,24,22,20,24.3,23.3,13.5,33.2,30.6,35.3,7.1,24.0,4.8,29.3,28.5,5.9,26.65,5.35,22.0,8.0,24.190000000000005,25.7,34.52386363636363
14,7,Abdel Nader,0.0,OKC,MIN,-3.5,217.0,110.3,28,5.0,15.8,28.5,PF,3100,1,19.0,13.0,107,106,3%,5,7,5,16,17,14,15.8,11.0,2.8,19.3,30.2,10.0,3.2,16.8,5.4,20.0,27.5,6.5,18.4,5.95,15.666666666666666,5.666666666666667,13.459999999999999,16.433333333333334,32.29787234042553
16,0,Langston Galloway,0.0,DET,IND,2.0,211.5,104.8,14,13.0,18.0,24.8,PG/SG,4100,1,16.0,15.0,101,102,2%,9,7,9,30,27,28,18.0,20.4,13.6,27.3,28.2,10.0,2.4,17.3,4.21,16.1,24.0,3.9,16.700000000000003,4.055,28.333333333333332,8.333333333333334,19.2,18.599999999999998,14.14588235294118
16,1,Tyler Herro,0.0,MIA,WAS,-9.5,227.5,118.5,15,5.3,18.7,39.5,SG,4100,1,21.0,12.0,108,114,5%,8,10,11,19,24,29,18.6,23.7,14.1,33.3,32.0,38.3,9.3,19.5,4.76,26.4,28.0,6.4,22.95,5.58,24.0,9.666666666666666,22.529999999999998,21.166666666666668,26.775
16,2,Treveon Graham,0.0,MIN,OKC,3.5,217.0,106.8,15,6.0,12.1,15.5,SF/PF,3000,1,14.0,7.0,101,106,3%,5,6,7,17,18,24,12.1,14.4,7.9,20.9,14.4,7.3,2.4,8.8,2.92,13.5,22.0,4.5,11.15,3.71,19.666666666666668,6.0,13.290000000000001,11.200000000000001,12.472881355932204
16,3,Duncan Robinson,0.0,MIA,WAS,-9.5,227.5,118.5,15,21.3,24.9,30.5,SG/SF,4600,1,15.0,13.0,108,114,5%,10,8,8,28,26,27,24.9,20.1,10.8,29.4,41.6,13.0,2.8,21.3,4.62,22.6,30.5,4.9,21.950000000000003,4.76,27.0,8.666666666666666,21.43,25.566666666666666,24.795370370370375
16,4,Jaylen Brown,0.0,BOS,DEN,-3.5,205.5,104.5,20,19.5,36.3,47.0,SG/SF,6800,1,23.0,19.0,100,100,-3%,19,15,16,35,34,34,36.3,36.1,26.1,46.0,32.8,33.8,5.0,33.3,4.89,33.8,34.5,5.0,33.55,4.945,34.333333333333336,16.666666666666668,35.61,34.266666666666666,33.7128640776699
16,5,LeBron James,0.0,LAL,POR,-4.5,225.5,115.0,16,44.5,50.4,57.8,PG/SF,10100,1,34.0,27.0,105,108,8%,20,20,20,33,35,35,52.8,55.1,42.8,67.5,33.8,54.3,5.4,52.5,5.2,54.7,35.5,5.4,53.6,5.300000000000001,34.333333333333336,20.0,54.36,50.9,55.42135922330097
16,6,Nerlens Noel,0.0,OKC,MIN,-3.5,217.0,110.3,20,15.0,19.9,24.3,C,4100,1,16.0,21.0,107,106,-1%,5,5,5,19,20,19,19.9,21.3,12.3,30.3,16.6,12.3,3.0,21.8,5.3,20.3,19.5,5.0,21.05,5.15,19.333333333333332,5.0,20.97,19.733333333333334,21.231465517241382
16,7,Kelly Olynyk,0.0,MIA,WAS,-9.5,227.5,118.5,15,0.0,20.5,32.0,PF/C,4600,1,16.0,14.0,108,114,13%,10,9,7,32,29,25,28.9,22.0,13.0,31.0,17.0,13.8,3.0,27.0,5.87,24.9,26.5,5.4,25.95,5.635,28.666666666666668,8.666666666666666,24.17,17.5,23.988662790697674
17,0,Brad Wanamaker,0.0,BOS,DEN,-3.5,205.5,104.5,3,9.3,18.6,28.0,PG/SG,4000,1,19.0,17.0,100,100,-8%,6,7,5,19,19,18,18.6,16.1,8.4,23.8,19.4,14.3,3.6,14.3,3.56,15.1,17.5,3.8,14.7,3.6799999999999997,18.666666666666668,6.0,16.32,18.633333333333336,13.781249999999998
17,1,Jaylen Brown,0.0,BOS,DEN,-3.5,205.5,104.5,20,19.5,36.3,47.0,SG/SF,6800,1,23.0,19.0,100,100,-3%,19,15,16,35,34,34,36.3,36.1,26.1,46.0,32.8,33.8,5.0,33.3,4.89,33.8,34.5,5.0,33.55,4.945,34.333333333333336,16.666666666666668,35.61,34.266666666666666,33.7128640776699
17,2,Jonathan Isaac,0.0,ORL,CLE,-3.5,210.0,106.8,9,19.0,28.6,39.8,SF/PF,6400,1,18.0,18.0,102,111,2%,11,12,11,33,31,31,28.6,32.2,21.2,43.1,33.0,26.0,4.1,31.8,4.96,34.3,33.0,5.4,33.05,5.18,31.666666666666668,11.333333333333334,31.630000000000003,29.133333333333336,34.44157894736842
17,3,Danilo Gallinari,0.0,OKC,MIN,-3.5,217.0,110.3,26,23.0,34.5,44.8,SF/PF,6400,1,23.0,20.0,107,106,3%,14,13,13,32,30,30,34.5,31.1,24.4,37.9,36.9,40.8,6.4,32.5,5.08,34.3,32.0,5.4,33.4,5.24,30.666666666666668,13.333333333333334,32.260000000000005,34.1,34.85217391304347
17,4,Jeremy Lamb,0.0,IND,DET,-2.0,211.5,106.8,13,22.8,30.1,39.5,SG/SF,6100,1,21.0,17.0,101,108,-6%,11,12,13,32,34,33,30.1,31.1,24.4,37.7,33.8,28.8,4.7,30.5,5.0,28.9,31.5,4.7,29.7,4.85,33.0,12.0,30.6,30.8,28.35
17,5,Taurean Prince,0.0,BKN,CHA,-3.5,218.5,111.0,7,15.3,29.7,42.5,SF/PF,6500,1,20.0,11.0,101,111,4%,15,14,12,31,32,31,29.7,28.0,16.8,39.1,32.0,31.8,4.9,27.5,4.23,30.3,31.0,4.7,28.9,4.465,31.333333333333332,13.666666666666666,28.5,29.166666666666668,28.592553191489362
17,6,Chris Silva,0.0,MIA,WAS,-9.5,227.5,118.5,28,1.3,14.4,25.0,C,3100,1,17.0,18.0,108,114,13%,1,3,2,6,13,10,13.9,11.4,3.5,19.4,6.2,4.0,1.3,8.5,2.74,0.0,0.0,0.0,4.25,1.37,9.666666666666666,2.0,10.49,13.566666666666668,0.0
17,7,Gorgui Dieng,0.0,MIN,OKC,3.5,217.0,106.8,13,2.0,14.5,24.3,C,3300,1,18.0,19.0,101,106,3%,3,4,4,12,13,13,14.4,15.7,5.4,26.0,15.3,8.8,2.7,15.3,4.62,15.3,13.5,4.6,15.3,4.609999999999999,12.666666666666666,3.6666666666666665,15.36,13.6,16.306578947368422
18,0,Terry Rozier,0.0,CHA,BKN,3.5,218.5,107.5,26,24.0,35.6,51.8,PG/SG,7100,1,25.0,16.0,106,107,10%,15,15,15,35,34,33,35.6,32.3,21.9,42.7,35.6,37.5,5.3,34.3,4.82,35.0,34.0,4.9,34.65,4.86,34.0,15.0,33.43,37.13333333333333,34.65
18,1,Kendrick Nunn,0.0,MIA,WAS,-9.5,227.5,118.5,23,17.3,20.6,24.5,PG/SG,4800,1,24.0,13.0,108,114,5%,14,14,14,33,29,29,20.6,26.3,17.4,35.2,29.6,25.8,5.4,28.5,5.94,29.9,32.5,6.2,29.2,6.07,30.333333333333332,14.0,25.74,20.8,31.285714285714285
18,2,Blake Griffin,0.0,DET,IND,2.0,211.5,104.8,3,20.5,30.6,38.0,PF,6700,1,30.0,17.0,101,102,-9%,15,15,15,27,28,29,30.6,31.0,25.6,36.4,31.9,42.8,6.4,35.3,5.26,34.9,32.0,5.2,35.099999999999994,5.23,28.0,15.0,31.74,29.7,40.11428571428571
18,3,Terrence Ross,0.0,ORL,CLE,-3.5,210.0,106.8,29,15.0,24.7,31.8,SG/SF,5300,1,23.0,13.0,102,111,4%,11,12,11,20,24,24,24.7,20.6,14.2,27.0,26.6,29.3,5.5,22.5,4.25,22.0,24.5,4.2,22.25,4.225,22.666666666666668,11.333333333333334,21.75,23.833333333333332,24.049632352941174
18,4,T.J. McConnell,0.0,IND,DET,-2.0,211.5,106.8,12,9.5,15.1,25.0,PG,3400,1,23.0,17.0,101,108,4%,6,6,6,16,15,17,15.1,18.2,10.2,26.2,12.3,5.3,1.6,15.8,4.63,15.1,16.0,4.4,15.45,4.515000000000001,16.0,6.0,17.03,16.533333333333335,15.45
18,5,Jayson Tatum,0.0,BOS,DEN,-3.5,205.5,104.5,8,30.5,41.1,58.0,SF/PF,7600,1,28.0,17.0,100,100,-8%,22,19,19,36,36,35,41.1,38.0,28.9,47.1,29.9,45.8,6.0,35.3,4.64,37.5,34.5,4.9,36.4,4.77,35.666666666666664,20.0,38.3,43.199999999999996,35.209345794392526
18,6,Meyers Leonard,0.0,MIA,WAS,-9.5,227.5,118.5,15,8.8,15.3,22.0,PF/C,3100,1,12.0,12.0,108,114,13%,4,4,4,19,17,19,14.8,14.6,4.8,24.3,13.9,13.3,4.3,14.5,4.68,15.4,18.0,5.0,14.95,4.84,18.333333333333332,4.0,14.690000000000001,15.366666666666667,14.678181818181818
18,7,JaVale McGee,0.0,LAL,POR,-4.5,225.5,115.0,1,13.0,21.2,37.8,C,4000,1,17.0,21.0,105,108,8%,7,6,5,14,16,17,21.1,19.3,8.2,30.5,15.4,20.8,5.2,19.0,4.75,17.6,15.0,4.4,18.3,4.575,15.666666666666666,6.0,19.48,24.0,17.521276595744684
20,0,Derrick Rose,0.0,DET,IND,2.0,211.5,104.8,14,25.5,28.8,32.5,PG/SG,5400,1,32.0,22.0,101,102,-4%,14,12,13,24,23,23,28.8,28.4,20.4,36.5,25.7,30.0,5.6,26.8,4.95,26.1,24.5,4.8,26.450000000000003,4.875,23.333333333333332,13.0,28.110000000000003,28.933333333333334,27.7725
20,1,Justin Holiday,0.0,IND,DET,-2.0,211.5,106.8,13,10.0,20.9,28.0,SG/SF,4200,1,13.0,13.0,101,108,-6%,8,6,7,29,26,25,20.9,19.2,11.1,27.2,24.9,13.3,3.2,20.5,4.88,16.9,25.0,4.0,18.7,4.4399999999999995,26.666666666666668,7.0,19.419999999999998,19.633333333333333,17.53125
20,2,Giannis Antetokounmpo,0.0,MIL,LAC,-4.5,233.0,118.8,3,45.3,53.5,60.0,SF/PF,11300,1,38.0,34.0,105,103,-10%,18,23,20,25,31,32,61.1,62.6,51.2,74.1,26.4,46.8,4.1,61.8,5.46,64.0,34.0,5.7,62.9,5.58,29.333333333333332,20.333333333333332,62.379999999999995,52.93333333333334,72.90681818181818
20,3,Iman Shumpert,0.0,BKN,CHA,-3.5,218.5,111.0,25,5.5,11.6,14.8,SG/SF,3100,1,14.0,5.0,101,111,-4%,4,5,5,18,18,19,11.6,11.2,6.5,15.9,21.5,19.8,6.4,14.0,4.52,13.4,18.5,4.3,13.7,4.41,18.333333333333332,4.666666666666667,11.779999999999998,10.633333333333335,13.824545454545456
20,4,Carsen Edwards,0.0,BOS,DEN,-3.5,205.5,104.5,3,1.3,7.6,15.0,PG,3000,1,19.0,8.0,100,100,-8%,3,4,4,12,12,12,7.6,8.9,1.1,16.8,9.5,3.5,1.2,8.0,2.67,0.0,0.0,0.0,4.0,1.335,12.0,3.6666666666666665,7.68,7.966666666666666,0.0
20,5,Lauri Markkanen,0.0,CHI,GS,-4.5,216.0,110.3,11,18.8,25.0,31.3,PF/C,5900,1,21.0,12.0,103,111,2%,11,10,11,29,29,29,24.9,27.6,17.0,38.1,36.1,31.8,5.4,34.8,5.89,29.5,31.0,5.0,32.15,5.445,29.0,10.666666666666666,27.95,25.03333333333333,34.36724137931034
20,6,Gorgui Dieng,0.0,MIN,OKC,3.5,217.0,106.8,13,2.0,14.5,24.3,C,3300,1,18.0,19.0,101,106,3%,3,4,4,12,13,13,14.4,15.7,5.4,26.0,15.3,8.8,2.7,15.3,4.62,15.3,13.5,4.6,15.3,4.609999999999999,12.666666666666666,3.6666666666666665,15.36,13.6,16.306578947368422
20,7,Khem Birch,0.0,ORL,CLE,-3.5,210.0,106.8,29,19.3,24.1,29.5,C,5100,1,10.0,11.0,102,111,3%,3,4,3,29,28,22,24.1,14.9,5.4,24.4,31.1,20.5,4.0,24.5,4.8,24.4,28.5,4.8,24.45,4.8,26.333333333333332,3.3333333333333335,18.65,24.3,26.461708860759494
21,0,Langston Galloway,0.0,DET,IND,2.0,211.5,104.8,14,13.0,18.0,24.8,PG/SG,4100,1,16.0,15.0,101,102,2%,9,7,9,30,27,28,18.0,20.4,13.6,27.3,28.2,10.0,2.4,17.3,4.21,16.1,24.0,3.9,16.700000000000003,4.055,28.333333333333332,8.333333333333334,19.2,18.599999999999998,14.14588235294118
21,1,Troy Brown,0.0,WAS,MIA,9.5,227.5,109.0,18,7.8,19.3,26.3,SG/SF,3800,0,16.0,13.0,103,102,-6%,5,6,7,20,19,21,19.3,18.8,11.1,26.5,23.6,18.8,4.9,18.3,4.8,18.0,21.5,4.7,18.15,4.75,20.0,6.0,18.77,17.8,19.51125
21,2,Richaun Holmes,0.0,SAC,SA,4.0,216.0,106.0,5,16.0,30.6,43.5,PF/C,6800,1,15.0,21.0,103,111,1%,13,9,8,33,30,28,30.6,28.5,16.8,40.2,44.7,49.5,7.3,32.5,4.78,31.6,31.5,4.6,32.05,4.6899999999999995,30.333333333333332,10.0,29.630000000000003,30.03333333333333,33.28269230769231
21,3,Treveon Graham,0.0,MIN,OKC,3.5,217.0,106.8,15,6.0,12.1,15.5,SF/PF,3000,1,14.0,7.0,101,106,3%,5,6,7,17,18,24,12.1,14.4,7.9,20.9,14.4,7.3,2.4,8.8,2.92,13.5,22.0,4.5,11.15,3.71,19.666666666666668,6.0,13.290000000000001,11.200000000000001,12.472881355932204
21,4,Jaylen Brown,0.0,BOS,DEN,-3.5,205.5,104.5,20,19.5,36.3,47.0,SG/SF,6800,1,23.0,19.0,100,100,-3%,19,15,16,35,34,34,36.3,36.1,26.1,46.0,32.8,33.8,5.0,33.3,4.89,33.8,34.5,5.0,33.55,4.945,34.333333333333336,16.666666666666668,35.61,34.266666666666666,33.7128640776699
21,5,Kevin Porter Jr.,0.0,CLE,ORL,3.5,210.0,103.3,17,2.8,15.3,25.3,SG/SF,3500,2,18.0,8.0,100,103,-4%,7,6,6,17,21,21,15.3,14.9,7.9,21.8,20.3,20.5,5.9,13.5,3.86,15.0,20.5,4.3,14.25,4.08,19.666666666666668,6.333333333333333,14.830000000000002,14.466666666666669,14.853813559322033
21,6,Kevon Looney,0.0,GS,CHI,4.5,216.0,105.8,18,7.3,12.5,19.3,PF/C,3400,1,0.0,0.0,105,105,-1%,6,5,5,14,13,13,12.0,12.0,8.1,15.9,7.8,3.3,1.0,15.3,4.49,14.3,15.0,4.2,14.8,4.345000000000001,13.333333333333334,5.333333333333333,12.559999999999999,13.033333333333333,16.650000000000002
21,7,PJ Washington,0.0,CHA,BKN,3.5,218.5,107.5,4,14.8,25.8,45.8,PF/C,5000,1,17.0,15.0,106,107,1%,9,10,9,26,28,29,25.8,24.8,15.9,33.6,34.7,28.8,5.8,25.8,5.15,23.9,28.5,4.8,24.85,4.975,27.666666666666668,9.333333333333334,24.990000000000002,28.8,25.598493975903615
23,0,Ky Bowman,0.0,GS,CHI,4.5,216.0,105.8,8,12.8,20.7,30.0,PG,4800,1,18.0,12.0,105,105,-12%,9,9,8,31,30,24,20.6,18.7,6.2,31.1,20.9,17.5,3.6,22.5,4.69,16.6,22.0,3.5,19.55,4.095000000000001,28.333333333333332,8.666666666666666,19.23,21.166666666666668,15.180000000000001
23,1,Brad Wanamaker,0.0,BOS,DEN,-3.5,205.5,104.5,3,9.3,18.6,28.0,PG/SG,4000,1,19.0,17.0,100,100,-8%,6,7,5,19,19,18,18.6,16.1,8.4,23.8,19.4,14.3,3.6,14.3,3.56,15.1,17.5,3.8,14.7,3.6799999999999997,18.666666666666668,6.0,16.32,18.633333333333336,13.781249999999998
23,2,Mfiondu Kabengele,0.0,LAC,MIL,4.5,233.0,114.3,22,0.0,3.4,13.5,PF/C,3000,2,0.0,0.0,107,100,-3%,2,2,2,5,4,4,3.4,4.0,-1.4,9.4,9.4,9.5,3.2,12.3,4.08,0.0,0.0,0.0,6.15,2.04,4.333333333333333,2.0,4.3100000000000005,5.633333333333333,0.0
23,3,Denzel Valentine,0.0,CHI,GS,-4.5,216.0,110.3,19,1.3,11.8,20.0,SG/SF,3100,1,0.0,0.0,103,111,2%,6,5,4,14,12,9,11.8,9.8,2.2,17.5,13.8,20.0,6.5,15.8,5.08,12.6,13.5,4.1,14.2,4.59,11.666666666666666,5.0,11.1,11.033333333333333,16.43142857142857
23,4,Derrick Rose,0.0,DET,IND,2.0,211.5,104.8,14,25.5,28.8,32.5,PG/SG,5400,1,32.0,22.0,101,102,-4%,14,12,13,24,23,23,28.8,28.4,20.4,36.5,25.7,30.0,5.6,26.8,4.95,26.1,24.5,4.8,26.450000000000003,4.875,23.333333333333332,13.0,28.110000000000003,28.933333333333334,27.7725
23,5,Daniel Theis,0.0,BOS,DEN,-3.5,205.5,104.5,24,5.8,18.2,31.0,PF/C,4300,1,14.0,15.0,100,100,-9%,3,6,5,22,24,23,24.8,22.1,13.5,30.7,14.6,12.8,3.0,19.8,4.59,21.0,22.0,4.9,20.4,4.745,23.0,4.666666666666667,22.3,18.333333333333332,19.51304347826087
23,6,DeAndre Jordan,0.0,BKN,CHA,-3.5,218.5,111.0,27,15.3,23.1,29.5,C,5100,1,14.0,21.0,101,111,6%,5,5,5,21,20,21,23.1,25.0,14.7,35.2,25.9,41.8,8.2,24.3,4.75,25.4,20.0,5.0,24.85,4.875,20.666666666666668,5.0,24.570000000000004,22.633333333333336,24.048387096774192
23,7,Trevor Ariza,0.0,SAC,SA,4.0,216.0,106.0,6,0.8,11.5,26.0,SF/PF,3300,1,11.0,6.0,103,111,7%,7,5,5,24,21,23,13.4,12.7,5.1,20.3,28.8,25.0,7.6,17.3,5.23,13.3,19.5,4.0,15.3,4.615,22.666666666666668,5.666666666666667,13.360000000000003,12.766666666666666,13.162500000000001
24,0,Derrick Rose,0.0,DET,IND,2.0,211.5,104.8,14,25.5,28.8,32.5,PG/SG,5400,1,32.0,22.0,101,102,-4%,14,12,13,24,23,23,28.8,28.4,20.4,36.5,25.7,30.0,5.6,26.8,4.95,26.1,24.5,4.8,26.450000000000003,4.875,23.333333333333332,13.0,28.110000000000003,28.933333333333334,27.7725
24,1,Malik Monk,0.0,CHA,BKN,3.5,218.5,107.5,26,9.0,14.3,21.8,PG/SG,3900,1,22.0,12.0,106,107,-1%,7,7,8,19,20,21,14.3,17.4,7.9,26.9,16.9,10.3,2.6,18.0,4.62,15.3,18.0,3.9,16.65,4.26,20.0,7.333333333333333,16.630000000000003,15.033333333333333,14.984999999999998
24,2,Miles Bridges,0.0,CHA,BKN,3.5,218.5,107.5,16,17.5,25.5,34.3,SF/PF,5100,1,19.0,13.0,106,107,-12%,8,12,11,22,27,31,25.6,25.7,17.5,34.0,21.7,12.8,2.5,24.8,4.85,23.8,28.0,4.7,24.3,4.775,26.666666666666668,10.333333333333334,25.419999999999998,25.766666666666666,25.515
24,3,Robert Covington,0.0,MIN,OKC,3.5,217.0,106.8,15,17.5,24.4,36.0,SF/PF,5600,1,17.0,15.0,101,106,3%,11,8,9,30,28,27,24.4,26.2,18.1,34.3,37.8,26.3,4.7,26.5,4.73,26.9,31.0,4.8,26.7,4.765000000000001,28.333333333333332,9.333333333333334,25.939999999999998,25.96666666666667,29.21294117647059
24,4,Zach LaVine,0.0,CHI,GS,-4.5,216.0,110.3,29,30.3,42.8,58.8,PG/SG,7800,1,30.0,18.0,103,111,9%,13,17,18,34,35,32,42.8,36.9,23.7,50.0,34.2,38.0,4.9,40.5,5.19,38.9,34.0,5.0,39.7,5.095000000000001,33.666666666666664,16.0,38.61999999999999,43.96666666666666,40.0930693069307
24,5,Svi Mykhailiuk,0.0,DET,IND,2.0,211.5,104.8,3,4.3,14.0,25.5,SG/SF,3700,1,14.0,9.0,101,102,-29%,10,7,5,27,21,17,14.0,10.5,3.7,17.3,8.6,4.3,1.2,17.0,4.59,9.3,16.0,2.5,13.15,3.545,21.666666666666668,7.333333333333333,11.73,14.6,9.71076923076923
24,6,Chris Silva,0.0,MIA,WAS,-9.5,227.5,118.5,28,1.3,14.4,25.0,C,3100,1,17.0,18.0,108,114,13%,1,3,2,6,13,10,13.9,11.4,3.5,19.4,6.2,4.0,1.3,8.5,2.74,0.0,0.0,0.0,4.25,1.37,9.666666666666666,2.0,10.49,13.566666666666668,0.0
24,7,Nemanja Bjelica,0.0,SAC,SA,4.0,216.0,106.0,5,13.0,28.4,37.8,PF,6300,1,18.0,16.0,103,111,1%,13,11,9,29,27,26,28.4,26.3,16.7,35.9,19.1,24.3,3.9,30.5,4.84,27.6,27.5,4.4,29.05,4.62,27.333333333333332,11.0,27.27,26.399999999999995,29.227134146341466
25,0,Matthew Dellavedova,0.0,CLE,ORL,3.5,210.0,103.3,13,2.0,6.9,15.5,PG/SG,3000,2,15.0,4.0,100,103,-4%,2,3,3,5,11,13,6.8,7.9,3.4,12.3,14.3,14.0,4.7,2.8,0.92,7.5,10.5,2.5,5.15,1.71,9.666666666666666,2.6666666666666665,7.109999999999999,8.133333333333333,5.59396551724138
25,1,Jimmy Butler,0.0,MIA,WAS,-9.5,227.5,118.5,15,35.3,45.1,60.8,SG/SF,8100,1,26.0,25.0,108,114,13%,17,15,13,39,35,34,45.1,43.1,33.3,52.9,36.5,68.3,8.4,45.8,5.65,48.2,36.0,6.0,47.0,5.825,36.0,15.0,44.279999999999994,47.06666666666666,47.0
25,2,D.J. Wilson,0.0,MIL,LAC,-4.5,233.0,118.8,25,8.8,17.0,26.3,PF/C,3500,1,0.0,0.0,105,103,-10%,7,6,4,20,19,12,17.0,10.3,1.6,19.0,8.9,2.8,0.8,6.8,1.93,0.0,0.0,0.0,3.4,0.965,17.0,5.666666666666667,10.26,17.366666666666667,0.0
25,3,Kyle Korver,0.0,MIL,LAC,-4.5,233.0,118.8,6,0.8,9.8,16.5,SG/SF,3100,1,16.0,9.0,105,103,-3%,6,5,5,21,18,16,12.6,10.9,5.7,16.0,18.8,9.0,2.9,9.5,3.06,8.9,12.0,2.9,9.2,2.98,18.333333333333332,5.333333333333333,10.88,9.033333333333333,6.0218181818181815
25,4,Jamal Murray,0.0,DEN,BOS,3.5,205.5,101.0,2,23.8,32.8,41.3,PG/SG,6400,0,27.0,18.0,102,102,-11%,17,17,16,36,34,33,36.1,35.6,24.2,47.1,34.1,23.8,3.7,34.5,5.39,33.3,33.5,5.2,33.9,5.295,34.333333333333336,16.666666666666668,35.38,32.63333333333333,33.07718446601941
25,5,Jordan Clarkson,0.0,CLE,ORL,3.5,210.0,103.3,17,14.3,24.5,43.3,SG/SF,3900,2,27.0,19.0,100,103,-4%,10,11,11,20,23,22,24.4,22.4,13.7,31.1,21.3,12.3,3.2,18.8,4.81,21.0,21.5,5.4,19.9,5.105,21.666666666666668,10.666666666666666,22.3,27.366666666666664,19.746923076923075
25,6,Mason Plumlee,0.0,DEN,BOS,3.5,205.5,101.0,13,17.5,27.4,41.8,PF/C,3800,0,21.0,19.0,102,102,-8%,5,6,5,17,18,17,27.4,20.4,12.3,28.6,17.3,16.3,4.3,19.3,5.07,15.9,15.5,4.2,17.6,4.635,17.333333333333332,5.333333333333333,21.26,28.899999999999995,15.738461538461541
25,7,Patrick Beverley,0.0,LAC,MIL,4.5,233.0,114.3,5,15.0,23.3,36.8,PG/SG,4800,2,14.0,10.0,107,100,6%,4,6,7,26,29,30,23.3,24.3,13.2,35.4,29.9,14.5,3.0,22.8,4.74,24.4,31.0,5.1,23.6,4.92,28.333333333333332,5.666666666666667,23.96,25.03333333333333,25.821176470588238
26,0,Derrick Walton Jr.,0.0,LAC,MIL,4.5,233.0,114.3,5,0.0,1.9,4.5,PG,3000,2,0.0,0.0,107,100,6%,1,1,1,5,4,4,1.9,1.6,-0.4,3.6,9.8,7.8,2.6,12.0,4.0,0.0,0.0,0.0,6.0,2.0,4.333333333333333,1.0,2.54,2.1333333333333333,0.0
26,1,Jimmy Butler,0.0,MIA,WAS,-9.5,227.5,118.5,15,35.3,45.1,60.8,SG/SF,8100,1,26.0,25.0,108,114,13%,17,15,13,39,35,34,45.1,43.1,33.3,52.9,36.5,68.3,8.4,45.8,5.65,48.2,36.0,6.0,47.0,5.825,36.0,15.0,44.279999999999994,47.06666666666666,47.0
26,2,Harrison Barnes,0.0,SAC,SA,4.0,216.0,106.0,6,19.0,29.2,40.8,SF/PF,5600,1,18.0,16.0,103,111,7%,13,13,12,36,38,36,29.2,28.5,21.6,35.5,42.5,40.5,7.2,27.3,4.87,27.1,35.0,4.8,27.200000000000003,4.835,36.666666666666664,12.666666666666666,28.4,29.666666666666668,25.96363636363637
26,3,Terrence Ross,0.0,ORL,CLE,-3.5,210.0,106.8,29,15.0,24.7,31.8,SG/SF,5300,1,23.0,13.0,102,111,4%,11,12,11,20,24,24,24.7,20.6,14.2,27.0,26.6,29.3,5.5,22.5,4.25,22.0,24.5,4.2,22.25,4.225,22.666666666666668,11.333333333333334,21.75,23.833333333333332,24.049632352941174
26,4,Tony Snell,0.0,DET,IND,2.0,211.5,104.8,3,3.8,9.3,17.0,SG/SF,3300,1,12.0,10.0,101,102,2%,4,4,7,24,21,27,9.3,14.9,7.7,22.1,25.9,8.0,2.4,14.3,4.32,13.0,25.0,3.9,13.65,4.11,24.0,5.0,13.530000000000001,10.033333333333333,14.21875
26,5,Miles Bridges,0.0,CHA,BKN,3.5,218.5,107.5,16,17.5,25.5,34.3,SF/PF,5100,1,19.0,13.0,106,107,-12%,8,12,11,22,27,31,25.6,25.7,17.5,34.0,21.7,12.8,2.5,24.8,4.85,23.8,28.0,4.7,24.3,4.775,26.666666666666668,10.333333333333334,25.419999999999998,25.766666666666666,25.515
26,6,Ivica Zubac,0.0,LAC,MIL,4.5,233.0,114.3,23,7.0,14.1,19.8,C,3500,2,18.0,22.0,107,100,4%,3,5,5,15,16,16,14.1,19.9,11.5,28.3,24.4,33.0,9.4,18.8,5.36,17.7,17.0,5.1,18.25,5.23,15.666666666666666,4.333333333333333,18.41,13.633333333333335,19.803191489361705
26,7,LaMarcus Aldridge,0.0,SA,SAC,-4.0,216.0,110.0,17,29.0,38.0,47.5,PF/C,7000,2,23.0,21.0,100,108,-14%,16,16,15,32,34,34,38.0,37.0,26.8,47.1,34.9,40.3,5.8,34.5,4.93,35.2,33.0,5.0,34.85,4.965,33.333333333333336,15.666666666666666,36.75,38.166666666666664,34.50149999999999
27,0,Dennis Schroder,0.0,OKC,MIN,-3.5,217.0,110.3,27,16.8,27.7,38.0,PG/SG,5700,1,27.0,14.0,107,106,9%,15,16,14,24,28,29,27.6,27.6,16.7,38.5,39.0,34.0,6.0,32.5,5.7,31.9,32.5,5.6,32.2,5.65,27.0,15.0,28.520000000000003,27.5,38.75925925925926
27,1,Nicolas Batum,0.0,CHA,BKN,3.5,218.5,107.5,16,6.0,14.9,26.0,SG/SF,3500,1,11.0,10.0,106,107,-1%,2,4,3,18,21,22,14.7,16.0,8.7,23.3,33.1,16.5,4.7,16.3,4.64,14.7,19.5,4.2,15.5,4.42,20.333333333333332,3.0,15.64,15.633333333333333,14.864754098360658
27,2,Cedi Osman,0.0,CLE,ORL,3.5,210.0,103.3,10,11.5,24.0,33.0,SF/PF,3900,2,15.0,10.0,100,103,-10%,10,10,8,32,32,30,24.0,20.0,11.8,28.1,31.6,36.8,9.4,19.3,4.94,20.7,31.0,5.3,20.0,5.12,31.333333333333332,9.333333333333334,20.779999999999998,22.833333333333332,19.78723404255319
27,3,DeMar DeRozan,0.0,SA,SAC,-4.0,216.0,110.0,9,30.5,38.1,41.8,SG/SF,7400,2,27.0,20.0,100,108,4%,21,18,17,38,35,34,39.6,37.6,30.9,44.2,39.7,43.5,5.9,36.5,4.93,37.7,34.0,5.1,37.1,5.015,35.666666666666664,18.666666666666668,37.88,36.8,35.36635514018692
27,4,Wesley Matthews,0.0,MIL,LAC,-4.5,233.0,118.8,6,9.3,14.8,19.3,SG/SF,3300,1,13.0,10.0,105,103,-3%,7,7,7,19,22,25,14.8,15.1,7.5,22.6,22.7,23.3,7.1,15.5,4.7,15.3,25.0,4.6,15.4,4.65,22.0,7.0,15.080000000000002,14.466666666666669,17.5
27,5,Moritz Wagner,0.0,WAS,MIA,9.5,227.5,109.0,8,20.5,24.3,32.3,PF/C,5000,0,22.0,20.0,103,102,2%,8,8,8,24,22,20,24.3,23.3,13.5,33.2,30.6,35.3,7.1,24.0,4.8,29.3,28.5,5.9,26.65,5.35,22.0,8.0,24.190000000000005,25.7,34.52386363636363
27,6,Enes Kanter,0.0,BOS,DEN,-3.5,205.5,104.5,15,3.3,21.1,28.3,C,4000,1,19.0,24.0,100,100,-1%,4,6,5,11,16,16,21.1,18.4,9.9,26.9,18.1,17.0,4.3,16.8,4.19,16.1,14.5,4.0,16.450000000000003,4.095000000000001,14.333333333333334,5.0,18.550000000000004,17.566666666666666,16.641279069767442
27,7,Carsen Edwards,0.0,BOS,DEN,-3.5,205.5,104.5,3,1.3,7.6,15.0,PG,3000,1,19.0,8.0,100,100,-8%,3,4,4,12,12,12,7.6,8.9,1.1,16.8,9.5,3.5,1.2,8.0,2.67,0.0,0.0,0.0,4.0,1.335,12.0,3.6666666666666665,7.68,7.966666666666666,0.0
28,0,Terry Rozier,0.0,CHA,BKN,3.5,218.5,107.5,26,24.0,35.6,51.8,PG/SG,7100,1,25.0,16.0,106,107,10%,15,15,15,35,34,33,35.6,32.3,21.9,42.7,35.6,37.5,5.3,34.3,4.82,35.0,34.0,4.9,34.65,4.86,34.0,15.0,33.43,37.13333333333333,34.65
28,1,Kentavious Caldwell-Pope,0.0,LAL,POR,-4.5,225.5,115.0,7,11.8,15.0,18.3,SG/SF,3800,1,15.0,10.0,105,108,1%,7,7,7,29,28,25,14.9,16.4,9.9,22.9,27.0,15.0,3.9,20.5,5.39,18.9,28.5,5.0,19.7,5.195,27.333333333333332,7.0,16.759999999999998,15.033333333333333,20.540853658536584
28,2,Paul Millsap,0.0,DEN,BOS,3.5,205.5,101.0,13,9.5,24.0,37.5,PF/C,5400,0,20.0,20.0,102,102,1%,12,10,10,26,24,26,24.0,26.8,17.6,36.0,20.6,13.5,2.5,24.0,4.44,25.1,26.0,4.6,24.55,4.52,25.333333333333332,10.666666666666666,25.790000000000003,23.666666666666668,25.19605263157895
28,3,Pat Connaughton,0.0,MIL,LAC,-4.5,233.0,118.8,6,8.0,17.4,27.5,SG/SF,3700,1,13.0,13.0,105,103,-3%,4,3,5,18,20,18,17.4,15.3,7.2,23.4,21.1,20.0,5.4,14.5,3.92,12.3,15.0,3.3,13.4,3.61,18.666666666666668,4.0,15.34,17.633333333333333,10.767857142857142
28,4,Terance Mann,0.0,LAC,MIL,4.5,233.0,114.3,2,0.0,7.6,13.8,SG/SF,3000,2,15.0,11.0,107,100,6%,5,3,2,13,9,9,7.5,6.5,-2.1,15.2,10.1,4.8,1.6,13.0,4.33,0.0,0.0,0.0,6.5,2.165,10.333333333333334,3.3333333333333335,6.719999999999999,7.133333333333333,0.0
28,5,Kris Dunn,0.0,CHI,GS,-4.5,216.0,110.3,29,7.5,16.6,23.0,PG/SF,4900,1,17.0,12.0,103,111,9%,8,6,6,27,25,22,16.2,19.5,12.1,26.9,28.5,23.5,4.8,25.3,5.15,24.7,27.5,5.0,25.0,5.075,24.666666666666668,6.666666666666667,19.94,15.700000000000001,27.871621621621617
28,6,Meyers Leonard,0.0,MIA,WAS,-9.5,227.5,118.5,15,8.8,15.3,22.0,PF/C,3100,1,12.0,12.0,108,114,13%,4,4,4,19,17,19,14.8,14.6,4.8,24.3,13.9,13.3,4.3,14.5,4.68,15.4,18.0,5.0,14.95,4.84,18.333333333333332,4.0,14.690000000000001,15.366666666666667,14.678181818181818
28,7,Kelly Olynyk,0.0,MIA,WAS,-9.5,227.5,118.5,15,0.0,20.5,32.0,PF/C,4600,1,16.0,14.0,108,114,13%,10,9,7,32,29,25,28.9,22.0,13.0,31.0,17.0,13.8,3.0,27.0,5.87,24.9,26.5,5.4,25.95,5.635,28.666666666666668,8.666666666666666,24.17,17.5,23.988662790697674
31,0,Theo Pinson,0.0,BKN,CHA,-3.5,218.5,111.0,10,9.8,13.3,18.3,PG/SG,3100,1,24.0,4.0,101,111,-3%,7,7,7,14,16,16,13.3,12.4,8.4,16.4,14.3,15.3,4.9,12.3,3.95,12.1,14.0,3.9,12.2,3.925,15.333333333333334,7.0,12.540000000000001,13.800000000000002,11.139130434782608
31,1,Jerome Robinson,0.0,LAC,MIL,4.5,233.0,114.3,2,2.0,10.8,20.3,SG,3100,2,17.0,6.0,107,100,-3%,7,5,4,19,16,12,10.8,8.6,-1.1,18.4,19.6,14.3,4.6,13.8,4.44,11.1,16.0,3.6,12.45,4.0200000000000005,15.666666666666666,5.333333333333333,9.829999999999998,11.033333333333333,12.714893617021277
31,2,Jonathan Isaac,0.0,ORL,CLE,-3.5,210.0,106.8,9,19.0,28.6,39.8,SF/PF,6400,1,18.0,18.0,102,111,2%,11,12,11,33,31,31,28.6,32.2,21.2,43.1,33.0,26.0,4.1,31.8,4.96,34.3,33.0,5.4,33.05,5.18,31.666666666666668,11.333333333333334,31.630000000000003,29.133333333333336,34.44157894736842
31,3,Carmelo Anthony,0.0,POR,LAL,4.5,225.5,110.5,13,19.5,32.3,46.8,SF/PF,5800,1,23.0,14.0,103,100,-11%,13,14,15,32,32,31,32.3,28.6,17.5,39.7,34.5,24.8,4.3,25.8,4.44,28.3,33.5,4.9,27.05,4.67,31.666666666666668,14.0,29.03,32.86666666666667,28.616052631578945
31,4,Yogi Ferrell,0.0,SAC,SA,4.0,216.0,106.0,21,6.0,14.0,20.8,PG/SG,3600,1,19.0,14.0,103,111,7%,6,5,4,18,15,13,13.9,10.6,4.2,17.0,23.1,23.0,6.4,12.3,3.4,12.3,15.5,3.4,12.3,3.4,15.333333333333334,5.0,11.6,13.6,12.433695652173913
31,5,Jordan Clarkson,0.0,CLE,ORL,3.5,210.0,103.3,17,14.3,24.5,43.3,SG/SF,3900,2,27.0,19.0,100,103,-4%,10,11,11,20,23,22,24.4,22.4,13.7,31.1,21.3,12.3,3.2,18.8,4.81,21.0,21.5,5.4,19.9,5.105,21.666666666666668,10.666666666666666,22.3,27.366666666666664,19.746923076923075
31,6,Wendell Carter Jr.,0.0,CHI,GS,-4.5,216.0,110.3,11,22.8,29.9,39.3,PF/C,6600,1,17.0,17.0,103,111,2%,8,10,9,35,33,30,29.9,30.6,22.2,39.1,35.0,26.0,3.9,35.5,5.38,34.6,33.5,5.2,35.05,5.29,32.666666666666664,9.0,31.369999999999997,30.666666666666668,35.944132653061224
31,7,Enes Kanter,0.0,BOS,DEN,-3.5,205.5,104.5,15,3.3,21.1,28.3,C,4000,1,19.0,24.0,100,100,-1%,4,6,5,11,16,16,21.1,18.4,9.9,26.9,18.1,17.0,4.3,16.8,4.19,16.1,14.5,4.0,16.450000000000003,4.095000000000001,14.333333333333334,5.0,18.550000000000004,17.566666666666666,16.641279069767442
35,0,Ryan Arcidiacono,0.0,CHI,GS,-4.5,216.0,110.3,29,2.8,6.4,11.5,PG/SG,3200,1,13.0,9.0,103,111,9%,3,3,4,13,13,17,6.4,11.2,5.4,16.9,15.7,7.0,2.2,9.8,3.05,10.4,15.0,3.3,10.100000000000001,3.175,14.333333333333334,3.3333333333333335,10.0,6.8999999999999995,10.569767441860465
35,1,Luke Kennard,0.0,DET,IND,2.0,211.5,104.8,3,22.3,30.1,40.5,SG/SF,5800,1,21.0,16.0,101,102,2%,15,13,13,32,33,34,28.1,29.8,21.0,38.6,31.9,20.8,3.6,25.3,4.35,26.2,32.0,4.5,25.75,4.425,33.0,13.666666666666666,28.65,30.96666666666667,24.96969696969697
35,2,Trey Lyles,0.0,SA,SAC,-4.0,216.0,110.0,17,5.3,16.5,28.8,PF/C,4200,2,12.0,13.0,100,108,-14%,7,5,4,18,15,18,16.4,16.0,8.9,23.1,14.8,8.0,1.9,14.3,3.39,11.4,14.5,2.7,12.850000000000001,3.045,17.0,5.333333333333333,15.45,16.866666666666667,10.96029411764706
35,3,Trevor Ariza,0.0,SAC,SA,4.0,216.0,106.0,6,0.8,11.5,26.0,SF/PF,3300,1,11.0,6.0,103,111,7%,7,5,5,24,21,23,13.4,12.7,5.1,20.3,28.8,25.0,7.6,17.3,5.23,13.3,19.5,4.0,15.3,4.615,22.666666666666668,5.666666666666667,13.360000000000003,12.766666666666666,13.162500000000001
35,4,Kawhi Leonard,0.0,LAC,MIL,4.5,233.0,114.3,2,34.3,42.3,48.5,SG/SF,8400,2,36.0,25.0,107,100,-16%,18,20,21,27,28,32,42.3,48.3,39.6,57.0,29.5,35.3,4.2,41.3,4.91,42.4,32.0,5.0,41.849999999999994,4.955,29.0,19.666666666666668,45.809999999999995,41.699999999999996,46.17931034482758
35,5,Marvin Williams,0.0,CHA,BKN,3.5,218.5,107.5,16,11.8,21.9,38.3,SF/PF,4200,1,14.0,14.0,106,107,1%,6,6,6,29,25,21,22.1,15.5,5.9,25.1,15.7,5.3,1.3,20.0,4.76,16.8,23.0,4.0,18.4,4.38,25.0,6.0,17.4,24.0,16.928
35,6,Montrezl Harrell,0.0,LAC,MIL,4.5,233.0,114.3,22,22.8,35.2,47.8,PF/C,6500,2,24.0,25.0,107,100,-3%,14,14,13,29,28,31,35.2,37.0,25.1,49.0,23.6,24.8,3.8,32.0,4.92,32.8,29.5,5.0,32.4,4.96,29.333333333333332,13.666666666666666,35.74,35.266666666666666,32.58409090909091
35,7,Garrett Temple,0.0,BKN,CHA,-3.5,218.5,111.0,25,21.3,30.1,38.5,SG/SF,5800,1,15.0,12.0,101,111,-4%,14,11,8,34,35,27,30.1,21.0,11.0,31.0,32.9,19.5,3.4,24.3,4.18,25.8,34.5,4.4,25.05,4.29,32.0,11.0,23.63,29.96666666666667,27.00703125
36,0,Malik Monk,0.0,CHA,BKN,3.5,218.5,107.5,26,9.0,14.3,21.8,PG/SG,3900,1,22.0,12.0,106,107,-1%,7,7,8,19,20,21,14.3,17.4,7.9,26.9,16.9,10.3,2.6,18.0,4.62,15.3,18.0,3.9,16.65,4.26,20.0,7.333333333333333,16.630000000000003,15.033333333333333,14.984999999999998
36,1,Bruce Brown Jr.,0.0,DET,IND,2.0,211.5,104.8,14,8.3,17.3,26.3,PG/SG,4000,1,17.0,9.0,101,102,2%,6,6,7,20,23,27,17.2,20.0,9.0,31.0,23.7,26.0,6.5,19.0,4.75,15.9,23.5,4.0,17.45,4.375,23.333333333333332,6.333333333333333,18.93,17.3,17.57464285714286
36,2,Harrison Barnes,0.0,SAC,SA,4.0,216.0,106.0,6,19.0,29.2,40.8,SF/PF,5600,1,18.0,16.0,103,111,7%,13,13,12,36,38,36,29.2,28.5,21.6,35.5,42.5,40.5,7.2,27.3,4.87,27.1,35.0,4.8,27.200000000000003,4.835,36.666666666666664,12.666666666666666,28.4,29.666666666666668,25.96363636363637
36,3,Draymond Green,0.0,GS,CHI,4.5,216.0,105.8,8,13.5,28.2,42.0,PG/SF,5900,1,18.0,13.0,105,105,14%,6,6,8,24,25,28,28.2,28.3,16.6,40.1,30.3,29.5,5.0,28.3,4.79,28.5,26.0,4.8,28.4,4.795,25.666666666666668,6.666666666666667,28.32,27.900000000000002,28.768831168831166
36,4,Kentavious Caldwell-Pope,0.0,LAL,POR,-4.5,225.5,115.0,7,11.8,15.0,18.3,SG/SF,3800,1,15.0,10.0,105,108,1%,7,7,7,29,28,25,14.9,16.4,9.9,22.9,27.0,15.0,3.9,20.5,5.39,18.9,28.5,5.0,19.7,5.195,27.333333333333332,7.0,16.759999999999998,15.033333333333333,20.540853658536584
36,5,Rodney Hood,0.0,POR,LAL,4.5,225.5,110.5,5,7.3,21.0,30.5,SG/SF,4300,1,14.0,13.0,103,100,2%,8,9,9,31,31,32,21.0,21.6,14.0,29.2,8.6,6.0,1.4,21.0,4.88,20.2,32.5,4.7,20.6,4.79,31.333333333333332,8.666666666666666,21.28,19.599999999999998,21.36702127659575
36,6,Kelly Olynyk,0.0,MIA,WAS,-9.5,227.5,118.5,15,0.0,20.5,32.0,PF/C,4600,1,16.0,14.0,108,114,13%,10,9,7,32,29,25,28.9,22.0,13.0,31.0,17.0,13.8,3.0,27.0,5.87,24.9,26.5,5.4,25.95,5.635,28.666666666666668,8.666666666666666,24.17,17.5,23.988662790697674
36,7,Gary Harris,0.0,DEN,BOS,3.5,205.5,101.0,30,11.8,20.8,42.3,SG,4300,0,16.0,10.0,102,102,-3%,7,9,10,27,31,33,20.8,21.2,13.1,29.3,32.8,16.8,3.9,21.0,4.88,20.2,32.5,4.7,20.6,4.79,30.333333333333332,8.666666666666666,21.0,24.96666666666667,22.071428571428573
37,0,Ky Bowman,0.0,GS,CHI,4.5,216.0,105.8,8,12.8,20.7,30.0,PG,4800,1,18.0,12.0,105,105,-12%,9,9,8,31,30,24,20.6,18.7,6.2,31.1,20.9,17.5,3.6,22.5,4.69,16.6,22.0,3.5,19.55,4.095000000000001,28.333333333333332,8.666666666666666,19.23,21.166666666666668,15.180000000000001
37,1,Malcolm Brogdon,0.0,IND,DET,-2.0,211.5,106.8,12,27.5,37.0,43.0,PG/SG,7300,1,28.0,22.0,101,108,4%,13,15,15,32,34,33,37.1,40.6,32.0,49.2,32.4,36.3,5.0,36.8,5.03,37.4,33.0,5.1,37.099999999999994,5.0649999999999995,33.0,14.333333333333334,39.2,35.833333333333336,37.099999999999994
37,2,Mason Plumlee,0.0,DEN,BOS,3.5,205.5,101.0,13,17.5,27.4,41.8,PF/C,3800,0,21.0,19.0,102,102,-8%,5,6,5,17,18,17,27.4,20.4,12.3,28.6,17.3,16.3,4.3,19.3,5.07,15.9,15.5,4.2,17.6,4.635,17.333333333333332,5.333333333333333,21.26,28.899999999999995,15.738461538461541
37,3,Sterling Brown,0.0,MIL,LAC,-4.5,233.0,118.8,6,10.0,16.2,23.0,SG/SF,3400,1,15.0,12.0,105,103,-3%,6,5,5,19,20,18,16.1,16.7,8.7,24.7,8.9,9.8,2.9,16.3,4.78,0.0,0.0,0.0,8.15,2.39,19.0,5.333333333333333,14.870000000000001,16.400000000000002,0.0
37,4,Terry Rozier,0.0,CHA,BKN,3.5,218.5,107.5,26,24.0,35.6,51.8,PG/SG,7100,1,25.0,16.0,106,107,10%,15,15,15,35,34,33,35.6,32.3,21.9,42.7,35.6,37.5,5.3,34.3,4.82,35.0,34.0,4.9,34.65,4.86,34.0,15.0,33.43,37.13333333333333,34.65
37,5,PJ Washington,0.0,CHA,BKN,3.5,218.5,107.5,4,14.8,25.8,45.8,PF/C,5000,1,17.0,15.0,106,107,1%,9,10,9,26,28,29,25.8,24.8,15.9,33.6,34.7,28.8,5.8,25.8,5.15,23.9,28.5,4.8,24.85,4.975,27.666666666666668,9.333333333333334,24.990000000000002,28.8,25.598493975903615
37,6,Omari Spellman,0.0,GS,CHI,4.5,216.0,105.8,18,12.0,23.5,39.8,PF/C,4000,1,20.0,17.0,105,105,14%,7,8,7,21,21,19,23.4,19.9,11.8,27.9,12.1,9.3,2.3,19.3,4.81,11.7,12.0,2.9,15.5,3.8549999999999995,20.333333333333332,7.333333333333333,19.699999999999996,25.099999999999998,9.147540983606557
37,7,Cody Zeller,0.0,CHA,BKN,3.5,218.5,107.5,25,12.3,20.1,29.3,C,4100,1,20.0,17.0,106,107,5%,8,8,8,18,20,24,20.1,24.0,13.3,34.7,22.9,32.5,7.9,19.8,4.82,19.1,19.0,4.7,19.450000000000003,4.76,20.666666666666668,8.0,22.310000000000002,20.566666666666666,17.881451612903227
38,0,Aaron Holiday,0.0,IND,DET,-2.0,211.5,106.8,12,2.5,7.5,18.3,PG/SG,3100,1,22.0,12.0,101,108,4%,7,6,9,19,16,21,7.5,18.4,5.6,31.2,15.6,8.5,2.7,13.3,4.27,12.0,14.0,3.9,12.65,4.085,18.666666666666668,7.333333333333333,15.069999999999999,9.433333333333334,9.487499999999999
38,1,Kawhi Leonard,0.0,LAC,MIL,4.5,233.0,114.3,2,34.3,42.3,48.5,SG/SF,8400,2,36.0,25.0,107,100,-16%,18,20,21,27,28,32,42.3,48.3,39.6,57.0,29.5,35.3,4.2,41.3,4.91,42.4,32.0,5.0,41.849999999999994,4.955,29.0,19.666666666666668,45.809999999999995,41.699999999999996,46.17931034482758
38,2,Jerami Grant,0.0,DEN,BOS,3.5,205.5,101.0,13,11.3,19.4,31.0,PF/C,3600,0,18.0,12.0,102,102,2%,7,8,8,20,24,22,19.4,17.4,10.0,24.7,17.9,11.5,3.2,17.5,4.86,16.1,21.5,4.5,16.8,4.68,22.0,7.666666666666667,17.66,20.566666666666666,16.418181818181818
38,3,Jonathan Isaac,0.0,ORL,CLE,-3.5,210.0,106.8,9,19.0,28.6,39.8,SF/PF,6400,1,18.0,18.0,102,111,2%,11,12,11,33,31,31,28.6,32.2,21.2,43.1,33.0,26.0,4.1,31.8,4.96,34.3,33.0,5.4,33.05,5.18,31.666666666666668,11.333333333333334,31.630000000000003,29.133333333333336,34.44157894736842
38,4,Darius Garland,0.0,CLE,ORL,3.5,210.0,103.3,13,7.8,17.4,33.3,PG,4100,2,21.0,7.0,100,103,-4%,11,10,11,32,29,28,17.4,18.2,11.0,25.4,30.1,16.3,4.0,22.0,5.37,21.4,29.5,5.2,21.7,5.285,29.666666666666668,10.666666666666666,18.740000000000002,19.5,21.57808988764045
38,5,Tony Snell,0.0,DET,IND,2.0,211.5,104.8,3,3.8,9.3,17.0,SG/SF,3300,1,12.0,10.0,101,102,2%,4,4,7,24,21,27,9.3,14.9,7.7,22.1,25.9,8.0,2.4,14.3,4.32,13.0,25.0,3.9,13.65,4.11,24.0,5.0,13.530000000000001,10.033333333333333,14.21875
38,6,Domantas Sabonis,0.0,IND,DET,-2.0,211.5,106.8,7,32.0,39.9,47.5,PF/C,7800,1,24.0,21.0,101,108,-8%,16,13,14,33,35,34,40.1,42.6,35.4,49.8,34.3,46.3,5.9,42.3,5.42,41.2,34.0,5.3,41.75,5.359999999999999,34.0,14.333333333333334,41.93,39.800000000000004,41.75
38,7,Gary Harris,0.0,DEN,BOS,3.5,205.5,101.0,30,11.8,20.8,42.3,SG,4300,0,16.0,10.0,102,102,-3%,7,9,10,27,31,33,20.8,21.2,13.1,29.3,32.8,16.8,3.9,21.0,4.88,20.2,32.5,4.7,20.6,4.79,30.333333333333332,8.666666666666666,21.0,24.96666666666667,22.071428571428573
39,0,Devonte' Graham,0.0,CHA,BKN,3.5,218.5,107.5,26,34.3,45.0,63.3,PG,8300,1,27.0,18.0,106,107,10%,21,18,15,37,36,34,45.3,37.4,26.4,48.3,33.6,47.8,5.8,38.5,4.64,41.2,36.5,5.0,39.85,4.82,35.666666666666664,18.0,39.45,47.53333333333333,40.78107476635515
39,1,Kevin Porter Jr.,0.0,CLE,ORL,3.5,210.0,103.3,17,2.8,15.3,25.3,SG/SF,3500,2,18.0,8.0,100,103,-4%,7,6,6,17,21,21,15.3,14.9,7.9,21.8,20.3,20.5,5.9,13.5,3.86,15.0,20.5,4.3,14.25,4.08,19.666666666666668,6.333333333333333,14.830000000000002,14.466666666666669,14.853813559322033
39,2,Paul George,0.0,LAC,MIL,4.5,233.0,114.3,14,17.5,36.0,47.0,SF/PF,7800,2,32.0,23.0,107,100,-16%,18,16,17,29,30,30,36.0,38.6,28.9,48.2,31.2,22.8,2.9,42.0,5.38,41.1,33.0,5.3,41.55,5.34,29.666666666666668,17.0,38.65,33.5,46.21853932584269
39,3,Troy Brown,0.0,WAS,MIA,9.5,227.5,109.0,18,7.8,19.3,26.3,SG/SF,3800,0,16.0,13.0,103,102,-6%,5,6,7,20,19,21,19.3,18.8,11.1,26.5,23.6,18.8,4.9,18.3,4.8,18.0,21.5,4.7,18.15,4.75,20.0,6.0,18.77,17.8,19.51125
39,4,Svi Mykhailiuk,0.0,DET,IND,2.0,211.5,104.8,3,4.3,14.0,25.5,SG/SF,3700,1,14.0,9.0,101,102,-29%,10,7,5,27,21,17,14.0,10.5,3.7,17.3,8.6,4.3,1.2,17.0,4.59,9.3,16.0,2.5,13.15,3.545,21.666666666666668,7.333333333333333,11.73,14.6,9.71076923076923
39,5,Nemanja Bjelica,0.0,SAC,SA,4.0,216.0,106.0,5,13.0,28.4,37.8,PF,6300,1,18.0,16.0,103,111,1%,13,11,9,29,27,26,28.4,26.3,16.7,35.9,19.1,24.3,3.9,30.5,4.84,27.6,27.5,4.4,29.05,4.62,27.333333333333332,11.0,27.27,26.399999999999995,29.227134146341466
39,6,Ersan Ilyasova,0.0,MIL,LAC,-4.5,233.0,118.8,25,10.5,18.1,29.5,PF/C,3600,1,15.0,17.0,105,103,-10%,7,6,5,15,17,17,18.1,16.2,9.7,22.7,9.9,20.0,5.6,12.3,3.4,13.5,15.0,3.8,12.9,3.5999999999999996,16.333333333333332,6.0,15.920000000000002,19.366666666666667,11.846938775510205
39,7,Damian Lillard,0.0,POR,LAL,4.5,225.5,110.5,15,31.0,41.1,51.5,PG,8500,1,29.0,25.0,103,100,-2%,14,16,19,34,34,37,42.6,47.6,37.0,58.2,40.7,48.8,5.7,43.3,5.09,45.3,36.5,5.3,44.3,5.195,35.0,16.333333333333332,45.94,41.199999999999996,46.19857142857143
40,0,Patty Mills,0.0,SA,SAC,-4.0,216.0,110.0,24,5.5,15.8,26.0,PG/SG,3900,2,19.0,15.0,100,108,-5%,8,8,8,26,25,23,15.8,18.7,10.0,27.4,33.0,25.0,6.4,17.3,4.42,16.5,21.0,4.2,16.9,4.3100000000000005,24.666666666666668,8.0,17.76,15.766666666666666,14.387837837837836
40,1,Matthew Dellavedova,0.0,CLE,ORL,3.5,210.0,103.3,13,2.0,6.9,15.5,PG/SG,3000,2,15.0,4.0,100,103,-4%,2,3,3,5,11,13,6.8,7.9,3.4,12.3,14.3,14.0,4.7,2.8,0.92,7.5,10.5,2.5,5.15,1.71,9.666666666666666,2.6666666666666665,7.109999999999999,8.133333333333333,5.59396551724138
40,2,Jordan Bell,0.0,MIN,OKC,3.5,217.0,106.8,20,-0.3,5.5,19.8,PF/C,3000,1,0.0,0.0,101,106,-8%,1,1,2,4,6,8,5.5,8.3,0.4,16.1,20.9,21.3,7.1,5.3,1.75,0.0,0.0,0.0,2.65,0.875,6.0,1.3333333333333333,6.590000000000001,8.333333333333334,0.0
40,3,Jeremy Lamb,0.0,IND,DET,-2.0,211.5,106.8,13,22.8,30.1,39.5,SG/SF,6100,1,21.0,17.0,101,108,-6%,11,12,13,32,34,33,30.1,31.1,24.4,37.7,33.8,28.8,4.7,30.5,5.0,28.9,31.5,4.7,29.7,4.85,33.0,12.0,30.6,30.8,28.35
40,4,Theo Pinson,0.0,BKN,CHA,-3.5,218.5,111.0,10,9.8,13.3,18.3,PG/SG,3100,1,24.0,4.0,101,111,-3%,7,7,7,14,16,16,13.3,12.4,8.4,16.4,14.3,15.3,4.9,12.3,3.95,12.1,14.0,3.9,12.2,3.925,15.333333333333334,7.0,12.540000000000001,13.800000000000002,11.139130434782608
40,5,Kyle Korver,0.0,MIL,LAC,-4.5,233.0,118.8,6,0.8,9.8,16.5,SG/SF,3100,1,16.0,9.0,105,103,-3%,6,5,5,21,18,16,12.6,10.9,5.7,16.0,18.8,9.0,2.9,9.5,3.06,8.9,12.0,2.9,9.2,2.98,18.333333333333332,5.333333333333333,10.88,9.033333333333333,6.0218181818181815
40,6,Khem Birch,0.0,ORL,CLE,-3.5,210.0,106.8,29,19.3,24.1,29.5,C,5100,1,10.0,11.0,102,111,3%,3,4,3,29,28,22,24.1,14.9,5.4,24.4,31.1,20.5,4.0,24.5,4.8,24.4,28.5,4.8,24.45,4.8,26.333333333333332,3.3333333333333335,18.65,24.3,26.461708860759494
40,7,Jordan Clarkson,0.0,CLE,ORL,3.5,210.0,103.3,17,14.3,24.5,43.3,SG/SF,3900,2,27.0,19.0,100,103,-4%,10,11,11,20,23,22,24.4,22.4,13.7,31.1,21.3,12.3,3.2,18.8,4.81,21.0,21.5,5.4,19.9,5.105,21.666666666666668,10.666666666666666,22.3,27.366666666666664,19.746923076923075
42,0,Yogi Ferrell,0.0,SAC,SA,4.0,216.0,106.0,21,6.0,14.0,20.8,PG/SG,3600,1,19.0,14.0,103,111,7%,6,5,4,18,15,13,13.9,10.6,4.2,17.0,23.1,23.0,6.4,12.3,3.4,12.3,15.5,3.4,12.3,3.4,15.333333333333334,5.0,11.6,13.6,12.433695652173913
42,1,Jeremy Lamb,0.0,IND,DET,-2.0,211.5,106.8,13,22.8,30.1,39.5,SG/SF,6100,1,21.0,17.0,101,108,-6%,11,12,13,32,34,33,30.1,31.1,24.4,37.7,33.8,28.8,4.7,30.5,5.0,28.9,31.5,4.7,29.7,4.85,33.0,12.0,30.6,30.8,28.35
42,2,Marquese Chriss,0.0,GS,CHI,4.5,216.0,105.8,18,6.5,18.4,29.8,PF/C,3800,1,19.0,16.0,105,105,14%,7,5,5,17,20,18,18.4,18.8,10.5,27.1,15.2,16.3,4.3,18.3,4.8,11.2,11.0,2.9,14.75,3.8499999999999996,18.333333333333332,5.666666666666667,17.910000000000004,18.233333333333334,8.85
42,3,Rudy Gay,0.0,SA,SAC,-4.0,216.0,110.0,2,7.8,20.2,30.3,SF/PF,5500,2,21.0,16.0,100,108,6%,12,10,9,23,24,23,20.2,23.4,16.1,30.8,21.4,20.5,3.7,23.0,4.18,23.4,25.0,4.3,23.2,4.24,23.333333333333332,10.333333333333334,22.740000000000002,19.433333333333334,24.857142857142858
42,4,Lonnie Walker IV,0.0,SA,SAC,-4.0,216.0,110.0,9,0.0,15.4,42.0,SG/SF,4100,2,0.0,0.0,100,108,4%,15,8,4,26,13,8,15.4,7.0,-4.2,18.3,11.9,9.0,2.2,13.0,3.17,15.8,17.5,3.9,14.4,3.535,15.666666666666666,9.0,10.18,19.133333333333333,16.085106382978726
42,5,Christian Wood,0.0,DET,IND,2.0,211.5,104.8,3,7.0,19.4,49.0,PF/C,4200,1,20.0,25.0,101,102,-9%,5,6,5,17,15,15,19.4,18.0,4.4,31.5,17.0,17.0,4.0,15.0,3.57,18.7,17.0,4.5,16.85,4.035,15.666666666666666,5.333333333333333,18.03,25.133333333333336,18.28404255319149
42,6,Chris Silva,0.0,MIA,WAS,-9.5,227.5,118.5,28,1.3,14.4,25.0,C,3100,1,17.0,18.0,108,114,13%,1,3,2,6,13,10,13.9,11.4,3.5,19.4,6.2,4.0,1.3,8.5,2.74,0.0,0.0,0.0,4.25,1.37,9.666666666666666,2.0,10.49,13.566666666666668,0.0
42,7,Jaylen Brown,0.0,BOS,DEN,-3.5,205.5,104.5,20,19.5,36.3,47.0,SG/SF,6800,1,23.0,19.0,100,100,-3%,19,15,16,35,34,34,36.3,36.1,26.1,46.0,32.8,33.8,5.0,33.3,4.89,33.8,34.5,5.0,33.55,4.945,34.333333333333336,16.666666666666668,35.61,34.266666666666666,33.7128640776699
43,0,Coby White,0.0,CHI,GS,-4.5,216.0,110.3,29,5.8,15.3,20.8,PG/SG,4800,1,24.0,10.0,103,111,9%,9,10,12,22,24,25,15.3,21.9,11.1,32.8,19.5,22.8,4.8,21.8,4.53,22.3,23.5,4.6,22.05,4.5649999999999995,23.666666666666668,10.333333333333334,20.63,13.966666666666669,21.894718309859154
43,1,Jamal Murray,0.0,DEN,BOS,3.5,205.5,101.0,2,23.8,32.8,41.3,PG/SG,6400,0,27.0,18.0,102,102,-11%,17,17,16,36,34,33,36.1,35.6,24.2,47.1,34.1,23.8,3.7,34.5,5.39,33.3,33.5,5.2,33.9,5.295,34.333333333333336,16.666666666666668,35.38,32.63333333333333,33.07718446601941
43,2,Jonathan Isaac,0.0,ORL,CLE,-3.5,210.0,106.8,9,19.0,28.6,39.8,SF/PF,6400,1,18.0,18.0,102,111,2%,11,12,11,33,31,31,28.6,32.2,21.2,43.1,33.0,26.0,4.1,31.8,4.96,34.3,33.0,5.4,33.05,5.18,31.666666666666668,11.333333333333334,31.630000000000003,29.133333333333336,34.44157894736842
43,3,Danilo Gallinari,0.0,OKC,MIN,-3.5,217.0,110.3,26,23.0,34.5,44.8,SF/PF,6400,1,23.0,20.0,107,106,3%,14,13,13,32,30,30,34.5,31.1,24.4,37.9,36.9,40.8,6.4,32.5,5.08,34.3,32.0,5.4,33.4,5.24,30.666666666666668,13.333333333333334,32.260000000000005,34.1,34.85217391304347
43,4,Patrick Beverley,0.0,LAC,MIL,4.5,233.0,114.3,5,15.0,23.3,36.8,PG/SG,4800,2,14.0,10.0,107,100,6%,4,6,7,26,29,30,23.3,24.3,13.2,35.4,29.9,14.5,3.0,22.8,4.74,24.4,31.0,5.1,23.6,4.92,28.333333333333332,5.666666666666667,23.96,25.03333333333333,25.821176470588238
43,5,Meyers Leonard,0.0,MIA,WAS,-9.5,227.5,118.5,15,8.8,15.3,22.0,PF/C,3100,1,12.0,12.0,108,114,13%,4,4,4,19,17,19,14.8,14.6,4.8,24.3,13.9,13.3,4.3,14.5,4.68,15.4,18.0,5.0,14.95,4.84,18.333333333333332,4.0,14.690000000000001,15.366666666666667,14.678181818181818
43,6,Jakob Poeltl,0.0,SA,SAC,-4.0,216.0,110.0,17,19.0,26.1,43.3,C,5800,2,14.0,18.0,100,108,-4%,6,5,4,34,26,19,26.5,19.2,10.5,28.0,18.1,24.3,4.2,23.3,4.01,19.7,19.5,3.4,21.5,3.705,26.333333333333332,5.0,21.14,29.46666666666667,15.920886075949367
43,7,Derrick White,0.0,SA,SAC,-4.0,216.0,110.0,24,16.8,20.1,26.8,PG/SG,4100,2,18.0,14.0,100,108,-5%,8,8,8,24,25,25,19.9,20.5,13.7,27.3,21.3,3.8,0.9,20.5,5.0,20.4,24.5,5.0,20.45,5.0,24.666666666666668,8.0,20.37,21.233333333333334,20.311824324324323
44,0,D.J. Augustin,0.0,ORL,CLE,-3.5,210.0,106.8,11,11.3,24.4,34.5,PG,4800,1,20.0,13.0,102,111,8%,9,7,8,28,27,26,24.4,20.7,14.2,27.1,26.3,29.3,6.1,23.0,4.79,22.7,26.0,4.7,22.85,4.745,27.0,8.0,21.85,23.400000000000002,22.003703703703703
44,1,Garrett Temple,0.0,BKN,CHA,-3.5,218.5,111.0,25,21.3,30.1,38.5,SG/SF,5800,1,15.0,12.0,101,111,-4%,14,11,8,34,35,27,30.1,21.0,11.0,31.0,32.9,19.5,3.4,24.3,4.18,25.8,34.5,4.4,25.05,4.29,32.0,11.0,23.63,29.96666666666667,27.00703125
44,2,Trevor Ariza,0.0,SAC,SA,4.0,216.0,106.0,6,0.8,11.5,26.0,SF/PF,3300,1,11.0,6.0,103,111,7%,7,5,5,24,21,23,13.4,12.7,5.1,20.3,28.8,25.0,7.6,17.3,5.23,13.3,19.5,4.0,15.3,4.615,22.666666666666668,5.666666666666667,13.360000000000003,12.766666666666666,13.162500000000001
44,3,Moe Harkless,0.0,LAC,MIL,4.5,233.0,114.3,14,2.8,13.2,23.0,SF/PF,3100,2,11.0,9.0,107,100,-16%,3,3,5,23,23,23,13.2,14.3,7.7,20.9,21.8,13.8,4.5,14.3,4.6,14.4,23.5,4.6,14.350000000000001,4.6,23.0,3.6666666666666665,14.09,13.0,14.661956521739132
44,4,Coby White,0.0,CHI,GS,-4.5,216.0,110.3,29,5.8,15.3,20.8,PG/SG,4800,1,24.0,10.0,103,111,9%,9,10,12,22,24,25,15.3,21.9,11.1,32.8,19.5,22.8,4.8,21.8,4.53,22.3,23.5,4.6,22.05,4.5649999999999995,23.666666666666668,10.333333333333334,20.63,13.966666666666669,21.894718309859154
44,5,Omari Spellman,0.0,GS,CHI,4.5,216.0,105.8,18,12.0,23.5,39.8,PF/C,4000,1,20.0,17.0,105,105,14%,7,8,7,21,21,19,23.4,19.9,11.8,27.9,12.1,9.3,2.3,19.3,4.81,11.7,12.0,2.9,15.5,3.8549999999999995,20.333333333333332,7.333333333333333,19.699999999999996,25.099999999999998,9.147540983606557
44,6,Jordan Bell,0.0,MIN,OKC,3.5,217.0,106.8,20,-0.3,5.5,19.8,PF/C,3000,1,0.0,0.0,101,106,-8%,1,1,2,4,6,8,5.5,8.3,0.4,16.1,20.9,21.3,7.1,5.3,1.75,0.0,0.0,0.0,2.65,0.875,6.0,1.3333333333333333,6.590000000000001,8.333333333333334,0.0
44,7,Eric Bledsoe,0.0,MIL,LAC,-4.5,233.0,118.8,20,21.8,27.4,37.8,PG,6200,1,25.0,19.0,105,103,5%,7,6,12,23,26,28,27.3,32.7,23.1,42.3,22.9,22.8,3.7,33.0,5.32,34.0,28.5,5.5,33.5,5.41,25.666666666666668,8.333333333333334,31.78,29.0,37.19805194805195
45,0,Bruce Brown Jr.,0.0,DET,IND,2.0,211.5,104.8,14,8.3,17.3,26.3,PG/SG,4000,1,17.0,9.0,101,102,2%,6,6,7,20,23,27,17.2,20.0,9.0,31.0,23.7,26.0,6.5,19.0,4.75,15.9,23.5,4.0,17.45,4.375,23.333333333333332,6.333333333333333,18.93,17.3,17.57464285714286
45,1,Coby White,0.0,CHI,GS,-4.5,216.0,110.3,29,5.8,15.3,20.8,PG/SG,4800,1,24.0,10.0,103,111,9%,9,10,12,22,24,25,15.3,21.9,11.1,32.8,19.5,22.8,4.8,21.8,4.53,22.3,23.5,4.6,22.05,4.5649999999999995,23.666666666666668,10.333333333333334,20.63,13.966666666666669,21.894718309859154
45,2,Thon Maker,0.0,DET,IND,2.0,211.5,104.8,3,2.0,5.2,8.8,PF/C,3000,1,13.0,12.0,101,102,4%,2,2,2,4,5,11,5.2,8.1,2.4,13.8,6.2,2.0,0.7,2.3,0.75,7.5,10.0,2.5,4.9,1.625,6.666666666666667,2.0,6.88,5.333333333333333,7.35
45,3,Aaron Gordon,0.0,ORL,CLE,-3.5,210.0,106.8,9,4.5,28.2,49.8,SF/PF,6900,1,21.0,15.0,102,111,2%,15,14,12,33,33,32,32.8,30.5,21.0,39.9,31.3,26.3,3.8,33.8,4.89,30.8,32.0,4.5,32.3,4.695,32.666666666666664,13.666666666666666,31.3,27.5,31.64081632653061
45,4,Derrick Walton Jr.,0.0,LAC,MIL,4.5,233.0,114.3,5,0.0,1.9,4.5,PG,3000,2,0.0,0.0,107,100,6%,1,1,1,5,4,4,1.9,1.6,-0.4,3.6,9.8,7.8,2.6,12.0,4.0,0.0,0.0,0.0,6.0,2.0,4.333333333333333,1.0,2.54,2.1333333333333333,0.0
45,5,Dzanan Musa,0.0,BKN,CHA,-3.5,218.5,111.0,7,4.5,8.9,12.8,SF/PF,3000,1,19.0,6.0,101,111,-4%,4,5,6,13,16,17,8.9,11.6,4.6,18.6,12.0,7.8,2.6,11.5,3.83,11.5,13.5,3.8,11.5,3.815,15.333333333333334,5.0,11.040000000000001,8.733333333333334,10.125
45,6,Lauri Markkanen,0.0,CHI,GS,-4.5,216.0,110.3,11,18.8,25.0,31.3,PF/C,5900,1,21.0,12.0,103,111,2%,11,10,11,29,29,29,24.9,27.6,17.0,38.1,36.1,31.8,5.4,34.8,5.89,29.5,31.0,5.0,32.15,5.445,29.0,10.666666666666666,27.95,25.03333333333333,34.36724137931034
45,7,Chris Paul,0.0,OKC,MIN,-3.5,217.0,110.3,27,22.8,29.3,38.8,PG,6300,1,22.0,19.0,107,106,9%,9,11,11,33,31,31,29.3,33.1,25.4,40.9,37.4,50.0,7.9,38.3,6.07,36.5,33.0,5.8,37.4,5.9350000000000005,31.666666666666668,10.333333333333334,33.220000000000006,30.3,38.974736842105266
46,0,Damian Lillard,0.0,POR,LAL,4.5,225.5,110.5,15,31.0,41.1,51.5,PG,8500,1,29.0,25.0,103,100,-2%,14,16,19,34,34,37,42.6,47.6,37.0,58.2,40.7,48.8,5.7,43.3,5.09,45.3,36.5,5.3,44.3,5.195,35.0,16.333333333333332,45.94,41.199999999999996,46.19857142857143
46,1,Garrett Temple,0.0,BKN,CHA,-3.5,218.5,111.0,25,21.3,30.1,38.5,SG/SF,5800,1,15.0,12.0,101,111,-4%,14,11,8,34,35,27,30.1,21.0,11.0,31.0,32.9,19.5,3.4,24.3,4.18,25.8,34.5,4.4,25.05,4.29,32.0,11.0,23.63,29.96666666666667,27.00703125
46,2,Doug McDermott,0.0,IND,DET,-2.0,211.5,106.8,11,6.5,10.4,17.5,SF/PF,3000,1,18.0,11.0,101,108,-1%,7,6,7,19,18,21,10.8,14.6,6.8,22.4,15.9,21.5,7.2,12.0,4.0,11.7,17.0,3.9,11.85,3.95,19.333333333333332,6.666666666666667,13.289999999999997,11.466666666666667,10.419827586206898
46,3,Wesley Matthews,0.0,MIL,LAC,-4.5,233.0,118.8,6,9.3,14.8,19.3,SG/SF,3300,1,13.0,10.0,105,103,-3%,7,7,7,19,22,25,14.8,15.1,7.5,22.6,22.7,23.3,7.1,15.5,4.7,15.3,25.0,4.6,15.4,4.65,22.0,7.0,15.080000000000002,14.466666666666669,17.5
46,4,Darius Garland,0.0,CLE,ORL,3.5,210.0,103.3,13,7.8,17.4,33.3,PG,4100,2,21.0,7.0,100,103,-4%,11,10,11,32,29,28,17.4,18.2,11.0,25.4,30.1,16.3,4.0,22.0,5.37,21.4,29.5,5.2,21.7,5.285,29.666666666666668,10.666666666666666,18.740000000000002,19.5,21.57808988764045
46,5,Luke Kennard,0.0,DET,IND,2.0,211.5,104.8,3,22.3,30.1,40.5,SG/SF,5800,1,21.0,16.0,101,102,2%,15,13,13,32,33,34,28.1,29.8,21.0,38.6,31.9,20.8,3.6,25.3,4.35,26.2,32.0,4.5,25.75,4.425,33.0,13.666666666666666,28.65,30.96666666666667,24.96969696969697
46,6,Bam Adebayo,0.0,MIA,WAS,-9.5,227.5,118.5,28,19.3,31.6,47.8,C,7500,1,19.0,19.0,108,114,13%,12,10,9,38,35,33,32.1,37.4,27.1,47.7,36.5,52.0,6.9,36.3,4.83,42.7,34.5,5.7,39.5,5.265000000000001,35.333333333333336,10.333333333333334,36.760000000000005,32.9,38.568396226415096
46,7,Willie Cauley-Stein,0.0,GS,CHI,4.5,216.0,105.8,19,16.5,23.7,35.5,C,4500,1,15.0,16.0,105,105,19%,4,7,6,19,20,23,23.7,22.1,16.2,28.0,24.3,23.3,5.2,19.5,4.33,20.1,19.5,4.5,19.8,4.415,20.666666666666668,5.666666666666667,21.96,25.233333333333334,18.682258064516127
47,0,D.J. Augustin,0.0,ORL,CLE,-3.5,210.0,106.8,11,11.3,24.4,34.5,PG,4800,1,20.0,13.0,102,111,8%,9,7,8,28,27,26,24.4,20.7,14.2,27.1,26.3,29.3,6.1,23.0,4.79,22.7,26.0,4.7,22.85,4.745,27.0,8.0,21.85,23.400000000000002,22.003703703703703
47,1,Nicolas Batum,0.0,CHA,BKN,3.5,218.5,107.5,16,6.0,14.9,26.0,SG/SF,3500,1,11.0,10.0,106,107,-1%,2,4,3,18,21,22,14.7,16.0,8.7,23.3,33.1,16.5,4.7,16.3,4.64,14.7,19.5,4.2,15.5,4.42,20.333333333333332,3.0,15.64,15.633333333333333,14.864754098360658
47,2,Davis Bertans,0.0,WAS,MIA,9.5,227.5,109.0,17,13.3,28.8,35.3,SF/PF,5700,0,16.0,16.0,103,102,-6%,16,11,10,39,32,29,28.8,25.9,17.1,34.6,32.6,41.0,7.2,28.0,4.91,30.8,35.5,5.4,29.4,5.155,33.333333333333336,12.333333333333334,27.160000000000004,25.8,31.310999999999996
47,3,Joe Harris,0.0,BKN,CHA,-3.5,218.5,111.0,25,24.8,32.1,36.8,SG/SF,5700,1,17.0,14.0,101,111,4%,14,14,12,30,31,32,32.1,25.9,17.0,34.9,30.5,35.8,6.3,26.0,4.56,27.1,31.5,4.8,26.55,4.68,31.0,13.333333333333334,27.290000000000003,31.233333333333334,26.97822580645161
47,4,Derrick Walton Jr.,0.0,LAC,MIL,4.5,233.0,114.3,5,0.0,1.9,4.5,PG,3000,2,0.0,0.0,107,100,6%,1,1,1,5,4,4,1.9,1.6,-0.4,3.6,9.8,7.8,2.6,12.0,4.0,0.0,0.0,0.0,6.0,2.0,4.333333333333333,1.0,2.54,2.1333333333333333,0.0
47,5,Jordan Poole,0.0,GS,CHI,4.5,216.0,105.8,10,1.5,10.8,25.3,SG/SF,3400,1,21.0,4.0,105,105,-12%,7,8,10,18,22,25,15.9,16.7,10.3,23.1,5.8,1.0,0.3,9.3,2.72,7.3,11.5,2.1,8.3,2.41,21.666666666666668,8.333333333333334,14.86,12.533333333333333,4.405384615384616
47,6,Hassan Whiteside,0.0,POR,LAL,4.5,225.5,110.5,5,35.8,45.0,59.0,C,7700,1,21.0,25.0,103,100,-17%,11,11,10,30,27,28,45.0,37.9,27.9,48.0,32.1,41.5,5.4,34.8,4.51,37.7,29.0,4.9,36.25,4.705,28.333333333333332,10.666666666666666,39.010000000000005,46.6,37.102941176470594
47,7,Jerami Grant,0.0,DEN,BOS,3.5,205.5,101.0,13,11.3,19.4,31.0,PF/C,3600,0,18.0,12.0,102,102,2%,7,8,8,20,24,22,19.4,17.4,10.0,24.7,17.9,11.5,3.2,17.5,4.86,16.1,21.5,4.5,16.8,4.68,22.0,7.666666666666667,17.66,20.566666666666666,16.418181818181818
48,0,CJ McCollum,0.0,POR,LAL,4.5,225.5,110.5,15,31.3,36.8,55.5,PG/SG,7400,1,26.0,17.0,103,100,2%,18,20,20,38,37,37,46.1,38.0,25.2,50.8,34.6,29.3,4.0,34.8,4.7,35.8,36.5,4.8,35.3,4.75,37.333333333333336,19.333333333333332,39.08,41.199999999999996,34.51205357142857
48,1,Glenn Robinson III,0.0,GS,CHI,4.5,216.0,105.8,10,9.5,17.0,27.3,SG/SF,4500,1,15.0,12.0,105,105,-1%,11,12,10,32,33,33,16.8,22.8,13.9,31.6,34.0,32.8,7.3,20.8,4.61,21.4,31.5,4.8,21.1,4.705,32.666666666666664,11.0,21.240000000000002,17.933333333333334,20.346428571428575
48,2,Dzanan Musa,0.0,BKN,CHA,-3.5,218.5,111.0,7,4.5,8.9,12.8,SF/PF,3000,1,19.0,6.0,101,111,-4%,4,5,6,13,16,17,8.9,11.6,4.6,18.6,12.0,7.8,2.6,11.5,3.83,11.5,13.5,3.8,11.5,3.815,15.333333333333334,5.0,11.040000000000001,8.733333333333334,10.125
48,3,Jaylen Brown,0.0,BOS,DEN,-3.5,205.5,104.5,20,19.5,36.3,47.0,SG/SF,6800,1,23.0,19.0,100,100,-3%,19,15,16,35,34,34,36.3,36.1,26.1,46.0,32.8,33.8,5.0,33.3,4.89,33.8,34.5,5.0,33.55,4.945,34.333333333333336,16.666666666666668,35.61,34.266666666666666,33.7128640776699
48,4,Draymond Green,0.0,GS,CHI,4.5,216.0,105.8,8,13.5,28.2,42.0,PG/SF,5900,1,18.0,13.0,105,105,14%,6,6,8,24,25,28,28.2,28.3,16.6,40.1,30.3,29.5,5.0,28.3,4.79,28.5,26.0,4.8,28.4,4.795,25.666666666666668,6.666666666666667,28.32,27.900000000000002,28.768831168831166
48,5,PJ Washington,0.0,CHA,BKN,3.5,218.5,107.5,4,14.8,25.8,45.8,PF/C,5000,1,17.0,15.0,106,107,1%,9,10,9,26,28,29,25.8,24.8,15.9,33.6,34.7,28.8,5.8,25.8,5.15,23.9,28.5,4.8,24.85,4.975,27.666666666666668,9.333333333333334,24.990000000000002,28.8,25.598493975903615
48,6,John Henson,0.0,CLE,ORL,3.5,210.0,103.3,6,5.3,11.6,21.0,C,3000,2,0.0,0.0,100,103,-3%,3,3,3,11,11,11,12.6,12.6,10.3,14.9,14.0,19.3,6.4,7.8,2.58,15.0,16.0,5.0,11.4,3.79,11.0,3.0,12.360000000000001,12.633333333333333,16.581818181818182
48,7,Moritz Wagner,0.0,WAS,MIA,9.5,227.5,109.0,8,20.5,24.3,32.3,PF/C,5000,0,22.0,20.0,103,102,2%,8,8,8,24,22,20,24.3,23.3,13.5,33.2,30.6,35.3,7.1,24.0,4.8,29.3,28.5,5.9,26.65,5.35,22.0,8.0,24.190000000000005,25.7,34.52386363636363
49,0,Ish Smith,0.0,WAS,MIA,9.5,227.5,109.0,18,9.0,23.8,42.5,PG,3600,0,17.0,12.0,103,102,-8%,8,9,8,24,23,24,23.8,20.5,10.5,30.5,32.5,32.0,8.9,27.3,7.57,27.9,32.5,7.8,27.6,7.6850000000000005,23.666666666666668,8.333333333333334,22.580000000000002,25.099999999999998,37.901408450704224
49,1,Langston Galloway,0.0,DET,IND,2.0,211.5,104.8,14,13.0,18.0,24.8,PG/SG,4100,1,16.0,15.0,101,102,2%,9,7,9,30,27,28,18.0,20.4,13.6,27.3,28.2,10.0,2.4,17.3,4.21,16.1,24.0,3.9,16.700000000000003,4.055,28.333333333333332,8.333333333333334,19.2,18.599999999999998,14.14588235294118
49,2,Semi Ojeleye,0.0,BOS,DEN,-3.5,205.5,104.5,8,7.0,11.2,15.8,SF/PF,3300,1,9.0,7.0,100,100,-9%,3,4,2,22,22,14,11.2,6.5,0.7,12.2,28.7,10.0,3.0,10.8,3.26,9.5,17.5,2.9,10.15,3.08,19.333333333333332,3.0,8.15,11.333333333333334,9.1875
49,3,Svi Mykhailiuk,0.0,DET,IND,2.0,211.5,104.8,3,4.3,14.0,25.5,SG/SF,3700,1,14.0,9.0,101,102,-29%,10,7,5,27,21,17,14.0,10.5,3.7,17.3,8.6,4.3,1.2,17.0,4.59,9.3,16.0,2.5,13.15,3.545,21.666666666666668,7.333333333333333,11.73,14.6,9.71076923076923
49,4,DeMar DeRozan,0.0,SA,SAC,-4.0,216.0,110.0,9,30.5,38.1,41.8,SG/SF,7400,2,27.0,20.0,100,108,4%,21,18,17,38,35,34,39.6,37.6,30.9,44.2,39.7,43.5,5.9,36.5,4.93,37.7,34.0,5.1,37.1,5.015,35.666666666666664,18.666666666666668,37.88,36.8,35.36635514018692
49,5,Robert Covington,0.0,MIN,OKC,3.5,217.0,106.8,15,17.5,24.4,36.0,SF/PF,5600,1,17.0,15.0,101,106,3%,11,8,9,30,28,27,24.4,26.2,18.1,34.3,37.8,26.3,4.7,26.5,4.73,26.9,31.0,4.8,26.7,4.765000000000001,28.333333333333332,9.333333333333334,25.939999999999998,25.96666666666667,29.21294117647059
49,6,Gorgui Dieng,0.0,MIN,OKC,3.5,217.0,106.8,13,2.0,14.5,24.3,C,3300,1,18.0,19.0,101,106,3%,3,4,4,12,13,13,14.4,15.7,5.4,26.0,15.3,8.8,2.7,15.3,4.62,15.3,13.5,4.6,15.3,4.609999999999999,12.666666666666666,3.6666666666666665,15.36,13.6,16.306578947368422
49,7,T.J. McConnell,0.0,IND,DET,-2.0,211.5,106.8,12,9.5,15.1,25.0,PG,3400,1,23.0,17.0,101,108,4%,6,6,6,16,15,17,15.1,18.2,10.2,26.2,12.3,5.3,1.6,15.8,4.63,15.1,16.0,4.4,15.45,4.515000000000001,16.0,6.0,17.03,16.533333333333335,15.45
