Lineup Num,,Player Name,injury_status,team,opp,spread,over_under,implied_team_score,L5_dvp_rank,L5_ppg_floor,L5_ppg_avg,L5_ppg_max,Pos,Salary,Rest,USG,PER,Opp Pace,Opp DEff,Opp DvP,L2 FGA,L5 FGA,S FGA,L2 Min,L5 Min,S Min,L5 FP,S FP,Floor FP,Ceil FP,Actual Min,Actual FP,Actual Val,FantasyFuelPPGProj,FantasyFuelValueProj,DFN_PPGProj,DFN_MinProj,DFN_ValueProj,Avg Proj,Avg Value Proj,Avg Skewed Min,Avg Skewed FGA,Avg Skewed FP,Avg L5 PPG,Proj Min Enhanced
2,0,Ky Bowman,0.0,GS,NO,4.0,227.0,111.5,16,8.3,11.1,14.8,PG,3000,1,18.0,10.0,110,111,21%,6,4,6,13,14,18,11.1,13.2,2.1,24.3,27.6,31.0,10.3,24.5,8.17,23.4,27.5,7.8,23.95,7.984999999999999,15.0,5.333333333333333,14.929999999999998,11.4,43.90833333333333
2,1,Alex Caruso,0.0,LAL,ATL,-14.0,220.5,117.3,19,10.5,16.6,22.5,PG/SG,4000,1,15.0,9.0,104,106,18%,9,6,5,28,23,20,16.6,13.8,8.1,19.5,21.1,13.8,3.5,18.8,4.69,19.7,25.0,4.9,19.25,4.795,23.666666666666668,6.666666666666667,15.45,16.533333333333335,20.33450704225352
2,2,De'Andre Hunter,0.0,ATL,LAL,14.0,220.5,103.3,7,9.0,21.2,29.3,SF/PF,4200,0,16.0,7.0,103,97,-8%,15,12,10,30,32,30,21.2,19.2,11.8,26.6,33.9,19.0,4.5,20.3,4.82,21.7,31.5,5.2,21.0,5.01,30.666666666666668,12.333333333333334,19.96,19.833333333333332,21.570652173913043
2,3,Evan Fournier,0.0,ORL,WAS,-5.5,224.0,114.8,15,10.5,30.0,39.8,SG/SF,6000,1,24.0,17.0,108,111,0%,13,11,12,32,30,29,30.0,26.9,16.9,36.8,31.1,43.8,7.3,29.3,4.88,29.6,31.5,4.9,29.450000000000003,4.890000000000001,30.333333333333332,12.0,28.01,26.766666666666666,30.582692307692312
2,4,DeAndre' Bembry,0.0,ATL,LAL,14.0,220.5,103.3,2,13.3,17.2,19.8,PG/SF,4000,0,15.0,13.0,103,97,2%,4,5,6,22,28,26,17.1,20.3,11.9,28.7,17.9,9.5,2.4,18.8,4.69,24.2,29.0,6.0,21.5,5.345000000000001,25.333333333333332,5.0,19.900000000000002,16.766666666666666,24.611842105263158
2,5,Wes Iwundu,0.0,ORL,WAS,-5.5,224.0,114.8,15,2.3,7.0,17.0,SG/SF,3000,1,0.0,0.0,108,111,0%,2,3,3,8,9,9,4.2,4.2,2.2,6.2,11.8,8.5,2.8,5.5,1.83,0.0,0.0,0.0,2.75,0.915,8.666666666666666,2.6666666666666665,3.91,8.766666666666667,0.0
2,6,Moritz Wagner,0.0,WAS,ORL,5.5,224.0,109.3,24,16.5,28.5,58.3,PF/C,5200,1,24.0,22.0,100,100,0%,11,8,8,22,19,19,28.5,24.0,11.4,36.6,20.4,20.8,4.0,16.5,3.17,16.8,18.0,3.2,16.65,3.185,20.0,9.0,23.43,34.43333333333333,14.984999999999998
2,7,Mohamed Bamba,0.0,ORL,WAS,-5.5,224.0,114.8,30,2.0,11.3,19.8,C,3000,1,0.0,0.0,108,111,18%,1,5,5,13,13,13,11.3,12.0,5.2,18.8,15.1,10.5,3.5,13.8,4.58,14.2,13.0,4.7,14.0,4.640000000000001,13.0,3.6666666666666665,12.260000000000002,11.033333333333333,14.0
3,0,Isaiah Thomas,0.0,WAS,ORL,5.5,224.0,109.3,8,15.5,22.5,30.3,PG,5600,1,26.0,17.0,100,100,-4%,11,11,10,28,26,22,22.5,23.4,12.4,34.3,28.7,24.5,4.4,26.3,4.69,29.1,29.0,5.2,27.700000000000003,4.945,25.333333333333332,10.666666666666666,24.06,22.766666666666666,31.709210526315793
3,1,Glenn Robinson III,0.0,GS,NO,4.0,227.0,111.5,24,15.0,20.9,27.5,SG/SF,4500,1,14.0,13.0,110,111,9%,9,9,9,30,32,31,20.9,22.4,14.7,30.2,35.3,25.0,5.6,21.5,4.78,25.2,31.5,5.6,23.35,5.1899999999999995,31.0,9.0,22.310000000000002,21.133333333333333,23.72661290322581
3,2,Mason Plumlee,0.0,DEN,MEM,-7.0,215.0,111.0,3,13.8,19.9,27.3,PF/C,4200,2,19.0,18.0,107,108,-1%,7,5,4,18,18,17,19.9,18.8,13.6,24.0,17.0,26.8,6.4,20.0,4.76,16.5,16.0,3.9,18.25,4.33,17.666666666666668,5.333333333333333,18.91,20.333333333333332,16.528301886792452
3,3,C.J. Miles,0.0,WAS,ORL,5.5,224.0,109.3,5,6.3,14.5,27.5,SG/SF,3100,1,19.0,12.0,100,100,-12%,4,7,7,13,17,17,14.5,14.5,5.6,23.4,20.1,26.5,8.5,14.0,4.52,12.1,15.5,3.9,13.05,4.21,15.666666666666666,6.0,14.209999999999999,16.099999999999998,12.911170212765958
3,4,Allen Crabbe,0.0,ATL,LAL,14.0,220.5,103.3,23,9.0,18.1,36.0,SG/SF,3100,0,0.0,0.0,103,97,2%,4,4,4,15,15,15,11.5,11.5,8.0,15.0,15.1,13.3,4.3,14.5,4.68,11.0,15.0,3.5,12.75,4.09,15.0,4.0,11.75,21.033333333333335,12.75
3,5,Al-Farouq Aminu,0.0,ORL,WAS,-5.5,224.0,114.8,20,0.0,12.6,36.3,SF/PF,4300,1,13.0,10.0,108,111,2%,5,5,5,22,21,22,17.6,17.4,7.0,27.9,32.0,15.5,3.6,28.5,6.63,25.9,29.5,6.0,27.2,6.3149999999999995,21.666666666666668,5.0,19.42,16.3,37.03384615384615
3,6,Moritz Wagner,0.0,WAS,ORL,5.5,224.0,109.3,24,16.5,28.5,58.3,PF/C,5200,1,24.0,22.0,100,100,0%,11,8,8,22,19,19,28.5,24.0,11.4,36.6,20.4,20.8,4.0,16.5,3.17,16.8,18.0,3.2,16.65,3.185,20.0,9.0,23.43,34.43333333333333,14.984999999999998
3,7,Damian Jones,0.0,ATL,LAL,14.0,220.5,103.3,1,8.3,20.0,29.0,C,3800,0,13.0,17.0,103,97,-16%,8,7,4,21,20,16,20.0,13.8,5.4,22.1,25.8,18.0,4.7,14.5,3.82,17.8,23.0,4.7,16.15,4.26,19.0,6.333333333333333,15.489999999999998,19.099999999999998,19.55
4,0,Trae Young,0.0,ATL,LAL,14.0,220.5,103.3,2,36.8,55.3,68.0,PG,9400,0,37.0,26.0,103,97,-8%,17,21,21,32,38,36,55.3,51.8,34.8,68.7,39.1,46.3,4.9,48.8,5.19,50.2,36.0,5.3,49.5,5.245,35.333333333333336,19.666666666666668,52.02,53.36666666666667,50.43396226415094
4,1,Evan Fournier,0.0,ORL,WAS,-5.5,224.0,114.8,15,10.5,30.0,39.8,SG/SF,6000,1,24.0,17.0,108,111,0%,13,11,12,32,30,29,30.0,26.9,16.9,36.8,31.1,43.8,7.3,29.3,4.88,29.6,31.5,4.9,29.450000000000003,4.890000000000001,30.333333333333332,12.0,28.01,26.766666666666666,30.582692307692312
4,2,Kyle Kuzma,0.0,LAL,ATL,-14.0,220.5,117.3,28,13.3,23.8,31.0,SF/PF,5400,1,25.0,12.0,104,106,-8%,11,12,11,28,26,23,23.8,20.4,12.4,28.4,25.5,27.8,5.1,25.8,4.77,24.8,27.0,4.6,25.3,4.685,25.666666666666668,11.333333333333334,22.06,22.7,26.614285714285714
4,3,Jared Dudley,0.0,LAL,ATL,-14.0,220.5,117.3,28,0.0,4.6,18.3,SF/PF,3200,1,0.0,0.0,104,106,19%,2,1,1,13,7,8,4.6,4.1,-2.1,10.2,2.9,1.3,0.4,7.0,2.19,0.0,0.0,0.0,3.5,1.095,9.333333333333334,1.3333333333333333,4.06,7.633333333333333,0.0
4,4,Ish Smith,0.0,WAS,ORL,5.5,224.0,109.3,8,9.5,14.9,24.3,PG,3500,1,15.0,9.0,100,100,-4%,5,6,7,20,21,25,14.8,17.5,10.2,24.8,19.3,20.0,5.7,16.0,4.57,15.3,19.5,4.4,15.65,4.485,22.0,6.0,16.59,16.233333333333334,13.87159090909091
4,5,Marko Guduric,0.0,MEM,DEN,7.0,215.0,104.0,14,1.0,15.9,27.8,SG/SF,3400,1,17.0,10.0,100,100,-3%,8,6,6,16,19,18,15.9,12.9,4.8,20.9,22.1,12.8,3.8,13.0,3.82,12.2,17.0,3.6,12.6,3.71,17.666666666666668,6.666666666666667,13.419999999999998,14.9,12.12452830188679
4,6,Mason Plumlee,0.0,DEN,MEM,-7.0,215.0,111.0,3,13.8,19.9,27.3,PF/C,4200,2,19.0,18.0,107,108,-1%,7,5,4,18,18,17,19.9,18.8,13.6,24.0,17.0,26.8,6.4,20.0,4.76,16.5,16.0,3.9,18.25,4.33,17.666666666666668,5.333333333333333,18.91,20.333333333333332,16.528301886792452
4,7,Alex Len,0.0,ATL,LAL,14.0,220.5,103.3,1,9.3,20.8,36.5,C,4600,0,17.0,14.0,103,97,-16%,8,7,6,22,21,19,20.8,17.0,8.7,25.3,14.8,8.0,1.7,17.8,3.86,19.0,20.5,4.1,18.4,3.9799999999999995,20.666666666666668,7.0,18.04,22.2,18.2516129032258
5,0,Tyus Jones,0.0,MEM,DEN,7.0,215.0,104.0,5,4.3,18.0,30.0,PG/SG,3700,1,20.0,12.0,100,100,-3%,5,7,7,18,21,21,18.0,18.3,10.1,26.4,18.8,16.5,4.5,17.3,4.66,16.2,19.0,4.4,16.75,4.53,20.0,6.333333333333333,17.91,17.433333333333334,15.9125
5,1,Glenn Robinson III,0.0,GS,NO,4.0,227.0,111.5,24,15.0,20.9,27.5,SG/SF,4500,1,14.0,13.0,110,111,9%,9,9,9,30,32,31,20.9,22.4,14.7,30.2,35.3,25.0,5.6,21.5,4.78,25.2,31.5,5.6,23.35,5.1899999999999995,31.0,9.0,22.310000000000002,21.133333333333333,23.72661290322581
5,2,Rui Hachimura,0.0,WAS,ORL,5.5,224.0,109.3,24,11.0,24.7,37.3,PF,5100,1,20.0,16.0,100,100,0%,11,9,12,25,24,28,24.6,25.1,15.1,35.1,27.9,14.0,2.7,23.5,4.61,25.5,28.0,5.0,24.5,4.805,25.666666666666668,10.666666666666666,24.880000000000003,24.333333333333332,26.727272727272727
5,3,Dillon Brooks,0.0,MEM,DEN,7.0,215.0,104.0,14,13.5,24.8,32.0,SG/SF,5100,1,22.0,14.0,100,100,-7%,14,12,12,30,27,28,24.8,25.5,17.0,33.9,18.4,5.5,1.1,18.8,3.68,21.7,28.5,4.3,20.25,3.99,28.333333333333332,12.666666666666666,24.29,23.433333333333334,20.369117647058825
5,4,Jrue Holiday,0.0,NO,GS,-4.0,227.0,115.5,21,25.5,43.2,63.8,PG/SG,8400,0,25.0,15.0,105,114,2%,18,16,16,37,36,35,43.3,38.6,27.1,50.1,37.5,47.5,5.7,53.3,6.34,48.2,37.5,5.7,50.75,6.02,36.0,16.666666666666668,41.97,44.166666666666664,52.864583333333336
5,5,Moritz Wagner,0.0,WAS,ORL,5.5,224.0,109.3,24,16.5,28.5,58.3,PF/C,5200,1,24.0,22.0,100,100,0%,11,8,8,22,19,19,28.5,24.0,11.4,36.6,20.4,20.8,4.0,16.5,3.17,16.8,18.0,3.2,16.65,3.185,20.0,9.0,23.43,34.43333333333333,14.984999999999998
5,6,Alex Len,0.0,ATL,LAL,14.0,220.5,103.3,1,9.3,20.8,36.5,C,4600,0,17.0,14.0,103,97,-16%,8,7,6,22,21,19,20.8,17.0,8.7,25.3,14.8,8.0,1.7,17.8,3.86,19.0,20.5,4.1,18.4,3.9799999999999995,20.666666666666668,7.0,18.04,22.2,18.2516129032258
5,7,Jamal Murray,0.0,DEN,MEM,-7.0,215.0,111.0,28,17.8,33.6,53.0,PG/SG,6700,2,26.0,15.0,107,108,1%,14,16,15,31,34,33,33.6,32.5,22.7,42.3,31.2,67.5,10.1,34.5,5.15,33.6,32.5,5.0,34.05,5.075,32.666666666666664,15.0,33.029999999999994,34.800000000000004,33.87627551020408
6,0,Quinn Cook,0.0,LAL,ATL,-14.0,220.5,117.3,19,4.0,9.1,15.8,PG,3200,1,19.0,11.0,104,106,-13%,7,5,6,14,13,15,9.1,11.3,1.3,21.2,5.1,5.0,1.6,9.5,2.97,0.0,0.0,0.0,4.75,1.485,14.0,6.0,9.529999999999998,9.633333333333333,0.0
6,1,Danny Green,0.0,LAL,ATL,-14.0,220.5,117.3,28,9.3,14.3,20.8,SG/SF,4000,1,14.0,11.0,104,106,18%,5,6,7,22,24,26,14.3,17.8,7.3,28.3,23.8,31.8,8.0,21.3,5.31,20.5,26.5,5.1,20.9,5.205,24.0,6.0,17.72,14.800000000000002,23.07708333333333
6,2,Draymond Green,0.0,GS,NO,4.0,227.0,111.5,21,17.8,25.0,37.8,PF/C,6200,1,17.0,13.0,110,111,4%,8,8,8,31,29,29,25.0,28.8,15.0,42.5,32.5,25.5,4.1,36.3,5.85,38.8,32.0,6.3,37.55,6.074999999999999,29.666666666666668,8.0,29.77,26.866666666666664,40.50337078651685
6,3,LeBron James,0.0,LAL,ATL,-14.0,220.5,117.3,19,39.5,50.3,58.0,PG/SF,10700,1,34.0,28.0,104,106,19%,21,19,19,33,35,35,50.6,55.4,40.2,70.6,33.1,68.3,6.4,55.0,5.14,57.1,35.5,5.3,56.05,5.22,34.333333333333336,19.666666666666668,54.57000000000001,49.26666666666667,57.95461165048543
6,4,Ja Morant,0.0,MEM,DEN,7.0,215.0,104.0,5,18.0,31.5,42.8,PG,6500,1,33.0,18.0,100,100,-3%,19,16,15,30,27,28,31.9,33.2,22.3,44.0,21.1,23.0,3.5,31.8,4.88,35.4,29.5,5.4,33.6,5.140000000000001,28.333333333333332,16.666666666666668,33.0,30.766666666666666,34.98352941176471
6,5,Dillon Brooks,0.0,MEM,DEN,7.0,215.0,104.0,14,13.5,24.8,32.0,SG/SF,5100,1,22.0,14.0,100,100,-7%,14,12,12,30,27,28,24.8,25.5,17.0,33.9,18.4,5.5,1.1,18.8,3.68,21.7,28.5,4.3,20.25,3.99,28.333333333333332,12.666666666666666,24.29,23.433333333333334,20.369117647058825
6,6,Brandon Clarke,0.0,MEM,DEN,7.0,215.0,104.0,6,18.0,24.1,30.5,PF/C,4600,1,19.0,22.0,100,100,-12%,8,8,8,20,21,22,24.1,24.7,17.5,31.8,24.2,27.3,5.9,20.5,4.46,21.4,20.0,4.7,20.95,4.58,21.0,8.0,23.81,24.2,19.952380952380953
6,7,Juancho Hernangomez,0.0,DEN,MEM,-7.0,215.0,111.0,25,0.0,5.1,15.0,SF/PF,3000,2,0.0,0.0,107,108,-5%,3,2,2,10,10,10,5.4,5.4,-1.4,12.2,28.9,24.8,8.3,5.3,1.75,0.0,0.0,0.0,2.65,0.875,10.0,2.3333333333333335,4.85,6.7,0.0
7,0,Isaiah Thomas,0.0,WAS,ORL,5.5,224.0,109.3,8,15.5,22.5,30.3,PG,5600,1,26.0,17.0,100,100,-4%,11,11,10,28,26,22,22.5,23.4,12.4,34.3,28.7,24.5,4.4,26.3,4.69,29.1,29.0,5.2,27.700000000000003,4.945,25.333333333333332,10.666666666666666,24.06,22.766666666666666,31.709210526315793
7,1,Tyus Jones,0.0,MEM,DEN,7.0,215.0,104.0,5,4.3,18.0,30.0,PG/SG,3700,1,20.0,12.0,100,100,-3%,5,7,7,18,21,21,18.0,18.3,10.1,26.4,18.8,16.5,4.5,17.3,4.66,16.2,19.0,4.4,16.75,4.53,20.0,6.333333333333333,17.91,17.433333333333334,15.9125
7,2,Kyle Kuzma,0.0,LAL,ATL,-14.0,220.5,117.3,28,13.3,23.8,31.0,SF/PF,5400,1,25.0,12.0,104,106,-8%,11,12,11,28,26,23,23.8,20.4,12.4,28.4,25.5,27.8,5.1,25.8,4.77,24.8,27.0,4.6,25.3,4.685,25.666666666666668,11.333333333333334,22.06,22.7,26.614285714285714
7,3,Wes Iwundu,0.0,ORL,WAS,-5.5,224.0,114.8,15,2.3,7.0,17.0,SG/SF,3000,1,0.0,0.0,108,111,0%,2,3,3,8,9,9,4.2,4.2,2.2,6.2,11.8,8.5,2.8,5.5,1.83,0.0,0.0,0.0,2.75,0.915,8.666666666666666,2.6666666666666665,3.91,8.766666666666667,0.0
7,4,Trae Young,0.0,ATL,LAL,14.0,220.5,103.3,2,36.8,55.3,68.0,PG,9400,0,37.0,26.0,103,97,-8%,17,21,21,32,38,36,55.3,51.8,34.8,68.7,39.1,46.3,4.9,48.8,5.19,50.2,36.0,5.3,49.5,5.245,35.333333333333336,19.666666666666668,52.02,53.36666666666667,50.43396226415094
7,5,Al-Farouq Aminu,0.0,ORL,WAS,-5.5,224.0,114.8,20,0.0,12.6,36.3,SF/PF,4300,1,13.0,10.0,108,111,2%,5,5,5,22,21,22,17.6,17.4,7.0,27.9,32.0,15.5,3.6,28.5,6.63,25.9,29.5,6.0,27.2,6.3149999999999995,21.666666666666668,5.0,19.42,16.3,37.03384615384615
7,6,Mason Plumlee,0.0,DEN,MEM,-7.0,215.0,111.0,3,13.8,19.9,27.3,PF/C,4200,2,19.0,18.0,107,108,-1%,7,5,4,18,18,17,19.9,18.8,13.6,24.0,17.0,26.8,6.4,20.0,4.76,16.5,16.0,3.9,18.25,4.33,17.666666666666668,5.333333333333333,18.91,20.333333333333332,16.528301886792452
7,7,Draymond Green,0.0,GS,NO,4.0,227.0,111.5,21,17.8,25.0,37.8,PF/C,6200,1,17.0,13.0,110,111,4%,8,8,8,31,29,29,25.0,28.8,15.0,42.5,32.5,25.5,4.1,36.3,5.85,38.8,32.0,6.3,37.55,6.074999999999999,29.666666666666668,8.0,29.77,26.866666666666664,40.50337078651685
8,0,Alex Caruso,0.0,LAL,ATL,-14.0,220.5,117.3,19,10.5,16.6,22.5,PG/SG,4000,1,15.0,9.0,104,106,18%,9,6,5,28,23,20,16.6,13.8,8.1,19.5,21.1,13.8,3.5,18.8,4.69,19.7,25.0,4.9,19.25,4.795,23.666666666666668,6.666666666666667,15.45,16.533333333333335,20.33450704225352
8,1,E'Twaun Moore,0.0,NO,GS,-4.0,227.0,115.5,17,5.5,20.5,34.5,SG/SF,4000,0,20.0,12.0,105,114,7%,17,12,10,35,25,22,20.4,17.8,8.1,27.6,24.5,19.8,5.0,19.0,4.75,28.0,35.0,7.0,23.5,5.875,27.333333333333332,13.0,19.48,20.166666666666668,30.091463414634145
8,2,Brandon Clarke,0.0,MEM,DEN,7.0,215.0,104.0,6,18.0,24.1,30.5,PF/C,4600,1,19.0,22.0,100,100,-12%,8,8,8,20,21,22,24.1,24.7,17.5,31.8,24.2,27.3,5.9,20.5,4.46,21.4,20.0,4.7,20.95,4.58,21.0,8.0,23.81,24.2,19.952380952380953
8,3,Evan Fournier,0.0,ORL,WAS,-5.5,224.0,114.8,15,10.5,30.0,39.8,SG/SF,6000,1,24.0,17.0,108,111,0%,13,11,12,32,30,29,30.0,26.9,16.9,36.8,31.1,43.8,7.3,29.3,4.88,29.6,31.5,4.9,29.450000000000003,4.890000000000001,30.333333333333332,12.0,28.01,26.766666666666666,30.582692307692312
8,4,Jordan Poole,0.0,GS,NO,4.0,227.0,111.5,24,14.5,17.3,21.0,SG/SF,4100,1,20.0,4.0,110,111,21%,12,10,11,27,29,27,16.9,17.3,11.8,22.7,23.1,9.8,2.4,20.5,5.0,23.2,30.5,5.7,21.85,5.35,27.666666666666668,11.0,18.110000000000003,17.599999999999998,24.08765060240964
8,5,Danny Green,0.0,LAL,ATL,-14.0,220.5,117.3,28,9.3,14.3,20.8,SG/SF,4000,1,14.0,11.0,104,106,18%,5,6,7,22,24,26,14.3,17.8,7.3,28.3,23.8,31.8,8.0,21.3,5.31,20.5,26.5,5.1,20.9,5.205,24.0,6.0,17.72,14.800000000000002,23.07708333333333
8,6,JaVale McGee,0.0,LAL,ATL,-14.0,220.5,117.3,7,12.3,25.7,54.8,C,5500,1,18.0,22.0,104,106,-2%,9,8,5,20,16,16,25.6,19.0,5.3,32.7,15.2,18.8,3.4,18.8,3.41,16.0,14.5,2.9,17.4,3.1550000000000002,17.333333333333332,7.333333333333333,20.0,30.933333333333334,14.555769230769231
8,7,Al-Farouq Aminu,0.0,ORL,WAS,-5.5,224.0,114.8,20,0.0,12.6,36.3,SF/PF,4300,1,13.0,10.0,108,111,2%,5,5,5,22,21,22,17.6,17.4,7.0,27.9,32.0,15.5,3.6,28.5,6.63,25.9,29.5,6.0,27.2,6.3149999999999995,21.666666666666668,5.0,19.42,16.3,37.03384615384615
9,0,Evan Turner,0.0,ATL,LAL,14.0,220.5,103.3,2,5.8,14.7,23.8,PG/SF,3000,0,0.0,0.0,103,97,2%,4,4,4,11,12,12,13.8,13.8,5.5,22.0,15.0,10.0,3.3,9.3,3.08,9.6,11.0,3.2,9.45,3.14,11.666666666666666,4.0,12.91,14.766666666666666,8.91
9,1,Jrue Holiday,0.0,NO,GS,-4.0,227.0,115.5,21,25.5,43.2,63.8,PG/SG,8400,0,25.0,15.0,105,114,2%,18,16,16,37,36,35,43.3,38.6,27.1,50.1,37.5,47.5,5.7,53.3,6.34,48.2,37.5,5.7,50.75,6.02,36.0,16.666666666666668,41.97,44.166666666666664,52.864583333333336
9,2,Solomon Hill,0.0,MEM,DEN,7.0,215.0,104.0,14,9.0,12.6,19.8,SF/PF,3200,1,15.0,12.0,100,100,-7%,6,5,5,20,17,18,12.6,14.1,7.8,20.3,16.7,14.0,4.4,11.5,3.59,11.6,17.0,3.6,11.55,3.5949999999999998,18.333333333333332,5.333333333333333,13.27,13.800000000000002,10.710000000000003
9,3,Juancho Hernangomez,0.0,DEN,MEM,-7.0,215.0,111.0,25,0.0,5.1,15.0,SF/PF,3000,2,0.0,0.0,107,108,-5%,3,2,2,10,10,10,5.4,5.4,-1.4,12.2,28.9,24.8,8.3,5.3,1.75,0.0,0.0,0.0,2.65,0.875,10.0,2.3333333333333335,4.85,6.7,0.0
9,4,Josh Gray,0.0,NO,GS,-4.0,227.0,115.5,21,4.0,14.2,32.0,PG,3000,0,0.0,0.0,105,114,2%,1,1,1,8,8,8,2.3,2.3,-0.9,5.4,7.3,0.5,0.2,5.0,1.67,10.9,11.0,3.6,7.95,2.635,8.0,1.0,3.41,16.733333333333334,10.93125
9,5,Jordan Poole,0.0,GS,NO,4.0,227.0,111.5,24,14.5,17.3,21.0,SG/SF,4100,1,20.0,4.0,110,111,21%,12,10,11,27,29,27,16.9,17.3,11.8,22.7,23.1,9.8,2.4,20.5,5.0,23.2,30.5,5.7,21.85,5.35,27.666666666666668,11.0,18.110000000000003,17.599999999999998,24.08765060240964
9,6,Moritz Wagner,0.0,WAS,ORL,5.5,224.0,109.3,24,16.5,28.5,58.3,PF/C,5200,1,24.0,22.0,100,100,0%,11,8,8,22,19,19,28.5,24.0,11.4,36.6,20.4,20.8,4.0,16.5,3.17,16.8,18.0,3.2,16.65,3.185,20.0,9.0,23.43,34.43333333333333,14.984999999999998
9,7,Jaren Jackson Jr.,0.0,MEM,DEN,7.0,215.0,104.0,6,20.8,30.1,44.0,PF/C,5500,1,22.0,13.0,100,100,-12%,11,14,11,29,31,27,29.7,25.6,14.0,37.2,23.5,29.8,5.4,27.0,4.91,29.6,29.5,5.4,28.3,5.155,29.0,12.0,26.96,31.633333333333336,28.78793103448276
10,0,Markelle Fultz,0.0,ORL,WAS,-5.5,224.0,114.8,15,17.5,20.5,25.5,PG/SG,4500,1,21.0,15.0,108,111,4%,7,8,8,23,24,23,20.9,19.9,15.7,24.2,25.9,26.8,6.0,23.3,5.17,23.3,24.5,5.2,23.3,5.1850000000000005,23.333333333333332,7.666666666666667,20.8,21.166666666666668,24.465000000000003
10,1,E'Twaun Moore,0.0,NO,GS,-4.0,227.0,115.5,17,5.5,20.5,34.5,SG/SF,4000,0,20.0,12.0,105,114,7%,17,12,10,35,25,22,20.4,17.8,8.1,27.6,24.5,19.8,5.0,19.0,4.75,28.0,35.0,7.0,23.5,5.875,27.333333333333332,13.0,19.48,20.166666666666668,30.091463414634145
10,2,Kyle Anderson,0.0,MEM,DEN,7.0,215.0,104.0,14,11.8,21.1,27.3,SF/PF,4400,1,15.0,16.0,100,100,-7%,7,6,6,20,21,21,21.1,19.9,12.8,26.9,23.3,18.0,4.1,15.8,3.58,16.5,20.0,3.8,16.15,3.69,20.666666666666668,6.333333333333333,19.369999999999997,20.066666666666666,15.629032258064514
10,3,Aaron Gordon,0.0,ORL,WAS,-5.5,224.0,114.8,20,22.5,32.6,50.8,SF/PF,6600,1,21.0,15.0,108,111,2%,14,13,12,36,34,32,32.5,29.5,20.4,38.6,36.5,27.8,4.2,36.5,5.53,36.0,34.5,5.5,36.25,5.515000000000001,34.0,13.0,31.45,35.300000000000004,36.783088235294116
10,4,Michael Carter-Williams,0.0,ORL,WAS,-5.5,224.0,114.8,15,5.0,17.2,34.3,PG,3300,1,19.0,13.0,108,111,4%,4,6,5,12,18,16,17.1,14.5,5.4,23.7,5.7,1.3,0.4,13.3,4.02,14.0,14.0,4.2,13.65,4.109999999999999,15.333333333333334,5.0,14.87,18.833333333333332,12.46304347826087
10,5,Michael Porter Jr.,0.0,DEN,MEM,-7.0,215.0,111.0,25,1.3,4.4,10.0,SF/PF,3000,2,0.0,0.0,107,108,-5%,2,3,3,5,6,8,4.3,7.3,0.2,14.3,13.2,9.8,3.3,7.3,2.42,0.0,0.0,0.0,3.65,1.21,6.333333333333333,2.6666666666666665,5.949999999999999,5.233333333333333,0.0
10,6,Willie Cauley-Stein,0.0,GS,NO,4.0,227.0,111.5,17,21.0,24.9,30.3,C,4900,1,15.0,18.0,110,111,-6%,7,7,6,24,25,21,24.9,21.8,16.3,27.2,24.6,23.5,4.8,26.0,5.31,27.6,25.0,5.6,26.8,5.455,23.333333333333332,6.666666666666667,23.4,25.400000000000002,28.714285714285715
10,7,Mason Plumlee,0.0,DEN,MEM,-7.0,215.0,111.0,3,13.8,19.9,27.3,PF/C,4200,2,19.0,18.0,107,108,-1%,7,5,4,18,18,17,19.9,18.8,13.6,24.0,17.0,26.8,6.4,20.0,4.76,16.5,16.0,3.9,18.25,4.33,17.666666666666668,5.333333333333333,18.91,20.333333333333332,16.528301886792452
11,0,Alex Caruso,0.0,LAL,ATL,-14.0,220.5,117.3,19,10.5,16.6,22.5,PG/SG,4000,1,15.0,9.0,104,106,18%,9,6,5,28,23,20,16.6,13.8,8.1,19.5,21.1,13.8,3.5,18.8,4.69,19.7,25.0,4.9,19.25,4.795,23.666666666666668,6.666666666666667,15.45,16.533333333333335,20.33450704225352
11,1,Bradley Beal,0.0,WAS,ORL,5.5,224.0,109.3,5,37.3,50.1,68.3,SG,9600,1,34.0,23.0,100,100,-10%,25,23,23,38,38,36,50.0,48.5,33.8,63.1,39.6,56.5,5.9,42.8,4.45,45.2,37.5,4.7,44.0,4.575,37.333333333333336,23.666666666666668,47.879999999999995,51.9,44.19642857142857
11,2,Jared Dudley,0.0,LAL,ATL,-14.0,220.5,117.3,28,0.0,4.6,18.3,SF/PF,3200,1,0.0,0.0,104,106,19%,2,1,1,13,7,8,4.6,4.1,-2.1,10.2,2.9,1.3,0.4,7.0,2.19,0.0,0.0,0.0,3.5,1.095,9.333333333333334,1.3333333333333333,4.06,7.633333333333333,0.0
11,3,Jordan Poole,0.0,GS,NO,4.0,227.0,111.5,24,14.5,17.3,21.0,SG/SF,4100,1,20.0,4.0,110,111,21%,12,10,11,27,29,27,16.9,17.3,11.8,22.7,23.1,9.8,2.4,20.5,5.0,23.2,30.5,5.7,21.85,5.35,27.666666666666668,11.0,18.110000000000003,17.599999999999998,24.08765060240964
11,4,Quinn Cook,0.0,LAL,ATL,-14.0,220.5,117.3,19,4.0,9.1,15.8,PG,3200,1,19.0,11.0,104,106,-13%,7,5,6,14,13,15,9.1,11.3,1.3,21.2,5.1,5.0,1.6,9.5,2.97,0.0,0.0,0.0,4.75,1.485,14.0,6.0,9.529999999999998,9.633333333333333,0.0
11,5,Juancho Hernangomez,0.0,DEN,MEM,-7.0,215.0,111.0,25,0.0,5.1,15.0,SF/PF,3000,2,0.0,0.0,107,108,-5%,3,2,2,10,10,10,5.4,5.4,-1.4,12.2,28.9,24.8,8.3,5.3,1.75,0.0,0.0,0.0,2.65,0.875,10.0,2.3333333333333335,4.85,6.7,0.0
11,6,Willie Cauley-Stein,0.0,GS,NO,4.0,227.0,111.5,17,21.0,24.9,30.3,C,4900,1,15.0,18.0,110,111,-6%,7,7,6,24,25,21,24.9,21.8,16.3,27.2,24.6,23.5,4.8,26.0,5.31,27.6,25.0,5.6,26.8,5.455,23.333333333333332,6.666666666666667,23.4,25.400000000000002,28.714285714285715
11,7,Nikola Jokic,0.0,DEN,MEM,-7.0,215.0,111.0,26,25.3,41.3,57.5,C,8700,2,28.0,21.0,107,108,-1%,17,18,15,29,31,31,41.3,41.7,29.8,53.6,25.6,26.8,3.1,45.0,5.17,43.4,31.0,5.0,44.2,5.085,30.333333333333332,16.666666666666668,42.120000000000005,41.36666666666667,45.17142857142858
12,0,Evan Turner,0.0,ATL,LAL,14.0,220.5,103.3,2,5.8,14.7,23.8,PG/SF,3000,0,0.0,0.0,103,97,2%,4,4,4,11,12,12,13.8,13.8,5.5,22.0,15.0,10.0,3.3,9.3,3.08,9.6,11.0,3.2,9.45,3.14,11.666666666666666,4.0,12.91,14.766666666666666,8.91
12,1,Troy Brown,0.0,WAS,ORL,5.5,224.0,109.3,5,9.5,21.6,39.5,SG/SF,4700,1,16.0,17.0,100,100,-12%,6,8,7,27,24,23,21.6,21.0,11.4,30.7,23.9,13.3,2.8,22.0,4.68,22.4,27.0,4.8,22.2,4.74,24.666666666666668,7.0,21.380000000000003,23.53333333333333,24.299999999999997
12,2,Draymond Green,0.0,GS,NO,4.0,227.0,111.5,21,17.8,25.0,37.8,PF/C,6200,1,17.0,13.0,110,111,4%,8,8,8,31,29,29,25.0,28.8,15.0,42.5,32.5,25.5,4.1,36.3,5.85,38.8,32.0,6.3,37.55,6.074999999999999,29.666666666666668,8.0,29.77,26.866666666666664,40.50337078651685
12,3,Jabari Parker,0.0,ATL,LAL,14.0,220.5,103.3,7,26.0,40.6,57.3,SF/PF,7200,0,25.0,22.0,103,97,-19%,14,17,13,28,32,27,40.5,30.9,18.0,43.7,32.0,32.0,4.4,30.8,4.27,34.4,32.5,4.8,32.6,4.535,29.0,14.666666666666666,33.14,41.3,36.53448275862069
12,4,Ish Smith,0.0,WAS,ORL,5.5,224.0,109.3,8,9.5,14.9,24.3,PG,3500,1,15.0,9.0,100,100,-4%,5,6,7,20,21,25,14.8,17.5,10.2,24.8,19.3,20.0,5.7,16.0,4.57,15.3,19.5,4.4,15.65,4.485,22.0,6.0,16.59,16.233333333333334,13.87159090909091
12,5,Kyle Anderson,0.0,MEM,DEN,7.0,215.0,104.0,14,11.8,21.1,27.3,SF/PF,4400,1,15.0,16.0,100,100,-7%,7,6,6,20,21,21,21.1,19.9,12.8,26.9,23.3,18.0,4.1,15.8,3.58,16.5,20.0,3.8,16.15,3.69,20.666666666666668,6.333333333333333,19.369999999999997,20.066666666666666,15.629032258064514
12,6,Jaren Jackson Jr.,0.0,MEM,DEN,7.0,215.0,104.0,6,20.8,30.1,44.0,PF/C,5500,1,22.0,13.0,100,100,-12%,11,14,11,29,31,27,29.7,25.6,14.0,37.2,23.5,29.8,5.4,27.0,4.91,29.6,29.5,5.4,28.3,5.155,29.0,12.0,26.96,31.633333333333336,28.78793103448276
12,7,Allen Crabbe,0.0,ATL,LAL,14.0,220.5,103.3,23,9.0,18.1,36.0,SG/SF,3100,0,0.0,0.0,103,97,2%,4,4,4,15,15,15,11.5,11.5,8.0,15.0,15.1,13.3,4.3,14.5,4.68,11.0,15.0,3.5,12.75,4.09,15.0,4.0,11.75,21.033333333333335,12.75
13,0,Isaiah Thomas,0.0,WAS,ORL,5.5,224.0,109.3,8,15.5,22.5,30.3,PG,5600,1,26.0,17.0,100,100,-4%,11,11,10,28,26,22,22.5,23.4,12.4,34.3,28.7,24.5,4.4,26.3,4.69,29.1,29.0,5.2,27.700000000000003,4.945,25.333333333333332,10.666666666666666,24.06,22.766666666666666,31.709210526315793
13,1,Allen Crabbe,0.0,ATL,LAL,14.0,220.5,103.3,23,9.0,18.1,36.0,SG/SF,3100,0,0.0,0.0,103,97,2%,4,4,4,15,15,15,11.5,11.5,8.0,15.0,15.1,13.3,4.3,14.5,4.68,11.0,15.0,3.5,12.75,4.09,15.0,4.0,11.75,21.033333333333335,12.75
13,2,Juancho Hernangomez,0.0,DEN,MEM,-7.0,215.0,111.0,25,0.0,5.1,15.0,SF/PF,3000,2,0.0,0.0,107,108,-5%,3,2,2,10,10,10,5.4,5.4,-1.4,12.2,28.9,24.8,8.3,5.3,1.75,0.0,0.0,0.0,2.65,0.875,10.0,2.3333333333333335,4.85,6.7,0.0
13,3,E'Twaun Moore,0.0,NO,GS,-4.0,227.0,115.5,17,5.5,20.5,34.5,SG/SF,4000,0,20.0,12.0,105,114,7%,17,12,10,35,25,22,20.4,17.8,8.1,27.6,24.5,19.8,5.0,19.0,4.75,28.0,35.0,7.0,23.5,5.875,27.333333333333332,13.0,19.48,20.166666666666668,30.091463414634145
13,4,D.J. Augustin,0.0,ORL,WAS,-5.5,224.0,114.8,15,19.8,24.1,31.8,PG,4400,1,20.0,14.0,108,111,4%,11,10,9,26,26,25,24.1,19.7,13.8,25.5,24.4,21.8,5.0,21.8,4.94,22.5,24.5,5.1,22.15,5.02,25.666666666666668,10.0,21.05,25.233333333333334,21.143181818181816
13,5,Kyle Kuzma,0.0,LAL,ATL,-14.0,220.5,117.3,28,13.3,23.8,31.0,SF/PF,5400,1,25.0,12.0,104,106,-8%,11,12,11,28,26,23,23.8,20.4,12.4,28.4,25.5,27.8,5.1,25.8,4.77,24.8,27.0,4.6,25.3,4.685,25.666666666666668,11.333333333333334,22.06,22.7,26.614285714285714
13,6,Dwight Howard,0.0,LAL,ATL,-14.0,220.5,117.3,7,10.5,19.3,30.0,C,4800,1,13.0,19.0,104,106,-2%,4,4,4,21,19,21,19.3,22.0,12.5,31.5,24.0,19.8,4.1,22.5,4.69,21.2,20.0,4.4,21.85,4.545,20.333333333333332,4.0,21.43,19.933333333333334,21.49180327868853
13,7,Evan Turner,0.0,ATL,LAL,14.0,220.5,103.3,2,5.8,14.7,23.8,PG/SF,3000,0,0.0,0.0,103,97,2%,4,4,4,11,12,12,13.8,13.8,5.5,22.0,15.0,10.0,3.3,9.3,3.08,9.6,11.0,3.2,9.45,3.14,11.666666666666666,4.0,12.91,14.766666666666666,8.91
14,0,Trae Young,0.0,ATL,LAL,14.0,220.5,103.3,2,36.8,55.3,68.0,PG,9400,0,37.0,26.0,103,97,-8%,17,21,21,32,38,36,55.3,51.8,34.8,68.7,39.1,46.3,4.9,48.8,5.19,50.2,36.0,5.3,49.5,5.245,35.333333333333336,19.666666666666668,52.02,53.36666666666667,50.43396226415094
14,1,Allen Crabbe,0.0,ATL,LAL,14.0,220.5,103.3,23,9.0,18.1,36.0,SG/SF,3100,0,0.0,0.0,103,97,2%,4,4,4,15,15,15,11.5,11.5,8.0,15.0,15.1,13.3,4.3,14.5,4.68,11.0,15.0,3.5,12.75,4.09,15.0,4.0,11.75,21.033333333333335,12.75
14,2,Solomon Hill,0.0,MEM,DEN,7.0,215.0,104.0,14,9.0,12.6,19.8,SF/PF,3200,1,15.0,12.0,100,100,-7%,6,5,5,20,17,18,12.6,14.1,7.8,20.3,16.7,14.0,4.4,11.5,3.59,11.6,17.0,3.6,11.55,3.5949999999999998,18.333333333333332,5.333333333333333,13.27,13.800000000000002,10.710000000000003
14,3,Al-Farouq Aminu,0.0,ORL,WAS,-5.5,224.0,114.8,20,0.0,12.6,36.3,SF/PF,4300,1,13.0,10.0,108,111,2%,5,5,5,22,21,22,17.6,17.4,7.0,27.9,32.0,15.5,3.6,28.5,6.63,25.9,29.5,6.0,27.2,6.3149999999999995,21.666666666666668,5.0,19.42,16.3,37.03384615384615
14,4,DeAndre' Bembry,0.0,ATL,LAL,14.0,220.5,103.3,2,13.3,17.2,19.8,PG/SF,4000,0,15.0,13.0,103,97,2%,4,5,6,22,28,26,17.1,20.3,11.9,28.7,17.9,9.5,2.4,18.8,4.69,24.2,29.0,6.0,21.5,5.345000000000001,25.333333333333332,5.0,19.900000000000002,16.766666666666666,24.611842105263158
14,5,Jerami Grant,0.0,DEN,MEM,-7.0,215.0,111.0,3,9.5,18.3,30.3,PF/C,3900,2,19.0,11.0,107,108,16%,10,9,8,20,20,22,18.3,16.0,8.7,23.4,24.1,26.5,6.8,15.3,3.91,14.8,20.5,3.8,15.05,3.855,20.666666666666668,9.0,16.29,19.366666666666667,14.928629032258065
14,6,Bruno Fernando,0.0,ATL,LAL,14.0,220.5,103.3,1,2.0,6.2,11.8,C,3000,0,17.0,14.0,103,97,-19%,4,2,3,16,11,12,6.2,10.1,3.1,17.1,12.7,9.8,3.3,12.5,4.17,13.4,15.0,4.5,12.95,4.335,13.0,3.0,9.89,6.666666666666667,14.942307692307692
14,7,Isaiah Thomas,0.0,WAS,ORL,5.5,224.0,109.3,8,15.5,22.5,30.3,PG,5600,1,26.0,17.0,100,100,-4%,11,11,10,28,26,22,22.5,23.4,12.4,34.3,28.7,24.5,4.4,26.3,4.69,29.1,29.0,5.2,27.700000000000003,4.945,25.333333333333332,10.666666666666666,24.06,22.766666666666666,31.709210526315793
15,0,D.J. Augustin,0.0,ORL,WAS,-5.5,224.0,114.8,15,19.8,24.1,31.8,PG,4400,1,20.0,14.0,108,111,4%,11,10,9,26,26,25,24.1,19.7,13.8,25.5,24.4,21.8,5.0,21.8,4.94,22.5,24.5,5.1,22.15,5.02,25.666666666666668,10.0,21.05,25.233333333333334,21.143181818181816
15,1,Wes Iwundu,0.0,ORL,WAS,-5.5,224.0,114.8,15,2.3,7.0,17.0,SG/SF,3000,1,0.0,0.0,108,111,0%,2,3,3,8,9,9,4.2,4.2,2.2,6.2,11.8,8.5,2.8,5.5,1.83,0.0,0.0,0.0,2.75,0.915,8.666666666666666,2.6666666666666665,3.91,8.766666666666667,0.0
15,2,Davis Bertans,0.0,WAS,ORL,5.5,224.0,109.3,10,11.3,19.5,29.0,SF/PF,4300,1,15.0,13.0,100,100,-12%,10,9,9,26,26,27,19.5,21.2,13.9,28.4,32.5,32.5,7.6,18.8,4.36,19.4,26.0,4.5,19.1,4.43,26.333333333333332,9.333333333333334,20.419999999999998,19.933333333333334,18.85822784810127
15,3,Al-Farouq Aminu,0.0,ORL,WAS,-5.5,224.0,114.8,20,0.0,12.6,36.3,SF/PF,4300,1,13.0,10.0,108,111,2%,5,5,5,22,21,22,17.6,17.4,7.0,27.9,32.0,15.5,3.6,28.5,6.63,25.9,29.5,6.0,27.2,6.3149999999999995,21.666666666666668,5.0,19.42,16.3,37.03384615384615
15,4,Alec Burks,0.0,GS,NO,4.0,227.0,111.5,16,16.8,27.7,38.8,PG/SG,4900,1,21.0,18.0,110,111,9%,9,10,10,26,28,26,27.6,24.4,12.3,36.6,29.7,19.5,4.0,25.8,5.26,32.5,31.5,6.6,29.15,5.93,26.666666666666668,9.666666666666666,26.009999999999998,27.766666666666666,34.4334375
15,5,Troy Brown,0.0,WAS,ORL,5.5,224.0,109.3,5,9.5,21.6,39.5,SG/SF,4700,1,16.0,17.0,100,100,-12%,6,8,7,27,24,23,21.6,21.0,11.4,30.7,23.9,13.3,2.8,22.0,4.68,22.4,27.0,4.8,22.2,4.74,24.666666666666668,7.0,21.380000000000003,23.53333333333333,24.299999999999997
15,6,Draymond Green,0.0,GS,NO,4.0,227.0,111.5,21,17.8,25.0,37.8,PF/C,6200,1,17.0,13.0,110,111,4%,8,8,8,31,29,29,25.0,28.8,15.0,42.5,32.5,25.5,4.1,36.3,5.85,38.8,32.0,6.3,37.55,6.074999999999999,29.666666666666668,8.0,29.77,26.866666666666664,40.50337078651685
15,7,LeBron James,0.0,LAL,ATL,-14.0,220.5,117.3,19,39.5,50.3,58.0,PG/SF,10700,1,34.0,28.0,104,106,19%,21,19,19,33,35,35,50.6,55.4,40.2,70.6,33.1,68.3,6.4,55.0,5.14,57.1,35.5,5.3,56.05,5.22,34.333333333333336,19.666666666666668,54.57000000000001,49.26666666666667,57.95461165048543
16,0,Alex Caruso,0.0,LAL,ATL,-14.0,220.5,117.3,19,10.5,16.6,22.5,PG/SG,4000,1,15.0,9.0,104,106,18%,9,6,5,28,23,20,16.6,13.8,8.1,19.5,21.1,13.8,3.5,18.8,4.69,19.7,25.0,4.9,19.25,4.795,23.666666666666668,6.666666666666667,15.45,16.533333333333335,20.33450704225352
16,1,Markelle Fultz,0.0,ORL,WAS,-5.5,224.0,114.8,15,17.5,20.5,25.5,PG/SG,4500,1,21.0,15.0,108,111,4%,7,8,8,23,24,23,20.9,19.9,15.7,24.2,25.9,26.8,6.0,23.3,5.17,23.3,24.5,5.2,23.3,5.1850000000000005,23.333333333333332,7.666666666666667,20.8,21.166666666666668,24.465000000000003
16,2,Paul Millsap,0.0,DEN,MEM,-7.0,215.0,111.0,3,20.8,30.7,37.5,PF/C,5800,2,20.0,18.0,107,108,-5%,13,10,9,29,29,27,30.7,26.0,17.2,34.9,20.2,39.3,6.8,28.5,4.91,26.9,28.0,4.6,27.7,4.755,28.333333333333332,10.666666666666666,27.3,29.666666666666668,27.374117647058824
16,3,Kyle Anderson,0.0,MEM,DEN,7.0,215.0,104.0,14,11.8,21.1,27.3,SF/PF,4400,1,15.0,16.0,100,100,-7%,7,6,6,20,21,21,21.1,19.9,12.8,26.9,23.3,18.0,4.1,15.8,3.58,16.5,20.0,3.8,16.15,3.69,20.666666666666668,6.333333333333333,19.369999999999997,20.066666666666666,15.629032258064514
16,4,Ja Morant,0.0,MEM,DEN,7.0,215.0,104.0,5,18.0,31.5,42.8,PG,6500,1,33.0,18.0,100,100,-3%,19,16,15,30,27,28,31.9,33.2,22.3,44.0,21.1,23.0,3.5,31.8,4.88,35.4,29.5,5.4,33.6,5.140000000000001,28.333333333333332,16.666666666666668,33.0,30.766666666666666,34.98352941176471
16,5,Jaren Jackson Jr.,0.0,MEM,DEN,7.0,215.0,104.0,6,20.8,30.1,44.0,PF/C,5500,1,22.0,13.0,100,100,-12%,11,14,11,29,31,27,29.7,25.6,14.0,37.2,23.5,29.8,5.4,27.0,4.91,29.6,29.5,5.4,28.3,5.155,29.0,12.0,26.96,31.633333333333336,28.78793103448276
16,6,Omari Spellman,0.0,GS,NO,4.0,227.0,111.5,21,10.8,18.7,30.3,PF/C,3600,1,21.0,19.0,110,111,4%,6,6,6,14,15,16,18.7,17.6,10.0,25.3,13.9,6.0,1.7,17.3,4.79,15.4,14.5,4.3,16.35,4.545,15.0,6.0,17.589999999999996,19.933333333333334,15.805000000000001
16,7,Jabari Parker,0.0,ATL,LAL,14.0,220.5,103.3,7,26.0,40.6,57.3,SF/PF,7200,0,25.0,22.0,103,97,-19%,14,17,13,28,32,27,40.5,30.9,18.0,43.7,32.0,32.0,4.4,30.8,4.27,34.4,32.5,4.8,32.6,4.535,29.0,14.666666666666666,33.14,41.3,36.53448275862069
17,0,LeBron James,0.0,LAL,ATL,-14.0,220.5,117.3,19,39.5,50.3,58.0,PG/SF,10700,1,34.0,28.0,104,106,19%,21,19,19,33,35,35,50.6,55.4,40.2,70.6,33.1,68.3,6.4,55.0,5.14,57.1,35.5,5.3,56.05,5.22,34.333333333333336,19.666666666666668,54.57000000000001,49.26666666666667,57.95461165048543
17,1,Troy Brown,0.0,WAS,ORL,5.5,224.0,109.3,5,9.5,21.6,39.5,SG/SF,4700,1,16.0,17.0,100,100,-12%,6,8,7,27,24,23,21.6,21.0,11.4,30.7,23.9,13.3,2.8,22.0,4.68,22.4,27.0,4.8,22.2,4.74,24.666666666666668,7.0,21.380000000000003,23.53333333333333,24.299999999999997
17,2,Michael Porter Jr.,0.0,DEN,MEM,-7.0,215.0,111.0,25,1.3,4.4,10.0,SF/PF,3000,2,0.0,0.0,107,108,-5%,2,3,3,5,6,8,4.3,7.3,0.2,14.3,13.2,9.8,3.3,7.3,2.42,0.0,0.0,0.0,3.65,1.21,6.333333333333333,2.6666666666666665,5.949999999999999,5.233333333333333,0.0
17,3,Kentavious Caldwell-Pope,0.0,LAL,ATL,-14.0,220.5,117.3,28,1.3,10.1,22.8,SG/SF,3700,1,16.0,8.0,104,106,18%,10,7,7,22,18,21,12.8,13.1,5.5,20.8,20.7,16.3,4.4,16.5,4.46,18.8,25.5,5.1,17.65,4.779999999999999,20.333333333333332,8.0,13.969999999999999,11.4,22.13483606557377
17,4,Jordan Poole,0.0,GS,NO,4.0,227.0,111.5,24,14.5,17.3,21.0,SG/SF,4100,1,20.0,4.0,110,111,21%,12,10,11,27,29,27,16.9,17.3,11.8,22.7,23.1,9.8,2.4,20.5,5.0,23.2,30.5,5.7,21.85,5.35,27.666666666666668,11.0,18.110000000000003,17.599999999999998,24.08765060240964
17,5,Omari Spellman,0.0,GS,NO,4.0,227.0,111.5,21,10.8,18.7,30.3,PF/C,3600,1,21.0,19.0,110,111,4%,6,6,6,14,15,16,18.7,17.6,10.0,25.3,13.9,6.0,1.7,17.3,4.79,15.4,14.5,4.3,16.35,4.545,15.0,6.0,17.589999999999996,19.933333333333334,15.805000000000001
17,6,Dwight Howard,0.0,LAL,ATL,-14.0,220.5,117.3,7,10.5,19.3,30.0,C,4800,1,13.0,19.0,104,106,-2%,4,4,4,21,19,21,19.3,22.0,12.5,31.5,24.0,19.8,4.1,22.5,4.69,21.2,20.0,4.4,21.85,4.545,20.333333333333332,4.0,21.43,19.933333333333334,21.49180327868853
17,7,Jonas Valanciunas,0.0,MEM,DEN,7.0,215.0,104.0,23,19.8,29.4,39.0,C,6400,1,23.0,18.0,100,100,3%,10,11,10,26,25,23,29.4,29.1,20.0,38.3,22.3,29.5,4.6,36.0,5.63,35.6,27.0,5.6,35.8,5.615,24.666666666666668,10.333333333333334,30.52,29.400000000000002,39.18648648648648
18,0,Monte Morris,0.0,DEN,MEM,-7.0,215.0,111.0,28,5.5,19.8,29.0,PG,4200,2,22.0,15.0,107,108,1%,11,8,7,21,20,18,19.8,15.8,6.8,24.8,19.3,18.0,4.3,18.0,4.29,17.1,19.5,4.1,17.55,4.195,19.666666666666668,8.666666666666666,16.95,18.099999999999998,17.401271186440677
18,1,Jamal Murray,0.0,DEN,MEM,-7.0,215.0,111.0,28,17.8,33.6,53.0,PG/SG,6700,2,26.0,15.0,107,108,1%,14,16,15,31,34,33,33.6,32.5,22.7,42.3,31.2,67.5,10.1,34.5,5.15,33.6,32.5,5.0,34.05,5.075,32.666666666666664,15.0,33.029999999999994,34.800000000000004,33.87627551020408
18,2,Eric Paschall,0.0,GS,NO,4.0,227.0,111.5,15,13.3,21.8,31.5,SF/PF,5000,1,19.0,15.0,110,111,4%,15,13,11,33,33,31,21.8,24.6,12.1,37.1,34.7,42.3,8.5,28.8,5.75,29.2,32.5,5.8,29.0,5.775,32.333333333333336,13.0,24.919999999999998,22.2,29.149484536082472
18,3,Jared Dudley,0.0,LAL,ATL,-14.0,220.5,117.3,28,0.0,4.6,18.3,SF/PF,3200,1,0.0,0.0,104,106,19%,2,1,1,13,7,8,4.6,4.1,-2.1,10.2,2.9,1.3,0.4,7.0,2.19,0.0,0.0,0.0,3.5,1.095,9.333333333333334,1.3333333333333333,4.06,7.633333333333333,0.0
18,4,Wes Iwundu,0.0,ORL,WAS,-5.5,224.0,114.8,15,2.3,7.0,17.0,SG/SF,3000,1,0.0,0.0,108,111,0%,2,3,3,8,9,9,4.2,4.2,2.2,6.2,11.8,8.5,2.8,5.5,1.83,0.0,0.0,0.0,2.75,0.915,8.666666666666666,2.6666666666666665,3.91,8.766666666666667,0.0
18,5,Glenn Robinson III,0.0,GS,NO,4.0,227.0,111.5,24,15.0,20.9,27.5,SG/SF,4500,1,14.0,13.0,110,111,9%,9,9,9,30,32,31,20.9,22.4,14.7,30.2,35.3,25.0,5.6,21.5,4.78,25.2,31.5,5.6,23.35,5.1899999999999995,31.0,9.0,22.310000000000002,21.133333333333333,23.72661290322581
18,6,Omari Spellman,0.0,GS,NO,4.0,227.0,111.5,21,10.8,18.7,30.3,PF/C,3600,1,21.0,19.0,110,111,4%,6,6,6,14,15,16,18.7,17.6,10.0,25.3,13.9,6.0,1.7,17.3,4.79,15.4,14.5,4.3,16.35,4.545,15.0,6.0,17.589999999999996,19.933333333333334,15.805000000000001
18,7,Alex Caruso,0.0,LAL,ATL,-14.0,220.5,117.3,19,10.5,16.6,22.5,PG/SG,4000,1,15.0,9.0,104,106,18%,9,6,5,28,23,20,16.6,13.8,8.1,19.5,21.1,13.8,3.5,18.8,4.69,19.7,25.0,4.9,19.25,4.795,23.666666666666668,6.666666666666667,15.45,16.533333333333335,20.33450704225352
19,0,D.J. Augustin,0.0,ORL,WAS,-5.5,224.0,114.8,15,19.8,24.1,31.8,PG,4400,1,20.0,14.0,108,111,4%,11,10,9,26,26,25,24.1,19.7,13.8,25.5,24.4,21.8,5.0,21.8,4.94,22.5,24.5,5.1,22.15,5.02,25.666666666666668,10.0,21.05,25.233333333333334,21.143181818181816
19,1,Terrence Ross,0.0,ORL,WAS,-5.5,224.0,114.8,15,13.8,21.1,26.8,SG/SF,4700,1,23.0,9.0,108,111,9%,12,9,10,27,24,23,21.1,18.1,12.1,24.1,24.7,26.0,5.5,25.3,5.37,24.9,26.5,5.3,25.1,5.335,24.666666666666668,10.333333333333334,20.1,20.566666666666666,26.965540540540538
19,2,Jerami Grant,0.0,DEN,MEM,-7.0,215.0,111.0,3,9.5,18.3,30.3,PF/C,3900,2,19.0,11.0,107,108,16%,10,9,8,20,20,22,18.3,16.0,8.7,23.4,24.1,26.5,6.8,15.3,3.91,14.8,20.5,3.8,15.05,3.855,20.666666666666668,9.0,16.29,19.366666666666667,14.928629032258065
19,3,Kenrich Williams,0.0,NO,GS,-4.0,227.0,115.5,30,7.5,23.9,33.3,SF/PF,5400,0,12.0,14.0,105,114,8%,8,7,5,35,30,23,23.9,19.4,8.3,30.4,35.8,24.5,4.5,33.0,6.11,32.1,36.5,5.9,32.55,6.005000000000001,29.333333333333332,6.666666666666667,22.909999999999997,21.566666666666663,40.502556818181816
19,4,Troy Brown,0.0,WAS,ORL,5.5,224.0,109.3,5,9.5,21.6,39.5,SG/SF,4700,1,16.0,17.0,100,100,-12%,6,8,7,27,24,23,21.6,21.0,11.4,30.7,23.9,13.3,2.8,22.0,4.68,22.4,27.0,4.8,22.2,4.74,24.666666666666668,7.0,21.380000000000003,23.53333333333333,24.299999999999997
19,5,Davis Bertans,0.0,WAS,ORL,5.5,224.0,109.3,10,11.3,19.5,29.0,SF/PF,4300,1,15.0,13.0,100,100,-12%,10,9,9,26,26,27,19.5,21.2,13.9,28.4,32.5,32.5,7.6,18.8,4.36,19.4,26.0,4.5,19.1,4.43,26.333333333333332,9.333333333333334,20.419999999999998,19.933333333333334,18.85822784810127
19,6,JaVale McGee,0.0,LAL,ATL,-14.0,220.5,117.3,7,12.3,25.7,54.8,C,5500,1,18.0,22.0,104,106,-2%,9,8,5,20,16,16,25.6,19.0,5.3,32.7,15.2,18.8,3.4,18.8,3.41,16.0,14.5,2.9,17.4,3.1550000000000002,17.333333333333332,7.333333333333333,20.0,30.933333333333334,14.555769230769231
19,7,Paul Millsap,0.0,DEN,MEM,-7.0,215.0,111.0,3,20.8,30.7,37.5,PF/C,5800,2,20.0,18.0,107,108,-5%,13,10,9,29,29,27,30.7,26.0,17.2,34.9,20.2,39.3,6.8,28.5,4.91,26.9,28.0,4.6,27.7,4.755,28.333333333333332,10.666666666666666,27.3,29.666666666666668,27.374117647058824
20,0,Michael Carter-Williams,0.0,ORL,WAS,-5.5,224.0,114.8,15,5.0,17.2,34.3,PG,3300,1,19.0,13.0,108,111,4%,4,6,5,12,18,16,17.1,14.5,5.4,23.7,5.7,1.3,0.4,13.3,4.02,14.0,14.0,4.2,13.65,4.109999999999999,15.333333333333334,5.0,14.87,18.833333333333332,12.46304347826087
20,1,Tyus Jones,0.0,MEM,DEN,7.0,215.0,104.0,5,4.3,18.0,30.0,PG/SG,3700,1,20.0,12.0,100,100,-3%,5,7,7,18,21,21,18.0,18.3,10.1,26.4,18.8,16.5,4.5,17.3,4.66,16.2,19.0,4.4,16.75,4.53,20.0,6.333333333333333,17.91,17.433333333333334,15.9125
20,2,Eric Paschall,0.0,GS,NO,4.0,227.0,111.5,15,13.3,21.8,31.5,SF/PF,5000,1,19.0,15.0,110,111,4%,15,13,11,33,33,31,21.8,24.6,12.1,37.1,34.7,42.3,8.5,28.8,5.75,29.2,32.5,5.8,29.0,5.775,32.333333333333336,13.0,24.919999999999998,22.2,29.149484536082472
20,3,Michael Porter Jr.,0.0,DEN,MEM,-7.0,215.0,111.0,25,1.3,4.4,10.0,SF/PF,3000,2,0.0,0.0,107,108,-5%,2,3,3,5,6,8,4.3,7.3,0.2,14.3,13.2,9.8,3.3,7.3,2.42,0.0,0.0,0.0,3.65,1.21,6.333333333333333,2.6666666666666665,5.949999999999999,5.233333333333333,0.0
20,4,E'Twaun Moore,0.0,NO,GS,-4.0,227.0,115.5,17,5.5,20.5,34.5,SG/SF,4000,0,20.0,12.0,105,114,7%,17,12,10,35,25,22,20.4,17.8,8.1,27.6,24.5,19.8,5.0,19.0,4.75,28.0,35.0,7.0,23.5,5.875,27.333333333333332,13.0,19.48,20.166666666666668,30.091463414634145
20,5,Jaren Jackson Jr.,0.0,MEM,DEN,7.0,215.0,104.0,6,20.8,30.1,44.0,PF/C,5500,1,22.0,13.0,100,100,-12%,11,14,11,29,31,27,29.7,25.6,14.0,37.2,23.5,29.8,5.4,27.0,4.91,29.6,29.5,5.4,28.3,5.155,29.0,12.0,26.96,31.633333333333336,28.78793103448276
20,6,JaVale McGee,0.0,LAL,ATL,-14.0,220.5,117.3,7,12.3,25.7,54.8,C,5500,1,18.0,22.0,104,106,-2%,9,8,5,20,16,16,25.6,19.0,5.3,32.7,15.2,18.8,3.4,18.8,3.41,16.0,14.5,2.9,17.4,3.1550000000000002,17.333333333333332,7.333333333333333,20.0,30.933333333333334,14.555769230769231
20,7,Kyle Anderson,0.0,MEM,DEN,7.0,215.0,104.0,14,11.8,21.1,27.3,SF/PF,4400,1,15.0,16.0,100,100,-7%,7,6,6,20,21,21,21.1,19.9,12.8,26.9,23.3,18.0,4.1,15.8,3.58,16.5,20.0,3.8,16.15,3.69,20.666666666666668,6.333333333333333,19.369999999999997,20.066666666666666,15.629032258064514
21,0,Evan Turner,0.0,ATL,LAL,14.0,220.5,103.3,2,5.8,14.7,23.8,PG/SF,3000,0,0.0,0.0,103,97,2%,4,4,4,11,12,12,13.8,13.8,5.5,22.0,15.0,10.0,3.3,9.3,3.08,9.6,11.0,3.2,9.45,3.14,11.666666666666666,4.0,12.91,14.766666666666666,8.91
21,1,Troy Brown,0.0,WAS,ORL,5.5,224.0,109.3,5,9.5,21.6,39.5,SG/SF,4700,1,16.0,17.0,100,100,-12%,6,8,7,27,24,23,21.6,21.0,11.4,30.7,23.9,13.3,2.8,22.0,4.68,22.4,27.0,4.8,22.2,4.74,24.666666666666668,7.0,21.380000000000003,23.53333333333333,24.299999999999997
21,2,Kyle Anderson,0.0,MEM,DEN,7.0,215.0,104.0,14,11.8,21.1,27.3,SF/PF,4400,1,15.0,16.0,100,100,-7%,7,6,6,20,21,21,21.1,19.9,12.8,26.9,23.3,18.0,4.1,15.8,3.58,16.5,20.0,3.8,16.15,3.69,20.666666666666668,6.333333333333333,19.369999999999997,20.066666666666666,15.629032258064514
21,3,Danny Green,0.0,LAL,ATL,-14.0,220.5,117.3,28,9.3,14.3,20.8,SG/SF,4000,1,14.0,11.0,104,106,18%,5,6,7,22,24,26,14.3,17.8,7.3,28.3,23.8,31.8,8.0,21.3,5.31,20.5,26.5,5.1,20.9,5.205,24.0,6.0,17.72,14.800000000000002,23.07708333333333
21,4,Marko Guduric,0.0,MEM,DEN,7.0,215.0,104.0,14,1.0,15.9,27.8,SG/SF,3400,1,17.0,10.0,100,100,-3%,8,6,6,16,19,18,15.9,12.9,4.8,20.9,22.1,12.8,3.8,13.0,3.82,12.2,17.0,3.6,12.6,3.71,17.666666666666668,6.666666666666667,13.419999999999998,14.9,12.12452830188679
21,5,Eric Paschall,0.0,GS,NO,4.0,227.0,111.5,15,13.3,21.8,31.5,SF/PF,5000,1,19.0,15.0,110,111,4%,15,13,11,33,33,31,21.8,24.6,12.1,37.1,34.7,42.3,8.5,28.8,5.75,29.2,32.5,5.8,29.0,5.775,32.333333333333336,13.0,24.919999999999998,22.2,29.149484536082472
21,6,Omari Spellman,0.0,GS,NO,4.0,227.0,111.5,21,10.8,18.7,30.3,PF/C,3600,1,21.0,19.0,110,111,4%,6,6,6,14,15,16,18.7,17.6,10.0,25.3,13.9,6.0,1.7,17.3,4.79,15.4,14.5,4.3,16.35,4.545,15.0,6.0,17.589999999999996,19.933333333333334,15.805000000000001
21,7,Tyus Jones,0.0,MEM,DEN,7.0,215.0,104.0,5,4.3,18.0,30.0,PG/SG,3700,1,20.0,12.0,100,100,-3%,5,7,7,18,21,21,18.0,18.3,10.1,26.4,18.8,16.5,4.5,17.3,4.66,16.2,19.0,4.4,16.75,4.53,20.0,6.333333333333333,17.91,17.433333333333334,15.9125
22,0,Jrue Holiday,0.0,NO,GS,-4.0,227.0,115.5,21,25.5,43.2,63.8,PG/SG,8400,0,25.0,15.0,105,114,2%,18,16,16,37,36,35,43.3,38.6,27.1,50.1,37.5,47.5,5.7,53.3,6.34,48.2,37.5,5.7,50.75,6.02,36.0,16.666666666666668,41.97,44.166666666666664,52.864583333333336
22,1,Alex Caruso,0.0,LAL,ATL,-14.0,220.5,117.3,19,10.5,16.6,22.5,PG/SG,4000,1,15.0,9.0,104,106,18%,9,6,5,28,23,20,16.6,13.8,8.1,19.5,21.1,13.8,3.5,18.8,4.69,19.7,25.0,4.9,19.25,4.795,23.666666666666668,6.666666666666667,15.45,16.533333333333335,20.33450704225352
22,2,Davis Bertans,0.0,WAS,ORL,5.5,224.0,109.3,10,11.3,19.5,29.0,SF/PF,4300,1,15.0,13.0,100,100,-12%,10,9,9,26,26,27,19.5,21.2,13.9,28.4,32.5,32.5,7.6,18.8,4.36,19.4,26.0,4.5,19.1,4.43,26.333333333333332,9.333333333333334,20.419999999999998,19.933333333333334,18.85822784810127
22,3,Aaron Gordon,0.0,ORL,WAS,-5.5,224.0,114.8,20,22.5,32.6,50.8,SF/PF,6600,1,21.0,15.0,108,111,2%,14,13,12,36,34,32,32.5,29.5,20.4,38.6,36.5,27.8,4.2,36.5,5.53,36.0,34.5,5.5,36.25,5.515000000000001,34.0,13.0,31.45,35.300000000000004,36.783088235294116
22,4,Markelle Fultz,0.0,ORL,WAS,-5.5,224.0,114.8,15,17.5,20.5,25.5,PG/SG,4500,1,21.0,15.0,108,111,4%,7,8,8,23,24,23,20.9,19.9,15.7,24.2,25.9,26.8,6.0,23.3,5.17,23.3,24.5,5.2,23.3,5.1850000000000005,23.333333333333332,7.666666666666667,20.8,21.166666666666668,24.465000000000003
22,5,Michael Porter Jr.,0.0,DEN,MEM,-7.0,215.0,111.0,25,1.3,4.4,10.0,SF/PF,3000,2,0.0,0.0,107,108,-5%,2,3,3,5,6,8,4.3,7.3,0.2,14.3,13.2,9.8,3.3,7.3,2.42,0.0,0.0,0.0,3.65,1.21,6.333333333333333,2.6666666666666665,5.949999999999999,5.233333333333333,0.0
22,6,Damian Jones,0.0,ATL,LAL,14.0,220.5,103.3,1,8.3,20.0,29.0,C,3800,0,13.0,17.0,103,97,-16%,8,7,4,21,20,16,20.0,13.8,5.4,22.1,25.8,18.0,4.7,14.5,3.82,17.8,23.0,4.7,16.15,4.26,19.0,6.333333333333333,15.489999999999998,19.099999999999998,19.55
22,7,Willie Cauley-Stein,0.0,GS,NO,4.0,227.0,111.5,17,21.0,24.9,30.3,C,4900,1,15.0,18.0,110,111,-6%,7,7,6,24,25,21,24.9,21.8,16.3,27.2,24.6,23.5,4.8,26.0,5.31,27.6,25.0,5.6,26.8,5.455,23.333333333333332,6.666666666666667,23.4,25.400000000000002,28.714285714285715
23,0,Josh Gray,0.0,NO,GS,-4.0,227.0,115.5,21,4.0,14.2,32.0,PG,3000,0,0.0,0.0,105,114,2%,1,1,1,8,8,8,2.3,2.3,-0.9,5.4,7.3,0.5,0.2,5.0,1.67,10.9,11.0,3.6,7.95,2.635,8.0,1.0,3.41,16.733333333333334,10.93125
23,1,Markelle Fultz,0.0,ORL,WAS,-5.5,224.0,114.8,15,17.5,20.5,25.5,PG/SG,4500,1,21.0,15.0,108,111,4%,7,8,8,23,24,23,20.9,19.9,15.7,24.2,25.9,26.8,6.0,23.3,5.17,23.3,24.5,5.2,23.3,5.1850000000000005,23.333333333333332,7.666666666666667,20.8,21.166666666666668,24.465000000000003
23,2,Jabari Parker,0.0,ATL,LAL,14.0,220.5,103.3,7,26.0,40.6,57.3,SF/PF,7200,0,25.0,22.0,103,97,-19%,14,17,13,28,32,27,40.5,30.9,18.0,43.7,32.0,32.0,4.4,30.8,4.27,34.4,32.5,4.8,32.6,4.535,29.0,14.666666666666666,33.14,41.3,36.53448275862069
23,3,LeBron James,0.0,LAL,ATL,-14.0,220.5,117.3,19,39.5,50.3,58.0,PG/SF,10700,1,34.0,28.0,104,106,19%,21,19,19,33,35,35,50.6,55.4,40.2,70.6,33.1,68.3,6.4,55.0,5.14,57.1,35.5,5.3,56.05,5.22,34.333333333333336,19.666666666666668,54.57000000000001,49.26666666666667,57.95461165048543
23,4,Ish Smith,0.0,WAS,ORL,5.5,224.0,109.3,8,9.5,14.9,24.3,PG,3500,1,15.0,9.0,100,100,-4%,5,6,7,20,21,25,14.8,17.5,10.2,24.8,19.3,20.0,5.7,16.0,4.57,15.3,19.5,4.4,15.65,4.485,22.0,6.0,16.59,16.233333333333334,13.87159090909091
23,5,Draymond Green,0.0,GS,NO,4.0,227.0,111.5,21,17.8,25.0,37.8,PF/C,6200,1,17.0,13.0,110,111,4%,8,8,8,31,29,29,25.0,28.8,15.0,42.5,32.5,25.5,4.1,36.3,5.85,38.8,32.0,6.3,37.55,6.074999999999999,29.666666666666668,8.0,29.77,26.866666666666664,40.50337078651685
23,6,Paul Millsap,0.0,DEN,MEM,-7.0,215.0,111.0,3,20.8,30.7,37.5,PF/C,5800,2,20.0,18.0,107,108,-5%,13,10,9,29,29,27,30.7,26.0,17.2,34.9,20.2,39.3,6.8,28.5,4.91,26.9,28.0,4.6,27.7,4.755,28.333333333333332,10.666666666666666,27.3,29.666666666666668,27.374117647058824
23,7,Mason Plumlee,0.0,DEN,MEM,-7.0,215.0,111.0,3,13.8,19.9,27.3,PF/C,4200,2,19.0,18.0,107,108,-1%,7,5,4,18,18,17,19.9,18.8,13.6,24.0,17.0,26.8,6.4,20.0,4.76,16.5,16.0,3.9,18.25,4.33,17.666666666666668,5.333333333333333,18.91,20.333333333333332,16.528301886792452
24,0,Markelle Fultz,0.0,ORL,WAS,-5.5,224.0,114.8,15,17.5,20.5,25.5,PG/SG,4500,1,21.0,15.0,108,111,4%,7,8,8,23,24,23,20.9,19.9,15.7,24.2,25.9,26.8,6.0,23.3,5.17,23.3,24.5,5.2,23.3,5.1850000000000005,23.333333333333332,7.666666666666667,20.8,21.166666666666668,24.465000000000003
24,1,C.J. Miles,0.0,WAS,ORL,5.5,224.0,109.3,5,6.3,14.5,27.5,SG/SF,3100,1,19.0,12.0,100,100,-12%,4,7,7,13,17,17,14.5,14.5,5.6,23.4,20.1,26.5,8.5,14.0,4.52,12.1,15.5,3.9,13.05,4.21,15.666666666666666,6.0,14.209999999999999,16.099999999999998,12.911170212765958
24,2,Paul Millsap,0.0,DEN,MEM,-7.0,215.0,111.0,3,20.8,30.7,37.5,PF/C,5800,2,20.0,18.0,107,108,-5%,13,10,9,29,29,27,30.7,26.0,17.2,34.9,20.2,39.3,6.8,28.5,4.91,26.9,28.0,4.6,27.7,4.755,28.333333333333332,10.666666666666666,27.3,29.666666666666668,27.374117647058824
24,3,Michael Porter Jr.,0.0,DEN,MEM,-7.0,215.0,111.0,25,1.3,4.4,10.0,SF/PF,3000,2,0.0,0.0,107,108,-5%,2,3,3,5,6,8,4.3,7.3,0.2,14.3,13.2,9.8,3.3,7.3,2.42,0.0,0.0,0.0,3.65,1.21,6.333333333333333,2.6666666666666665,5.949999999999999,5.233333333333333,0.0
24,4,E'Twaun Moore,0.0,NO,GS,-4.0,227.0,115.5,17,5.5,20.5,34.5,SG/SF,4000,0,20.0,12.0,105,114,7%,17,12,10,35,25,22,20.4,17.8,8.1,27.6,24.5,19.8,5.0,19.0,4.75,28.0,35.0,7.0,23.5,5.875,27.333333333333332,13.0,19.48,20.166666666666668,30.091463414634145
24,5,Kentavious Caldwell-Pope,0.0,LAL,ATL,-14.0,220.5,117.3,28,1.3,10.1,22.8,SG/SF,3700,1,16.0,8.0,104,106,18%,10,7,7,22,18,21,12.8,13.1,5.5,20.8,20.7,16.3,4.4,16.5,4.46,18.8,25.5,5.1,17.65,4.779999999999999,20.333333333333332,8.0,13.969999999999999,11.4,22.13483606557377
24,6,Willie Cauley-Stein,0.0,GS,NO,4.0,227.0,111.5,17,21.0,24.9,30.3,C,4900,1,15.0,18.0,110,111,-6%,7,7,6,24,25,21,24.9,21.8,16.3,27.2,24.6,23.5,4.8,26.0,5.31,27.6,25.0,5.6,26.8,5.455,23.333333333333332,6.666666666666667,23.4,25.400000000000002,28.714285714285715
24,7,Michael Carter-Williams,0.0,ORL,WAS,-5.5,224.0,114.8,15,5.0,17.2,34.3,PG,3300,1,19.0,13.0,108,111,4%,4,6,5,12,18,16,17.1,14.5,5.4,23.7,5.7,1.3,0.4,13.3,4.02,14.0,14.0,4.2,13.65,4.109999999999999,15.333333333333334,5.0,14.87,18.833333333333332,12.46304347826087
25,0,Markelle Fultz,0.0,ORL,WAS,-5.5,224.0,114.8,15,17.5,20.5,25.5,PG/SG,4500,1,21.0,15.0,108,111,4%,7,8,8,23,24,23,20.9,19.9,15.7,24.2,25.9,26.8,6.0,23.3,5.17,23.3,24.5,5.2,23.3,5.1850000000000005,23.333333333333332,7.666666666666667,20.8,21.166666666666668,24.465000000000003
25,1,Allen Crabbe,0.0,ATL,LAL,14.0,220.5,103.3,23,9.0,18.1,36.0,SG/SF,3100,0,0.0,0.0,103,97,2%,4,4,4,15,15,15,11.5,11.5,8.0,15.0,15.1,13.3,4.3,14.5,4.68,11.0,15.0,3.5,12.75,4.09,15.0,4.0,11.75,21.033333333333335,12.75
25,2,Draymond Green,0.0,GS,NO,4.0,227.0,111.5,21,17.8,25.0,37.8,PF/C,6200,1,17.0,13.0,110,111,4%,8,8,8,31,29,29,25.0,28.8,15.0,42.5,32.5,25.5,4.1,36.3,5.85,38.8,32.0,6.3,37.55,6.074999999999999,29.666666666666668,8.0,29.77,26.866666666666664,40.50337078651685
25,3,De'Andre Hunter,0.0,ATL,LAL,14.0,220.5,103.3,7,9.0,21.2,29.3,SF/PF,4200,0,16.0,7.0,103,97,-8%,15,12,10,30,32,30,21.2,19.2,11.8,26.6,33.9,19.0,4.5,20.3,4.82,21.7,31.5,5.2,21.0,5.01,30.666666666666668,12.333333333333334,19.96,19.833333333333332,21.570652173913043
25,4,Quinn Cook,0.0,LAL,ATL,-14.0,220.5,117.3,19,4.0,9.1,15.8,PG,3200,1,19.0,11.0,104,106,-13%,7,5,6,14,13,15,9.1,11.3,1.3,21.2,5.1,5.0,1.6,9.5,2.97,0.0,0.0,0.0,4.75,1.485,14.0,6.0,9.529999999999998,9.633333333333333,0.0
25,5,Jerami Grant,0.0,DEN,MEM,-7.0,215.0,111.0,3,9.5,18.3,30.3,PF/C,3900,2,19.0,11.0,107,108,16%,10,9,8,20,20,22,18.3,16.0,8.7,23.4,24.1,26.5,6.8,15.3,3.91,14.8,20.5,3.8,15.05,3.855,20.666666666666668,9.0,16.29,19.366666666666667,14.928629032258065
25,6,JaVale McGee,0.0,LAL,ATL,-14.0,220.5,117.3,7,12.3,25.7,54.8,C,5500,1,18.0,22.0,104,106,-2%,9,8,5,20,16,16,25.6,19.0,5.3,32.7,15.2,18.8,3.4,18.8,3.41,16.0,14.5,2.9,17.4,3.1550000000000002,17.333333333333332,7.333333333333333,20.0,30.933333333333334,14.555769230769231
25,7,Eric Paschall,0.0,GS,NO,4.0,227.0,111.5,15,13.3,21.8,31.5,SF/PF,5000,1,19.0,15.0,110,111,4%,15,13,11,33,33,31,21.8,24.6,12.1,37.1,34.7,42.3,8.5,28.8,5.75,29.2,32.5,5.8,29.0,5.775,32.333333333333336,13.0,24.919999999999998,22.2,29.149484536082472
26,0,Jamal Murray,0.0,DEN,MEM,-7.0,215.0,111.0,28,17.8,33.6,53.0,PG/SG,6700,2,26.0,15.0,107,108,1%,14,16,15,31,34,33,33.6,32.5,22.7,42.3,31.2,67.5,10.1,34.5,5.15,33.6,32.5,5.0,34.05,5.075,32.666666666666664,15.0,33.029999999999994,34.800000000000004,33.87627551020408
26,1,Danny Green,0.0,LAL,ATL,-14.0,220.5,117.3,28,9.3,14.3,20.8,SG/SF,4000,1,14.0,11.0,104,106,18%,5,6,7,22,24,26,14.3,17.8,7.3,28.3,23.8,31.8,8.0,21.3,5.31,20.5,26.5,5.1,20.9,5.205,24.0,6.0,17.72,14.800000000000002,23.07708333333333
26,2,Jared Dudley,0.0,LAL,ATL,-14.0,220.5,117.3,28,0.0,4.6,18.3,SF/PF,3200,1,0.0,0.0,104,106,19%,2,1,1,13,7,8,4.6,4.1,-2.1,10.2,2.9,1.3,0.4,7.0,2.19,0.0,0.0,0.0,3.5,1.095,9.333333333333334,1.3333333333333333,4.06,7.633333333333333,0.0
26,3,Allen Crabbe,0.0,ATL,LAL,14.0,220.5,103.3,23,9.0,18.1,36.0,SG/SF,3100,0,0.0,0.0,103,97,2%,4,4,4,15,15,15,11.5,11.5,8.0,15.0,15.1,13.3,4.3,14.5,4.68,11.0,15.0,3.5,12.75,4.09,15.0,4.0,11.75,21.033333333333335,12.75
26,4,Wes Iwundu,0.0,ORL,WAS,-5.5,224.0,114.8,15,2.3,7.0,17.0,SG/SF,3000,1,0.0,0.0,108,111,0%,2,3,3,8,9,9,4.2,4.2,2.2,6.2,11.8,8.5,2.8,5.5,1.83,0.0,0.0,0.0,2.75,0.915,8.666666666666666,2.6666666666666665,3.91,8.766666666666667,0.0
26,5,Omari Spellman,0.0,GS,NO,4.0,227.0,111.5,21,10.8,18.7,30.3,PF/C,3600,1,21.0,19.0,110,111,4%,6,6,6,14,15,16,18.7,17.6,10.0,25.3,13.9,6.0,1.7,17.3,4.79,15.4,14.5,4.3,16.35,4.545,15.0,6.0,17.589999999999996,19.933333333333334,15.805000000000001
26,6,Jonas Valanciunas,0.0,MEM,DEN,7.0,215.0,104.0,23,19.8,29.4,39.0,C,6400,1,23.0,18.0,100,100,3%,10,11,10,26,25,23,29.4,29.1,20.0,38.3,22.3,29.5,4.6,36.0,5.63,35.6,27.0,5.6,35.8,5.615,24.666666666666668,10.333333333333334,30.52,29.400000000000002,39.18648648648648
26,7,Alex Len,0.0,ATL,LAL,14.0,220.5,103.3,1,9.3,20.8,36.5,C,4600,0,17.0,14.0,103,97,-16%,8,7,6,22,21,19,20.8,17.0,8.7,25.3,14.8,8.0,1.7,17.8,3.86,19.0,20.5,4.1,18.4,3.9799999999999995,20.666666666666668,7.0,18.04,22.2,18.2516129032258
27,0,Isaiah Thomas,0.0,WAS,ORL,5.5,224.0,109.3,8,15.5,22.5,30.3,PG,5600,1,26.0,17.0,100,100,-4%,11,11,10,28,26,22,22.5,23.4,12.4,34.3,28.7,24.5,4.4,26.3,4.69,29.1,29.0,5.2,27.700000000000003,4.945,25.333333333333332,10.666666666666666,24.06,22.766666666666666,31.709210526315793
27,1,Jordan Poole,0.0,GS,NO,4.0,227.0,111.5,24,14.5,17.3,21.0,SG/SF,4100,1,20.0,4.0,110,111,21%,12,10,11,27,29,27,16.9,17.3,11.8,22.7,23.1,9.8,2.4,20.5,5.0,23.2,30.5,5.7,21.85,5.35,27.666666666666668,11.0,18.110000000000003,17.599999999999998,24.08765060240964
27,2,Marquese Chriss,0.0,GS,NO,4.0,227.0,111.5,21,6.0,15.3,22.0,PF/C,3100,1,19.0,14.0,110,111,4%,4,6,4,15,17,15,15.3,15.1,8.6,21.6,18.4,24.3,7.8,14.5,4.68,13.9,13.5,4.5,14.2,4.59,15.666666666666666,4.666666666666667,14.959999999999999,14.433333333333332,12.236170212765957
27,3,Allen Crabbe,0.0,ATL,LAL,14.0,220.5,103.3,23,9.0,18.1,36.0,SG/SF,3100,0,0.0,0.0,103,97,2%,4,4,4,15,15,15,11.5,11.5,8.0,15.0,15.1,13.3,4.3,14.5,4.68,11.0,15.0,3.5,12.75,4.09,15.0,4.0,11.75,21.033333333333335,12.75
27,4,Alex Caruso,0.0,LAL,ATL,-14.0,220.5,117.3,19,10.5,16.6,22.5,PG/SG,4000,1,15.0,9.0,104,106,18%,9,6,5,28,23,20,16.6,13.8,8.1,19.5,21.1,13.8,3.5,18.8,4.69,19.7,25.0,4.9,19.25,4.795,23.666666666666668,6.666666666666667,15.45,16.533333333333335,20.33450704225352
27,5,E'Twaun Moore,0.0,NO,GS,-4.0,227.0,115.5,17,5.5,20.5,34.5,SG/SF,4000,0,20.0,12.0,105,114,7%,17,12,10,35,25,22,20.4,17.8,8.1,27.6,24.5,19.8,5.0,19.0,4.75,28.0,35.0,7.0,23.5,5.875,27.333333333333332,13.0,19.48,20.166666666666668,30.091463414634145
27,6,Dwight Howard,0.0,LAL,ATL,-14.0,220.5,117.3,7,10.5,19.3,30.0,C,4800,1,13.0,19.0,104,106,-2%,4,4,4,21,19,21,19.3,22.0,12.5,31.5,24.0,19.8,4.1,22.5,4.69,21.2,20.0,4.4,21.85,4.545,20.333333333333332,4.0,21.43,19.933333333333334,21.49180327868853
27,7,Jabari Parker,0.0,ATL,LAL,14.0,220.5,103.3,7,26.0,40.6,57.3,SF/PF,7200,0,25.0,22.0,103,97,-19%,14,17,13,28,32,27,40.5,30.9,18.0,43.7,32.0,32.0,4.4,30.8,4.27,34.4,32.5,4.8,32.6,4.535,29.0,14.666666666666666,33.14,41.3,36.53448275862069
28,0,Cam Reddish,0.0,ATL,LAL,14.0,220.5,103.3,2,9.3,16.0,28.0,PG/SG,3500,0,19.0,3.0,103,97,-19%,11,8,8,27,22,24,15.9,16.0,9.6,22.4,27.0,23.8,6.8,17.3,4.93,18.4,25.5,5.3,17.85,5.115,24.333333333333332,9.0,16.35,17.766666666666666,18.705821917808223
28,1,Jamal Murray,0.0,DEN,MEM,-7.0,215.0,111.0,28,17.8,33.6,53.0,PG/SG,6700,2,26.0,15.0,107,108,1%,14,16,15,31,34,33,33.6,32.5,22.7,42.3,31.2,67.5,10.1,34.5,5.15,33.6,32.5,5.0,34.05,5.075,32.666666666666664,15.0,33.029999999999994,34.800000000000004,33.87627551020408
28,2,Kenrich Williams,0.0,NO,GS,-4.0,227.0,115.5,30,7.5,23.9,33.3,SF/PF,5400,0,12.0,14.0,105,114,8%,8,7,5,35,30,23,23.9,19.4,8.3,30.4,35.8,24.5,4.5,33.0,6.11,32.1,36.5,5.9,32.55,6.005000000000001,29.333333333333332,6.666666666666667,22.909999999999997,21.566666666666663,40.502556818181816
28,3,Danny Green,0.0,LAL,ATL,-14.0,220.5,117.3,28,9.3,14.3,20.8,SG/SF,4000,1,14.0,11.0,104,106,18%,5,6,7,22,24,26,14.3,17.8,7.3,28.3,23.8,31.8,8.0,21.3,5.31,20.5,26.5,5.1,20.9,5.205,24.0,6.0,17.72,14.800000000000002,23.07708333333333
28,4,DeAndre' Bembry,0.0,ATL,LAL,14.0,220.5,103.3,2,13.3,17.2,19.8,PG/SF,4000,0,15.0,13.0,103,97,2%,4,5,6,22,28,26,17.1,20.3,11.9,28.7,17.9,9.5,2.4,18.8,4.69,24.2,29.0,6.0,21.5,5.345000000000001,25.333333333333332,5.0,19.900000000000002,16.766666666666666,24.611842105263158
28,5,Allen Crabbe,0.0,ATL,LAL,14.0,220.5,103.3,23,9.0,18.1,36.0,SG/SF,3100,0,0.0,0.0,103,97,2%,4,4,4,15,15,15,11.5,11.5,8.0,15.0,15.1,13.3,4.3,14.5,4.68,11.0,15.0,3.5,12.75,4.09,15.0,4.0,11.75,21.033333333333335,12.75
28,6,Jaren Jackson Jr.,0.0,MEM,DEN,7.0,215.0,104.0,6,20.8,30.1,44.0,PF/C,5500,1,22.0,13.0,100,100,-12%,11,14,11,29,31,27,29.7,25.6,14.0,37.2,23.5,29.8,5.4,27.0,4.91,29.6,29.5,5.4,28.3,5.155,29.0,12.0,26.96,31.633333333333336,28.78793103448276
28,7,Brandon Clarke,0.0,MEM,DEN,7.0,215.0,104.0,6,18.0,24.1,30.5,PF/C,4600,1,19.0,22.0,100,100,-12%,8,8,8,20,21,22,24.1,24.7,17.5,31.8,24.2,27.3,5.9,20.5,4.46,21.4,20.0,4.7,20.95,4.58,21.0,8.0,23.81,24.2,19.952380952380953
29,0,Alex Caruso,0.0,LAL,ATL,-14.0,220.5,117.3,19,10.5,16.6,22.5,PG/SG,4000,1,15.0,9.0,104,106,18%,9,6,5,28,23,20,16.6,13.8,8.1,19.5,21.1,13.8,3.5,18.8,4.69,19.7,25.0,4.9,19.25,4.795,23.666666666666668,6.666666666666667,15.45,16.533333333333335,20.33450704225352
29,1,Bradley Beal,0.0,WAS,ORL,5.5,224.0,109.3,5,37.3,50.1,68.3,SG,9600,1,34.0,23.0,100,100,-10%,25,23,23,38,38,36,50.0,48.5,33.8,63.1,39.6,56.5,5.9,42.8,4.45,45.2,37.5,4.7,44.0,4.575,37.333333333333336,23.666666666666668,47.879999999999995,51.9,44.19642857142857
29,2,Davis Bertans,0.0,WAS,ORL,5.5,224.0,109.3,10,11.3,19.5,29.0,SF/PF,4300,1,15.0,13.0,100,100,-12%,10,9,9,26,26,27,19.5,21.2,13.9,28.4,32.5,32.5,7.6,18.8,4.36,19.4,26.0,4.5,19.1,4.43,26.333333333333332,9.333333333333334,20.419999999999998,19.933333333333334,18.85822784810127
29,3,Kentavious Caldwell-Pope,0.0,LAL,ATL,-14.0,220.5,117.3,28,1.3,10.1,22.8,SG/SF,3700,1,16.0,8.0,104,106,18%,10,7,7,22,18,21,12.8,13.1,5.5,20.8,20.7,16.3,4.4,16.5,4.46,18.8,25.5,5.1,17.65,4.779999999999999,20.333333333333332,8.0,13.969999999999999,11.4,22.13483606557377
29,4,Markelle Fultz,0.0,ORL,WAS,-5.5,224.0,114.8,15,17.5,20.5,25.5,PG/SG,4500,1,21.0,15.0,108,111,4%,7,8,8,23,24,23,20.9,19.9,15.7,24.2,25.9,26.8,6.0,23.3,5.17,23.3,24.5,5.2,23.3,5.1850000000000005,23.333333333333332,7.666666666666667,20.8,21.166666666666668,24.465000000000003
29,5,DeAndre' Bembry,0.0,ATL,LAL,14.0,220.5,103.3,2,13.3,17.2,19.8,PG/SF,4000,0,15.0,13.0,103,97,2%,4,5,6,22,28,26,17.1,20.3,11.9,28.7,17.9,9.5,2.4,18.8,4.69,24.2,29.0,6.0,21.5,5.345000000000001,25.333333333333332,5.0,19.900000000000002,16.766666666666666,24.611842105263158
29,6,Marquese Chriss,0.0,GS,NO,4.0,227.0,111.5,21,6.0,15.3,22.0,PF/C,3100,1,19.0,14.0,110,111,4%,4,6,4,15,17,15,15.3,15.1,8.6,21.6,18.4,24.3,7.8,14.5,4.68,13.9,13.5,4.5,14.2,4.59,15.666666666666666,4.666666666666667,14.959999999999999,14.433333333333332,12.236170212765957
29,7,Jamal Murray,0.0,DEN,MEM,-7.0,215.0,111.0,28,17.8,33.6,53.0,PG/SG,6700,2,26.0,15.0,107,108,1%,14,16,15,31,34,33,33.6,32.5,22.7,42.3,31.2,67.5,10.1,34.5,5.15,33.6,32.5,5.0,34.05,5.075,32.666666666666664,15.0,33.029999999999994,34.800000000000004,33.87627551020408
30,0,Michael Carter-Williams,0.0,ORL,WAS,-5.5,224.0,114.8,15,5.0,17.2,34.3,PG,3300,1,19.0,13.0,108,111,4%,4,6,5,12,18,16,17.1,14.5,5.4,23.7,5.7,1.3,0.4,13.3,4.02,14.0,14.0,4.2,13.65,4.109999999999999,15.333333333333334,5.0,14.87,18.833333333333332,12.46304347826087
30,1,Alex Caruso,0.0,LAL,ATL,-14.0,220.5,117.3,19,10.5,16.6,22.5,PG/SG,4000,1,15.0,9.0,104,106,18%,9,6,5,28,23,20,16.6,13.8,8.1,19.5,21.1,13.8,3.5,18.8,4.69,19.7,25.0,4.9,19.25,4.795,23.666666666666668,6.666666666666667,15.45,16.533333333333335,20.33450704225352
30,2,Juancho Hernangomez,0.0,DEN,MEM,-7.0,215.0,111.0,25,0.0,5.1,15.0,SF/PF,3000,2,0.0,0.0,107,108,-5%,3,2,2,10,10,10,5.4,5.4,-1.4,12.2,28.9,24.8,8.3,5.3,1.75,0.0,0.0,0.0,2.65,0.875,10.0,2.3333333333333335,4.85,6.7,0.0
30,3,Terrence Ross,0.0,ORL,WAS,-5.5,224.0,114.8,15,13.8,21.1,26.8,SG/SF,4700,1,23.0,9.0,108,111,9%,12,9,10,27,24,23,21.1,18.1,12.1,24.1,24.7,26.0,5.5,25.3,5.37,24.9,26.5,5.3,25.1,5.335,24.666666666666668,10.333333333333334,20.1,20.566666666666666,26.965540540540538
30,4,Isaiah Thomas,0.0,WAS,ORL,5.5,224.0,109.3,8,15.5,22.5,30.3,PG,5600,1,26.0,17.0,100,100,-4%,11,11,10,28,26,22,22.5,23.4,12.4,34.3,28.7,24.5,4.4,26.3,4.69,29.1,29.0,5.2,27.700000000000003,4.945,25.333333333333332,10.666666666666666,24.06,22.766666666666666,31.709210526315793
30,5,Jared Dudley,0.0,LAL,ATL,-14.0,220.5,117.3,28,0.0,4.6,18.3,SF/PF,3200,1,0.0,0.0,104,106,19%,2,1,1,13,7,8,4.6,4.1,-2.1,10.2,2.9,1.3,0.4,7.0,2.19,0.0,0.0,0.0,3.5,1.095,9.333333333333334,1.3333333333333333,4.06,7.633333333333333,0.0
30,6,Brandon Clarke,0.0,MEM,DEN,7.0,215.0,104.0,6,18.0,24.1,30.5,PF/C,4600,1,19.0,22.0,100,100,-12%,8,8,8,20,21,22,24.1,24.7,17.5,31.8,24.2,27.3,5.9,20.5,4.46,21.4,20.0,4.7,20.95,4.58,21.0,8.0,23.81,24.2,19.952380952380953
30,7,Danny Green,0.0,LAL,ATL,-14.0,220.5,117.3,28,9.3,14.3,20.8,SG/SF,4000,1,14.0,11.0,104,106,18%,5,6,7,22,24,26,14.3,17.8,7.3,28.3,23.8,31.8,8.0,21.3,5.31,20.5,26.5,5.1,20.9,5.205,24.0,6.0,17.72,14.800000000000002,23.07708333333333
31,0,Alec Burks,0.0,GS,NO,4.0,227.0,111.5,16,16.8,27.7,38.8,PG/SG,4900,1,21.0,18.0,110,111,9%,9,10,10,26,28,26,27.6,24.4,12.3,36.6,29.7,19.5,4.0,25.8,5.26,32.5,31.5,6.6,29.15,5.93,26.666666666666668,9.666666666666666,26.009999999999998,27.766666666666666,34.4334375
31,1,Kentavious Caldwell-Pope,0.0,LAL,ATL,-14.0,220.5,117.3,28,1.3,10.1,22.8,SG/SF,3700,1,16.0,8.0,104,106,18%,10,7,7,22,18,21,12.8,13.1,5.5,20.8,20.7,16.3,4.4,16.5,4.46,18.8,25.5,5.1,17.65,4.779999999999999,20.333333333333332,8.0,13.969999999999999,11.4,22.13483606557377
31,2,Solomon Hill,0.0,MEM,DEN,7.0,215.0,104.0,14,9.0,12.6,19.8,SF/PF,3200,1,15.0,12.0,100,100,-7%,6,5,5,20,17,18,12.6,14.1,7.8,20.3,16.7,14.0,4.4,11.5,3.59,11.6,17.0,3.6,11.55,3.5949999999999998,18.333333333333332,5.333333333333333,13.27,13.800000000000002,10.710000000000003
31,3,C.J. Miles,0.0,WAS,ORL,5.5,224.0,109.3,5,6.3,14.5,27.5,SG/SF,3100,1,19.0,12.0,100,100,-12%,4,7,7,13,17,17,14.5,14.5,5.6,23.4,20.1,26.5,8.5,14.0,4.52,12.1,15.5,3.9,13.05,4.21,15.666666666666666,6.0,14.209999999999999,16.099999999999998,12.911170212765958
31,4,Nickeil Alexander-Walker,0.0,NO,GS,-4.0,227.0,115.5,21,3.0,16.2,38.0,PG/SG,3100,0,25.0,4.0,105,114,2%,12,8,7,26,18,15,16.2,14.0,1.4,26.5,34.5,35.3,11.4,31.3,10.08,25.3,26.5,8.2,28.3,9.14,19.666666666666668,9.0,17.28,19.066666666666666,38.133050847457625
31,5,Danny Green,0.0,LAL,ATL,-14.0,220.5,117.3,28,9.3,14.3,20.8,SG/SF,4000,1,14.0,11.0,104,106,18%,5,6,7,22,24,26,14.3,17.8,7.3,28.3,23.8,31.8,8.0,21.3,5.31,20.5,26.5,5.1,20.9,5.205,24.0,6.0,17.72,14.800000000000002,23.07708333333333
31,6,Moritz Wagner,0.0,WAS,ORL,5.5,224.0,109.3,24,16.5,28.5,58.3,PF/C,5200,1,24.0,22.0,100,100,0%,11,8,8,22,19,19,28.5,24.0,11.4,36.6,20.4,20.8,4.0,16.5,3.17,16.8,18.0,3.2,16.65,3.185,20.0,9.0,23.43,34.43333333333333,14.984999999999998
31,7,Aaron Gordon,0.0,ORL,WAS,-5.5,224.0,114.8,20,22.5,32.6,50.8,SF/PF,6600,1,21.0,15.0,108,111,2%,14,13,12,36,34,32,32.5,29.5,20.4,38.6,36.5,27.8,4.2,36.5,5.53,36.0,34.5,5.5,36.25,5.515000000000001,34.0,13.0,31.45,35.300000000000004,36.783088235294116
33,0,LeBron James,0.0,LAL,ATL,-14.0,220.5,117.3,19,39.5,50.3,58.0,PG/SF,10700,1,34.0,28.0,104,106,19%,21,19,19,33,35,35,50.6,55.4,40.2,70.6,33.1,68.3,6.4,55.0,5.14,57.1,35.5,5.3,56.05,5.22,34.333333333333336,19.666666666666668,54.57000000000001,49.26666666666667,57.95461165048543
33,1,Markelle Fultz,0.0,ORL,WAS,-5.5,224.0,114.8,15,17.5,20.5,25.5,PG/SG,4500,1,21.0,15.0,108,111,4%,7,8,8,23,24,23,20.9,19.9,15.7,24.2,25.9,26.8,6.0,23.3,5.17,23.3,24.5,5.2,23.3,5.1850000000000005,23.333333333333332,7.666666666666667,20.8,21.166666666666668,24.465000000000003
33,2,Davis Bertans,0.0,WAS,ORL,5.5,224.0,109.3,10,11.3,19.5,29.0,SF/PF,4300,1,15.0,13.0,100,100,-12%,10,9,9,26,26,27,19.5,21.2,13.9,28.4,32.5,32.5,7.6,18.8,4.36,19.4,26.0,4.5,19.1,4.43,26.333333333333332,9.333333333333334,20.419999999999998,19.933333333333334,18.85822784810127
33,3,Danny Green,0.0,LAL,ATL,-14.0,220.5,117.3,28,9.3,14.3,20.8,SG/SF,4000,1,14.0,11.0,104,106,18%,5,6,7,22,24,26,14.3,17.8,7.3,28.3,23.8,31.8,8.0,21.3,5.31,20.5,26.5,5.1,20.9,5.205,24.0,6.0,17.72,14.800000000000002,23.07708333333333
33,4,Jordan Poole,0.0,GS,NO,4.0,227.0,111.5,24,14.5,17.3,21.0,SG/SF,4100,1,20.0,4.0,110,111,21%,12,10,11,27,29,27,16.9,17.3,11.8,22.7,23.1,9.8,2.4,20.5,5.0,23.2,30.5,5.7,21.85,5.35,27.666666666666668,11.0,18.110000000000003,17.599999999999998,24.08765060240964
33,5,Brandon Clarke,0.0,MEM,DEN,7.0,215.0,104.0,6,18.0,24.1,30.5,PF/C,4600,1,19.0,22.0,100,100,-12%,8,8,8,20,21,22,24.1,24.7,17.5,31.8,24.2,27.3,5.9,20.5,4.46,21.4,20.0,4.7,20.95,4.58,21.0,8.0,23.81,24.2,19.952380952380953
33,6,Dwight Howard,0.0,LAL,ATL,-14.0,220.5,117.3,7,10.5,19.3,30.0,C,4800,1,13.0,19.0,104,106,-2%,4,4,4,21,19,21,19.3,22.0,12.5,31.5,24.0,19.8,4.1,22.5,4.69,21.2,20.0,4.4,21.85,4.545,20.333333333333332,4.0,21.43,19.933333333333334,21.49180327868853
33,7,JaVale McGee,0.0,LAL,ATL,-14.0,220.5,117.3,7,12.3,25.7,54.8,C,5500,1,18.0,22.0,104,106,-2%,9,8,5,20,16,16,25.6,19.0,5.3,32.7,15.2,18.8,3.4,18.8,3.41,16.0,14.5,2.9,17.4,3.1550000000000002,17.333333333333332,7.333333333333333,20.0,30.933333333333334,14.555769230769231
34,0,D.J. Augustin,0.0,ORL,WAS,-5.5,224.0,114.8,15,19.8,24.1,31.8,PG,4400,1,20.0,14.0,108,111,4%,11,10,9,26,26,25,24.1,19.7,13.8,25.5,24.4,21.8,5.0,21.8,4.94,22.5,24.5,5.1,22.15,5.02,25.666666666666668,10.0,21.05,25.233333333333334,21.143181818181816
34,1,Jrue Holiday,0.0,NO,GS,-4.0,227.0,115.5,21,25.5,43.2,63.8,PG/SG,8400,0,25.0,15.0,105,114,2%,18,16,16,37,36,35,43.3,38.6,27.1,50.1,37.5,47.5,5.7,53.3,6.34,48.2,37.5,5.7,50.75,6.02,36.0,16.666666666666668,41.97,44.166666666666664,52.864583333333336
34,2,Omari Spellman,0.0,GS,NO,4.0,227.0,111.5,21,10.8,18.7,30.3,PF/C,3600,1,21.0,19.0,110,111,4%,6,6,6,14,15,16,18.7,17.6,10.0,25.3,13.9,6.0,1.7,17.3,4.79,15.4,14.5,4.3,16.35,4.545,15.0,6.0,17.589999999999996,19.933333333333334,15.805000000000001
34,3,Danny Green,0.0,LAL,ATL,-14.0,220.5,117.3,28,9.3,14.3,20.8,SG/SF,4000,1,14.0,11.0,104,106,18%,5,6,7,22,24,26,14.3,17.8,7.3,28.3,23.8,31.8,8.0,21.3,5.31,20.5,26.5,5.1,20.9,5.205,24.0,6.0,17.72,14.800000000000002,23.07708333333333
34,4,Gary Harris,0.0,DEN,MEM,-7.0,215.0,111.0,21,9.3,20.9,28.3,SG,5000,2,16.0,10.0,107,108,14%,11,11,11,38,36,34,24.3,23.0,16.8,29.2,21.5,12.3,2.5,23.8,4.75,24.2,33.5,4.8,24.0,4.775,36.0,11.0,23.46,19.5,22.333333333333332
34,5,Marko Guduric,0.0,MEM,DEN,7.0,215.0,104.0,14,1.0,15.9,27.8,SG/SF,3400,1,17.0,10.0,100,100,-3%,8,6,6,16,19,18,15.9,12.9,4.8,20.9,22.1,12.8,3.8,13.0,3.82,12.2,17.0,3.6,12.6,3.71,17.666666666666668,6.666666666666667,13.419999999999998,14.9,12.12452830188679
34,6,Mohamed Bamba,0.0,ORL,WAS,-5.5,224.0,114.8,30,2.0,11.3,19.8,C,3000,1,0.0,0.0,108,111,18%,1,5,5,13,13,13,11.3,12.0,5.2,18.8,15.1,10.5,3.5,13.8,4.58,14.2,13.0,4.7,14.0,4.640000000000001,13.0,3.6666666666666665,12.260000000000002,11.033333333333333,14.0
34,7,Markelle Fultz,0.0,ORL,WAS,-5.5,224.0,114.8,15,17.5,20.5,25.5,PG/SG,4500,1,21.0,15.0,108,111,4%,7,8,8,23,24,23,20.9,19.9,15.7,24.2,25.9,26.8,6.0,23.3,5.17,23.3,24.5,5.2,23.3,5.1850000000000005,23.333333333333332,7.666666666666667,20.8,21.166666666666668,24.465000000000003
35,0,Ja Morant,0.0,MEM,DEN,7.0,215.0,104.0,5,18.0,31.5,42.8,PG,6500,1,33.0,18.0,100,100,-3%,19,16,15,30,27,28,31.9,33.2,22.3,44.0,21.1,23.0,3.5,31.8,4.88,35.4,29.5,5.4,33.6,5.140000000000001,28.333333333333332,16.666666666666668,33.0,30.766666666666666,34.98352941176471
35,1,Nickeil Alexander-Walker,0.0,NO,GS,-4.0,227.0,115.5,21,3.0,16.2,38.0,PG/SG,3100,0,25.0,4.0,105,114,2%,12,8,7,26,18,15,16.2,14.0,1.4,26.5,34.5,35.3,11.4,31.3,10.08,25.3,26.5,8.2,28.3,9.14,19.666666666666668,9.0,17.28,19.066666666666666,38.133050847457625
35,2,Jae Crowder,0.0,MEM,DEN,7.0,215.0,104.0,14,9.3,26.1,40.5,SF/PF,5300,1,15.0,11.0,100,100,-12%,7,7,8,31,30,30,26.1,24.5,15.3,33.8,26.8,22.3,4.2,22.8,4.29,22.8,30.5,4.3,22.8,4.295,30.333333333333332,7.333333333333333,24.5,25.3,22.92527472527473
35,3,Danny Green,0.0,LAL,ATL,-14.0,220.5,117.3,28,9.3,14.3,20.8,SG/SF,4000,1,14.0,11.0,104,106,18%,5,6,7,22,24,26,14.3,17.8,7.3,28.3,23.8,31.8,8.0,21.3,5.31,20.5,26.5,5.1,20.9,5.205,24.0,6.0,17.72,14.800000000000002,23.07708333333333
35,4,Tyus Jones,0.0,MEM,DEN,7.0,215.0,104.0,5,4.3,18.0,30.0,PG/SG,3700,1,20.0,12.0,100,100,-3%,5,7,7,18,21,21,18.0,18.3,10.1,26.4,18.8,16.5,4.5,17.3,4.66,16.2,19.0,4.4,16.75,4.53,20.0,6.333333333333333,17.91,17.433333333333334,15.9125
35,5,DeAndre' Bembry,0.0,ATL,LAL,14.0,220.5,103.3,2,13.3,17.2,19.8,PG/SF,4000,0,15.0,13.0,103,97,2%,4,5,6,22,28,26,17.1,20.3,11.9,28.7,17.9,9.5,2.4,18.8,4.69,24.2,29.0,6.0,21.5,5.345000000000001,25.333333333333332,5.0,19.900000000000002,16.766666666666666,24.611842105263158
35,6,Alex Len,0.0,ATL,LAL,14.0,220.5,103.3,1,9.3,20.8,36.5,C,4600,0,17.0,14.0,103,97,-16%,8,7,6,22,21,19,20.8,17.0,8.7,25.3,14.8,8.0,1.7,17.8,3.86,19.0,20.5,4.1,18.4,3.9799999999999995,20.666666666666668,7.0,18.04,22.2,18.2516129032258
35,7,Trae Young,0.0,ATL,LAL,14.0,220.5,103.3,2,36.8,55.3,68.0,PG,9400,0,37.0,26.0,103,97,-8%,17,21,21,32,38,36,55.3,51.8,34.8,68.7,39.1,46.3,4.9,48.8,5.19,50.2,36.0,5.3,49.5,5.245,35.333333333333336,19.666666666666668,52.02,53.36666666666667,50.43396226415094
36,0,D.J. Augustin,0.0,ORL,WAS,-5.5,224.0,114.8,15,19.8,24.1,31.8,PG,4400,1,20.0,14.0,108,111,4%,11,10,9,26,26,25,24.1,19.7,13.8,25.5,24.4,21.8,5.0,21.8,4.94,22.5,24.5,5.1,22.15,5.02,25.666666666666668,10.0,21.05,25.233333333333334,21.143181818181816
36,1,E'Twaun Moore,0.0,NO,GS,-4.0,227.0,115.5,17,5.5,20.5,34.5,SG/SF,4000,0,20.0,12.0,105,114,7%,17,12,10,35,25,22,20.4,17.8,8.1,27.6,24.5,19.8,5.0,19.0,4.75,28.0,35.0,7.0,23.5,5.875,27.333333333333332,13.0,19.48,20.166666666666668,30.091463414634145
36,2,Juancho Hernangomez,0.0,DEN,MEM,-7.0,215.0,111.0,25,0.0,5.1,15.0,SF/PF,3000,2,0.0,0.0,107,108,-5%,3,2,2,10,10,10,5.4,5.4,-1.4,12.2,28.9,24.8,8.3,5.3,1.75,0.0,0.0,0.0,2.65,0.875,10.0,2.3333333333333335,4.85,6.7,0.0
36,3,Jabari Parker,0.0,ATL,LAL,14.0,220.5,103.3,7,26.0,40.6,57.3,SF/PF,7200,0,25.0,22.0,103,97,-19%,14,17,13,28,32,27,40.5,30.9,18.0,43.7,32.0,32.0,4.4,30.8,4.27,34.4,32.5,4.8,32.6,4.535,29.0,14.666666666666666,33.14,41.3,36.53448275862069
36,4,Ja Morant,0.0,MEM,DEN,7.0,215.0,104.0,5,18.0,31.5,42.8,PG,6500,1,33.0,18.0,100,100,-3%,19,16,15,30,27,28,31.9,33.2,22.3,44.0,21.1,23.0,3.5,31.8,4.88,35.4,29.5,5.4,33.6,5.140000000000001,28.333333333333332,16.666666666666668,33.0,30.766666666666666,34.98352941176471
36,5,Jerami Grant,0.0,DEN,MEM,-7.0,215.0,111.0,3,9.5,18.3,30.3,PF/C,3900,2,19.0,11.0,107,108,16%,10,9,8,20,20,22,18.3,16.0,8.7,23.4,24.1,26.5,6.8,15.3,3.91,14.8,20.5,3.8,15.05,3.855,20.666666666666668,9.0,16.29,19.366666666666667,14.928629032258065
36,6,JaVale McGee,0.0,LAL,ATL,-14.0,220.5,117.3,7,12.3,25.7,54.8,C,5500,1,18.0,22.0,104,106,-2%,9,8,5,20,16,16,25.6,19.0,5.3,32.7,15.2,18.8,3.4,18.8,3.41,16.0,14.5,2.9,17.4,3.1550000000000002,17.333333333333332,7.333333333333333,20.0,30.933333333333334,14.555769230769231
36,7,Quinn Cook,0.0,LAL,ATL,-14.0,220.5,117.3,19,4.0,9.1,15.8,PG,3200,1,19.0,11.0,104,106,-13%,7,5,6,14,13,15,9.1,11.3,1.3,21.2,5.1,5.0,1.6,9.5,2.97,0.0,0.0,0.0,4.75,1.485,14.0,6.0,9.529999999999998,9.633333333333333,0.0
37,0,Rajon Rondo,0.0,LAL,ATL,-14.0,220.5,117.3,19,10.8,26.8,40.5,PG,4400,1,0.0,0.0,104,106,-13%,5,5,5,16,16,16,17.1,17.1,8.1,26.1,23.8,24.0,5.5,16.8,3.81,17.4,19.5,4.0,17.1,3.9050000000000002,16.0,5.0,17.1,26.03333333333333,20.840625000000003
37,1,Tyus Jones,0.0,MEM,DEN,7.0,215.0,104.0,5,4.3,18.0,30.0,PG/SG,3700,1,20.0,12.0,100,100,-3%,5,7,7,18,21,21,18.0,18.3,10.1,26.4,18.8,16.5,4.5,17.3,4.66,16.2,19.0,4.4,16.75,4.53,20.0,6.333333333333333,17.91,17.433333333333334,15.9125
37,2,Juancho Hernangomez,0.0,DEN,MEM,-7.0,215.0,111.0,25,0.0,5.1,15.0,SF/PF,3000,2,0.0,0.0,107,108,-5%,3,2,2,10,10,10,5.4,5.4,-1.4,12.2,28.9,24.8,8.3,5.3,1.75,0.0,0.0,0.0,2.65,0.875,10.0,2.3333333333333335,4.85,6.7,0.0
37,3,C.J. Miles,0.0,WAS,ORL,5.5,224.0,109.3,5,6.3,14.5,27.5,SG/SF,3100,1,19.0,12.0,100,100,-12%,4,7,7,13,17,17,14.5,14.5,5.6,23.4,20.1,26.5,8.5,14.0,4.52,12.1,15.5,3.9,13.05,4.21,15.666666666666666,6.0,14.209999999999999,16.099999999999998,12.911170212765958
37,4,Evan Fournier,0.0,ORL,WAS,-5.5,224.0,114.8,15,10.5,30.0,39.8,SG/SF,6000,1,24.0,17.0,108,111,0%,13,11,12,32,30,29,30.0,26.9,16.9,36.8,31.1,43.8,7.3,29.3,4.88,29.6,31.5,4.9,29.450000000000003,4.890000000000001,30.333333333333332,12.0,28.01,26.766666666666666,30.582692307692312
37,5,Evan Turner,0.0,ATL,LAL,14.0,220.5,103.3,2,5.8,14.7,23.8,PG/SF,3000,0,0.0,0.0,103,97,2%,4,4,4,11,12,12,13.8,13.8,5.5,22.0,15.0,10.0,3.3,9.3,3.08,9.6,11.0,3.2,9.45,3.14,11.666666666666666,4.0,12.91,14.766666666666666,8.91
37,6,Dwight Howard,0.0,LAL,ATL,-14.0,220.5,117.3,7,10.5,19.3,30.0,C,4800,1,13.0,19.0,104,106,-2%,4,4,4,21,19,21,19.3,22.0,12.5,31.5,24.0,19.8,4.1,22.5,4.69,21.2,20.0,4.4,21.85,4.545,20.333333333333332,4.0,21.43,19.933333333333334,21.49180327868853
37,7,Jamal Murray,0.0,DEN,MEM,-7.0,215.0,111.0,28,17.8,33.6,53.0,PG/SG,6700,2,26.0,15.0,107,108,1%,14,16,15,31,34,33,33.6,32.5,22.7,42.3,31.2,67.5,10.1,34.5,5.15,33.6,32.5,5.0,34.05,5.075,32.666666666666664,15.0,33.029999999999994,34.800000000000004,33.87627551020408
38,0,Isaiah Thomas,0.0,WAS,ORL,5.5,224.0,109.3,8,15.5,22.5,30.3,PG,5600,1,26.0,17.0,100,100,-4%,11,11,10,28,26,22,22.5,23.4,12.4,34.3,28.7,24.5,4.4,26.3,4.69,29.1,29.0,5.2,27.700000000000003,4.945,25.333333333333332,10.666666666666666,24.06,22.766666666666666,31.709210526315793
38,1,Jrue Holiday,0.0,NO,GS,-4.0,227.0,115.5,21,25.5,43.2,63.8,PG/SG,8400,0,25.0,15.0,105,114,2%,18,16,16,37,36,35,43.3,38.6,27.1,50.1,37.5,47.5,5.7,53.3,6.34,48.2,37.5,5.7,50.75,6.02,36.0,16.666666666666668,41.97,44.166666666666664,52.864583333333336
38,2,Marquese Chriss,0.0,GS,NO,4.0,227.0,111.5,21,6.0,15.3,22.0,PF/C,3100,1,19.0,14.0,110,111,4%,4,6,4,15,17,15,15.3,15.1,8.6,21.6,18.4,24.3,7.8,14.5,4.68,13.9,13.5,4.5,14.2,4.59,15.666666666666666,4.666666666666667,14.959999999999999,14.433333333333332,12.236170212765957
38,3,Terrence Ross,0.0,ORL,WAS,-5.5,224.0,114.8,15,13.8,21.1,26.8,SG/SF,4700,1,23.0,9.0,108,111,9%,12,9,10,27,24,23,21.1,18.1,12.1,24.1,24.7,26.0,5.5,25.3,5.37,24.9,26.5,5.3,25.1,5.335,24.666666666666668,10.333333333333334,20.1,20.566666666666666,26.965540540540538
38,4,Wes Iwundu,0.0,ORL,WAS,-5.5,224.0,114.8,15,2.3,7.0,17.0,SG/SF,3000,1,0.0,0.0,108,111,0%,2,3,3,8,9,9,4.2,4.2,2.2,6.2,11.8,8.5,2.8,5.5,1.83,0.0,0.0,0.0,2.75,0.915,8.666666666666666,2.6666666666666665,3.91,8.766666666666667,0.0
38,5,Michael Porter Jr.,0.0,DEN,MEM,-7.0,215.0,111.0,25,1.3,4.4,10.0,SF/PF,3000,2,0.0,0.0,107,108,-5%,2,3,3,5,6,8,4.3,7.3,0.2,14.3,13.2,9.8,3.3,7.3,2.42,0.0,0.0,0.0,3.65,1.21,6.333333333333333,2.6666666666666665,5.949999999999999,5.233333333333333,0.0
38,6,Omari Spellman,0.0,GS,NO,4.0,227.0,111.5,21,10.8,18.7,30.3,PF/C,3600,1,21.0,19.0,110,111,4%,6,6,6,14,15,16,18.7,17.6,10.0,25.3,13.9,6.0,1.7,17.3,4.79,15.4,14.5,4.3,16.35,4.545,15.0,6.0,17.589999999999996,19.933333333333334,15.805000000000001
38,7,Solomon Hill,0.0,MEM,DEN,7.0,215.0,104.0,14,9.0,12.6,19.8,SF/PF,3200,1,15.0,12.0,100,100,-7%,6,5,5,20,17,18,12.6,14.1,7.8,20.3,16.7,14.0,4.4,11.5,3.59,11.6,17.0,3.6,11.55,3.5949999999999998,18.333333333333332,5.333333333333333,13.27,13.800000000000002,10.710000000000003
39,0,Ky Bowman,0.0,GS,NO,4.0,227.0,111.5,16,8.3,11.1,14.8,PG,3000,1,18.0,10.0,110,111,21%,6,4,6,13,14,18,11.1,13.2,2.1,24.3,27.6,31.0,10.3,24.5,8.17,23.4,27.5,7.8,23.95,7.984999999999999,15.0,5.333333333333333,14.929999999999998,11.4,43.90833333333333
39,1,Glenn Robinson III,0.0,GS,NO,4.0,227.0,111.5,24,15.0,20.9,27.5,SG/SF,4500,1,14.0,13.0,110,111,9%,9,9,9,30,32,31,20.9,22.4,14.7,30.2,35.3,25.0,5.6,21.5,4.78,25.2,31.5,5.6,23.35,5.1899999999999995,31.0,9.0,22.310000000000002,21.133333333333333,23.72661290322581
39,2,Kyle Anderson,0.0,MEM,DEN,7.0,215.0,104.0,14,11.8,21.1,27.3,SF/PF,4400,1,15.0,16.0,100,100,-7%,7,6,6,20,21,21,21.1,19.9,12.8,26.9,23.3,18.0,4.1,15.8,3.58,16.5,20.0,3.8,16.15,3.69,20.666666666666668,6.333333333333333,19.369999999999997,20.066666666666666,15.629032258064514
39,3,Eric Paschall,0.0,GS,NO,4.0,227.0,111.5,15,13.3,21.8,31.5,SF/PF,5000,1,19.0,15.0,110,111,4%,15,13,11,33,33,31,21.8,24.6,12.1,37.1,34.7,42.3,8.5,28.8,5.75,29.2,32.5,5.8,29.0,5.775,32.333333333333336,13.0,24.919999999999998,22.2,29.149484536082472
39,4,LeBron James,0.0,LAL,ATL,-14.0,220.5,117.3,19,39.5,50.3,58.0,PG/SF,10700,1,34.0,28.0,104,106,19%,21,19,19,33,35,35,50.6,55.4,40.2,70.6,33.1,68.3,6.4,55.0,5.14,57.1,35.5,5.3,56.05,5.22,34.333333333333336,19.666666666666668,54.57000000000001,49.26666666666667,57.95461165048543
39,5,Allen Crabbe,0.0,ATL,LAL,14.0,220.5,103.3,23,9.0,18.1,36.0,SG/SF,3100,0,0.0,0.0,103,97,2%,4,4,4,15,15,15,11.5,11.5,8.0,15.0,15.1,13.3,4.3,14.5,4.68,11.0,15.0,3.5,12.75,4.09,15.0,4.0,11.75,21.033333333333335,12.75
39,6,Moritz Wagner,0.0,WAS,ORL,5.5,224.0,109.3,24,16.5,28.5,58.3,PF/C,5200,1,24.0,22.0,100,100,0%,11,8,8,22,19,19,28.5,24.0,11.4,36.6,20.4,20.8,4.0,16.5,3.17,16.8,18.0,3.2,16.65,3.185,20.0,9.0,23.43,34.43333333333333,14.984999999999998
39,7,Tyus Jones,0.0,MEM,DEN,7.0,215.0,104.0,5,4.3,18.0,30.0,PG/SG,3700,1,20.0,12.0,100,100,-3%,5,7,7,18,21,21,18.0,18.3,10.1,26.4,18.8,16.5,4.5,17.3,4.66,16.2,19.0,4.4,16.75,4.53,20.0,6.333333333333333,17.91,17.433333333333334,15.9125
41,0,Alec Burks,0.0,GS,NO,4.0,227.0,111.5,16,16.8,27.7,38.8,PG/SG,4900,1,21.0,18.0,110,111,9%,9,10,10,26,28,26,27.6,24.4,12.3,36.6,29.7,19.5,4.0,25.8,5.26,32.5,31.5,6.6,29.15,5.93,26.666666666666668,9.666666666666666,26.009999999999998,27.766666666666666,34.4334375
41,1,C.J. Miles,0.0,WAS,ORL,5.5,224.0,109.3,5,6.3,14.5,27.5,SG/SF,3100,1,19.0,12.0,100,100,-12%,4,7,7,13,17,17,14.5,14.5,5.6,23.4,20.1,26.5,8.5,14.0,4.52,12.1,15.5,3.9,13.05,4.21,15.666666666666666,6.0,14.209999999999999,16.099999999999998,12.911170212765958
41,2,Omari Spellman,0.0,GS,NO,4.0,227.0,111.5,21,10.8,18.7,30.3,PF/C,3600,1,21.0,19.0,110,111,4%,6,6,6,14,15,16,18.7,17.6,10.0,25.3,13.9,6.0,1.7,17.3,4.79,15.4,14.5,4.3,16.35,4.545,15.0,6.0,17.589999999999996,19.933333333333334,15.805000000000001
41,3,Kyle Kuzma,0.0,LAL,ATL,-14.0,220.5,117.3,28,13.3,23.8,31.0,SF/PF,5400,1,25.0,12.0,104,106,-8%,11,12,11,28,26,23,23.8,20.4,12.4,28.4,25.5,27.8,5.1,25.8,4.77,24.8,27.0,4.6,25.3,4.685,25.666666666666668,11.333333333333334,22.06,22.7,26.614285714285714
41,4,Gary Harris,0.0,DEN,MEM,-7.0,215.0,111.0,21,9.3,20.9,28.3,SG,5000,2,16.0,10.0,107,108,14%,11,11,11,38,36,34,24.3,23.0,16.8,29.2,21.5,12.3,2.5,23.8,4.75,24.2,33.5,4.8,24.0,4.775,36.0,11.0,23.46,19.5,22.333333333333332
41,5,Aaron Gordon,0.0,ORL,WAS,-5.5,224.0,114.8,20,22.5,32.6,50.8,SF/PF,6600,1,21.0,15.0,108,111,2%,14,13,12,36,34,32,32.5,29.5,20.4,38.6,36.5,27.8,4.2,36.5,5.53,36.0,34.5,5.5,36.25,5.515000000000001,34.0,13.0,31.45,35.300000000000004,36.783088235294116
41,6,JaVale McGee,0.0,LAL,ATL,-14.0,220.5,117.3,7,12.3,25.7,54.8,C,5500,1,18.0,22.0,104,106,-2%,9,8,5,20,16,16,25.6,19.0,5.3,32.7,15.2,18.8,3.4,18.8,3.41,16.0,14.5,2.9,17.4,3.1550000000000002,17.333333333333332,7.333333333333333,20.0,30.933333333333334,14.555769230769231
41,7,Eric Paschall,0.0,GS,NO,4.0,227.0,111.5,15,13.3,21.8,31.5,SF/PF,5000,1,19.0,15.0,110,111,4%,15,13,11,33,33,31,21.8,24.6,12.1,37.1,34.7,42.3,8.5,28.8,5.75,29.2,32.5,5.8,29.0,5.775,32.333333333333336,13.0,24.919999999999998,22.2,29.149484536082472
42,0,Rajon Rondo,0.0,LAL,ATL,-14.0,220.5,117.3,19,10.8,26.8,40.5,PG,4400,1,0.0,0.0,104,106,-13%,5,5,5,16,16,16,17.1,17.1,8.1,26.1,23.8,24.0,5.5,16.8,3.81,17.4,19.5,4.0,17.1,3.9050000000000002,16.0,5.0,17.1,26.03333333333333,20.840625000000003
42,1,Marko Guduric,0.0,MEM,DEN,7.0,215.0,104.0,14,1.0,15.9,27.8,SG/SF,3400,1,17.0,10.0,100,100,-3%,8,6,6,16,19,18,15.9,12.9,4.8,20.9,22.1,12.8,3.8,13.0,3.82,12.2,17.0,3.6,12.6,3.71,17.666666666666668,6.666666666666667,13.419999999999998,14.9,12.12452830188679
42,2,Jabari Parker,0.0,ATL,LAL,14.0,220.5,103.3,7,26.0,40.6,57.3,SF/PF,7200,0,25.0,22.0,103,97,-19%,14,17,13,28,32,27,40.5,30.9,18.0,43.7,32.0,32.0,4.4,30.8,4.27,34.4,32.5,4.8,32.6,4.535,29.0,14.666666666666666,33.14,41.3,36.53448275862069
42,3,Dillon Brooks,0.0,MEM,DEN,7.0,215.0,104.0,14,13.5,24.8,32.0,SG/SF,5100,1,22.0,14.0,100,100,-7%,14,12,12,30,27,28,24.8,25.5,17.0,33.9,18.4,5.5,1.1,18.8,3.68,21.7,28.5,4.3,20.25,3.99,28.333333333333332,12.666666666666666,24.29,23.433333333333334,20.369117647058825
42,4,Gary Harris,0.0,DEN,MEM,-7.0,215.0,111.0,21,9.3,20.9,28.3,SG,5000,2,16.0,10.0,107,108,14%,11,11,11,38,36,34,24.3,23.0,16.8,29.2,21.5,12.3,2.5,23.8,4.75,24.2,33.5,4.8,24.0,4.775,36.0,11.0,23.46,19.5,22.333333333333332
42,5,Jerami Grant,0.0,DEN,MEM,-7.0,215.0,111.0,3,9.5,18.3,30.3,PF/C,3900,2,19.0,11.0,107,108,16%,10,9,8,20,20,22,18.3,16.0,8.7,23.4,24.1,26.5,6.8,15.3,3.91,14.8,20.5,3.8,15.05,3.855,20.666666666666668,9.0,16.29,19.366666666666667,14.928629032258065
42,6,Jonas Valanciunas,0.0,MEM,DEN,7.0,215.0,104.0,23,19.8,29.4,39.0,C,6400,1,23.0,18.0,100,100,3%,10,11,10,26,25,23,29.4,29.1,20.0,38.3,22.3,29.5,4.6,36.0,5.63,35.6,27.0,5.6,35.8,5.615,24.666666666666668,10.333333333333334,30.52,29.400000000000002,39.18648648648648
42,7,Brandon Clarke,0.0,MEM,DEN,7.0,215.0,104.0,6,18.0,24.1,30.5,PF/C,4600,1,19.0,22.0,100,100,-12%,8,8,8,20,21,22,24.1,24.7,17.5,31.8,24.2,27.3,5.9,20.5,4.46,21.4,20.0,4.7,20.95,4.58,21.0,8.0,23.81,24.2,19.952380952380953
43,0,Ky Bowman,0.0,GS,NO,4.0,227.0,111.5,16,8.3,11.1,14.8,PG,3000,1,18.0,10.0,110,111,21%,6,4,6,13,14,18,11.1,13.2,2.1,24.3,27.6,31.0,10.3,24.5,8.17,23.4,27.5,7.8,23.95,7.984999999999999,15.0,5.333333333333333,14.929999999999998,11.4,43.90833333333333
43,1,Alec Burks,0.0,GS,NO,4.0,227.0,111.5,16,16.8,27.7,38.8,PG/SG,4900,1,21.0,18.0,110,111,9%,9,10,10,26,28,26,27.6,24.4,12.3,36.6,29.7,19.5,4.0,25.8,5.26,32.5,31.5,6.6,29.15,5.93,26.666666666666668,9.666666666666666,26.009999999999998,27.766666666666666,34.4334375
43,2,Aaron Gordon,0.0,ORL,WAS,-5.5,224.0,114.8,20,22.5,32.6,50.8,SF/PF,6600,1,21.0,15.0,108,111,2%,14,13,12,36,34,32,32.5,29.5,20.4,38.6,36.5,27.8,4.2,36.5,5.53,36.0,34.5,5.5,36.25,5.515000000000001,34.0,13.0,31.45,35.300000000000004,36.783088235294116
43,3,Evan Fournier,0.0,ORL,WAS,-5.5,224.0,114.8,15,10.5,30.0,39.8,SG/SF,6000,1,24.0,17.0,108,111,0%,13,11,12,32,30,29,30.0,26.9,16.9,36.8,31.1,43.8,7.3,29.3,4.88,29.6,31.5,4.9,29.450000000000003,4.890000000000001,30.333333333333332,12.0,28.01,26.766666666666666,30.582692307692312
43,4,DeAndre' Bembry,0.0,ATL,LAL,14.0,220.5,103.3,2,13.3,17.2,19.8,PG/SF,4000,0,15.0,13.0,103,97,2%,4,5,6,22,28,26,17.1,20.3,11.9,28.7,17.9,9.5,2.4,18.8,4.69,24.2,29.0,6.0,21.5,5.345000000000001,25.333333333333332,5.0,19.900000000000002,16.766666666666666,24.611842105263158
43,5,Draymond Green,0.0,GS,NO,4.0,227.0,111.5,21,17.8,25.0,37.8,PF/C,6200,1,17.0,13.0,110,111,4%,8,8,8,31,29,29,25.0,28.8,15.0,42.5,32.5,25.5,4.1,36.3,5.85,38.8,32.0,6.3,37.55,6.074999999999999,29.666666666666668,8.0,29.77,26.866666666666664,40.50337078651685
43,6,Moritz Wagner,0.0,WAS,ORL,5.5,224.0,109.3,24,16.5,28.5,58.3,PF/C,5200,1,24.0,22.0,100,100,0%,11,8,8,22,19,19,28.5,24.0,11.4,36.6,20.4,20.8,4.0,16.5,3.17,16.8,18.0,3.2,16.65,3.185,20.0,9.0,23.43,34.43333333333333,14.984999999999998
43,7,Jerami Grant,0.0,DEN,MEM,-7.0,215.0,111.0,3,9.5,18.3,30.3,PF/C,3900,2,19.0,11.0,107,108,16%,10,9,8,20,20,22,18.3,16.0,8.7,23.4,24.1,26.5,6.8,15.3,3.91,14.8,20.5,3.8,15.05,3.855,20.666666666666668,9.0,16.29,19.366666666666667,14.928629032258065
44,0,Rajon Rondo,0.0,LAL,ATL,-14.0,220.5,117.3,19,10.8,26.8,40.5,PG,4400,1,0.0,0.0,104,106,-13%,5,5,5,16,16,16,17.1,17.1,8.1,26.1,23.8,24.0,5.5,16.8,3.81,17.4,19.5,4.0,17.1,3.9050000000000002,16.0,5.0,17.1,26.03333333333333,20.840625000000003
44,1,Tyus Jones,0.0,MEM,DEN,7.0,215.0,104.0,5,4.3,18.0,30.0,PG/SG,3700,1,20.0,12.0,100,100,-3%,5,7,7,18,21,21,18.0,18.3,10.1,26.4,18.8,16.5,4.5,17.3,4.66,16.2,19.0,4.4,16.75,4.53,20.0,6.333333333333333,17.91,17.433333333333334,15.9125
44,2,Mason Plumlee,0.0,DEN,MEM,-7.0,215.0,111.0,3,13.8,19.9,27.3,PF/C,4200,2,19.0,18.0,107,108,-1%,7,5,4,18,18,17,19.9,18.8,13.6,24.0,17.0,26.8,6.4,20.0,4.76,16.5,16.0,3.9,18.25,4.33,17.666666666666668,5.333333333333333,18.91,20.333333333333332,16.528301886792452
44,3,Jae Crowder,0.0,MEM,DEN,7.0,215.0,104.0,14,9.3,26.1,40.5,SF/PF,5300,1,15.0,11.0,100,100,-12%,7,7,8,31,30,30,26.1,24.5,15.3,33.8,26.8,22.3,4.2,22.8,4.29,22.8,30.5,4.3,22.8,4.295,30.333333333333332,7.333333333333333,24.5,25.3,22.92527472527473
44,4,Isaiah Thomas,0.0,WAS,ORL,5.5,224.0,109.3,8,15.5,22.5,30.3,PG,5600,1,26.0,17.0,100,100,-4%,11,11,10,28,26,22,22.5,23.4,12.4,34.3,28.7,24.5,4.4,26.3,4.69,29.1,29.0,5.2,27.700000000000003,4.945,25.333333333333332,10.666666666666666,24.06,22.766666666666666,31.709210526315793
44,5,Solomon Hill,0.0,MEM,DEN,7.0,215.0,104.0,14,9.0,12.6,19.8,SF/PF,3200,1,15.0,12.0,100,100,-7%,6,5,5,20,17,18,12.6,14.1,7.8,20.3,16.7,14.0,4.4,11.5,3.59,11.6,17.0,3.6,11.55,3.5949999999999998,18.333333333333332,5.333333333333333,13.27,13.800000000000002,10.710000000000003
44,6,Nikola Jokic,0.0,DEN,MEM,-7.0,215.0,111.0,26,25.3,41.3,57.5,C,8700,2,28.0,21.0,107,108,-1%,17,18,15,29,31,31,41.3,41.7,29.8,53.6,25.6,26.8,3.1,45.0,5.17,43.4,31.0,5.0,44.2,5.085,30.333333333333332,16.666666666666668,42.120000000000005,41.36666666666667,45.17142857142858
44,7,JaVale McGee,0.0,LAL,ATL,-14.0,220.5,117.3,7,12.3,25.7,54.8,C,5500,1,18.0,22.0,104,106,-2%,9,8,5,20,16,16,25.6,19.0,5.3,32.7,15.2,18.8,3.4,18.8,3.41,16.0,14.5,2.9,17.4,3.1550000000000002,17.333333333333332,7.333333333333333,20.0,30.933333333333334,14.555769230769231
45,0,Jrue Holiday,0.0,NO,GS,-4.0,227.0,115.5,21,25.5,43.2,63.8,PG/SG,8400,0,25.0,15.0,105,114,2%,18,16,16,37,36,35,43.3,38.6,27.1,50.1,37.5,47.5,5.7,53.3,6.34,48.2,37.5,5.7,50.75,6.02,36.0,16.666666666666668,41.97,44.166666666666664,52.864583333333336
45,1,Evan Fournier,0.0,ORL,WAS,-5.5,224.0,114.8,15,10.5,30.0,39.8,SG/SF,6000,1,24.0,17.0,108,111,0%,13,11,12,32,30,29,30.0,26.9,16.9,36.8,31.1,43.8,7.3,29.3,4.88,29.6,31.5,4.9,29.450000000000003,4.890000000000001,30.333333333333332,12.0,28.01,26.766666666666666,30.582692307692312
45,2,Jabari Parker,0.0,ATL,LAL,14.0,220.5,103.3,7,26.0,40.6,57.3,SF/PF,7200,0,25.0,22.0,103,97,-19%,14,17,13,28,32,27,40.5,30.9,18.0,43.7,32.0,32.0,4.4,30.8,4.27,34.4,32.5,4.8,32.6,4.535,29.0,14.666666666666666,33.14,41.3,36.53448275862069
45,3,Danny Green,0.0,LAL,ATL,-14.0,220.5,117.3,28,9.3,14.3,20.8,SG/SF,4000,1,14.0,11.0,104,106,18%,5,6,7,22,24,26,14.3,17.8,7.3,28.3,23.8,31.8,8.0,21.3,5.31,20.5,26.5,5.1,20.9,5.205,24.0,6.0,17.72,14.800000000000002,23.07708333333333
45,4,Quinn Cook,0.0,LAL,ATL,-14.0,220.5,117.3,19,4.0,9.1,15.8,PG,3200,1,19.0,11.0,104,106,-13%,7,5,6,14,13,15,9.1,11.3,1.3,21.2,5.1,5.0,1.6,9.5,2.97,0.0,0.0,0.0,4.75,1.485,14.0,6.0,9.529999999999998,9.633333333333333,0.0
45,5,Solomon Hill,0.0,MEM,DEN,7.0,215.0,104.0,14,9.0,12.6,19.8,SF/PF,3200,1,15.0,12.0,100,100,-7%,6,5,5,20,17,18,12.6,14.1,7.8,20.3,16.7,14.0,4.4,11.5,3.59,11.6,17.0,3.6,11.55,3.5949999999999998,18.333333333333332,5.333333333333333,13.27,13.800000000000002,10.710000000000003
45,6,Alex Len,0.0,ATL,LAL,14.0,220.5,103.3,1,9.3,20.8,36.5,C,4600,0,17.0,14.0,103,97,-16%,8,7,6,22,21,19,20.8,17.0,8.7,25.3,14.8,8.0,1.7,17.8,3.86,19.0,20.5,4.1,18.4,3.9799999999999995,20.666666666666668,7.0,18.04,22.2,18.2516129032258
45,7,Omari Spellman,0.0,GS,NO,4.0,227.0,111.5,21,10.8,18.7,30.3,PF/C,3600,1,21.0,19.0,110,111,4%,6,6,6,14,15,16,18.7,17.6,10.0,25.3,13.9,6.0,1.7,17.3,4.79,15.4,14.5,4.3,16.35,4.545,15.0,6.0,17.589999999999996,19.933333333333334,15.805000000000001
46,0,D.J. Augustin,0.0,ORL,WAS,-5.5,224.0,114.8,15,19.8,24.1,31.8,PG,4400,1,20.0,14.0,108,111,4%,11,10,9,26,26,25,24.1,19.7,13.8,25.5,24.4,21.8,5.0,21.8,4.94,22.5,24.5,5.1,22.15,5.02,25.666666666666668,10.0,21.05,25.233333333333334,21.143181818181816
46,1,Cam Reddish,0.0,ATL,LAL,14.0,220.5,103.3,2,9.3,16.0,28.0,PG/SG,3500,0,19.0,3.0,103,97,-19%,11,8,8,27,22,24,15.9,16.0,9.6,22.4,27.0,23.8,6.8,17.3,4.93,18.4,25.5,5.3,17.85,5.115,24.333333333333332,9.0,16.35,17.766666666666666,18.705821917808223
46,2,Al-Farouq Aminu,0.0,ORL,WAS,-5.5,224.0,114.8,20,0.0,12.6,36.3,SF/PF,4300,1,13.0,10.0,108,111,2%,5,5,5,22,21,22,17.6,17.4,7.0,27.9,32.0,15.5,3.6,28.5,6.63,25.9,29.5,6.0,27.2,6.3149999999999995,21.666666666666668,5.0,19.42,16.3,37.03384615384615
46,3,Glenn Robinson III,0.0,GS,NO,4.0,227.0,111.5,24,15.0,20.9,27.5,SG/SF,4500,1,14.0,13.0,110,111,9%,9,9,9,30,32,31,20.9,22.4,14.7,30.2,35.3,25.0,5.6,21.5,4.78,25.2,31.5,5.6,23.35,5.1899999999999995,31.0,9.0,22.310000000000002,21.133333333333333,23.72661290322581
46,4,Ish Smith,0.0,WAS,ORL,5.5,224.0,109.3,8,9.5,14.9,24.3,PG,3500,1,15.0,9.0,100,100,-4%,5,6,7,20,21,25,14.8,17.5,10.2,24.8,19.3,20.0,5.7,16.0,4.57,15.3,19.5,4.4,15.65,4.485,22.0,6.0,16.59,16.233333333333334,13.87159090909091
46,5,E'Twaun Moore,0.0,NO,GS,-4.0,227.0,115.5,17,5.5,20.5,34.5,SG/SF,4000,0,20.0,12.0,105,114,7%,17,12,10,35,25,22,20.4,17.8,8.1,27.6,24.5,19.8,5.0,19.0,4.75,28.0,35.0,7.0,23.5,5.875,27.333333333333332,13.0,19.48,20.166666666666668,30.091463414634145
46,6,Nikola Vucevic,0.0,ORL,WAS,-5.5,224.0,114.8,30,39.3,48.7,59.5,C,8200,1,25.0,20.0,108,111,18%,17,16,16,35,34,32,48.6,40.8,30.5,51.0,32.9,63.8,7.8,51.5,6.28,51.1,33.5,6.2,51.3,6.24,33.666666666666664,16.333333333333332,44.44,49.166666666666664,51.046039603960395
46,7,C.J. Miles,0.0,WAS,ORL,5.5,224.0,109.3,5,6.3,14.5,27.5,SG/SF,3100,1,19.0,12.0,100,100,-12%,4,7,7,13,17,17,14.5,14.5,5.6,23.4,20.1,26.5,8.5,14.0,4.52,12.1,15.5,3.9,13.05,4.21,15.666666666666666,6.0,14.209999999999999,16.099999999999998,12.911170212765958
47,0,Trae Young,0.0,ATL,LAL,14.0,220.5,103.3,2,36.8,55.3,68.0,PG,9400,0,37.0,26.0,103,97,-8%,17,21,21,32,38,36,55.3,51.8,34.8,68.7,39.1,46.3,4.9,48.8,5.19,50.2,36.0,5.3,49.5,5.245,35.333333333333336,19.666666666666668,52.02,53.36666666666667,50.43396226415094
47,1,Dillon Brooks,0.0,MEM,DEN,7.0,215.0,104.0,14,13.5,24.8,32.0,SG/SF,5100,1,22.0,14.0,100,100,-7%,14,12,12,30,27,28,24.8,25.5,17.0,33.9,18.4,5.5,1.1,18.8,3.68,21.7,28.5,4.3,20.25,3.99,28.333333333333332,12.666666666666666,24.29,23.433333333333334,20.369117647058825
47,2,Michael Porter Jr.,0.0,DEN,MEM,-7.0,215.0,111.0,25,1.3,4.4,10.0,SF/PF,3000,2,0.0,0.0,107,108,-5%,2,3,3,5,6,8,4.3,7.3,0.2,14.3,13.2,9.8,3.3,7.3,2.42,0.0,0.0,0.0,3.65,1.21,6.333333333333333,2.6666666666666665,5.949999999999999,5.233333333333333,0.0
47,3,Jared Dudley,0.0,LAL,ATL,-14.0,220.5,117.3,28,0.0,4.6,18.3,SF/PF,3200,1,0.0,0.0,104,106,19%,2,1,1,13,7,8,4.6,4.1,-2.1,10.2,2.9,1.3,0.4,7.0,2.19,0.0,0.0,0.0,3.5,1.095,9.333333333333334,1.3333333333333333,4.06,7.633333333333333,0.0
47,4,Alec Burks,0.0,GS,NO,4.0,227.0,111.5,16,16.8,27.7,38.8,PG/SG,4900,1,21.0,18.0,110,111,9%,9,10,10,26,28,26,27.6,24.4,12.3,36.6,29.7,19.5,4.0,25.8,5.26,32.5,31.5,6.6,29.15,5.93,26.666666666666668,9.666666666666666,26.009999999999998,27.766666666666666,34.4334375
47,5,Kenrich Williams,0.0,NO,GS,-4.0,227.0,115.5,30,7.5,23.9,33.3,SF/PF,5400,0,12.0,14.0,105,114,8%,8,7,5,35,30,23,23.9,19.4,8.3,30.4,35.8,24.5,4.5,33.0,6.11,32.1,36.5,5.9,32.55,6.005000000000001,29.333333333333332,6.666666666666667,22.909999999999997,21.566666666666663,40.502556818181816
47,6,Mason Plumlee,0.0,DEN,MEM,-7.0,215.0,111.0,3,13.8,19.9,27.3,PF/C,4200,2,19.0,18.0,107,108,-1%,7,5,4,18,18,17,19.9,18.8,13.6,24.0,17.0,26.8,6.4,20.0,4.76,16.5,16.0,3.9,18.25,4.33,17.666666666666668,5.333333333333333,18.91,20.333333333333332,16.528301886792452
47,7,Moritz Wagner,0.0,WAS,ORL,5.5,224.0,109.3,24,16.5,28.5,58.3,PF/C,5200,1,24.0,22.0,100,100,0%,11,8,8,22,19,19,28.5,24.0,11.4,36.6,20.4,20.8,4.0,16.5,3.17,16.8,18.0,3.2,16.65,3.185,20.0,9.0,23.43,34.43333333333333,14.984999999999998
48,0,Ja Morant,0.0,MEM,DEN,7.0,215.0,104.0,5,18.0,31.5,42.8,PG,6500,1,33.0,18.0,100,100,-3%,19,16,15,30,27,28,31.9,33.2,22.3,44.0,21.1,23.0,3.5,31.8,4.88,35.4,29.5,5.4,33.6,5.140000000000001,28.333333333333332,16.666666666666668,33.0,30.766666666666666,34.98352941176471
48,1,Dillon Brooks,0.0,MEM,DEN,7.0,215.0,104.0,14,13.5,24.8,32.0,SG/SF,5100,1,22.0,14.0,100,100,-7%,14,12,12,30,27,28,24.8,25.5,17.0,33.9,18.4,5.5,1.1,18.8,3.68,21.7,28.5,4.3,20.25,3.99,28.333333333333332,12.666666666666666,24.29,23.433333333333334,20.369117647058825
48,2,Jae Crowder,0.0,MEM,DEN,7.0,215.0,104.0,14,9.3,26.1,40.5,SF/PF,5300,1,15.0,11.0,100,100,-12%,7,7,8,31,30,30,26.1,24.5,15.3,33.8,26.8,22.3,4.2,22.8,4.29,22.8,30.5,4.3,22.8,4.295,30.333333333333332,7.333333333333333,24.5,25.3,22.92527472527473
48,3,LeBron James,0.0,LAL,ATL,-14.0,220.5,117.3,19,39.5,50.3,58.0,PG/SF,10700,1,34.0,28.0,104,106,19%,21,19,19,33,35,35,50.6,55.4,40.2,70.6,33.1,68.3,6.4,55.0,5.14,57.1,35.5,5.3,56.05,5.22,34.333333333333336,19.666666666666668,54.57000000000001,49.26666666666667,57.95461165048543
48,4,Jrue Holiday,0.0,NO,GS,-4.0,227.0,115.5,21,25.5,43.2,63.8,PG/SG,8400,0,25.0,15.0,105,114,2%,18,16,16,37,36,35,43.3,38.6,27.1,50.1,37.5,47.5,5.7,53.3,6.34,48.2,37.5,5.7,50.75,6.02,36.0,16.666666666666668,41.97,44.166666666666664,52.864583333333336
48,5,Kyle Anderson,0.0,MEM,DEN,7.0,215.0,104.0,14,11.8,21.1,27.3,SF/PF,4400,1,15.0,16.0,100,100,-7%,7,6,6,20,21,21,21.1,19.9,12.8,26.9,23.3,18.0,4.1,15.8,3.58,16.5,20.0,3.8,16.15,3.69,20.666666666666668,6.333333333333333,19.369999999999997,20.066666666666666,15.629032258064514
48,6,Bruno Fernando,0.0,ATL,LAL,14.0,220.5,103.3,1,2.0,6.2,11.8,C,3000,0,17.0,14.0,103,97,-19%,4,2,3,16,11,12,6.2,10.1,3.1,17.1,12.7,9.8,3.3,12.5,4.17,13.4,15.0,4.5,12.95,4.335,13.0,3.0,9.89,6.666666666666667,14.942307692307692
48,7,Ky Bowman,0.0,GS,NO,4.0,227.0,111.5,16,8.3,11.1,14.8,PG,3000,1,18.0,10.0,110,111,21%,6,4,6,13,14,18,11.1,13.2,2.1,24.3,27.6,31.0,10.3,24.5,8.17,23.4,27.5,7.8,23.95,7.984999999999999,15.0,5.333333333333333,14.929999999999998,11.4,43.90833333333333
49,0,D.J. Augustin,0.0,ORL,WAS,-5.5,224.0,114.8,15,19.8,24.1,31.8,PG,4400,1,20.0,14.0,108,111,4%,11,10,9,26,26,25,24.1,19.7,13.8,25.5,24.4,21.8,5.0,21.8,4.94,22.5,24.5,5.1,22.15,5.02,25.666666666666668,10.0,21.05,25.233333333333334,21.143181818181816
49,1,Kentavious Caldwell-Pope,0.0,LAL,ATL,-14.0,220.5,117.3,28,1.3,10.1,22.8,SG/SF,3700,1,16.0,8.0,104,106,18%,10,7,7,22,18,21,12.8,13.1,5.5,20.8,20.7,16.3,4.4,16.5,4.46,18.8,25.5,5.1,17.65,4.779999999999999,20.333333333333332,8.0,13.969999999999999,11.4,22.13483606557377
49,2,Kyle Anderson,0.0,MEM,DEN,7.0,215.0,104.0,14,11.8,21.1,27.3,SF/PF,4400,1,15.0,16.0,100,100,-7%,7,6,6,20,21,21,21.1,19.9,12.8,26.9,23.3,18.0,4.1,15.8,3.58,16.5,20.0,3.8,16.15,3.69,20.666666666666668,6.333333333333333,19.369999999999997,20.066666666666666,15.629032258064514
49,3,Glenn Robinson III,0.0,GS,NO,4.0,227.0,111.5,24,15.0,20.9,27.5,SG/SF,4500,1,14.0,13.0,110,111,9%,9,9,9,30,32,31,20.9,22.4,14.7,30.2,35.3,25.0,5.6,21.5,4.78,25.2,31.5,5.6,23.35,5.1899999999999995,31.0,9.0,22.310000000000002,21.133333333333333,23.72661290322581
49,4,Danny Green,0.0,LAL,ATL,-14.0,220.5,117.3,28,9.3,14.3,20.8,SG/SF,4000,1,14.0,11.0,104,106,18%,5,6,7,22,24,26,14.3,17.8,7.3,28.3,23.8,31.8,8.0,21.3,5.31,20.5,26.5,5.1,20.9,5.205,24.0,6.0,17.72,14.800000000000002,23.07708333333333
49,5,Terrence Ross,0.0,ORL,WAS,-5.5,224.0,114.8,15,13.8,21.1,26.8,SG/SF,4700,1,23.0,9.0,108,111,9%,12,9,10,27,24,23,21.1,18.1,12.1,24.1,24.7,26.0,5.5,25.3,5.37,24.9,26.5,5.3,25.1,5.335,24.666666666666668,10.333333333333334,20.1,20.566666666666666,26.965540540540538
49,6,Damian Jones,0.0,ATL,LAL,14.0,220.5,103.3,1,8.3,20.0,29.0,C,3800,0,13.0,17.0,103,97,-16%,8,7,4,21,20,16,20.0,13.8,5.4,22.1,25.8,18.0,4.7,14.5,3.82,17.8,23.0,4.7,16.15,4.26,19.0,6.333333333333333,15.489999999999998,19.099999999999998,19.55
49,7,Dwight Howard,0.0,LAL,ATL,-14.0,220.5,117.3,7,10.5,19.3,30.0,C,4800,1,13.0,19.0,104,106,-2%,4,4,4,21,19,21,19.3,22.0,12.5,31.5,24.0,19.8,4.1,22.5,4.69,21.2,20.0,4.4,21.85,4.545,20.333333333333332,4.0,21.43,19.933333333333334,21.49180327868853
