Lineup Num,,Player Name,injury_status,team,opp,spread,over_under,implied_team_score,L5_dvp_rank,L5_ppg_floor,L5_ppg_avg,L5_ppg_max,Pos,Salary,Rest,USG,PER,Opp Pace,Opp DEff,Opp DvP,L2 FGA,L5 FGA,S FGA,L2 Min,L5 Min,S Min,L5 FP,S FP,Floor FP,Ceil FP,Actual Min,Actual FP,Actual Val,FantasyFuelPPGProj,FantasyFuelValueProj,DFN_PPGProj,DFN_MinProj,DFN_ValueProj,Avg Proj,Avg Value Proj,Avg Skewed Min,Avg Skewed FGA,Avg Skewed FP,Avg L5 PPG,Proj Min Enhanced
1,0,George Hill,0.0,MIL,MEM,-12.5,229.0,120.8,23,11.5,19.9,28.3,PG/SG,4100,1,16.0,20.0,106,109,6%,6,5,6,20,17,21,19.9,20.2,13.1,27.3,28.9,23.5,5.7,15.8,3.84,15.5,17.5,3.8,15.65,3.82,19.333333333333332,5.666666666666667,19.229999999999997,19.900000000000002,14.165948275862071
1,1,Matisse Thybulle,0.0,PHI,NO,-8.0,222.5,115.3,18,3.5,21.0,36.0,SG/SF,3700,0,13.0,12.0,107,112,16%,6,5,4,28,25,18,20.9,13.1,2.9,23.2,26.5,9.0,2.4,22.0,5.95,21.5,28.5,5.8,21.75,5.875,23.666666666666668,5.0,16.369999999999997,20.166666666666668,26.191901408450704
1,2,Moe Harkless,0.0,LAC,MIN,-4.5,228.5,116.5,23,2.8,19.2,27.5,SF/PF,4200,1,11.0,10.0,106,110,5%,9,6,5,33,29,24,19.1,15.5,8.3,22.7,30.1,16.5,3.9,20.0,4.76,20.4,30.5,4.9,20.2,4.83,28.666666666666668,6.666666666666667,17.16,16.5,21.49186046511628
1,3,Kawhi Leonard,0.0,LAC,MIN,-4.5,228.5,116.5,3,34.3,43.6,58.3,SG/SF,9000,1,35.0,25.0,106,110,5%,16,16,20,32,30,32,43.6,47.8,38.8,56.7,37.2,57.8,6.4,48.5,5.39,48.8,32.5,5.4,48.65,5.395,31.333333333333332,17.333333333333332,47.11000000000001,45.4,50.461436170212764
1,4,Terance Mann,0.0,LAC,MIN,-4.5,228.5,116.5,3,1.5,6.4,13.8,SG/SF,3000,1,14.0,9.0,106,110,9%,1,2,2,7,10,9,6.3,6.0,-2.1,14.1,17.6,9.0,3.0,11.3,3.75,17.9,22.5,6.0,14.6,4.875,8.666666666666666,1.6666666666666667,7.779999999999999,7.233333333333334,37.90384615384615
1,5,Danuel House Jr.,0.0,HOU,ORL,-6.0,221.0,113.5,14,12.3,21.5,36.5,SF/PF,4200,1,14.0,14.0,100,103,1%,10,9,9,30,30,31,21.5,24.1,15.8,32.4,34.0,9.3,2.2,20.5,4.88,20.6,30.0,4.9,20.55,4.890000000000001,30.333333333333332,9.333333333333334,22.869999999999997,23.433333333333334,20.324175824175825
1,6,Lauri Markkanen,0.0,CHI,CHA,-7.0,212.5,109.8,18,23.8,30.6,37.3,PF/C,6300,1,21.0,13.0,101,111,16%,12,13,12,28,32,30,30.9,28.2,18.2,38.1,25.6,20.5,3.3,34.5,5.48,31.8,31.5,5.0,33.15,5.24,30.0,12.333333333333334,29.709999999999997,30.566666666666666,34.8075
1,7,Derrick Jones Jr.,0.0,MIA,LAL,5.5,212.0,103.3,24,3.5,14.2,24.8,SF/PF,4000,2,14.0,10.0,103,100,-7%,7,5,4,30,22,17,14.2,11.7,3.9,19.5,27.9,33.0,8.3,19.5,4.88,20.1,27.5,5.0,19.8,4.9399999999999995,23.0,5.333333333333333,13.819999999999999,14.166666666666666,23.67391304347826
2,0,Terry Rozier,0.0,CHA,CHI,7.0,212.5,102.8,6,21.3,35.6,51.8,PG/SG,6700,1,25.0,15.0,104,104,-13%,15,15,15,36,36,34,35.5,32.5,22.5,42.6,36.2,31.5,4.7,33.5,5.0,32.3,35.5,4.8,32.9,4.9,35.333333333333336,15.0,33.2,36.233333333333334,33.055188679245276
2,1,Buddy Hield,0.0,SAC,NY,-8.5,210.0,109.3,8,34.3,41.5,47.3,SG/SF,7100,1,28.0,16.0,100,111,-6%,22,22,19,35,37,35,41.6,36.3,26.6,46.0,36.4,56.5,8.0,37.8,5.32,38.4,34.5,5.4,38.099999999999994,5.36,35.666666666666664,21.0,37.72,41.03333333333333,36.853738317757006
2,2,Patrick Patterson,0.0,LAC,MIN,-4.5,228.5,116.5,8,4.0,16.4,36.5,PF/C,3700,1,14.0,12.0,106,110,-2%,7,6,4,20,17,14,16.4,11.2,2.3,20.1,19.1,10.5,2.8,15.3,4.12,11.6,16.5,3.1,13.45,3.6100000000000003,17.0,5.666666666666667,12.690000000000001,18.966666666666665,13.054411764705883
2,3,Evan Fournier,0.0,ORL,HOU,6.0,221.0,107.5,17,25.5,32.6,40.5,SG/SF,6400,1,26.0,19.0,107,107,11%,17,16,15,33,32,31,32.6,31.1,22.1,40.0,24.6,39.0,6.1,32.0,5.0,32.7,32.5,5.1,32.35,5.05,32.0,16.0,31.630000000000003,32.86666666666667,32.85546875
2,4,Jrue Holiday,0.0,NO,PHI,8.0,222.5,107.3,9,22.8,36.4,49.8,PG/SG,7400,1,26.0,17.0,102,101,-8%,16,17,17,36,37,36,39.7,41.1,30.9,51.4,34.6,37.0,5.0,37.3,5.03,37.4,35.5,5.1,37.349999999999994,5.0649999999999995,36.333333333333336,16.666666666666668,40.09,36.333333333333336,36.4933486238532
2,5,Andrew Wiggins,0.0,MIN,LAC,4.5,228.5,112.0,27,25.0,37.7,44.5,SG/SF,7200,1,29.0,20.0,106,103,-5%,21,19,21,37,34,35,37.6,40.0,30.0,50.0,39.3,41.8,5.8,35.5,4.93,37.6,35.0,5.2,36.55,5.0649999999999995,35.333333333333336,20.333333333333332,38.83,35.733333333333334,36.205188679245275
2,6,Kevon Looney,0.0,GS,UTA,14.0,212.0,99.0,6,3.3,7.1,12.3,PF/C,3000,1,0.0,0.0,103,103,-7%,2,3,3,8,10,10,7.1,8.5,3.9,13.2,18.4,8.0,2.7,15.5,5.17,14.1,17.0,4.7,14.8,4.9350000000000005,9.333333333333334,2.6666666666666665,9.5,7.566666666666666,26.957142857142856
2,7,Marko Guduric,0.0,MEM,MIL,12.5,229.0,108.3,20,2.0,8.6,19.3,SG/SF,3000,1,18.0,8.0,107,99,5%,2,3,5,9,11,15,8.6,10.6,3.6,17.7,12.6,4.5,1.5,11.8,3.92,10.5,13.5,3.5,11.15,3.71,11.666666666666666,3.3333333333333335,10.33,9.966666666666667,12.902142857142858
3,0,Chris Clemons,0.0,HOU,ORL,-6.0,221.0,113.5,15,0.0,5.3,17.5,PG,3000,1,0.0,0.0,100,103,-4%,2,4,4,6,8,8,4.8,6.5,-2.1,15.0,3.0,2.0,0.7,8.5,2.83,0.0,0.0,0.0,4.25,1.415,7.333333333333333,3.3333333333333335,5.6899999999999995,7.6000000000000005,0.0
3,1,Danny Green,0.0,LAL,MIA,-5.5,212.0,108.8,14,14.8,21.6,29.5,SG/SF,4000,1,13.0,11.0,102,103,-3%,9,7,7,28,26,26,21.6,19.0,10.3,27.6,26.8,15.0,3.8,20.3,5.06,18.8,27.0,4.7,19.55,4.88,26.666666666666668,7.666666666666667,19.61,21.96666666666667,19.794375000000002
3,2,Doug McDermott,0.0,IND,ATL,-6.0,224.0,115.0,11,14.3,21.1,26.5,SF/PF,3300,1,18.0,12.0,105,112,21%,10,9,8,24,20,21,21.1,15.8,7.9,23.6,28.6,23.0,7.0,15.5,4.7,14.4,19.0,4.4,14.95,4.550000000000001,21.666666666666668,9.0,16.67,20.633333333333336,13.11
3,3,Jabari Parker,0.0,ATL,IND,6.0,224.0,109.0,30,12.3,24.8,34.3,SF/PF,5700,1,24.0,18.0,102,102,-7%,11,12,13,26,27,28,24.8,30.4,17.9,42.9,27.4,29.5,5.2,29.3,5.13,30.2,27.5,5.3,29.75,5.215,27.0,12.0,29.15,23.8,30.300925925925927
3,4,Eric Bledsoe,0.0,MIL,MEM,-12.5,229.0,120.8,23,22.0,30.6,46.8,PG,6700,1,25.0,19.0,106,109,6%,11,9,12,29,25,28,30.4,32.8,23.1,42.4,17.0,24.0,3.6,32.5,4.85,32.5,27.0,4.9,32.5,4.875,27.333333333333332,10.666666666666666,32.239999999999995,33.13333333333333,32.103658536585364
3,5,Josh Richardson,0.0,PHI,NO,-8.0,222.5,115.3,18,6.8,26.5,44.3,SG/SF,5000,0,22.0,14.0,107,112,3%,15,14,13,31,30,33,32.5,30.0,21.7,38.2,26.1,13.8,2.8,27.8,5.55,24.5,25.0,4.9,26.15,5.225,31.333333333333332,14.0,29.71,25.866666666666664,20.86436170212766
3,6,Bobby Portis,0.0,NY,SAC,8.5,210.0,100.8,9,14.5,19.6,28.5,PF/C,3600,1,20.0,13.0,100,108,-13%,9,8,9,22,22,22,19.6,20.8,11.1,30.5,17.4,18.0,5.0,17.5,4.86,16.5,19.0,4.6,17.0,4.73,22.0,8.666666666666666,19.8,20.866666666666667,14.681818181818182
3,7,Ben Simmons,0.0,PHI,NO,-8.0,222.5,115.3,29,25.5,38.6,54.3,PG/SF,8200,0,22.0,18.0,107,112,16%,6,9,10,37,35,36,39.0,40.6,32.5,48.7,37.5,55.3,6.7,45.5,5.55,45.7,35.5,5.6,45.6,5.574999999999999,36.0,8.333333333333334,41.28,39.46666666666666,44.96666666666666
4,0,LeBron James,0.0,LAL,MIA,-5.5,212.0,108.8,16,44.5,52.8,60.5,PG/SF,10000,1,35.0,27.0,102,103,-6%,22,21,20,33,33,35,53.1,55.5,43.9,67.1,37.4,58.8,5.9,51.0,5.1,53.9,35.5,5.4,52.45,5.25,33.666666666666664,21.0,54.410000000000004,52.6,55.30618811881189
4,1,Kentavious Caldwell-Pope,0.0,LAL,MIA,-5.5,212.0,108.8,14,15.0,18.2,22.0,SG/SF,3600,1,14.0,11.0,102,103,-3%,9,7,7,30,29,26,18.2,16.7,10.5,22.9,30.4,24.3,6.8,18.5,5.14,18.4,27.0,5.1,18.45,5.119999999999999,28.333333333333332,7.666666666666667,17.35,18.400000000000002,17.581764705882353
4,2,Brandon Ingram,0.0,NO,PHI,8.0,222.5,107.3,7,22.0,37.4,47.3,SF/PF,7600,1,29.0,21.0,102,101,-4%,22,16,19,35,33,35,37.4,44.0,35.2,52.8,33.5,39.5,5.2,38.3,5.03,40.0,35.0,5.3,39.15,5.165,34.333333333333336,19.0,41.709999999999994,35.56666666666666,39.91019417475728
4,3,Wesley Matthews,0.0,MIL,MEM,-12.5,229.0,120.8,2,9.3,15.0,23.3,SG/SF,3200,1,13.0,10.0,106,109,7%,6,6,7,22,21,25,14.9,15.4,8.1,22.6,25.2,9.0,2.8,15.5,4.84,15.3,23.5,4.8,15.4,4.82,22.666666666666668,6.333333333333333,15.280000000000001,15.866666666666667,15.966176470588236
4,4,Kawhi Leonard,0.0,LAC,MIN,-4.5,228.5,116.5,3,34.3,43.6,58.3,SG/SF,9000,1,35.0,25.0,106,110,5%,16,16,20,32,30,32,43.6,47.8,38.8,56.7,37.2,57.8,6.4,48.5,5.39,48.8,32.5,5.4,48.65,5.395,31.333333333333332,17.333333333333332,47.11000000000001,45.4,50.461436170212764
4,5,Danny Green,0.0,LAL,MIA,-5.5,212.0,108.8,14,14.8,21.6,29.5,SG/SF,4000,1,13.0,11.0,102,103,-3%,9,7,7,28,26,26,21.6,19.0,10.3,27.6,26.8,15.0,3.8,20.3,5.06,18.8,27.0,4.7,19.55,4.88,26.666666666666668,7.666666666666667,19.61,21.96666666666667,19.794375000000002
4,6,Omari Spellman,0.0,GS,UTA,14.0,212.0,99.0,6,9.3,15.3,27.3,PF/C,3100,1,19.0,17.0,103,103,0%,4,5,7,15,17,19,15.3,18.9,11.0,26.9,20.8,7.3,2.4,22.3,7.18,19.7,23.5,6.4,21.0,6.79,17.0,5.333333333333333,18.619999999999997,17.3,29.029411764705884
4,7,Alec Burks,0.0,GS,UTA,14.0,212.0,99.0,19,22.8,30.2,41.3,PG/SG,5300,1,22.0,16.0,103,103,-13%,12,11,12,32,31,30,30.1,28.5,17.4,39.6,29.5,35.3,6.7,27.0,5.09,28.2,32.0,5.3,27.6,5.195,31.0,11.666666666666666,28.639999999999997,31.433333333333334,28.490322580645163
6,0,Eric Bledsoe,0.0,MIL,MEM,-12.5,229.0,120.8,23,22.0,30.6,46.8,PG,6700,1,25.0,19.0,106,109,6%,11,9,12,29,25,28,30.4,32.8,23.1,42.4,17.0,24.0,3.6,32.5,4.85,32.5,27.0,4.9,32.5,4.875,27.333333333333332,10.666666666666666,32.239999999999995,33.13333333333333,32.103658536585364
6,1,George Hill,0.0,MIL,MEM,-12.5,229.0,120.8,23,11.5,19.9,28.3,PG/SG,4100,1,16.0,20.0,106,109,6%,6,5,6,20,17,21,19.9,20.2,13.1,27.3,28.9,23.5,5.7,15.8,3.84,15.5,17.5,3.8,15.65,3.82,19.333333333333332,5.666666666666667,19.229999999999997,19.900000000000002,14.165948275862071
6,2,Robert Covington,0.0,MIN,LAC,4.5,228.5,112.0,13,6.0,25.4,36.0,SF/PF,5000,1,17.0,14.0,106,103,-5%,9,10,9,28,30,28,25.6,25.6,17.1,34.2,32.9,24.3,4.9,26.5,5.3,26.7,29.0,5.3,26.6,5.3,28.666666666666668,9.333333333333334,25.82,22.46666666666667,26.909302325581397
6,3,Vince Carter,0.0,ATL,IND,6.0,224.0,109.0,30,4.0,15.2,24.3,SF/PF,3000,1,18.0,7.0,102,102,-2%,8,7,6,20,17,16,15.2,11.2,3.8,18.5,12.6,4.3,1.4,13.3,4.42,15.0,18.5,5.0,14.15,4.71,17.666666666666668,7.0,12.569999999999999,14.5,14.81745283018868
6,4,Shabazz Napier,0.0,MIN,LAC,4.5,228.5,112.0,5,3.5,12.6,26.5,PG/SG,3300,1,21.0,13.0,106,103,2%,4,6,6,15,14,18,12.6,16.5,7.5,25.5,14.4,6.8,2.1,14.8,4.47,12.8,14.5,3.9,13.8,4.185,15.666666666666666,5.333333333333333,15.180000000000001,14.200000000000001,12.772340425531915
6,5,Kentavious Caldwell-Pope,0.0,LAL,MIA,-5.5,212.0,108.8,14,15.0,18.2,22.0,SG/SF,3600,1,14.0,11.0,102,103,-3%,9,7,7,30,29,26,18.2,16.7,10.5,22.9,30.4,24.3,6.8,18.5,5.14,18.4,27.0,5.1,18.45,5.119999999999999,28.333333333333332,7.666666666666667,17.35,18.400000000000002,17.581764705882353
6,6,Gorgui Dieng,0.0,MIN,LAC,4.5,228.5,112.0,7,2.0,6.3,10.0,C,3000,1,17.0,16.0,106,103,4%,4,3,4,12,12,13,6.3,14.5,4.7,24.3,11.7,15.8,5.3,14.5,4.83,14.1,12.5,4.7,14.3,4.765000000000001,12.333333333333334,3.6666666666666665,12.820000000000002,6.1000000000000005,14.493243243243242
6,7,Julius Randle,0.0,NY,SAC,8.5,210.0,100.8,9,16.5,32.2,48.8,PF/C,6900,1,27.0,15.0,100,108,-13%,14,15,14,32,32,33,35.5,34.9,26.4,43.4,30.6,43.8,6.3,33.0,4.78,32.4,32.5,4.7,32.7,4.74,32.333333333333336,14.333333333333334,34.580000000000005,32.5,32.868556701030926
7,0,De'Anthony Melton,0.0,MEM,MIL,12.5,229.0,108.3,3,18.3,24.3,32.8,PG/SG,3900,1,21.0,16.0,107,99,5%,5,6,5,18,22,15,24.3,16.5,3.9,29.0,23.2,23.8,6.1,22.8,5.83,24.0,23.5,6.2,23.4,6.015000000000001,18.333333333333332,5.333333333333333,19.419999999999998,25.133333333333336,29.994545454545456
7,1,Terry Rozier,0.0,CHA,CHI,7.0,212.5,102.8,6,21.3,35.6,51.8,PG/SG,6700,1,25.0,15.0,104,104,-13%,15,15,15,36,36,34,35.5,32.5,22.5,42.6,36.2,31.5,4.7,33.5,5.0,32.3,35.5,4.8,32.9,4.9,35.333333333333336,15.0,33.2,36.233333333333334,33.055188679245276
7,2,Marquese Chriss,0.0,GS,UTA,14.0,212.0,99.0,6,6.5,16.9,36.5,PF/C,3800,1,19.0,17.0,103,103,0%,7,7,6,18,17,18,16.9,19.1,10.3,27.8,23.1,42.8,11.3,26.8,7.04,22.2,24.0,5.8,24.5,6.42,17.666666666666668,6.666666666666667,19.72,19.966666666666665,33.283018867924525
7,3,Trevor Ariza,0.0,SAC,NY,-8.5,210.0,109.3,21,16.3,23.6,31.8,SF/PF,3800,1,12.0,9.0,100,111,-1%,6,7,5,28,29,24,23.6,15.3,6.7,23.8,23.9,6.3,1.7,19.0,5.0,17.2,25.0,4.5,18.1,4.75,27.0,6.0,17.5,23.900000000000002,16.75925925925926
7,4,Buddy Hield,0.0,SAC,NY,-8.5,210.0,109.3,8,34.3,41.5,47.3,SG/SF,7100,1,28.0,16.0,100,111,-6%,22,22,19,35,37,35,41.6,36.3,26.6,46.0,36.4,56.5,8.0,37.8,5.32,38.4,34.5,5.4,38.099999999999994,5.36,35.666666666666664,21.0,37.72,41.03333333333333,36.853738317757006
7,5,Harrison Barnes,0.0,SAC,NY,-8.5,210.0,109.3,21,14.8,27.9,40.5,SF/PF,5500,1,19.0,15.0,100,111,-1%,11,12,12,34,37,36,27.9,28.8,21.3,36.3,37.4,28.3,5.1,26.8,4.86,27.1,34.0,4.9,26.950000000000003,4.880000000000001,35.666666666666664,11.666666666666666,28.25,27.733333333333334,25.690654205607483
7,6,Myles Turner,0.0,IND,ATL,-6.0,224.0,115.0,20,16.5,21.3,29.5,C,5100,1,17.0,13.0,105,112,3%,10,8,10,25,29,32,21.3,26.7,17.3,36.1,26.2,17.8,3.5,29.8,5.83,26.2,28.5,5.1,28.0,5.465,28.666666666666668,9.333333333333334,25.879999999999995,22.433333333333334,27.83720930232558
7,7,Derrick Walton Jr.,0.0,LAC,MIN,-4.5,228.5,116.5,28,0.0,5.5,10.3,PG,3200,1,0.0,0.0,106,110,9%,1,2,1,12,10,7,5.5,3.5,-0.4,7.5,30.4,14.3,4.5,16.0,5.0,15.1,19.5,4.7,15.55,4.85,9.666666666666666,1.3333333333333333,6.33,5.266666666666667,31.368103448275868
9,0,LeBron James,0.0,LAL,MIA,-5.5,212.0,108.8,16,44.5,52.8,60.5,PG/SF,10000,1,35.0,27.0,102,103,-6%,22,21,20,33,33,35,53.1,55.5,43.9,67.1,37.4,58.8,5.9,51.0,5.1,53.9,35.5,5.4,52.45,5.25,33.666666666666664,21.0,54.410000000000004,52.6,55.30618811881189
9,1,Alex Caruso,0.0,LAL,MIA,-5.5,212.0,108.8,16,12.3,17.9,32.0,PG/SG,3700,1,13.0,10.0,102,103,-3%,8,5,5,29,24,21,18.2,14.0,7.8,20.2,10.6,2.8,0.8,17.3,4.66,14.8,21.0,4.0,16.05,4.33,24.666666666666668,6.0,15.25,20.733333333333334,13.66418918918919
9,2,James Ennis III,0.0,PHI,NO,-8.0,222.5,115.3,26,2.8,12.3,25.8,SF/PF,3600,0,16.0,16.0,107,112,3%,5,5,5,18,19,18,11.9,14.3,6.5,22.1,14.6,19.5,5.4,13.5,3.75,15.0,18.5,4.2,14.25,3.975,18.333333333333332,5.0,13.810000000000002,13.633333333333335,14.379545454545456
9,3,De'Andre Hunter,0.0,ATL,IND,6.0,224.0,109.0,30,13.0,26.1,42.0,SF/PF,4300,1,18.0,9.0,102,102,-2%,13,13,11,32,31,32,26.1,22.2,12.4,31.9,37.0,32.5,7.6,22.0,5.12,22.4,31.5,5.2,22.2,5.16,31.666666666666668,12.333333333333334,22.96,27.03333333333333,22.083157894736843
9,4,Dillon Brooks,0.0,MEM,MIL,12.5,229.0,108.3,20,15.3,25.8,35.3,SG/SF,5100,1,22.0,12.0,107,99,-12%,15,13,12,29,27,28,25.8,24.1,14.9,33.3,34.8,28.0,5.5,24.8,4.85,26.9,30.0,5.3,25.85,5.074999999999999,28.0,13.333333333333334,24.790000000000003,25.46666666666667,27.696428571428573
9,5,Omari Spellman,0.0,GS,UTA,14.0,212.0,99.0,6,9.3,15.3,27.3,PF/C,3100,1,19.0,17.0,103,103,0%,4,5,7,15,17,19,15.3,18.9,11.0,26.9,20.8,7.3,2.4,22.3,7.18,19.7,23.5,6.4,21.0,6.79,17.0,5.333333333333333,18.619999999999997,17.3,29.029411764705884
9,6,Brook Lopez,0.0,MIL,MEM,-12.5,229.0,120.8,8,15.8,19.8,25.3,C,4800,1,16.0,13.0,106,109,4%,9,8,9,24,24,27,19.8,25.0,15.3,34.8,23.6,33.0,6.9,25.3,5.26,23.3,25.0,4.9,24.3,5.08,25.0,8.666666666666666,23.839999999999996,20.3,24.3
9,7,Lauri Markkanen,0.0,CHI,CHA,-7.0,212.5,109.8,18,23.8,30.6,37.3,PF/C,6300,1,21.0,13.0,101,111,16%,12,13,12,28,32,30,30.9,28.2,18.2,38.1,25.6,20.5,3.3,34.5,5.48,31.8,31.5,5.0,33.15,5.24,30.0,12.333333333333334,29.709999999999997,30.566666666666666,34.8075
10,0,Lonzo Ball,0.0,NO,PHI,8.0,222.5,107.3,9,10.5,26.2,54.0,PG,5100,1,21.0,11.0,102,101,-8%,7,9,10,26,31,28,26.2,27.5,16.4,38.7,23.2,15.0,2.9,24.5,4.8,24.2,27.0,4.7,24.35,4.75,28.333333333333332,8.666666666666666,26.630000000000003,30.233333333333334,23.204117647058826
10,1,D'Angelo Russell,0.0,GS,UTA,14.0,212.0,99.0,19,22.3,31.4,50.8,PG/SG,7700,1,33.0,20.0,103,103,-1%,25,16,18,35,30,31,31.4,38.8,21.2,56.5,30.4,32.8,4.3,38.5,5.0,41.4,34.0,5.4,39.95,5.2,32.0,19.666666666666668,37.56999999999999,34.833333333333336,42.446875000000006
10,2,Miles Bridges,0.0,CHA,CHI,7.0,212.5,102.8,4,12.8,23.2,30.0,SF/PF,5100,1,19.0,12.0,104,104,-1%,15,11,11,37,30,32,23.1,25.5,17.4,33.6,35.8,28.8,5.6,29.3,5.74,27.6,34.0,5.4,28.450000000000003,5.57,33.0,12.333333333333334,25.610000000000003,22.0,29.312121212121212
10,3,Jae Crowder,0.0,MEM,MIL,12.5,229.0,108.3,6,11.0,24.0,32.8,SF/PF,5100,1,16.0,11.0,107,99,-3%,9,10,9,31,31,31,24.0,25.7,16.9,34.5,33.0,40.8,8.0,25.0,4.9,26.5,31.5,5.2,25.75,5.050000000000001,31.0,9.333333333333334,25.369999999999997,22.599999999999998,26.165322580645164
10,4,Matisse Thybulle,0.0,PHI,NO,-8.0,222.5,115.3,18,3.5,21.0,36.0,SG/SF,3700,0,13.0,12.0,107,112,16%,6,5,4,28,25,18,20.9,13.1,2.9,23.2,26.5,9.0,2.4,22.0,5.95,21.5,28.5,5.8,21.75,5.875,23.666666666666668,5.0,16.369999999999997,20.166666666666668,26.191901408450704
10,5,Jeff Green,0.0,UTA,GS,-14.0,212.0,113.0,29,5.3,13.5,24.3,SF/PF,3400,1,19.0,11.0,103,110,4%,6,7,7,15,19,19,13.4,14.4,8.0,20.8,16.2,6.3,1.9,16.8,4.93,14.3,19.0,4.2,15.55,4.5649999999999995,17.666666666666668,6.666666666666667,14.430000000000001,14.366666666666667,16.723584905660378
10,6,Lauri Markkanen,0.0,CHI,CHA,-7.0,212.5,109.8,18,23.8,30.6,37.3,PF/C,6300,1,21.0,13.0,101,111,16%,12,13,12,28,32,30,30.9,28.2,18.2,38.1,25.6,20.5,3.3,34.5,5.48,31.8,31.5,5.0,33.15,5.24,30.0,12.333333333333334,29.709999999999997,30.566666666666666,34.8075
10,7,RJ Barrett,0.0,NY,SAC,8.5,210.0,100.8,26,5.5,23.7,44.5,PG/SG,6100,1,24.0,11.0,100,108,-13%,13,11,13,33,29,32,23.7,28.7,17.6,39.7,31.4,16.0,2.6,27.0,4.43,28.5,32.0,4.7,27.75,4.5649999999999995,31.333333333333332,12.333333333333334,27.49,24.566666666666666,28.340425531914896
11,0,Tyus Jones,0.0,MEM,MIL,12.5,229.0,108.3,3,9.5,17.4,25.8,PG/SG,3700,1,19.0,11.0,107,99,5%,3,5,6,15,22,20,17.4,16.5,8.1,24.9,24.8,25.0,6.8,19.0,5.14,23.3,26.0,6.3,21.15,5.72,19.0,4.666666666666667,17.609999999999996,17.566666666666666,28.942105263157895
11,1,RJ Barrett,0.0,NY,SAC,8.5,210.0,100.8,26,5.5,23.7,44.5,PG/SG,6100,1,24.0,11.0,100,108,-13%,13,11,13,33,29,32,23.7,28.7,17.6,39.7,31.4,16.0,2.6,27.0,4.43,28.5,32.0,4.7,27.75,4.5649999999999995,31.333333333333332,12.333333333333334,27.49,24.566666666666666,28.340425531914896
11,2,Bruno Caboclo,0.0,MEM,MIL,12.5,229.0,108.3,12,5.0,13.1,36.3,PF/C,3000,1,17.0,13.0,107,99,-12%,3,5,4,9,15,11,13.1,10.0,-0.4,20.3,14.4,13.0,4.3,11.0,3.67,11.8,12.5,3.9,11.4,3.785,11.666666666666666,4.0,10.88,18.133333333333333,12.214285714285715
11,3,JJ Redick,0.0,NO,PHI,8.0,222.5,107.3,7,11.5,26.2,37.0,SG/SF,4900,1,19.0,16.0,102,101,-4%,13,12,11,27,29,29,26.1,24.9,14.6,35.1,34.2,29.8,6.1,21.0,4.29,22.7,28.5,4.6,21.85,4.445,28.333333333333332,12.0,24.509999999999998,24.900000000000002,21.978529411764708
11,4,Buddy Hield,0.0,SAC,NY,-8.5,210.0,109.3,8,34.3,41.5,47.3,SG/SF,7100,1,28.0,16.0,100,111,-6%,22,22,19,35,37,35,41.6,36.3,26.6,46.0,36.4,56.5,8.0,37.8,5.32,38.4,34.5,5.4,38.099999999999994,5.36,35.666666666666664,21.0,37.72,41.03333333333333,36.853738317757006
11,5,Doug McDermott,0.0,IND,ATL,-6.0,224.0,115.0,11,14.3,21.1,26.5,SF/PF,3300,1,18.0,12.0,105,112,21%,10,9,8,24,20,21,21.1,15.8,7.9,23.6,28.6,23.0,7.0,15.5,4.7,14.4,19.0,4.4,14.95,4.550000000000001,21.666666666666668,9.0,16.67,20.633333333333336,13.11
11,6,Kevon Looney,0.0,GS,UTA,14.0,212.0,99.0,6,3.3,7.1,12.3,PF/C,3000,1,0.0,0.0,103,103,-7%,2,3,3,8,10,10,7.1,8.5,3.9,13.2,18.4,8.0,2.7,15.5,5.17,14.1,17.0,4.7,14.8,4.9350000000000005,9.333333333333334,2.6666666666666665,9.5,7.566666666666666,26.957142857142856
11,7,Bobby Portis,0.0,NY,SAC,8.5,210.0,100.8,9,14.5,19.6,28.5,PF/C,3600,1,20.0,13.0,100,108,-13%,9,8,9,22,22,22,19.6,20.8,11.1,30.5,17.4,18.0,5.0,17.5,4.86,16.5,19.0,4.6,17.0,4.73,22.0,8.666666666666666,19.8,20.866666666666667,14.681818181818182
12,0,Devonte' Graham,0.0,CHA,CHI,7.0,212.5,102.8,6,36.0,50.2,63.3,PG,8300,1,28.0,20.0,104,104,-13%,20,20,16,36,35,34,50.5,38.8,27.8,49.8,37.0,36.3,4.4,35.0,4.22,38.0,36.0,4.6,36.5,4.41,35.0,18.666666666666668,40.68,49.833333333333336,37.542857142857144
12,1,Marko Guduric,0.0,MEM,MIL,12.5,229.0,108.3,20,2.0,8.6,19.3,SG/SF,3000,1,18.0,8.0,107,99,5%,2,3,5,9,11,15,8.6,10.6,3.6,17.7,12.6,4.5,1.5,11.8,3.92,10.5,13.5,3.5,11.15,3.71,11.666666666666666,3.3333333333333335,10.33,9.966666666666667,12.902142857142858
12,2,Miles Bridges,0.0,CHA,CHI,7.0,212.5,102.8,4,12.8,23.2,30.0,SF/PF,5100,1,19.0,12.0,104,104,-1%,15,11,11,37,30,32,23.1,25.5,17.4,33.6,35.8,28.8,5.6,29.3,5.74,27.6,34.0,5.4,28.450000000000003,5.57,33.0,12.333333333333334,25.610000000000003,22.0,29.312121212121212
12,3,Royce O'Neale,0.0,UTA,GS,-14.0,212.0,113.0,29,9.0,16.3,29.3,SF,3600,1,9.0,9.0,103,110,4%,7,5,5,29,27,28,16.3,17.8,10.8,24.7,32.8,28.0,7.8,19.5,5.42,18.3,29.0,5.1,18.9,5.26,28.0,5.666666666666667,17.7,18.2,19.575
12,4,Eric Bledsoe,0.0,MIL,MEM,-12.5,229.0,120.8,23,22.0,30.6,46.8,PG,6700,1,25.0,19.0,106,109,6%,11,9,12,29,25,28,30.4,32.8,23.1,42.4,17.0,24.0,3.6,32.5,4.85,32.5,27.0,4.9,32.5,4.875,27.333333333333332,10.666666666666666,32.239999999999995,33.13333333333333,32.103658536585364
12,5,Michael Kidd-Gilchrist,0.0,CHA,CHI,7.0,212.5,102.8,4,6.0,12.9,25.3,SF/PF,3500,1,0.0,0.0,104,104,-1%,7,6,6,18,15,15,12.8,12.8,5.0,20.7,20.1,11.3,3.2,14.5,4.14,14.6,19.5,4.2,14.55,4.17,16.0,6.333333333333333,13.169999999999998,14.733333333333334,17.7328125
12,6,Domantas Sabonis,0.0,IND,ATL,-6.0,224.0,115.0,17,39.8,47.5,56.5,PF/C,8100,1,24.0,20.0,105,112,3%,15,14,14,35,36,35,47.0,43.7,36.5,50.9,32.0,33.0,4.1,45.8,5.65,45.0,34.5,5.6,45.4,5.625,35.333333333333336,14.333333333333334,44.7,47.93333333333334,44.329245283018864
12,7,Frank Ntilikina,0.0,NY,SAC,8.5,210.0,100.8,26,1.5,6.9,12.5,PG/SG,3100,1,15.0,9.0,100,108,-4%,4,4,6,16,16,26,6.9,17.0,5.9,28.2,21.1,7.3,2.4,13.3,4.27,12.1,18.5,3.9,12.7,4.085,19.333333333333332,4.666666666666667,14.139999999999997,6.966666666666666,12.152586206896553
13,0,Jarrett Culver,0.0,MIN,LAC,4.5,228.5,112.0,5,9.3,19.2,36.0,PG/SG,3800,1,21.0,9.0,106,103,2%,6,8,10,18,23,24,19.2,19.9,11.4,28.3,17.6,2.5,0.7,18.5,4.87,19.7,23.5,5.2,19.1,5.035,21.666666666666668,8.0,19.580000000000002,21.5,20.716153846153848
13,1,Allen Crabbe,0.0,ATL,IND,6.0,224.0,109.0,1,2.5,12.5,20.0,SG/SF,3100,1,13.0,10.0,102,102,-2%,4,5,6,22,22,20,13.7,13.3,9.2,17.4,24.7,12.3,4.0,15.0,4.84,14.5,20.5,4.7,14.75,4.77,21.333333333333332,5.0,13.669999999999998,11.666666666666666,14.173828125
13,2,Solomon Hill,0.0,MEM,MIL,12.5,229.0,108.3,6,7.8,20.5,39.5,SF/PF,3400,1,14.0,10.0,107,99,-12%,6,8,5,24,27,20,20.4,15.3,7.6,22.9,30.0,19.0,5.6,18.0,5.29,18.1,25.0,5.3,18.05,5.295,23.666666666666668,6.333333333333333,16.85,22.599999999999998,19.066901408450704
13,3,Moe Harkless,0.0,LAC,MIN,-4.5,228.5,116.5,23,2.8,19.2,27.5,SF/PF,4200,1,11.0,10.0,106,110,5%,9,6,5,33,29,24,19.1,15.5,8.3,22.7,30.1,16.5,3.9,20.0,4.76,20.4,30.5,4.9,20.2,4.83,28.666666666666668,6.666666666666667,17.16,16.5,21.49186046511628
13,4,Tyus Jones,0.0,MEM,MIL,12.5,229.0,108.3,3,9.5,17.4,25.8,PG/SG,3700,1,19.0,11.0,107,99,5%,3,5,6,15,22,20,17.4,16.5,8.1,24.9,24.8,25.0,6.8,19.0,5.14,23.3,26.0,6.3,21.15,5.72,19.0,4.666666666666667,17.609999999999996,17.566666666666666,28.942105263157895
13,5,Damion Lee,0.0,GS,UTA,14.0,212.0,99.0,16,7.3,14.8,25.5,SG/SF,3100,1,21.0,12.0,103,103,-13%,9,9,9,19,23,23,14.8,19.3,8.2,30.4,25.9,26.3,8.5,15.3,4.92,16.7,22.0,5.4,16.0,5.16,21.666666666666668,9.0,17.740000000000002,15.866666666666667,16.246153846153845
13,6,Alex Len,0.0,ATL,IND,6.0,224.0,109.0,19,19.5,27.8,37.3,C,4300,1,19.0,18.0,102,102,6%,8,9,6,21,19,18,27.8,18.4,9.0,27.9,21.6,35.8,8.3,21.3,4.94,20.5,19.0,4.8,20.9,4.87,19.333333333333332,7.666666666666667,20.8,28.2,20.53965517241379
13,7,Paul George,0.0,LAC,MIN,-4.5,228.5,116.5,23,22.8,40.5,62.8,SF/PF,8800,1,31.0,22.0,106,110,5%,20,17,17,35,31,31,40.5,39.4,27.1,51.7,39.1,66.8,7.6,46.3,5.26,47.0,33.5,5.3,46.65,5.279999999999999,32.333333333333336,18.0,41.07000000000001,42.03333333333333,48.3332474226804
14,0,Donovan Mitchell,0.0,UTA,GS,-14.0,212.0,113.0,30,28.5,36.8,47.3,PG/SG,8100,1,31.0,20.0,103,110,9%,23,21,21,36,35,35,36.8,39.9,31.2,48.6,35.4,41.5,5.1,42.8,5.28,43.3,34.5,5.3,43.05,5.29,35.333333333333336,21.666666666666668,39.90999999999999,37.53333333333333,42.034669811320754
14,1,Josh Okogie,0.0,MIN,LAC,4.5,228.5,112.0,27,14.5,19.6,25.5,SG/SF,4000,1,15.0,13.0,106,103,-4%,8,7,7,30,29,26,19.6,20.3,13.1,27.5,31.4,12.5,3.1,21.3,5.31,21.2,29.0,5.3,21.25,5.305,28.333333333333332,7.333333333333333,20.35,19.866666666666667,21.75
14,2,Robert Covington,0.0,MIN,LAC,4.5,228.5,112.0,13,6.0,25.4,36.0,SF/PF,5000,1,17.0,14.0,106,103,-5%,9,10,9,28,30,28,25.6,25.6,17.1,34.2,32.9,24.3,4.9,26.5,5.3,26.7,29.0,5.3,26.6,5.3,28.666666666666668,9.333333333333334,25.82,22.46666666666667,26.909302325581397
14,3,Andrew Wiggins,0.0,MIN,LAC,4.5,228.5,112.0,27,25.0,37.7,44.5,SG/SF,7200,1,29.0,20.0,106,103,-5%,21,19,21,37,34,35,37.6,40.0,30.0,50.0,39.3,41.8,5.8,35.5,4.93,37.6,35.0,5.2,36.55,5.0649999999999995,35.333333333333336,20.333333333333332,38.83,35.733333333333334,36.205188679245275
14,4,Terrence Ross,0.0,ORL,HOU,6.0,221.0,107.5,17,12.3,24.7,31.8,SG/SF,4300,1,23.0,13.0,107,107,11%,13,12,11,30,25,25,24.7,21.1,14.2,27.9,27.5,24.3,5.7,24.5,5.7,25.2,26.5,5.9,24.85,5.800000000000001,26.666666666666668,12.0,22.55,22.933333333333334,24.6946875
14,5,Terance Mann,0.0,LAC,MIN,-4.5,228.5,116.5,3,1.5,6.4,13.8,SG/SF,3000,1,14.0,9.0,106,110,9%,1,2,2,7,10,9,6.3,6.0,-2.1,14.1,17.6,9.0,3.0,11.3,3.75,17.9,22.5,6.0,14.6,4.875,8.666666666666666,1.6666666666666667,7.779999999999999,7.233333333333334,37.90384615384615
14,6,Robin Lopez,0.0,MIL,MEM,-12.5,229.0,120.8,8,8.3,12.5,15.3,C,3200,1,16.0,9.0,106,109,4%,8,6,5,15,17,15,12.4,11.2,4.9,17.6,7.8,5.5,1.7,12.8,3.98,12.5,15.0,3.9,12.65,3.94,15.666666666666666,6.333333333333333,11.75,12.033333333333333,12.111702127659575
14,7,Joe Ingles,0.0,UTA,GS,-14.0,212.0,113.0,6,12.0,31.7,39.3,SG/SF,5800,1,15.0,10.0,103,110,4%,11,9,7,35,31,29,31.7,21.9,12.4,31.3,33.7,31.0,5.3,28.0,4.83,29.5,33.5,5.1,28.75,4.965,31.666666666666668,9.0,25.21,27.666666666666668,30.414473684210524
15,0,Donte DiVincenzo,0.0,MIL,MEM,-12.5,229.0,120.8,23,10.3,19.1,26.3,PG/SF,4000,1,18.0,14.0,106,109,7%,6,7,8,22,21,22,19.1,20.3,12.1,28.6,19.0,14.5,3.6,16.3,4.06,17.3,20.0,4.3,16.8,4.18,21.666666666666668,7.0,19.38,18.566666666666666,15.507692307692306
15,1,Alec Burks,0.0,GS,UTA,14.0,212.0,99.0,19,22.8,30.2,41.3,PG/SG,5300,1,22.0,16.0,103,103,-13%,12,11,12,32,31,30,30.1,28.5,17.4,39.6,29.5,35.3,6.7,27.0,5.09,28.2,32.0,5.3,27.6,5.195,31.0,11.666666666666666,28.639999999999997,31.433333333333334,28.490322580645163
15,2,Danuel House Jr.,0.0,HOU,ORL,-6.0,221.0,113.5,14,12.3,21.5,36.5,SF/PF,4200,1,14.0,14.0,100,103,1%,10,9,9,30,30,31,21.5,24.1,15.8,32.4,34.0,9.3,2.2,20.5,4.88,20.6,30.0,4.9,20.55,4.890000000000001,30.333333333333332,9.333333333333334,22.869999999999997,23.433333333333334,20.324175824175825
15,3,Derrick Jones Jr.,0.0,MIA,LAL,5.5,212.0,103.3,24,3.5,14.2,24.8,SF/PF,4000,2,14.0,10.0,103,100,-7%,7,5,4,30,22,17,14.2,11.7,3.9,19.5,27.9,33.0,8.3,19.5,4.88,20.1,27.5,5.0,19.8,4.9399999999999995,23.0,5.333333333333333,13.819999999999999,14.166666666666666,23.67391304347826
15,4,Justin Holiday,0.0,IND,ATL,-6.0,224.0,115.0,30,13.3,19.5,31.5,SG/SF,3600,1,13.0,12.0,105,112,10%,11,8,7,28,26,25,19.3,19.0,11.1,27.0,22.1,10.5,2.9,18.3,5.07,18.4,25.0,5.1,18.35,5.085,26.333333333333332,8.666666666666666,18.95,21.433333333333334,17.42088607594937
15,5,Pat Connaughton,0.0,MIL,MEM,-12.5,229.0,120.8,2,0.0,13.9,20.0,SG/SF,3600,1,13.0,14.0,106,109,7%,4,4,4,17,18,18,19.4,15.4,7.7,23.2,16.2,10.3,2.9,14.8,4.1,11.6,14.0,3.2,13.2,3.65,17.666666666666668,4.0,15.780000000000001,11.299999999999999,10.460377358490565
15,6,Alex Len,0.0,ATL,IND,6.0,224.0,109.0,19,19.5,27.8,37.3,C,4300,1,19.0,18.0,102,102,6%,8,9,6,21,19,18,27.8,18.4,9.0,27.9,21.6,35.8,8.3,21.3,4.94,20.5,19.0,4.8,20.9,4.87,19.333333333333332,7.666666666666667,20.8,28.2,20.53965517241379
15,7,Terrence Ross,0.0,ORL,HOU,6.0,221.0,107.5,17,12.3,24.7,31.8,SG/SF,4300,1,23.0,13.0,107,107,11%,13,12,11,30,25,25,24.7,21.1,14.2,27.9,27.5,24.3,5.7,24.5,5.7,25.2,26.5,5.9,24.85,5.800000000000001,26.666666666666668,12.0,22.55,22.933333333333334,24.6946875
16,0,LeBron James,0.0,LAL,MIA,-5.5,212.0,108.8,16,44.5,52.8,60.5,PG/SF,10000,1,35.0,27.0,102,103,-6%,22,21,20,33,33,35,53.1,55.5,43.9,67.1,37.4,58.8,5.9,51.0,5.1,53.9,35.5,5.4,52.45,5.25,33.666666666666664,21.0,54.410000000000004,52.6,55.30618811881189
16,1,Kentavious Caldwell-Pope,0.0,LAL,MIA,-5.5,212.0,108.8,14,15.0,18.2,22.0,SG/SF,3600,1,14.0,11.0,102,103,-3%,9,7,7,30,29,26,18.2,16.7,10.5,22.9,30.4,24.3,6.8,18.5,5.14,18.4,27.0,5.1,18.45,5.119999999999999,28.333333333333332,7.666666666666667,17.35,18.400000000000002,17.581764705882353
16,2,Jonathan Isaac,0.0,ORL,HOU,6.0,221.0,107.5,17,19.0,28.1,35.5,SF/PF,6100,1,18.0,17.0,107,107,7%,14,12,11,32,32,31,28.1,32.6,22.4,42.8,26.9,16.8,2.8,33.8,5.53,33.5,32.5,5.5,33.65,5.515000000000001,31.666666666666668,12.333333333333334,31.910000000000004,27.53333333333333,34.535526315789475
16,3,Rodney McGruder,0.0,LAC,MIN,-4.5,228.5,116.5,3,4.0,13.4,21.8,SG/SF,3000,1,11.0,6.0,106,110,5%,6,5,4,23,19,17,13.4,9.3,0.9,17.7,15.0,3.8,1.3,10.0,3.33,9.5,15.0,3.2,9.75,3.265,19.666666666666668,5.0,10.21,13.066666666666668,7.436440677966101
16,4,Donovan Mitchell,0.0,UTA,GS,-14.0,212.0,113.0,30,28.5,36.8,47.3,PG/SG,8100,1,31.0,20.0,103,110,9%,23,21,21,36,35,35,36.8,39.9,31.2,48.6,35.4,41.5,5.1,42.8,5.28,43.3,34.5,5.3,43.05,5.29,35.333333333333336,21.666666666666668,39.90999999999999,37.53333333333333,42.034669811320754
16,5,Donte DiVincenzo,0.0,MIL,MEM,-12.5,229.0,120.8,23,10.3,19.1,26.3,PG/SF,4000,1,18.0,14.0,106,109,7%,6,7,8,22,21,22,19.1,20.3,12.1,28.6,19.0,14.5,3.6,16.3,4.06,17.3,20.0,4.3,16.8,4.18,21.666666666666668,7.0,19.38,18.566666666666666,15.507692307692306
16,6,Chris Silva,0.0,MIA,LAL,5.5,212.0,103.3,18,1.3,5.0,10.5,C,3000,2,17.0,17.0,103,100,-15%,2,1,2,8,7,10,5.0,10.6,2.8,18.4,8.4,9.3,3.1,12.5,4.17,0.0,0.0,0.0,6.25,2.085,8.333333333333334,1.6666666666666667,8.61,5.6000000000000005,0.0
16,7,Nickeil Alexander-Walker,0.0,NO,PHI,8.0,222.5,107.3,9,3.5,10.4,16.0,PG/SG,3100,1,25.0,8.0,102,101,-8%,3,7,7,8,12,14,10.4,12.8,1.3,24.2,10.4,9.8,3.2,5.8,1.85,0.0,0.0,0.0,2.9,0.925,11.333333333333334,5.666666666666667,10.32,9.966666666666667,0.0
17,0,LeBron James,0.0,LAL,MIA,-5.5,212.0,108.8,16,44.5,52.8,60.5,PG/SF,10000,1,35.0,27.0,102,103,-6%,22,21,20,33,33,35,53.1,55.5,43.9,67.1,37.4,58.8,5.9,51.0,5.1,53.9,35.5,5.4,52.45,5.25,33.666666666666664,21.0,54.410000000000004,52.6,55.30618811881189
17,1,Frank Ntilikina,0.0,NY,SAC,8.5,210.0,100.8,26,1.5,6.9,12.5,PG/SG,3100,1,15.0,9.0,100,108,-4%,4,4,6,16,16,26,6.9,17.0,5.9,28.2,21.1,7.3,2.4,13.3,4.27,12.1,18.5,3.9,12.7,4.085,19.333333333333332,4.666666666666667,14.139999999999997,6.966666666666666,12.152586206896553
17,2,T.J. Warren,0.0,IND,ATL,-6.0,224.0,115.0,11,20.3,27.4,34.5,SF/PF,5000,1,21.0,16.0,105,112,21%,9,14,15,29,32,33,27.3,27.3,17.2,37.4,31.1,28.0,5.6,28.8,5.75,26.6,31.0,5.3,27.700000000000003,5.525,31.333333333333332,12.666666666666666,27.380000000000003,27.400000000000002,27.405319148936176
17,3,Marko Guduric,0.0,MEM,MIL,12.5,229.0,108.3,20,2.0,8.6,19.3,SG/SF,3000,1,18.0,8.0,107,99,5%,2,3,5,9,11,15,8.6,10.6,3.6,17.7,12.6,4.5,1.5,11.8,3.92,10.5,13.5,3.5,11.15,3.71,11.666666666666666,3.3333333333333335,10.33,9.966666666666667,12.902142857142858
17,4,Khris Middleton,0.0,MIL,MEM,-12.5,229.0,120.8,2,32.3,37.0,40.3,SG/SF,6800,1,25.0,20.0,106,109,10%,20,14,14,30,26,28,37.0,32.4,25.4,39.4,35.1,34.8,5.1,33.8,4.96,35.3,29.0,5.2,34.55,5.08,28.0,16.0,33.75,36.53333333333333,35.78392857142857
17,5,Evan Fournier,0.0,ORL,HOU,6.0,221.0,107.5,17,25.5,32.6,40.5,SG/SF,6400,1,26.0,19.0,107,107,11%,17,16,15,33,32,31,32.6,31.1,22.1,40.0,24.6,39.0,6.1,32.0,5.0,32.7,32.5,5.1,32.35,5.05,32.0,16.0,31.630000000000003,32.86666666666667,32.85546875
17,6,Jordan Bell,0.0,MIN,LAC,4.5,228.5,112.0,20,4.8,10.8,21.3,PF/C,3000,1,0.0,0.0,106,103,-5%,2,3,3,9,13,10,11.1,9.5,2.1,17.0,11.0,9.8,3.3,7.3,2.42,0.0,0.0,0.0,3.65,1.21,10.666666666666666,2.6666666666666665,8.67,12.300000000000002,0.0
17,7,Joel Embiid,0.0,PHI,NO,-8.0,222.5,115.3,17,29.5,48.0,66.8,C,9600,0,31.0,24.0,107,112,-1%,20,14,16,34,33,31,48.0,48.3,35.1,61.5,31.1,50.3,5.2,52.0,5.42,52.2,32.0,5.4,52.1,5.41,32.666666666666664,16.666666666666668,49.0,48.1,51.036734693877555
18,0,Lonzo Ball,0.0,NO,PHI,8.0,222.5,107.3,9,10.5,26.2,54.0,PG,5100,1,21.0,11.0,102,101,-8%,7,9,10,26,31,28,26.2,27.5,16.4,38.7,23.2,15.0,2.9,24.5,4.8,24.2,27.0,4.7,24.35,4.75,28.333333333333332,8.666666666666666,26.630000000000003,30.233333333333334,23.204117647058826
18,1,Malcolm Brogdon,0.0,IND,ATL,-6.0,224.0,115.0,13,26.5,35.6,48.0,PG/SG,7500,1,28.0,22.0,105,112,-4%,13,13,15,30,31,33,35.6,40.1,31.3,48.8,32.1,47.5,6.3,37.3,4.97,38.7,32.5,5.2,38.0,5.085,31.333333333333332,13.666666666666666,38.760000000000005,36.699999999999996,39.41489361702128
18,2,Marvin Bagley III,0.0,SAC,NY,-8.5,210.0,109.3,27,20.0,31.6,40.5,PF/C,6200,1,0.0,0.0,100,111,7%,15,15,15,25,25,25,25.8,25.8,17.6,33.9,21.4,21.8,3.5,30.5,4.92,30.3,25.5,4.9,30.4,4.91,25.0,15.0,26.7,30.7,31.008
18,3,Josh Hart,0.0,NO,PHI,8.0,222.5,107.3,7,7.3,18.0,27.5,SG/SF,4100,1,17.0,12.0,102,101,-9%,12,10,9,28,25,28,18.0,25.5,15.6,35.4,30.5,24.8,6.0,19.5,4.76,19.5,26.0,4.8,19.5,4.779999999999999,27.0,10.333333333333334,22.8,17.599999999999998,18.77777777777778
18,4,Shabazz Napier,0.0,MIN,LAC,4.5,228.5,112.0,5,3.5,12.6,26.5,PG/SG,3300,1,21.0,13.0,106,103,2%,4,6,6,15,14,18,12.6,16.5,7.5,25.5,14.4,6.8,2.1,14.8,4.47,12.8,14.5,3.9,13.8,4.185,15.666666666666666,5.333333333333333,15.180000000000001,14.200000000000001,12.772340425531915
18,5,Duncan Robinson,0.0,MIA,LAL,5.5,212.0,103.3,5,13.0,28.1,50.8,SG/SF,5700,2,15.0,14.0,103,100,-2%,13,11,9,32,32,28,28.4,21.3,10.2,32.4,36.5,14.3,2.5,21.3,3.73,22.8,32.5,4.0,22.05,3.865,30.666666666666668,11.0,22.869999999999997,30.633333333333336,23.36820652173913
18,6,Myles Turner,0.0,IND,ATL,-6.0,224.0,115.0,20,16.5,21.3,29.5,C,5100,1,17.0,13.0,105,112,3%,10,8,10,25,29,32,21.3,26.7,17.3,36.1,26.2,17.8,3.5,29.8,5.83,26.2,28.5,5.1,28.0,5.465,28.666666666666668,9.333333333333334,25.879999999999995,22.433333333333334,27.83720930232558
18,7,Andrew Wiggins,0.0,MIN,LAC,4.5,228.5,112.0,27,25.0,37.7,44.5,SG/SF,7200,1,29.0,20.0,106,103,-5%,21,19,21,37,34,35,37.6,40.0,30.0,50.0,39.3,41.8,5.8,35.5,4.93,37.6,35.0,5.2,36.55,5.0649999999999995,35.333333333333336,20.333333333333332,38.83,35.733333333333334,36.205188679245275
19,0,Emmanuel Mudiay,0.0,UTA,GS,-14.0,212.0,113.0,30,3.3,13.0,26.8,PG,3600,1,23.0,12.0,103,110,7%,5,5,6,20,18,17,13.6,15.2,7.8,22.6,19.1,10.5,2.9,19.8,5.49,18.9,20.5,5.2,19.35,5.345000000000001,18.333333333333332,5.333333333333333,15.709999999999999,14.366666666666667,21.636818181818185
19,1,Joe Ingles,0.0,UTA,GS,-14.0,212.0,113.0,6,12.0,31.7,39.3,SG/SF,5800,1,15.0,10.0,103,110,4%,11,9,7,35,31,29,31.7,21.9,12.4,31.3,33.7,31.0,5.3,28.0,4.83,29.5,33.5,5.1,28.75,4.965,31.666666666666668,9.0,25.21,27.666666666666668,30.414473684210524
19,2,Georges Niang,0.0,UTA,GS,-14.0,212.0,113.0,29,8.8,11.8,15.0,SF/PF,3000,1,15.0,10.0,103,110,4%,5,5,3,17,16,12,11.8,7.9,1.4,14.5,17.6,10.8,3.6,13.8,4.58,13.5,17.0,4.5,13.65,4.54,15.0,4.333333333333333,9.85,11.866666666666667,15.47
19,3,Josh Okogie,0.0,MIN,LAC,4.5,228.5,112.0,27,14.5,19.6,25.5,SG/SF,4000,1,15.0,13.0,106,103,-4%,8,7,7,30,29,26,19.6,20.3,13.1,27.5,31.4,12.5,3.1,21.3,5.31,21.2,29.0,5.3,21.25,5.305,28.333333333333332,7.333333333333333,20.35,19.866666666666667,21.75
19,4,Josh Hart,0.0,NO,PHI,8.0,222.5,107.3,7,7.3,18.0,27.5,SG/SF,4100,1,17.0,12.0,102,101,-9%,12,10,9,28,25,28,18.0,25.5,15.6,35.4,30.5,24.8,6.0,19.5,4.76,19.5,26.0,4.8,19.5,4.779999999999999,27.0,10.333333333333334,22.8,17.599999999999998,18.77777777777778
19,5,Damion Lee,0.0,GS,UTA,14.0,212.0,99.0,16,7.3,14.8,25.5,SG/SF,3100,1,21.0,12.0,103,103,-13%,9,9,9,19,23,23,14.8,19.3,8.2,30.4,25.9,26.3,8.5,15.3,4.92,16.7,22.0,5.4,16.0,5.16,21.666666666666668,9.0,17.740000000000002,15.866666666666667,16.246153846153845
19,6,Willie Cauley-Stein,0.0,GS,UTA,14.0,212.0,99.0,25,16.5,23.4,35.5,C,4500,1,15.0,17.0,103,103,3%,8,6,7,23,22,23,23.4,22.6,16.4,28.8,23.4,17.3,3.8,23.8,5.28,23.2,25.0,5.2,23.5,5.24,22.666666666666668,7.0,22.939999999999998,25.133333333333336,25.91911764705882
19,7,D.J. Augustin,0.0,ORL,HOU,6.0,221.0,107.5,21,7.8,24.5,34.5,PG,4400,1,20.0,13.0,107,107,-7%,8,8,8,25,26,26,24.4,20.6,13.8,27.5,26.2,15.5,3.5,21.8,4.94,21.6,24.5,4.9,21.700000000000003,4.92,25.666666666666668,8.0,21.6,22.266666666666666,20.713636363636365
20,0,Tyus Jones,0.0,MEM,MIL,12.5,229.0,108.3,3,9.5,17.4,25.8,PG/SG,3700,1,19.0,11.0,107,99,5%,3,5,6,15,22,20,17.4,16.5,8.1,24.9,24.8,25.0,6.8,19.0,5.14,23.3,26.0,6.3,21.15,5.72,19.0,4.666666666666667,17.609999999999996,17.566666666666666,28.942105263157895
20,1,Kendrick Nunn,0.0,MIA,LAL,5.5,212.0,103.3,10,17.5,29.0,52.5,PG/SG,6700,2,24.0,14.0,103,100,-2%,19,16,14,42,36,31,28.9,27.3,17.5,37.2,35.8,33.5,5.0,31.5,4.7,30.5,36.5,4.6,31.0,4.65,36.333333333333336,16.333333333333332,28.380000000000003,33.0,31.142201834862384
20,2,Ed Davis,0.0,UTA,GS,-14.0,212.0,113.0,23,4.5,9.2,12.0,PF/C,3000,1,9.0,8.0,103,110,1%,1,2,2,12,12,12,9.2,9.4,5.1,13.8,11.6,9.0,3.0,14.5,4.83,13.9,14.0,4.6,14.2,4.715,12.0,1.6666666666666667,10.34,8.566666666666666,16.566666666666666
20,3,Paul George,0.0,LAC,MIN,-4.5,228.5,116.5,23,22.8,40.5,62.8,SF/PF,8800,1,31.0,22.0,106,110,5%,20,17,17,35,31,31,40.5,39.4,27.1,51.7,39.1,66.8,7.6,46.3,5.26,47.0,33.5,5.3,46.65,5.279999999999999,32.333333333333336,18.0,41.07000000000001,42.03333333333333,48.3332474226804
20,4,Emmanuel Mudiay,0.0,UTA,GS,-14.0,212.0,113.0,30,3.3,13.0,26.8,PG,3600,1,23.0,12.0,103,110,7%,5,5,6,20,18,17,13.6,15.2,7.8,22.6,19.1,10.5,2.9,19.8,5.49,18.9,20.5,5.2,19.35,5.345000000000001,18.333333333333332,5.333333333333333,15.709999999999999,14.366666666666667,21.636818181818185
20,5,Meyers Leonard,0.0,MIA,LAL,5.5,212.0,103.3,7,1.3,12.2,22.0,PF/C,3000,2,12.0,12.0,103,100,-15%,3,3,4,13,15,18,11.7,13.9,4.4,23.3,14.2,6.5,2.2,13.8,4.58,9.9,13.5,3.3,11.850000000000001,3.94,15.333333333333334,3.3333333333333335,13.030000000000001,11.833333333333334,10.433152173913044
20,6,Karl-Anthony Towns,0.0,MIN,LAC,4.5,228.5,112.0,7,37.5,50.0,60.3,C,9900,1,28.0,28.0,106,103,4%,17,17,18,36,36,34,50.0,54.6,43.4,65.7,35.3,64.0,6.5,55.0,5.56,56.9,34.5,5.7,55.95,5.63,35.333333333333336,17.333333333333332,53.93000000000001,49.26666666666667,54.63042452830189
20,7,Jahlil Okafor,0.0,NO,PHI,8.0,222.5,107.3,9,7.0,16.9,27.3,C,3300,1,19.0,18.0,102,101,-15%,4,5,6,21,20,18,16.9,18.8,9.1,28.5,14.7,18.3,5.5,15.5,4.7,10.4,11.5,3.2,12.95,3.95,19.666666666666668,5.0,17.25,17.066666666666666,7.572457627118643
21,0,Jrue Holiday,0.0,NO,PHI,8.0,222.5,107.3,9,22.8,36.4,49.8,PG/SG,7400,1,26.0,17.0,102,101,-8%,16,17,17,36,37,36,39.7,41.1,30.9,51.4,34.6,37.0,5.0,37.3,5.03,37.4,35.5,5.1,37.349999999999994,5.0649999999999995,36.333333333333336,16.666666666666668,40.09,36.333333333333336,36.4933486238532
21,1,Kevin Huerter,0.0,ATL,IND,6.0,224.0,109.0,1,8.3,20.5,28.0,SG/SF,4000,1,18.0,13.0,102,102,-2%,9,6,7,25,21,23,20.4,19.8,13.8,25.8,30.0,18.8,4.7,21.5,5.38,24.4,28.0,6.1,22.95,5.74,23.0,7.333333333333333,20.55,18.933333333333334,27.93913043478261
21,2,Kyle O'Quinn,0.0,PHI,NO,-8.0,222.5,115.3,21,3.3,13.6,36.3,PF/C,3700,0,0.0,0.0,107,112,-1%,7,3,3,20,12,11,13.6,12.4,2.7,22.0,5.0,5.8,1.6,12.5,3.38,15.6,14.5,4.2,14.05,3.79,14.333333333333334,4.333333333333333,12.95,17.73333333333333,14.213372093023256
21,3,JJ Redick,0.0,NO,PHI,8.0,222.5,107.3,7,11.5,26.2,37.0,SG/SF,4900,1,19.0,16.0,102,101,-4%,13,12,11,27,29,29,26.1,24.9,14.6,35.1,34.2,29.8,6.1,21.0,4.29,22.7,28.5,4.6,21.85,4.445,28.333333333333332,12.0,24.509999999999998,24.900000000000002,21.978529411764708
21,4,Bogdan Bogdanovic,0.0,SAC,NY,-8.5,210.0,109.3,8,16.0,18.7,22.3,SG/SF,4700,1,25.0,15.0,100,111,-6%,12,11,12,31,27,28,18.6,27.1,15.3,38.8,28.7,17.3,3.7,26.8,5.69,26.5,27.5,5.6,26.65,5.645,28.666666666666668,11.666666666666666,25.29,19.0,25.565406976744185
21,5,Ben McLemore,0.0,HOU,ORL,-6.0,221.0,113.5,22,14.3,26.4,40.0,SG/SF,4700,1,17.0,11.0,100,103,-4%,10,12,8,33,30,24,26.4,18.0,6.1,29.9,27.0,24.8,5.3,20.3,4.31,21.2,29.5,4.5,20.75,4.404999999999999,29.0,10.0,20.229999999999997,26.900000000000002,21.107758620689655
21,6,D.J. Wilson,0.0,MIL,MEM,-12.5,229.0,120.8,13,2.3,13.3,26.3,PF/C,3000,1,0.0,0.0,106,109,0%,3,6,4,10,17,12,13.3,9.0,0.6,17.4,21.1,18.0,6.0,9.8,3.25,0.0,0.0,0.0,4.9,1.625,13.0,4.333333333333333,9.040000000000001,13.966666666666669,0.0
21,7,Raul Neto,0.0,PHI,NO,-8.0,222.5,115.3,29,2.3,10.3,22.0,PG,3000,0,17.0,12.0,107,112,16%,1,3,3,11,13,12,10.3,8.7,0.9,16.5,10.5,6.8,2.3,13.5,4.5,9.3,11.5,3.1,11.4,3.8,12.0,2.3333333333333335,9.559999999999999,11.533333333333333,10.925
22,0,Donovan Mitchell,0.0,UTA,GS,-14.0,212.0,113.0,30,28.5,36.8,47.3,PG/SG,8100,1,31.0,20.0,103,110,9%,23,21,21,36,35,35,36.8,39.9,31.2,48.6,35.4,41.5,5.1,42.8,5.28,43.3,34.5,5.3,43.05,5.29,35.333333333333336,21.666666666666668,39.90999999999999,37.53333333333333,42.034669811320754
22,1,Andrew Wiggins,0.0,MIN,LAC,4.5,228.5,112.0,27,25.0,37.7,44.5,SG/SF,7200,1,29.0,20.0,106,103,-5%,21,19,21,37,34,35,37.6,40.0,30.0,50.0,39.3,41.8,5.8,35.5,4.93,37.6,35.0,5.2,36.55,5.0649999999999995,35.333333333333336,20.333333333333332,38.83,35.733333333333334,36.205188679245275
22,2,Michael Kidd-Gilchrist,0.0,CHA,CHI,7.0,212.5,102.8,4,6.0,12.9,25.3,SF/PF,3500,1,0.0,0.0,104,104,-1%,7,6,6,18,15,15,12.8,12.8,5.0,20.7,20.1,11.3,3.2,14.5,4.14,14.6,19.5,4.2,14.55,4.17,16.0,6.333333333333333,13.169999999999998,14.733333333333334,17.7328125
22,3,Thaddeus Young,0.0,CHI,CHA,-7.0,212.5,109.8,18,9.3,18.9,40.8,SF/PF,4200,1,21.0,12.0,101,111,16%,10,9,9,26,22,22,18.9,19.4,11.6,27.1,26.6,20.8,5.0,20.3,4.82,19.5,20.5,4.6,19.9,4.71,23.333333333333332,9.333333333333334,19.380000000000003,23.0,17.48357142857143
22,4,Malcolm Brogdon,0.0,IND,ATL,-6.0,224.0,115.0,13,26.5,35.6,48.0,PG/SG,7500,1,28.0,22.0,105,112,-4%,13,13,15,30,31,33,35.6,40.1,31.3,48.8,32.1,47.5,6.3,37.3,4.97,38.7,32.5,5.2,38.0,5.085,31.333333333333332,13.666666666666666,38.760000000000005,36.699999999999996,39.41489361702128
22,5,Domantas Sabonis,0.0,IND,ATL,-6.0,224.0,115.0,17,39.8,47.5,56.5,PF/C,8100,1,24.0,20.0,105,112,3%,15,14,14,35,36,35,47.0,43.7,36.5,50.9,32.0,33.0,4.1,45.8,5.65,45.0,34.5,5.6,45.4,5.625,35.333333333333336,14.333333333333334,44.7,47.93333333333334,44.329245283018864
22,6,Bobby Portis,0.0,NY,SAC,8.5,210.0,100.8,9,14.5,19.6,28.5,PF/C,3600,1,20.0,13.0,100,108,-13%,9,8,9,22,22,22,19.6,20.8,11.1,30.5,17.4,18.0,5.0,17.5,4.86,16.5,19.0,4.6,17.0,4.73,22.0,8.666666666666666,19.8,20.866666666666667,14.681818181818182
22,7,Wesley Matthews,0.0,MIL,MEM,-12.5,229.0,120.8,2,9.3,15.0,23.3,SG/SF,3200,1,13.0,10.0,106,109,7%,6,6,7,22,21,25,14.9,15.4,8.1,22.6,25.2,9.0,2.8,15.5,4.84,15.3,23.5,4.8,15.4,4.82,22.666666666666668,6.333333333333333,15.280000000000001,15.866666666666667,15.966176470588236
25,0,Ben Simmons,0.0,PHI,NO,-8.0,222.5,115.3,29,25.5,38.6,54.3,PG/SF,8200,0,22.0,18.0,107,112,16%,6,9,10,37,35,36,39.0,40.6,32.5,48.7,37.5,55.3,6.7,45.5,5.55,45.7,35.5,5.6,45.6,5.574999999999999,36.0,8.333333333333334,41.28,39.46666666666666,44.96666666666666
25,1,Donovan Mitchell,0.0,UTA,GS,-14.0,212.0,113.0,30,28.5,36.8,47.3,PG/SG,8100,1,31.0,20.0,103,110,9%,23,21,21,36,35,35,36.8,39.9,31.2,48.6,35.4,41.5,5.1,42.8,5.28,43.3,34.5,5.3,43.05,5.29,35.333333333333336,21.666666666666668,39.90999999999999,37.53333333333333,42.034669811320754
25,2,Miles Bridges,0.0,CHA,CHI,7.0,212.5,102.8,4,12.8,23.2,30.0,SF/PF,5100,1,19.0,12.0,104,104,-1%,15,11,11,37,30,32,23.1,25.5,17.4,33.6,35.8,28.8,5.6,29.3,5.74,27.6,34.0,5.4,28.450000000000003,5.57,33.0,12.333333333333334,25.610000000000003,22.0,29.312121212121212
25,3,Josh Hart,0.0,NO,PHI,8.0,222.5,107.3,7,7.3,18.0,27.5,SG/SF,4100,1,17.0,12.0,102,101,-9%,12,10,9,28,25,28,18.0,25.5,15.6,35.4,30.5,24.8,6.0,19.5,4.76,19.5,26.0,4.8,19.5,4.779999999999999,27.0,10.333333333333334,22.8,17.599999999999998,18.77777777777778
25,4,D'Angelo Russell,0.0,GS,UTA,14.0,212.0,99.0,19,22.3,31.4,50.8,PG/SG,7700,1,33.0,20.0,103,103,-1%,25,16,18,35,30,31,31.4,38.8,21.2,56.5,30.4,32.8,4.3,38.5,5.0,41.4,34.0,5.4,39.95,5.2,32.0,19.666666666666668,37.56999999999999,34.833333333333336,42.446875000000006
25,5,Damion Lee,0.0,GS,UTA,14.0,212.0,99.0,16,7.3,14.8,25.5,SG/SF,3100,1,21.0,12.0,103,103,-13%,9,9,9,19,23,23,14.8,19.3,8.2,30.4,25.9,26.3,8.5,15.3,4.92,16.7,22.0,5.4,16.0,5.16,21.666666666666668,9.0,17.740000000000002,15.866666666666667,16.246153846153845
25,6,P.J. Tucker,0.0,HOU,ORL,-6.0,221.0,113.5,11,15.8,29.1,40.3,PF/C,4800,1,10.0,11.0,100,103,-8%,9,9,7,35,40,36,29.4,25.6,16.2,35.1,34.5,33.3,6.9,22.0,4.58,22.5,35.5,4.7,22.25,4.640000000000001,37.0,8.333333333333334,25.71,28.400000000000002,21.347972972972972
25,7,T.J. McConnell,0.0,IND,ATL,-6.0,224.0,115.0,13,5.3,16.5,26.0,PG,3400,1,22.0,16.0,105,112,-4%,6,5,6,22,18,18,16.4,17.8,9.8,25.7,15.8,21.3,6.3,18.8,5.51,19.2,20.5,5.6,19.0,5.555,19.333333333333332,5.666666666666667,17.740000000000002,15.933333333333332,20.146551724137932
26,0,Yogi Ferrell,0.0,SAC,NY,-8.5,210.0,109.3,25,9.3,15.2,23.0,PG/SG,3400,1,20.0,15.0,100,111,4%,5,7,5,13,17,14,15.2,11.2,4.9,17.6,10.3,6.3,1.9,15.8,4.63,11.4,14.0,3.4,13.600000000000001,4.015,14.666666666666666,5.666666666666667,12.5,15.833333333333334,12.981818181818182
26,1,Rodney McGruder,0.0,LAC,MIN,-4.5,228.5,116.5,3,4.0,13.4,21.8,SG/SF,3000,1,11.0,6.0,106,110,5%,6,5,4,23,19,17,13.4,9.3,0.9,17.7,15.0,3.8,1.3,10.0,3.33,9.5,15.0,3.2,9.75,3.265,19.666666666666668,5.0,10.21,13.066666666666668,7.436440677966101
26,2,Bojan Bogdanovic,0.0,UTA,GS,-14.0,212.0,113.0,29,10.5,23.4,35.3,SF/PF,5900,1,25.0,16.0,103,110,4%,16,14,15,33,33,34,23.4,30.9,20.8,41.0,37.1,40.5,6.9,30.8,5.21,32.1,33.0,5.4,31.450000000000003,5.305,33.333333333333336,15.0,29.51,23.066666666666663,31.1355
26,3,Paul George,0.0,LAC,MIN,-4.5,228.5,116.5,23,22.8,40.5,62.8,SF/PF,8800,1,31.0,22.0,106,110,5%,20,17,17,35,31,31,40.5,39.4,27.1,51.7,39.1,66.8,7.6,46.3,5.26,47.0,33.5,5.3,46.65,5.279999999999999,32.333333333333336,18.0,41.07000000000001,42.03333333333333,48.3332474226804
26,4,Chris Clemons,0.0,HOU,ORL,-6.0,221.0,113.5,15,0.0,5.3,17.5,PG,3000,1,0.0,0.0,100,103,-4%,2,4,4,6,8,8,4.8,6.5,-2.1,15.0,3.0,2.0,0.7,8.5,2.83,0.0,0.0,0.0,4.25,1.415,7.333333333333333,3.3333333333333335,5.6899999999999995,7.6000000000000005,0.0
26,5,Julius Randle,0.0,NY,SAC,8.5,210.0,100.8,9,16.5,32.2,48.8,PF/C,6900,1,27.0,15.0,100,108,-13%,14,15,14,32,32,33,35.5,34.9,26.4,43.4,30.6,43.8,6.3,33.0,4.78,32.4,32.5,4.7,32.7,4.74,32.333333333333336,14.333333333333334,34.580000000000005,32.5,32.868556701030926
26,6,Lauri Markkanen,0.0,CHI,CHA,-7.0,212.5,109.8,18,23.8,30.6,37.3,PF/C,6300,1,21.0,13.0,101,111,16%,12,13,12,28,32,30,30.9,28.2,18.2,38.1,25.6,20.5,3.3,34.5,5.48,31.8,31.5,5.0,33.15,5.24,30.0,12.333333333333334,29.709999999999997,30.566666666666666,34.8075
26,7,Donte DiVincenzo,0.0,MIL,MEM,-12.5,229.0,120.8,23,10.3,19.1,26.3,PG/SF,4000,1,18.0,14.0,106,109,7%,6,7,8,22,21,22,19.1,20.3,12.1,28.6,19.0,14.5,3.6,16.3,4.06,17.3,20.0,4.3,16.8,4.18,21.666666666666668,7.0,19.38,18.566666666666666,15.507692307692306
29,0,Jrue Holiday,0.0,NO,PHI,8.0,222.5,107.3,9,22.8,36.4,49.8,PG/SG,7400,1,26.0,17.0,102,101,-8%,16,17,17,36,37,36,39.7,41.1,30.9,51.4,34.6,37.0,5.0,37.3,5.03,37.4,35.5,5.1,37.349999999999994,5.0649999999999995,36.333333333333336,16.666666666666668,40.09,36.333333333333336,36.4933486238532
29,1,D'Angelo Russell,0.0,GS,UTA,14.0,212.0,99.0,19,22.3,31.4,50.8,PG/SG,7700,1,33.0,20.0,103,103,-1%,25,16,18,35,30,31,31.4,38.8,21.2,56.5,30.4,32.8,4.3,38.5,5.0,41.4,34.0,5.4,39.95,5.2,32.0,19.666666666666668,37.56999999999999,34.833333333333336,42.446875000000006
29,2,Solomon Hill,0.0,MEM,MIL,12.5,229.0,108.3,6,7.8,20.5,39.5,SF/PF,3400,1,14.0,10.0,107,99,-12%,6,8,5,24,27,20,20.4,15.3,7.6,22.9,30.0,19.0,5.6,18.0,5.29,18.1,25.0,5.3,18.05,5.295,23.666666666666668,6.333333333333333,16.85,22.599999999999998,19.066901408450704
29,3,Royce O'Neale,0.0,UTA,GS,-14.0,212.0,113.0,29,9.0,16.3,29.3,SF,3600,1,9.0,9.0,103,110,4%,7,5,5,29,27,28,16.3,17.8,10.8,24.7,32.8,28.0,7.8,19.5,5.42,18.3,29.0,5.1,18.9,5.26,28.0,5.666666666666667,17.7,18.2,19.575
29,4,Buddy Hield,0.0,SAC,NY,-8.5,210.0,109.3,8,34.3,41.5,47.3,SG/SF,7100,1,28.0,16.0,100,111,-6%,22,22,19,35,37,35,41.6,36.3,26.6,46.0,36.4,56.5,8.0,37.8,5.32,38.4,34.5,5.4,38.099999999999994,5.36,35.666666666666664,21.0,37.72,41.03333333333333,36.853738317757006
29,5,Kyle Anderson,0.0,MEM,MIL,12.5,229.0,108.3,6,5.5,14.1,27.5,SF/PF,3000,1,15.0,14.0,107,99,-12%,3,4,5,13,18,20,14.1,18.2,10.7,25.6,18.5,15.5,5.2,17.3,5.75,16.1,18.5,5.4,16.700000000000003,5.575,17.0,4.0,17.06,15.700000000000001,18.173529411764708
29,6,Brook Lopez,0.0,MIL,MEM,-12.5,229.0,120.8,8,15.8,19.8,25.3,C,4800,1,16.0,13.0,106,109,4%,9,8,9,24,24,27,19.8,25.0,15.3,34.8,23.6,33.0,6.9,25.3,5.26,23.3,25.0,4.9,24.3,5.08,25.0,8.666666666666666,23.839999999999996,20.3,24.3
29,7,Daniel Gafford,0.0,CHI,CHA,-7.0,212.5,109.8,30,0.0,11.9,27.3,C,3100,1,13.0,19.0,101,111,16%,6,3,3,15,12,11,11.9,8.9,-0.4,18.1,20.3,18.5,6.0,10.5,3.39,10.4,12.0,3.4,10.45,3.395,12.666666666666666,4.0,9.790000000000001,13.066666666666668,9.899999999999999
31,0,Frank Ntilikina,0.0,NY,SAC,8.5,210.0,100.8,26,1.5,6.9,12.5,PG/SG,3100,1,15.0,9.0,100,108,-4%,4,4,6,16,16,26,6.9,17.0,5.9,28.2,21.1,7.3,2.4,13.3,4.27,12.1,18.5,3.9,12.7,4.085,19.333333333333332,4.666666666666667,14.139999999999997,6.966666666666666,12.152586206896553
31,1,Glenn Robinson III,0.0,GS,UTA,14.0,212.0,99.0,16,10.5,21.0,32.8,SG/SF,4500,1,15.0,12.0,103,103,-13%,11,11,10,34,33,33,20.9,23.3,14.7,31.8,31.6,23.0,5.1,22.0,4.89,22.6,34.0,5.0,22.3,4.945,33.333333333333336,10.666666666666666,22.6,21.433333333333334,22.746
31,2,Richaun Holmes,0.0,SAC,NY,-8.5,210.0,109.3,27,23.3,36.4,49.5,PF/C,5600,1,15.0,21.0,100,111,7%,7,9,8,31,34,29,36.4,29.5,17.9,41.2,26.6,9.8,1.8,29.3,5.22,29.0,28.0,5.2,29.15,5.21,31.333333333333332,8.0,30.830000000000002,36.4,26.048936170212766
31,3,Kevin Knox,0.0,NY,SAC,8.5,210.0,100.8,10,8.3,11.4,15.5,SF/PF,3200,1,0.0,0.0,100,108,4%,6,7,7,18,19,20,11.4,14.9,8.3,21.4,18.3,10.0,3.1,12.3,3.83,12.0,16.5,3.8,12.15,3.815,19.0,6.666666666666667,13.63,11.733333333333334,10.551315789473684
31,4,Kendrick Nunn,0.0,MIA,LAL,5.5,212.0,103.3,10,17.5,29.0,52.5,PG/SG,6700,2,24.0,14.0,103,100,-2%,19,16,14,42,36,31,28.9,27.3,17.5,37.2,35.8,33.5,5.0,31.5,4.7,30.5,36.5,4.6,31.0,4.65,36.333333333333336,16.333333333333332,28.380000000000003,33.0,31.142201834862384
31,5,PJ Washington,0.0,CHA,CHI,7.0,212.5,102.8,25,23.0,28.4,41.0,PF/C,5600,1,17.0,15.0,104,104,8%,10,10,9,39,36,30,28.4,25.5,16.8,34.3,38.0,37.0,6.6,32.3,5.76,29.5,34.5,5.3,30.9,5.529999999999999,35.0,9.666666666666666,27.179999999999996,30.8,30.458571428571425
31,6,Karl-Anthony Towns,0.0,MIN,LAC,4.5,228.5,112.0,7,37.5,50.0,60.3,C,9900,1,28.0,28.0,106,103,4%,17,17,18,36,36,34,50.0,54.6,43.4,65.7,35.3,64.0,6.5,55.0,5.56,56.9,34.5,5.7,55.95,5.63,35.333333333333336,17.333333333333332,53.93000000000001,49.26666666666667,54.63042452830189
31,7,Nickeil Alexander-Walker,0.0,NO,PHI,8.0,222.5,107.3,9,3.5,10.4,16.0,PG/SG,3100,1,25.0,8.0,102,101,-8%,3,7,7,8,12,14,10.4,12.8,1.3,24.2,10.4,9.8,3.2,5.8,1.85,0.0,0.0,0.0,2.9,0.925,11.333333333333334,5.666666666666667,10.32,9.966666666666667,0.0
32,0,Frank Ntilikina,0.0,NY,SAC,8.5,210.0,100.8,26,1.5,6.9,12.5,PG/SG,3100,1,15.0,9.0,100,108,-4%,4,4,6,16,16,26,6.9,17.0,5.9,28.2,21.1,7.3,2.4,13.3,4.27,12.1,18.5,3.9,12.7,4.085,19.333333333333332,4.666666666666667,14.139999999999997,6.966666666666666,12.152586206896553
32,1,Pat Connaughton,0.0,MIL,MEM,-12.5,229.0,120.8,2,0.0,13.9,20.0,SG/SF,3600,1,13.0,14.0,106,109,7%,4,4,4,17,18,18,19.4,15.4,7.7,23.2,16.2,10.3,2.9,14.8,4.1,11.6,14.0,3.2,13.2,3.65,17.666666666666668,4.0,15.780000000000001,11.299999999999999,10.460377358490565
32,2,Derrick Jones Jr.,0.0,MIA,LAL,5.5,212.0,103.3,24,3.5,14.2,24.8,SF/PF,4000,2,14.0,10.0,103,100,-7%,7,5,4,30,22,17,14.2,11.7,3.9,19.5,27.9,33.0,8.3,19.5,4.88,20.1,27.5,5.0,19.8,4.9399999999999995,23.0,5.333333333333333,13.819999999999999,14.166666666666666,23.67391304347826
32,3,Joe Ingles,0.0,UTA,GS,-14.0,212.0,113.0,6,12.0,31.7,39.3,SG/SF,5800,1,15.0,10.0,103,110,4%,11,9,7,35,31,29,31.7,21.9,12.4,31.3,33.7,31.0,5.3,28.0,4.83,29.5,33.5,5.1,28.75,4.965,31.666666666666668,9.0,25.21,27.666666666666668,30.414473684210524
32,4,Cam Reddish,0.0,ATL,IND,6.0,224.0,109.0,17,10.8,24.3,42.5,PG/SG,4100,1,20.0,6.0,102,102,-7%,12,11,9,26,29,26,24.5,18.4,10.0,26.8,30.5,17.8,4.3,20.3,4.94,17.8,24.5,4.3,19.05,4.62,27.0,10.666666666666666,19.75,25.866666666666664,17.28611111111111
32,5,Andrew Wiggins,0.0,MIN,LAC,4.5,228.5,112.0,27,25.0,37.7,44.5,SG/SF,7200,1,29.0,20.0,106,103,-5%,21,19,21,37,34,35,37.6,40.0,30.0,50.0,39.3,41.8,5.8,35.5,4.93,37.6,35.0,5.2,36.55,5.0649999999999995,35.333333333333336,20.333333333333332,38.83,35.733333333333334,36.205188679245275
32,6,Marvin Bagley III,0.0,SAC,NY,-8.5,210.0,109.3,27,20.0,31.6,40.5,PF/C,6200,1,0.0,0.0,100,111,7%,15,15,15,25,25,25,25.8,25.8,17.6,33.9,21.4,21.8,3.5,30.5,4.92,30.3,25.5,4.9,30.4,4.91,25.0,15.0,26.7,30.7,31.008
32,7,Terrence Ross,0.0,ORL,HOU,6.0,221.0,107.5,17,12.3,24.7,31.8,SG/SF,4300,1,23.0,13.0,107,107,11%,13,12,11,30,25,25,24.7,21.1,14.2,27.9,27.5,24.3,5.7,24.5,5.7,25.2,26.5,5.9,24.85,5.800000000000001,26.666666666666668,12.0,22.55,22.933333333333334,24.6946875
33,0,James Harden,0.0,HOU,ORL,-6.0,221.0,113.5,15,47.8,63.1,80.8,PG/SG,12600,1,39.0,31.0,100,103,-4%,27,26,25,41,42,38,63.5,64.0,51.6,76.4,36.2,85.8,6.8,59.8,4.74,60.9,38.5,4.8,60.349999999999994,4.77,40.333333333333336,26.0,63.17,63.9,57.60681818181817
33,1,Alec Burks,0.0,GS,UTA,14.0,212.0,99.0,19,22.8,30.2,41.3,PG/SG,5300,1,22.0,16.0,103,103,-13%,12,11,12,32,31,30,30.1,28.5,17.4,39.6,29.5,35.3,6.7,27.0,5.09,28.2,32.0,5.3,27.6,5.195,31.0,11.666666666666666,28.639999999999997,31.433333333333334,28.490322580645163
33,2,Paul George,0.0,LAC,MIN,-4.5,228.5,116.5,23,22.8,40.5,62.8,SF/PF,8800,1,31.0,22.0,106,110,5%,20,17,17,35,31,31,40.5,39.4,27.1,51.7,39.1,66.8,7.6,46.3,5.26,47.0,33.5,5.3,46.65,5.279999999999999,32.333333333333336,18.0,41.07000000000001,42.03333333333333,48.3332474226804
33,3,Andrew Wiggins,0.0,MIN,LAC,4.5,228.5,112.0,27,25.0,37.7,44.5,SG/SF,7200,1,29.0,20.0,106,103,-5%,21,19,21,37,34,35,37.6,40.0,30.0,50.0,39.3,41.8,5.8,35.5,4.93,37.6,35.0,5.2,36.55,5.0649999999999995,35.333333333333336,20.333333333333332,38.83,35.733333333333334,36.205188679245275
33,4,Donte DiVincenzo,0.0,MIL,MEM,-12.5,229.0,120.8,23,10.3,19.1,26.3,PG/SF,4000,1,18.0,14.0,106,109,7%,6,7,8,22,21,22,19.1,20.3,12.1,28.6,19.0,14.5,3.6,16.3,4.06,17.3,20.0,4.3,16.8,4.18,21.666666666666668,7.0,19.38,18.566666666666666,15.507692307692306
33,5,Royce O'Neale,0.0,UTA,GS,-14.0,212.0,113.0,29,9.0,16.3,29.3,SF,3600,1,9.0,9.0,103,110,4%,7,5,5,29,27,28,16.3,17.8,10.8,24.7,32.8,28.0,7.8,19.5,5.42,18.3,29.0,5.1,18.9,5.26,28.0,5.666666666666667,17.7,18.2,19.575
33,6,Marquese Chriss,0.0,GS,UTA,14.0,212.0,99.0,6,6.5,16.9,36.5,PF/C,3800,1,19.0,17.0,103,103,0%,7,7,6,18,17,18,16.9,19.1,10.3,27.8,23.1,42.8,11.3,26.8,7.04,22.2,24.0,5.8,24.5,6.42,17.666666666666668,6.666666666666667,19.72,19.966666666666665,33.283018867924525
33,7,Jaxson Hayes,0.0,NO,PHI,8.0,222.5,107.3,9,18.5,24.3,34.3,C,4200,1,15.0,18.0,102,101,-10%,6,6,6,23,26,22,24.9,20.5,13.6,27.4,18.4,14.8,3.5,13.8,3.27,15.8,19.5,3.8,14.8,3.535,23.666666666666668,6.0,20.24,25.7,12.194366197183097
34,0,George Hill,0.0,MIL,MEM,-12.5,229.0,120.8,23,11.5,19.9,28.3,PG/SG,4100,1,16.0,20.0,106,109,6%,6,5,6,20,17,21,19.9,20.2,13.1,27.3,28.9,23.5,5.7,15.8,3.84,15.5,17.5,3.8,15.65,3.82,19.333333333333332,5.666666666666667,19.229999999999997,19.900000000000002,14.165948275862071
34,1,Kawhi Leonard,0.0,LAC,MIN,-4.5,228.5,116.5,3,34.3,43.6,58.3,SG/SF,9000,1,35.0,25.0,106,110,5%,16,16,20,32,30,32,43.6,47.8,38.8,56.7,37.2,57.8,6.4,48.5,5.39,48.8,32.5,5.4,48.65,5.395,31.333333333333332,17.333333333333332,47.11000000000001,45.4,50.461436170212764
34,2,De'Andre Hunter,0.0,ATL,IND,6.0,224.0,109.0,30,13.0,26.1,42.0,SF/PF,4300,1,18.0,9.0,102,102,-2%,13,13,11,32,31,32,26.1,22.2,12.4,31.9,37.0,32.5,7.6,22.0,5.12,22.4,31.5,5.2,22.2,5.16,31.666666666666668,12.333333333333334,22.96,27.03333333333333,22.083157894736843
34,3,Jae Crowder,0.0,MEM,MIL,12.5,229.0,108.3,6,11.0,24.0,32.8,SF/PF,5100,1,16.0,11.0,107,99,-3%,9,10,9,31,31,31,24.0,25.7,16.9,34.5,33.0,40.8,8.0,25.0,4.9,26.5,31.5,5.2,25.75,5.050000000000001,31.0,9.333333333333334,25.369999999999997,22.599999999999998,26.165322580645164
34,4,Bogdan Bogdanovic,0.0,SAC,NY,-8.5,210.0,109.3,8,16.0,18.7,22.3,SG/SF,4700,1,25.0,15.0,100,111,-6%,12,11,12,31,27,28,18.6,27.1,15.3,38.8,28.7,17.3,3.7,26.8,5.69,26.5,27.5,5.6,26.65,5.645,28.666666666666668,11.666666666666666,25.29,19.0,25.565406976744185
34,5,Marquese Chriss,0.0,GS,UTA,14.0,212.0,99.0,6,6.5,16.9,36.5,PF/C,3800,1,19.0,17.0,103,103,0%,7,7,6,18,17,18,16.9,19.1,10.3,27.8,23.1,42.8,11.3,26.8,7.04,22.2,24.0,5.8,24.5,6.42,17.666666666666668,6.666666666666667,19.72,19.966666666666665,33.283018867924525
34,6,Omari Spellman,0.0,GS,UTA,14.0,212.0,99.0,6,9.3,15.3,27.3,PF/C,3100,1,19.0,17.0,103,103,0%,4,5,7,15,17,19,15.3,18.9,11.0,26.9,20.8,7.3,2.4,22.3,7.18,19.7,23.5,6.4,21.0,6.79,17.0,5.333333333333333,18.619999999999997,17.3,29.029411764705884
34,7,Paul George,0.0,LAC,MIN,-4.5,228.5,116.5,23,22.8,40.5,62.8,SF/PF,8800,1,31.0,22.0,106,110,5%,20,17,17,35,31,31,40.5,39.4,27.1,51.7,39.1,66.8,7.6,46.3,5.26,47.0,33.5,5.3,46.65,5.279999999999999,32.333333333333336,18.0,41.07000000000001,42.03333333333333,48.3332474226804
35,0,George Hill,0.0,MIL,MEM,-12.5,229.0,120.8,23,11.5,19.9,28.3,PG/SG,4100,1,16.0,20.0,106,109,6%,6,5,6,20,17,21,19.9,20.2,13.1,27.3,28.9,23.5,5.7,15.8,3.84,15.5,17.5,3.8,15.65,3.82,19.333333333333332,5.666666666666667,19.229999999999997,19.900000000000002,14.165948275862071
35,1,Matisse Thybulle,0.0,PHI,NO,-8.0,222.5,115.3,18,3.5,21.0,36.0,SG/SF,3700,0,13.0,12.0,107,112,16%,6,5,4,28,25,18,20.9,13.1,2.9,23.2,26.5,9.0,2.4,22.0,5.95,21.5,28.5,5.8,21.75,5.875,23.666666666666668,5.0,16.369999999999997,20.166666666666668,26.191901408450704
35,2,Robert Covington,0.0,MIN,LAC,4.5,228.5,112.0,13,6.0,25.4,36.0,SF/PF,5000,1,17.0,14.0,106,103,-5%,9,10,9,28,30,28,25.6,25.6,17.1,34.2,32.9,24.3,4.9,26.5,5.3,26.7,29.0,5.3,26.6,5.3,28.666666666666668,9.333333333333334,25.82,22.46666666666667,26.909302325581397
35,3,Duncan Robinson,0.0,MIA,LAL,5.5,212.0,103.3,5,13.0,28.1,50.8,SG/SF,5700,2,15.0,14.0,103,100,-2%,13,11,9,32,32,28,28.4,21.3,10.2,32.4,36.5,14.3,2.5,21.3,3.73,22.8,32.5,4.0,22.05,3.865,30.666666666666668,11.0,22.869999999999997,30.633333333333336,23.36820652173913
35,4,Jeremy Lamb,0.0,IND,ATL,-6.0,224.0,115.0,30,10.5,20.8,28.8,SG/SF,5300,1,21.0,15.0,105,112,10%,10,11,13,23,29,32,20.8,28.4,20.2,36.6,26.9,22.0,4.2,29.8,5.61,27.0,27.5,5.1,28.4,5.355,28.0,11.333333333333334,26.880000000000003,20.033333333333335,27.892857142857142
35,5,Thabo Sefolosha,0.0,HOU,ORL,-6.0,221.0,113.5,14,0.8,6.1,16.8,SF/PF,3000,1,11.0,8.0,100,103,-8%,2,2,2,11,10,11,6.1,7.3,2.6,12.1,4.5,0.8,0.3,5.8,1.92,0.0,0.0,0.0,2.9,0.96,10.666666666666666,2.0,6.2,7.8999999999999995,0.0
35,6,Bobby Portis,0.0,NY,SAC,8.5,210.0,100.8,9,14.5,19.6,28.5,PF/C,3600,1,20.0,13.0,100,108,-13%,9,8,9,22,22,22,19.6,20.8,11.1,30.5,17.4,18.0,5.0,17.5,4.86,16.5,19.0,4.6,17.0,4.73,22.0,8.666666666666666,19.8,20.866666666666667,14.681818181818182
35,7,Bojan Bogdanovic,0.0,UTA,GS,-14.0,212.0,113.0,29,10.5,23.4,35.3,SF/PF,5900,1,25.0,16.0,103,110,4%,16,14,15,33,33,34,23.4,30.9,20.8,41.0,37.1,40.5,6.9,30.8,5.21,32.1,33.0,5.4,31.450000000000003,5.305,33.333333333333336,15.0,29.51,23.066666666666663,31.1355
36,0,Michael Carter-Williams,0.0,ORL,HOU,6.0,221.0,107.5,21,1.3,13.1,20.8,PG/SG,3500,1,19.0,12.0,107,107,-7%,5,4,5,19,15,16,13.1,14.0,5.5,22.5,21.4,20.8,5.9,16.0,4.57,15.9,17.0,4.5,15.95,4.535,16.666666666666668,4.666666666666667,14.209999999999999,11.733333333333334,16.269
36,1,Kevin Huerter,0.0,ATL,IND,6.0,224.0,109.0,1,8.3,20.5,28.0,SG/SF,4000,1,18.0,13.0,102,102,-2%,9,6,7,25,21,23,20.4,19.8,13.8,25.8,30.0,18.8,4.7,21.5,5.38,24.4,28.0,6.1,22.95,5.74,23.0,7.333333333333333,20.55,18.933333333333334,27.93913043478261
36,2,Miles Bridges,0.0,CHA,CHI,7.0,212.5,102.8,4,12.8,23.2,30.0,SF/PF,5100,1,19.0,12.0,104,104,-1%,15,11,11,37,30,32,23.1,25.5,17.4,33.6,35.8,28.8,5.6,29.3,5.74,27.6,34.0,5.4,28.450000000000003,5.57,33.0,12.333333333333334,25.610000000000003,22.0,29.312121212121212
36,3,Cody Martin,0.0,CHA,CHI,7.0,212.5,102.8,19,0.8,5.9,18.5,SG/SF,3000,1,15.0,10.0,104,104,8%,4,3,3,13,9,12,5.9,9.2,0.6,17.8,15.9,7.0,2.3,5.3,1.75,8.1,11.0,2.7,6.699999999999999,2.225,11.333333333333334,3.3333333333333335,8.040000000000001,8.4,6.502941176470587
36,4,Yogi Ferrell,0.0,SAC,NY,-8.5,210.0,109.3,25,9.3,15.2,23.0,PG/SG,3400,1,20.0,15.0,100,111,4%,5,7,5,13,17,14,15.2,11.2,4.9,17.6,10.3,6.3,1.9,15.8,4.63,11.4,14.0,3.4,13.600000000000001,4.015,14.666666666666666,5.666666666666667,12.5,15.833333333333334,12.981818181818182
36,5,Dillon Brooks,0.0,MEM,MIL,12.5,229.0,108.3,20,15.3,25.8,35.3,SG/SF,5100,1,22.0,12.0,107,99,-12%,15,13,12,29,27,28,25.8,24.1,14.9,33.3,34.8,28.0,5.5,24.8,4.85,26.9,30.0,5.3,25.85,5.074999999999999,28.0,13.333333333333334,24.790000000000003,25.46666666666667,27.696428571428573
36,6,Patrick Patterson,0.0,LAC,MIN,-4.5,228.5,116.5,8,4.0,16.4,36.5,PF/C,3700,1,14.0,12.0,106,110,-2%,7,6,4,20,17,14,16.4,11.2,2.3,20.1,19.1,10.5,2.8,15.3,4.12,11.6,16.5,3.1,13.45,3.6100000000000003,17.0,5.666666666666667,12.690000000000001,18.966666666666665,13.054411764705883
36,7,Marcus Morris Sr.,0.0,NY,SAC,8.5,210.0,100.8,10,12.8,31.9,62.5,SF/PF,6600,1,0.0,0.0,100,108,-13%,15,14,15,31,31,33,31.9,32.8,19.8,45.8,29.8,23.8,3.6,31.5,4.77,27.8,31.0,4.2,29.65,4.484999999999999,31.666666666666668,14.666666666666666,31.99,35.733333333333334,29.025789473684206
37,0,Shabazz Napier,0.0,MIN,LAC,4.5,228.5,112.0,5,3.5,12.6,26.5,PG/SG,3300,1,21.0,13.0,106,103,2%,4,6,6,15,14,18,12.6,16.5,7.5,25.5,14.4,6.8,2.1,14.8,4.47,12.8,14.5,3.9,13.8,4.185,15.666666666666666,5.333333333333333,15.180000000000001,14.200000000000001,12.772340425531915
37,1,Alec Burks,0.0,GS,UTA,14.0,212.0,99.0,19,22.8,30.2,41.3,PG/SG,5300,1,22.0,16.0,103,103,-13%,12,11,12,32,31,30,30.1,28.5,17.4,39.6,29.5,35.3,6.7,27.0,5.09,28.2,32.0,5.3,27.6,5.195,31.0,11.666666666666666,28.639999999999997,31.433333333333334,28.490322580645163
37,2,Brandon Ingram,0.0,NO,PHI,8.0,222.5,107.3,7,22.0,37.4,47.3,SF/PF,7600,1,29.0,21.0,102,101,-4%,22,16,19,35,33,35,37.4,44.0,35.2,52.8,33.5,39.5,5.2,38.3,5.03,40.0,35.0,5.3,39.15,5.165,34.333333333333336,19.0,41.709999999999994,35.56666666666666,39.91019417475728
37,3,Josh Richardson,0.0,PHI,NO,-8.0,222.5,115.3,18,6.8,26.5,44.3,SG/SF,5000,0,22.0,14.0,107,112,3%,15,14,13,31,30,33,32.5,30.0,21.7,38.2,26.1,13.8,2.8,27.8,5.55,24.5,25.0,4.9,26.15,5.225,31.333333333333332,14.0,29.71,25.866666666666664,20.86436170212766
37,4,Jordan Poole,0.0,GS,UTA,14.0,212.0,99.0,16,1.0,8.8,25.3,SG/SF,3000,1,21.0,4.0,103,103,-1%,4,6,10,15,19,25,10.8,16.0,9.1,23.0,9.6,9.0,3.0,10.0,3.33,8.0,13.0,2.7,9.0,3.015,19.666666666666668,6.666666666666667,13.580000000000002,11.700000000000001,5.949152542372881
37,5,Kyle Anderson,0.0,MEM,MIL,12.5,229.0,108.3,6,5.5,14.1,27.5,SF/PF,3000,1,15.0,14.0,107,99,-12%,3,4,5,13,18,20,14.1,18.2,10.7,25.6,18.5,15.5,5.2,17.3,5.75,16.1,18.5,5.4,16.700000000000003,5.575,17.0,4.0,17.06,15.700000000000001,18.173529411764708
37,6,Jordan Bell,0.0,MIN,LAC,4.5,228.5,112.0,20,4.8,10.8,21.3,PF/C,3000,1,0.0,0.0,106,103,-5%,2,3,3,9,13,10,11.1,9.5,2.1,17.0,11.0,9.8,3.3,7.3,2.42,0.0,0.0,0.0,3.65,1.21,10.666666666666666,2.6666666666666665,8.67,12.300000000000002,0.0
37,7,Ben Simmons,0.0,PHI,NO,-8.0,222.5,115.3,29,25.5,38.6,54.3,PG/SF,8200,0,22.0,18.0,107,112,16%,6,9,10,37,35,36,39.0,40.6,32.5,48.7,37.5,55.3,6.7,45.5,5.55,45.7,35.5,5.6,45.6,5.574999999999999,36.0,8.333333333333334,41.28,39.46666666666666,44.96666666666666
38,0,LeBron James,0.0,LAL,MIA,-5.5,212.0,108.8,16,44.5,52.8,60.5,PG/SF,10000,1,35.0,27.0,102,103,-6%,22,21,20,33,33,35,53.1,55.5,43.9,67.1,37.4,58.8,5.9,51.0,5.1,53.9,35.5,5.4,52.45,5.25,33.666666666666664,21.0,54.410000000000004,52.6,55.30618811881189
38,1,Buddy Hield,0.0,SAC,NY,-8.5,210.0,109.3,8,34.3,41.5,47.3,SG/SF,7100,1,28.0,16.0,100,111,-6%,22,22,19,35,37,35,41.6,36.3,26.6,46.0,36.4,56.5,8.0,37.8,5.32,38.4,34.5,5.4,38.099999999999994,5.36,35.666666666666664,21.0,37.72,41.03333333333333,36.853738317757006
38,2,Danuel House Jr.,0.0,HOU,ORL,-6.0,221.0,113.5,14,12.3,21.5,36.5,SF/PF,4200,1,14.0,14.0,100,103,1%,10,9,9,30,30,31,21.5,24.1,15.8,32.4,34.0,9.3,2.2,20.5,4.88,20.6,30.0,4.9,20.55,4.890000000000001,30.333333333333332,9.333333333333334,22.869999999999997,23.433333333333334,20.324175824175825
38,3,Duncan Robinson,0.0,MIA,LAL,5.5,212.0,103.3,5,13.0,28.1,50.8,SG/SF,5700,2,15.0,14.0,103,100,-2%,13,11,9,32,32,28,28.4,21.3,10.2,32.4,36.5,14.3,2.5,21.3,3.73,22.8,32.5,4.0,22.05,3.865,30.666666666666668,11.0,22.869999999999997,30.633333333333336,23.36820652173913
38,4,Allen Crabbe,0.0,ATL,IND,6.0,224.0,109.0,1,2.5,12.5,20.0,SG/SF,3100,1,13.0,10.0,102,102,-2%,4,5,6,22,22,20,13.7,13.3,9.2,17.4,24.7,12.3,4.0,15.0,4.84,14.5,20.5,4.7,14.75,4.77,21.333333333333332,5.0,13.669999999999998,11.666666666666666,14.173828125
38,5,Josh Okogie,0.0,MIN,LAC,4.5,228.5,112.0,27,14.5,19.6,25.5,SG/SF,4000,1,15.0,13.0,106,103,-4%,8,7,7,30,29,26,19.6,20.3,13.1,27.5,31.4,12.5,3.1,21.3,5.31,21.2,29.0,5.3,21.25,5.305,28.333333333333332,7.333333333333333,20.35,19.866666666666667,21.75
38,6,Alex Len,0.0,ATL,IND,6.0,224.0,109.0,19,19.5,27.8,37.3,C,4300,1,19.0,18.0,102,102,6%,8,9,6,21,19,18,27.8,18.4,9.0,27.9,21.6,35.8,8.3,21.3,4.94,20.5,19.0,4.8,20.9,4.87,19.333333333333332,7.666666666666667,20.8,28.2,20.53965517241379
38,7,Montrezl Harrell,0.0,LAC,MIN,-4.5,228.5,116.5,8,24.0,31.8,41.8,PF/C,6400,1,24.0,24.0,106,110,-2%,16,13,13,30,28,30,31.3,35.7,24.1,47.3,31.5,21.5,3.4,33.5,5.23,33.0,29.0,5.2,33.25,5.215,29.333333333333332,14.0,34.33,32.53333333333333,32.87215909090909
39,0,Yogi Ferrell,0.0,SAC,NY,-8.5,210.0,109.3,25,9.3,15.2,23.0,PG/SG,3400,1,20.0,15.0,100,111,4%,5,7,5,13,17,14,15.2,11.2,4.9,17.6,10.3,6.3,1.9,15.8,4.63,11.4,14.0,3.4,13.600000000000001,4.015,14.666666666666666,5.666666666666667,12.5,15.833333333333334,12.981818181818182
39,1,Wesley Matthews,0.0,MIL,MEM,-12.5,229.0,120.8,2,9.3,15.0,23.3,SG/SF,3200,1,13.0,10.0,106,109,7%,6,6,7,22,21,25,14.9,15.4,8.1,22.6,25.2,9.0,2.8,15.5,4.84,15.3,23.5,4.8,15.4,4.82,22.666666666666668,6.333333333333333,15.280000000000001,15.866666666666667,15.966176470588236
39,2,Jaren Jackson Jr.,0.0,MEM,MIL,12.5,229.0,108.3,12,30.3,36.9,45.0,PF/C,6200,1,24.0,15.0,107,99,-3%,16,18,14,31,31,28,36.9,29.4,19.3,39.5,29.3,55.8,9.0,32.3,5.2,34.5,31.5,5.6,33.4,5.4,30.0,16.0,31.7,37.4,35.07
39,3,Kyle Anderson,0.0,MEM,MIL,12.5,229.0,108.3,6,5.5,14.1,27.5,SF/PF,3000,1,15.0,14.0,107,99,-12%,3,4,5,13,18,20,14.1,18.2,10.7,25.6,18.5,15.5,5.2,17.3,5.75,16.1,18.5,5.4,16.700000000000003,5.575,17.0,4.0,17.06,15.700000000000001,18.173529411764708
39,4,Ben McLemore,0.0,HOU,ORL,-6.0,221.0,113.5,22,14.3,26.4,40.0,SG/SF,4700,1,17.0,11.0,100,103,-4%,10,12,8,33,30,24,26.4,18.0,6.1,29.9,27.0,24.8,5.3,20.3,4.31,21.2,29.5,4.5,20.75,4.404999999999999,29.0,10.0,20.229999999999997,26.900000000000002,21.107758620689655
39,5,Aaron Gordon,0.0,ORL,HOU,6.0,221.0,107.5,17,26.3,37.8,49.8,SF/PF,6700,1,21.0,15.0,107,107,7%,12,13,12,36,34,32,37.8,31.0,21.9,40.1,32.8,35.0,5.2,36.0,5.37,34.4,33.0,5.1,35.2,5.234999999999999,34.0,12.333333333333334,33.2,37.96666666666666,34.16470588235295
39,6,Khem Birch,0.0,ORL,HOU,6.0,221.0,107.5,16,16.5,20.0,22.8,C,4400,1,10.0,11.0,107,107,0%,4,3,4,26,28,26,20.0,17.7,11.0,24.5,31.9,15.8,3.6,18.8,4.26,21.3,27.0,4.8,20.05,4.529999999999999,26.666666666666668,3.6666666666666665,18.65,19.766666666666666,20.300625
39,7,Evan Fournier,0.0,ORL,HOU,6.0,221.0,107.5,17,25.5,32.6,40.5,SG/SF,6400,1,26.0,19.0,107,107,11%,17,16,15,33,32,31,32.6,31.1,22.1,40.0,24.6,39.0,6.1,32.0,5.0,32.7,32.5,5.1,32.35,5.05,32.0,16.0,31.630000000000003,32.86666666666667,32.85546875
41,0,Shabazz Napier,0.0,MIN,LAC,4.5,228.5,112.0,5,3.5,12.6,26.5,PG/SG,3300,1,21.0,13.0,106,103,2%,4,6,6,15,14,18,12.6,16.5,7.5,25.5,14.4,6.8,2.1,14.8,4.47,12.8,14.5,3.9,13.8,4.185,15.666666666666666,5.333333333333333,15.180000000000001,14.200000000000001,12.772340425531915
41,1,Nickeil Alexander-Walker,0.0,NO,PHI,8.0,222.5,107.3,9,3.5,10.4,16.0,PG/SG,3100,1,25.0,8.0,102,101,-8%,3,7,7,8,12,14,10.4,12.8,1.3,24.2,10.4,9.8,3.2,5.8,1.85,0.0,0.0,0.0,2.9,0.925,11.333333333333334,5.666666666666667,10.32,9.966666666666667,0.0
41,2,Robert Covington,0.0,MIN,LAC,4.5,228.5,112.0,13,6.0,25.4,36.0,SF/PF,5000,1,17.0,14.0,106,103,-5%,9,10,9,28,30,28,25.6,25.6,17.1,34.2,32.9,24.3,4.9,26.5,5.3,26.7,29.0,5.3,26.6,5.3,28.666666666666668,9.333333333333334,25.82,22.46666666666667,26.909302325581397
41,3,Thaddeus Young,0.0,CHI,CHA,-7.0,212.5,109.8,18,9.3,18.9,40.8,SF/PF,4200,1,21.0,12.0,101,111,16%,10,9,9,26,22,22,18.9,19.4,11.6,27.1,26.6,20.8,5.0,20.3,4.82,19.5,20.5,4.6,19.9,4.71,23.333333333333332,9.333333333333334,19.380000000000003,23.0,17.48357142857143
41,4,Danny Green,0.0,LAL,MIA,-5.5,212.0,108.8,14,14.8,21.6,29.5,SG/SF,4000,1,13.0,11.0,102,103,-3%,9,7,7,28,26,26,21.6,19.0,10.3,27.6,26.8,15.0,3.8,20.3,5.06,18.8,27.0,4.7,19.55,4.88,26.666666666666668,7.666666666666667,19.61,21.96666666666667,19.794375000000002
41,5,Jabari Parker,0.0,ATL,IND,6.0,224.0,109.0,30,12.3,24.8,34.3,SF/PF,5700,1,24.0,18.0,102,102,-7%,11,12,13,26,27,28,24.8,30.4,17.9,42.9,27.4,29.5,5.2,29.3,5.13,30.2,27.5,5.3,29.75,5.215,27.0,12.0,29.15,23.8,30.300925925925927
41,6,Brook Lopez,0.0,MIL,MEM,-12.5,229.0,120.8,8,15.8,19.8,25.3,C,4800,1,16.0,13.0,106,109,4%,9,8,9,24,24,27,19.8,25.0,15.3,34.8,23.6,33.0,6.9,25.3,5.26,23.3,25.0,4.9,24.3,5.08,25.0,8.666666666666666,23.839999999999996,20.3,24.3
41,7,Jrue Holiday,0.0,NO,PHI,8.0,222.5,107.3,9,22.8,36.4,49.8,PG/SG,7400,1,26.0,17.0,102,101,-8%,16,17,17,36,37,36,39.7,41.1,30.9,51.4,34.6,37.0,5.0,37.3,5.03,37.4,35.5,5.1,37.349999999999994,5.0649999999999995,36.333333333333336,16.666666666666668,40.09,36.333333333333336,36.4933486238532
43,0,Alec Burks,0.0,GS,UTA,14.0,212.0,99.0,19,22.8,30.2,41.3,PG/SG,5300,1,22.0,16.0,103,103,-13%,12,11,12,32,31,30,30.1,28.5,17.4,39.6,29.5,35.3,6.7,27.0,5.09,28.2,32.0,5.3,27.6,5.195,31.0,11.666666666666666,28.639999999999997,31.433333333333334,28.490322580645163
43,1,Donovan Mitchell,0.0,UTA,GS,-14.0,212.0,113.0,30,28.5,36.8,47.3,PG/SG,8100,1,31.0,20.0,103,110,9%,23,21,21,36,35,35,36.8,39.9,31.2,48.6,35.4,41.5,5.1,42.8,5.28,43.3,34.5,5.3,43.05,5.29,35.333333333333336,21.666666666666668,39.90999999999999,37.53333333333333,42.034669811320754
43,2,Derrick Jones Jr.,0.0,MIA,LAL,5.5,212.0,103.3,24,3.5,14.2,24.8,SF/PF,4000,2,14.0,10.0,103,100,-7%,7,5,4,30,22,17,14.2,11.7,3.9,19.5,27.9,33.0,8.3,19.5,4.88,20.1,27.5,5.0,19.8,4.9399999999999995,23.0,5.333333333333333,13.819999999999999,14.166666666666666,23.67391304347826
43,3,Jordan Poole,0.0,GS,UTA,14.0,212.0,99.0,16,1.0,8.8,25.3,SG/SF,3000,1,21.0,4.0,103,103,-1%,4,6,10,15,19,25,10.8,16.0,9.1,23.0,9.6,9.0,3.0,10.0,3.33,8.0,13.0,2.7,9.0,3.015,19.666666666666668,6.666666666666667,13.580000000000002,11.700000000000001,5.949152542372881
43,4,RJ Barrett,0.0,NY,SAC,8.5,210.0,100.8,26,5.5,23.7,44.5,PG/SG,6100,1,24.0,11.0,100,108,-13%,13,11,13,33,29,32,23.7,28.7,17.6,39.7,31.4,16.0,2.6,27.0,4.43,28.5,32.0,4.7,27.75,4.5649999999999995,31.333333333333332,12.333333333333334,27.49,24.566666666666666,28.340425531914896
43,5,Matisse Thybulle,0.0,PHI,NO,-8.0,222.5,115.3,18,3.5,21.0,36.0,SG/SF,3700,0,13.0,12.0,107,112,16%,6,5,4,28,25,18,20.9,13.1,2.9,23.2,26.5,9.0,2.4,22.0,5.95,21.5,28.5,5.8,21.75,5.875,23.666666666666668,5.0,16.369999999999997,20.166666666666668,26.191901408450704
43,6,Lauri Markkanen,0.0,CHI,CHA,-7.0,212.5,109.8,18,23.8,30.6,37.3,PF/C,6300,1,21.0,13.0,101,111,16%,12,13,12,28,32,30,30.9,28.2,18.2,38.1,25.6,20.5,3.3,34.5,5.48,31.8,31.5,5.0,33.15,5.24,30.0,12.333333333333334,29.709999999999997,30.566666666666666,34.8075
43,7,Mohamed Bamba,0.0,ORL,HOU,6.0,221.0,107.5,16,7.3,17.9,34.8,C,4000,1,0.0,0.0,107,107,0%,7,5,5,16,17,16,17.9,15.7,7.1,24.4,15.0,18.5,4.6,18.8,4.69,18.2,18.0,4.5,18.5,4.595000000000001,16.333333333333332,5.666666666666667,16.72,20.0,20.387755102040817
44,0,Eric Bledsoe,0.0,MIL,MEM,-12.5,229.0,120.8,23,22.0,30.6,46.8,PG,6700,1,25.0,19.0,106,109,6%,11,9,12,29,25,28,30.4,32.8,23.1,42.4,17.0,24.0,3.6,32.5,4.85,32.5,27.0,4.9,32.5,4.875,27.333333333333332,10.666666666666666,32.239999999999995,33.13333333333333,32.103658536585364
44,1,Furkan Korkmaz,0.0,PHI,NO,-8.0,222.5,115.3,18,11.0,12.9,16.5,SG/SF,3200,0,16.0,9.0,107,112,6%,4,5,7,13,18,23,12.8,14.8,7.5,22.1,16.3,2.8,0.9,13.0,4.06,8.1,11.5,2.5,10.55,3.28,18.0,5.333333333333333,13.55,13.466666666666667,6.740277777777778
44,2,Lauri Markkanen,0.0,CHI,CHA,-7.0,212.5,109.8,18,23.8,30.6,37.3,PF/C,6300,1,21.0,13.0,101,111,16%,12,13,12,28,32,30,30.9,28.2,18.2,38.1,25.6,20.5,3.3,34.5,5.48,31.8,31.5,5.0,33.15,5.24,30.0,12.333333333333334,29.709999999999997,30.566666666666666,34.8075
44,3,LeBron James,0.0,LAL,MIA,-5.5,212.0,108.8,16,44.5,52.8,60.5,PG/SF,10000,1,35.0,27.0,102,103,-6%,22,21,20,33,33,35,53.1,55.5,43.9,67.1,37.4,58.8,5.9,51.0,5.1,53.9,35.5,5.4,52.45,5.25,33.666666666666664,21.0,54.410000000000004,52.6,55.30618811881189
44,4,Shabazz Napier,0.0,MIN,LAC,4.5,228.5,112.0,5,3.5,12.6,26.5,PG/SG,3300,1,21.0,13.0,106,103,2%,4,6,6,15,14,18,12.6,16.5,7.5,25.5,14.4,6.8,2.1,14.8,4.47,12.8,14.5,3.9,13.8,4.185,15.666666666666666,5.333333333333333,15.180000000000001,14.200000000000001,12.772340425531915
44,5,Andrew Wiggins,0.0,MIN,LAC,4.5,228.5,112.0,27,25.0,37.7,44.5,SG/SF,7200,1,29.0,20.0,106,103,-5%,21,19,21,37,34,35,37.6,40.0,30.0,50.0,39.3,41.8,5.8,35.5,4.93,37.6,35.0,5.2,36.55,5.0649999999999995,35.333333333333336,20.333333333333332,38.83,35.733333333333334,36.205188679245275
44,6,Damian Jones,0.0,ATL,IND,6.0,224.0,109.0,19,5.5,20.8,33.0,C,4000,1,13.0,17.0,102,102,6%,4,5,5,14,21,19,20.8,16.5,8.8,24.2,18.4,18.5,4.6,19.3,4.81,18.0,20.0,4.5,18.65,4.654999999999999,18.0,4.666666666666667,17.79,19.766666666666666,20.72222222222222
44,7,Mohamed Bamba,0.0,ORL,HOU,6.0,221.0,107.5,16,7.3,17.9,34.8,C,4000,1,0.0,0.0,107,107,0%,7,5,5,16,17,16,17.9,15.7,7.1,24.4,15.0,18.5,4.6,18.8,4.69,18.2,18.0,4.5,18.5,4.595000000000001,16.333333333333332,5.666666666666667,16.72,20.0,20.387755102040817
45,0,Coby White,0.0,CHI,CHA,-7.0,212.5,109.8,8,10.3,21.3,29.5,PG/SG,4600,1,24.0,11.0,101,111,-1%,10,9,12,28,26,25,21.6,22.3,12.1,32.5,20.4,14.8,3.2,23.5,5.11,22.7,26.0,4.9,23.1,5.005000000000001,26.333333333333332,10.333333333333334,22.32,20.366666666666667,22.807594936708863
45,1,Allen Crabbe,0.0,ATL,IND,6.0,224.0,109.0,1,2.5,12.5,20.0,SG/SF,3100,1,13.0,10.0,102,102,-2%,4,5,6,22,22,20,13.7,13.3,9.2,17.4,24.7,12.3,4.0,15.0,4.84,14.5,20.5,4.7,14.75,4.77,21.333333333333332,5.0,13.669999999999998,11.666666666666666,14.173828125
45,2,Kyle Anderson,0.0,MEM,MIL,12.5,229.0,108.3,6,5.5,14.1,27.5,SF/PF,3000,1,15.0,14.0,107,99,-12%,3,4,5,13,18,20,14.1,18.2,10.7,25.6,18.5,15.5,5.2,17.3,5.75,16.1,18.5,5.4,16.700000000000003,5.575,17.0,4.0,17.06,15.700000000000001,18.173529411764708
45,3,Duncan Robinson,0.0,MIA,LAL,5.5,212.0,103.3,5,13.0,28.1,50.8,SG/SF,5700,2,15.0,14.0,103,100,-2%,13,11,9,32,32,28,28.4,21.3,10.2,32.4,36.5,14.3,2.5,21.3,3.73,22.8,32.5,4.0,22.05,3.865,30.666666666666668,11.0,22.869999999999997,30.633333333333336,23.36820652173913
45,4,Ben Simmons,0.0,PHI,NO,-8.0,222.5,115.3,29,25.5,38.6,54.3,PG/SF,8200,0,22.0,18.0,107,112,16%,6,9,10,37,35,36,39.0,40.6,32.5,48.7,37.5,55.3,6.7,45.5,5.55,45.7,35.5,5.6,45.6,5.574999999999999,36.0,8.333333333333334,41.28,39.46666666666666,44.96666666666666
45,5,Derrick Jones Jr.,0.0,MIA,LAL,5.5,212.0,103.3,24,3.5,14.2,24.8,SF/PF,4000,2,14.0,10.0,103,100,-7%,7,5,4,30,22,17,14.2,11.7,3.9,19.5,27.9,33.0,8.3,19.5,4.88,20.1,27.5,5.0,19.8,4.9399999999999995,23.0,5.333333333333333,13.819999999999999,14.166666666666666,23.67391304347826
45,6,Myles Turner,0.0,IND,ATL,-6.0,224.0,115.0,20,16.5,21.3,29.5,C,5100,1,17.0,13.0,105,112,3%,10,8,10,25,29,32,21.3,26.7,17.3,36.1,26.2,17.8,3.5,29.8,5.83,26.2,28.5,5.1,28.0,5.465,28.666666666666668,9.333333333333334,25.879999999999995,22.433333333333334,27.83720930232558
45,7,D.J. Wilson,0.0,MIL,MEM,-12.5,229.0,120.8,13,2.3,13.3,26.3,PF/C,3000,1,0.0,0.0,106,109,0%,3,6,4,10,17,12,13.3,9.0,0.6,17.4,21.1,18.0,6.0,9.8,3.25,0.0,0.0,0.0,4.9,1.625,13.0,4.333333333333333,9.040000000000001,13.966666666666669,0.0
46,0,LeBron James,0.0,LAL,MIA,-5.5,212.0,108.8,16,44.5,52.8,60.5,PG/SF,10000,1,35.0,27.0,102,103,-6%,22,21,20,33,33,35,53.1,55.5,43.9,67.1,37.4,58.8,5.9,51.0,5.1,53.9,35.5,5.4,52.45,5.25,33.666666666666664,21.0,54.410000000000004,52.6,55.30618811881189
46,1,Kendrick Nunn,0.0,MIA,LAL,5.5,212.0,103.3,10,17.5,29.0,52.5,PG/SG,6700,2,24.0,14.0,103,100,-2%,19,16,14,42,36,31,28.9,27.3,17.5,37.2,35.8,33.5,5.0,31.5,4.7,30.5,36.5,4.6,31.0,4.65,36.333333333333336,16.333333333333332,28.380000000000003,33.0,31.142201834862384
46,2,P.J. Tucker,0.0,HOU,ORL,-6.0,221.0,113.5,11,15.8,29.1,40.3,PF/C,4800,1,10.0,11.0,100,103,-8%,9,9,7,35,40,36,29.4,25.6,16.2,35.1,34.5,33.3,6.9,22.0,4.58,22.5,35.5,4.7,22.25,4.640000000000001,37.0,8.333333333333334,25.71,28.400000000000002,21.347972972972972
46,3,Josh Hart,0.0,NO,PHI,8.0,222.5,107.3,7,7.3,18.0,27.5,SG/SF,4100,1,17.0,12.0,102,101,-9%,12,10,9,28,25,28,18.0,25.5,15.6,35.4,30.5,24.8,6.0,19.5,4.76,19.5,26.0,4.8,19.5,4.779999999999999,27.0,10.333333333333334,22.8,17.599999999999998,18.77777777777778
46,4,Matisse Thybulle,0.0,PHI,NO,-8.0,222.5,115.3,18,3.5,21.0,36.0,SG/SF,3700,0,13.0,12.0,107,112,16%,6,5,4,28,25,18,20.9,13.1,2.9,23.2,26.5,9.0,2.4,22.0,5.95,21.5,28.5,5.8,21.75,5.875,23.666666666666668,5.0,16.369999999999997,20.166666666666668,26.191901408450704
46,5,Georges Niang,0.0,UTA,GS,-14.0,212.0,113.0,29,8.8,11.8,15.0,SF/PF,3000,1,15.0,10.0,103,110,4%,5,5,3,17,16,12,11.8,7.9,1.4,14.5,17.6,10.8,3.6,13.8,4.58,13.5,17.0,4.5,13.65,4.54,15.0,4.333333333333333,9.85,11.866666666666667,15.47
46,6,Mitchell Robinson,0.0,NY,SAC,8.5,210.0,100.8,14,21.8,29.5,33.8,C,5700,1,15.0,23.0,100,108,-5%,8,7,6,29,27,23,29.5,24.2,16.8,31.6,25.3,27.3,4.8,28.0,4.91,27.3,26.0,4.8,27.65,4.855,26.333333333333332,7.0,25.95,28.366666666666664,27.3
46,7,Tobias Harris,0.0,PHI,NO,-8.0,222.5,115.3,26,24.0,41.1,50.0,SF/PF,7200,0,24.0,17.0,107,112,3%,19,22,16,34,37,35,44.8,37.1,28.9,45.4,37.5,40.8,5.7,39.8,5.52,41.0,35.0,5.7,40.4,5.609999999999999,35.333333333333336,19.0,39.32000000000001,38.36666666666667,40.0188679245283
47,0,Kendrick Nunn,0.0,MIA,LAL,5.5,212.0,103.3,10,17.5,29.0,52.5,PG/SG,6700,2,24.0,14.0,103,100,-2%,19,16,14,42,36,31,28.9,27.3,17.5,37.2,35.8,33.5,5.0,31.5,4.7,30.5,36.5,4.6,31.0,4.65,36.333333333333336,16.333333333333332,28.380000000000003,33.0,31.142201834862384
47,1,Furkan Korkmaz,0.0,PHI,NO,-8.0,222.5,115.3,18,11.0,12.9,16.5,SG/SF,3200,0,16.0,9.0,107,112,6%,4,5,7,13,18,23,12.8,14.8,7.5,22.1,16.3,2.8,0.9,13.0,4.06,8.1,11.5,2.5,10.55,3.28,18.0,5.333333333333333,13.55,13.466666666666667,6.740277777777778
47,2,Kyle O'Quinn,0.0,PHI,NO,-8.0,222.5,115.3,21,3.3,13.6,36.3,PF/C,3700,0,0.0,0.0,107,112,-1%,7,3,3,20,12,11,13.6,12.4,2.7,22.0,5.0,5.8,1.6,12.5,3.38,15.6,14.5,4.2,14.05,3.79,14.333333333333334,4.333333333333333,12.95,17.73333333333333,14.213372093023256
47,3,Jared Dudley,0.0,LAL,MIA,-5.5,212.0,108.8,25,0.0,5.4,13.0,SF/PF,3100,1,0.0,0.0,102,103,-6%,3,1,1,12,7,8,5.4,4.5,-0.6,9.6,16.6,14.5,4.7,8.8,2.82,10.3,17.5,3.3,9.55,3.0599999999999996,9.0,1.6666666666666667,5.6899999999999995,6.133333333333333,18.569444444444443
47,4,Derrick Walton Jr.,0.0,LAC,MIN,-4.5,228.5,116.5,28,0.0,5.5,10.3,PG,3200,1,0.0,0.0,106,110,9%,1,2,1,12,10,7,5.5,3.5,-0.4,7.5,30.4,14.3,4.5,16.0,5.0,15.1,19.5,4.7,15.55,4.85,9.666666666666666,1.3333333333333333,6.33,5.266666666666667,31.368103448275868
47,5,PJ Washington,0.0,CHA,CHI,7.0,212.5,102.8,25,23.0,28.4,41.0,PF/C,5600,1,17.0,15.0,104,104,8%,10,10,9,39,36,30,28.4,25.5,16.8,34.3,38.0,37.0,6.6,32.3,5.76,29.5,34.5,5.3,30.9,5.529999999999999,35.0,9.666666666666666,27.179999999999996,30.8,30.458571428571425
47,6,Brook Lopez,0.0,MIL,MEM,-12.5,229.0,120.8,8,15.8,19.8,25.3,C,4800,1,16.0,13.0,106,109,4%,9,8,9,24,24,27,19.8,25.0,15.3,34.8,23.6,33.0,6.9,25.3,5.26,23.3,25.0,4.9,24.3,5.08,25.0,8.666666666666666,23.839999999999996,20.3,24.3
47,7,Alec Burks,0.0,GS,UTA,14.0,212.0,99.0,19,22.8,30.2,41.3,PG/SG,5300,1,22.0,16.0,103,103,-13%,12,11,12,32,31,30,30.1,28.5,17.4,39.6,29.5,35.3,6.7,27.0,5.09,28.2,32.0,5.3,27.6,5.195,31.0,11.666666666666666,28.639999999999997,31.433333333333334,28.490322580645163
48,0,Malcolm Brogdon,0.0,IND,ATL,-6.0,224.0,115.0,13,26.5,35.6,48.0,PG/SG,7500,1,28.0,22.0,105,112,-4%,13,13,15,30,31,33,35.6,40.1,31.3,48.8,32.1,47.5,6.3,37.3,4.97,38.7,32.5,5.2,38.0,5.085,31.333333333333332,13.666666666666666,38.760000000000005,36.699999999999996,39.41489361702128
48,1,D'Angelo Russell,0.0,GS,UTA,14.0,212.0,99.0,19,22.3,31.4,50.8,PG/SG,7700,1,33.0,20.0,103,103,-1%,25,16,18,35,30,31,31.4,38.8,21.2,56.5,30.4,32.8,4.3,38.5,5.0,41.4,34.0,5.4,39.95,5.2,32.0,19.666666666666668,37.56999999999999,34.833333333333336,42.446875000000006
48,2,Bobby Portis,0.0,NY,SAC,8.5,210.0,100.8,9,14.5,19.6,28.5,PF/C,3600,1,20.0,13.0,100,108,-13%,9,8,9,22,22,22,19.6,20.8,11.1,30.5,17.4,18.0,5.0,17.5,4.86,16.5,19.0,4.6,17.0,4.73,22.0,8.666666666666666,19.8,20.866666666666667,14.681818181818182
48,3,Josh Richardson,0.0,PHI,NO,-8.0,222.5,115.3,18,6.8,26.5,44.3,SG/SF,5000,0,22.0,14.0,107,112,3%,15,14,13,31,30,33,32.5,30.0,21.7,38.2,26.1,13.8,2.8,27.8,5.55,24.5,25.0,4.9,26.15,5.225,31.333333333333332,14.0,29.71,25.866666666666664,20.86436170212766
48,4,JJ Redick,0.0,NO,PHI,8.0,222.5,107.3,7,11.5,26.2,37.0,SG/SF,4900,1,19.0,16.0,102,101,-4%,13,12,11,27,29,29,26.1,24.9,14.6,35.1,34.2,29.8,6.1,21.0,4.29,22.7,28.5,4.6,21.85,4.445,28.333333333333332,12.0,24.509999999999998,24.900000000000002,21.978529411764708
48,5,Glenn Robinson III,0.0,GS,UTA,14.0,212.0,99.0,16,10.5,21.0,32.8,SG/SF,4500,1,15.0,12.0,103,103,-13%,11,11,10,34,33,33,20.9,23.3,14.7,31.8,31.6,23.0,5.1,22.0,4.89,22.6,34.0,5.0,22.3,4.945,33.333333333333336,10.666666666666666,22.6,21.433333333333334,22.746
48,6,Meyers Leonard,0.0,MIA,LAL,5.5,212.0,103.3,7,1.3,12.2,22.0,PF/C,3000,2,12.0,12.0,103,100,-15%,3,3,4,13,15,18,11.7,13.9,4.4,23.3,14.2,6.5,2.2,13.8,4.58,9.9,13.5,3.3,11.850000000000001,3.94,15.333333333333334,3.3333333333333335,13.030000000000001,11.833333333333334,10.433152173913044
48,7,Justin Holiday,0.0,IND,ATL,-6.0,224.0,115.0,30,13.3,19.5,31.5,SG/SF,3600,1,13.0,12.0,105,112,10%,11,8,7,28,26,25,19.3,19.0,11.1,27.0,22.1,10.5,2.9,18.3,5.07,18.4,25.0,5.1,18.35,5.085,26.333333333333332,8.666666666666666,18.95,21.433333333333334,17.42088607594937
49,0,James Harden,0.0,HOU,ORL,-6.0,221.0,113.5,15,47.8,63.1,80.8,PG/SG,12600,1,39.0,31.0,100,103,-4%,27,26,25,41,42,38,63.5,64.0,51.6,76.4,36.2,85.8,6.8,59.8,4.74,60.9,38.5,4.8,60.349999999999994,4.77,40.333333333333336,26.0,63.17,63.9,57.60681818181817
49,1,Bogdan Bogdanovic,0.0,SAC,NY,-8.5,210.0,109.3,8,16.0,18.7,22.3,SG/SF,4700,1,25.0,15.0,100,111,-6%,12,11,12,31,27,28,18.6,27.1,15.3,38.8,28.7,17.3,3.7,26.8,5.69,26.5,27.5,5.6,26.65,5.645,28.666666666666668,11.666666666666666,25.29,19.0,25.565406976744185
49,2,Marcus Morris Sr.,0.0,NY,SAC,8.5,210.0,100.8,10,12.8,31.9,62.5,SF/PF,6600,1,0.0,0.0,100,108,-13%,15,14,15,31,31,33,31.9,32.8,19.8,45.8,29.8,23.8,3.6,31.5,4.77,27.8,31.0,4.2,29.65,4.484999999999999,31.666666666666668,14.666666666666666,31.99,35.733333333333334,29.025789473684206
49,3,Kevin Knox,0.0,NY,SAC,8.5,210.0,100.8,10,8.3,11.4,15.5,SF/PF,3200,1,0.0,0.0,100,108,4%,6,7,7,18,19,20,11.4,14.9,8.3,21.4,18.3,10.0,3.1,12.3,3.83,12.0,16.5,3.8,12.15,3.815,19.0,6.666666666666667,13.63,11.733333333333334,10.551315789473684
49,4,JJ Redick,0.0,NO,PHI,8.0,222.5,107.3,7,11.5,26.2,37.0,SG/SF,4900,1,19.0,16.0,102,101,-4%,13,12,11,27,29,29,26.1,24.9,14.6,35.1,34.2,29.8,6.1,21.0,4.29,22.7,28.5,4.6,21.85,4.445,28.333333333333332,12.0,24.509999999999998,24.900000000000002,21.978529411764708
49,5,Jared Dudley,0.0,LAL,MIA,-5.5,212.0,108.8,25,0.0,5.4,13.0,SF/PF,3100,1,0.0,0.0,102,103,-6%,3,1,1,12,7,8,5.4,4.5,-0.6,9.6,16.6,14.5,4.7,8.8,2.82,10.3,17.5,3.3,9.55,3.0599999999999996,9.0,1.6666666666666667,5.6899999999999995,6.133333333333333,18.569444444444443
49,6,Lauri Markkanen,0.0,CHI,CHA,-7.0,212.5,109.8,18,23.8,30.6,37.3,PF/C,6300,1,21.0,13.0,101,111,16%,12,13,12,28,32,30,30.9,28.2,18.2,38.1,25.6,20.5,3.3,34.5,5.48,31.8,31.5,5.0,33.15,5.24,30.0,12.333333333333334,29.709999999999997,30.566666666666666,34.8075
49,7,Richaun Holmes,0.0,SAC,NY,-8.5,210.0,109.3,27,23.3,36.4,49.5,PF/C,5600,1,15.0,21.0,100,111,7%,7,9,8,31,34,29,36.4,29.5,17.9,41.2,26.6,9.8,1.8,29.3,5.22,29.0,28.0,5.2,29.15,5.21,31.333333333333332,8.0,30.830000000000002,36.4,26.048936170212766
