Lineup Num,,Player Name,injury_status,team,opp,spread,over_under,implied_team_score,L5_dvp_rank,L5_ppg_floor,L5_ppg_avg,L5_ppg_max,Pos,Salary,Rest,USG,PER,Opp Pace,Opp DEff,Opp DvP,L2 FGA,L5 FGA,S FGA,L2 Min,L5 Min,S Min,L5 FP,S FP,Floor FP,Ceil FP,Actual Min,Actual FP,Actual Val,FantasyFuelPPGProj,FantasyFuelValueProj,DFN_PPGProj,DFN_MinProj,DFN_ValueProj,Avg Proj,Avg Value Proj,Avg Skewed Min,Avg Skewed FGA,Avg Skewed FP,Avg L5 PPG,Proj Min Enhanced
0,0,Frank Jackson,0.0,NO,CHA,-1.5,229.5,115.5,3,13.0,19.8,28.3,PG/SG,3400,0,25.0,14.0,103,108,1%,11,11,10,22,22,19,19.8,17.4,11.8,23.0,13.5,7.5,2.2,16.5,4.85,18.7,22.5,5.5,17.6,5.175,21.0,10.666666666666666,17.919999999999998,20.366666666666664,18.857142857142858
0,1,Jrue Holiday,0.0,NO,CHA,-1.5,229.5,115.5,3,29.0,35.8,41.3,PG/SG,7700,0,22.0,12.0,103,108,1%,15,15,15,32,33,34,35.8,34.6,29.0,40.3,36.3,40.3,5.2,40.0,5.19,39.0,34.0,5.1,39.5,5.145,33.0,15.0,35.839999999999996,35.36666666666667,40.696969696969695
0,2,Marvin Williams,0.0,CHA,NO,1.5,229.5,114.0,2,4.8,14.0,19.8,SF/PF,3300,1,15.0,15.0,110,112,4%,6,5,5,17,19,18,13.9,12.9,5.0,20.8,16.3,4.8,1.5,17.3,5.23,14.7,17.0,4.5,16.0,4.865,18.0,5.333333333333333,13.719999999999999,12.866666666666667,15.11111111111111
0,3,Dillon Brooks,0.0,MEM,DAL,5.5,221.5,108.0,1,13.5,26.0,40.0,SG/SF,5900,0,21.0,14.0,103,107,-9%,12,12,12,26,26,27,26.0,24.4,15.1,33.6,19.8,16.8,2.8,23.0,3.9,27.5,31.5,4.7,25.25,4.3,26.333333333333332,12.0,24.869999999999997,26.5,30.204113924050635
0,4,Russell Westbrook,0.0,HOU,CHI,-6.5,234.0,120.3,13,25.0,45.6,57.3,PG,9000,2,31.0,22.0,104,105,-17%,15,17,17,28,33,33,45.9,50.9,36.8,64.9,31.8,36.3,4.0,48.3,5.36,51.0,34.0,5.7,49.65,5.53,31.333333333333332,16.333333333333332,49.63,42.63333333333333,53.875531914893614
0,5,Bruno Caboclo,0.0,MEM,DAL,5.5,221.5,108.0,26,2.0,10.3,27.3,PF/C,3300,0,17.0,13.0,103,107,-9%,3,4,4,10,11,10,10.3,9.8,-0.1,19.7,9.8,18.0,5.5,19.0,5.76,11.2,13.0,3.4,15.1,4.58,10.333333333333334,3.6666666666666665,10.959999999999999,13.200000000000001,18.996774193548386
0,6,Steven Adams,0.0,OKC,GS,-11.5,216.5,114.0,23,19.3,26.0,32.3,C,5400,1,17.0,12.0,105,116,11%,7,7,8,27,27,27,25.8,24.9,20.1,29.7,25.1,31.5,5.8,30.8,5.69,29.4,27.0,5.4,30.1,5.545,27.0,7.333333333333333,26.119999999999997,25.866666666666664,30.1
0,7,Brandon Ingram,0.0,NO,CHA,-1.5,229.5,115.5,30,15.0,41.1,57.0,SF/PF,8000,0,29.0,27.0,103,108,14%,25,18,19,34,30,32,40.6,44.3,29.3,59.2,35.6,42.3,5.3,39.0,4.88,43.4,33.5,5.4,41.2,5.140000000000001,32.0,20.666666666666668,42.92,37.699999999999996,43.13125
1,0,Shai Gilgeous-Alexander,0.0,OKC,GS,-11.5,216.5,114.0,19,25.8,34.3,42.0,PG/SG,7100,1,26.0,21.0,105,116,19%,16,16,17,35,35,35,34.3,37.0,28.4,45.7,36.5,21.3,3.0,38.5,5.42,38.4,35.5,5.4,38.45,5.41,35.0,16.333333333333332,36.77,34.03333333333333,38.99928571428572
1,1,Tim Hardaway Jr.,0.0,DAL,MEM,-5.5,221.5,113.5,27,19.0,20.7,24.8,SG/SF,4000,0,20.0,10.0,109,106,23%,13,12,10,25,24,23,20.7,17.0,11.3,22.7,22.2,24.0,6.0,19.5,4.88,18.6,23.0,4.7,19.05,4.79,24.0,11.666666666666666,18.15,21.5,18.25625
1,2,Justin Jackson,0.0,DAL,MEM,-5.5,221.5,113.5,25,0.0,8.7,18.0,SF/PF,3100,0,16.0,15.0,109,106,23%,6,3,4,12,10,13,8.7,9.8,3.6,15.9,25.4,24.0,7.7,9.5,3.06,11.0,15.5,3.5,10.25,3.2800000000000002,11.666666666666666,4.333333333333333,9.65,8.9,13.617857142857144
1,3,Cody Martin,0.0,CHA,NO,1.5,229.5,114.0,24,0.0,9.3,19.8,PG/SF,3300,1,10.0,13.0,110,112,4%,3,1,2,25,13,12,9.3,9.1,0.7,17.6,21.1,19.3,5.8,14.5,4.39,9.5,10.5,2.9,12.0,3.6449999999999996,16.666666666666668,2.0,9.74,9.700000000000001,7.56
1,4,Josh Hart,0.0,NO,CHA,-1.5,229.5,115.5,3,4.5,22.2,41.3,PG/SF,5300,0,17.0,16.0,103,108,-15%,11,9,10,24,27,28,22.4,26.6,14.0,39.1,23.2,26.8,5.1,22.5,4.25,22.1,26.0,4.2,22.3,4.225,26.333333333333332,10.0,24.88,22.666666666666668,22.017721518987344
1,5,JJ Redick,0.0,NO,CHA,-1.5,229.5,115.5,12,5.8,15.6,26.3,SG/SF,4000,0,19.0,9.0,103,108,14%,5,7,8,19,21,23,16.0,15.4,8.3,22.5,28.6,36.8,9.2,18.5,4.63,20.7,26.5,5.2,19.6,4.915,21.0,6.666666666666667,16.360000000000003,15.9,24.733333333333334
1,6,Nerlens Noel,0.0,OKC,GS,-11.5,216.5,114.0,23,15.3,25.7,39.5,C,4100,1,15.0,24.0,105,116,11%,3,5,4,18,22,17,25.6,19.6,7.9,31.3,7.3,6.8,1.7,20.3,4.94,18.2,17.0,4.4,19.25,4.67,19.0,4.0,20.73,26.833333333333332,17.223684210526315
1,7,Darius Bazley,0.0,OKC,GS,-11.5,216.5,114.0,22,1.5,13.6,26.3,SF/PF,3400,1,14.0,8.0,105,116,13%,8,5,5,20,17,18,13.6,12.2,3.3,21.1,17.6,14.8,4.4,15.0,4.41,15.1,19.0,4.4,15.05,4.405,18.333333333333332,6.0,13.05,13.799999999999999,15.59727272727273
2,0,Frank Jackson,0.0,NO,CHA,-1.5,229.5,115.5,3,13.0,19.8,28.3,PG/SG,3400,0,25.0,14.0,103,108,1%,11,11,10,22,22,19,19.8,17.4,11.8,23.0,13.5,7.5,2.2,16.5,4.85,18.7,22.5,5.5,17.6,5.175,21.0,10.666666666666666,17.919999999999998,20.366666666666664,18.857142857142858
2,1,Jordan Poole,0.0,GS,OKC,11.5,216.5,102.5,14,9.3,19.1,29.8,SG/SF,4200,0,22.0,5.0,103,100,0%,11,12,11,26,28,26,18.8,17.1,10.7,23.4,35.0,19.8,4.7,20.0,4.76,20.0,29.5,4.8,20.0,4.779999999999999,26.666666666666668,11.333333333333334,18.0,19.400000000000002,22.125
2,2,Darius Bazley,0.0,OKC,GS,-11.5,216.5,114.0,22,1.5,13.6,26.3,SF/PF,3400,1,14.0,8.0,105,116,13%,8,5,5,20,17,18,13.6,12.2,3.3,21.1,17.6,14.8,4.4,15.0,4.41,15.1,19.0,4.4,15.05,4.405,18.333333333333332,6.0,13.05,13.799999999999999,15.59727272727273
2,3,Thaddeus Young,0.0,CHI,HOU,6.5,234.0,113.8,9,9.3,21.2,30.8,SF/PF,4200,2,21.0,13.0,110,112,21%,6,9,9,18,23,22,21.1,19.6,11.6,27.5,23.7,25.8,6.1,27.3,6.49,25.2,25.0,6.0,26.25,6.245,21.0,8.0,21.21,20.433333333333334,31.25
2,4,Devonte' Graham,0.0,CHA,NO,1.5,229.5,114.0,24,18.0,35.8,56.0,PG/SG,6700,1,25.0,20.0,110,112,22%,18,12,12,36,33,31,35.8,34.5,22.4,46.6,31.1,50.8,7.6,32.8,4.89,33.4,31.0,5.0,33.099999999999994,4.945,33.333333333333336,14.0,34.480000000000004,36.6,30.782999999999994
2,5,Maxi Kleber,0.0,DAL,MEM,-5.5,221.5,113.5,6,17.3,23.7,32.3,PF/C,4100,0,15.0,13.0,109,106,-5%,6,9,7,25,27,27,23.6,22.6,16.6,28.7,23.6,21.0,5.1,25.0,6.1,26.0,29.5,6.3,25.5,6.199999999999999,26.333333333333332,7.333333333333333,23.4,24.433333333333334,28.56645569620253
2,6,Marquese Chriss,0.0,GS,OKC,11.5,216.5,102.5,22,4.8,14.5,18.8,PF/C,3200,0,18.0,16.0,103,100,-18%,5,4,4,13,13,14,14.5,15.1,8.4,21.7,24.5,19.5,6.1,11.5,3.59,16.9,17.0,5.3,14.2,4.445,13.333333333333334,4.333333333333333,14.779999999999998,12.700000000000001,18.105
2,7,D'Angelo Russell,0.0,GS,OKC,11.5,216.5,102.5,29,9.3,43.5,82.8,PG/SG,8500,0,31.0,16.0,103,100,0%,31,21,20,37,32,32,43.5,41.9,17.7,66.1,34.2,48.3,5.7,41.8,4.91,42.1,33.5,5.0,41.95,4.955,33.666666666666664,24.0,42.23,45.199999999999996,41.74232673267328
3,0,Tomas Satoransky,0.0,CHI,HOU,6.5,234.0,113.8,2,14.5,28.1,49.8,PG/SF,5700,2,17.0,16.0,110,112,-6%,9,7,7,28,27,26,28.1,23.1,11.2,35.0,24.0,24.3,4.3,26.0,4.56,23.2,27.5,4.1,24.6,4.33,27.0,7.666666666666667,24.4,30.8,25.055555555555557
3,1,Ben McLemore,0.0,HOU,CHI,-6.5,234.0,120.3,8,4.8,12.2,19.5,SG/SF,3300,2,15.0,8.0,104,105,-6%,9,6,5,25,20,15,12.2,8.6,1.0,16.2,15.3,6.0,1.8,14.8,4.47,9.0,13.0,2.7,11.9,3.585,20.0,6.666666666666667,9.98,12.166666666666666,7.734999999999999
3,2,Justin Jackson,0.0,DAL,MEM,-5.5,221.5,113.5,25,0.0,8.7,18.0,SF/PF,3100,0,16.0,15.0,109,106,23%,6,3,4,12,10,13,8.7,9.8,3.6,15.9,25.4,24.0,7.7,9.5,3.06,11.0,15.5,3.5,10.25,3.2800000000000002,11.666666666666666,4.333333333333333,9.65,8.9,13.617857142857144
3,3,Damion Lee,0.0,GS,OKC,11.5,216.5,102.5,14,14.5,23.3,30.5,SG/SF,4600,0,23.0,17.0,103,100,-4%,11,10,8,27,27,22,23.3,20.4,8.6,32.3,22.3,19.3,4.2,20.3,4.4,21.1,25.5,4.6,20.700000000000003,4.5,25.333333333333332,9.666666666666666,21.06,22.766666666666666,20.83618421052632
3,4,Tyus Jones,0.0,MEM,DAL,5.5,221.5,108.0,23,7.0,18.2,27.8,PG/SG,3900,0,20.0,12.0,103,107,-3%,7,7,8,21,21,21,18.2,18.5,10.9,26.1,27.8,30.0,7.7,25.8,6.6,28.0,30.0,7.2,26.9,6.9,21.0,7.333333333333333,20.119999999999997,17.666666666666668,38.42857142857142
3,5,Solomon Hill,0.0,MEM,DAL,5.5,221.5,108.0,7,3.5,12.6,20.5,SF/PF,3100,0,17.0,15.0,103,107,-9%,5,5,5,15,16,18,12.6,14.5,7.1,21.9,14.7,9.8,3.2,14.3,4.6,13.1,18.0,4.2,13.7,4.4,16.333333333333332,5.0,13.959999999999999,12.200000000000001,15.09795918367347
3,6,Derrick Favors,0.0,NO,CHA,-1.5,229.5,115.5,9,5.5,16.7,26.8,PF/C,4200,0,19.0,12.0,103,108,13%,3,5,5,14,18,18,16.4,16.4,8.6,24.3,29.3,32.0,7.6,20.3,4.82,23.5,21.0,5.6,21.9,5.21,16.666666666666668,4.333333333333333,17.52,16.333333333333332,27.593999999999998
3,7,Clint Capela,0.0,HOU,CHI,-6.5,234.0,120.3,28,16.5,34.1,57.0,C,7400,2,18.0,21.0,104,105,20%,12,10,10,32,27,28,33.7,33.4,19.9,46.9,41.7,52.0,7.0,37.3,5.03,37.8,31.0,5.1,37.55,5.0649999999999995,29.0,10.666666666666666,34.29,35.86666666666667,40.13965517241379
4,0,Nickeil Alexander-Walker,0.0,NO,CHA,-1.5,229.5,115.5,3,0.0,14.8,36.0,PG/SG,3200,0,26.0,6.0,103,108,1%,5,6,7,10,13,13,14.8,13.6,1.8,25.3,8.3,5.5,1.7,12.3,3.83,10.4,10.5,3.3,11.350000000000001,3.565,12.0,6.0,13.37,16.933333333333334,9.93125
4,1,Kris Dunn,0.0,CHI,HOU,6.5,234.0,113.8,2,11.5,18.6,27.3,PG/SG,3800,2,16.0,14.0,110,112,-6%,7,6,6,19,19,20,18.6,17.7,10.7,24.7,21.7,21.3,5.6,19.8,5.2,17.6,18.5,4.6,18.700000000000003,4.9,19.333333333333332,6.333333333333333,18.080000000000002,19.133333333333336,17.893965517241384
4,2,Luke Kornet,0.0,CHI,HOU,6.5,234.0,113.8,23,6.3,11.1,18.5,PF/C,3000,2,17.0,10.0,110,112,21%,4,4,4,12,12,12,11.1,9.6,5.2,14.0,5.5,3.3,1.1,13.5,4.5,0.0,0.0,0.0,6.75,2.25,12.0,4.0,9.330000000000002,11.966666666666667,0.0
4,3,Damion Lee,0.0,GS,OKC,11.5,216.5,102.5,14,14.5,23.3,30.5,SG/SF,4600,0,23.0,17.0,103,100,-4%,11,10,8,27,27,22,23.3,20.4,8.6,32.3,22.3,19.3,4.2,20.3,4.4,21.1,25.5,4.6,20.700000000000003,4.5,25.333333333333332,9.666666666666666,21.06,22.766666666666666,20.83618421052632
4,4,Delon Wright,0.0,DAL,MEM,-5.5,221.5,113.5,5,3.0,17.2,26.8,PG/SG,3900,0,15.0,20.0,109,106,11%,4,6,6,19,23,24,17.2,20.5,8.6,32.5,23.7,23.3,6.0,23.5,6.03,21.8,22.5,5.6,22.65,5.8149999999999995,22.0,5.333333333333333,20.29,15.666666666666666,23.164772727272727
4,5,Kenrich Williams,0.0,NO,CHA,-1.5,229.5,115.5,30,1.5,13.0,36.0,SF/PF,3200,0,12.0,14.0,103,108,13%,3,4,4,9,13,17,13.0,15.1,4.6,25.6,28.3,33.3,10.4,6.3,1.95,15.6,19.0,4.9,10.95,3.4250000000000003,13.0,3.6666666666666665,13.85,16.833333333333332,16.00384615384615
4,6,Wendell Carter Jr.,0.0,CHI,HOU,6.5,234.0,113.8,23,7.5,26.6,36.0,PF/C,5500,2,18.0,18.0,110,112,21%,6,8,9,22,26,27,26.6,27.8,17.4,38.2,29.0,41.5,7.5,27.0,4.91,29.9,28.5,5.4,28.45,5.155,25.0,7.666666666666667,27.689999999999998,23.366666666666664,32.433
4,7,Terry Rozier,0.0,CHA,NO,1.5,229.5,114.0,24,9.8,31.1,46.8,PG,7000,1,26.0,12.0,110,112,22%,15,16,14,35,35,32,31.1,30.0,18.7,41.3,35.5,33.3,4.8,39.8,5.68,37.2,34.0,5.3,38.5,5.49,34.0,15.0,31.920000000000005,29.233333333333334,38.5
5,0,Austin Rivers,0.0,HOU,CHI,-6.5,234.0,120.3,13,11.8,15.3,22.3,PG/SG,3600,2,14.0,9.0,104,105,-17%,8,6,6,26,22,19,15.3,12.3,6.6,18.1,26.5,15.0,4.2,16.8,4.65,11.3,17.5,3.1,14.05,3.875,22.333333333333332,6.666666666666667,13.270000000000001,16.46666666666667,11.009328358208956
5,1,Ben McLemore,0.0,HOU,CHI,-6.5,234.0,120.3,8,4.8,12.2,19.5,SG/SF,3300,2,15.0,8.0,104,105,-6%,9,6,5,25,20,15,12.2,8.6,1.0,16.2,15.3,6.0,1.8,14.8,4.47,9.0,13.0,2.7,11.9,3.585,20.0,6.666666666666667,9.98,12.166666666666666,7.734999999999999
5,2,Luke Kornet,0.0,CHI,HOU,6.5,234.0,113.8,23,6.3,11.1,18.5,PF/C,3000,2,17.0,10.0,110,112,21%,4,4,4,12,12,12,11.1,9.6,5.2,14.0,5.5,3.3,1.1,13.5,4.5,0.0,0.0,0.0,6.75,2.25,12.0,4.0,9.330000000000002,11.966666666666667,0.0
5,3,Kenrich Williams,0.0,NO,CHA,-1.5,229.5,115.5,30,1.5,13.0,36.0,SF/PF,3200,0,12.0,14.0,103,108,13%,3,4,4,9,13,17,13.0,15.1,4.6,25.6,28.3,33.3,10.4,6.3,1.95,15.6,19.0,4.9,10.95,3.4250000000000003,13.0,3.6666666666666665,13.85,16.833333333333332,16.00384615384615
5,4,Dillon Brooks,0.0,MEM,DAL,5.5,221.5,108.0,1,13.5,26.0,40.0,SG/SF,5900,0,21.0,14.0,103,107,-9%,12,12,12,26,26,27,26.0,24.4,15.1,33.6,19.8,16.8,2.8,23.0,3.9,27.5,31.5,4.7,25.25,4.3,26.333333333333332,12.0,24.869999999999997,26.5,30.204113924050635
5,5,Maxi Kleber,0.0,DAL,MEM,-5.5,221.5,113.5,6,17.3,23.7,32.3,PF/C,4100,0,15.0,13.0,109,106,-5%,6,9,7,25,27,27,23.6,22.6,16.6,28.7,23.6,21.0,5.1,25.0,6.1,26.0,29.5,6.3,25.5,6.199999999999999,26.333333333333332,7.333333333333333,23.4,24.433333333333334,28.56645569620253
5,6,Dwight Powell,0.0,DAL,MEM,-5.5,221.5,113.5,30,8.5,15.7,26.5,C,4800,0,16.0,13.0,109,106,-5%,5,5,5,31,25,25,15.7,15.7,8.2,23.2,29.3,31.3,6.5,29.0,6.04,24.8,28.0,5.2,26.9,5.62,27.0,5.0,17.939999999999998,16.900000000000002,27.896296296296295
5,7,D'Angelo Russell,0.0,GS,OKC,11.5,216.5,102.5,29,9.3,43.5,82.8,PG/SG,8500,0,31.0,16.0,103,100,0%,31,21,20,37,32,32,43.5,41.9,17.7,66.1,34.2,48.3,5.7,41.8,4.91,42.1,33.5,5.0,41.95,4.955,33.666666666666664,24.0,42.23,45.199999999999996,41.74232673267328
6,0,Malik Monk,0.0,CHA,NO,1.5,229.5,114.0,24,6.0,16.5,27.5,PG/SG,3400,1,20.0,8.0,110,112,13%,6,8,7,18,20,19,16.5,12.8,4.5,21.2,19.2,12.5,3.7,20.8,6.1,17.7,19.0,5.2,19.25,5.65,19.0,7.0,14.85,16.666666666666668,19.25
6,1,Frank Jackson,0.0,NO,CHA,-1.5,229.5,115.5,3,13.0,19.8,28.3,PG/SG,3400,0,25.0,14.0,103,108,1%,11,11,10,22,22,19,19.8,17.4,11.8,23.0,13.5,7.5,2.2,16.5,4.85,18.7,22.5,5.5,17.6,5.175,21.0,10.666666666666666,17.919999999999998,20.366666666666664,18.857142857142858
6,2,P.J. Tucker,0.0,HOU,CHI,-6.5,234.0,120.3,12,10.5,24.8,45.8,SF/PF,5800,2,11.0,14.0,104,105,7%,8,7,8,36,33,34,24.8,27.5,15.7,39.4,32.1,20.3,3.5,23.8,4.09,26.0,34.0,4.5,24.9,4.295,34.333333333333336,7.666666666666667,26.459999999999997,27.03333333333333,24.65825242718446
6,3,Marvin Williams,0.0,CHA,NO,1.5,229.5,114.0,2,4.8,14.0,19.8,SF/PF,3300,1,15.0,15.0,110,112,4%,6,5,5,17,19,18,13.9,12.9,5.0,20.8,16.3,4.8,1.5,17.3,5.23,14.7,17.0,4.5,16.0,4.865,18.0,5.333333333333333,13.719999999999999,12.866666666666667,15.11111111111111
6,4,Cody Martin,0.0,CHA,NO,1.5,229.5,114.0,24,0.0,9.3,19.8,PG/SF,3300,1,10.0,13.0,110,112,4%,3,1,2,25,13,12,9.3,9.1,0.7,17.6,21.1,19.3,5.8,14.5,4.39,9.5,10.5,2.9,12.0,3.6449999999999996,16.666666666666668,2.0,9.74,9.700000000000001,7.56
6,5,Jae Crowder,0.0,MEM,DAL,5.5,221.5,108.0,7,11.0,20.3,32.3,SF/PF,5000,0,16.0,9.0,103,107,11%,8,8,9,29,28,30,20.3,23.1,15.8,30.3,30.6,40.5,8.1,26.8,5.35,25.7,30.0,5.1,26.25,5.225,29.0,8.333333333333334,23.15,21.2,27.155172413793103
6,6,Derrick Favors,0.0,NO,CHA,-1.5,229.5,115.5,9,5.5,16.7,26.8,PF/C,4200,0,19.0,12.0,103,108,13%,3,5,5,14,18,18,16.4,16.4,8.6,24.3,29.3,32.0,7.6,20.3,4.82,23.5,21.0,5.6,21.9,5.21,16.666666666666668,4.333333333333333,17.52,16.333333333333332,27.593999999999998
6,7,Tomas Satoransky,0.0,CHI,HOU,6.5,234.0,113.8,2,14.5,28.1,49.8,PG/SF,5700,2,17.0,16.0,110,112,-6%,9,7,7,28,27,26,28.1,23.1,11.2,35.0,24.0,24.3,4.3,26.0,4.56,23.2,27.5,4.1,24.6,4.33,27.0,7.666666666666667,24.4,30.8,25.055555555555557
7,0,Malik Monk,0.0,CHA,NO,1.5,229.5,114.0,24,6.0,16.5,27.5,PG/SG,3400,1,20.0,8.0,110,112,13%,6,8,7,18,20,19,16.5,12.8,4.5,21.2,19.2,12.5,3.7,20.8,6.1,17.7,19.0,5.2,19.25,5.65,19.0,7.0,14.85,16.666666666666668,19.25
7,1,James Harden,0.0,HOU,CHI,-6.5,234.0,120.3,13,39.0,63.7,79.3,PG/SG,11800,2,42.0,29.0,104,105,-17%,26,26,24,36,35,35,63.8,58.6,43.0,74.2,35.8,75.0,6.4,58.5,4.96,60.8,35.5,5.2,59.65,5.08,35.333333333333336,25.333333333333332,59.85,60.666666666666664,59.9313679245283
7,2,Danilo Gallinari,0.0,OKC,GS,-11.5,216.5,114.0,22,25.0,29.4,40.8,SF/PF,6400,1,23.0,21.0,105,116,-10%,14,14,13,29,31,29,28.9,29.3,23.4,35.1,30.4,33.3,5.2,32.5,5.08,32.5,30.0,5.1,32.5,5.09,29.666666666666668,13.666666666666666,29.840000000000003,31.73333333333333,32.865168539325836
7,3,Darius Bazley,0.0,OKC,GS,-11.5,216.5,114.0,22,1.5,13.6,26.3,SF/PF,3400,1,14.0,8.0,105,116,13%,8,5,5,20,17,18,13.6,12.2,3.3,21.1,17.6,14.8,4.4,15.0,4.41,15.1,19.0,4.4,15.05,4.405,18.333333333333332,6.0,13.05,13.799999999999999,15.59727272727273
7,4,Seth Curry,0.0,DAL,MEM,-5.5,221.5,113.5,5,2.0,12.4,21.8,PG/SG,3400,0,17.0,16.0,109,106,-4%,1,4,5,10,18,19,12.3,13.8,6.7,20.9,24.8,19.3,5.7,15.3,4.49,15.1,20.0,4.4,15.2,4.445,15.666666666666666,3.3333333333333335,13.780000000000001,12.066666666666668,19.404255319148934
7,5,Justin Jackson,0.0,DAL,MEM,-5.5,221.5,113.5,25,0.0,8.7,18.0,SF/PF,3100,0,16.0,15.0,109,106,23%,6,3,4,12,10,13,8.7,9.8,3.6,15.9,25.4,24.0,7.7,9.5,3.06,11.0,15.5,3.5,10.25,3.2800000000000002,11.666666666666666,4.333333333333333,9.65,8.9,13.617857142857144
7,6,Luke Kornet,0.0,CHI,HOU,6.5,234.0,113.8,23,6.3,11.1,18.5,PF/C,3000,2,17.0,10.0,110,112,21%,4,4,4,12,12,12,11.1,9.6,5.2,14.0,5.5,3.3,1.1,13.5,4.5,0.0,0.0,0.0,6.75,2.25,12.0,4.0,9.330000000000002,11.966666666666667,0.0
7,7,De'Anthony Melton,0.0,MEM,DAL,5.5,221.5,108.0,23,0.0,9.9,24.5,PG/SG,3000,0,0.0,0.0,103,107,-3%,2,1,1,6,5,5,2.9,2.9,0.3,5.5,20.2,21.3,7.1,7.3,2.42,14.2,16.0,4.7,10.75,3.56,5.333333333333333,1.3333333333333333,4.470000000000001,11.466666666666667,32.25
8,0,Terry Rozier,0.0,CHA,NO,1.5,229.5,114.0,24,9.8,31.1,46.8,PG,7000,1,26.0,12.0,110,112,22%,15,16,14,35,35,32,31.1,30.0,18.7,41.3,35.5,33.3,4.8,39.8,5.68,37.2,34.0,5.3,38.5,5.49,34.0,15.0,31.920000000000005,29.233333333333334,38.5
8,1,Austin Rivers,0.0,HOU,CHI,-6.5,234.0,120.3,13,11.8,15.3,22.3,PG/SG,3600,2,14.0,9.0,104,105,-17%,8,6,6,26,22,19,15.3,12.3,6.6,18.1,26.5,15.0,4.2,16.8,4.65,11.3,17.5,3.1,14.05,3.875,22.333333333333332,6.666666666666667,13.270000000000001,16.46666666666667,11.009328358208956
8,2,Kyle Anderson,0.0,MEM,DAL,5.5,221.5,108.0,7,8.3,15.0,19.8,SF/PF,3800,0,15.0,16.0,103,107,-9%,4,6,6,20,20,21,15.0,18.2,11.4,25.0,26.5,26.8,7.1,22.5,5.92,21.5,24.5,5.7,22.0,5.8100000000000005,20.333333333333332,5.333333333333333,18.32,14.366666666666667,26.508196721311478
8,3,Danuel House Jr.,0.0,HOU,CHI,-6.5,234.0,120.3,12,13.3,27.5,35.8,SF/PF,5200,2,14.0,15.0,104,105,13%,13,10,9,38,31,31,27.5,25.5,17.5,33.4,32.5,32.3,6.2,25.5,4.9,24.7,31.0,4.8,25.1,4.85,33.333333333333336,10.666666666666666,25.8,25.53333333333333,23.343
8,4,Damion Lee,0.0,GS,OKC,11.5,216.5,102.5,14,14.5,23.3,30.5,SG/SF,4600,0,23.0,17.0,103,100,-4%,11,10,8,27,27,22,23.3,20.4,8.6,32.3,22.3,19.3,4.2,20.3,4.4,21.1,25.5,4.6,20.700000000000003,4.5,25.333333333333332,9.666666666666666,21.06,22.766666666666666,20.83618421052632
8,5,Jordan Poole,0.0,GS,OKC,11.5,216.5,102.5,14,9.3,19.1,29.8,SG/SF,4200,0,22.0,5.0,103,100,0%,11,12,11,26,28,26,18.8,17.1,10.7,23.4,35.0,19.8,4.7,20.0,4.76,20.0,29.5,4.8,20.0,4.779999999999999,26.666666666666668,11.333333333333334,18.0,19.400000000000002,22.125
8,6,Derrick Favors,0.0,NO,CHA,-1.5,229.5,115.5,9,5.5,16.7,26.8,PF/C,4200,0,19.0,12.0,103,108,13%,3,5,5,14,18,18,16.4,16.4,8.6,24.3,29.3,32.0,7.6,20.3,4.82,23.5,21.0,5.6,21.9,5.21,16.666666666666668,4.333333333333333,17.52,16.333333333333332,27.593999999999998
8,7,Nerlens Noel,0.0,OKC,GS,-11.5,216.5,114.0,23,15.3,25.7,39.5,C,4100,1,15.0,24.0,105,116,11%,3,5,4,18,22,17,25.6,19.6,7.9,31.3,7.3,6.8,1.7,20.3,4.94,18.2,17.0,4.4,19.25,4.67,19.0,4.0,20.73,26.833333333333332,17.223684210526315
9,0,Coby White,0.0,CHI,HOU,6.5,234.0,113.8,2,8.0,16.5,31.8,PG/SG,4300,2,25.0,10.0,110,112,-6%,14,12,12,27,23,24,16.4,20.3,9.7,31.0,27.1,16.3,3.8,23.8,5.52,24.3,25.0,5.7,24.05,5.609999999999999,24.666666666666668,12.666666666666666,20.29,18.766666666666666,24.375
9,1,Damion Lee,0.0,GS,OKC,11.5,216.5,102.5,14,14.5,23.3,30.5,SG/SF,4600,0,23.0,17.0,103,100,-4%,11,10,8,27,27,22,23.3,20.4,8.6,32.3,22.3,19.3,4.2,20.3,4.4,21.1,25.5,4.6,20.700000000000003,4.5,25.333333333333332,9.666666666666666,21.06,22.766666666666666,20.83618421052632
9,2,Darius Bazley,0.0,OKC,GS,-11.5,216.5,114.0,22,1.5,13.6,26.3,SF/PF,3400,1,14.0,8.0,105,116,13%,8,5,5,20,17,18,13.6,12.2,3.3,21.1,17.6,14.8,4.4,15.0,4.41,15.1,19.0,4.4,15.05,4.405,18.333333333333332,6.0,13.05,13.799999999999999,15.59727272727273
9,3,Josh Hart,0.0,NO,CHA,-1.5,229.5,115.5,3,4.5,22.2,41.3,PG/SF,5300,0,17.0,16.0,103,108,-15%,11,9,10,24,27,28,22.4,26.6,14.0,39.1,23.2,26.8,5.1,22.5,4.25,22.1,26.0,4.2,22.3,4.225,26.333333333333332,10.0,24.88,22.666666666666668,22.017721518987344
9,4,Alec Burks,0.0,GS,OKC,11.5,216.5,102.5,29,11.0,25.8,47.0,PG/SG,4500,0,21.0,15.0,103,100,-4%,14,10,10,32,26,25,25.8,23.4,9.0,37.8,36.7,38.8,8.6,24.8,5.5,25.1,30.0,5.6,24.950000000000003,5.55,27.666666666666668,11.333333333333334,24.19,27.933333333333334,27.05421686746988
9,5,Danuel House Jr.,0.0,HOU,CHI,-6.5,234.0,120.3,12,13.3,27.5,35.8,SF/PF,5200,2,14.0,15.0,104,105,13%,13,10,9,38,31,31,27.5,25.5,17.5,33.4,32.5,32.3,6.2,25.5,4.9,24.7,31.0,4.8,25.1,4.85,33.333333333333336,10.666666666666666,25.8,25.53333333333333,23.343
9,6,Bruno Caboclo,0.0,MEM,DAL,5.5,221.5,108.0,26,2.0,10.3,27.3,PF/C,3300,0,17.0,13.0,103,107,-9%,3,4,4,10,11,10,10.3,9.8,-0.1,19.7,9.8,18.0,5.5,19.0,5.76,11.2,13.0,3.4,15.1,4.58,10.333333333333334,3.6666666666666665,10.959999999999999,13.200000000000001,18.996774193548386
9,7,Tim Hardaway Jr.,0.0,DAL,MEM,-5.5,221.5,113.5,27,19.0,20.7,24.8,SG/SF,4000,0,20.0,10.0,109,106,23%,13,12,10,25,24,23,20.7,17.0,11.3,22.7,22.2,24.0,6.0,19.5,4.88,18.6,23.0,4.7,19.05,4.79,24.0,11.666666666666666,18.15,21.5,18.25625
10,0,Terry Rozier,0.0,CHA,NO,1.5,229.5,114.0,24,9.8,31.1,46.8,PG,7000,1,26.0,12.0,110,112,22%,15,16,14,35,35,32,31.1,30.0,18.7,41.3,35.5,33.3,4.8,39.8,5.68,37.2,34.0,5.3,38.5,5.49,34.0,15.0,31.920000000000005,29.233333333333334,38.5
10,1,De'Anthony Melton,0.0,MEM,DAL,5.5,221.5,108.0,23,0.0,9.9,24.5,PG/SG,3000,0,0.0,0.0,103,107,-3%,2,1,1,6,5,5,2.9,2.9,0.3,5.5,20.2,21.3,7.1,7.3,2.42,14.2,16.0,4.7,10.75,3.56,5.333333333333333,1.3333333333333333,4.470000000000001,11.466666666666667,32.25
10,2,P.J. Tucker,0.0,HOU,CHI,-6.5,234.0,120.3,12,10.5,24.8,45.8,SF/PF,5800,2,11.0,14.0,104,105,7%,8,7,8,36,33,34,24.8,27.5,15.7,39.4,32.1,20.3,3.5,23.8,4.09,26.0,34.0,4.5,24.9,4.295,34.333333333333336,7.666666666666667,26.459999999999997,27.03333333333333,24.65825242718446
10,3,Terrance Ferguson,0.0,OKC,GS,-11.5,216.5,114.0,20,0.0,7.2,12.3,SG/SF,3100,1,8.0,5.0,105,116,19%,4,3,3,22,20,22,7.5,9.0,2.5,15.5,20.4,14.0,4.5,12.0,3.87,11.1,23.0,3.6,11.55,3.7350000000000003,21.333333333333332,3.3333333333333335,9.209999999999999,6.5,12.452343750000002
10,4,James Harden,0.0,HOU,CHI,-6.5,234.0,120.3,13,39.0,63.7,79.3,PG/SG,11800,2,42.0,29.0,104,105,-17%,26,26,24,36,35,35,63.8,58.6,43.0,74.2,35.8,75.0,6.4,58.5,4.96,60.8,35.5,5.2,59.65,5.08,35.333333333333336,25.333333333333332,59.85,60.666666666666664,59.9313679245283
10,5,Marko Guduric,0.0,MEM,DAL,5.5,221.5,108.0,1,5.8,12.3,18.0,SG/SF,3100,0,17.0,5.0,103,107,-3%,5,5,5,21,19,18,12.3,11.1,6.0,16.2,28.2,27.8,9.0,14.3,4.6,14.5,18.5,4.7,14.4,4.65,19.333333333333332,5.0,11.999999999999998,12.033333333333333,13.779310344827588
10,6,Bismack Biyombo,0.0,CHA,NO,1.5,229.5,114.0,4,-0.5,11.9,28.0,C,3300,1,20.0,22.0,110,112,-2%,6,3,4,16,12,13,11.9,12.8,2.2,23.5,11.9,8.0,2.4,11.8,3.56,9.6,10.5,2.9,10.7,3.23,13.666666666666666,4.333333333333333,12.220000000000002,13.133333333333333,8.220731707317073
10,7,Cody Martin,0.0,CHA,NO,1.5,229.5,114.0,24,0.0,9.3,19.8,PG/SF,3300,1,10.0,13.0,110,112,4%,3,1,2,25,13,12,9.3,9.1,0.7,17.6,21.1,19.3,5.8,14.5,4.39,9.5,10.5,2.9,12.0,3.6449999999999996,16.666666666666668,2.0,9.74,9.700000000000001,7.56
11,0,Terry Rozier,0.0,CHA,NO,1.5,229.5,114.0,24,9.8,31.1,46.8,PG,7000,1,26.0,12.0,110,112,22%,15,16,14,35,35,32,31.1,30.0,18.7,41.3,35.5,33.3,4.8,39.8,5.68,37.2,34.0,5.3,38.5,5.49,34.0,15.0,31.920000000000005,29.233333333333334,38.5
11,1,Shai Gilgeous-Alexander,0.0,OKC,GS,-11.5,216.5,114.0,19,25.8,34.3,42.0,PG/SG,7100,1,26.0,21.0,105,116,19%,16,16,17,35,35,35,34.3,37.0,28.4,45.7,36.5,21.3,3.0,38.5,5.42,38.4,35.5,5.4,38.45,5.41,35.0,16.333333333333332,36.77,34.03333333333333,38.99928571428572
11,2,Marquese Chriss,0.0,GS,OKC,11.5,216.5,102.5,22,4.8,14.5,18.8,PF/C,3200,0,18.0,16.0,103,100,-18%,5,4,4,13,13,14,14.5,15.1,8.4,21.7,24.5,19.5,6.1,11.5,3.59,16.9,17.0,5.3,14.2,4.445,13.333333333333334,4.333333333333333,14.779999999999998,12.700000000000001,18.105
11,3,Jae Crowder,0.0,MEM,DAL,5.5,221.5,108.0,7,11.0,20.3,32.3,SF/PF,5000,0,16.0,9.0,103,107,11%,8,8,9,29,28,30,20.3,23.1,15.8,30.3,30.6,40.5,8.1,26.8,5.35,25.7,30.0,5.1,26.25,5.225,29.0,8.333333333333334,23.15,21.2,27.155172413793103
11,4,Hamidou Diallo,0.0,OKC,GS,-11.5,216.5,114.0,20,20.0,23.7,31.5,SG/SF,4100,1,21.0,15.0,105,116,19%,7,10,9,27,24,22,23.6,19.8,13.3,26.3,23.2,18.3,4.5,20.5,5.0,21.4,26.0,5.2,20.95,5.1,24.333333333333332,8.666666666666666,20.79,25.066666666666666,22.384931506849316
11,5,Dorian Finney-Smith,0.0,DAL,MEM,-5.5,221.5,113.5,25,8.8,15.7,25.5,SF/PF,3600,0,13.0,11.0,109,106,23%,4,6,6,25,26,26,15.7,17.5,11.9,23.1,24.3,19.8,5.5,22.0,6.11,20.9,28.5,5.8,21.45,5.955,25.666666666666668,5.333333333333333,17.93,16.666666666666668,23.81785714285714
11,6,Derrick Favors,0.0,NO,CHA,-1.5,229.5,115.5,9,5.5,16.7,26.8,PF/C,4200,0,19.0,12.0,103,108,13%,3,5,5,14,18,18,16.4,16.4,8.6,24.3,29.3,32.0,7.6,20.3,4.82,23.5,21.0,5.6,21.9,5.21,16.666666666666668,4.333333333333333,17.52,16.333333333333332,27.593999999999998
11,7,Solomon Hill,0.0,MEM,DAL,5.5,221.5,108.0,7,3.5,12.6,20.5,SF/PF,3100,0,17.0,15.0,103,107,-9%,5,5,5,15,16,18,12.6,14.5,7.1,21.9,14.7,9.8,3.2,14.3,4.6,13.1,18.0,4.2,13.7,4.4,16.333333333333332,5.0,13.959999999999999,12.200000000000001,15.09795918367347
12,0,Austin Rivers,0.0,HOU,CHI,-6.5,234.0,120.3,13,11.8,15.3,22.3,PG/SG,3600,2,14.0,9.0,104,105,-17%,8,6,6,26,22,19,15.3,12.3,6.6,18.1,26.5,15.0,4.2,16.8,4.65,11.3,17.5,3.1,14.05,3.875,22.333333333333332,6.666666666666667,13.270000000000001,16.46666666666667,11.009328358208956
12,1,Zach LaVine,0.0,CHI,HOU,6.5,234.0,113.8,2,22.5,34.0,49.3,PG/SG,7300,2,29.0,18.0,110,112,-6%,14,16,17,32,32,32,34.2,35.7,23.0,48.3,32.1,24.3,3.3,40.8,5.58,39.3,32.0,5.4,40.05,5.49,32.0,15.666666666666666,36.25,35.266666666666666,40.05
12,2,Danuel House Jr.,0.0,HOU,CHI,-6.5,234.0,120.3,12,13.3,27.5,35.8,SF/PF,5200,2,14.0,15.0,104,105,13%,13,10,9,38,31,31,27.5,25.5,17.5,33.4,32.5,32.3,6.2,25.5,4.9,24.7,31.0,4.8,25.1,4.85,33.333333333333336,10.666666666666666,25.8,25.53333333333333,23.343
12,3,Jordan Poole,0.0,GS,OKC,11.5,216.5,102.5,14,9.3,19.1,29.8,SG/SF,4200,0,22.0,5.0,103,100,0%,11,12,11,26,28,26,18.8,17.1,10.7,23.4,35.0,19.8,4.7,20.0,4.76,20.0,29.5,4.8,20.0,4.779999999999999,26.666666666666668,11.333333333333334,18.0,19.400000000000002,22.125
12,4,Alec Burks,0.0,GS,OKC,11.5,216.5,102.5,29,11.0,25.8,47.0,PG/SG,4500,0,21.0,15.0,103,100,-4%,14,10,10,32,26,25,25.8,23.4,9.0,37.8,36.7,38.8,8.6,24.8,5.5,25.1,30.0,5.6,24.950000000000003,5.55,27.666666666666668,11.333333333333334,24.19,27.933333333333334,27.05421686746988
12,5,Tomas Satoransky,0.0,CHI,HOU,6.5,234.0,113.8,2,14.5,28.1,49.8,PG/SF,5700,2,17.0,16.0,110,112,-6%,9,7,7,28,27,26,28.1,23.1,11.2,35.0,24.0,24.3,4.3,26.0,4.56,23.2,27.5,4.1,24.6,4.33,27.0,7.666666666666667,24.4,30.8,25.055555555555557
12,6,Luke Kornet,0.0,CHI,HOU,6.5,234.0,113.8,23,6.3,11.1,18.5,PF/C,3000,2,17.0,10.0,110,112,21%,4,4,4,12,12,12,11.1,9.6,5.2,14.0,5.5,3.3,1.1,13.5,4.5,0.0,0.0,0.0,6.75,2.25,12.0,4.0,9.330000000000002,11.966666666666667,0.0
12,7,E'Twaun Moore,0.0,NO,CHA,-1.5,229.5,115.5,12,8.3,11.9,16.8,SG/SF,3100,0,0.0,0.0,103,108,-15%,6,6,6,16,15,15,13.1,13.1,9.8,16.4,14.2,5.5,1.8,14.0,4.52,10.2,13.0,3.3,12.1,3.9099999999999997,15.333333333333334,6.0,12.899999999999997,12.333333333333334,10.258695652173913
14,0,Dennis Schroder,0.0,OKC,GS,-11.5,216.5,114.0,19,9.8,27.6,41.3,PG/SG,5600,1,26.0,12.0,105,116,8%,11,14,13,29,30,29,27.6,27.9,15.1,40.7,33.2,35.5,6.3,29.8,5.31,28.0,28.5,5.0,28.9,5.154999999999999,29.333333333333332,12.666666666666666,28.04,26.233333333333334,28.078977272727272
14,1,Alec Burks,0.0,GS,OKC,11.5,216.5,102.5,29,11.0,25.8,47.0,PG/SG,4500,0,21.0,15.0,103,100,-4%,14,10,10,32,26,25,25.8,23.4,9.0,37.8,36.7,38.8,8.6,24.8,5.5,25.1,30.0,5.6,24.950000000000003,5.55,27.666666666666668,11.333333333333334,24.19,27.933333333333334,27.05421686746988
14,2,Miles Bridges,0.0,CHA,NO,1.5,229.5,114.0,2,13.0,24.4,36.5,SF/PF,6100,1,18.0,11.0,110,112,5%,12,11,11,38,35,34,24.0,25.2,18.0,32.3,25.0,28.0,4.6,31.5,5.16,30.2,34.0,5.0,30.85,5.08,35.666666666666664,11.333333333333334,26.07,24.633333333333336,29.408411214953272
14,3,Tim Hardaway Jr.,0.0,DAL,MEM,-5.5,221.5,113.5,27,19.0,20.7,24.8,SG/SF,4000,0,20.0,10.0,109,106,23%,13,12,10,25,24,23,20.7,17.0,11.3,22.7,22.2,24.0,6.0,19.5,4.88,18.6,23.0,4.7,19.05,4.79,24.0,11.666666666666666,18.15,21.5,18.25625
14,4,Marko Guduric,0.0,MEM,DAL,5.5,221.5,108.0,1,5.8,12.3,18.0,SG/SF,3100,0,17.0,5.0,103,107,-3%,5,5,5,21,19,18,12.3,11.1,6.0,16.2,28.2,27.8,9.0,14.3,4.6,14.5,18.5,4.7,14.4,4.65,19.333333333333332,5.0,11.999999999999998,12.033333333333333,13.779310344827588
14,5,Marvin Williams,0.0,CHA,NO,1.5,229.5,114.0,2,4.8,14.0,19.8,SF/PF,3300,1,15.0,15.0,110,112,4%,6,5,5,17,19,18,13.9,12.9,5.0,20.8,16.3,4.8,1.5,17.3,5.23,14.7,17.0,4.5,16.0,4.865,18.0,5.333333333333333,13.719999999999999,12.866666666666667,15.11111111111111
14,6,Lauri Markkanen,0.0,CHI,HOU,6.5,234.0,113.8,23,14.3,26.7,36.3,PF/C,6300,2,23.0,15.0,110,112,21%,10,10,12,32,29,30,26.6,30.9,17.0,44.9,33.0,25.0,4.0,38.3,6.07,34.4,30.0,5.5,36.349999999999994,5.785,30.333333333333332,10.666666666666666,31.15,25.766666666666666,35.95054945054945
14,7,P.J. Tucker,0.0,HOU,CHI,-6.5,234.0,120.3,12,10.5,24.8,45.8,SF/PF,5800,2,11.0,14.0,104,105,7%,8,7,8,36,33,34,24.8,27.5,15.7,39.4,32.1,20.3,3.5,23.8,4.09,26.0,34.0,4.5,24.9,4.295,34.333333333333336,7.666666666666667,26.459999999999997,27.03333333333333,24.65825242718446
15,0,Cody Martin,0.0,CHA,NO,1.5,229.5,114.0,24,0.0,9.3,19.8,PG/SF,3300,1,10.0,13.0,110,112,4%,3,1,2,25,13,12,9.3,9.1,0.7,17.6,21.1,19.3,5.8,14.5,4.39,9.5,10.5,2.9,12.0,3.6449999999999996,16.666666666666668,2.0,9.74,9.700000000000001,7.56
15,1,Terrance Ferguson,0.0,OKC,GS,-11.5,216.5,114.0,20,0.0,7.2,12.3,SG/SF,3100,1,8.0,5.0,105,116,19%,4,3,3,22,20,22,7.5,9.0,2.5,15.5,20.4,14.0,4.5,12.0,3.87,11.1,23.0,3.6,11.55,3.7350000000000003,21.333333333333332,3.3333333333333335,9.209999999999999,6.5,12.452343750000002
15,2,Luke Kornet,0.0,CHI,HOU,6.5,234.0,113.8,23,6.3,11.1,18.5,PF/C,3000,2,17.0,10.0,110,112,21%,4,4,4,12,12,12,11.1,9.6,5.2,14.0,5.5,3.3,1.1,13.5,4.5,0.0,0.0,0.0,6.75,2.25,12.0,4.0,9.330000000000002,11.966666666666667,0.0
15,3,Jordan Poole,0.0,GS,OKC,11.5,216.5,102.5,14,9.3,19.1,29.8,SG/SF,4200,0,22.0,5.0,103,100,0%,11,12,11,26,28,26,18.8,17.1,10.7,23.4,35.0,19.8,4.7,20.0,4.76,20.0,29.5,4.8,20.0,4.779999999999999,26.666666666666668,11.333333333333334,18.0,19.400000000000002,22.125
15,4,Chris Paul,0.0,OKC,GS,-11.5,216.5,114.0,19,28.5,34.3,38.5,PG,6800,1,24.0,19.0,105,116,8%,15,12,11,32,32,30,34.5,30.6,20.7,40.5,30.6,40.3,5.9,38.3,5.63,33.7,31.0,5.0,36.0,5.3149999999999995,31.333333333333332,12.666666666666666,32.46,33.766666666666666,35.61702127659575
15,5,Dorian Finney-Smith,0.0,DAL,MEM,-5.5,221.5,113.5,25,8.8,15.7,25.5,SF/PF,3600,0,13.0,11.0,109,106,23%,4,6,6,25,26,26,15.7,17.5,11.9,23.1,24.3,19.8,5.5,22.0,6.11,20.9,28.5,5.8,21.45,5.955,25.666666666666668,5.333333333333333,17.93,16.666666666666668,23.81785714285714
15,6,Bruno Caboclo,0.0,MEM,DAL,5.5,221.5,108.0,26,2.0,10.3,27.3,PF/C,3300,0,17.0,13.0,103,107,-9%,3,4,4,10,11,10,10.3,9.8,-0.1,19.7,9.8,18.0,5.5,19.0,5.76,11.2,13.0,3.4,15.1,4.58,10.333333333333334,3.6666666666666665,10.959999999999999,13.200000000000001,18.996774193548386
15,7,Lauri Markkanen,0.0,CHI,HOU,6.5,234.0,113.8,23,14.3,26.7,36.3,PF/C,6300,2,23.0,15.0,110,112,21%,10,10,12,32,29,30,26.6,30.9,17.0,44.9,33.0,25.0,4.0,38.3,6.07,34.4,30.0,5.5,36.349999999999994,5.785,30.333333333333332,10.666666666666666,31.15,25.766666666666666,35.95054945054945
16,0,Dennis Schroder,0.0,OKC,GS,-11.5,216.5,114.0,19,9.8,27.6,41.3,PG/SG,5600,1,26.0,12.0,105,116,8%,11,14,13,29,30,29,27.6,27.9,15.1,40.7,33.2,35.5,6.3,29.8,5.31,28.0,28.5,5.0,28.9,5.154999999999999,29.333333333333332,12.666666666666666,28.04,26.233333333333334,28.078977272727272
16,1,Tim Hardaway Jr.,0.0,DAL,MEM,-5.5,221.5,113.5,27,19.0,20.7,24.8,SG/SF,4000,0,20.0,10.0,109,106,23%,13,12,10,25,24,23,20.7,17.0,11.3,22.7,22.2,24.0,6.0,19.5,4.88,18.6,23.0,4.7,19.05,4.79,24.0,11.666666666666666,18.15,21.5,18.25625
16,2,Darius Bazley,0.0,OKC,GS,-11.5,216.5,114.0,22,1.5,13.6,26.3,SF/PF,3400,1,14.0,8.0,105,116,13%,8,5,5,20,17,18,13.6,12.2,3.3,21.1,17.6,14.8,4.4,15.0,4.41,15.1,19.0,4.4,15.05,4.405,18.333333333333332,6.0,13.05,13.799999999999999,15.59727272727273
16,3,Marko Guduric,0.0,MEM,DAL,5.5,221.5,108.0,1,5.8,12.3,18.0,SG/SF,3100,0,17.0,5.0,103,107,-3%,5,5,5,21,19,18,12.3,11.1,6.0,16.2,28.2,27.8,9.0,14.3,4.6,14.5,18.5,4.7,14.4,4.65,19.333333333333332,5.0,11.999999999999998,12.033333333333333,13.779310344827588
16,4,Luka Doncic,0.0,DAL,MEM,-5.5,221.5,113.5,5,27.0,57.5,73.8,PG/SG,9600,0,34.0,27.0,109,106,11%,24,20,20,36,35,36,58.4,58.7,41.9,75.5,28.7,59.0,6.1,55.5,5.78,56.1,35.0,5.8,55.8,5.79,35.666666666666664,21.333333333333332,58.06,52.76666666666667,54.757009345794394
16,5,Danuel House Jr.,0.0,HOU,CHI,-6.5,234.0,120.3,12,13.3,27.5,35.8,SF/PF,5200,2,14.0,15.0,104,105,13%,13,10,9,38,31,31,27.5,25.5,17.5,33.4,32.5,32.3,6.2,25.5,4.9,24.7,31.0,4.8,25.1,4.85,33.333333333333336,10.666666666666666,25.8,25.53333333333333,23.343
16,6,Jaxson Hayes,0.0,NO,CHA,-1.5,229.5,115.5,1,7.0,15.9,28.3,C,3100,0,18.0,19.0,103,108,13%,3,5,5,16,16,16,15.8,15.8,8.1,23.6,18.1,14.3,4.6,14.5,4.68,9.9,10.5,3.2,12.2,3.94,16.0,4.333333333333333,15.1,17.066666666666666,8.00625
16,7,Chandler Hutchison,0.0,CHI,HOU,6.5,234.0,113.8,9,8.8,20.6,33.5,SF/PF,3200,2,0.0,0.0,110,112,18%,4,4,4,17,17,17,11.9,11.9,7.5,16.3,23.2,26.0,8.1,17.3,5.39,18.2,24.5,5.7,17.75,5.545,17.0,4.0,13.069999999999999,20.96666666666667,25.580882352941178
18,0,Jalen Brunson,0.0,DAL,MEM,-5.5,221.5,113.5,5,4.8,15.9,28.0,PG/SG,3700,0,21.0,12.0,109,106,11%,4,7,8,11,17,20,15.8,17.3,7.6,26.9,18.8,24.0,6.5,16.8,4.53,18.2,20.0,4.9,17.5,4.715,16.0,6.333333333333333,17.02,16.233333333333334,21.875
18,1,James Harden,0.0,HOU,CHI,-6.5,234.0,120.3,13,39.0,63.7,79.3,PG/SG,11800,2,42.0,29.0,104,105,-17%,26,26,24,36,35,35,63.8,58.6,43.0,74.2,35.8,75.0,6.4,58.5,4.96,60.8,35.5,5.2,59.65,5.08,35.333333333333336,25.333333333333332,59.85,60.666666666666664,59.9313679245283
18,2,Kyle Anderson,0.0,MEM,DAL,5.5,221.5,108.0,7,8.3,15.0,19.8,SF/PF,3800,0,15.0,16.0,103,107,-9%,4,6,6,20,20,21,15.0,18.2,11.4,25.0,26.5,26.8,7.1,22.5,5.92,21.5,24.5,5.7,22.0,5.8100000000000005,20.333333333333332,5.333333333333333,18.32,14.366666666666667,26.508196721311478
18,3,Ben McLemore,0.0,HOU,CHI,-6.5,234.0,120.3,8,4.8,12.2,19.5,SG/SF,3300,2,15.0,8.0,104,105,-6%,9,6,5,25,20,15,12.2,8.6,1.0,16.2,15.3,6.0,1.8,14.8,4.47,9.0,13.0,2.7,11.9,3.585,20.0,6.666666666666667,9.98,12.166666666666666,7.734999999999999
18,4,Josh Hart,0.0,NO,CHA,-1.5,229.5,115.5,3,4.5,22.2,41.3,PG/SF,5300,0,17.0,16.0,103,108,-15%,11,9,10,24,27,28,22.4,26.6,14.0,39.1,23.2,26.8,5.1,22.5,4.25,22.1,26.0,4.2,22.3,4.225,26.333333333333332,10.0,24.88,22.666666666666668,22.017721518987344
18,5,Tim Hardaway Jr.,0.0,DAL,MEM,-5.5,221.5,113.5,27,19.0,20.7,24.8,SG/SF,4000,0,20.0,10.0,109,106,23%,13,12,10,25,24,23,20.7,17.0,11.3,22.7,22.2,24.0,6.0,19.5,4.88,18.6,23.0,4.7,19.05,4.79,24.0,11.666666666666666,18.15,21.5,18.25625
18,6,Jaxson Hayes,0.0,NO,CHA,-1.5,229.5,115.5,1,7.0,15.9,28.3,C,3100,0,18.0,19.0,103,108,13%,3,5,5,16,16,16,15.8,15.8,8.1,23.6,18.1,14.3,4.6,14.5,4.68,9.9,10.5,3.2,12.2,3.94,16.0,4.333333333333333,15.1,17.066666666666666,8.00625
18,7,JJ Redick,0.0,NO,CHA,-1.5,229.5,115.5,12,5.8,15.6,26.3,SG/SF,4000,0,19.0,9.0,103,108,14%,5,7,8,19,21,23,16.0,15.4,8.3,22.5,28.6,36.8,9.2,18.5,4.63,20.7,26.5,5.2,19.6,4.915,21.0,6.666666666666667,16.360000000000003,15.9,24.733333333333334
20,0,Cody Martin,0.0,CHA,NO,1.5,229.5,114.0,24,0.0,9.3,19.8,PG/SF,3300,1,10.0,13.0,110,112,4%,3,1,2,25,13,12,9.3,9.1,0.7,17.6,21.1,19.3,5.8,14.5,4.39,9.5,10.5,2.9,12.0,3.6449999999999996,16.666666666666668,2.0,9.74,9.700000000000001,7.56
20,1,Austin Rivers,0.0,HOU,CHI,-6.5,234.0,120.3,13,11.8,15.3,22.3,PG/SG,3600,2,14.0,9.0,104,105,-17%,8,6,6,26,22,19,15.3,12.3,6.6,18.1,26.5,15.0,4.2,16.8,4.65,11.3,17.5,3.1,14.05,3.875,22.333333333333332,6.666666666666667,13.270000000000001,16.46666666666667,11.009328358208956
20,2,Wendell Carter Jr.,0.0,CHI,HOU,6.5,234.0,113.8,23,7.5,26.6,36.0,PF/C,5500,2,18.0,18.0,110,112,21%,6,8,9,22,26,27,26.6,27.8,17.4,38.2,29.0,41.5,7.5,27.0,4.91,29.9,28.5,5.4,28.45,5.155,25.0,7.666666666666667,27.689999999999998,23.366666666666664,32.433
20,3,Josh Hart,0.0,NO,CHA,-1.5,229.5,115.5,3,4.5,22.2,41.3,PG/SF,5300,0,17.0,16.0,103,108,-15%,11,9,10,24,27,28,22.4,26.6,14.0,39.1,23.2,26.8,5.1,22.5,4.25,22.1,26.0,4.2,22.3,4.225,26.333333333333332,10.0,24.88,22.666666666666668,22.017721518987344
20,4,Dennis Schroder,0.0,OKC,GS,-11.5,216.5,114.0,19,9.8,27.6,41.3,PG/SG,5600,1,26.0,12.0,105,116,8%,11,14,13,29,30,29,27.6,27.9,15.1,40.7,33.2,35.5,6.3,29.8,5.31,28.0,28.5,5.0,28.9,5.154999999999999,29.333333333333332,12.666666666666666,28.04,26.233333333333334,28.078977272727272
20,5,Dillon Brooks,0.0,MEM,DAL,5.5,221.5,108.0,1,13.5,26.0,40.0,SG/SF,5900,0,21.0,14.0,103,107,-9%,12,12,12,26,26,27,26.0,24.4,15.1,33.6,19.8,16.8,2.8,23.0,3.9,27.5,31.5,4.7,25.25,4.3,26.333333333333332,12.0,24.869999999999997,26.5,30.204113924050635
20,6,Nerlens Noel,0.0,OKC,GS,-11.5,216.5,114.0,23,15.3,25.7,39.5,C,4100,1,15.0,24.0,105,116,11%,3,5,4,18,22,17,25.6,19.6,7.9,31.3,7.3,6.8,1.7,20.3,4.94,18.2,17.0,4.4,19.25,4.67,19.0,4.0,20.73,26.833333333333332,17.223684210526315
20,7,Darius Bazley,0.0,OKC,GS,-11.5,216.5,114.0,22,1.5,13.6,26.3,SF/PF,3400,1,14.0,8.0,105,116,13%,8,5,5,20,17,18,13.6,12.2,3.3,21.1,17.6,14.8,4.4,15.0,4.41,15.1,19.0,4.4,15.05,4.405,18.333333333333332,6.0,13.05,13.799999999999999,15.59727272727273
21,0,Dennis Schroder,0.0,OKC,GS,-11.5,216.5,114.0,19,9.8,27.6,41.3,PG/SG,5600,1,26.0,12.0,105,116,8%,11,14,13,29,30,29,27.6,27.9,15.1,40.7,33.2,35.5,6.3,29.8,5.31,28.0,28.5,5.0,28.9,5.154999999999999,29.333333333333332,12.666666666666666,28.04,26.233333333333334,28.078977272727272
21,1,Dillon Brooks,0.0,MEM,DAL,5.5,221.5,108.0,1,13.5,26.0,40.0,SG/SF,5900,0,21.0,14.0,103,107,-9%,12,12,12,26,26,27,26.0,24.4,15.1,33.6,19.8,16.8,2.8,23.0,3.9,27.5,31.5,4.7,25.25,4.3,26.333333333333332,12.0,24.869999999999997,26.5,30.204113924050635
21,2,Lauri Markkanen,0.0,CHI,HOU,6.5,234.0,113.8,23,14.3,26.7,36.3,PF/C,6300,2,23.0,15.0,110,112,21%,10,10,12,32,29,30,26.6,30.9,17.0,44.9,33.0,25.0,4.0,38.3,6.07,34.4,30.0,5.5,36.349999999999994,5.785,30.333333333333332,10.666666666666666,31.15,25.766666666666666,35.95054945054945
21,3,Marko Guduric,0.0,MEM,DAL,5.5,221.5,108.0,1,5.8,12.3,18.0,SG/SF,3100,0,17.0,5.0,103,107,-3%,5,5,5,21,19,18,12.3,11.1,6.0,16.2,28.2,27.8,9.0,14.3,4.6,14.5,18.5,4.7,14.4,4.65,19.333333333333332,5.0,11.999999999999998,12.033333333333333,13.779310344827588
21,4,Malik Monk,0.0,CHA,NO,1.5,229.5,114.0,24,6.0,16.5,27.5,PG/SG,3400,1,20.0,8.0,110,112,13%,6,8,7,18,20,19,16.5,12.8,4.5,21.2,19.2,12.5,3.7,20.8,6.1,17.7,19.0,5.2,19.25,5.65,19.0,7.0,14.85,16.666666666666668,19.25
21,5,PJ Washington,0.0,CHA,NO,1.5,229.5,114.0,29,23.8,27.4,38.5,PF/C,6000,1,17.0,16.0,110,112,4%,9,9,10,26,30,32,27.8,28.1,21.2,35.0,24.9,24.8,4.1,29.8,4.96,29.3,31.0,4.9,29.55,4.93,29.333333333333332,9.333333333333334,28.330000000000002,29.900000000000002,31.228977272727278
21,6,Marquese Chriss,0.0,GS,OKC,11.5,216.5,102.5,22,4.8,14.5,18.8,PF/C,3200,0,18.0,16.0,103,100,-18%,5,4,4,13,13,14,14.5,15.1,8.4,21.7,24.5,19.5,6.1,11.5,3.59,16.9,17.0,5.3,14.2,4.445,13.333333333333334,4.333333333333333,14.779999999999998,12.700000000000001,18.105
21,7,Nerlens Noel,0.0,OKC,GS,-11.5,216.5,114.0,23,15.3,25.7,39.5,C,4100,1,15.0,24.0,105,116,11%,3,5,4,18,22,17,25.6,19.6,7.9,31.3,7.3,6.8,1.7,20.3,4.94,18.2,17.0,4.4,19.25,4.67,19.0,4.0,20.73,26.833333333333332,17.223684210526315
23,0,Russell Westbrook,0.0,HOU,CHI,-6.5,234.0,120.3,13,25.0,45.6,57.3,PG,9000,2,31.0,22.0,104,105,-17%,15,17,17,28,33,33,45.9,50.9,36.8,64.9,31.8,36.3,4.0,48.3,5.36,51.0,34.0,5.7,49.65,5.53,31.333333333333332,16.333333333333332,49.63,42.63333333333333,53.875531914893614
23,1,Frank Jackson,0.0,NO,CHA,-1.5,229.5,115.5,3,13.0,19.8,28.3,PG/SG,3400,0,25.0,14.0,103,108,1%,11,11,10,22,22,19,19.8,17.4,11.8,23.0,13.5,7.5,2.2,16.5,4.85,18.7,22.5,5.5,17.6,5.175,21.0,10.666666666666666,17.919999999999998,20.366666666666664,18.857142857142858
23,2,PJ Washington,0.0,CHA,NO,1.5,229.5,114.0,29,23.8,27.4,38.5,PF/C,6000,1,17.0,16.0,110,112,4%,9,9,10,26,30,32,27.8,28.1,21.2,35.0,24.9,24.8,4.1,29.8,4.96,29.3,31.0,4.9,29.55,4.93,29.333333333333332,9.333333333333334,28.330000000000002,29.900000000000002,31.228977272727278
23,3,Jordan Poole,0.0,GS,OKC,11.5,216.5,102.5,14,9.3,19.1,29.8,SG/SF,4200,0,22.0,5.0,103,100,0%,11,12,11,26,28,26,18.8,17.1,10.7,23.4,35.0,19.8,4.7,20.0,4.76,20.0,29.5,4.8,20.0,4.779999999999999,26.666666666666668,11.333333333333334,18.0,19.400000000000002,22.125
23,4,Cody Martin,0.0,CHA,NO,1.5,229.5,114.0,24,0.0,9.3,19.8,PG/SF,3300,1,10.0,13.0,110,112,4%,3,1,2,25,13,12,9.3,9.1,0.7,17.6,21.1,19.3,5.8,14.5,4.39,9.5,10.5,2.9,12.0,3.6449999999999996,16.666666666666668,2.0,9.74,9.700000000000001,7.56
23,5,Dorian Finney-Smith,0.0,DAL,MEM,-5.5,221.5,113.5,25,8.8,15.7,25.5,SF/PF,3600,0,13.0,11.0,109,106,23%,4,6,6,25,26,26,15.7,17.5,11.9,23.1,24.3,19.8,5.5,22.0,6.11,20.9,28.5,5.8,21.45,5.955,25.666666666666668,5.333333333333333,17.93,16.666666666666668,23.81785714285714
23,6,Willie Cauley-Stein,0.0,GS,OKC,11.5,216.5,102.5,21,12.0,18.5,25.0,C,3900,0,17.0,21.0,103,100,8%,6,6,6,22,20,19,18.5,19.0,14.1,24.0,23.5,22.0,5.6,23.5,6.03,20.8,20.5,5.3,22.15,5.665,20.333333333333332,6.0,19.55,18.5,22.33155737704918
23,7,Jrue Holiday,0.0,NO,CHA,-1.5,229.5,115.5,3,29.0,35.8,41.3,PG/SG,7700,0,22.0,12.0,103,108,1%,15,15,15,32,33,34,35.8,34.6,29.0,40.3,36.3,40.3,5.2,40.0,5.19,39.0,34.0,5.1,39.5,5.145,33.0,15.0,35.839999999999996,35.36666666666667,40.696969696969695
24,0,Tomas Satoransky,0.0,CHI,HOU,6.5,234.0,113.8,2,14.5,28.1,49.8,PG/SF,5700,2,17.0,16.0,110,112,-6%,9,7,7,28,27,26,28.1,23.1,11.2,35.0,24.0,24.3,4.3,26.0,4.56,23.2,27.5,4.1,24.6,4.33,27.0,7.666666666666667,24.4,30.8,25.055555555555557
24,1,Seth Curry,0.0,DAL,MEM,-5.5,221.5,113.5,5,2.0,12.4,21.8,PG/SG,3400,0,17.0,16.0,109,106,-4%,1,4,5,10,18,19,12.3,13.8,6.7,20.9,24.8,19.3,5.7,15.3,4.49,15.1,20.0,4.4,15.2,4.445,15.666666666666666,3.3333333333333335,13.780000000000001,12.066666666666668,19.404255319148934
24,2,Lauri Markkanen,0.0,CHI,HOU,6.5,234.0,113.8,23,14.3,26.7,36.3,PF/C,6300,2,23.0,15.0,110,112,21%,10,10,12,32,29,30,26.6,30.9,17.0,44.9,33.0,25.0,4.0,38.3,6.07,34.4,30.0,5.5,36.349999999999994,5.785,30.333333333333332,10.666666666666666,31.15,25.766666666666666,35.95054945054945
24,3,P.J. Tucker,0.0,HOU,CHI,-6.5,234.0,120.3,12,10.5,24.8,45.8,SF/PF,5800,2,11.0,14.0,104,105,7%,8,7,8,36,33,34,24.8,27.5,15.7,39.4,32.1,20.3,3.5,23.8,4.09,26.0,34.0,4.5,24.9,4.295,34.333333333333336,7.666666666666667,26.459999999999997,27.03333333333333,24.65825242718446
24,4,Tyus Jones,0.0,MEM,DAL,5.5,221.5,108.0,23,7.0,18.2,27.8,PG/SG,3900,0,20.0,12.0,103,107,-3%,7,7,8,21,21,21,18.2,18.5,10.9,26.1,27.8,30.0,7.7,25.8,6.6,28.0,30.0,7.2,26.9,6.9,21.0,7.333333333333333,20.119999999999997,17.666666666666668,38.42857142857142
24,5,Kenrich Williams,0.0,NO,CHA,-1.5,229.5,115.5,30,1.5,13.0,36.0,SF/PF,3200,0,12.0,14.0,103,108,13%,3,4,4,9,13,17,13.0,15.1,4.6,25.6,28.3,33.3,10.4,6.3,1.95,15.6,19.0,4.9,10.95,3.4250000000000003,13.0,3.6666666666666665,13.85,16.833333333333332,16.00384615384615
24,6,Derrick Favors,0.0,NO,CHA,-1.5,229.5,115.5,9,5.5,16.7,26.8,PF/C,4200,0,19.0,12.0,103,108,13%,3,5,5,14,18,18,16.4,16.4,8.6,24.3,29.3,32.0,7.6,20.3,4.82,23.5,21.0,5.6,21.9,5.21,16.666666666666668,4.333333333333333,17.52,16.333333333333332,27.593999999999998
24,7,D'Angelo Russell,0.0,GS,OKC,11.5,216.5,102.5,29,9.3,43.5,82.8,PG/SG,8500,0,31.0,16.0,103,100,0%,31,21,20,37,32,32,43.5,41.9,17.7,66.1,34.2,48.3,5.7,41.8,4.91,42.1,33.5,5.0,41.95,4.955,33.666666666666664,24.0,42.23,45.199999999999996,41.74232673267328
25,0,De'Anthony Melton,0.0,MEM,DAL,5.5,221.5,108.0,23,0.0,9.9,24.5,PG/SG,3000,0,0.0,0.0,103,107,-3%,2,1,1,6,5,5,2.9,2.9,0.3,5.5,20.2,21.3,7.1,7.3,2.42,14.2,16.0,4.7,10.75,3.56,5.333333333333333,1.3333333333333333,4.470000000000001,11.466666666666667,32.25
25,1,Luka Doncic,0.0,DAL,MEM,-5.5,221.5,113.5,5,27.0,57.5,73.8,PG/SG,9600,0,34.0,27.0,109,106,11%,24,20,20,36,35,36,58.4,58.7,41.9,75.5,28.7,59.0,6.1,55.5,5.78,56.1,35.0,5.8,55.8,5.79,35.666666666666664,21.333333333333332,58.06,52.76666666666667,54.757009345794394
25,2,Dorian Finney-Smith,0.0,DAL,MEM,-5.5,221.5,113.5,25,8.8,15.7,25.5,SF/PF,3600,0,13.0,11.0,109,106,23%,4,6,6,25,26,26,15.7,17.5,11.9,23.1,24.3,19.8,5.5,22.0,6.11,20.9,28.5,5.8,21.45,5.955,25.666666666666668,5.333333333333333,17.93,16.666666666666668,23.81785714285714
25,3,Danilo Gallinari,0.0,OKC,GS,-11.5,216.5,114.0,22,25.0,29.4,40.8,SF/PF,6400,1,23.0,21.0,105,116,-10%,14,14,13,29,31,29,28.9,29.3,23.4,35.1,30.4,33.3,5.2,32.5,5.08,32.5,30.0,5.1,32.5,5.09,29.666666666666668,13.666666666666666,29.840000000000003,31.73333333333333,32.865168539325836
25,4,Josh Hart,0.0,NO,CHA,-1.5,229.5,115.5,3,4.5,22.2,41.3,PG/SF,5300,0,17.0,16.0,103,108,-15%,11,9,10,24,27,28,22.4,26.6,14.0,39.1,23.2,26.8,5.1,22.5,4.25,22.1,26.0,4.2,22.3,4.225,26.333333333333332,10.0,24.88,22.666666666666668,22.017721518987344
25,5,Maxi Kleber,0.0,DAL,MEM,-5.5,221.5,113.5,6,17.3,23.7,32.3,PF/C,4100,0,15.0,13.0,109,106,-5%,6,9,7,25,27,27,23.6,22.6,16.6,28.7,23.6,21.0,5.1,25.0,6.1,26.0,29.5,6.3,25.5,6.199999999999999,26.333333333333332,7.333333333333333,23.4,24.433333333333334,28.56645569620253
25,6,Bruno Caboclo,0.0,MEM,DAL,5.5,221.5,108.0,26,2.0,10.3,27.3,PF/C,3300,0,17.0,13.0,103,107,-9%,3,4,4,10,11,10,10.3,9.8,-0.1,19.7,9.8,18.0,5.5,19.0,5.76,11.2,13.0,3.4,15.1,4.58,10.333333333333334,3.6666666666666665,10.959999999999999,13.200000000000001,18.996774193548386
25,7,Coby White,0.0,CHI,HOU,6.5,234.0,113.8,2,8.0,16.5,31.8,PG/SG,4300,2,25.0,10.0,110,112,-6%,14,12,12,27,23,24,16.4,20.3,9.7,31.0,27.1,16.3,3.8,23.8,5.52,24.3,25.0,5.7,24.05,5.609999999999999,24.666666666666668,12.666666666666666,20.29,18.766666666666666,24.375
26,0,Zach LaVine,0.0,CHI,HOU,6.5,234.0,113.8,2,22.5,34.0,49.3,PG/SG,7300,2,29.0,18.0,110,112,-6%,14,16,17,32,32,32,34.2,35.7,23.0,48.3,32.1,24.3,3.3,40.8,5.58,39.3,32.0,5.4,40.05,5.49,32.0,15.666666666666666,36.25,35.266666666666666,40.05
26,1,Coby White,0.0,CHI,HOU,6.5,234.0,113.8,2,8.0,16.5,31.8,PG/SG,4300,2,25.0,10.0,110,112,-6%,14,12,12,27,23,24,16.4,20.3,9.7,31.0,27.1,16.3,3.8,23.8,5.52,24.3,25.0,5.7,24.05,5.609999999999999,24.666666666666668,12.666666666666666,20.29,18.766666666666666,24.375
26,2,Thaddeus Young,0.0,CHI,HOU,6.5,234.0,113.8,9,9.3,21.2,30.8,SF/PF,4200,2,21.0,13.0,110,112,21%,6,9,9,18,23,22,21.1,19.6,11.6,27.5,23.7,25.8,6.1,27.3,6.49,25.2,25.0,6.0,26.25,6.245,21.0,8.0,21.21,20.433333333333334,31.25
26,3,Brandon Ingram,0.0,NO,CHA,-1.5,229.5,115.5,30,15.0,41.1,57.0,SF/PF,8000,0,29.0,27.0,103,108,14%,25,18,19,34,30,32,40.6,44.3,29.3,59.2,35.6,42.3,5.3,39.0,4.88,43.4,33.5,5.4,41.2,5.140000000000001,32.0,20.666666666666668,42.92,37.699999999999996,43.13125
26,4,E'Twaun Moore,0.0,NO,CHA,-1.5,229.5,115.5,12,8.3,11.9,16.8,SG/SF,3100,0,0.0,0.0,103,108,-15%,6,6,6,16,15,15,13.1,13.1,9.8,16.4,14.2,5.5,1.8,14.0,4.52,10.2,13.0,3.3,12.1,3.9099999999999997,15.333333333333334,6.0,12.899999999999997,12.333333333333334,10.258695652173913
26,5,Danilo Gallinari,0.0,OKC,GS,-11.5,216.5,114.0,22,25.0,29.4,40.8,SF/PF,6400,1,23.0,21.0,105,116,-10%,14,14,13,29,31,29,28.9,29.3,23.4,35.1,30.4,33.3,5.2,32.5,5.08,32.5,30.0,5.1,32.5,5.09,29.666666666666668,13.666666666666666,29.840000000000003,31.73333333333333,32.865168539325836
26,6,Luke Kornet,0.0,CHI,HOU,6.5,234.0,113.8,23,6.3,11.1,18.5,PF/C,3000,2,17.0,10.0,110,112,21%,4,4,4,12,12,12,11.1,9.6,5.2,14.0,5.5,3.3,1.1,13.5,4.5,0.0,0.0,0.0,6.75,2.25,12.0,4.0,9.330000000000002,11.966666666666667,0.0
26,7,Wendell Carter Jr.,0.0,CHI,HOU,6.5,234.0,113.8,23,7.5,26.6,36.0,PF/C,5500,2,18.0,18.0,110,112,21%,6,8,9,22,26,27,26.6,27.8,17.4,38.2,29.0,41.5,7.5,27.0,4.91,29.9,28.5,5.4,28.45,5.155,25.0,7.666666666666667,27.689999999999998,23.366666666666664,32.433
27,0,Frank Jackson,0.0,NO,CHA,-1.5,229.5,115.5,3,13.0,19.8,28.3,PG/SG,3400,0,25.0,14.0,103,108,1%,11,11,10,22,22,19,19.8,17.4,11.8,23.0,13.5,7.5,2.2,16.5,4.85,18.7,22.5,5.5,17.6,5.175,21.0,10.666666666666666,17.919999999999998,20.366666666666664,18.857142857142858
27,1,Alec Burks,0.0,GS,OKC,11.5,216.5,102.5,29,11.0,25.8,47.0,PG/SG,4500,0,21.0,15.0,103,100,-4%,14,10,10,32,26,25,25.8,23.4,9.0,37.8,36.7,38.8,8.6,24.8,5.5,25.1,30.0,5.6,24.950000000000003,5.55,27.666666666666668,11.333333333333334,24.19,27.933333333333334,27.05421686746988
27,2,PJ Washington,0.0,CHA,NO,1.5,229.5,114.0,29,23.8,27.4,38.5,PF/C,6000,1,17.0,16.0,110,112,4%,9,9,10,26,30,32,27.8,28.1,21.2,35.0,24.9,24.8,4.1,29.8,4.96,29.3,31.0,4.9,29.55,4.93,29.333333333333332,9.333333333333334,28.330000000000002,29.900000000000002,31.228977272727278
27,3,Danuel House Jr.,0.0,HOU,CHI,-6.5,234.0,120.3,12,13.3,27.5,35.8,SF/PF,5200,2,14.0,15.0,104,105,13%,13,10,9,38,31,31,27.5,25.5,17.5,33.4,32.5,32.3,6.2,25.5,4.9,24.7,31.0,4.8,25.1,4.85,33.333333333333336,10.666666666666666,25.8,25.53333333333333,23.343
27,4,Devonte' Graham,0.0,CHA,NO,1.5,229.5,114.0,24,18.0,35.8,56.0,PG/SG,6700,1,25.0,20.0,110,112,22%,18,12,12,36,33,31,35.8,34.5,22.4,46.6,31.1,50.8,7.6,32.8,4.89,33.4,31.0,5.0,33.099999999999994,4.945,33.333333333333336,14.0,34.480000000000004,36.6,30.782999999999994
27,5,Darius Bazley,0.0,OKC,GS,-11.5,216.5,114.0,22,1.5,13.6,26.3,SF/PF,3400,1,14.0,8.0,105,116,13%,8,5,5,20,17,18,13.6,12.2,3.3,21.1,17.6,14.8,4.4,15.0,4.41,15.1,19.0,4.4,15.05,4.405,18.333333333333332,6.0,13.05,13.799999999999999,15.59727272727273
27,6,Clint Capela,0.0,HOU,CHI,-6.5,234.0,120.3,28,16.5,34.1,57.0,C,7400,2,18.0,21.0,104,105,20%,12,10,10,32,27,28,33.7,33.4,19.9,46.9,41.7,52.0,7.0,37.3,5.03,37.8,31.0,5.1,37.55,5.0649999999999995,29.0,10.666666666666666,34.29,35.86666666666667,40.13965517241379
27,7,Bruno Caboclo,0.0,MEM,DAL,5.5,221.5,108.0,26,2.0,10.3,27.3,PF/C,3300,0,17.0,13.0,103,107,-9%,3,4,4,10,11,10,10.3,9.8,-0.1,19.7,9.8,18.0,5.5,19.0,5.76,11.2,13.0,3.4,15.1,4.58,10.333333333333334,3.6666666666666665,10.959999999999999,13.200000000000001,18.996774193548386
28,0,Austin Rivers,0.0,HOU,CHI,-6.5,234.0,120.3,13,11.8,15.3,22.3,PG/SG,3600,2,14.0,9.0,104,105,-17%,8,6,6,26,22,19,15.3,12.3,6.6,18.1,26.5,15.0,4.2,16.8,4.65,11.3,17.5,3.1,14.05,3.875,22.333333333333332,6.666666666666667,13.270000000000001,16.46666666666667,11.009328358208956
28,1,Ryan Arcidiacono,0.0,CHI,HOU,6.5,234.0,113.8,2,0.0,7.7,14.5,PG/SG,3200,2,10.0,13.0,110,112,-6%,1,3,2,10,14,14,7.7,9.4,3.6,15.3,15.9,9.5,3.0,11.0,3.44,12.4,17.0,3.9,11.7,3.67,12.666666666666666,2.0,9.540000000000001,7.3999999999999995,15.702631578947368
28,2,Wendell Carter Jr.,0.0,CHI,HOU,6.5,234.0,113.8,23,7.5,26.6,36.0,PF/C,5500,2,18.0,18.0,110,112,21%,6,8,9,22,26,27,26.6,27.8,17.4,38.2,29.0,41.5,7.5,27.0,4.91,29.9,28.5,5.4,28.45,5.155,25.0,7.666666666666667,27.689999999999998,23.366666666666664,32.433
28,3,Solomon Hill,0.0,MEM,DAL,5.5,221.5,108.0,7,3.5,12.6,20.5,SF/PF,3100,0,17.0,15.0,103,107,-9%,5,5,5,15,16,18,12.6,14.5,7.1,21.9,14.7,9.8,3.2,14.3,4.6,13.1,18.0,4.2,13.7,4.4,16.333333333333332,5.0,13.959999999999999,12.200000000000001,15.09795918367347
28,4,Malik Monk,0.0,CHA,NO,1.5,229.5,114.0,24,6.0,16.5,27.5,PG/SG,3400,1,20.0,8.0,110,112,13%,6,8,7,18,20,19,16.5,12.8,4.5,21.2,19.2,12.5,3.7,20.8,6.1,17.7,19.0,5.2,19.25,5.65,19.0,7.0,14.85,16.666666666666668,19.25
28,5,Dorian Finney-Smith,0.0,DAL,MEM,-5.5,221.5,113.5,25,8.8,15.7,25.5,SF/PF,3600,0,13.0,11.0,109,106,23%,4,6,6,25,26,26,15.7,17.5,11.9,23.1,24.3,19.8,5.5,22.0,6.11,20.9,28.5,5.8,21.45,5.955,25.666666666666668,5.333333333333333,17.93,16.666666666666668,23.81785714285714
28,6,Lauri Markkanen,0.0,CHI,HOU,6.5,234.0,113.8,23,14.3,26.7,36.3,PF/C,6300,2,23.0,15.0,110,112,21%,10,10,12,32,29,30,26.6,30.9,17.0,44.9,33.0,25.0,4.0,38.3,6.07,34.4,30.0,5.5,36.349999999999994,5.785,30.333333333333332,10.666666666666666,31.15,25.766666666666666,35.95054945054945
28,7,Derrick Favors,0.0,NO,CHA,-1.5,229.5,115.5,9,5.5,16.7,26.8,PF/C,4200,0,19.0,12.0,103,108,13%,3,5,5,14,18,18,16.4,16.4,8.6,24.3,29.3,32.0,7.6,20.3,4.82,23.5,21.0,5.6,21.9,5.21,16.666666666666668,4.333333333333333,17.52,16.333333333333332,27.593999999999998
29,0,Josh Hart,0.0,NO,CHA,-1.5,229.5,115.5,3,4.5,22.2,41.3,PG/SF,5300,0,17.0,16.0,103,108,-15%,11,9,10,24,27,28,22.4,26.6,14.0,39.1,23.2,26.8,5.1,22.5,4.25,22.1,26.0,4.2,22.3,4.225,26.333333333333332,10.0,24.88,22.666666666666668,22.017721518987344
29,1,Dillon Brooks,0.0,MEM,DAL,5.5,221.5,108.0,1,13.5,26.0,40.0,SG/SF,5900,0,21.0,14.0,103,107,-9%,12,12,12,26,26,27,26.0,24.4,15.1,33.6,19.8,16.8,2.8,23.0,3.9,27.5,31.5,4.7,25.25,4.3,26.333333333333332,12.0,24.869999999999997,26.5,30.204113924050635
29,2,Marquese Chriss,0.0,GS,OKC,11.5,216.5,102.5,22,4.8,14.5,18.8,PF/C,3200,0,18.0,16.0,103,100,-18%,5,4,4,13,13,14,14.5,15.1,8.4,21.7,24.5,19.5,6.1,11.5,3.59,16.9,17.0,5.3,14.2,4.445,13.333333333333334,4.333333333333333,14.779999999999998,12.700000000000001,18.105
29,3,Damion Lee,0.0,GS,OKC,11.5,216.5,102.5,14,14.5,23.3,30.5,SG/SF,4600,0,23.0,17.0,103,100,-4%,11,10,8,27,27,22,23.3,20.4,8.6,32.3,22.3,19.3,4.2,20.3,4.4,21.1,25.5,4.6,20.700000000000003,4.5,25.333333333333332,9.666666666666666,21.06,22.766666666666666,20.83618421052632
29,4,Shai Gilgeous-Alexander,0.0,OKC,GS,-11.5,216.5,114.0,19,25.8,34.3,42.0,PG/SG,7100,1,26.0,21.0,105,116,19%,16,16,17,35,35,35,34.3,37.0,28.4,45.7,36.5,21.3,3.0,38.5,5.42,38.4,35.5,5.4,38.45,5.41,35.0,16.333333333333332,36.77,34.03333333333333,38.99928571428572
29,5,Maxi Kleber,0.0,DAL,MEM,-5.5,221.5,113.5,6,17.3,23.7,32.3,PF/C,4100,0,15.0,13.0,109,106,-5%,6,9,7,25,27,27,23.6,22.6,16.6,28.7,23.6,21.0,5.1,25.0,6.1,26.0,29.5,6.3,25.5,6.199999999999999,26.333333333333332,7.333333333333333,23.4,24.433333333333334,28.56645569620253
29,6,Jonas Valanciunas,0.0,MEM,DAL,5.5,221.5,108.0,24,23.8,28.8,33.5,C,6200,0,23.0,18.0,103,107,-8%,10,10,10,25,24,22,28.8,28.4,19.2,37.7,23.3,19.8,3.2,36.8,5.93,36.0,27.0,5.8,36.4,5.865,23.666666666666668,10.0,30.1,28.7,41.52676056338028
29,7,Chandler Hutchison,0.0,CHI,HOU,6.5,234.0,113.8,9,8.8,20.6,33.5,SF/PF,3200,2,0.0,0.0,110,112,18%,4,4,4,17,17,17,11.9,11.9,7.5,16.3,23.2,26.0,8.1,17.3,5.39,18.2,24.5,5.7,17.75,5.545,17.0,4.0,13.069999999999999,20.96666666666667,25.580882352941178
30,0,Chris Paul,0.0,OKC,GS,-11.5,216.5,114.0,19,28.5,34.3,38.5,PG,6800,1,24.0,19.0,105,116,8%,15,12,11,32,32,30,34.5,30.6,20.7,40.5,30.6,40.3,5.9,38.3,5.63,33.7,31.0,5.0,36.0,5.3149999999999995,31.333333333333332,12.666666666666666,32.46,33.766666666666666,35.61702127659575
30,1,Kris Dunn,0.0,CHI,HOU,6.5,234.0,113.8,2,11.5,18.6,27.3,PG/SG,3800,2,16.0,14.0,110,112,-6%,7,6,6,19,19,20,18.6,17.7,10.7,24.7,21.7,21.3,5.6,19.8,5.2,17.6,18.5,4.6,18.700000000000003,4.9,19.333333333333332,6.333333333333333,18.080000000000002,19.133333333333336,17.893965517241384
30,2,Luke Kornet,0.0,CHI,HOU,6.5,234.0,113.8,23,6.3,11.1,18.5,PF/C,3000,2,17.0,10.0,110,112,21%,4,4,4,12,12,12,11.1,9.6,5.2,14.0,5.5,3.3,1.1,13.5,4.5,0.0,0.0,0.0,6.75,2.25,12.0,4.0,9.330000000000002,11.966666666666667,0.0
30,3,Justin Jackson,0.0,DAL,MEM,-5.5,221.5,113.5,25,0.0,8.7,18.0,SF/PF,3100,0,16.0,15.0,109,106,23%,6,3,4,12,10,13,8.7,9.8,3.6,15.9,25.4,24.0,7.7,9.5,3.06,11.0,15.5,3.5,10.25,3.2800000000000002,11.666666666666666,4.333333333333333,9.65,8.9,13.617857142857144
30,4,Nickeil Alexander-Walker,0.0,NO,CHA,-1.5,229.5,115.5,3,0.0,14.8,36.0,PG/SG,3200,0,26.0,6.0,103,108,1%,5,6,7,10,13,13,14.8,13.6,1.8,25.3,8.3,5.5,1.7,12.3,3.83,10.4,10.5,3.3,11.350000000000001,3.565,12.0,6.0,13.37,16.933333333333334,9.93125
30,5,Damion Lee,0.0,GS,OKC,11.5,216.5,102.5,14,14.5,23.3,30.5,SG/SF,4600,0,23.0,17.0,103,100,-4%,11,10,8,27,27,22,23.3,20.4,8.6,32.3,22.3,19.3,4.2,20.3,4.4,21.1,25.5,4.6,20.700000000000003,4.5,25.333333333333332,9.666666666666666,21.06,22.766666666666666,20.83618421052632
30,6,Derrick Favors,0.0,NO,CHA,-1.5,229.5,115.5,9,5.5,16.7,26.8,PF/C,4200,0,19.0,12.0,103,108,13%,3,5,5,14,18,18,16.4,16.4,8.6,24.3,29.3,32.0,7.6,20.3,4.82,23.5,21.0,5.6,21.9,5.21,16.666666666666668,4.333333333333333,17.52,16.333333333333332,27.593999999999998
30,7,Zach LaVine,0.0,CHI,HOU,6.5,234.0,113.8,2,22.5,34.0,49.3,PG/SG,7300,2,29.0,18.0,110,112,-6%,14,16,17,32,32,32,34.2,35.7,23.0,48.3,32.1,24.3,3.3,40.8,5.58,39.3,32.0,5.4,40.05,5.49,32.0,15.666666666666666,36.25,35.266666666666666,40.05
31,0,De'Anthony Melton,0.0,MEM,DAL,5.5,221.5,108.0,23,0.0,9.9,24.5,PG/SG,3000,0,0.0,0.0,103,107,-3%,2,1,1,6,5,5,2.9,2.9,0.3,5.5,20.2,21.3,7.1,7.3,2.42,14.2,16.0,4.7,10.75,3.56,5.333333333333333,1.3333333333333333,4.470000000000001,11.466666666666667,32.25
31,1,Luka Doncic,0.0,DAL,MEM,-5.5,221.5,113.5,5,27.0,57.5,73.8,PG/SG,9600,0,34.0,27.0,109,106,11%,24,20,20,36,35,36,58.4,58.7,41.9,75.5,28.7,59.0,6.1,55.5,5.78,56.1,35.0,5.8,55.8,5.79,35.666666666666664,21.333333333333332,58.06,52.76666666666667,54.757009345794394
31,2,Jae Crowder,0.0,MEM,DAL,5.5,221.5,108.0,7,11.0,20.3,32.3,SF/PF,5000,0,16.0,9.0,103,107,11%,8,8,9,29,28,30,20.3,23.1,15.8,30.3,30.6,40.5,8.1,26.8,5.35,25.7,30.0,5.1,26.25,5.225,29.0,8.333333333333334,23.15,21.2,27.155172413793103
31,3,Cody Martin,0.0,CHA,NO,1.5,229.5,114.0,24,0.0,9.3,19.8,PG/SF,3300,1,10.0,13.0,110,112,4%,3,1,2,25,13,12,9.3,9.1,0.7,17.6,21.1,19.3,5.8,14.5,4.39,9.5,10.5,2.9,12.0,3.6449999999999996,16.666666666666668,2.0,9.74,9.700000000000001,7.56
31,4,Devonte' Graham,0.0,CHA,NO,1.5,229.5,114.0,24,18.0,35.8,56.0,PG/SG,6700,1,25.0,20.0,110,112,22%,18,12,12,36,33,31,35.8,34.5,22.4,46.6,31.1,50.8,7.6,32.8,4.89,33.4,31.0,5.0,33.099999999999994,4.945,33.333333333333336,14.0,34.480000000000004,36.6,30.782999999999994
31,5,Chandler Hutchison,0.0,CHI,HOU,6.5,234.0,113.8,9,8.8,20.6,33.5,SF/PF,3200,2,0.0,0.0,110,112,18%,4,4,4,17,17,17,11.9,11.9,7.5,16.3,23.2,26.0,8.1,17.3,5.39,18.2,24.5,5.7,17.75,5.545,17.0,4.0,13.069999999999999,20.96666666666667,25.580882352941178
31,6,Nerlens Noel,0.0,OKC,GS,-11.5,216.5,114.0,23,15.3,25.7,39.5,C,4100,1,15.0,24.0,105,116,11%,3,5,4,18,22,17,25.6,19.6,7.9,31.3,7.3,6.8,1.7,20.3,4.94,18.2,17.0,4.4,19.25,4.67,19.0,4.0,20.73,26.833333333333332,17.223684210526315
31,7,Tim Hardaway Jr.,0.0,DAL,MEM,-5.5,221.5,113.5,27,19.0,20.7,24.8,SG/SF,4000,0,20.0,10.0,109,106,23%,13,12,10,25,24,23,20.7,17.0,11.3,22.7,22.2,24.0,6.0,19.5,4.88,18.6,23.0,4.7,19.05,4.79,24.0,11.666666666666666,18.15,21.5,18.25625
32,0,Zach LaVine,0.0,CHI,HOU,6.5,234.0,113.8,2,22.5,34.0,49.3,PG/SG,7300,2,29.0,18.0,110,112,-6%,14,16,17,32,32,32,34.2,35.7,23.0,48.3,32.1,24.3,3.3,40.8,5.58,39.3,32.0,5.4,40.05,5.49,32.0,15.666666666666666,36.25,35.266666666666666,40.05
32,1,James Harden,0.0,HOU,CHI,-6.5,234.0,120.3,13,39.0,63.7,79.3,PG/SG,11800,2,42.0,29.0,104,105,-17%,26,26,24,36,35,35,63.8,58.6,43.0,74.2,35.8,75.0,6.4,58.5,4.96,60.8,35.5,5.2,59.65,5.08,35.333333333333336,25.333333333333332,59.85,60.666666666666664,59.9313679245283
32,2,Kyle Anderson,0.0,MEM,DAL,5.5,221.5,108.0,7,8.3,15.0,19.8,SF/PF,3800,0,15.0,16.0,103,107,-9%,4,6,6,20,20,21,15.0,18.2,11.4,25.0,26.5,26.8,7.1,22.5,5.92,21.5,24.5,5.7,22.0,5.8100000000000005,20.333333333333332,5.333333333333333,18.32,14.366666666666667,26.508196721311478
32,3,Brandon Ingram,0.0,NO,CHA,-1.5,229.5,115.5,30,15.0,41.1,57.0,SF/PF,8000,0,29.0,27.0,103,108,14%,25,18,19,34,30,32,40.6,44.3,29.3,59.2,35.6,42.3,5.3,39.0,4.88,43.4,33.5,5.4,41.2,5.140000000000001,32.0,20.666666666666668,42.92,37.699999999999996,43.13125
32,4,Josh Hart,0.0,NO,CHA,-1.5,229.5,115.5,3,4.5,22.2,41.3,PG/SF,5300,0,17.0,16.0,103,108,-15%,11,9,10,24,27,28,22.4,26.6,14.0,39.1,23.2,26.8,5.1,22.5,4.25,22.1,26.0,4.2,22.3,4.225,26.333333333333332,10.0,24.88,22.666666666666668,22.017721518987344
32,5,Chandler Hutchison,0.0,CHI,HOU,6.5,234.0,113.8,9,8.8,20.6,33.5,SF/PF,3200,2,0.0,0.0,110,112,18%,4,4,4,17,17,17,11.9,11.9,7.5,16.3,23.2,26.0,8.1,17.3,5.39,18.2,24.5,5.7,17.75,5.545,17.0,4.0,13.069999999999999,20.96666666666667,25.580882352941178
32,6,Jaren Jackson Jr.,0.0,MEM,DAL,5.5,221.5,108.0,26,7.0,16.9,26.0,PF/C,4700,0,22.0,10.0,103,107,11%,9,8,10,23,22,24,16.9,21.9,10.2,33.7,29.6,32.0,6.8,21.8,4.63,29.7,28.0,6.3,25.75,5.465,23.0,9.0,21.69,16.633333333333333,31.347826086956523
32,7,Glenn Robinson III,0.0,GS,OKC,11.5,216.5,102.5,6,10.5,23.5,36.8,SF/PF,5300,0,15.0,14.0,103,100,-4%,10,8,9,38,34,31,23.4,23.1,14.4,31.9,34.3,23.0,4.3,23.0,4.34,25.0,34.0,4.7,24.0,4.52,34.333333333333336,9.0,23.360000000000003,23.599999999999998,23.766990291262132
34,0,Tomas Satoransky,0.0,CHI,HOU,6.5,234.0,113.8,2,14.5,28.1,49.8,PG/SF,5700,2,17.0,16.0,110,112,-6%,9,7,7,28,27,26,28.1,23.1,11.2,35.0,24.0,24.3,4.3,26.0,4.56,23.2,27.5,4.1,24.6,4.33,27.0,7.666666666666667,24.4,30.8,25.055555555555557
34,1,Ryan Arcidiacono,0.0,CHI,HOU,6.5,234.0,113.8,2,0.0,7.7,14.5,PG/SG,3200,2,10.0,13.0,110,112,-6%,1,3,2,10,14,14,7.7,9.4,3.6,15.3,15.9,9.5,3.0,11.0,3.44,12.4,17.0,3.9,11.7,3.67,12.666666666666666,2.0,9.540000000000001,7.3999999999999995,15.702631578947368
34,2,Luke Kornet,0.0,CHI,HOU,6.5,234.0,113.8,23,6.3,11.1,18.5,PF/C,3000,2,17.0,10.0,110,112,21%,4,4,4,12,12,12,11.1,9.6,5.2,14.0,5.5,3.3,1.1,13.5,4.5,0.0,0.0,0.0,6.75,2.25,12.0,4.0,9.330000000000002,11.966666666666667,0.0
34,3,Marko Guduric,0.0,MEM,DAL,5.5,221.5,108.0,1,5.8,12.3,18.0,SG/SF,3100,0,17.0,5.0,103,107,-3%,5,5,5,21,19,18,12.3,11.1,6.0,16.2,28.2,27.8,9.0,14.3,4.6,14.5,18.5,4.7,14.4,4.65,19.333333333333332,5.0,11.999999999999998,12.033333333333333,13.779310344827588
34,4,Alec Burks,0.0,GS,OKC,11.5,216.5,102.5,29,11.0,25.8,47.0,PG/SG,4500,0,21.0,15.0,103,100,-4%,14,10,10,32,26,25,25.8,23.4,9.0,37.8,36.7,38.8,8.6,24.8,5.5,25.1,30.0,5.6,24.950000000000003,5.55,27.666666666666668,11.333333333333334,24.19,27.933333333333334,27.05421686746988
34,5,P.J. Tucker,0.0,HOU,CHI,-6.5,234.0,120.3,12,10.5,24.8,45.8,SF/PF,5800,2,11.0,14.0,104,105,7%,8,7,8,36,33,34,24.8,27.5,15.7,39.4,32.1,20.3,3.5,23.8,4.09,26.0,34.0,4.5,24.9,4.295,34.333333333333336,7.666666666666667,26.459999999999997,27.03333333333333,24.65825242718446
34,6,Maxi Kleber,0.0,DAL,MEM,-5.5,221.5,113.5,6,17.3,23.7,32.3,PF/C,4100,0,15.0,13.0,109,106,-5%,6,9,7,25,27,27,23.6,22.6,16.6,28.7,23.6,21.0,5.1,25.0,6.1,26.0,29.5,6.3,25.5,6.199999999999999,26.333333333333332,7.333333333333333,23.4,24.433333333333334,28.56645569620253
34,7,Darius Bazley,0.0,OKC,GS,-11.5,216.5,114.0,22,1.5,13.6,26.3,SF/PF,3400,1,14.0,8.0,105,116,13%,8,5,5,20,17,18,13.6,12.2,3.3,21.1,17.6,14.8,4.4,15.0,4.41,15.1,19.0,4.4,15.05,4.405,18.333333333333332,6.0,13.05,13.799999999999999,15.59727272727273
35,0,Malik Monk,0.0,CHA,NO,1.5,229.5,114.0,24,6.0,16.5,27.5,PG/SG,3400,1,20.0,8.0,110,112,13%,6,8,7,18,20,19,16.5,12.8,4.5,21.2,19.2,12.5,3.7,20.8,6.1,17.7,19.0,5.2,19.25,5.65,19.0,7.0,14.85,16.666666666666668,19.25
35,1,D'Angelo Russell,0.0,GS,OKC,11.5,216.5,102.5,29,9.3,43.5,82.8,PG/SG,8500,0,31.0,16.0,103,100,0%,31,21,20,37,32,32,43.5,41.9,17.7,66.1,34.2,48.3,5.7,41.8,4.91,42.1,33.5,5.0,41.95,4.955,33.666666666666664,24.0,42.23,45.199999999999996,41.74232673267328
35,2,Solomon Hill,0.0,MEM,DAL,5.5,221.5,108.0,7,3.5,12.6,20.5,SF/PF,3100,0,17.0,15.0,103,107,-9%,5,5,5,15,16,18,12.6,14.5,7.1,21.9,14.7,9.8,3.2,14.3,4.6,13.1,18.0,4.2,13.7,4.4,16.333333333333332,5.0,13.959999999999999,12.200000000000001,15.09795918367347
35,3,Miles Bridges,0.0,CHA,NO,1.5,229.5,114.0,2,13.0,24.4,36.5,SF/PF,6100,1,18.0,11.0,110,112,5%,12,11,11,38,35,34,24.0,25.2,18.0,32.3,25.0,28.0,4.6,31.5,5.16,30.2,34.0,5.0,30.85,5.08,35.666666666666664,11.333333333333334,26.07,24.633333333333336,29.408411214953272
35,4,Ryan Arcidiacono,0.0,CHI,HOU,6.5,234.0,113.8,2,0.0,7.7,14.5,PG/SG,3200,2,10.0,13.0,110,112,-6%,1,3,2,10,14,14,7.7,9.4,3.6,15.3,15.9,9.5,3.0,11.0,3.44,12.4,17.0,3.9,11.7,3.67,12.666666666666666,2.0,9.540000000000001,7.3999999999999995,15.702631578947368
35,5,Kyle Anderson,0.0,MEM,DAL,5.5,221.5,108.0,7,8.3,15.0,19.8,SF/PF,3800,0,15.0,16.0,103,107,-9%,4,6,6,20,20,21,15.0,18.2,11.4,25.0,26.5,26.8,7.1,22.5,5.92,21.5,24.5,5.7,22.0,5.8100000000000005,20.333333333333332,5.333333333333333,18.32,14.366666666666667,26.508196721311478
35,6,Wendell Carter Jr.,0.0,CHI,HOU,6.5,234.0,113.8,23,7.5,26.6,36.0,PF/C,5500,2,18.0,18.0,110,112,21%,6,8,9,22,26,27,26.6,27.8,17.4,38.2,29.0,41.5,7.5,27.0,4.91,29.9,28.5,5.4,28.45,5.155,25.0,7.666666666666667,27.689999999999998,23.366666666666664,32.433
35,7,Chandler Hutchison,0.0,CHI,HOU,6.5,234.0,113.8,9,8.8,20.6,33.5,SF/PF,3200,2,0.0,0.0,110,112,18%,4,4,4,17,17,17,11.9,11.9,7.5,16.3,23.2,26.0,8.1,17.3,5.39,18.2,24.5,5.7,17.75,5.545,17.0,4.0,13.069999999999999,20.96666666666667,25.580882352941178
36,0,Zach LaVine,0.0,CHI,HOU,6.5,234.0,113.8,2,22.5,34.0,49.3,PG/SG,7300,2,29.0,18.0,110,112,-6%,14,16,17,32,32,32,34.2,35.7,23.0,48.3,32.1,24.3,3.3,40.8,5.58,39.3,32.0,5.4,40.05,5.49,32.0,15.666666666666666,36.25,35.266666666666666,40.05
36,1,De'Anthony Melton,0.0,MEM,DAL,5.5,221.5,108.0,23,0.0,9.9,24.5,PG/SG,3000,0,0.0,0.0,103,107,-3%,2,1,1,6,5,5,2.9,2.9,0.3,5.5,20.2,21.3,7.1,7.3,2.42,14.2,16.0,4.7,10.75,3.56,5.333333333333333,1.3333333333333333,4.470000000000001,11.466666666666667,32.25
36,2,Lauri Markkanen,0.0,CHI,HOU,6.5,234.0,113.8,23,14.3,26.7,36.3,PF/C,6300,2,23.0,15.0,110,112,21%,10,10,12,32,29,30,26.6,30.9,17.0,44.9,33.0,25.0,4.0,38.3,6.07,34.4,30.0,5.5,36.349999999999994,5.785,30.333333333333332,10.666666666666666,31.15,25.766666666666666,35.95054945054945
36,3,Justin Jackson,0.0,DAL,MEM,-5.5,221.5,113.5,25,0.0,8.7,18.0,SF/PF,3100,0,16.0,15.0,109,106,23%,6,3,4,12,10,13,8.7,9.8,3.6,15.9,25.4,24.0,7.7,9.5,3.06,11.0,15.5,3.5,10.25,3.2800000000000002,11.666666666666666,4.333333333333333,9.65,8.9,13.617857142857144
36,4,Josh Hart,0.0,NO,CHA,-1.5,229.5,115.5,3,4.5,22.2,41.3,PG/SF,5300,0,17.0,16.0,103,108,-15%,11,9,10,24,27,28,22.4,26.6,14.0,39.1,23.2,26.8,5.1,22.5,4.25,22.1,26.0,4.2,22.3,4.225,26.333333333333332,10.0,24.88,22.666666666666668,22.017721518987344
36,5,Danuel House Jr.,0.0,HOU,CHI,-6.5,234.0,120.3,12,13.3,27.5,35.8,SF/PF,5200,2,14.0,15.0,104,105,13%,13,10,9,38,31,31,27.5,25.5,17.5,33.4,32.5,32.3,6.2,25.5,4.9,24.7,31.0,4.8,25.1,4.85,33.333333333333336,10.666666666666666,25.8,25.53333333333333,23.343
36,6,Nerlens Noel,0.0,OKC,GS,-11.5,216.5,114.0,23,15.3,25.7,39.5,C,4100,1,15.0,24.0,105,116,11%,3,5,4,18,22,17,25.6,19.6,7.9,31.3,7.3,6.8,1.7,20.3,4.94,18.2,17.0,4.4,19.25,4.67,19.0,4.0,20.73,26.833333333333332,17.223684210526315
36,7,Seth Curry,0.0,DAL,MEM,-5.5,221.5,113.5,5,2.0,12.4,21.8,PG/SG,3400,0,17.0,16.0,109,106,-4%,1,4,5,10,18,19,12.3,13.8,6.7,20.9,24.8,19.3,5.7,15.3,4.49,15.1,20.0,4.4,15.2,4.445,15.666666666666666,3.3333333333333335,13.780000000000001,12.066666666666668,19.404255319148934
37,0,De'Anthony Melton,0.0,MEM,DAL,5.5,221.5,108.0,23,0.0,9.9,24.5,PG/SG,3000,0,0.0,0.0,103,107,-3%,2,1,1,6,5,5,2.9,2.9,0.3,5.5,20.2,21.3,7.1,7.3,2.42,14.2,16.0,4.7,10.75,3.56,5.333333333333333,1.3333333333333333,4.470000000000001,11.466666666666667,32.25
37,1,Zach LaVine,0.0,CHI,HOU,6.5,234.0,113.8,2,22.5,34.0,49.3,PG/SG,7300,2,29.0,18.0,110,112,-6%,14,16,17,32,32,32,34.2,35.7,23.0,48.3,32.1,24.3,3.3,40.8,5.58,39.3,32.0,5.4,40.05,5.49,32.0,15.666666666666666,36.25,35.266666666666666,40.05
37,2,PJ Washington,0.0,CHA,NO,1.5,229.5,114.0,29,23.8,27.4,38.5,PF/C,6000,1,17.0,16.0,110,112,4%,9,9,10,26,30,32,27.8,28.1,21.2,35.0,24.9,24.8,4.1,29.8,4.96,29.3,31.0,4.9,29.55,4.93,29.333333333333332,9.333333333333334,28.330000000000002,29.900000000000002,31.228977272727278
37,3,Thaddeus Young,0.0,CHI,HOU,6.5,234.0,113.8,9,9.3,21.2,30.8,SF/PF,4200,2,21.0,13.0,110,112,21%,6,9,9,18,23,22,21.1,19.6,11.6,27.5,23.7,25.8,6.1,27.3,6.49,25.2,25.0,6.0,26.25,6.245,21.0,8.0,21.21,20.433333333333334,31.25
37,4,Nickeil Alexander-Walker,0.0,NO,CHA,-1.5,229.5,115.5,3,0.0,14.8,36.0,PG/SG,3200,0,26.0,6.0,103,108,1%,5,6,7,10,13,13,14.8,13.6,1.8,25.3,8.3,5.5,1.7,12.3,3.83,10.4,10.5,3.3,11.350000000000001,3.565,12.0,6.0,13.37,16.933333333333334,9.93125
37,5,Marvin Williams,0.0,CHA,NO,1.5,229.5,114.0,2,4.8,14.0,19.8,SF/PF,3300,1,15.0,15.0,110,112,4%,6,5,5,17,19,18,13.9,12.9,5.0,20.8,16.3,4.8,1.5,17.3,5.23,14.7,17.0,4.5,16.0,4.865,18.0,5.333333333333333,13.719999999999999,12.866666666666667,15.11111111111111
37,6,Cody Zeller,0.0,CHA,NO,1.5,229.5,114.0,4,9.3,23.8,38.3,C,5400,1,20.0,19.0,110,112,-2%,6,8,9,18,24,26,23.8,29.0,14.7,43.4,27.9,24.0,4.4,25.8,4.77,27.5,25.0,5.1,26.65,4.935,22.666666666666668,7.666666666666667,27.509999999999998,23.8,29.39338235294117
37,7,Marko Guduric,0.0,MEM,DAL,5.5,221.5,108.0,1,5.8,12.3,18.0,SG/SF,3100,0,17.0,5.0,103,107,-3%,5,5,5,21,19,18,12.3,11.1,6.0,16.2,28.2,27.8,9.0,14.3,4.6,14.5,18.5,4.7,14.4,4.65,19.333333333333332,5.0,11.999999999999998,12.033333333333333,13.779310344827588
38,0,Nickeil Alexander-Walker,0.0,NO,CHA,-1.5,229.5,115.5,3,0.0,14.8,36.0,PG/SG,3200,0,26.0,6.0,103,108,1%,5,6,7,10,13,13,14.8,13.6,1.8,25.3,8.3,5.5,1.7,12.3,3.83,10.4,10.5,3.3,11.350000000000001,3.565,12.0,6.0,13.37,16.933333333333334,9.93125
38,1,Dwayne Bacon,0.0,CHA,NO,1.5,229.5,114.0,28,-0.5,15.8,39.5,SG/SF,4400,1,23.0,7.0,110,112,5%,6,9,12,17,24,26,15.8,19.6,6.0,33.2,27.0,18.8,4.3,20.3,4.6,20.3,23.5,4.6,20.3,4.6,22.333333333333332,9.0,18.98,18.266666666666666,21.36044776119403
38,2,Kenrich Williams,0.0,NO,CHA,-1.5,229.5,115.5,30,1.5,13.0,36.0,SF/PF,3200,0,12.0,14.0,103,108,13%,3,4,4,9,13,17,13.0,15.1,4.6,25.6,28.3,33.3,10.4,6.3,1.95,15.6,19.0,4.9,10.95,3.4250000000000003,13.0,3.6666666666666665,13.85,16.833333333333332,16.00384615384615
38,3,Tomas Satoransky,0.0,CHI,HOU,6.5,234.0,113.8,2,14.5,28.1,49.8,PG/SF,5700,2,17.0,16.0,110,112,-6%,9,7,7,28,27,26,28.1,23.1,11.2,35.0,24.0,24.3,4.3,26.0,4.56,23.2,27.5,4.1,24.6,4.33,27.0,7.666666666666667,24.4,30.8,25.055555555555557
38,4,Chris Paul,0.0,OKC,GS,-11.5,216.5,114.0,19,28.5,34.3,38.5,PG,6800,1,24.0,19.0,105,116,8%,15,12,11,32,32,30,34.5,30.6,20.7,40.5,30.6,40.3,5.9,38.3,5.63,33.7,31.0,5.0,36.0,5.3149999999999995,31.333333333333332,12.666666666666666,32.46,33.766666666666666,35.61702127659575
38,5,Solomon Hill,0.0,MEM,DAL,5.5,221.5,108.0,7,3.5,12.6,20.5,SF/PF,3100,0,17.0,15.0,103,107,-9%,5,5,5,15,16,18,12.6,14.5,7.1,21.9,14.7,9.8,3.2,14.3,4.6,13.1,18.0,4.2,13.7,4.4,16.333333333333332,5.0,13.959999999999999,12.200000000000001,15.09795918367347
38,6,Marquese Chriss,0.0,GS,OKC,11.5,216.5,102.5,22,4.8,14.5,18.8,PF/C,3200,0,18.0,16.0,103,100,-18%,5,4,4,13,13,14,14.5,15.1,8.4,21.7,24.5,19.5,6.1,11.5,3.59,16.9,17.0,5.3,14.2,4.445,13.333333333333334,4.333333333333333,14.779999999999998,12.700000000000001,18.105
38,7,Thaddeus Young,0.0,CHI,HOU,6.5,234.0,113.8,9,9.3,21.2,30.8,SF/PF,4200,2,21.0,13.0,110,112,21%,6,9,9,18,23,22,21.1,19.6,11.6,27.5,23.7,25.8,6.1,27.3,6.49,25.2,25.0,6.0,26.25,6.245,21.0,8.0,21.21,20.433333333333334,31.25
39,0,Frank Jackson,0.0,NO,CHA,-1.5,229.5,115.5,3,13.0,19.8,28.3,PG/SG,3400,0,25.0,14.0,103,108,1%,11,11,10,22,22,19,19.8,17.4,11.8,23.0,13.5,7.5,2.2,16.5,4.85,18.7,22.5,5.5,17.6,5.175,21.0,10.666666666666666,17.919999999999998,20.366666666666664,18.857142857142858
39,1,Luka Doncic,0.0,DAL,MEM,-5.5,221.5,113.5,5,27.0,57.5,73.8,PG/SG,9600,0,34.0,27.0,109,106,11%,24,20,20,36,35,36,58.4,58.7,41.9,75.5,28.7,59.0,6.1,55.5,5.78,56.1,35.0,5.8,55.8,5.79,35.666666666666664,21.333333333333332,58.06,52.76666666666667,54.757009345794394
39,2,Thaddeus Young,0.0,CHI,HOU,6.5,234.0,113.8,9,9.3,21.2,30.8,SF/PF,4200,2,21.0,13.0,110,112,21%,6,9,9,18,23,22,21.1,19.6,11.6,27.5,23.7,25.8,6.1,27.3,6.49,25.2,25.0,6.0,26.25,6.245,21.0,8.0,21.21,20.433333333333334,31.25
39,3,Solomon Hill,0.0,MEM,DAL,5.5,221.5,108.0,7,3.5,12.6,20.5,SF/PF,3100,0,17.0,15.0,103,107,-9%,5,5,5,15,16,18,12.6,14.5,7.1,21.9,14.7,9.8,3.2,14.3,4.6,13.1,18.0,4.2,13.7,4.4,16.333333333333332,5.0,13.959999999999999,12.200000000000001,15.09795918367347
39,4,Chris Clemons,0.0,HOU,CHI,-6.5,234.0,120.3,13,0.0,8.1,24.3,PG,3000,2,0.0,0.0,104,105,-17%,1,4,4,3,9,9,8.1,8.1,-5.9,22.1,3.2,4.5,1.5,3.0,1.0,0.0,0.0,0.0,1.5,0.5,7.0,3.0,6.779999999999999,10.799999999999999,0.0
39,5,Tim Hardaway Jr.,0.0,DAL,MEM,-5.5,221.5,113.5,27,19.0,20.7,24.8,SG/SF,4000,0,20.0,10.0,109,106,23%,13,12,10,25,24,23,20.7,17.0,11.3,22.7,22.2,24.0,6.0,19.5,4.88,18.6,23.0,4.7,19.05,4.79,24.0,11.666666666666666,18.15,21.5,18.25625
39,6,Clint Capela,0.0,HOU,CHI,-6.5,234.0,120.3,28,16.5,34.1,57.0,C,7400,2,18.0,21.0,104,105,20%,12,10,10,32,27,28,33.7,33.4,19.9,46.9,41.7,52.0,7.0,37.3,5.03,37.8,31.0,5.1,37.55,5.0649999999999995,29.0,10.666666666666666,34.29,35.86666666666667,40.13965517241379
39,7,Alec Burks,0.0,GS,OKC,11.5,216.5,102.5,29,11.0,25.8,47.0,PG/SG,4500,0,21.0,15.0,103,100,-4%,14,10,10,32,26,25,25.8,23.4,9.0,37.8,36.7,38.8,8.6,24.8,5.5,25.1,30.0,5.6,24.950000000000003,5.55,27.666666666666668,11.333333333333334,24.19,27.933333333333334,27.05421686746988
41,0,Jalen Brunson,0.0,DAL,MEM,-5.5,221.5,113.5,5,4.8,15.9,28.0,PG/SG,3700,0,21.0,12.0,109,106,11%,4,7,8,11,17,20,15.8,17.3,7.6,26.9,18.8,24.0,6.5,16.8,4.53,18.2,20.0,4.9,17.5,4.715,16.0,6.333333333333333,17.02,16.233333333333334,21.875
41,1,Damion Lee,0.0,GS,OKC,11.5,216.5,102.5,14,14.5,23.3,30.5,SG/SF,4600,0,23.0,17.0,103,100,-4%,11,10,8,27,27,22,23.3,20.4,8.6,32.3,22.3,19.3,4.2,20.3,4.4,21.1,25.5,4.6,20.700000000000003,4.5,25.333333333333332,9.666666666666666,21.06,22.766666666666666,20.83618421052632
41,2,Miles Bridges,0.0,CHA,NO,1.5,229.5,114.0,2,13.0,24.4,36.5,SF/PF,6100,1,18.0,11.0,110,112,5%,12,11,11,38,35,34,24.0,25.2,18.0,32.3,25.0,28.0,4.6,31.5,5.16,30.2,34.0,5.0,30.85,5.08,35.666666666666664,11.333333333333334,26.07,24.633333333333336,29.408411214953272
41,3,Darius Bazley,0.0,OKC,GS,-11.5,216.5,114.0,22,1.5,13.6,26.3,SF/PF,3400,1,14.0,8.0,105,116,13%,8,5,5,20,17,18,13.6,12.2,3.3,21.1,17.6,14.8,4.4,15.0,4.41,15.1,19.0,4.4,15.05,4.405,18.333333333333332,6.0,13.05,13.799999999999999,15.59727272727273
41,4,Hamidou Diallo,0.0,OKC,GS,-11.5,216.5,114.0,20,20.0,23.7,31.5,SG/SF,4100,1,21.0,15.0,105,116,19%,7,10,9,27,24,22,23.6,19.8,13.3,26.3,23.2,18.3,4.5,20.5,5.0,21.4,26.0,5.2,20.95,5.1,24.333333333333332,8.666666666666666,20.79,25.066666666666666,22.384931506849316
41,5,Ben McLemore,0.0,HOU,CHI,-6.5,234.0,120.3,8,4.8,12.2,19.5,SG/SF,3300,2,15.0,8.0,104,105,-6%,9,6,5,25,20,15,12.2,8.6,1.0,16.2,15.3,6.0,1.8,14.8,4.47,9.0,13.0,2.7,11.9,3.585,20.0,6.666666666666667,9.98,12.166666666666666,7.734999999999999
41,6,Dwight Powell,0.0,DAL,MEM,-5.5,221.5,113.5,30,8.5,15.7,26.5,C,4800,0,16.0,13.0,109,106,-5%,5,5,5,31,25,25,15.7,15.7,8.2,23.2,29.3,31.3,6.5,29.0,6.04,24.8,28.0,5.2,26.9,5.62,27.0,5.0,17.939999999999998,16.900000000000002,27.896296296296295
41,7,Seth Curry,0.0,DAL,MEM,-5.5,221.5,113.5,5,2.0,12.4,21.8,PG/SG,3400,0,17.0,16.0,109,106,-4%,1,4,5,10,18,19,12.3,13.8,6.7,20.9,24.8,19.3,5.7,15.3,4.49,15.1,20.0,4.4,15.2,4.445,15.666666666666666,3.3333333333333335,13.780000000000001,12.066666666666668,19.404255319148934
42,0,Frank Jackson,0.0,NO,CHA,-1.5,229.5,115.5,3,13.0,19.8,28.3,PG/SG,3400,0,25.0,14.0,103,108,1%,11,11,10,22,22,19,19.8,17.4,11.8,23.0,13.5,7.5,2.2,16.5,4.85,18.7,22.5,5.5,17.6,5.175,21.0,10.666666666666666,17.919999999999998,20.366666666666664,18.857142857142858
42,1,Seth Curry,0.0,DAL,MEM,-5.5,221.5,113.5,5,2.0,12.4,21.8,PG/SG,3400,0,17.0,16.0,109,106,-4%,1,4,5,10,18,19,12.3,13.8,6.7,20.9,24.8,19.3,5.7,15.3,4.49,15.1,20.0,4.4,15.2,4.445,15.666666666666666,3.3333333333333335,13.780000000000001,12.066666666666668,19.404255319148934
42,2,Glenn Robinson III,0.0,GS,OKC,11.5,216.5,102.5,6,10.5,23.5,36.8,SF/PF,5300,0,15.0,14.0,103,100,-4%,10,8,9,38,34,31,23.4,23.1,14.4,31.9,34.3,23.0,4.3,23.0,4.34,25.0,34.0,4.7,24.0,4.52,34.333333333333336,9.0,23.360000000000003,23.599999999999998,23.766990291262132
42,3,Miles Bridges,0.0,CHA,NO,1.5,229.5,114.0,2,13.0,24.4,36.5,SF/PF,6100,1,18.0,11.0,110,112,5%,12,11,11,38,35,34,24.0,25.2,18.0,32.3,25.0,28.0,4.6,31.5,5.16,30.2,34.0,5.0,30.85,5.08,35.666666666666664,11.333333333333334,26.07,24.633333333333336,29.408411214953272
42,4,Terrance Ferguson,0.0,OKC,GS,-11.5,216.5,114.0,20,0.0,7.2,12.3,SG/SF,3100,1,8.0,5.0,105,116,19%,4,3,3,22,20,22,7.5,9.0,2.5,15.5,20.4,14.0,4.5,12.0,3.87,11.1,23.0,3.6,11.55,3.7350000000000003,21.333333333333332,3.3333333333333335,9.209999999999999,6.5,12.452343750000002
42,5,Marquese Chriss,0.0,GS,OKC,11.5,216.5,102.5,22,4.8,14.5,18.8,PF/C,3200,0,18.0,16.0,103,100,-18%,5,4,4,13,13,14,14.5,15.1,8.4,21.7,24.5,19.5,6.1,11.5,3.59,16.9,17.0,5.3,14.2,4.445,13.333333333333334,4.333333333333333,14.779999999999998,12.700000000000001,18.105
42,6,Bruno Caboclo,0.0,MEM,DAL,5.5,221.5,108.0,26,2.0,10.3,27.3,PF/C,3300,0,17.0,13.0,103,107,-9%,3,4,4,10,11,10,10.3,9.8,-0.1,19.7,9.8,18.0,5.5,19.0,5.76,11.2,13.0,3.4,15.1,4.58,10.333333333333334,3.6666666666666665,10.959999999999999,13.200000000000001,18.996774193548386
42,7,Thaddeus Young,0.0,CHI,HOU,6.5,234.0,113.8,9,9.3,21.2,30.8,SF/PF,4200,2,21.0,13.0,110,112,21%,6,9,9,18,23,22,21.1,19.6,11.6,27.5,23.7,25.8,6.1,27.3,6.49,25.2,25.0,6.0,26.25,6.245,21.0,8.0,21.21,20.433333333333334,31.25
43,0,Ryan Arcidiacono,0.0,CHI,HOU,6.5,234.0,113.8,2,0.0,7.7,14.5,PG/SG,3200,2,10.0,13.0,110,112,-6%,1,3,2,10,14,14,7.7,9.4,3.6,15.3,15.9,9.5,3.0,11.0,3.44,12.4,17.0,3.9,11.7,3.67,12.666666666666666,2.0,9.540000000000001,7.3999999999999995,15.702631578947368
43,1,JJ Redick,0.0,NO,CHA,-1.5,229.5,115.5,12,5.8,15.6,26.3,SG/SF,4000,0,19.0,9.0,103,108,14%,5,7,8,19,21,23,16.0,15.4,8.3,22.5,28.6,36.8,9.2,18.5,4.63,20.7,26.5,5.2,19.6,4.915,21.0,6.666666666666667,16.360000000000003,15.9,24.733333333333334
43,2,Miles Bridges,0.0,CHA,NO,1.5,229.5,114.0,2,13.0,24.4,36.5,SF/PF,6100,1,18.0,11.0,110,112,5%,12,11,11,38,35,34,24.0,25.2,18.0,32.3,25.0,28.0,4.6,31.5,5.16,30.2,34.0,5.0,30.85,5.08,35.666666666666664,11.333333333333334,26.07,24.633333333333336,29.408411214953272
43,3,Dillon Brooks,0.0,MEM,DAL,5.5,221.5,108.0,1,13.5,26.0,40.0,SG/SF,5900,0,21.0,14.0,103,107,-9%,12,12,12,26,26,27,26.0,24.4,15.1,33.6,19.8,16.8,2.8,23.0,3.9,27.5,31.5,4.7,25.25,4.3,26.333333333333332,12.0,24.869999999999997,26.5,30.204113924050635
43,4,Devonte' Graham,0.0,CHA,NO,1.5,229.5,114.0,24,18.0,35.8,56.0,PG/SG,6700,1,25.0,20.0,110,112,22%,18,12,12,36,33,31,35.8,34.5,22.4,46.6,31.1,50.8,7.6,32.8,4.89,33.4,31.0,5.0,33.099999999999994,4.945,33.333333333333336,14.0,34.480000000000004,36.6,30.782999999999994
43,5,Chandler Hutchison,0.0,CHI,HOU,6.5,234.0,113.8,9,8.8,20.6,33.5,SF/PF,3200,2,0.0,0.0,110,112,18%,4,4,4,17,17,17,11.9,11.9,7.5,16.3,23.2,26.0,8.1,17.3,5.39,18.2,24.5,5.7,17.75,5.545,17.0,4.0,13.069999999999999,20.96666666666667,25.580882352941178
43,6,Steven Adams,0.0,OKC,GS,-11.5,216.5,114.0,23,19.3,26.0,32.3,C,5400,1,17.0,12.0,105,116,11%,7,7,8,27,27,27,25.8,24.9,20.1,29.7,25.1,31.5,5.8,30.8,5.69,29.4,27.0,5.4,30.1,5.545,27.0,7.333333333333333,26.119999999999997,25.866666666666664,30.1
43,7,Ben McLemore,0.0,HOU,CHI,-6.5,234.0,120.3,8,4.8,12.2,19.5,SG/SF,3300,2,15.0,8.0,104,105,-6%,9,6,5,25,20,15,12.2,8.6,1.0,16.2,15.3,6.0,1.8,14.8,4.47,9.0,13.0,2.7,11.9,3.585,20.0,6.666666666666667,9.98,12.166666666666666,7.734999999999999
44,0,Alec Burks,0.0,GS,OKC,11.5,216.5,102.5,29,11.0,25.8,47.0,PG/SG,4500,0,21.0,15.0,103,100,-4%,14,10,10,32,26,25,25.8,23.4,9.0,37.8,36.7,38.8,8.6,24.8,5.5,25.1,30.0,5.6,24.950000000000003,5.55,27.666666666666668,11.333333333333334,24.19,27.933333333333334,27.05421686746988
44,1,Frank Jackson,0.0,NO,CHA,-1.5,229.5,115.5,3,13.0,19.8,28.3,PG/SG,3400,0,25.0,14.0,103,108,1%,11,11,10,22,22,19,19.8,17.4,11.8,23.0,13.5,7.5,2.2,16.5,4.85,18.7,22.5,5.5,17.6,5.175,21.0,10.666666666666666,17.919999999999998,20.366666666666664,18.857142857142858
44,2,PJ Washington,0.0,CHA,NO,1.5,229.5,114.0,29,23.8,27.4,38.5,PF/C,6000,1,17.0,16.0,110,112,4%,9,9,10,26,30,32,27.8,28.1,21.2,35.0,24.9,24.8,4.1,29.8,4.96,29.3,31.0,4.9,29.55,4.93,29.333333333333332,9.333333333333334,28.330000000000002,29.900000000000002,31.228977272727278
44,3,Tomas Satoransky,0.0,CHI,HOU,6.5,234.0,113.8,2,14.5,28.1,49.8,PG/SF,5700,2,17.0,16.0,110,112,-6%,9,7,7,28,27,26,28.1,23.1,11.2,35.0,24.0,24.3,4.3,26.0,4.56,23.2,27.5,4.1,24.6,4.33,27.0,7.666666666666667,24.4,30.8,25.055555555555557
44,4,Seth Curry,0.0,DAL,MEM,-5.5,221.5,113.5,5,2.0,12.4,21.8,PG/SG,3400,0,17.0,16.0,109,106,-4%,1,4,5,10,18,19,12.3,13.8,6.7,20.9,24.8,19.3,5.7,15.3,4.49,15.1,20.0,4.4,15.2,4.445,15.666666666666666,3.3333333333333335,13.780000000000001,12.066666666666668,19.404255319148934
44,5,Danuel House Jr.,0.0,HOU,CHI,-6.5,234.0,120.3,12,13.3,27.5,35.8,SF/PF,5200,2,14.0,15.0,104,105,13%,13,10,9,38,31,31,27.5,25.5,17.5,33.4,32.5,32.3,6.2,25.5,4.9,24.7,31.0,4.8,25.1,4.85,33.333333333333336,10.666666666666666,25.8,25.53333333333333,23.343
44,6,Bismack Biyombo,0.0,CHA,NO,1.5,229.5,114.0,4,-0.5,11.9,28.0,C,3300,1,20.0,22.0,110,112,-2%,6,3,4,16,12,13,11.9,12.8,2.2,23.5,11.9,8.0,2.4,11.8,3.56,9.6,10.5,2.9,10.7,3.23,13.666666666666666,4.333333333333333,12.220000000000002,13.133333333333333,8.220731707317073
44,7,Maxi Kleber,0.0,DAL,MEM,-5.5,221.5,113.5,6,17.3,23.7,32.3,PF/C,4100,0,15.0,13.0,109,106,-5%,6,9,7,25,27,27,23.6,22.6,16.6,28.7,23.6,21.0,5.1,25.0,6.1,26.0,29.5,6.3,25.5,6.199999999999999,26.333333333333332,7.333333333333333,23.4,24.433333333333334,28.56645569620253
45,0,Nickeil Alexander-Walker,0.0,NO,CHA,-1.5,229.5,115.5,3,0.0,14.8,36.0,PG/SG,3200,0,26.0,6.0,103,108,1%,5,6,7,10,13,13,14.8,13.6,1.8,25.3,8.3,5.5,1.7,12.3,3.83,10.4,10.5,3.3,11.350000000000001,3.565,12.0,6.0,13.37,16.933333333333334,9.93125
45,1,Zach LaVine,0.0,CHI,HOU,6.5,234.0,113.8,2,22.5,34.0,49.3,PG/SG,7300,2,29.0,18.0,110,112,-6%,14,16,17,32,32,32,34.2,35.7,23.0,48.3,32.1,24.3,3.3,40.8,5.58,39.3,32.0,5.4,40.05,5.49,32.0,15.666666666666666,36.25,35.266666666666666,40.05
45,2,P.J. Tucker,0.0,HOU,CHI,-6.5,234.0,120.3,12,10.5,24.8,45.8,SF/PF,5800,2,11.0,14.0,104,105,7%,8,7,8,36,33,34,24.8,27.5,15.7,39.4,32.1,20.3,3.5,23.8,4.09,26.0,34.0,4.5,24.9,4.295,34.333333333333336,7.666666666666667,26.459999999999997,27.03333333333333,24.65825242718446
45,3,Darius Bazley,0.0,OKC,GS,-11.5,216.5,114.0,22,1.5,13.6,26.3,SF/PF,3400,1,14.0,8.0,105,116,13%,8,5,5,20,17,18,13.6,12.2,3.3,21.1,17.6,14.8,4.4,15.0,4.41,15.1,19.0,4.4,15.05,4.405,18.333333333333332,6.0,13.05,13.799999999999999,15.59727272727273
45,4,Tomas Satoransky,0.0,CHI,HOU,6.5,234.0,113.8,2,14.5,28.1,49.8,PG/SF,5700,2,17.0,16.0,110,112,-6%,9,7,7,28,27,26,28.1,23.1,11.2,35.0,24.0,24.3,4.3,26.0,4.56,23.2,27.5,4.1,24.6,4.33,27.0,7.666666666666667,24.4,30.8,25.055555555555557
45,5,Derrick Favors,0.0,NO,CHA,-1.5,229.5,115.5,9,5.5,16.7,26.8,PF/C,4200,0,19.0,12.0,103,108,13%,3,5,5,14,18,18,16.4,16.4,8.6,24.3,29.3,32.0,7.6,20.3,4.82,23.5,21.0,5.6,21.9,5.21,16.666666666666668,4.333333333333333,17.52,16.333333333333332,27.593999999999998
45,6,Jaren Jackson Jr.,0.0,MEM,DAL,5.5,221.5,108.0,26,7.0,16.9,26.0,PF/C,4700,0,22.0,10.0,103,107,11%,9,8,10,23,22,24,16.9,21.9,10.2,33.7,29.6,32.0,6.8,21.8,4.63,29.7,28.0,6.3,25.75,5.465,23.0,9.0,21.69,16.633333333333333,31.347826086956523
45,7,Damion Lee,0.0,GS,OKC,11.5,216.5,102.5,14,14.5,23.3,30.5,SG/SF,4600,0,23.0,17.0,103,100,-4%,11,10,8,27,27,22,23.3,20.4,8.6,32.3,22.3,19.3,4.2,20.3,4.4,21.1,25.5,4.6,20.700000000000003,4.5,25.333333333333332,9.666666666666666,21.06,22.766666666666666,20.83618421052632
46,0,Delon Wright,0.0,DAL,MEM,-5.5,221.5,113.5,5,3.0,17.2,26.8,PG/SG,3900,0,15.0,20.0,109,106,11%,4,6,6,19,23,24,17.2,20.5,8.6,32.5,23.7,23.3,6.0,23.5,6.03,21.8,22.5,5.6,22.65,5.8149999999999995,22.0,5.333333333333333,20.29,15.666666666666666,23.164772727272727
46,1,James Harden,0.0,HOU,CHI,-6.5,234.0,120.3,13,39.0,63.7,79.3,PG/SG,11800,2,42.0,29.0,104,105,-17%,26,26,24,36,35,35,63.8,58.6,43.0,74.2,35.8,75.0,6.4,58.5,4.96,60.8,35.5,5.2,59.65,5.08,35.333333333333336,25.333333333333332,59.85,60.666666666666664,59.9313679245283
46,2,Danilo Gallinari,0.0,OKC,GS,-11.5,216.5,114.0,22,25.0,29.4,40.8,SF/PF,6400,1,23.0,21.0,105,116,-10%,14,14,13,29,31,29,28.9,29.3,23.4,35.1,30.4,33.3,5.2,32.5,5.08,32.5,30.0,5.1,32.5,5.09,29.666666666666668,13.666666666666666,29.840000000000003,31.73333333333333,32.865168539325836
46,3,Jae Crowder,0.0,MEM,DAL,5.5,221.5,108.0,7,11.0,20.3,32.3,SF/PF,5000,0,16.0,9.0,103,107,11%,8,8,9,29,28,30,20.3,23.1,15.8,30.3,30.6,40.5,8.1,26.8,5.35,25.7,30.0,5.1,26.25,5.225,29.0,8.333333333333334,23.15,21.2,27.155172413793103
46,4,Malik Monk,0.0,CHA,NO,1.5,229.5,114.0,24,6.0,16.5,27.5,PG/SG,3400,1,20.0,8.0,110,112,13%,6,8,7,18,20,19,16.5,12.8,4.5,21.2,19.2,12.5,3.7,20.8,6.1,17.7,19.0,5.2,19.25,5.65,19.0,7.0,14.85,16.666666666666668,19.25
46,5,Brandon Ingram,0.0,NO,CHA,-1.5,229.5,115.5,30,15.0,41.1,57.0,SF/PF,8000,0,29.0,27.0,103,108,14%,25,18,19,34,30,32,40.6,44.3,29.3,59.2,35.6,42.3,5.3,39.0,4.88,43.4,33.5,5.4,41.2,5.140000000000001,32.0,20.666666666666668,42.92,37.699999999999996,43.13125
46,6,Willie Cauley-Stein,0.0,GS,OKC,11.5,216.5,102.5,21,12.0,18.5,25.0,C,3900,0,17.0,21.0,103,100,8%,6,6,6,22,20,19,18.5,19.0,14.1,24.0,23.5,22.0,5.6,23.5,6.03,20.8,20.5,5.3,22.15,5.665,20.333333333333332,6.0,19.55,18.5,22.33155737704918
46,7,Dwight Powell,0.0,DAL,MEM,-5.5,221.5,113.5,30,8.5,15.7,26.5,C,4800,0,16.0,13.0,109,106,-5%,5,5,5,31,25,25,15.7,15.7,8.2,23.2,29.3,31.3,6.5,29.0,6.04,24.8,28.0,5.2,26.9,5.62,27.0,5.0,17.939999999999998,16.900000000000002,27.896296296296295
47,0,Kris Dunn,0.0,CHI,HOU,6.5,234.0,113.8,2,11.5,18.6,27.3,PG/SG,3800,2,16.0,14.0,110,112,-6%,7,6,6,19,19,20,18.6,17.7,10.7,24.7,21.7,21.3,5.6,19.8,5.2,17.6,18.5,4.6,18.700000000000003,4.9,19.333333333333332,6.333333333333333,18.080000000000002,19.133333333333336,17.893965517241384
47,1,Jordan Poole,0.0,GS,OKC,11.5,216.5,102.5,14,9.3,19.1,29.8,SG/SF,4200,0,22.0,5.0,103,100,0%,11,12,11,26,28,26,18.8,17.1,10.7,23.4,35.0,19.8,4.7,20.0,4.76,20.0,29.5,4.8,20.0,4.779999999999999,26.666666666666668,11.333333333333334,18.0,19.400000000000002,22.125
47,2,Kenrich Williams,0.0,NO,CHA,-1.5,229.5,115.5,30,1.5,13.0,36.0,SF/PF,3200,0,12.0,14.0,103,108,13%,3,4,4,9,13,17,13.0,15.1,4.6,25.6,28.3,33.3,10.4,6.3,1.95,15.6,19.0,4.9,10.95,3.4250000000000003,13.0,3.6666666666666665,13.85,16.833333333333332,16.00384615384615
47,3,JJ Redick,0.0,NO,CHA,-1.5,229.5,115.5,12,5.8,15.6,26.3,SG/SF,4000,0,19.0,9.0,103,108,14%,5,7,8,19,21,23,16.0,15.4,8.3,22.5,28.6,36.8,9.2,18.5,4.63,20.7,26.5,5.2,19.6,4.915,21.0,6.666666666666667,16.360000000000003,15.9,24.733333333333334
47,4,Ben McLemore,0.0,HOU,CHI,-6.5,234.0,120.3,8,4.8,12.2,19.5,SG/SF,3300,2,15.0,8.0,104,105,-6%,9,6,5,25,20,15,12.2,8.6,1.0,16.2,15.3,6.0,1.8,14.8,4.47,9.0,13.0,2.7,11.9,3.585,20.0,6.666666666666667,9.98,12.166666666666666,7.734999999999999
47,5,Kyle Anderson,0.0,MEM,DAL,5.5,221.5,108.0,7,8.3,15.0,19.8,SF/PF,3800,0,15.0,16.0,103,107,-9%,4,6,6,20,20,21,15.0,18.2,11.4,25.0,26.5,26.8,7.1,22.5,5.92,21.5,24.5,5.7,22.0,5.8100000000000005,20.333333333333332,5.333333333333333,18.32,14.366666666666667,26.508196721311478
47,6,Steven Adams,0.0,OKC,GS,-11.5,216.5,114.0,23,19.3,26.0,32.3,C,5400,1,17.0,12.0,105,116,11%,7,7,8,27,27,27,25.8,24.9,20.1,29.7,25.1,31.5,5.8,30.8,5.69,29.4,27.0,5.4,30.1,5.545,27.0,7.333333333333333,26.119999999999997,25.866666666666664,30.1
47,7,Luka Doncic,0.0,DAL,MEM,-5.5,221.5,113.5,5,27.0,57.5,73.8,PG/SG,9600,0,34.0,27.0,109,106,11%,24,20,20,36,35,36,58.4,58.7,41.9,75.5,28.7,59.0,6.1,55.5,5.78,56.1,35.0,5.8,55.8,5.79,35.666666666666664,21.333333333333332,58.06,52.76666666666667,54.757009345794394
48,0,Jalen Brunson,0.0,DAL,MEM,-5.5,221.5,113.5,5,4.8,15.9,28.0,PG/SG,3700,0,21.0,12.0,109,106,11%,4,7,8,11,17,20,15.8,17.3,7.6,26.9,18.8,24.0,6.5,16.8,4.53,18.2,20.0,4.9,17.5,4.715,16.0,6.333333333333333,17.02,16.233333333333334,21.875
48,1,De'Anthony Melton,0.0,MEM,DAL,5.5,221.5,108.0,23,0.0,9.9,24.5,PG/SG,3000,0,0.0,0.0,103,107,-3%,2,1,1,6,5,5,2.9,2.9,0.3,5.5,20.2,21.3,7.1,7.3,2.42,14.2,16.0,4.7,10.75,3.56,5.333333333333333,1.3333333333333333,4.470000000000001,11.466666666666667,32.25
48,2,Chandler Hutchison,0.0,CHI,HOU,6.5,234.0,113.8,9,8.8,20.6,33.5,SF/PF,3200,2,0.0,0.0,110,112,18%,4,4,4,17,17,17,11.9,11.9,7.5,16.3,23.2,26.0,8.1,17.3,5.39,18.2,24.5,5.7,17.75,5.545,17.0,4.0,13.069999999999999,20.96666666666667,25.580882352941178
48,3,Hamidou Diallo,0.0,OKC,GS,-11.5,216.5,114.0,20,20.0,23.7,31.5,SG/SF,4100,1,21.0,15.0,105,116,19%,7,10,9,27,24,22,23.6,19.8,13.3,26.3,23.2,18.3,4.5,20.5,5.0,21.4,26.0,5.2,20.95,5.1,24.333333333333332,8.666666666666666,20.79,25.066666666666666,22.384931506849316
48,4,Dennis Schroder,0.0,OKC,GS,-11.5,216.5,114.0,19,9.8,27.6,41.3,PG/SG,5600,1,26.0,12.0,105,116,8%,11,14,13,29,30,29,27.6,27.9,15.1,40.7,33.2,35.5,6.3,29.8,5.31,28.0,28.5,5.0,28.9,5.154999999999999,29.333333333333332,12.666666666666666,28.04,26.233333333333334,28.078977272727272
48,5,Dwayne Bacon,0.0,CHA,NO,1.5,229.5,114.0,28,-0.5,15.8,39.5,SG/SF,4400,1,23.0,7.0,110,112,5%,6,9,12,17,24,26,15.8,19.6,6.0,33.2,27.0,18.8,4.3,20.3,4.6,20.3,23.5,4.6,20.3,4.6,22.333333333333332,9.0,18.98,18.266666666666666,21.36044776119403
48,6,Jaxson Hayes,0.0,NO,CHA,-1.5,229.5,115.5,1,7.0,15.9,28.3,C,3100,0,18.0,19.0,103,108,13%,3,5,5,16,16,16,15.8,15.8,8.1,23.6,18.1,14.3,4.6,14.5,4.68,9.9,10.5,3.2,12.2,3.94,16.0,4.333333333333333,15.1,17.066666666666666,8.00625
48,7,Jrue Holiday,0.0,NO,CHA,-1.5,229.5,115.5,3,29.0,35.8,41.3,PG/SG,7700,0,22.0,12.0,103,108,1%,15,15,15,32,33,34,35.8,34.6,29.0,40.3,36.3,40.3,5.2,40.0,5.19,39.0,34.0,5.1,39.5,5.145,33.0,15.0,35.839999999999996,35.36666666666667,40.696969696969695
