Lineup Num,,Player Name,injury_status,team,opp,spread,over_under,implied_team_score,L5_dvp_rank,L5_ppg_floor,L5_ppg_avg,L5_ppg_max,Pos,Salary,Rest,USG,PER,Opp Pace,Opp DEff,Opp DvP,L2 FGA,L5 FGA,S FGA,L2 Min,L5 Min,S Min,L5 FP,S FP,Floor FP,Ceil FP,Actual Min,Actual FP,Actual Val,FantasyFuelPPGProj,FantasyFuelValueProj,DFN_PPGProj,DFN_MinProj,DFN_ValueProj,Avg Proj,Avg Value Proj,Avg Skewed Min,Avg Skewed FGA,Avg Skewed FP,Avg L5 PPG,Proj Min Enhanced
0,0,Russell Westbrook,0.0,HOU,DEN,-4.5,223.5,114.0,6,46.8,52.6,60.5,PG,9600,1,34.0,18.0,100,103,-7%,30,27,22,39,38,36,52.6,49.3,38.1,60.5,33.8,44.8,4.7,48.0,5.0,48.9,35.5,5.1,48.45,5.05,37.666666666666664,26.333333333333332,49.79,53.300000000000004,45.66305309734514
0,1,Jalen Brunson,0.0,DAL,OKC,0.0,0.0,0.0,24,2.3,17.8,41.5,PG/SG,3600,1,22.0,17.0,101,105,-1%,3,6,7,9,18,18,17.8,17.6,5.7,29.4,23.2,11.0,3.1,12.0,3.33,22.8,24.0,6.3,17.4,4.8149999999999995,15.0,5.333333333333333,17.580000000000002,20.533333333333335,27.839999999999996
0,2,Alen Smailagic,0.0,GS,SA,11.0,216.5,102.8,25,7.3,10.0,12.8,PF/C,3000,2,0.0,0.0,103,109,-1%,3,3,3,12,12,12,10.0,10.0,6.1,13.9,10.2,14.8,4.9,13.3,4.42,9.3,11.5,3.1,11.3,3.76,12.0,3.0,10.26,10.033333333333333,10.829166666666667
0,3,Dorian Finney-Smith,0.0,DAL,OKC,0.0,0.0,0.0,24,18.0,24.8,29.0,SF/PF,4700,1,12.0,13.0,101,105,0%,7,6,7,30,31,29,24.8,20.1,13.4,26.9,31.4,11.5,2.4,20.8,4.41,21.8,32.5,4.6,21.3,4.505,30.0,6.666666666666667,21.300000000000004,23.933333333333334,23.075000000000003
0,4,Damion Lee,0.0,GS,SA,11.0,216.5,102.8,9,29.3,37.8,54.3,SG/SF,6200,2,20.0,15.0,103,109,2%,13,12,10,35,33,26,37.8,25.0,12.5,37.5,39.5,32.8,5.3,31.0,5.0,32.5,33.5,5.2,31.75,5.1,31.333333333333332,11.666666666666666,28.910000000000004,40.46666666666666,33.94547872340426
0,5,Ben McLemore,0.0,HOU,DEN,-4.5,223.5,114.0,14,10.3,14.8,23.5,SG/SF,4400,1,16.0,11.0,100,103,-6%,7,8,9,28,27,25,14.8,18.5,8.4,28.5,17.6,13.8,3.1,13.8,3.13,12.7,18.5,2.9,13.25,3.0149999999999997,26.666666666666668,8.0,16.69,16.2,9.1921875
0,6,Isaiah Hartenstein,0.0,HOU,DEN,-4.5,223.5,114.0,27,1.3,18.2,39.3,PF/C,5400,1,0.0,0.0,100,103,-2%,9,5,3,29,18,15,18.2,13.5,1.0,26.1,18.1,35.5,6.6,5.5,1.02,0.0,0.0,0.0,2.75,0.51,20.666666666666668,5.666666666666667,12.309999999999999,19.599999999999998,0.0
0,7,Glenn Robinson III,0.0,GS,SA,11.0,216.5,102.8,9,15.3,22.8,30.5,SG/SF,4400,2,15.0,12.0,103,109,2%,8,10,10,32,32,32,22.7,22.8,14.6,31.0,39.5,35.8,8.1,23.5,5.34,23.7,33.0,5.4,23.6,5.37,32.0,9.333333333333334,22.939999999999998,22.866666666666664,24.337500000000002
1,0,Delon Wright,0.0,DAL,OKC,0.0,0.0,0.0,24,15.8,27.4,31.3,PG/SG,4600,1,17.0,20.0,101,105,-1%,8,7,6,21,21,22,27.4,22.1,12.6,31.6,26.3,14.8,3.2,20.3,4.4,19.4,20.0,4.2,19.85,4.300000000000001,21.333333333333332,7.0,22.709999999999997,24.833333333333332,18.609375
1,1,Bryn Forbes,0.0,SA,GS,-11.0,216.5,113.8,27,6.3,14.5,29.3,PG/SG,4000,2,19.0,12.0,103,109,10%,8,6,10,27,24,26,14.4,19.0,10.3,27.7,31.5,19.8,5.0,18.8,4.69,19.7,25.0,4.9,19.25,4.795,25.666666666666668,8.0,18.13,16.7,18.75
1,2,Kevin Love,0.0,CLE,TOR,9.0,218.5,104.8,7,22.8,40.6,50.0,PF/C,7500,2,23.0,19.0,103,101,2%,16,13,12,35,31,31,40.5,37.7,25.4,50.0,30.3,31.3,4.2,39.8,5.3,39.1,31.5,5.2,39.45,5.25,32.333333333333336,13.666666666666666,38.61,37.800000000000004,38.43324742268042
1,3,OG Anunoby,0.0,TOR,CLE,-9.0,218.5,113.8,30,9.3,17.6,38.0,SF/PF,5000,1,15.0,13.0,102,112,3%,8,9,9,21,28,31,17.6,25.3,14.3,36.2,30.4,29.3,5.9,19.8,3.95,20.6,23.0,4.1,20.200000000000003,4.025,26.666666666666668,8.666666666666666,22.720000000000002,21.633333333333336,17.422500000000003
1,4,Shai Gilgeous-Alexander,0.0,OKC,DAL,0.0,0.0,0.0,19,32.3,42.3,49.8,PG/SG,7000,1,24.0,17.0,102,106,-4%,19,20,16,37,37,36,42.3,33.5,23.3,43.8,35.2,43.5,6.2,35.0,5.0,33.8,35.5,4.8,34.4,4.9,36.666666666666664,18.333333333333332,35.46,41.46666666666666,33.305454545454545
1,5,Danuel House Jr.,0.0,HOU,DEN,-4.5,223.5,114.0,19,14.8,24.2,33.5,SF/PF,5600,1,14.0,12.0,100,103,-2%,15,12,9,36,34,32,24.2,23.0,14.8,31.1,30.8,16.0,2.9,21.5,3.84,20.8,31.0,3.7,21.15,3.77,34.0,12.0,22.85,24.166666666666668,19.283823529411766
1,6,John Henson,0.0,CLE,TOR,9.0,218.5,104.8,13,0.0,14.0,26.5,C,3500,2,0.0,0.0,103,101,2%,3,3,3,16,15,13,18.4,15.2,8.2,22.3,5.9,5.5,1.6,12.8,3.64,12.5,12.0,3.6,12.65,3.62,14.666666666666666,3.0,15.35,13.5,10.350000000000001
1,7,Jamal Murray,0.0,DEN,HOU,4.5,223.5,109.5,21,18.3,29.2,46.3,PG/SG,6800,1,26.0,17.0,106,107,-2%,12,13,15,34,33,33,29.1,33.7,22.8,44.5,30.3,23.0,3.4,35.5,5.22,34.1,34.0,5.0,34.8,5.109999999999999,33.333333333333336,13.333333333333334,32.980000000000004,31.266666666666666,35.495999999999995
2,0,Dante Exum,0.0,CLE,TOR,9.0,218.5,104.8,3,-0.5,8.0,14.5,PG/SG,3300,2,0.0,0.0,103,101,-1%,5,4,3,16,11,9,7.8,6.1,1.3,10.8,14.9,7.3,2.2,14.3,4.32,11.9,15.0,3.6,13.100000000000001,3.96,12.0,4.0,7.82,7.333333333333333,16.375
2,1,Shai Gilgeous-Alexander,0.0,OKC,DAL,0.0,0.0,0.0,19,32.3,42.3,49.8,PG/SG,7000,1,24.0,17.0,102,106,-4%,19,20,16,37,37,36,42.3,33.5,23.3,43.8,35.2,43.5,6.2,35.0,5.0,33.8,35.5,4.8,34.4,4.9,36.666666666666664,18.333333333333332,35.46,41.46666666666666,33.305454545454545
2,2,Maxi Kleber,0.0,DAL,OKC,0.0,0.0,0.0,24,7.3,17.0,26.5,PF/C,3700,1,14.0,13.0,101,105,-11%,6,6,6,18,21,24,16.9,18.5,11.6,25.4,35.3,37.5,10.1,15.5,4.19,15.9,20.5,4.3,15.7,4.245,21.0,6.0,17.619999999999997,16.933333333333334,15.326190476190476
2,3,Lonnie Walker IV,0.0,SA,GS,-11.0,216.5,113.8,6,1.5,7.1,17.0,SG/SF,3200,2,22.0,11.0,103,109,10%,5,5,4,10,12,10,7.0,8.2,-1.9,18.2,11.1,13.3,4.2,12.8,3.98,10.1,11.5,3.2,11.45,3.59,10.666666666666666,4.666666666666667,8.59,8.533333333333333,12.344531250000001
2,4,Torrey Craig,0.0,DEN,HOU,4.5,223.5,109.5,24,0.0,4.0,6.8,SG/SF,3000,1,13.0,9.0,106,107,8%,2,2,3,5,6,12,4.0,8.3,0.7,15.9,21.1,6.8,2.3,13.8,4.58,13.4,19.0,4.5,13.600000000000001,4.54,7.666666666666667,2.3333333333333335,8.5,3.6,33.70434782608696
2,5,Darius Bazley,0.0,OKC,DAL,0.0,0.0,0.0,14,8.0,17.2,23.5,SF/PF,4200,1,13.0,7.0,102,106,0%,7,6,4,26,23,17,17.2,11.4,4.4,18.4,12.3,7.3,1.7,7.5,1.79,10.3,15.5,2.5,8.9,2.145,22.0,5.666666666666667,12.059999999999999,16.233333333333334,6.2704545454545455
2,6,Chris Boucher,0.0,TOR,CLE,-9.0,218.5,113.8,10,14.0,25.0,41.3,PF/C,4800,1,19.0,21.0,102,112,3%,6,7,5,18,20,13,25.4,14.9,2.8,27.0,15.8,15.5,3.2,22.8,4.74,21.2,18.0,4.4,22.0,4.57,17.0,6.0,18.419999999999998,26.766666666666666,23.294117647058826
2,7,Will Barton,0.0,DEN,HOU,4.5,223.5,109.5,21,24.0,34.9,44.5,PG/SF,6400,1,20.0,16.0,106,107,8%,16,13,13,33,33,33,34.9,32.8,23.4,42.3,37.1,37.3,5.8,32.5,5.08,32.2,34.0,5.0,32.35,5.04,33.0,14.0,33.14999999999999,34.46666666666667,33.33030303030303
3,0,Shai Gilgeous-Alexander,0.0,OKC,DAL,0.0,0.0,0.0,19,32.3,42.3,49.8,PG/SG,7000,1,24.0,17.0,102,106,-4%,19,20,16,37,37,36,42.3,33.5,23.3,43.8,35.2,43.5,6.2,35.0,5.0,33.8,35.5,4.8,34.4,4.9,36.666666666666664,18.333333333333332,35.46,41.46666666666666,33.305454545454545
3,1,Bryn Forbes,0.0,SA,GS,-11.0,216.5,113.8,27,6.3,14.5,29.3,PG/SG,4000,2,19.0,12.0,103,109,10%,8,6,10,27,24,26,14.4,19.0,10.3,27.7,31.5,19.8,5.0,18.8,4.69,19.7,25.0,4.9,19.25,4.795,25.666666666666668,8.0,18.13,16.7,18.75
3,2,Gary Clark,0.0,HOU,DEN,-4.5,223.5,114.0,27,0.0,9.0,21.5,PF/C,3800,1,13.0,12.0,100,103,-2%,4,3,3,17,13,12,9.0,9.4,0.8,17.9,3.2,4.8,1.3,17.0,4.47,0.0,0.0,0.0,8.5,2.235,14.0,3.3333333333333335,9.12,10.166666666666666,0.0
3,3,Will Barton,0.0,DEN,HOU,4.5,223.5,109.5,21,24.0,34.9,44.5,PG/SF,6400,1,20.0,16.0,106,107,8%,16,13,13,33,33,33,34.9,32.8,23.4,42.3,37.1,37.3,5.8,32.5,5.08,32.2,34.0,5.0,32.35,5.04,33.0,14.0,33.14999999999999,34.46666666666667,33.33030303030303
3,4,Matthew Dellavedova,0.0,CLE,TOR,9.0,218.5,104.8,3,6.8,14.2,18.8,PG/SG,3200,2,15.0,8.0,103,101,-1%,4,3,3,14,15,14,14.2,9.5,4.8,14.1,15.3,9.3,2.9,10.3,3.2,9.4,13.0,2.9,9.850000000000001,3.05,14.333333333333334,3.3333333333333335,10.489999999999998,13.266666666666666,8.933720930232559
3,5,Isaiah Hartenstein,0.0,HOU,DEN,-4.5,223.5,114.0,27,1.3,18.2,39.3,PF/C,5400,1,0.0,0.0,100,103,-2%,9,5,3,29,18,15,18.2,13.5,1.0,26.1,18.1,35.5,6.6,5.5,1.02,0.0,0.0,0.0,2.75,0.51,20.666666666666668,5.666666666666667,12.309999999999999,19.599999999999998,0.0
3,6,Serge Ibaka,0.0,TOR,CLE,-9.0,218.5,113.8,10,15.3,29.4,38.3,PF/C,7300,1,24.0,17.0,102,112,3%,13,13,11,32,31,25,29.4,28.2,18.9,37.5,33.5,40.5,5.5,39.8,5.45,39.3,32.5,5.4,39.55,5.425000000000001,29.333333333333332,12.333333333333334,30.71,27.666666666666668,43.819602272727266
3,7,Nikola Jokic,0.0,DEN,HOU,4.5,223.5,109.5,3,33.0,47.5,64.0,C,9300,1,27.0,24.0,106,107,-3%,14,14,14,30,30,31,48.1,44.6,32.3,57.0,32.0,34.0,3.7,47.8,5.13,45.1,32.0,4.8,46.45,4.965,30.333333333333332,14.0,45.69,48.166666666666664,49.002197802197806
4,0,Malik Beasley,0.0,DEN,HOU,4.5,223.5,109.5,21,1.0,15.5,25.0,PG/SG,3500,1,21.0,9.0,106,107,8%,6,9,7,13,18,16,15.5,11.6,3.9,19.3,19.6,15.0,4.3,16.3,4.64,15.6,20.5,4.5,15.95,4.57,15.666666666666666,7.333333333333333,13.25,13.833333333333334,20.870744680851065
4,1,Lonnie Walker IV,0.0,SA,GS,-11.0,216.5,113.8,6,1.5,7.1,17.0,SG/SF,3200,2,22.0,11.0,103,109,10%,5,5,4,10,12,10,7.0,8.2,-1.9,18.2,11.1,13.3,4.2,12.8,3.98,10.1,11.5,3.2,11.45,3.59,10.666666666666666,4.666666666666667,8.59,8.533333333333333,12.344531250000001
4,2,Darius Bazley,0.0,OKC,DAL,0.0,0.0,0.0,14,8.0,17.2,23.5,SF/PF,4200,1,13.0,7.0,102,106,0%,7,6,4,26,23,17,17.2,11.4,4.4,18.4,12.3,7.3,1.7,7.5,1.79,10.3,15.5,2.5,8.9,2.145,22.0,5.666666666666667,12.059999999999999,16.233333333333334,6.2704545454545455
4,3,Abdel Nader,0.0,OKC,DAL,0.0,0.0,0.0,14,5.3,9.7,14.0,SF,3100,1,16.0,10.0,102,106,0%,4,6,5,20,20,18,9.7,11.8,4.6,19.0,7.9,4.0,1.3,11.5,3.71,0.0,0.0,0.0,5.75,1.855,19.333333333333332,5.0,10.17,9.666666666666666,0.0
4,4,Kevin Porter Jr.,0.0,CLE,TOR,9.0,218.5,104.8,15,11.0,20.0,29.8,SG/SF,4200,2,19.0,10.0,103,101,-1%,10,8,7,28,23,22,20.0,17.1,9.4,24.8,28.3,23.5,5.6,20.3,4.82,20.3,24.5,4.8,20.3,4.8100000000000005,24.333333333333332,8.333333333333334,18.32,20.266666666666666,20.439041095890413
4,5,Chris Boucher,0.0,TOR,CLE,-9.0,218.5,113.8,10,14.0,25.0,41.3,PF/C,4800,1,19.0,21.0,102,112,3%,6,7,5,18,20,13,25.4,14.9,2.8,27.0,15.8,15.5,3.2,22.8,4.74,21.2,18.0,4.4,22.0,4.57,17.0,6.0,18.419999999999998,26.766666666666666,23.294117647058826
4,6,Kevin Love,0.0,CLE,TOR,9.0,218.5,104.8,7,22.8,40.6,50.0,PF/C,7500,2,23.0,19.0,103,101,2%,16,13,12,35,31,31,40.5,37.7,25.4,50.0,30.3,31.3,4.2,39.8,5.3,39.1,31.5,5.2,39.45,5.25,32.333333333333336,13.666666666666666,38.61,37.800000000000004,38.43324742268042
4,7,Nerlens Noel,0.0,OKC,DAL,0.0,0.0,0.0,21,15.8,22.1,30.5,C,4300,1,15.0,22.0,102,106,1%,4,4,5,19,18,20,22.1,22.1,14.9,29.3,22.8,34.5,8.0,17.8,4.13,19.2,18.0,4.5,18.5,4.3149999999999995,19.0,4.333333333333333,21.380000000000003,22.8,17.526315789473685
5,0,Will Barton,0.0,DEN,HOU,4.5,223.5,109.5,21,24.0,34.9,44.5,PG/SF,6400,1,20.0,16.0,106,107,8%,16,13,13,33,33,33,34.9,32.8,23.4,42.3,37.1,37.3,5.8,32.5,5.08,32.2,34.0,5.0,32.35,5.04,33.0,14.0,33.14999999999999,34.46666666666667,33.33030303030303
5,1,Jalen Brunson,0.0,DAL,OKC,0.0,0.0,0.0,24,2.3,17.8,41.5,PG/SG,3600,1,22.0,17.0,101,105,-1%,3,6,7,9,18,18,17.8,17.6,5.7,29.4,23.2,11.0,3.1,12.0,3.33,22.8,24.0,6.3,17.4,4.8149999999999995,15.0,5.333333333333333,17.580000000000002,20.533333333333335,27.839999999999996
5,2,Serge Ibaka,0.0,TOR,CLE,-9.0,218.5,113.8,10,15.3,29.4,38.3,PF/C,7300,1,24.0,17.0,102,112,3%,13,13,11,32,31,25,29.4,28.2,18.9,37.5,33.5,40.5,5.5,39.8,5.45,39.3,32.5,5.4,39.55,5.425000000000001,29.333333333333332,12.333333333333334,30.71,27.666666666666668,43.819602272727266
5,3,Torrey Craig,0.0,DEN,HOU,4.5,223.5,109.5,24,0.0,4.0,6.8,SG/SF,3000,1,13.0,9.0,106,107,8%,2,2,3,5,6,12,4.0,8.3,0.7,15.9,21.1,6.8,2.3,13.8,4.58,13.4,19.0,4.5,13.600000000000001,4.54,7.666666666666667,2.3333333333333335,8.5,3.6,33.70434782608696
5,4,Chris Paul,0.0,OKC,DAL,0.0,0.0,0.0,19,28.5,39.9,54.0,PG,7200,1,23.0,21.0,102,106,-10%,19,15,12,34,33,32,39.9,36.5,26.9,46.0,35.6,38.0,5.3,38.5,5.35,36.3,33.0,5.0,37.4,5.175,33.0,15.333333333333334,37.34,40.800000000000004,37.4
5,5,Abdel Nader,0.0,OKC,DAL,0.0,0.0,0.0,14,5.3,9.7,14.0,SF,3100,1,16.0,10.0,102,106,0%,4,6,5,20,20,18,9.7,11.8,4.6,19.0,7.9,4.0,1.3,11.5,3.71,0.0,0.0,0.0,5.75,1.855,19.333333333333332,5.0,10.17,9.666666666666666,0.0
5,6,Jerami Grant,0.0,DEN,HOU,4.5,223.5,109.5,15,14.8,19.7,26.5,PF/C,4600,1,18.0,13.0,106,107,11%,10,8,8,33,27,24,19.7,18.0,11.1,24.9,17.6,8.0,1.7,24.8,5.38,18.8,24.0,4.1,21.8,4.74,28.0,8.666666666666666,19.1,20.333333333333332,18.685714285714287
5,7,Seth Curry,0.0,DAL,OKC,0.0,0.0,0.0,24,1.0,11.0,25.8,PG/SG,3900,1,18.0,13.0,101,105,-8%,12,8,8,24,21,22,11.0,16.8,5.3,28.2,26.4,21.0,5.4,15.0,3.85,18.0,24.0,4.6,16.5,4.225,22.333333333333332,9.333333333333334,15.559999999999999,12.6,17.731343283582092
6,0,Collin Sexton,0.0,CLE,TOR,9.0,218.5,104.8,3,18.3,29.2,38.0,PG/SG,5800,2,27.0,15.0,103,101,-1%,19,17,16,33,31,31,29.6,27.1,20.3,33.9,31.6,26.3,4.5,25.8,4.44,28.6,31.5,4.9,27.200000000000003,4.67,31.666666666666668,17.333333333333332,27.619999999999997,28.5,27.056842105263158
6,1,Delon Wright,0.0,DAL,OKC,0.0,0.0,0.0,24,15.8,27.4,31.3,PG/SG,4600,1,17.0,20.0,101,105,-1%,8,7,6,21,21,22,27.4,22.1,12.6,31.6,26.3,14.8,3.2,20.3,4.4,19.4,20.0,4.2,19.85,4.300000000000001,21.333333333333332,7.0,22.709999999999997,24.833333333333332,18.609375
6,2,LaMarcus Aldridge,0.0,SA,GS,-11.0,216.5,113.8,4,23.5,44.0,65.8,PF/C,7600,2,23.0,22.0,103,109,-2%,16,18,16,30,32,33,49.1,38.2,26.5,49.9,37.5,45.5,6.0,36.5,4.8,37.9,32.0,5.0,37.2,4.9,31.666666666666668,16.666666666666668,40.18000000000001,44.43333333333334,37.591578947368426
6,3,Dorian Finney-Smith,0.0,DAL,OKC,0.0,0.0,0.0,24,18.0,24.8,29.0,SF/PF,4700,1,12.0,13.0,101,105,0%,7,6,7,30,31,29,24.8,20.1,13.4,26.9,31.4,11.5,2.4,20.8,4.41,21.8,32.5,4.6,21.3,4.505,30.0,6.666666666666667,21.300000000000004,23.933333333333334,23.075000000000003
6,4,Derrick White,0.0,SA,GS,-11.0,216.5,113.8,27,14.0,23.4,31.3,PG/SG,4100,2,18.0,14.0,103,109,8%,8,7,8,23,21,24,23.4,20.5,12.9,28.1,26.3,22.5,5.5,20.5,5.0,19.3,21.0,4.7,19.9,4.85,22.666666666666668,7.666666666666667,20.96,22.900000000000002,18.43676470588235
6,5,Justin Jackson,0.0,DAL,OKC,0.0,0.0,0.0,24,5.5,9.7,17.3,SF/PF,3000,1,16.0,11.0,101,105,0%,8,5,5,21,17,15,9.7,10.8,3.8,17.7,17.0,19.0,6.3,13.3,4.42,10.3,14.5,3.4,11.8,3.91,17.666666666666668,6.0,10.76,10.833333333333334,9.684905660377359
6,6,Serge Ibaka,0.0,TOR,CLE,-9.0,218.5,113.8,10,15.3,29.4,38.3,PF/C,7300,1,24.0,17.0,102,112,3%,13,13,11,32,31,25,29.4,28.2,18.9,37.5,33.5,40.5,5.5,39.8,5.45,39.3,32.5,5.4,39.55,5.425000000000001,29.333333333333332,12.333333333333334,30.71,27.666666666666668,43.819602272727266
6,7,Austin Rivers,0.0,HOU,DEN,-4.5,223.5,114.0,6,7.5,16.0,22.3,PG/SG,4500,1,15.0,10.0,100,103,-7%,10,8,7,26,21,24,15.9,15.8,7.8,23.7,9.6,1.5,0.3,10.5,2.33,9.8,15.5,2.2,10.15,2.265,23.666666666666668,8.333333333333334,14.670000000000002,15.266666666666666,6.647535211267606
7,0,Dejounte Murray,0.0,SA,GS,-11.0,216.5,113.8,27,15.3,27.8,34.0,PG,5900,2,22.0,18.0,103,109,8%,8,8,9,27,27,24,27.8,27.2,17.9,36.5,27.1,34.5,5.8,30.5,5.17,32.6,27.5,5.5,31.55,5.335,26.0,8.333333333333334,28.190000000000005,25.7,33.370192307692314
7,1,Fred VanVleet,0.0,TOR,CLE,-9.0,218.5,113.8,13,15.8,39.1,50.8,PG/SG,8400,1,24.0,17.0,102,112,6%,19,18,15,38,36,37,38.6,39.2,29.3,49.1,29.7,35.0,4.2,41.3,4.91,43.4,37.5,5.2,42.349999999999994,5.055,37.0,17.333333333333332,39.71,35.233333333333334,42.92229729729729
7,2,Omari Spellman,0.0,GS,SA,11.0,216.5,102.8,25,0.0,6.5,14.5,PF/C,3000,2,19.0,15.0,103,109,-1%,3,3,6,6,12,17,7.9,16.7,8.0,25.3,11.8,8.8,2.9,11.0,3.67,13.2,14.0,4.4,12.1,4.035,11.666666666666666,4.0,14.0,7.0,14.52
7,3,Oshae Brissett,0.0,TOR,CLE,-9.0,218.5,113.8,30,-0.5,4.1,14.0,SF/PF,3000,1,0.0,0.0,102,112,3%,5,2,2,16,8,7,4.0,3.6,-1.2,8.4,14.5,6.0,2.0,8.0,2.67,9.2,11.5,3.1,8.6,2.885,10.333333333333334,3.0,4.68,5.866666666666667,9.570967741935483
7,4,Eric Gordon,0.0,HOU,DEN,-4.5,223.5,114.0,14,8.3,19.8,28.3,SG/SF,4700,1,20.0,5.0,100,103,-6%,12,12,12,26,26,29,19.8,17.6,10.2,25.1,26.0,17.3,3.7,18.3,3.88,17.0,24.0,3.6,17.65,3.74,27.0,12.0,18.07,18.8,15.688888888888888
7,5,Mason Plumlee,0.0,DEN,HOU,4.5,223.5,109.5,15,11.8,20.2,26.3,PF/C,4400,1,20.0,19.0,106,107,-3%,7,5,5,21,19,17,20.2,19.6,11.7,27.5,12.3,4.5,1.0,21.0,4.77,17.2,16.5,3.9,19.1,4.335,19.0,5.666666666666667,19.619999999999997,19.433333333333334,16.58684210526316
7,6,Larry Nance Jr.,0.0,CLE,TOR,9.0,218.5,104.8,7,10.5,16.7,23.8,PF/C,4600,2,14.0,15.0,103,101,2%,5,5,7,24,21,25,16.7,22.2,13.1,31.4,19.9,16.8,3.7,21.3,4.62,17.6,19.5,3.8,19.450000000000003,4.21,23.333333333333332,5.666666666666667,20.57,17.0,16.254642857142862
7,7,Serge Ibaka,0.0,TOR,CLE,-9.0,218.5,113.8,10,15.3,29.4,38.3,PF/C,7300,1,24.0,17.0,102,112,3%,13,13,11,32,31,25,29.4,28.2,18.9,37.5,33.5,40.5,5.5,39.8,5.45,39.3,32.5,5.4,39.55,5.425000000000001,29.333333333333332,12.333333333333334,30.71,27.666666666666668,43.819602272727266
8,0,Seth Curry,0.0,DAL,OKC,0.0,0.0,0.0,24,1.0,11.0,25.8,PG/SG,3900,1,18.0,13.0,101,105,-8%,12,8,8,24,21,22,11.0,16.8,5.3,28.2,26.4,21.0,5.4,15.0,3.85,18.0,24.0,4.6,16.5,4.225,22.333333333333332,9.333333333333334,15.559999999999999,12.6,17.731343283582092
8,1,Marco Belinelli,0.0,SA,GS,-11.0,216.5,113.8,6,0.0,11.9,22.5,SG/SF,3100,2,17.0,8.0,103,109,10%,6,6,6,18,19,17,12.7,10.8,5.8,15.8,11.8,4.0,1.3,7.0,2.26,9.0,12.0,2.9,8.0,2.58,18.0,6.0,10.62,11.466666666666667,5.333333333333333
8,2,P.J. Tucker,0.0,HOU,DEN,-4.5,223.5,114.0,19,11.3,18.4,30.0,SF/PF,4700,1,10.0,10.0,100,103,-10%,7,6,7,35,36,36,18.6,24.7,15.4,34.0,33.9,15.0,3.2,22.0,4.68,22.2,34.5,4.7,22.1,4.6899999999999995,35.666666666666664,6.666666666666667,22.96,19.900000000000002,21.37710280373832
8,3,Darius Bazley,0.0,OKC,DAL,0.0,0.0,0.0,14,8.0,17.2,23.5,SF/PF,4200,1,13.0,7.0,102,106,0%,7,6,4,26,23,17,17.2,11.4,4.4,18.4,12.3,7.3,1.7,7.5,1.79,10.3,15.5,2.5,8.9,2.145,22.0,5.666666666666667,12.059999999999999,16.233333333333334,6.2704545454545455
8,4,Dejounte Murray,0.0,SA,GS,-11.0,216.5,113.8,27,15.3,27.8,34.0,PG,5900,2,22.0,18.0,103,109,8%,8,8,9,27,27,24,27.8,27.2,17.9,36.5,27.1,34.5,5.8,30.5,5.17,32.6,27.5,5.5,31.55,5.335,26.0,8.333333333333334,28.190000000000005,25.7,33.370192307692314
8,5,Lonnie Walker IV,0.0,SA,GS,-11.0,216.5,113.8,6,1.5,7.1,17.0,SG/SF,3200,2,22.0,11.0,103,109,10%,5,5,4,10,12,10,7.0,8.2,-1.9,18.2,11.1,13.3,4.2,12.8,3.98,10.1,11.5,3.2,11.45,3.59,10.666666666666666,4.666666666666667,8.59,8.533333333333333,12.344531250000001
8,6,Boban Marjanovic,0.0,DAL,OKC,0.0,0.0,0.0,4,0.0,9.7,42.5,C,3000,1,0.0,0.0,101,105,3%,2,2,4,3,7,10,9.7,11.9,-0.4,24.1,11.1,12.5,4.2,12.8,4.25,0.0,0.0,0.0,6.4,2.125,6.666666666666667,2.6666666666666665,10.34,17.400000000000002,0.0
8,7,Fred VanVleet,0.0,TOR,CLE,-9.0,218.5,113.8,13,15.8,39.1,50.8,PG/SG,8400,1,24.0,17.0,102,112,6%,19,18,15,38,36,37,38.6,39.2,29.3,49.1,29.7,35.0,4.2,41.3,4.91,43.4,37.5,5.2,42.349999999999994,5.055,37.0,17.333333333333332,39.71,35.233333333333334,42.92229729729729
9,0,Shai Gilgeous-Alexander,0.0,OKC,DAL,0.0,0.0,0.0,19,32.3,42.3,49.8,PG/SG,7000,1,24.0,17.0,102,106,-4%,19,20,16,37,37,36,42.3,33.5,23.3,43.8,35.2,43.5,6.2,35.0,5.0,33.8,35.5,4.8,34.4,4.9,36.666666666666664,18.333333333333332,35.46,41.46666666666666,33.305454545454545
9,1,Ben McLemore,0.0,HOU,DEN,-4.5,223.5,114.0,14,10.3,14.8,23.5,SG/SF,4400,1,16.0,11.0,100,103,-6%,7,8,9,28,27,25,14.8,18.5,8.4,28.5,17.6,13.8,3.1,13.8,3.13,12.7,18.5,2.9,13.25,3.0149999999999997,26.666666666666668,8.0,16.69,16.2,9.1921875
9,2,P.J. Tucker,0.0,HOU,DEN,-4.5,223.5,114.0,19,11.3,18.4,30.0,SF/PF,4700,1,10.0,10.0,100,103,-10%,7,6,7,35,36,36,18.6,24.7,15.4,34.0,33.9,15.0,3.2,22.0,4.68,22.2,34.5,4.7,22.1,4.6899999999999995,35.666666666666664,6.666666666666667,22.96,19.900000000000002,21.37710280373832
9,3,Dorian Finney-Smith,0.0,DAL,OKC,0.0,0.0,0.0,24,18.0,24.8,29.0,SF/PF,4700,1,12.0,13.0,101,105,0%,7,6,7,30,31,29,24.8,20.1,13.4,26.9,31.4,11.5,2.4,20.8,4.41,21.8,32.5,4.6,21.3,4.505,30.0,6.666666666666667,21.300000000000004,23.933333333333334,23.075000000000003
9,4,Lonnie Walker IV,0.0,SA,GS,-11.0,216.5,113.8,6,1.5,7.1,17.0,SG/SF,3200,2,22.0,11.0,103,109,10%,5,5,4,10,12,10,7.0,8.2,-1.9,18.2,11.1,13.3,4.2,12.8,3.98,10.1,11.5,3.2,11.45,3.59,10.666666666666666,4.666666666666667,8.59,8.533333333333333,12.344531250000001
9,5,Gary Clark,0.0,HOU,DEN,-4.5,223.5,114.0,27,0.0,9.0,21.5,PF/C,3800,1,13.0,12.0,100,103,-2%,4,3,3,17,13,12,9.0,9.4,0.8,17.9,3.2,4.8,1.3,17.0,4.47,0.0,0.0,0.0,8.5,2.235,14.0,3.3333333333333335,9.12,10.166666666666666,0.0
9,6,Nerlens Noel,0.0,OKC,DAL,0.0,0.0,0.0,21,15.8,22.1,30.5,C,4300,1,15.0,22.0,102,106,1%,4,4,5,19,18,20,22.1,22.1,14.9,29.3,22.8,34.5,8.0,17.8,4.13,19.2,18.0,4.5,18.5,4.3149999999999995,19.0,4.333333333333333,21.380000000000003,22.8,17.526315789473685
9,7,Justin Jackson,0.0,DAL,OKC,0.0,0.0,0.0,24,5.5,9.7,17.3,SF/PF,3000,1,16.0,11.0,101,105,0%,8,5,5,21,17,15,9.7,10.8,3.8,17.7,17.0,19.0,6.3,13.3,4.42,10.3,14.5,3.4,11.8,3.91,17.666666666666668,6.0,10.76,10.833333333333334,9.684905660377359
10,0,Dante Exum,0.0,CLE,TOR,9.0,218.5,104.8,3,-0.5,8.0,14.5,PG/SG,3300,2,0.0,0.0,103,101,-1%,5,4,3,16,11,9,7.8,6.1,1.3,10.8,14.9,7.3,2.2,14.3,4.32,11.9,15.0,3.6,13.100000000000001,3.96,12.0,4.0,7.82,7.333333333333333,16.375
10,1,Terrance Ferguson,0.0,OKC,DAL,0.0,0.0,0.0,18,4.8,8.2,15.3,SG/SF,3200,1,9.0,4.0,102,106,-4%,4,4,5,32,29,28,8.2,11.3,5.4,17.3,17.5,1.3,0.4,14.8,4.61,11.8,25.0,3.7,13.3,4.155,29.666666666666668,4.333333333333333,11.1,9.433333333333334,11.207865168539326
10,2,Danuel House Jr.,0.0,HOU,DEN,-4.5,223.5,114.0,19,14.8,24.2,33.5,SF/PF,5600,1,14.0,12.0,100,103,-2%,15,12,9,36,34,32,24.2,23.0,14.8,31.1,30.8,16.0,2.9,21.5,3.84,20.8,31.0,3.7,21.15,3.77,34.0,12.0,22.85,24.166666666666668,19.283823529411766
10,3,Cedi Osman,0.0,CLE,TOR,9.0,218.5,104.8,25,16.8,23.5,28.3,SF/PF,4400,2,16.0,10.0,103,101,0%,9,11,9,28,29,29,23.4,20.0,11.7,28.4,24.9,29.0,6.6,21.5,4.89,20.1,28.0,4.6,20.8,4.744999999999999,28.666666666666668,9.666666666666666,20.86,22.866666666666664,20.316279069767443
10,4,Bryn Forbes,0.0,SA,GS,-11.0,216.5,113.8,27,6.3,14.5,29.3,PG/SG,4000,2,19.0,12.0,103,109,10%,8,6,10,27,24,26,14.4,19.0,10.3,27.7,31.5,19.8,5.0,18.8,4.69,19.7,25.0,4.9,19.25,4.795,25.666666666666668,8.0,18.13,16.7,18.75
10,5,Marquese Chriss,0.0,GS,SA,11.0,216.5,102.8,25,4.3,14.4,29.3,PF/C,4100,2,20.0,18.0,103,109,-1%,5,5,5,15,13,17,14.4,19.0,9.2,28.8,34.0,30.8,7.5,26.5,6.46,27.3,26.0,6.7,26.9,6.58,15.0,5.0,19.660000000000004,16.0,46.626666666666665
10,6,Kevin Love,0.0,CLE,TOR,9.0,218.5,104.8,7,22.8,40.6,50.0,PF/C,7500,2,23.0,19.0,103,101,2%,16,13,12,35,31,31,40.5,37.7,25.4,50.0,30.3,31.3,4.2,39.8,5.3,39.1,31.5,5.2,39.45,5.25,32.333333333333336,13.666666666666666,38.61,37.800000000000004,38.43324742268042
10,7,Eric Gordon,0.0,HOU,DEN,-4.5,223.5,114.0,14,8.3,19.8,28.3,SG/SF,4700,1,20.0,5.0,100,103,-6%,12,12,12,26,26,29,19.8,17.6,10.2,25.1,26.0,17.3,3.7,18.3,3.88,17.0,24.0,3.6,17.65,3.74,27.0,12.0,18.07,18.8,15.688888888888888
11,0,Dante Exum,0.0,CLE,TOR,9.0,218.5,104.8,3,-0.5,8.0,14.5,PG/SG,3300,2,0.0,0.0,103,101,-1%,5,4,3,16,11,9,7.8,6.1,1.3,10.8,14.9,7.3,2.2,14.3,4.32,11.9,15.0,3.6,13.100000000000001,3.96,12.0,4.0,7.82,7.333333333333333,16.375
11,1,Terrance Ferguson,0.0,OKC,DAL,0.0,0.0,0.0,18,4.8,8.2,15.3,SG/SF,3200,1,9.0,4.0,102,106,-4%,4,4,5,32,29,28,8.2,11.3,5.4,17.3,17.5,1.3,0.4,14.8,4.61,11.8,25.0,3.7,13.3,4.155,29.666666666666668,4.333333333333333,11.1,9.433333333333334,11.207865168539326
11,2,Omari Spellman,0.0,GS,SA,11.0,216.5,102.8,25,0.0,6.5,14.5,PF/C,3000,2,19.0,15.0,103,109,-1%,3,3,6,6,12,17,7.9,16.7,8.0,25.3,11.8,8.8,2.9,11.0,3.67,13.2,14.0,4.4,12.1,4.035,11.666666666666666,4.0,14.0,7.0,14.52
11,3,Dorian Finney-Smith,0.0,DAL,OKC,0.0,0.0,0.0,24,18.0,24.8,29.0,SF/PF,4700,1,12.0,13.0,101,105,0%,7,6,7,30,31,29,24.8,20.1,13.4,26.9,31.4,11.5,2.4,20.8,4.41,21.8,32.5,4.6,21.3,4.505,30.0,6.666666666666667,21.300000000000004,23.933333333333334,23.075000000000003
11,4,Terence Davis,0.0,TOR,CLE,-9.0,218.5,113.8,13,15.3,20.1,28.5,PG/SG,4400,1,17.0,15.0,102,112,3%,7,6,6,24,23,18,20.1,15.8,6.9,24.8,24.6,27.0,6.1,23.3,5.28,20.9,22.5,4.8,22.1,5.04,21.666666666666668,6.333333333333333,17.940000000000005,21.3,22.95
11,5,Kevin Love,0.0,CLE,TOR,9.0,218.5,104.8,7,22.8,40.6,50.0,PF/C,7500,2,23.0,19.0,103,101,2%,16,13,12,35,31,31,40.5,37.7,25.4,50.0,30.3,31.3,4.2,39.8,5.3,39.1,31.5,5.2,39.45,5.25,32.333333333333336,13.666666666666666,38.61,37.800000000000004,38.43324742268042
11,6,Larry Nance Jr.,0.0,CLE,TOR,9.0,218.5,104.8,7,10.5,16.7,23.8,PF/C,4600,2,14.0,15.0,103,101,2%,5,5,7,24,21,25,16.7,22.2,13.1,31.4,19.9,16.8,3.7,21.3,4.62,17.6,19.5,3.8,19.450000000000003,4.21,23.333333333333332,5.666666666666667,20.57,17.0,16.254642857142862
11,7,Alec Burks,0.0,GS,SA,11.0,216.5,102.8,7,22.3,31.3,48.5,PG/SG,5300,2,23.0,17.0,103,109,2%,13,12,13,26,28,30,31.3,29.7,19.3,40.2,38.2,45.0,8.5,31.0,5.85,29.8,30.0,5.6,30.4,5.725,28.0,12.666666666666666,30.18,34.03333333333333,32.57142857142857
12,0,Seth Curry,0.0,DAL,OKC,0.0,0.0,0.0,24,1.0,11.0,25.8,PG/SG,3900,1,18.0,13.0,101,105,-8%,12,8,8,24,21,22,11.0,16.8,5.3,28.2,26.4,21.0,5.4,15.0,3.85,18.0,24.0,4.6,16.5,4.225,22.333333333333332,9.333333333333334,15.559999999999999,12.6,17.731343283582092
12,1,Matthew Dellavedova,0.0,CLE,TOR,9.0,218.5,104.8,3,6.8,14.2,18.8,PG/SG,3200,2,15.0,8.0,103,101,-1%,4,3,3,14,15,14,14.2,9.5,4.8,14.1,15.3,9.3,2.9,10.3,3.2,9.4,13.0,2.9,9.850000000000001,3.05,14.333333333333334,3.3333333333333335,10.489999999999998,13.266666666666666,8.933720930232559
12,2,Omari Spellman,0.0,GS,SA,11.0,216.5,102.8,25,0.0,6.5,14.5,PF/C,3000,2,19.0,15.0,103,109,-1%,3,3,6,6,12,17,7.9,16.7,8.0,25.3,11.8,8.8,2.9,11.0,3.67,13.2,14.0,4.4,12.1,4.035,11.666666666666666,4.0,14.0,7.0,14.52
12,3,Draymond Green,0.0,GS,SA,11.0,216.5,102.8,7,27.3,33.4,41.3,PG/SF,6100,2,19.0,13.0,103,109,-1%,12,10,8,30,32,29,33.4,30.1,18.6,41.5,35.8,41.5,6.8,35.5,5.82,34.1,32.0,5.6,34.8,5.71,30.333333333333332,10.0,31.679999999999996,34.0,36.71208791208791
12,4,Eric Gordon,0.0,HOU,DEN,-4.5,223.5,114.0,14,8.3,19.8,28.3,SG/SF,4700,1,20.0,5.0,100,103,-6%,12,12,12,26,26,29,19.8,17.6,10.2,25.1,26.0,17.3,3.7,18.3,3.88,17.0,24.0,3.6,17.65,3.74,27.0,12.0,18.07,18.8,15.688888888888888
12,5,Oshae Brissett,0.0,TOR,CLE,-9.0,218.5,113.8,30,-0.5,4.1,14.0,SF/PF,3000,1,0.0,0.0,102,112,3%,5,2,2,16,8,7,4.0,3.6,-1.2,8.4,14.5,6.0,2.0,8.0,2.67,9.2,11.5,3.1,8.6,2.885,10.333333333333334,3.0,4.68,5.866666666666667,9.570967741935483
12,6,Isaiah Hartenstein,0.0,HOU,DEN,-4.5,223.5,114.0,27,1.3,18.2,39.3,PF/C,5400,1,0.0,0.0,100,103,-2%,9,5,3,29,18,15,18.2,13.5,1.0,26.1,18.1,35.5,6.6,5.5,1.02,0.0,0.0,0.0,2.75,0.51,20.666666666666668,5.666666666666667,12.309999999999999,19.599999999999998,0.0
12,7,Fred VanVleet,0.0,TOR,CLE,-9.0,218.5,113.8,13,15.8,39.1,50.8,PG/SG,8400,1,24.0,17.0,102,112,6%,19,18,15,38,36,37,38.6,39.2,29.3,49.1,29.7,35.0,4.2,41.3,4.91,43.4,37.5,5.2,42.349999999999994,5.055,37.0,17.333333333333332,39.71,35.233333333333334,42.92229729729729
13,0,Matthew Dellavedova,0.0,CLE,TOR,9.0,218.5,104.8,3,6.8,14.2,18.8,PG/SG,3200,2,15.0,8.0,103,101,-1%,4,3,3,14,15,14,14.2,9.5,4.8,14.1,15.3,9.3,2.9,10.3,3.2,9.4,13.0,2.9,9.850000000000001,3.05,14.333333333333334,3.3333333333333335,10.489999999999998,13.266666666666666,8.933720930232559
13,1,Patrick McCaw,0.0,TOR,CLE,-9.0,218.5,113.8,8,7.3,20.3,42.8,SG/SF,4200,1,11.0,8.0,102,112,11%,11,7,5,40,32,27,20.3,14.5,3.5,25.6,22.1,19.5,4.6,20.0,4.76,20.8,35.0,5.0,20.4,4.88,33.0,7.666666666666667,16.86,23.46666666666667,21.636363636363637
13,2,Isaiah Hartenstein,0.0,HOU,DEN,-4.5,223.5,114.0,27,1.3,18.2,39.3,PF/C,5400,1,0.0,0.0,100,103,-2%,9,5,3,29,18,15,18.2,13.5,1.0,26.1,18.1,35.5,6.6,5.5,1.02,0.0,0.0,0.0,2.75,0.51,20.666666666666668,5.666666666666667,12.309999999999999,19.599999999999998,0.0
13,3,Danuel House Jr.,0.0,HOU,DEN,-4.5,223.5,114.0,19,14.8,24.2,33.5,SF/PF,5600,1,14.0,12.0,100,103,-2%,15,12,9,36,34,32,24.2,23.0,14.8,31.1,30.8,16.0,2.9,21.5,3.84,20.8,31.0,3.7,21.15,3.77,34.0,12.0,22.85,24.166666666666668,19.283823529411766
13,4,Draymond Green,0.0,GS,SA,11.0,216.5,102.8,7,27.3,33.4,41.3,PG/SF,6100,2,19.0,13.0,103,109,-1%,12,10,8,30,32,29,33.4,30.1,18.6,41.5,35.8,41.5,6.8,35.5,5.82,34.1,32.0,5.6,34.8,5.71,30.333333333333332,10.0,31.679999999999996,34.0,36.71208791208791
13,5,Glenn Robinson III,0.0,GS,SA,11.0,216.5,102.8,9,15.3,22.8,30.5,SG/SF,4400,2,15.0,12.0,103,109,2%,8,10,10,32,32,32,22.7,22.8,14.6,31.0,39.5,35.8,8.1,23.5,5.34,23.7,33.0,5.4,23.6,5.37,32.0,9.333333333333334,22.939999999999998,22.866666666666664,24.337500000000002
13,6,Trey Lyles,0.0,SA,GS,-11.0,216.5,113.8,4,6.5,16.8,36.5,PF/C,3500,2,13.0,13.0,103,109,-2%,5,5,4,21,18,18,16.8,15.5,7.6,23.3,15.0,10.3,2.9,19.3,5.5,18.3,20.5,5.2,18.8,5.35,19.0,4.666666666666667,16.4,19.933333333333334,20.284210526315793
13,7,Marquese Chriss,0.0,GS,SA,11.0,216.5,102.8,25,4.3,14.4,29.3,PF/C,4100,2,20.0,18.0,103,109,-1%,5,5,5,15,13,17,14.4,19.0,9.2,28.8,34.0,30.8,7.5,26.5,6.46,27.3,26.0,6.7,26.9,6.58,15.0,5.0,19.660000000000004,16.0,46.626666666666665
14,0,Chris Paul,0.0,OKC,DAL,0.0,0.0,0.0,19,28.5,39.9,54.0,PG,7200,1,23.0,21.0,102,106,-10%,19,15,12,34,33,32,39.9,36.5,26.9,46.0,35.6,38.0,5.3,38.5,5.35,36.3,33.0,5.0,37.4,5.175,33.0,15.333333333333334,37.34,40.800000000000004,37.4
14,1,Kevin Porter Jr.,0.0,CLE,TOR,9.0,218.5,104.8,15,11.0,20.0,29.8,SG/SF,4200,2,19.0,10.0,103,101,-1%,10,8,7,28,23,22,20.0,17.1,9.4,24.8,28.3,23.5,5.6,20.3,4.82,20.3,24.5,4.8,20.3,4.8100000000000005,24.333333333333332,8.333333333333334,18.32,20.266666666666666,20.439041095890413
14,2,Dorian Finney-Smith,0.0,DAL,OKC,0.0,0.0,0.0,24,18.0,24.8,29.0,SF/PF,4700,1,12.0,13.0,101,105,0%,7,6,7,30,31,29,24.8,20.1,13.4,26.9,31.4,11.5,2.4,20.8,4.41,21.8,32.5,4.6,21.3,4.505,30.0,6.666666666666667,21.300000000000004,23.933333333333334,23.075000000000003
14,3,P.J. Tucker,0.0,HOU,DEN,-4.5,223.5,114.0,19,11.3,18.4,30.0,SF/PF,4700,1,10.0,10.0,100,103,-10%,7,6,7,35,36,36,18.6,24.7,15.4,34.0,33.9,15.0,3.2,22.0,4.68,22.2,34.5,4.7,22.1,4.6899999999999995,35.666666666666664,6.666666666666667,22.96,19.900000000000002,21.37710280373832
14,4,Torrey Craig,0.0,DEN,HOU,4.5,223.5,109.5,24,0.0,4.0,6.8,SG/SF,3000,1,13.0,9.0,106,107,8%,2,2,3,5,6,12,4.0,8.3,0.7,15.9,21.1,6.8,2.3,13.8,4.58,13.4,19.0,4.5,13.600000000000001,4.54,7.666666666666667,2.3333333333333335,8.5,3.6,33.70434782608696
14,5,Darius Bazley,0.0,OKC,DAL,0.0,0.0,0.0,14,8.0,17.2,23.5,SF/PF,4200,1,13.0,7.0,102,106,0%,7,6,4,26,23,17,17.2,11.4,4.4,18.4,12.3,7.3,1.7,7.5,1.79,10.3,15.5,2.5,8.9,2.145,22.0,5.666666666666667,12.059999999999999,16.233333333333334,6.2704545454545455
14,6,Nerlens Noel,0.0,OKC,DAL,0.0,0.0,0.0,21,15.8,22.1,30.5,C,4300,1,15.0,22.0,102,106,1%,4,4,5,19,18,20,22.1,22.1,14.9,29.3,22.8,34.5,8.0,17.8,4.13,19.2,18.0,4.5,18.5,4.3149999999999995,19.0,4.333333333333333,21.380000000000003,22.8,17.526315789473685
14,7,Rudy Gay,0.0,SA,GS,-11.0,216.5,113.8,23,7.0,21.5,40.5,SF/PF,5100,2,21.0,16.0,103,109,2%,10,8,9,23,22,23,27.5,24.1,16.0,32.3,19.2,10.0,2.0,24.0,4.71,22.7,21.0,4.5,23.35,4.605,22.666666666666668,9.0,24.65,23.0,21.63308823529412
16,0,Dante Exum,0.0,CLE,TOR,9.0,218.5,104.8,3,-0.5,8.0,14.5,PG/SG,3300,2,0.0,0.0,103,101,-1%,5,4,3,16,11,9,7.8,6.1,1.3,10.8,14.9,7.3,2.2,14.3,4.32,11.9,15.0,3.6,13.100000000000001,3.96,12.0,4.0,7.82,7.333333333333333,16.375
16,1,Terence Davis,0.0,TOR,CLE,-9.0,218.5,113.8,13,15.3,20.1,28.5,PG/SG,4400,1,17.0,15.0,102,112,3%,7,6,6,24,23,18,20.1,15.8,6.9,24.8,24.6,27.0,6.1,23.3,5.28,20.9,22.5,4.8,22.1,5.04,21.666666666666668,6.333333333333333,17.940000000000005,21.3,22.95
16,2,Gary Clark,0.0,HOU,DEN,-4.5,223.5,114.0,27,0.0,9.0,21.5,PF/C,3800,1,13.0,12.0,100,103,-2%,4,3,3,17,13,12,9.0,9.4,0.8,17.9,3.2,4.8,1.3,17.0,4.47,0.0,0.0,0.0,8.5,2.235,14.0,3.3333333333333335,9.12,10.166666666666666,0.0
16,3,DeMar DeRozan,0.0,SA,GS,-11.0,216.5,113.8,6,26.0,37.8,51.3,SG/SF,7100,2,27.0,20.0,103,109,10%,16,14,16,33,32,34,36.3,37.2,29.8,44.7,37.5,41.8,5.9,36.3,5.11,37.3,33.0,5.3,36.8,5.205,33.0,15.333333333333334,36.96,38.36666666666667,36.8
16,4,Ben McLemore,0.0,HOU,DEN,-4.5,223.5,114.0,14,10.3,14.8,23.5,SG/SF,4400,1,16.0,11.0,100,103,-6%,7,8,9,28,27,25,14.8,18.5,8.4,28.5,17.6,13.8,3.1,13.8,3.13,12.7,18.5,2.9,13.25,3.0149999999999997,26.666666666666668,8.0,16.69,16.2,9.1921875
16,5,Maxi Kleber,0.0,DAL,OKC,0.0,0.0,0.0,24,7.3,17.0,26.5,PF/C,3700,1,14.0,13.0,101,105,-11%,6,6,6,18,21,24,16.9,18.5,11.6,25.4,35.3,37.5,10.1,15.5,4.19,15.9,20.5,4.3,15.7,4.245,21.0,6.0,17.619999999999997,16.933333333333334,15.326190476190476
16,6,Omari Spellman,0.0,GS,SA,11.0,216.5,102.8,25,0.0,6.5,14.5,PF/C,3000,2,19.0,15.0,103,109,-1%,3,3,6,6,12,17,7.9,16.7,8.0,25.3,11.8,8.8,2.9,11.0,3.67,13.2,14.0,4.4,12.1,4.035,11.666666666666666,4.0,14.0,7.0,14.52
16,7,Abdel Nader,0.0,OKC,DAL,0.0,0.0,0.0,14,5.3,9.7,14.0,SF,3100,1,16.0,10.0,102,106,0%,4,6,5,20,20,18,9.7,11.8,4.6,19.0,7.9,4.0,1.3,11.5,3.71,0.0,0.0,0.0,5.75,1.855,19.333333333333332,5.0,10.17,9.666666666666666,0.0
17,0,Derrick White,0.0,SA,GS,-11.0,216.5,113.8,27,14.0,23.4,31.3,PG/SG,4100,2,18.0,14.0,103,109,8%,8,7,8,23,21,24,23.4,20.5,12.9,28.1,26.3,22.5,5.5,20.5,5.0,19.3,21.0,4.7,19.9,4.85,22.666666666666668,7.666666666666667,20.96,22.900000000000002,18.43676470588235
17,1,Malik Beasley,0.0,DEN,HOU,4.5,223.5,109.5,21,1.0,15.5,25.0,PG/SG,3500,1,21.0,9.0,106,107,8%,6,9,7,13,18,16,15.5,11.6,3.9,19.3,19.6,15.0,4.3,16.3,4.64,15.6,20.5,4.5,15.95,4.57,15.666666666666666,7.333333333333333,13.25,13.833333333333334,20.870744680851065
17,2,Rudy Gay,0.0,SA,GS,-11.0,216.5,113.8,23,7.0,21.5,40.5,SF/PF,5100,2,21.0,16.0,103,109,2%,10,8,9,23,22,23,27.5,24.1,16.0,32.3,19.2,10.0,2.0,24.0,4.71,22.7,21.0,4.5,23.35,4.605,22.666666666666668,9.0,24.65,23.0,21.63308823529412
17,3,Danuel House Jr.,0.0,HOU,DEN,-4.5,223.5,114.0,19,14.8,24.2,33.5,SF/PF,5600,1,14.0,12.0,100,103,-2%,15,12,9,36,34,32,24.2,23.0,14.8,31.1,30.8,16.0,2.9,21.5,3.84,20.8,31.0,3.7,21.15,3.77,34.0,12.0,22.85,24.166666666666668,19.283823529411766
17,4,Chris Paul,0.0,OKC,DAL,0.0,0.0,0.0,19,28.5,39.9,54.0,PG,7200,1,23.0,21.0,102,106,-10%,19,15,12,34,33,32,39.9,36.5,26.9,46.0,35.6,38.0,5.3,38.5,5.35,36.3,33.0,5.0,37.4,5.175,33.0,15.333333333333334,37.34,40.800000000000004,37.4
17,5,Maxi Kleber,0.0,DAL,OKC,0.0,0.0,0.0,24,7.3,17.0,26.5,PF/C,3700,1,14.0,13.0,101,105,-11%,6,6,6,18,21,24,16.9,18.5,11.6,25.4,35.3,37.5,10.1,15.5,4.19,15.9,20.5,4.3,15.7,4.245,21.0,6.0,17.619999999999997,16.933333333333334,15.326190476190476
17,6,Nerlens Noel,0.0,OKC,DAL,0.0,0.0,0.0,21,15.8,22.1,30.5,C,4300,1,15.0,22.0,102,106,1%,4,4,5,19,18,20,22.1,22.1,14.9,29.3,22.8,34.5,8.0,17.8,4.13,19.2,18.0,4.5,18.5,4.3149999999999995,19.0,4.333333333333333,21.380000000000003,22.8,17.526315789473685
17,7,Draymond Green,0.0,GS,SA,11.0,216.5,102.8,7,27.3,33.4,41.3,PG/SF,6100,2,19.0,13.0,103,109,-1%,12,10,8,30,32,29,33.4,30.1,18.6,41.5,35.8,41.5,6.8,35.5,5.82,34.1,32.0,5.6,34.8,5.71,30.333333333333332,10.0,31.679999999999996,34.0,36.71208791208791
19,0,Fred VanVleet,0.0,TOR,CLE,-9.0,218.5,113.8,13,15.8,39.1,50.8,PG/SG,8400,1,24.0,17.0,102,112,6%,19,18,15,38,36,37,38.6,39.2,29.3,49.1,29.7,35.0,4.2,41.3,4.91,43.4,37.5,5.2,42.349999999999994,5.055,37.0,17.333333333333332,39.71,35.233333333333334,42.92229729729729
19,1,Lonnie Walker IV,0.0,SA,GS,-11.0,216.5,113.8,6,1.5,7.1,17.0,SG/SF,3200,2,22.0,11.0,103,109,10%,5,5,4,10,12,10,7.0,8.2,-1.9,18.2,11.1,13.3,4.2,12.8,3.98,10.1,11.5,3.2,11.45,3.59,10.666666666666666,4.666666666666667,8.59,8.533333333333333,12.344531250000001
19,2,Larry Nance Jr.,0.0,CLE,TOR,9.0,218.5,104.8,7,10.5,16.7,23.8,PF/C,4600,2,14.0,15.0,103,101,2%,5,5,7,24,21,25,16.7,22.2,13.1,31.4,19.9,16.8,3.7,21.3,4.62,17.6,19.5,3.8,19.450000000000003,4.21,23.333333333333332,5.666666666666667,20.57,17.0,16.254642857142862
19,3,Will Barton,0.0,DEN,HOU,4.5,223.5,109.5,21,24.0,34.9,44.5,PG/SF,6400,1,20.0,16.0,106,107,8%,16,13,13,33,33,33,34.9,32.8,23.4,42.3,37.1,37.3,5.8,32.5,5.08,32.2,34.0,5.0,32.35,5.04,33.0,14.0,33.14999999999999,34.46666666666667,33.33030303030303
19,4,Marco Belinelli,0.0,SA,GS,-11.0,216.5,113.8,6,0.0,11.9,22.5,SG/SF,3100,2,17.0,8.0,103,109,10%,6,6,6,18,19,17,12.7,10.8,5.8,15.8,11.8,4.0,1.3,7.0,2.26,9.0,12.0,2.9,8.0,2.58,18.0,6.0,10.62,11.466666666666667,5.333333333333333
19,5,Kevin Love,0.0,CLE,TOR,9.0,218.5,104.8,7,22.8,40.6,50.0,PF/C,7500,2,23.0,19.0,103,101,2%,16,13,12,35,31,31,40.5,37.7,25.4,50.0,30.3,31.3,4.2,39.8,5.3,39.1,31.5,5.2,39.45,5.25,32.333333333333336,13.666666666666666,38.61,37.800000000000004,38.43324742268042
19,6,Isaiah Hartenstein,0.0,HOU,DEN,-4.5,223.5,114.0,27,1.3,18.2,39.3,PF/C,5400,1,0.0,0.0,100,103,-2%,9,5,3,29,18,15,18.2,13.5,1.0,26.1,18.1,35.5,6.6,5.5,1.02,0.0,0.0,0.0,2.75,0.51,20.666666666666668,5.666666666666667,12.309999999999999,19.599999999999998,0.0
19,7,DeMar DeRozan,0.0,SA,GS,-11.0,216.5,113.8,6,26.0,37.8,51.3,SG/SF,7100,2,27.0,20.0,103,109,10%,16,14,16,33,32,34,36.3,37.2,29.8,44.7,37.5,41.8,5.9,36.3,5.11,37.3,33.0,5.3,36.8,5.205,33.0,15.333333333333334,36.96,38.36666666666667,36.8
20,0,Russell Westbrook,0.0,HOU,DEN,-4.5,223.5,114.0,6,46.8,52.6,60.5,PG,9600,1,34.0,18.0,100,103,-7%,30,27,22,39,38,36,52.6,49.3,38.1,60.5,33.8,44.8,4.7,48.0,5.0,48.9,35.5,5.1,48.45,5.05,37.666666666666664,26.333333333333332,49.79,53.300000000000004,45.66305309734514
20,1,Glenn Robinson III,0.0,GS,SA,11.0,216.5,102.8,9,15.3,22.8,30.5,SG/SF,4400,2,15.0,12.0,103,109,2%,8,10,10,32,32,32,22.7,22.8,14.6,31.0,39.5,35.8,8.1,23.5,5.34,23.7,33.0,5.4,23.6,5.37,32.0,9.333333333333334,22.939999999999998,22.866666666666664,24.337500000000002
20,2,Gary Clark,0.0,HOU,DEN,-4.5,223.5,114.0,27,0.0,9.0,21.5,PF/C,3800,1,13.0,12.0,100,103,-2%,4,3,3,17,13,12,9.0,9.4,0.8,17.9,3.2,4.8,1.3,17.0,4.47,0.0,0.0,0.0,8.5,2.235,14.0,3.3333333333333335,9.12,10.166666666666666,0.0
20,3,Kevin Porter Jr.,0.0,CLE,TOR,9.0,218.5,104.8,15,11.0,20.0,29.8,SG/SF,4200,2,19.0,10.0,103,101,-1%,10,8,7,28,23,22,20.0,17.1,9.4,24.8,28.3,23.5,5.6,20.3,4.82,20.3,24.5,4.8,20.3,4.8100000000000005,24.333333333333332,8.333333333333334,18.32,20.266666666666666,20.439041095890413
20,4,Marco Belinelli,0.0,SA,GS,-11.0,216.5,113.8,6,0.0,11.9,22.5,SG/SF,3100,2,17.0,8.0,103,109,10%,6,6,6,18,19,17,12.7,10.8,5.8,15.8,11.8,4.0,1.3,7.0,2.26,9.0,12.0,2.9,8.0,2.58,18.0,6.0,10.62,11.466666666666667,5.333333333333333
20,5,Jerami Grant,0.0,DEN,HOU,4.5,223.5,109.5,15,14.8,19.7,26.5,PF/C,4600,1,18.0,13.0,106,107,11%,10,8,8,33,27,24,19.7,18.0,11.1,24.9,17.6,8.0,1.7,24.8,5.38,18.8,24.0,4.1,21.8,4.74,28.0,8.666666666666666,19.1,20.333333333333332,18.685714285714287
20,6,Kevin Love,0.0,CLE,TOR,9.0,218.5,104.8,7,22.8,40.6,50.0,PF/C,7500,2,23.0,19.0,103,101,2%,16,13,12,35,31,31,40.5,37.7,25.4,50.0,30.3,31.3,4.2,39.8,5.3,39.1,31.5,5.2,39.45,5.25,32.333333333333336,13.666666666666666,38.61,37.800000000000004,38.43324742268042
20,7,Trey Lyles,0.0,SA,GS,-11.0,216.5,113.8,4,6.5,16.8,36.5,PF/C,3500,2,13.0,13.0,103,109,-2%,5,5,4,21,18,18,16.8,15.5,7.6,23.3,15.0,10.3,2.9,19.3,5.5,18.3,20.5,5.2,18.8,5.35,19.0,4.666666666666667,16.4,19.933333333333334,20.284210526315793
21,0,Fred VanVleet,0.0,TOR,CLE,-9.0,218.5,113.8,13,15.8,39.1,50.8,PG/SG,8400,1,24.0,17.0,102,112,6%,19,18,15,38,36,37,38.6,39.2,29.3,49.1,29.7,35.0,4.2,41.3,4.91,43.4,37.5,5.2,42.349999999999994,5.055,37.0,17.333333333333332,39.71,35.233333333333334,42.92229729729729
21,1,Delon Wright,0.0,DAL,OKC,0.0,0.0,0.0,24,15.8,27.4,31.3,PG/SG,4600,1,17.0,20.0,101,105,-1%,8,7,6,21,21,22,27.4,22.1,12.6,31.6,26.3,14.8,3.2,20.3,4.4,19.4,20.0,4.2,19.85,4.300000000000001,21.333333333333332,7.0,22.709999999999997,24.833333333333332,18.609375
21,2,Omari Spellman,0.0,GS,SA,11.0,216.5,102.8,25,0.0,6.5,14.5,PF/C,3000,2,19.0,15.0,103,109,-1%,3,3,6,6,12,17,7.9,16.7,8.0,25.3,11.8,8.8,2.9,11.0,3.67,13.2,14.0,4.4,12.1,4.035,11.666666666666666,4.0,14.0,7.0,14.52
21,3,Lonnie Walker IV,0.0,SA,GS,-11.0,216.5,113.8,6,1.5,7.1,17.0,SG/SF,3200,2,22.0,11.0,103,109,10%,5,5,4,10,12,10,7.0,8.2,-1.9,18.2,11.1,13.3,4.2,12.8,3.98,10.1,11.5,3.2,11.45,3.59,10.666666666666666,4.666666666666667,8.59,8.533333333333333,12.344531250000001
21,4,Matthew Dellavedova,0.0,CLE,TOR,9.0,218.5,104.8,3,6.8,14.2,18.8,PG/SG,3200,2,15.0,8.0,103,101,-1%,4,3,3,14,15,14,14.2,9.5,4.8,14.1,15.3,9.3,2.9,10.3,3.2,9.4,13.0,2.9,9.850000000000001,3.05,14.333333333333334,3.3333333333333335,10.489999999999998,13.266666666666666,8.933720930232559
21,5,P.J. Tucker,0.0,HOU,DEN,-4.5,223.5,114.0,19,11.3,18.4,30.0,SF/PF,4700,1,10.0,10.0,100,103,-10%,7,6,7,35,36,36,18.6,24.7,15.4,34.0,33.9,15.0,3.2,22.0,4.68,22.2,34.5,4.7,22.1,4.6899999999999995,35.666666666666664,6.666666666666667,22.96,19.900000000000002,21.37710280373832
21,6,LaMarcus Aldridge,0.0,SA,GS,-11.0,216.5,113.8,4,23.5,44.0,65.8,PF/C,7600,2,23.0,22.0,103,109,-2%,16,18,16,30,32,33,49.1,38.2,26.5,49.9,37.5,45.5,6.0,36.5,4.8,37.9,32.0,5.0,37.2,4.9,31.666666666666668,16.666666666666668,40.18000000000001,44.43333333333334,37.591578947368426
21,7,Draymond Green,0.0,GS,SA,11.0,216.5,102.8,7,27.3,33.4,41.3,PG/SF,6100,2,19.0,13.0,103,109,-1%,12,10,8,30,32,29,33.4,30.1,18.6,41.5,35.8,41.5,6.8,35.5,5.82,34.1,32.0,5.6,34.8,5.71,30.333333333333332,10.0,31.679999999999996,34.0,36.71208791208791
22,0,Dejounte Murray,0.0,SA,GS,-11.0,216.5,113.8,27,15.3,27.8,34.0,PG,5900,2,22.0,18.0,103,109,8%,8,8,9,27,27,24,27.8,27.2,17.9,36.5,27.1,34.5,5.8,30.5,5.17,32.6,27.5,5.5,31.55,5.335,26.0,8.333333333333334,28.190000000000005,25.7,33.370192307692314
22,1,Fred VanVleet,0.0,TOR,CLE,-9.0,218.5,113.8,13,15.8,39.1,50.8,PG/SG,8400,1,24.0,17.0,102,112,6%,19,18,15,38,36,37,38.6,39.2,29.3,49.1,29.7,35.0,4.2,41.3,4.91,43.4,37.5,5.2,42.349999999999994,5.055,37.0,17.333333333333332,39.71,35.233333333333334,42.92229729729729
22,2,Chris Boucher,0.0,TOR,CLE,-9.0,218.5,113.8,10,14.0,25.0,41.3,PF/C,4800,1,19.0,21.0,102,112,3%,6,7,5,18,20,13,25.4,14.9,2.8,27.0,15.8,15.5,3.2,22.8,4.74,21.2,18.0,4.4,22.0,4.57,17.0,6.0,18.419999999999998,26.766666666666666,23.294117647058826
22,3,Darius Bazley,0.0,OKC,DAL,0.0,0.0,0.0,14,8.0,17.2,23.5,SF/PF,4200,1,13.0,7.0,102,106,0%,7,6,4,26,23,17,17.2,11.4,4.4,18.4,12.3,7.3,1.7,7.5,1.79,10.3,15.5,2.5,8.9,2.145,22.0,5.666666666666667,12.059999999999999,16.233333333333334,6.2704545454545455
22,4,DeMar DeRozan,0.0,SA,GS,-11.0,216.5,113.8,6,26.0,37.8,51.3,SG/SF,7100,2,27.0,20.0,103,109,10%,16,14,16,33,32,34,36.3,37.2,29.8,44.7,37.5,41.8,5.9,36.3,5.11,37.3,33.0,5.3,36.8,5.205,33.0,15.333333333333334,36.96,38.36666666666667,36.8
22,5,Trey Lyles,0.0,SA,GS,-11.0,216.5,113.8,4,6.5,16.8,36.5,PF/C,3500,2,13.0,13.0,103,109,-2%,5,5,4,21,18,18,16.8,15.5,7.6,23.3,15.0,10.3,2.9,19.3,5.5,18.3,20.5,5.2,18.8,5.35,19.0,4.666666666666667,16.4,19.933333333333334,20.284210526315793
22,6,Marquese Chriss,0.0,GS,SA,11.0,216.5,102.8,25,4.3,14.4,29.3,PF/C,4100,2,20.0,18.0,103,109,-1%,5,5,5,15,13,17,14.4,19.0,9.2,28.8,34.0,30.8,7.5,26.5,6.46,27.3,26.0,6.7,26.9,6.58,15.0,5.0,19.660000000000004,16.0,46.626666666666665
22,7,Patty Mills,0.0,SA,GS,-11.0,216.5,113.8,27,11.8,18.6,34.8,PG/SG,3500,2,20.0,15.0,103,109,8%,9,9,9,17,19,23,18.6,19.1,9.9,28.4,32.6,33.5,9.6,16.5,4.71,15.7,18.5,4.5,16.1,4.605,19.666666666666668,9.0,18.419999999999998,21.733333333333334,15.144915254237288
23,0,Monte Morris,0.0,DEN,HOU,4.5,223.5,109.5,21,7.5,14.1,22.8,PG,3100,1,20.0,15.0,106,107,-2%,5,6,6,16,17,18,14.1,15.3,7.0,23.6,23.2,34.3,11.1,14.5,4.68,14.6,16.5,4.7,14.55,4.6899999999999995,17.0,5.666666666666667,14.91,14.800000000000002,14.122058823529413
23,1,Malik Beasley,0.0,DEN,HOU,4.5,223.5,109.5,21,1.0,15.5,25.0,PG/SG,3500,1,21.0,9.0,106,107,8%,6,9,7,13,18,16,15.5,11.6,3.9,19.3,19.6,15.0,4.3,16.3,4.64,15.6,20.5,4.5,15.95,4.57,15.666666666666666,7.333333333333333,13.25,13.833333333333334,20.870744680851065
23,2,Marquese Chriss,0.0,GS,SA,11.0,216.5,102.8,25,4.3,14.4,29.3,PF/C,4100,2,20.0,18.0,103,109,-1%,5,5,5,15,13,17,14.4,19.0,9.2,28.8,34.0,30.8,7.5,26.5,6.46,27.3,26.0,6.7,26.9,6.58,15.0,5.0,19.660000000000004,16.0,46.626666666666665
23,3,Eric Gordon,0.0,HOU,DEN,-4.5,223.5,114.0,14,8.3,19.8,28.3,SG/SF,4700,1,20.0,5.0,100,103,-6%,12,12,12,26,26,29,19.8,17.6,10.2,25.1,26.0,17.3,3.7,18.3,3.88,17.0,24.0,3.6,17.65,3.74,27.0,12.0,18.07,18.8,15.688888888888888
23,4,Ky Bowman,0.0,GS,SA,11.0,216.5,102.8,7,3.0,13.4,20.8,PG,3100,2,17.0,11.0,103,109,7%,6,5,7,22,21,23,13.4,17.6,6.3,29.0,21.1,19.3,6.2,23.5,7.58,20.3,25.5,6.5,21.9,7.04,22.0,6.0,17.639999999999997,12.4,25.384090909090908
23,5,Michael Porter Jr.,0.0,DEN,HOU,4.5,223.5,109.5,20,4.3,13.9,28.5,SF/PF,4500,1,22.0,17.0,106,107,5%,9,5,4,22,12,10,13.8,10.3,2.8,17.8,10.9,11.3,2.5,13.3,2.94,19.5,20.0,4.3,16.4,3.62,14.666666666666666,6.0,12.22,15.566666666666668,22.363636363636363
23,6,Mason Plumlee,0.0,DEN,HOU,4.5,223.5,109.5,15,11.8,20.2,26.3,PF/C,4400,1,20.0,19.0,106,107,-3%,7,5,5,21,19,17,20.2,19.6,11.7,27.5,12.3,4.5,1.0,21.0,4.77,17.2,16.5,3.9,19.1,4.335,19.0,5.666666666666667,19.619999999999997,19.433333333333334,16.58684210526316
23,7,Fred VanVleet,0.0,TOR,CLE,-9.0,218.5,113.8,13,15.8,39.1,50.8,PG/SG,8400,1,24.0,17.0,102,112,6%,19,18,15,38,36,37,38.6,39.2,29.3,49.1,29.7,35.0,4.2,41.3,4.91,43.4,37.5,5.2,42.349999999999994,5.055,37.0,17.333333333333332,39.71,35.233333333333334,42.92229729729729
24,0,Russell Westbrook,0.0,HOU,DEN,-4.5,223.5,114.0,6,46.8,52.6,60.5,PG,9600,1,34.0,18.0,100,103,-7%,30,27,22,39,38,36,52.6,49.3,38.1,60.5,33.8,44.8,4.7,48.0,5.0,48.9,35.5,5.1,48.45,5.05,37.666666666666664,26.333333333333332,49.79,53.300000000000004,45.66305309734514
24,1,Shai Gilgeous-Alexander,0.0,OKC,DAL,0.0,0.0,0.0,19,32.3,42.3,49.8,PG/SG,7000,1,24.0,17.0,102,106,-4%,19,20,16,37,37,36,42.3,33.5,23.3,43.8,35.2,43.5,6.2,35.0,5.0,33.8,35.5,4.8,34.4,4.9,36.666666666666664,18.333333333333332,35.46,41.46666666666666,33.305454545454545
24,2,Serge Ibaka,0.0,TOR,CLE,-9.0,218.5,113.8,10,15.3,29.4,38.3,PF/C,7300,1,24.0,17.0,102,112,3%,13,13,11,32,31,25,29.4,28.2,18.9,37.5,33.5,40.5,5.5,39.8,5.45,39.3,32.5,5.4,39.55,5.425000000000001,29.333333333333332,12.333333333333334,30.71,27.666666666666668,43.819602272727266
24,3,Kevin Porter Jr.,0.0,CLE,TOR,9.0,218.5,104.8,15,11.0,20.0,29.8,SG/SF,4200,2,19.0,10.0,103,101,-1%,10,8,7,28,23,22,20.0,17.1,9.4,24.8,28.3,23.5,5.6,20.3,4.82,20.3,24.5,4.8,20.3,4.8100000000000005,24.333333333333332,8.333333333333334,18.32,20.266666666666666,20.439041095890413
24,4,Torrey Craig,0.0,DEN,HOU,4.5,223.5,109.5,24,0.0,4.0,6.8,SG/SF,3000,1,13.0,9.0,106,107,8%,2,2,3,5,6,12,4.0,8.3,0.7,15.9,21.1,6.8,2.3,13.8,4.58,13.4,19.0,4.5,13.600000000000001,4.54,7.666666666666667,2.3333333333333335,8.5,3.6,33.70434782608696
24,5,LaMarcus Aldridge,0.0,SA,GS,-11.0,216.5,113.8,4,23.5,44.0,65.8,PF/C,7600,2,23.0,22.0,103,109,-2%,16,18,16,30,32,33,49.1,38.2,26.5,49.9,37.5,45.5,6.0,36.5,4.8,37.9,32.0,5.0,37.2,4.9,31.666666666666668,16.666666666666668,40.18000000000001,44.43333333333334,37.591578947368426
24,6,Gary Clark,0.0,HOU,DEN,-4.5,223.5,114.0,27,0.0,9.0,21.5,PF/C,3800,1,13.0,12.0,100,103,-2%,4,3,3,17,13,12,9.0,9.4,0.8,17.9,3.2,4.8,1.3,17.0,4.47,0.0,0.0,0.0,8.5,2.235,14.0,3.3333333333333335,9.12,10.166666666666666,0.0
24,7,Darius Bazley,0.0,OKC,DAL,0.0,0.0,0.0,14,8.0,17.2,23.5,SF/PF,4200,1,13.0,7.0,102,106,0%,7,6,4,26,23,17,17.2,11.4,4.4,18.4,12.3,7.3,1.7,7.5,1.79,10.3,15.5,2.5,8.9,2.145,22.0,5.666666666666667,12.059999999999999,16.233333333333334,6.2704545454545455
25,0,Alec Burks,0.0,GS,SA,11.0,216.5,102.8,7,22.3,31.3,48.5,PG/SG,5300,2,23.0,17.0,103,109,2%,13,12,13,26,28,30,31.3,29.7,19.3,40.2,38.2,45.0,8.5,31.0,5.85,29.8,30.0,5.6,30.4,5.725,28.0,12.666666666666666,30.18,34.03333333333333,32.57142857142857
25,1,Collin Sexton,0.0,CLE,TOR,9.0,218.5,104.8,3,18.3,29.2,38.0,PG/SG,5800,2,27.0,15.0,103,101,-1%,19,17,16,33,31,31,29.6,27.1,20.3,33.9,31.6,26.3,4.5,25.8,4.44,28.6,31.5,4.9,27.200000000000003,4.67,31.666666666666668,17.333333333333332,27.619999999999997,28.5,27.056842105263158
25,2,Jerami Grant,0.0,DEN,HOU,4.5,223.5,109.5,15,14.8,19.7,26.5,PF/C,4600,1,18.0,13.0,106,107,11%,10,8,8,33,27,24,19.7,18.0,11.1,24.9,17.6,8.0,1.7,24.8,5.38,18.8,24.0,4.1,21.8,4.74,28.0,8.666666666666666,19.1,20.333333333333332,18.685714285714287
25,3,Justin Jackson,0.0,DAL,OKC,0.0,0.0,0.0,24,5.5,9.7,17.3,SF/PF,3000,1,16.0,11.0,101,105,0%,8,5,5,21,17,15,9.7,10.8,3.8,17.7,17.0,19.0,6.3,13.3,4.42,10.3,14.5,3.4,11.8,3.91,17.666666666666668,6.0,10.76,10.833333333333334,9.684905660377359
25,4,Russell Westbrook,0.0,HOU,DEN,-4.5,223.5,114.0,6,46.8,52.6,60.5,PG,9600,1,34.0,18.0,100,103,-7%,30,27,22,39,38,36,52.6,49.3,38.1,60.5,33.8,44.8,4.7,48.0,5.0,48.9,35.5,5.1,48.45,5.05,37.666666666666664,26.333333333333332,49.79,53.300000000000004,45.66305309734514
25,5,Draymond Green,0.0,GS,SA,11.0,216.5,102.8,7,27.3,33.4,41.3,PG/SF,6100,2,19.0,13.0,103,109,-1%,12,10,8,30,32,29,33.4,30.1,18.6,41.5,35.8,41.5,6.8,35.5,5.82,34.1,32.0,5.6,34.8,5.71,30.333333333333332,10.0,31.679999999999996,34.0,36.71208791208791
25,6,John Henson,0.0,CLE,TOR,9.0,218.5,104.8,13,0.0,14.0,26.5,C,3500,2,0.0,0.0,103,101,2%,3,3,3,16,15,13,18.4,15.2,8.2,22.3,5.9,5.5,1.6,12.8,3.64,12.5,12.0,3.6,12.65,3.62,14.666666666666666,3.0,15.35,13.5,10.350000000000001
25,7,Glenn Robinson III,0.0,GS,SA,11.0,216.5,102.8,9,15.3,22.8,30.5,SG/SF,4400,2,15.0,12.0,103,109,2%,8,10,10,32,32,32,22.7,22.8,14.6,31.0,39.5,35.8,8.1,23.5,5.34,23.7,33.0,5.4,23.6,5.37,32.0,9.333333333333334,22.939999999999998,22.866666666666664,24.337500000000002
26,0,Draymond Green,0.0,GS,SA,11.0,216.5,102.8,7,27.3,33.4,41.3,PG/SF,6100,2,19.0,13.0,103,109,-1%,12,10,8,30,32,29,33.4,30.1,18.6,41.5,35.8,41.5,6.8,35.5,5.82,34.1,32.0,5.6,34.8,5.71,30.333333333333332,10.0,31.679999999999996,34.0,36.71208791208791
26,1,Glenn Robinson III,0.0,GS,SA,11.0,216.5,102.8,9,15.3,22.8,30.5,SG/SF,4400,2,15.0,12.0,103,109,2%,8,10,10,32,32,32,22.7,22.8,14.6,31.0,39.5,35.8,8.1,23.5,5.34,23.7,33.0,5.4,23.6,5.37,32.0,9.333333333333334,22.939999999999998,22.866666666666664,24.337500000000002
26,2,Cedi Osman,0.0,CLE,TOR,9.0,218.5,104.8,25,16.8,23.5,28.3,SF/PF,4400,2,16.0,10.0,103,101,0%,9,11,9,28,29,29,23.4,20.0,11.7,28.4,24.9,29.0,6.6,21.5,4.89,20.1,28.0,4.6,20.8,4.744999999999999,28.666666666666668,9.666666666666666,20.86,22.866666666666664,20.316279069767443
26,3,Oshae Brissett,0.0,TOR,CLE,-9.0,218.5,113.8,30,-0.5,4.1,14.0,SF/PF,3000,1,0.0,0.0,102,112,3%,5,2,2,16,8,7,4.0,3.6,-1.2,8.4,14.5,6.0,2.0,8.0,2.67,9.2,11.5,3.1,8.6,2.885,10.333333333333334,3.0,4.68,5.866666666666667,9.570967741935483
26,4,Eric Gordon,0.0,HOU,DEN,-4.5,223.5,114.0,14,8.3,19.8,28.3,SG/SF,4700,1,20.0,5.0,100,103,-6%,12,12,12,26,26,29,19.8,17.6,10.2,25.1,26.0,17.3,3.7,18.3,3.88,17.0,24.0,3.6,17.65,3.74,27.0,12.0,18.07,18.8,15.688888888888888
26,5,P.J. Tucker,0.0,HOU,DEN,-4.5,223.5,114.0,19,11.3,18.4,30.0,SF/PF,4700,1,10.0,10.0,100,103,-10%,7,6,7,35,36,36,18.6,24.7,15.4,34.0,33.9,15.0,3.2,22.0,4.68,22.2,34.5,4.7,22.1,4.6899999999999995,35.666666666666664,6.666666666666667,22.96,19.900000000000002,21.37710280373832
26,6,John Henson,0.0,CLE,TOR,9.0,218.5,104.8,13,0.0,14.0,26.5,C,3500,2,0.0,0.0,103,101,2%,3,3,3,16,15,13,18.4,15.2,8.2,22.3,5.9,5.5,1.6,12.8,3.64,12.5,12.0,3.6,12.65,3.62,14.666666666666666,3.0,15.35,13.5,10.350000000000001
26,7,Isaiah Hartenstein,0.0,HOU,DEN,-4.5,223.5,114.0,27,1.3,18.2,39.3,PF/C,5400,1,0.0,0.0,100,103,-2%,9,5,3,29,18,15,18.2,13.5,1.0,26.1,18.1,35.5,6.6,5.5,1.02,0.0,0.0,0.0,2.75,0.51,20.666666666666668,5.666666666666667,12.309999999999999,19.599999999999998,0.0
27,0,Draymond Green,0.0,GS,SA,11.0,216.5,102.8,7,27.3,33.4,41.3,PG/SF,6100,2,19.0,13.0,103,109,-1%,12,10,8,30,32,29,33.4,30.1,18.6,41.5,35.8,41.5,6.8,35.5,5.82,34.1,32.0,5.6,34.8,5.71,30.333333333333332,10.0,31.679999999999996,34.0,36.71208791208791
27,1,Dante Exum,0.0,CLE,TOR,9.0,218.5,104.8,3,-0.5,8.0,14.5,PG/SG,3300,2,0.0,0.0,103,101,-1%,5,4,3,16,11,9,7.8,6.1,1.3,10.8,14.9,7.3,2.2,14.3,4.32,11.9,15.0,3.6,13.100000000000001,3.96,12.0,4.0,7.82,7.333333333333333,16.375
27,2,OG Anunoby,0.0,TOR,CLE,-9.0,218.5,113.8,30,9.3,17.6,38.0,SF/PF,5000,1,15.0,13.0,102,112,3%,8,9,9,21,28,31,17.6,25.3,14.3,36.2,30.4,29.3,5.9,19.8,3.95,20.6,23.0,4.1,20.200000000000003,4.025,26.666666666666668,8.666666666666666,22.720000000000002,21.633333333333336,17.422500000000003
27,3,Eric Gordon,0.0,HOU,DEN,-4.5,223.5,114.0,14,8.3,19.8,28.3,SG/SF,4700,1,20.0,5.0,100,103,-6%,12,12,12,26,26,29,19.8,17.6,10.2,25.1,26.0,17.3,3.7,18.3,3.88,17.0,24.0,3.6,17.65,3.74,27.0,12.0,18.07,18.8,15.688888888888888
27,4,Marco Belinelli,0.0,SA,GS,-11.0,216.5,113.8,6,0.0,11.9,22.5,SG/SF,3100,2,17.0,8.0,103,109,10%,6,6,6,18,19,17,12.7,10.8,5.8,15.8,11.8,4.0,1.3,7.0,2.26,9.0,12.0,2.9,8.0,2.58,18.0,6.0,10.62,11.466666666666667,5.333333333333333
27,5,Patrick McCaw,0.0,TOR,CLE,-9.0,218.5,113.8,8,7.3,20.3,42.8,SG/SF,4200,1,11.0,8.0,102,112,11%,11,7,5,40,32,27,20.3,14.5,3.5,25.6,22.1,19.5,4.6,20.0,4.76,20.8,35.0,5.0,20.4,4.88,33.0,7.666666666666667,16.86,23.46666666666667,21.636363636363637
27,6,Larry Nance Jr.,0.0,CLE,TOR,9.0,218.5,104.8,7,10.5,16.7,23.8,PF/C,4600,2,14.0,15.0,103,101,2%,5,5,7,24,21,25,16.7,22.2,13.1,31.4,19.9,16.8,3.7,21.3,4.62,17.6,19.5,3.8,19.450000000000003,4.21,23.333333333333332,5.666666666666667,20.57,17.0,16.254642857142862
27,7,Seth Curry,0.0,DAL,OKC,0.0,0.0,0.0,24,1.0,11.0,25.8,PG/SG,3900,1,18.0,13.0,101,105,-8%,12,8,8,24,21,22,11.0,16.8,5.3,28.2,26.4,21.0,5.4,15.0,3.85,18.0,24.0,4.6,16.5,4.225,22.333333333333332,9.333333333333334,15.559999999999999,12.6,17.731343283582092
28,0,Derrick White,0.0,SA,GS,-11.0,216.5,113.8,27,14.0,23.4,31.3,PG/SG,4100,2,18.0,14.0,103,109,8%,8,7,8,23,21,24,23.4,20.5,12.9,28.1,26.3,22.5,5.5,20.5,5.0,19.3,21.0,4.7,19.9,4.85,22.666666666666668,7.666666666666667,20.96,22.900000000000002,18.43676470588235
28,1,Bryn Forbes,0.0,SA,GS,-11.0,216.5,113.8,27,6.3,14.5,29.3,PG/SG,4000,2,19.0,12.0,103,109,10%,8,6,10,27,24,26,14.4,19.0,10.3,27.7,31.5,19.8,5.0,18.8,4.69,19.7,25.0,4.9,19.25,4.795,25.666666666666668,8.0,18.13,16.7,18.75
28,2,Rondae Hollis-Jefferson,0.0,TOR,CLE,-9.0,218.5,113.8,30,4.8,19.8,34.3,SF/PF,4300,1,18.0,17.0,102,112,3%,3,6,6,11,21,20,19.8,18.9,8.8,29.0,27.6,22.8,5.3,15.0,3.49,21.6,21.5,5.0,18.3,4.245,17.333333333333332,5.0,18.96,19.633333333333333,22.69903846153846
28,3,Ben McLemore,0.0,HOU,DEN,-4.5,223.5,114.0,14,10.3,14.8,23.5,SG/SF,4400,1,16.0,11.0,100,103,-6%,7,8,9,28,27,25,14.8,18.5,8.4,28.5,17.6,13.8,3.1,13.8,3.13,12.7,18.5,2.9,13.25,3.0149999999999997,26.666666666666668,8.0,16.69,16.2,9.1921875
28,4,Ky Bowman,0.0,GS,SA,11.0,216.5,102.8,7,3.0,13.4,20.8,PG,3100,2,17.0,11.0,103,109,7%,6,5,7,22,21,23,13.4,17.6,6.3,29.0,21.1,19.3,6.2,23.5,7.58,20.3,25.5,6.5,21.9,7.04,22.0,6.0,17.639999999999997,12.4,25.384090909090908
28,5,Gary Clark,0.0,HOU,DEN,-4.5,223.5,114.0,27,0.0,9.0,21.5,PF/C,3800,1,13.0,12.0,100,103,-2%,4,3,3,17,13,12,9.0,9.4,0.8,17.9,3.2,4.8,1.3,17.0,4.47,0.0,0.0,0.0,8.5,2.235,14.0,3.3333333333333335,9.12,10.166666666666666,0.0
28,6,Maxi Kleber,0.0,DAL,OKC,0.0,0.0,0.0,24,7.3,17.0,26.5,PF/C,3700,1,14.0,13.0,101,105,-11%,6,6,6,18,21,24,16.9,18.5,11.6,25.4,35.3,37.5,10.1,15.5,4.19,15.9,20.5,4.3,15.7,4.245,21.0,6.0,17.619999999999997,16.933333333333334,15.326190476190476
28,7,Will Barton,0.0,DEN,HOU,4.5,223.5,109.5,21,24.0,34.9,44.5,PG/SF,6400,1,20.0,16.0,106,107,8%,16,13,13,33,33,33,34.9,32.8,23.4,42.3,37.1,37.3,5.8,32.5,5.08,32.2,34.0,5.0,32.35,5.04,33.0,14.0,33.14999999999999,34.46666666666667,33.33030303030303
29,0,Jamal Murray,0.0,DEN,HOU,4.5,223.5,109.5,21,18.3,29.2,46.3,PG/SG,6800,1,26.0,17.0,106,107,-2%,12,13,15,34,33,33,29.1,33.7,22.8,44.5,30.3,23.0,3.4,35.5,5.22,34.1,34.0,5.0,34.8,5.109999999999999,33.333333333333336,13.333333333333334,32.980000000000004,31.266666666666666,35.495999999999995
29,1,Patrick McCaw,0.0,TOR,CLE,-9.0,218.5,113.8,8,7.3,20.3,42.8,SG/SF,4200,1,11.0,8.0,102,112,11%,11,7,5,40,32,27,20.3,14.5,3.5,25.6,22.1,19.5,4.6,20.0,4.76,20.8,35.0,5.0,20.4,4.88,33.0,7.666666666666667,16.86,23.46666666666667,21.636363636363637
29,2,P.J. Tucker,0.0,HOU,DEN,-4.5,223.5,114.0,19,11.3,18.4,30.0,SF/PF,4700,1,10.0,10.0,100,103,-10%,7,6,7,35,36,36,18.6,24.7,15.4,34.0,33.9,15.0,3.2,22.0,4.68,22.2,34.5,4.7,22.1,4.6899999999999995,35.666666666666664,6.666666666666667,22.96,19.900000000000002,21.37710280373832
29,3,Kevin Porter Jr.,0.0,CLE,TOR,9.0,218.5,104.8,15,11.0,20.0,29.8,SG/SF,4200,2,19.0,10.0,103,101,-1%,10,8,7,28,23,22,20.0,17.1,9.4,24.8,28.3,23.5,5.6,20.3,4.82,20.3,24.5,4.8,20.3,4.8100000000000005,24.333333333333332,8.333333333333334,18.32,20.266666666666666,20.439041095890413
29,4,Seth Curry,0.0,DAL,OKC,0.0,0.0,0.0,24,1.0,11.0,25.8,PG/SG,3900,1,18.0,13.0,101,105,-8%,12,8,8,24,21,22,11.0,16.8,5.3,28.2,26.4,21.0,5.4,15.0,3.85,18.0,24.0,4.6,16.5,4.225,22.333333333333332,9.333333333333334,15.559999999999999,12.6,17.731343283582092
29,5,Alen Smailagic,0.0,GS,SA,11.0,216.5,102.8,25,7.3,10.0,12.8,PF/C,3000,2,0.0,0.0,103,109,-1%,3,3,3,12,12,12,10.0,10.0,6.1,13.9,10.2,14.8,4.9,13.3,4.42,9.3,11.5,3.1,11.3,3.76,12.0,3.0,10.26,10.033333333333333,10.829166666666667
29,6,Maxi Kleber,0.0,DAL,OKC,0.0,0.0,0.0,24,7.3,17.0,26.5,PF/C,3700,1,14.0,13.0,101,105,-11%,6,6,6,18,21,24,16.9,18.5,11.6,25.4,35.3,37.5,10.1,15.5,4.19,15.9,20.5,4.3,15.7,4.245,21.0,6.0,17.619999999999997,16.933333333333334,15.326190476190476
29,7,Cedi Osman,0.0,CLE,TOR,9.0,218.5,104.8,25,16.8,23.5,28.3,SF/PF,4400,2,16.0,10.0,103,101,0%,9,11,9,28,29,29,23.4,20.0,11.7,28.4,24.9,29.0,6.6,21.5,4.89,20.1,28.0,4.6,20.8,4.744999999999999,28.666666666666668,9.666666666666666,20.86,22.866666666666664,20.316279069767443
30,0,Derrick White,0.0,SA,GS,-11.0,216.5,113.8,27,14.0,23.4,31.3,PG/SG,4100,2,18.0,14.0,103,109,8%,8,7,8,23,21,24,23.4,20.5,12.9,28.1,26.3,22.5,5.5,20.5,5.0,19.3,21.0,4.7,19.9,4.85,22.666666666666668,7.666666666666667,20.96,22.900000000000002,18.43676470588235
30,1,Terence Davis,0.0,TOR,CLE,-9.0,218.5,113.8,13,15.3,20.1,28.5,PG/SG,4400,1,17.0,15.0,102,112,3%,7,6,6,24,23,18,20.1,15.8,6.9,24.8,24.6,27.0,6.1,23.3,5.28,20.9,22.5,4.8,22.1,5.04,21.666666666666668,6.333333333333333,17.940000000000005,21.3,22.95
30,2,Isaiah Hartenstein,0.0,HOU,DEN,-4.5,223.5,114.0,27,1.3,18.2,39.3,PF/C,5400,1,0.0,0.0,100,103,-2%,9,5,3,29,18,15,18.2,13.5,1.0,26.1,18.1,35.5,6.6,5.5,1.02,0.0,0.0,0.0,2.75,0.51,20.666666666666668,5.666666666666667,12.309999999999999,19.599999999999998,0.0
30,3,Marco Belinelli,0.0,SA,GS,-11.0,216.5,113.8,6,0.0,11.9,22.5,SG/SF,3100,2,17.0,8.0,103,109,10%,6,6,6,18,19,17,12.7,10.8,5.8,15.8,11.8,4.0,1.3,7.0,2.26,9.0,12.0,2.9,8.0,2.58,18.0,6.0,10.62,11.466666666666667,5.333333333333333
30,4,Matthew Dellavedova,0.0,CLE,TOR,9.0,218.5,104.8,3,6.8,14.2,18.8,PG/SG,3200,2,15.0,8.0,103,101,-1%,4,3,3,14,15,14,14.2,9.5,4.8,14.1,15.3,9.3,2.9,10.3,3.2,9.4,13.0,2.9,9.850000000000001,3.05,14.333333333333334,3.3333333333333335,10.489999999999998,13.266666666666666,8.933720930232559
30,5,Larry Nance Jr.,0.0,CLE,TOR,9.0,218.5,104.8,7,10.5,16.7,23.8,PF/C,4600,2,14.0,15.0,103,101,2%,5,5,7,24,21,25,16.7,22.2,13.1,31.4,19.9,16.8,3.7,21.3,4.62,17.6,19.5,3.8,19.450000000000003,4.21,23.333333333333332,5.666666666666667,20.57,17.0,16.254642857142862
30,6,Kevin Love,0.0,CLE,TOR,9.0,218.5,104.8,7,22.8,40.6,50.0,PF/C,7500,2,23.0,19.0,103,101,2%,16,13,12,35,31,31,40.5,37.7,25.4,50.0,30.3,31.3,4.2,39.8,5.3,39.1,31.5,5.2,39.45,5.25,32.333333333333336,13.666666666666666,38.61,37.800000000000004,38.43324742268042
30,7,Michael Porter Jr.,0.0,DEN,HOU,4.5,223.5,109.5,20,4.3,13.9,28.5,SF/PF,4500,1,22.0,17.0,106,107,5%,9,5,4,22,12,10,13.8,10.3,2.8,17.8,10.9,11.3,2.5,13.3,2.94,19.5,20.0,4.3,16.4,3.62,14.666666666666666,6.0,12.22,15.566666666666668,22.363636363636363
31,0,Kyle Lowry,0.0,TOR,CLE,-9.0,218.5,113.8,13,33.3,46.4,60.5,PG,8800,1,24.0,18.0,102,112,6%,15,17,15,39,40,39,46.4,42.7,33.8,51.6,35.9,40.8,4.6,45.3,5.14,45.9,38.0,5.2,45.599999999999994,5.17,39.333333333333336,15.666666666666666,44.019999999999996,46.73333333333333,44.05423728813558
31,1,Shai Gilgeous-Alexander,0.0,OKC,DAL,0.0,0.0,0.0,19,32.3,42.3,49.8,PG/SG,7000,1,24.0,17.0,102,106,-4%,19,20,16,37,37,36,42.3,33.5,23.3,43.8,35.2,43.5,6.2,35.0,5.0,33.8,35.5,4.8,34.4,4.9,36.666666666666664,18.333333333333332,35.46,41.46666666666666,33.305454545454545
31,2,P.J. Tucker,0.0,HOU,DEN,-4.5,223.5,114.0,19,11.3,18.4,30.0,SF/PF,4700,1,10.0,10.0,100,103,-10%,7,6,7,35,36,36,18.6,24.7,15.4,34.0,33.9,15.0,3.2,22.0,4.68,22.2,34.5,4.7,22.1,4.6899999999999995,35.666666666666664,6.666666666666667,22.96,19.900000000000002,21.37710280373832
31,3,Michael Porter Jr.,0.0,DEN,HOU,4.5,223.5,109.5,20,4.3,13.9,28.5,SF/PF,4500,1,22.0,17.0,106,107,5%,9,5,4,22,12,10,13.8,10.3,2.8,17.8,10.9,11.3,2.5,13.3,2.94,19.5,20.0,4.3,16.4,3.62,14.666666666666666,6.0,12.22,15.566666666666668,22.363636363636363
31,4,Dejounte Murray,0.0,SA,GS,-11.0,216.5,113.8,27,15.3,27.8,34.0,PG,5900,2,22.0,18.0,103,109,8%,8,8,9,27,27,24,27.8,27.2,17.9,36.5,27.1,34.5,5.8,30.5,5.17,32.6,27.5,5.5,31.55,5.335,26.0,8.333333333333334,28.190000000000005,25.7,33.370192307692314
31,5,Mason Plumlee,0.0,DEN,HOU,4.5,223.5,109.5,15,11.8,20.2,26.3,PF/C,4400,1,20.0,19.0,106,107,-3%,7,5,5,21,19,17,20.2,19.6,11.7,27.5,12.3,4.5,1.0,21.0,4.77,17.2,16.5,3.9,19.1,4.335,19.0,5.666666666666667,19.619999999999997,19.433333333333334,16.58684210526316
31,6,Nerlens Noel,0.0,OKC,DAL,0.0,0.0,0.0,21,15.8,22.1,30.5,C,4300,1,15.0,22.0,102,106,1%,4,4,5,19,18,20,22.1,22.1,14.9,29.3,22.8,34.5,8.0,17.8,4.13,19.2,18.0,4.5,18.5,4.3149999999999995,19.0,4.333333333333333,21.380000000000003,22.8,17.526315789473685
31,7,Terence Davis,0.0,TOR,CLE,-9.0,218.5,113.8,13,15.3,20.1,28.5,PG/SG,4400,1,17.0,15.0,102,112,3%,7,6,6,24,23,18,20.1,15.8,6.9,24.8,24.6,27.0,6.1,23.3,5.28,20.9,22.5,4.8,22.1,5.04,21.666666666666668,6.333333333333333,17.940000000000005,21.3,22.95
33,0,Kyle Lowry,0.0,TOR,CLE,-9.0,218.5,113.8,13,33.3,46.4,60.5,PG,8800,1,24.0,18.0,102,112,6%,15,17,15,39,40,39,46.4,42.7,33.8,51.6,35.9,40.8,4.6,45.3,5.14,45.9,38.0,5.2,45.599999999999994,5.17,39.333333333333336,15.666666666666666,44.019999999999996,46.73333333333333,44.05423728813558
33,1,Austin Rivers,0.0,HOU,DEN,-4.5,223.5,114.0,6,7.5,16.0,22.3,PG/SG,4500,1,15.0,10.0,100,103,-7%,10,8,7,26,21,24,15.9,15.8,7.8,23.7,9.6,1.5,0.3,10.5,2.33,9.8,15.5,2.2,10.15,2.265,23.666666666666668,8.333333333333334,14.670000000000002,15.266666666666666,6.647535211267606
33,2,Dorian Finney-Smith,0.0,DAL,OKC,0.0,0.0,0.0,24,18.0,24.8,29.0,SF/PF,4700,1,12.0,13.0,101,105,0%,7,6,7,30,31,29,24.8,20.1,13.4,26.9,31.4,11.5,2.4,20.8,4.41,21.8,32.5,4.6,21.3,4.505,30.0,6.666666666666667,21.300000000000004,23.933333333333334,23.075000000000003
33,3,Darius Bazley,0.0,OKC,DAL,0.0,0.0,0.0,14,8.0,17.2,23.5,SF/PF,4200,1,13.0,7.0,102,106,0%,7,6,4,26,23,17,17.2,11.4,4.4,18.4,12.3,7.3,1.7,7.5,1.79,10.3,15.5,2.5,8.9,2.145,22.0,5.666666666666667,12.059999999999999,16.233333333333334,6.2704545454545455
33,4,Patty Mills,0.0,SA,GS,-11.0,216.5,113.8,27,11.8,18.6,34.8,PG/SG,3500,2,20.0,15.0,103,109,8%,9,9,9,17,19,23,18.6,19.1,9.9,28.4,32.6,33.5,9.6,16.5,4.71,15.7,18.5,4.5,16.1,4.605,19.666666666666668,9.0,18.419999999999998,21.733333333333334,15.144915254237288
33,5,LaMarcus Aldridge,0.0,SA,GS,-11.0,216.5,113.8,4,23.5,44.0,65.8,PF/C,7600,2,23.0,22.0,103,109,-2%,16,18,16,30,32,33,49.1,38.2,26.5,49.9,37.5,45.5,6.0,36.5,4.8,37.9,32.0,5.0,37.2,4.9,31.666666666666668,16.666666666666668,40.18000000000001,44.43333333333334,37.591578947368426
33,6,Trey Lyles,0.0,SA,GS,-11.0,216.5,113.8,4,6.5,16.8,36.5,PF/C,3500,2,13.0,13.0,103,109,-2%,5,5,4,21,18,18,16.8,15.5,7.6,23.3,15.0,10.3,2.9,19.3,5.5,18.3,20.5,5.2,18.8,5.35,19.0,4.666666666666667,16.4,19.933333333333334,20.284210526315793
33,7,Boban Marjanovic,0.0,DAL,OKC,0.0,0.0,0.0,4,0.0,9.7,42.5,C,3000,1,0.0,0.0,101,105,3%,2,2,4,3,7,10,9.7,11.9,-0.4,24.1,11.1,12.5,4.2,12.8,4.25,0.0,0.0,0.0,6.4,2.125,6.666666666666667,2.6666666666666665,10.34,17.400000000000002,0.0
35,0,Collin Sexton,0.0,CLE,TOR,9.0,218.5,104.8,3,18.3,29.2,38.0,PG/SG,5800,2,27.0,15.0,103,101,-1%,19,17,16,33,31,31,29.6,27.1,20.3,33.9,31.6,26.3,4.5,25.8,4.44,28.6,31.5,4.9,27.200000000000003,4.67,31.666666666666668,17.333333333333332,27.619999999999997,28.5,27.056842105263158
35,1,Bryn Forbes,0.0,SA,GS,-11.0,216.5,113.8,27,6.3,14.5,29.3,PG/SG,4000,2,19.0,12.0,103,109,10%,8,6,10,27,24,26,14.4,19.0,10.3,27.7,31.5,19.8,5.0,18.8,4.69,19.7,25.0,4.9,19.25,4.795,25.666666666666668,8.0,18.13,16.7,18.75
35,2,Gary Clark,0.0,HOU,DEN,-4.5,223.5,114.0,27,0.0,9.0,21.5,PF/C,3800,1,13.0,12.0,100,103,-2%,4,3,3,17,13,12,9.0,9.4,0.8,17.9,3.2,4.8,1.3,17.0,4.47,0.0,0.0,0.0,8.5,2.235,14.0,3.3333333333333335,9.12,10.166666666666666,0.0
35,3,Terrance Ferguson,0.0,OKC,DAL,0.0,0.0,0.0,18,4.8,8.2,15.3,SG/SF,3200,1,9.0,4.0,102,106,-4%,4,4,5,32,29,28,8.2,11.3,5.4,17.3,17.5,1.3,0.4,14.8,4.61,11.8,25.0,3.7,13.3,4.155,29.666666666666668,4.333333333333333,11.1,9.433333333333334,11.207865168539326
35,4,Chris Paul,0.0,OKC,DAL,0.0,0.0,0.0,19,28.5,39.9,54.0,PG,7200,1,23.0,21.0,102,106,-10%,19,15,12,34,33,32,39.9,36.5,26.9,46.0,35.6,38.0,5.3,38.5,5.35,36.3,33.0,5.0,37.4,5.175,33.0,15.333333333333334,37.34,40.800000000000004,37.4
35,5,Glenn Robinson III,0.0,GS,SA,11.0,216.5,102.8,9,15.3,22.8,30.5,SG/SF,4400,2,15.0,12.0,103,109,2%,8,10,10,32,32,32,22.7,22.8,14.6,31.0,39.5,35.8,8.1,23.5,5.34,23.7,33.0,5.4,23.6,5.37,32.0,9.333333333333334,22.939999999999998,22.866666666666664,24.337500000000002
35,6,Alen Smailagic,0.0,GS,SA,11.0,216.5,102.8,25,7.3,10.0,12.8,PF/C,3000,2,0.0,0.0,103,109,-1%,3,3,3,12,12,12,10.0,10.0,6.1,13.9,10.2,14.8,4.9,13.3,4.42,9.3,11.5,3.1,11.3,3.76,12.0,3.0,10.26,10.033333333333333,10.829166666666667
35,7,Dwight Powell,0.0,DAL,OKC,0.0,0.0,0.0,4,20.8,28.3,36.8,C,5700,1,12.0,15.0,101,105,-11%,6,7,6,28,29,27,27.9,21.0,12.6,29.4,29.2,25.0,4.4,24.5,4.3,23.8,29.5,4.2,24.15,4.25,28.0,6.333333333333333,23.009999999999998,28.633333333333336,25.443749999999998
37,0,Jamal Murray,0.0,DEN,HOU,4.5,223.5,109.5,21,18.3,29.2,46.3,PG/SG,6800,1,26.0,17.0,106,107,-2%,12,13,15,34,33,33,29.1,33.7,22.8,44.5,30.3,23.0,3.4,35.5,5.22,34.1,34.0,5.0,34.8,5.109999999999999,33.333333333333336,13.333333333333334,32.980000000000004,31.266666666666666,35.495999999999995
37,1,Derrick White,0.0,SA,GS,-11.0,216.5,113.8,27,14.0,23.4,31.3,PG/SG,4100,2,18.0,14.0,103,109,8%,8,7,8,23,21,24,23.4,20.5,12.9,28.1,26.3,22.5,5.5,20.5,5.0,19.3,21.0,4.7,19.9,4.85,22.666666666666668,7.666666666666667,20.96,22.900000000000002,18.43676470588235
37,2,Marquese Chriss,0.0,GS,SA,11.0,216.5,102.8,25,4.3,14.4,29.3,PF/C,4100,2,20.0,18.0,103,109,-1%,5,5,5,15,13,17,14.4,19.0,9.2,28.8,34.0,30.8,7.5,26.5,6.46,27.3,26.0,6.7,26.9,6.58,15.0,5.0,19.660000000000004,16.0,46.626666666666665
37,3,OG Anunoby,0.0,TOR,CLE,-9.0,218.5,113.8,30,9.3,17.6,38.0,SF/PF,5000,1,15.0,13.0,102,112,3%,8,9,9,21,28,31,17.6,25.3,14.3,36.2,30.4,29.3,5.9,19.8,3.95,20.6,23.0,4.1,20.200000000000003,4.025,26.666666666666668,8.666666666666666,22.720000000000002,21.633333333333336,17.422500000000003
37,4,Terrance Ferguson,0.0,OKC,DAL,0.0,0.0,0.0,18,4.8,8.2,15.3,SG/SF,3200,1,9.0,4.0,102,106,-4%,4,4,5,32,29,28,8.2,11.3,5.4,17.3,17.5,1.3,0.4,14.8,4.61,11.8,25.0,3.7,13.3,4.155,29.666666666666668,4.333333333333333,11.1,9.433333333333334,11.207865168539326
37,5,Lonnie Walker IV,0.0,SA,GS,-11.0,216.5,113.8,6,1.5,7.1,17.0,SG/SF,3200,2,22.0,11.0,103,109,10%,5,5,4,10,12,10,7.0,8.2,-1.9,18.2,11.1,13.3,4.2,12.8,3.98,10.1,11.5,3.2,11.45,3.59,10.666666666666666,4.666666666666667,8.59,8.533333333333333,12.344531250000001
37,6,Nikola Jokic,0.0,DEN,HOU,4.5,223.5,109.5,3,33.0,47.5,64.0,C,9300,1,27.0,24.0,106,107,-3%,14,14,14,30,30,31,48.1,44.6,32.3,57.0,32.0,34.0,3.7,47.8,5.13,45.1,32.0,4.8,46.45,4.965,30.333333333333332,14.0,45.69,48.166666666666664,49.002197802197806
37,7,Terence Davis,0.0,TOR,CLE,-9.0,218.5,113.8,13,15.3,20.1,28.5,PG/SG,4400,1,17.0,15.0,102,112,3%,7,6,6,24,23,18,20.1,15.8,6.9,24.8,24.6,27.0,6.1,23.3,5.28,20.9,22.5,4.8,22.1,5.04,21.666666666666668,6.333333333333333,17.940000000000005,21.3,22.95
38,0,Patty Mills,0.0,SA,GS,-11.0,216.5,113.8,27,11.8,18.6,34.8,PG/SG,3500,2,20.0,15.0,103,109,8%,9,9,9,17,19,23,18.6,19.1,9.9,28.4,32.6,33.5,9.6,16.5,4.71,15.7,18.5,4.5,16.1,4.605,19.666666666666668,9.0,18.419999999999998,21.733333333333334,15.144915254237288
38,1,Eric Gordon,0.0,HOU,DEN,-4.5,223.5,114.0,14,8.3,19.8,28.3,SG/SF,4700,1,20.0,5.0,100,103,-6%,12,12,12,26,26,29,19.8,17.6,10.2,25.1,26.0,17.3,3.7,18.3,3.88,17.0,24.0,3.6,17.65,3.74,27.0,12.0,18.07,18.8,15.688888888888888
38,2,Cedi Osman,0.0,CLE,TOR,9.0,218.5,104.8,25,16.8,23.5,28.3,SF/PF,4400,2,16.0,10.0,103,101,0%,9,11,9,28,29,29,23.4,20.0,11.7,28.4,24.9,29.0,6.6,21.5,4.89,20.1,28.0,4.6,20.8,4.744999999999999,28.666666666666668,9.666666666666666,20.86,22.866666666666664,20.316279069767443
38,3,Draymond Green,0.0,GS,SA,11.0,216.5,102.8,7,27.3,33.4,41.3,PG/SF,6100,2,19.0,13.0,103,109,-1%,12,10,8,30,32,29,33.4,30.1,18.6,41.5,35.8,41.5,6.8,35.5,5.82,34.1,32.0,5.6,34.8,5.71,30.333333333333332,10.0,31.679999999999996,34.0,36.71208791208791
38,4,Malik Beasley,0.0,DEN,HOU,4.5,223.5,109.5,21,1.0,15.5,25.0,PG/SG,3500,1,21.0,9.0,106,107,8%,6,9,7,13,18,16,15.5,11.6,3.9,19.3,19.6,15.0,4.3,16.3,4.64,15.6,20.5,4.5,15.95,4.57,15.666666666666666,7.333333333333333,13.25,13.833333333333334,20.870744680851065
38,5,Terrance Ferguson,0.0,OKC,DAL,0.0,0.0,0.0,18,4.8,8.2,15.3,SG/SF,3200,1,9.0,4.0,102,106,-4%,4,4,5,32,29,28,8.2,11.3,5.4,17.3,17.5,1.3,0.4,14.8,4.61,11.8,25.0,3.7,13.3,4.155,29.666666666666668,4.333333333333333,11.1,9.433333333333334,11.207865168539326
38,6,Nikola Jokic,0.0,DEN,HOU,4.5,223.5,109.5,3,33.0,47.5,64.0,C,9300,1,27.0,24.0,106,107,-3%,14,14,14,30,30,31,48.1,44.6,32.3,57.0,32.0,34.0,3.7,47.8,5.13,45.1,32.0,4.8,46.45,4.965,30.333333333333332,14.0,45.69,48.166666666666664,49.002197802197806
38,7,Justin Jackson,0.0,DAL,OKC,0.0,0.0,0.0,24,5.5,9.7,17.3,SF/PF,3000,1,16.0,11.0,101,105,0%,8,5,5,21,17,15,9.7,10.8,3.8,17.7,17.0,19.0,6.3,13.3,4.42,10.3,14.5,3.4,11.8,3.91,17.666666666666668,6.0,10.76,10.833333333333334,9.684905660377359
39,0,Monte Morris,0.0,DEN,HOU,4.5,223.5,109.5,21,7.5,14.1,22.8,PG,3100,1,20.0,15.0,106,107,-2%,5,6,6,16,17,18,14.1,15.3,7.0,23.6,23.2,34.3,11.1,14.5,4.68,14.6,16.5,4.7,14.55,4.6899999999999995,17.0,5.666666666666667,14.91,14.800000000000002,14.122058823529413
39,1,Seth Curry,0.0,DAL,OKC,0.0,0.0,0.0,24,1.0,11.0,25.8,PG/SG,3900,1,18.0,13.0,101,105,-8%,12,8,8,24,21,22,11.0,16.8,5.3,28.2,26.4,21.0,5.4,15.0,3.85,18.0,24.0,4.6,16.5,4.225,22.333333333333332,9.333333333333334,15.559999999999999,12.6,17.731343283582092
39,2,Maxi Kleber,0.0,DAL,OKC,0.0,0.0,0.0,24,7.3,17.0,26.5,PF/C,3700,1,14.0,13.0,101,105,-11%,6,6,6,18,21,24,16.9,18.5,11.6,25.4,35.3,37.5,10.1,15.5,4.19,15.9,20.5,4.3,15.7,4.245,21.0,6.0,17.619999999999997,16.933333333333334,15.326190476190476
39,3,Dorian Finney-Smith,0.0,DAL,OKC,0.0,0.0,0.0,24,18.0,24.8,29.0,SF/PF,4700,1,12.0,13.0,101,105,0%,7,6,7,30,31,29,24.8,20.1,13.4,26.9,31.4,11.5,2.4,20.8,4.41,21.8,32.5,4.6,21.3,4.505,30.0,6.666666666666667,21.300000000000004,23.933333333333334,23.075000000000003
39,4,Eric Gordon,0.0,HOU,DEN,-4.5,223.5,114.0,14,8.3,19.8,28.3,SG/SF,4700,1,20.0,5.0,100,103,-6%,12,12,12,26,26,29,19.8,17.6,10.2,25.1,26.0,17.3,3.7,18.3,3.88,17.0,24.0,3.6,17.65,3.74,27.0,12.0,18.07,18.8,15.688888888888888
39,5,Damion Lee,0.0,GS,SA,11.0,216.5,102.8,9,29.3,37.8,54.3,SG/SF,6200,2,20.0,15.0,103,109,2%,13,12,10,35,33,26,37.8,25.0,12.5,37.5,39.5,32.8,5.3,31.0,5.0,32.5,33.5,5.2,31.75,5.1,31.333333333333332,11.666666666666666,28.910000000000004,40.46666666666666,33.94547872340426
39,6,Jerami Grant,0.0,DEN,HOU,4.5,223.5,109.5,15,14.8,19.7,26.5,PF/C,4600,1,18.0,13.0,106,107,11%,10,8,8,33,27,24,19.7,18.0,11.1,24.9,17.6,8.0,1.7,24.8,5.38,18.8,24.0,4.1,21.8,4.74,28.0,8.666666666666666,19.1,20.333333333333332,18.685714285714287
39,7,Kyle Lowry,0.0,TOR,CLE,-9.0,218.5,113.8,13,33.3,46.4,60.5,PG,8800,1,24.0,18.0,102,112,6%,15,17,15,39,40,39,46.4,42.7,33.8,51.6,35.9,40.8,4.6,45.3,5.14,45.9,38.0,5.2,45.599999999999994,5.17,39.333333333333336,15.666666666666666,44.019999999999996,46.73333333333333,44.05423728813558
40,0,Russell Westbrook,0.0,HOU,DEN,-4.5,223.5,114.0,6,46.8,52.6,60.5,PG,9600,1,34.0,18.0,100,103,-7%,30,27,22,39,38,36,52.6,49.3,38.1,60.5,33.8,44.8,4.7,48.0,5.0,48.9,35.5,5.1,48.45,5.05,37.666666666666664,26.333333333333332,49.79,53.300000000000004,45.66305309734514
40,1,Kevin Porter Jr.,0.0,CLE,TOR,9.0,218.5,104.8,15,11.0,20.0,29.8,SG/SF,4200,2,19.0,10.0,103,101,-1%,10,8,7,28,23,22,20.0,17.1,9.4,24.8,28.3,23.5,5.6,20.3,4.82,20.3,24.5,4.8,20.3,4.8100000000000005,24.333333333333332,8.333333333333334,18.32,20.266666666666666,20.439041095890413
40,2,Jerami Grant,0.0,DEN,HOU,4.5,223.5,109.5,15,14.8,19.7,26.5,PF/C,4600,1,18.0,13.0,106,107,11%,10,8,8,33,27,24,19.7,18.0,11.1,24.9,17.6,8.0,1.7,24.8,5.38,18.8,24.0,4.1,21.8,4.74,28.0,8.666666666666666,19.1,20.333333333333332,18.685714285714287
40,3,Dorian Finney-Smith,0.0,DAL,OKC,0.0,0.0,0.0,24,18.0,24.8,29.0,SF/PF,4700,1,12.0,13.0,101,105,0%,7,6,7,30,31,29,24.8,20.1,13.4,26.9,31.4,11.5,2.4,20.8,4.41,21.8,32.5,4.6,21.3,4.505,30.0,6.666666666666667,21.300000000000004,23.933333333333334,23.075000000000003
40,4,Darius Garland,0.0,CLE,TOR,9.0,218.5,104.8,3,7.0,20.2,27.5,PG,4500,2,21.0,8.0,103,101,-1%,9,10,11,28,28,28,19.8,19.1,11.7,26.5,34.2,21.8,4.8,21.5,4.78,20.4,29.0,4.5,20.95,4.640000000000001,28.0,10.0,19.610000000000003,18.233333333333334,21.698214285714286
40,5,Darius Bazley,0.0,OKC,DAL,0.0,0.0,0.0,14,8.0,17.2,23.5,SF/PF,4200,1,13.0,7.0,102,106,0%,7,6,4,26,23,17,17.2,11.4,4.4,18.4,12.3,7.3,1.7,7.5,1.79,10.3,15.5,2.5,8.9,2.145,22.0,5.666666666666667,12.059999999999999,16.233333333333334,6.2704545454545455
40,6,Larry Nance Jr.,0.0,CLE,TOR,9.0,218.5,104.8,7,10.5,16.7,23.8,PF/C,4600,2,14.0,15.0,103,101,2%,5,5,7,24,21,25,16.7,22.2,13.1,31.4,19.9,16.8,3.7,21.3,4.62,17.6,19.5,3.8,19.450000000000003,4.21,23.333333333333332,5.666666666666667,20.57,17.0,16.254642857142862
40,7,Eric Gordon,0.0,HOU,DEN,-4.5,223.5,114.0,14,8.3,19.8,28.3,SG/SF,4700,1,20.0,5.0,100,103,-6%,12,12,12,26,26,29,19.8,17.6,10.2,25.1,26.0,17.3,3.7,18.3,3.88,17.0,24.0,3.6,17.65,3.74,27.0,12.0,18.07,18.8,15.688888888888888
42,0,Chris Clemons,0.0,HOU,DEN,-4.5,223.5,114.0,6,2.0,15.5,35.0,PG,4000,1,0.0,0.0,100,103,-7%,9,7,5,18,13,9,15.1,8.6,-2.5,19.7,3.2,4.0,1.0,19.0,4.75,0.0,0.0,0.0,9.5,2.375,13.333333333333334,7.0,10.08,17.5,0.0
42,1,Delon Wright,0.0,DAL,OKC,0.0,0.0,0.0,24,15.8,27.4,31.3,PG/SG,4600,1,17.0,20.0,101,105,-1%,8,7,6,21,21,22,27.4,22.1,12.6,31.6,26.3,14.8,3.2,20.3,4.4,19.4,20.0,4.2,19.85,4.300000000000001,21.333333333333332,7.0,22.709999999999997,24.833333333333332,18.609375
42,2,Isaiah Hartenstein,0.0,HOU,DEN,-4.5,223.5,114.0,27,1.3,18.2,39.3,PF/C,5400,1,0.0,0.0,100,103,-2%,9,5,3,29,18,15,18.2,13.5,1.0,26.1,18.1,35.5,6.6,5.5,1.02,0.0,0.0,0.0,2.75,0.51,20.666666666666668,5.666666666666667,12.309999999999999,19.599999999999998,0.0
42,3,DeMar DeRozan,0.0,SA,GS,-11.0,216.5,113.8,6,26.0,37.8,51.3,SG/SF,7100,2,27.0,20.0,103,109,10%,16,14,16,33,32,34,36.3,37.2,29.8,44.7,37.5,41.8,5.9,36.3,5.11,37.3,33.0,5.3,36.8,5.205,33.0,15.333333333333334,36.96,38.36666666666667,36.8
42,4,Kevin Porter Jr.,0.0,CLE,TOR,9.0,218.5,104.8,15,11.0,20.0,29.8,SG/SF,4200,2,19.0,10.0,103,101,-1%,10,8,7,28,23,22,20.0,17.1,9.4,24.8,28.3,23.5,5.6,20.3,4.82,20.3,24.5,4.8,20.3,4.8100000000000005,24.333333333333332,8.333333333333334,18.32,20.266666666666666,20.439041095890413
42,5,Patrick McCaw,0.0,TOR,CLE,-9.0,218.5,113.8,8,7.3,20.3,42.8,SG/SF,4200,1,11.0,8.0,102,112,11%,11,7,5,40,32,27,20.3,14.5,3.5,25.6,22.1,19.5,4.6,20.0,4.76,20.8,35.0,5.0,20.4,4.88,33.0,7.666666666666667,16.86,23.46666666666667,21.636363636363637
42,6,Steven Adams,0.0,OKC,DAL,0.0,0.0,0.0,21,22.0,35.1,51.3,C,6600,1,18.0,22.0,102,106,1%,8,9,8,31,29,28,35.1,31.8,22.4,41.3,25.2,29.8,4.5,32.3,4.89,32.5,29.5,4.9,32.4,4.895,29.333333333333332,8.333333333333334,32.6,36.13333333333333,32.58409090909091
42,7,Glenn Robinson III,0.0,GS,SA,11.0,216.5,102.8,9,15.3,22.8,30.5,SG/SF,4400,2,15.0,12.0,103,109,2%,8,10,10,32,32,32,22.7,22.8,14.6,31.0,39.5,35.8,8.1,23.5,5.34,23.7,33.0,5.4,23.6,5.37,32.0,9.333333333333334,22.939999999999998,22.866666666666664,24.337500000000002
44,0,Chris Paul,0.0,OKC,DAL,0.0,0.0,0.0,19,28.5,39.9,54.0,PG,7200,1,23.0,21.0,102,106,-10%,19,15,12,34,33,32,39.9,36.5,26.9,46.0,35.6,38.0,5.3,38.5,5.35,36.3,33.0,5.0,37.4,5.175,33.0,15.333333333333334,37.34,40.800000000000004,37.4
44,1,Patty Mills,0.0,SA,GS,-11.0,216.5,113.8,27,11.8,18.6,34.8,PG/SG,3500,2,20.0,15.0,103,109,8%,9,9,9,17,19,23,18.6,19.1,9.9,28.4,32.6,33.5,9.6,16.5,4.71,15.7,18.5,4.5,16.1,4.605,19.666666666666668,9.0,18.419999999999998,21.733333333333334,15.144915254237288
44,2,P.J. Tucker,0.0,HOU,DEN,-4.5,223.5,114.0,19,11.3,18.4,30.0,SF/PF,4700,1,10.0,10.0,100,103,-10%,7,6,7,35,36,36,18.6,24.7,15.4,34.0,33.9,15.0,3.2,22.0,4.68,22.2,34.5,4.7,22.1,4.6899999999999995,35.666666666666664,6.666666666666667,22.96,19.900000000000002,21.37710280373832
44,3,Marco Belinelli,0.0,SA,GS,-11.0,216.5,113.8,6,0.0,11.9,22.5,SG/SF,3100,2,17.0,8.0,103,109,10%,6,6,6,18,19,17,12.7,10.8,5.8,15.8,11.8,4.0,1.3,7.0,2.26,9.0,12.0,2.9,8.0,2.58,18.0,6.0,10.62,11.466666666666667,5.333333333333333
44,4,Alec Burks,0.0,GS,SA,11.0,216.5,102.8,7,22.3,31.3,48.5,PG/SG,5300,2,23.0,17.0,103,109,2%,13,12,13,26,28,30,31.3,29.7,19.3,40.2,38.2,45.0,8.5,31.0,5.85,29.8,30.0,5.6,30.4,5.725,28.0,12.666666666666666,30.18,34.03333333333333,32.57142857142857
44,5,LaMarcus Aldridge,0.0,SA,GS,-11.0,216.5,113.8,4,23.5,44.0,65.8,PF/C,7600,2,23.0,22.0,103,109,-2%,16,18,16,30,32,33,49.1,38.2,26.5,49.9,37.5,45.5,6.0,36.5,4.8,37.9,32.0,5.0,37.2,4.9,31.666666666666668,16.666666666666668,40.18000000000001,44.43333333333334,37.591578947368426
44,6,Nerlens Noel,0.0,OKC,DAL,0.0,0.0,0.0,21,15.8,22.1,30.5,C,4300,1,15.0,22.0,102,106,1%,4,4,5,19,18,20,22.1,22.1,14.9,29.3,22.8,34.5,8.0,17.8,4.13,19.2,18.0,4.5,18.5,4.3149999999999995,19.0,4.333333333333333,21.380000000000003,22.8,17.526315789473685
44,7,Michael Porter Jr.,0.0,DEN,HOU,4.5,223.5,109.5,20,4.3,13.9,28.5,SF/PF,4500,1,22.0,17.0,106,107,5%,9,5,4,22,12,10,13.8,10.3,2.8,17.8,10.9,11.3,2.5,13.3,2.94,19.5,20.0,4.3,16.4,3.62,14.666666666666666,6.0,12.22,15.566666666666668,22.363636363636363
45,0,Derrick White,0.0,SA,GS,-11.0,216.5,113.8,27,14.0,23.4,31.3,PG/SG,4100,2,18.0,14.0,103,109,8%,8,7,8,23,21,24,23.4,20.5,12.9,28.1,26.3,22.5,5.5,20.5,5.0,19.3,21.0,4.7,19.9,4.85,22.666666666666668,7.666666666666667,20.96,22.900000000000002,18.43676470588235
45,1,Collin Sexton,0.0,CLE,TOR,9.0,218.5,104.8,3,18.3,29.2,38.0,PG/SG,5800,2,27.0,15.0,103,101,-1%,19,17,16,33,31,31,29.6,27.1,20.3,33.9,31.6,26.3,4.5,25.8,4.44,28.6,31.5,4.9,27.200000000000003,4.67,31.666666666666668,17.333333333333332,27.619999999999997,28.5,27.056842105263158
45,2,LaMarcus Aldridge,0.0,SA,GS,-11.0,216.5,113.8,4,23.5,44.0,65.8,PF/C,7600,2,23.0,22.0,103,109,-2%,16,18,16,30,32,33,49.1,38.2,26.5,49.9,37.5,45.5,6.0,36.5,4.8,37.9,32.0,5.0,37.2,4.9,31.666666666666668,16.666666666666668,40.18000000000001,44.43333333333334,37.591578947368426
45,3,Terrance Ferguson,0.0,OKC,DAL,0.0,0.0,0.0,18,4.8,8.2,15.3,SG/SF,3200,1,9.0,4.0,102,106,-4%,4,4,5,32,29,28,8.2,11.3,5.4,17.3,17.5,1.3,0.4,14.8,4.61,11.8,25.0,3.7,13.3,4.155,29.666666666666668,4.333333333333333,11.1,9.433333333333334,11.207865168539326
45,4,Patty Mills,0.0,SA,GS,-11.0,216.5,113.8,27,11.8,18.6,34.8,PG/SG,3500,2,20.0,15.0,103,109,8%,9,9,9,17,19,23,18.6,19.1,9.9,28.4,32.6,33.5,9.6,16.5,4.71,15.7,18.5,4.5,16.1,4.605,19.666666666666668,9.0,18.419999999999998,21.733333333333334,15.144915254237288
45,5,Mason Plumlee,0.0,DEN,HOU,4.5,223.5,109.5,15,11.8,20.2,26.3,PF/C,4400,1,20.0,19.0,106,107,-3%,7,5,5,21,19,17,20.2,19.6,11.7,27.5,12.3,4.5,1.0,21.0,4.77,17.2,16.5,3.9,19.1,4.335,19.0,5.666666666666667,19.619999999999997,19.433333333333334,16.58684210526316
45,6,Kevin Love,0.0,CLE,TOR,9.0,218.5,104.8,7,22.8,40.6,50.0,PF/C,7500,2,23.0,19.0,103,101,2%,16,13,12,35,31,31,40.5,37.7,25.4,50.0,30.3,31.3,4.2,39.8,5.3,39.1,31.5,5.2,39.45,5.25,32.333333333333336,13.666666666666666,38.61,37.800000000000004,38.43324742268042
45,7,Patrick McCaw,0.0,TOR,CLE,-9.0,218.5,113.8,8,7.3,20.3,42.8,SG/SF,4200,1,11.0,8.0,102,112,11%,11,7,5,40,32,27,20.3,14.5,3.5,25.6,22.1,19.5,4.6,20.0,4.76,20.8,35.0,5.0,20.4,4.88,33.0,7.666666666666667,16.86,23.46666666666667,21.636363636363637
46,0,Alec Burks,0.0,GS,SA,11.0,216.5,102.8,7,22.3,31.3,48.5,PG/SG,5300,2,23.0,17.0,103,109,2%,13,12,13,26,28,30,31.3,29.7,19.3,40.2,38.2,45.0,8.5,31.0,5.85,29.8,30.0,5.6,30.4,5.725,28.0,12.666666666666666,30.18,34.03333333333333,32.57142857142857
46,1,Patrick McCaw,0.0,TOR,CLE,-9.0,218.5,113.8,8,7.3,20.3,42.8,SG/SF,4200,1,11.0,8.0,102,112,11%,11,7,5,40,32,27,20.3,14.5,3.5,25.6,22.1,19.5,4.6,20.0,4.76,20.8,35.0,5.0,20.4,4.88,33.0,7.666666666666667,16.86,23.46666666666667,21.636363636363637
46,2,OG Anunoby,0.0,TOR,CLE,-9.0,218.5,113.8,30,9.3,17.6,38.0,SF/PF,5000,1,15.0,13.0,102,112,3%,8,9,9,21,28,31,17.6,25.3,14.3,36.2,30.4,29.3,5.9,19.8,3.95,20.6,23.0,4.1,20.200000000000003,4.025,26.666666666666668,8.666666666666666,22.720000000000002,21.633333333333336,17.422500000000003
46,3,Darius Bazley,0.0,OKC,DAL,0.0,0.0,0.0,14,8.0,17.2,23.5,SF/PF,4200,1,13.0,7.0,102,106,0%,7,6,4,26,23,17,17.2,11.4,4.4,18.4,12.3,7.3,1.7,7.5,1.79,10.3,15.5,2.5,8.9,2.145,22.0,5.666666666666667,12.059999999999999,16.233333333333334,6.2704545454545455
46,4,Marco Belinelli,0.0,SA,GS,-11.0,216.5,113.8,6,0.0,11.9,22.5,SG/SF,3100,2,17.0,8.0,103,109,10%,6,6,6,18,19,17,12.7,10.8,5.8,15.8,11.8,4.0,1.3,7.0,2.26,9.0,12.0,2.9,8.0,2.58,18.0,6.0,10.62,11.466666666666667,5.333333333333333
46,5,Ben McLemore,0.0,HOU,DEN,-4.5,223.5,114.0,14,10.3,14.8,23.5,SG/SF,4400,1,16.0,11.0,100,103,-6%,7,8,9,28,27,25,14.8,18.5,8.4,28.5,17.6,13.8,3.1,13.8,3.13,12.7,18.5,2.9,13.25,3.0149999999999997,26.666666666666668,8.0,16.69,16.2,9.1921875
46,6,Steven Adams,0.0,OKC,DAL,0.0,0.0,0.0,21,22.0,35.1,51.3,C,6600,1,18.0,22.0,102,106,1%,8,9,8,31,29,28,35.1,31.8,22.4,41.3,25.2,29.8,4.5,32.3,4.89,32.5,29.5,4.9,32.4,4.895,29.333333333333332,8.333333333333334,32.6,36.13333333333333,32.58409090909091
46,7,Michael Porter Jr.,0.0,DEN,HOU,4.5,223.5,109.5,20,4.3,13.9,28.5,SF/PF,4500,1,22.0,17.0,106,107,5%,9,5,4,22,12,10,13.8,10.3,2.8,17.8,10.9,11.3,2.5,13.3,2.94,19.5,20.0,4.3,16.4,3.62,14.666666666666666,6.0,12.22,15.566666666666668,22.363636363636363
47,0,Bryn Forbes,0.0,SA,GS,-11.0,216.5,113.8,27,6.3,14.5,29.3,PG/SG,4000,2,19.0,12.0,103,109,10%,8,6,10,27,24,26,14.4,19.0,10.3,27.7,31.5,19.8,5.0,18.8,4.69,19.7,25.0,4.9,19.25,4.795,25.666666666666668,8.0,18.13,16.7,18.75
47,1,Patty Mills,0.0,SA,GS,-11.0,216.5,113.8,27,11.8,18.6,34.8,PG/SG,3500,2,20.0,15.0,103,109,8%,9,9,9,17,19,23,18.6,19.1,9.9,28.4,32.6,33.5,9.6,16.5,4.71,15.7,18.5,4.5,16.1,4.605,19.666666666666668,9.0,18.419999999999998,21.733333333333334,15.144915254237288
47,2,Serge Ibaka,0.0,TOR,CLE,-9.0,218.5,113.8,10,15.3,29.4,38.3,PF/C,7300,1,24.0,17.0,102,112,3%,13,13,11,32,31,25,29.4,28.2,18.9,37.5,33.5,40.5,5.5,39.8,5.45,39.3,32.5,5.4,39.55,5.425000000000001,29.333333333333332,12.333333333333334,30.71,27.666666666666668,43.819602272727266
47,3,Oshae Brissett,0.0,TOR,CLE,-9.0,218.5,113.8,30,-0.5,4.1,14.0,SF/PF,3000,1,0.0,0.0,102,112,3%,5,2,2,16,8,7,4.0,3.6,-1.2,8.4,14.5,6.0,2.0,8.0,2.67,9.2,11.5,3.1,8.6,2.885,10.333333333333334,3.0,4.68,5.866666666666667,9.570967741935483
47,4,Jamal Murray,0.0,DEN,HOU,4.5,223.5,109.5,21,18.3,29.2,46.3,PG/SG,6800,1,26.0,17.0,106,107,-2%,12,13,15,34,33,33,29.1,33.7,22.8,44.5,30.3,23.0,3.4,35.5,5.22,34.1,34.0,5.0,34.8,5.109999999999999,33.333333333333336,13.333333333333334,32.980000000000004,31.266666666666666,35.495999999999995
47,5,Darius Bazley,0.0,OKC,DAL,0.0,0.0,0.0,14,8.0,17.2,23.5,SF/PF,4200,1,13.0,7.0,102,106,0%,7,6,4,26,23,17,17.2,11.4,4.4,18.4,12.3,7.3,1.7,7.5,1.79,10.3,15.5,2.5,8.9,2.145,22.0,5.666666666666667,12.059999999999999,16.233333333333334,6.2704545454545455
47,6,Marquese Chriss,0.0,GS,SA,11.0,216.5,102.8,25,4.3,14.4,29.3,PF/C,4100,2,20.0,18.0,103,109,-1%,5,5,5,15,13,17,14.4,19.0,9.2,28.8,34.0,30.8,7.5,26.5,6.46,27.3,26.0,6.7,26.9,6.58,15.0,5.0,19.660000000000004,16.0,46.626666666666665
47,7,Matthew Dellavedova,0.0,CLE,TOR,9.0,218.5,104.8,3,6.8,14.2,18.8,PG/SG,3200,2,15.0,8.0,103,101,-1%,4,3,3,14,15,14,14.2,9.5,4.8,14.1,15.3,9.3,2.9,10.3,3.2,9.4,13.0,2.9,9.850000000000001,3.05,14.333333333333334,3.3333333333333335,10.489999999999998,13.266666666666666,8.933720930232559
48,0,Delon Wright,0.0,DAL,OKC,0.0,0.0,0.0,24,15.8,27.4,31.3,PG/SG,4600,1,17.0,20.0,101,105,-1%,8,7,6,21,21,22,27.4,22.1,12.6,31.6,26.3,14.8,3.2,20.3,4.4,19.4,20.0,4.2,19.85,4.300000000000001,21.333333333333332,7.0,22.709999999999997,24.833333333333332,18.609375
48,1,Glenn Robinson III,0.0,GS,SA,11.0,216.5,102.8,9,15.3,22.8,30.5,SG/SF,4400,2,15.0,12.0,103,109,2%,8,10,10,32,32,32,22.7,22.8,14.6,31.0,39.5,35.8,8.1,23.5,5.34,23.7,33.0,5.4,23.6,5.37,32.0,9.333333333333334,22.939999999999998,22.866666666666664,24.337500000000002
48,2,Rondae Hollis-Jefferson,0.0,TOR,CLE,-9.0,218.5,113.8,30,4.8,19.8,34.3,SF/PF,4300,1,18.0,17.0,102,112,3%,3,6,6,11,21,20,19.8,18.9,8.8,29.0,27.6,22.8,5.3,15.0,3.49,21.6,21.5,5.0,18.3,4.245,17.333333333333332,5.0,18.96,19.633333333333333,22.69903846153846
48,3,Damion Lee,0.0,GS,SA,11.0,216.5,102.8,9,29.3,37.8,54.3,SG/SF,6200,2,20.0,15.0,103,109,2%,13,12,10,35,33,26,37.8,25.0,12.5,37.5,39.5,32.8,5.3,31.0,5.0,32.5,33.5,5.2,31.75,5.1,31.333333333333332,11.666666666666666,28.910000000000004,40.46666666666666,33.94547872340426
48,4,Terrance Ferguson,0.0,OKC,DAL,0.0,0.0,0.0,18,4.8,8.2,15.3,SG/SF,3200,1,9.0,4.0,102,106,-4%,4,4,5,32,29,28,8.2,11.3,5.4,17.3,17.5,1.3,0.4,14.8,4.61,11.8,25.0,3.7,13.3,4.155,29.666666666666668,4.333333333333333,11.1,9.433333333333334,11.207865168539326
48,5,Chris Boucher,0.0,TOR,CLE,-9.0,218.5,113.8,10,14.0,25.0,41.3,PF/C,4800,1,19.0,21.0,102,112,3%,6,7,5,18,20,13,25.4,14.9,2.8,27.0,15.8,15.5,3.2,22.8,4.74,21.2,18.0,4.4,22.0,4.57,17.0,6.0,18.419999999999998,26.766666666666666,23.294117647058826
48,6,Kevin Love,0.0,CLE,TOR,9.0,218.5,104.8,7,22.8,40.6,50.0,PF/C,7500,2,23.0,19.0,103,101,2%,16,13,12,35,31,31,40.5,37.7,25.4,50.0,30.3,31.3,4.2,39.8,5.3,39.1,31.5,5.2,39.45,5.25,32.333333333333336,13.666666666666666,38.61,37.800000000000004,38.43324742268042
48,7,Nerlens Noel,0.0,OKC,DAL,0.0,0.0,0.0,21,15.8,22.1,30.5,C,4300,1,15.0,22.0,102,106,1%,4,4,5,19,18,20,22.1,22.1,14.9,29.3,22.8,34.5,8.0,17.8,4.13,19.2,18.0,4.5,18.5,4.3149999999999995,19.0,4.333333333333333,21.380000000000003,22.8,17.526315789473685
