Lineup Num,,Player Name,injury_status,team,opp,spread,over_under,implied_team_score,L5_dvp_rank,L5_ppg_floor,L5_ppg_avg,L5_ppg_max,Pos,Salary,Rest,USG,PER,Opp Pace,Opp DEff,Opp DvP,L2 FGA,L5 FGA,S FGA,L2 Min,L5 Min,S Min,L5 FP,S FP,Floor FP,Ceil FP,Actual Min,Actual FP,Actual Val,FantasyFuelPPGProj,FantasyFuelValueProj,DFN_PPGProj,DFN_MinProj,DFN_ValueProj,Avg Proj,Avg Value Proj,Avg Skewed Min,Avg Skewed FGA,Avg Skewed FP,Avg L5 PPG,Proj Min Enhanced
0,0,Frank Jackson,0.0,NO,PHO,3.5,234.5,115.5,21,2.8,12.5,34.3,PG/SG,3600,1,24.0,13.0,106,103,-5%,9,8,9,21,17,19,15.8,16.6,8.3,24.8,14.3,6.8,1.9,12.0,3.33,11.1,13.5,3.1,11.55,3.215,19.0,8.666666666666666,15.41,16.53333333333333,8.20657894736842
0,1,JJ Redick,0.0,NO,PHO,3.5,234.5,115.5,17,27.8,32.4,36.8,SG/SF,5200,1,19.0,13.0,106,103,1%,14,14,10,34,34,27,32.4,22.0,11.5,32.4,36.6,38.8,7.5,26.3,5.05,25.0,30.0,4.8,25.65,4.925,31.666666666666668,12.666666666666666,24.79,32.333333333333336,24.299999999999997
0,2,Skal Labissiere,0.0,POR,MIL,14.0,228.0,107.0,24,8.5,16.2,28.5,PF/C,3600,1,16.0,14.0,109,99,-10%,6,4,4,20,18,15,16.1,14.0,6.6,21.3,28.4,56.0,15.6,16.8,4.65,19.6,21.0,5.4,18.200000000000003,5.025,17.666666666666668,4.666666666666667,15.240000000000004,17.733333333333334,21.633962264150945
0,3,Giannis Antetokounmpo,0.0,MIL,POR,-14.0,228.0,121.0,6,54.8,59.9,71.5,SF/PF,10600,0,36.0,33.0,106,108,-6%,20,20,19,32,33,33,60.3,62.6,51.9,73.4,35.8,80.8,7.6,66.3,6.25,64.5,31.5,6.1,65.4,6.175,32.666666666666664,19.666666666666668,62.720000000000006,62.06666666666666,63.064285714285724
0,4,Rodney Hood,0.0,POR,MIL,14.0,228.0,107.0,6,1.3,17.6,30.5,SG/SF,4200,1,14.0,12.0,109,99,8%,10,10,10,32,32,32,20.3,21.6,13.9,29.2,29.9,24.8,5.9,22.5,5.36,22.1,31.0,5.3,22.3,5.33,32.0,10.0,21.46,16.46666666666667,21.603125000000002
0,5,E'Twaun Moore,0.0,NO,PHO,3.5,234.5,115.5,17,18.0,23.6,34.5,SG/SF,4000,1,21.0,12.0,106,103,-9%,11,14,10,23,28,22,23.6,18.1,9.6,26.5,25.6,28.8,7.2,19.8,4.94,11.4,15.5,2.9,15.600000000000001,3.92,24.333333333333332,11.666666666666666,18.68,25.366666666666664,9.936986301369865
0,6,Robin Lopez,0.0,MIL,POR,-14.0,228.0,121.0,7,0.3,10.1,14.8,C,3300,0,15.0,7.0,106,108,14%,7,5,4,19,14,15,9.4,9.6,4.9,14.3,14.1,13.0,3.9,13.0,3.94,11.9,13.5,3.6,12.45,3.77,16.0,5.333333333333333,10.129999999999999,8.4,10.5046875
0,7,Pat Connaughton,0.0,MIL,POR,-14.0,228.0,121.0,19,4.0,12.1,18.5,SG/SF,3500,0,12.0,11.0,106,108,-3%,2,3,4,14,15,16,12.1,12.5,4.6,20.4,21.6,26.5,7.6,11.8,3.36,12.4,14.5,3.5,12.100000000000001,3.4299999999999997,15.0,3.0,12.34,11.533333333333333,11.696666666666667
1,0,Elie Okobo,0.0,PHO,NO,-3.5,234.5,119.0,7,0.0,6.2,13.5,PG/SG,3400,1,0.0,0.0,108,109,12%,3,2,2,13,7,6,6.2,5.5,1.0,10.0,20.3,24.0,7.1,11.3,3.31,0.0,0.0,0.0,5.65,1.655,8.666666666666666,2.3333333333333335,5.67,6.566666666666666,0.0
1,1,Kent Bazemore,0.0,POR,MIL,14.0,228.0,107.0,6,10.5,20.7,28.5,SG/SF,4300,1,18.0,9.0,109,99,8%,11,9,8,25,24,24,20.7,20.1,13.3,26.9,18.4,19.3,4.5,21.8,5.06,20.7,23.5,4.8,21.25,4.93,24.333333333333332,9.333333333333334,20.449999999999996,19.900000000000002,20.522260273972606
1,2,Kelly Oubre Jr.,0.0,PHO,NO,-3.5,234.5,119.0,23,6.5,30.0,47.3,SF/PF,6700,1,22.0,17.0,108,109,5%,15,14,13,35,33,32,33.9,32.3,23.7,41.0,35.1,39.0,5.8,32.3,4.81,36.6,34.0,5.5,34.45,5.154999999999999,33.333333333333336,14.0,33.06999999999999,27.933333333333334,35.139
1,3,Carmelo Anthony,0.0,POR,MIL,14.0,228.0,107.0,26,7.8,20.8,37.5,SF/PF,3900,1,0.0,0.0,109,99,-10%,14,14,14,24,24,24,15.5,15.5,15.5,15.5,29.0,32.8,8.4,21.8,5.58,20.4,25.5,5.2,21.1,5.390000000000001,24.0,14.0,16.619999999999997,22.03333333333333,22.418750000000003
1,4,Rodney Hood,0.0,POR,MIL,14.0,228.0,107.0,6,1.3,17.6,30.5,SG/SF,4200,1,14.0,12.0,109,99,8%,10,10,10,32,32,32,20.3,21.6,13.9,29.2,29.9,24.8,5.9,22.5,5.36,22.1,31.0,5.3,22.3,5.33,32.0,10.0,21.46,16.46666666666667,21.603125000000002
1,5,Brandon Ingram,0.0,NO,PHO,3.5,234.5,115.5,14,15.0,39.4,56.3,SF/PF,7000,1,30.0,24.0,106,103,1%,16,19,20,35,35,35,43.5,47.1,38.1,56.1,32.5,51.0,7.3,42.5,6.07,43.1,35.0,6.2,42.8,6.135,35.0,18.333333333333332,45.519999999999996,36.9,42.8
1,6,Brook Lopez,0.0,MIL,POR,-14.0,228.0,121.0,7,19.5,32.2,50.0,C,5400,0,17.0,15.0,106,108,14%,10,11,10,28,27,28,32.1,27.8,16.0,39.5,30.1,21.0,3.9,26.8,4.95,30.2,27.0,5.6,28.5,5.275,27.666666666666668,10.333333333333334,28.78,33.9,27.81325301204819
1,7,Mario Hezonja,0.0,POR,MIL,14.0,228.0,107.0,26,7.8,12.5,19.5,SF/PF,3700,1,14.0,8.0,109,99,8%,3,4,5,11,15,20,12.4,15.5,7.4,23.7,9.6,1.3,0.4,11.8,3.18,0.0,0.0,0.0,5.9,1.59,15.333333333333334,4.0,12.979999999999999,13.266666666666666,0.0
2,0,Elie Okobo,0.0,PHO,NO,-3.5,234.5,119.0,7,0.0,6.2,13.5,PG/SG,3400,1,0.0,0.0,108,109,12%,3,2,2,13,7,6,6.2,5.5,1.0,10.0,20.3,24.0,7.1,11.3,3.31,0.0,0.0,0.0,5.65,1.655,8.666666666666666,2.3333333333333335,5.67,6.566666666666666,0.0
2,1,Devin Booker,0.0,PHO,NO,-3.5,234.5,119.0,7,25.8,40.3,51.8,PG/SG,8500,1,29.0,20.0,108,109,8%,17,16,17,36,35,35,39.9,39.2,29.7,48.8,37.4,33.8,4.0,46.0,5.41,45.0,35.0,5.3,45.5,5.355,35.333333333333336,16.666666666666668,40.62,39.3,45.070754716981135
2,2,Mario Hezonja,0.0,POR,MIL,14.0,228.0,107.0,26,7.8,12.5,19.5,SF/PF,3700,1,14.0,8.0,109,99,8%,3,4,5,11,15,20,12.4,15.5,7.4,23.7,9.6,1.3,0.4,11.8,3.18,0.0,0.0,0.0,5.9,1.59,15.333333333333334,4.0,12.979999999999999,13.266666666666666,0.0
2,3,Kenrich Williams,0.0,NO,PHO,3.5,234.5,115.5,14,20.3,27.4,33.8,SF/PF,5300,1,11.0,13.0,106,103,8%,6,7,5,35,36,25,27.4,20.8,9.9,31.7,30.2,20.8,3.9,23.8,4.48,23.5,29.5,4.4,23.65,4.44,32.0,6.0,22.690000000000005,27.166666666666668,21.80234375
2,4,JJ Redick,0.0,NO,PHO,3.5,234.5,115.5,17,27.8,32.4,36.8,SG/SF,5200,1,19.0,13.0,106,103,1%,14,14,10,34,34,27,32.4,22.0,11.5,32.4,36.6,38.8,7.5,26.3,5.05,25.0,30.0,4.8,25.65,4.925,31.666666666666668,12.666666666666666,24.79,32.333333333333336,24.299999999999997
2,5,Rodney Hood,0.0,POR,MIL,14.0,228.0,107.0,6,1.3,17.6,30.5,SG/SF,4200,1,14.0,12.0,109,99,8%,10,10,10,32,32,32,20.3,21.6,13.9,29.2,29.9,24.8,5.9,22.5,5.36,22.1,31.0,5.3,22.3,5.33,32.0,10.0,21.46,16.46666666666667,21.603125000000002
2,6,Brook Lopez,0.0,MIL,POR,-14.0,228.0,121.0,7,19.5,32.2,50.0,C,5400,0,17.0,15.0,106,108,14%,10,11,10,28,27,28,32.1,27.8,16.0,39.5,30.1,21.0,3.9,26.8,4.95,30.2,27.0,5.6,28.5,5.275,27.666666666666668,10.333333333333334,28.78,33.9,27.81325301204819
2,7,Mikal Bridges,0.0,PHO,NO,-3.5,234.5,119.0,25,10.5,18.3,30.8,SG/SF,3900,1,12.0,13.0,108,109,5%,7,5,5,20,19,20,18.3,15.3,7.8,22.7,35.8,29.0,7.4,18.3,4.68,17.6,22.5,4.5,17.950000000000003,4.59,19.666666666666668,5.666666666666667,16.41,19.866666666666667,20.536016949152543
3,0,Eric Bledsoe,0.0,MIL,POR,-14.0,228.0,121.0,15,21.8,37.5,49.5,PG,6800,0,26.0,19.0,106,108,11%,14,14,14,27,28,28,37.5,34.9,25.2,44.6,31.0,46.0,6.8,36.3,5.33,37.1,28.0,5.5,36.7,5.415,27.666666666666668,14.0,35.779999999999994,36.266666666666666,37.142168674698794
3,1,Jrue Holiday,0.0,NO,PHO,3.5,234.5,115.5,21,25.5,45.6,63.8,PG/SG,8200,1,26.0,15.0,106,103,-5%,21,20,17,36,37,35,45.7,39.7,28.9,50.5,37.1,47.5,5.8,43.0,5.24,40.3,35.0,4.9,41.65,5.07,36.0,19.333333333333332,41.290000000000006,44.96666666666666,40.49305555555555
3,2,Brandon Ingram,0.0,NO,PHO,3.5,234.5,115.5,14,15.0,39.4,56.3,SF/PF,7000,1,30.0,24.0,106,103,1%,16,19,20,35,35,35,43.5,47.1,38.1,56.1,32.5,51.0,7.3,42.5,6.07,43.1,35.0,6.2,42.8,6.135,35.0,18.333333333333332,45.519999999999996,36.9,42.8
3,3,Kelly Oubre Jr.,0.0,PHO,NO,-3.5,234.5,119.0,23,6.5,30.0,47.3,SF/PF,6700,1,22.0,17.0,108,109,5%,15,14,13,35,33,32,33.9,32.3,23.7,41.0,35.1,39.0,5.8,32.3,4.81,36.6,34.0,5.5,34.45,5.154999999999999,33.333333333333336,14.0,33.06999999999999,27.933333333333334,35.139
3,4,Gary Trent Jr.,0.0,POR,MIL,14.0,228.0,107.0,6,3.0,7.7,15.3,SG,3200,1,0.0,0.0,109,99,8%,2,4,2,3,10,7,7.7,4.9,0.0,9.9,21.0,24.8,7.8,8.3,2.58,15.5,21.5,4.8,11.9,3.69,6.666666666666667,2.6666666666666665,6.88,8.666666666666666,38.3775
3,5,JJ Redick,0.0,NO,PHO,3.5,234.5,115.5,17,27.8,32.4,36.8,SG/SF,5200,1,19.0,13.0,106,103,1%,14,14,10,34,34,27,32.4,22.0,11.5,32.4,36.6,38.8,7.5,26.3,5.05,25.0,30.0,4.8,25.65,4.925,31.666666666666668,12.666666666666666,24.79,32.333333333333336,24.299999999999997
3,6,Cheick Diallo,0.0,PHO,NO,-3.5,234.5,119.0,6,0.0,5.8,11.0,PF/C,3500,1,0.0,0.0,108,109,6%,3,2,1,10,6,4,5.8,4.3,-0.1,8.6,13.6,14.8,4.2,15.3,4.36,15.0,15.0,4.3,15.15,4.33,6.666666666666667,2.0,6.75,5.6000000000000005,34.0875
3,7,Robin Lopez,0.0,MIL,POR,-14.0,228.0,121.0,7,0.3,10.1,14.8,C,3300,0,15.0,7.0,106,108,14%,7,5,4,19,14,15,9.4,9.6,4.9,14.3,14.1,13.0,3.9,13.0,3.94,11.9,13.5,3.6,12.45,3.77,16.0,5.333333333333333,10.129999999999999,8.4,10.5046875
4,0,Jevon Carter,0.0,PHO,NO,-3.5,234.5,119.0,7,2.0,8.0,14.5,PG/SG,3300,1,14.0,9.0,108,109,12%,2,2,4,14,12,16,8.0,12.2,3.0,21.4,9.1,13.3,4.0,14.0,4.24,14.1,17.5,4.3,14.05,4.27,14.0,2.6666666666666665,11.729999999999999,8.166666666666666,17.5625
4,1,Tyler Johnson,0.0,PHO,NO,-3.5,234.5,119.0,7,7.8,12.5,18.5,PG/SG,3700,1,17.0,9.0,108,109,8%,4,6,6,21,20,19,12.4,12.7,7.3,18.1,29.3,26.8,7.2,21.5,5.81,22.4,28.0,6.1,21.95,5.955,20.0,5.333333333333333,14.49,12.933333333333332,30.729999999999997
4,2,Nassir Little,0.0,POR,MIL,14.0,228.0,107.0,26,0.0,18.2,33.3,SF/PF,4100,1,15.0,9.0,109,99,-10%,8,7,5,26,22,17,18.6,13.9,1.4,26.4,16.6,13.8,3.4,19.5,4.76,19.8,23.0,4.8,19.65,4.779999999999999,21.666666666666668,6.666666666666667,15.989999999999998,17.166666666666668,20.859230769230766
4,3,Pat Connaughton,0.0,MIL,POR,-14.0,228.0,121.0,19,4.0,12.1,18.5,SG/SF,3500,0,12.0,11.0,106,108,-3%,2,3,4,14,15,16,12.1,12.5,4.6,20.4,21.6,26.5,7.6,11.8,3.36,12.4,14.5,3.5,12.100000000000001,3.4299999999999997,15.0,3.0,12.34,11.533333333333333,11.696666666666667
4,4,Kent Bazemore,0.0,POR,MIL,14.0,228.0,107.0,6,10.5,20.7,28.5,SG/SF,4300,1,18.0,9.0,109,99,8%,11,9,8,25,24,24,20.7,20.1,13.3,26.9,18.4,19.3,4.5,21.8,5.06,20.7,23.5,4.8,21.25,4.93,24.333333333333332,9.333333333333334,20.449999999999996,19.900000000000002,20.522260273972606
4,5,Mario Hezonja,0.0,POR,MIL,14.0,228.0,107.0,26,7.8,12.5,19.5,SF/PF,3700,1,14.0,8.0,109,99,8%,3,4,5,11,15,20,12.4,15.5,7.4,23.7,9.6,1.3,0.4,11.8,3.18,0.0,0.0,0.0,5.9,1.59,15.333333333333334,4.0,12.979999999999999,13.266666666666666,0.0
4,6,Ersan Ilyasova,0.0,MIL,POR,-14.0,228.0,121.0,30,1.5,8.2,16.0,PF/C,3600,0,15.0,13.0,106,108,-6%,6,4,5,14,13,16,8.2,14.4,6.8,22.0,15.0,13.5,3.8,8.8,2.43,10.6,11.5,2.9,9.7,2.665,14.333333333333334,5.0,12.219999999999999,8.566666666666666,7.782558139534883
4,7,Skal Labissiere,0.0,POR,MIL,14.0,228.0,107.0,24,8.5,16.2,28.5,PF/C,3600,1,16.0,14.0,109,99,-10%,6,4,4,20,18,15,16.1,14.0,6.6,21.3,28.4,56.0,15.6,16.8,4.65,19.6,21.0,5.4,18.200000000000003,5.025,17.666666666666668,4.666666666666667,15.240000000000004,17.733333333333334,21.633962264150945
5,0,Eric Bledsoe,0.0,MIL,POR,-14.0,228.0,121.0,15,21.8,37.5,49.5,PG,6800,0,26.0,19.0,106,108,11%,14,14,14,27,28,28,37.5,34.9,25.2,44.6,31.0,46.0,6.8,36.3,5.33,37.1,28.0,5.5,36.7,5.415,27.666666666666668,14.0,35.779999999999994,36.266666666666666,37.142168674698794
5,1,CJ McCollum,0.0,POR,MIL,14.0,228.0,107.0,30,33.8,41.7,54.0,PG/SG,7500,1,26.0,14.0,109,99,8%,21,21,21,36,37,37,41.7,35.3,24.2,46.4,38.5,68.0,9.1,37.3,4.97,39.5,35.5,5.3,38.4,5.135,36.666666666666664,21.0,37.2,43.166666666666664,37.17818181818182
5,2,Giannis Antetokounmpo,0.0,MIL,POR,-14.0,228.0,121.0,6,54.8,59.9,71.5,SF/PF,10600,0,36.0,33.0,106,108,-6%,20,20,19,32,33,33,60.3,62.6,51.9,73.4,35.8,80.8,7.6,66.3,6.25,64.5,31.5,6.1,65.4,6.175,32.666666666666664,19.666666666666668,62.720000000000006,62.06666666666666,63.064285714285724
5,3,Rodney Hood,0.0,POR,MIL,14.0,228.0,107.0,6,1.3,17.6,30.5,SG/SF,4200,1,14.0,12.0,109,99,8%,10,10,10,32,32,32,20.3,21.6,13.9,29.2,29.9,24.8,5.9,22.5,5.36,22.1,31.0,5.3,22.3,5.33,32.0,10.0,21.46,16.46666666666667,21.603125000000002
5,4,Lonzo Ball,0.0,NO,PHO,3.5,234.5,115.5,21,15.5,27.1,35.0,PG,5000,1,20.0,15.0,106,103,-5%,9,9,10,22,28,29,27.1,29.9,20.3,39.6,19.4,16.3,3.3,25.8,5.15,20.9,20.5,4.2,23.35,4.675000000000001,26.333333333333332,9.333333333333334,28.05,25.866666666666664,18.177531645569623
5,5,Mario Hezonja,0.0,POR,MIL,14.0,228.0,107.0,26,7.8,12.5,19.5,SF/PF,3700,1,14.0,8.0,109,99,8%,3,4,5,11,15,20,12.4,15.5,7.4,23.7,9.6,1.3,0.4,11.8,3.18,0.0,0.0,0.0,5.9,1.59,15.333333333333334,4.0,12.979999999999999,13.266666666666666,0.0
5,6,Jaxson Hayes,0.0,NO,PHO,3.5,234.5,115.5,16,1.5,19.4,31.0,C,5100,1,16.0,19.0,106,103,8%,7,5,5,26,18,17,19.4,17.3,8.2,26.3,21.4,16.0,3.1,25.0,4.9,26.4,27.5,5.2,25.7,5.050000000000001,20.333333333333332,5.666666666666667,19.380000000000003,17.3,34.75819672131148
5,7,Ersan Ilyasova,0.0,MIL,POR,-14.0,228.0,121.0,30,1.5,8.2,16.0,PF/C,3600,0,15.0,13.0,106,108,-6%,6,4,5,14,13,16,8.2,14.4,6.8,22.0,15.0,13.5,3.8,8.8,2.43,10.6,11.5,2.9,9.7,2.665,14.333333333333334,5.0,12.219999999999999,8.566666666666666,7.782558139534883
6,0,Donte DiVincenzo,0.0,MIL,POR,-14.0,228.0,121.0,15,10.3,21.7,33.5,PG/SF,4400,0,18.0,15.0,106,108,-3%,9,7,7,27,22,20,21.6,19.6,8.4,30.8,27.3,28.0,6.4,21.3,4.83,22.3,25.0,5.1,21.8,4.965,23.0,7.666666666666667,20.44,21.833333333333332,23.695652173913047
6,1,Jevon Carter,0.0,PHO,NO,-3.5,234.5,119.0,7,2.0,8.0,14.5,PG/SG,3300,1,14.0,9.0,108,109,12%,2,2,4,14,12,16,8.0,12.2,3.0,21.4,9.1,13.3,4.0,14.0,4.24,14.1,17.5,4.3,14.05,4.27,14.0,2.6666666666666665,11.729999999999999,8.166666666666666,17.5625
6,2,Cheick Diallo,0.0,PHO,NO,-3.5,234.5,119.0,6,0.0,5.8,11.0,PF/C,3500,1,0.0,0.0,108,109,6%,3,2,1,10,6,4,5.8,4.3,-0.1,8.6,13.6,14.8,4.2,15.3,4.36,15.0,15.0,4.3,15.15,4.33,6.666666666666667,2.0,6.75,5.6000000000000005,34.0875
6,3,Kenrich Williams,0.0,NO,PHO,3.5,234.5,115.5,14,20.3,27.4,33.8,SF/PF,5300,1,11.0,13.0,106,103,8%,6,7,5,35,36,25,27.4,20.8,9.9,31.7,30.2,20.8,3.9,23.8,4.48,23.5,29.5,4.4,23.65,4.44,32.0,6.0,22.690000000000005,27.166666666666668,21.80234375
6,4,George Hill,0.0,MIL,POR,-14.0,228.0,121.0,15,11.8,18.4,24.5,PG/SG,4000,0,15.0,17.0,106,108,11%,8,6,7,25,24,23,18.4,19.9,11.9,27.9,17.1,19.0,4.8,19.0,4.75,19.8,23.0,5.0,19.4,4.875,24.0,7.0,19.5,18.233333333333334,18.591666666666665
6,5,Kent Bazemore,0.0,POR,MIL,14.0,228.0,107.0,6,10.5,20.7,28.5,SG/SF,4300,1,18.0,9.0,109,99,8%,11,9,8,25,24,24,20.7,20.1,13.3,26.9,18.4,19.3,4.5,21.8,5.06,20.7,23.5,4.8,21.25,4.93,24.333333333333332,9.333333333333334,20.449999999999996,19.900000000000002,20.522260273972606
6,6,Robin Lopez,0.0,MIL,POR,-14.0,228.0,121.0,7,0.3,10.1,14.8,C,3300,0,15.0,7.0,106,108,14%,7,5,4,19,14,15,9.4,9.6,4.9,14.3,14.1,13.0,3.9,13.0,3.94,11.9,13.5,3.6,12.45,3.77,16.0,5.333333333333333,10.129999999999999,8.4,10.5046875
6,7,Eric Bledsoe,0.0,MIL,POR,-14.0,228.0,121.0,15,21.8,37.5,49.5,PG,6800,0,26.0,19.0,106,108,11%,14,14,14,27,28,28,37.5,34.9,25.2,44.6,31.0,46.0,6.8,36.3,5.33,37.1,28.0,5.5,36.7,5.415,27.666666666666668,14.0,35.779999999999994,36.266666666666666,37.142168674698794
7,0,Devin Booker,0.0,PHO,NO,-3.5,234.5,119.0,7,25.8,40.3,51.8,PG/SG,8500,1,29.0,20.0,108,109,8%,17,16,17,36,35,35,39.9,39.2,29.7,48.8,37.4,33.8,4.0,46.0,5.41,45.0,35.0,5.3,45.5,5.355,35.333333333333336,16.666666666666668,40.62,39.3,45.070754716981135
7,1,Kent Bazemore,0.0,POR,MIL,14.0,228.0,107.0,6,10.5,20.7,28.5,SG/SF,4300,1,18.0,9.0,109,99,8%,11,9,8,25,24,24,20.7,20.1,13.3,26.9,18.4,19.3,4.5,21.8,5.06,20.7,23.5,4.8,21.25,4.93,24.333333333333332,9.333333333333334,20.449999999999996,19.900000000000002,20.522260273972606
7,2,Kelly Oubre Jr.,0.0,PHO,NO,-3.5,234.5,119.0,23,6.5,30.0,47.3,SF/PF,6700,1,22.0,17.0,108,109,5%,15,14,13,35,33,32,33.9,32.3,23.7,41.0,35.1,39.0,5.8,32.3,4.81,36.6,34.0,5.5,34.45,5.154999999999999,33.333333333333336,14.0,33.06999999999999,27.933333333333334,35.139
7,3,E'Twaun Moore,0.0,NO,PHO,3.5,234.5,115.5,17,18.0,23.6,34.5,SG/SF,4000,1,21.0,12.0,106,103,-9%,11,14,10,23,28,22,23.6,18.1,9.6,26.5,25.6,28.8,7.2,19.8,4.94,11.4,15.5,2.9,15.600000000000001,3.92,24.333333333333332,11.666666666666666,18.68,25.366666666666664,9.936986301369865
7,4,Elie Okobo,0.0,PHO,NO,-3.5,234.5,119.0,7,0.0,6.2,13.5,PG/SG,3400,1,0.0,0.0,108,109,12%,3,2,2,13,7,6,6.2,5.5,1.0,10.0,20.3,24.0,7.1,11.3,3.31,0.0,0.0,0.0,5.65,1.655,8.666666666666666,2.3333333333333335,5.67,6.566666666666666,0.0
7,5,Donte DiVincenzo,0.0,MIL,POR,-14.0,228.0,121.0,15,10.3,21.7,33.5,PG/SF,4400,0,18.0,15.0,106,108,-3%,9,7,7,27,22,20,21.6,19.6,8.4,30.8,27.3,28.0,6.4,21.3,4.83,22.3,25.0,5.1,21.8,4.965,23.0,7.666666666666667,20.44,21.833333333333332,23.695652173913047
7,6,Anthony Tolliver,0.0,POR,MIL,14.0,228.0,107.0,24,1.3,7.7,16.3,PF/C,3500,1,12.0,5.0,109,99,-10%,3,3,3,11,14,16,7.7,9.3,1.0,17.6,31.1,17.3,4.9,10.3,2.93,17.0,23.5,4.9,13.65,3.915,13.666666666666666,3.0,9.85,8.433333333333334,23.471341463414635
7,7,Brook Lopez,0.0,MIL,POR,-14.0,228.0,121.0,7,19.5,32.2,50.0,C,5400,0,17.0,15.0,106,108,14%,10,11,10,28,27,28,32.1,27.8,16.0,39.5,30.1,21.0,3.9,26.8,4.95,30.2,27.0,5.6,28.5,5.275,27.666666666666668,10.333333333333334,28.78,33.9,27.81325301204819
8,0,Lonzo Ball,0.0,NO,PHO,3.5,234.5,115.5,21,15.5,27.1,35.0,PG,5000,1,20.0,15.0,106,103,-5%,9,9,10,22,28,29,27.1,29.9,20.3,39.6,19.4,16.3,3.3,25.8,5.15,20.9,20.5,4.2,23.35,4.675000000000001,26.333333333333332,9.333333333333334,28.05,25.866666666666664,18.177531645569623
8,1,Jevon Carter,0.0,PHO,NO,-3.5,234.5,119.0,7,2.0,8.0,14.5,PG/SG,3300,1,14.0,9.0,108,109,12%,2,2,4,14,12,16,8.0,12.2,3.0,21.4,9.1,13.3,4.0,14.0,4.24,14.1,17.5,4.3,14.05,4.27,14.0,2.6666666666666665,11.729999999999999,8.166666666666666,17.5625
8,2,Skal Labissiere,0.0,POR,MIL,14.0,228.0,107.0,24,8.5,16.2,28.5,PF/C,3600,1,16.0,14.0,109,99,-10%,6,4,4,20,18,15,16.1,14.0,6.6,21.3,28.4,56.0,15.6,16.8,4.65,19.6,21.0,5.4,18.200000000000003,5.025,17.666666666666668,4.666666666666667,15.240000000000004,17.733333333333334,21.633962264150945
8,3,Rodney Hood,0.0,POR,MIL,14.0,228.0,107.0,6,1.3,17.6,30.5,SG/SF,4200,1,14.0,12.0,109,99,8%,10,10,10,32,32,32,20.3,21.6,13.9,29.2,29.9,24.8,5.9,22.5,5.36,22.1,31.0,5.3,22.3,5.33,32.0,10.0,21.46,16.46666666666667,21.603125000000002
8,4,Mikal Bridges,0.0,PHO,NO,-3.5,234.5,119.0,25,10.5,18.3,30.8,SG/SF,3900,1,12.0,13.0,108,109,5%,7,5,5,20,19,20,18.3,15.3,7.8,22.7,35.8,29.0,7.4,18.3,4.68,17.6,22.5,4.5,17.950000000000003,4.59,19.666666666666668,5.666666666666667,16.41,19.866666666666667,20.536016949152543
8,5,Anthony Tolliver,0.0,POR,MIL,14.0,228.0,107.0,24,1.3,7.7,16.3,PF/C,3500,1,12.0,5.0,109,99,-10%,3,3,3,11,14,16,7.7,9.3,1.0,17.6,31.1,17.3,4.9,10.3,2.93,17.0,23.5,4.9,13.65,3.915,13.666666666666666,3.0,9.85,8.433333333333334,23.471341463414635
8,6,Robin Lopez,0.0,MIL,POR,-14.0,228.0,121.0,7,0.3,10.1,14.8,C,3300,0,15.0,7.0,106,108,14%,7,5,4,19,14,15,9.4,9.6,4.9,14.3,14.1,13.0,3.9,13.0,3.94,11.9,13.5,3.6,12.45,3.77,16.0,5.333333333333333,10.129999999999999,8.4,10.5046875
8,7,Gary Trent Jr.,0.0,POR,MIL,14.0,228.0,107.0,6,3.0,7.7,15.3,SG,3200,1,0.0,0.0,109,99,8%,2,4,2,3,10,7,7.7,4.9,0.0,9.9,21.0,24.8,7.8,8.3,2.58,15.5,21.5,4.8,11.9,3.69,6.666666666666667,2.6666666666666665,6.88,8.666666666666666,38.3775
9,0,Jevon Carter,0.0,PHO,NO,-3.5,234.5,119.0,7,2.0,8.0,14.5,PG/SG,3300,1,14.0,9.0,108,109,12%,2,2,4,14,12,16,8.0,12.2,3.0,21.4,9.1,13.3,4.0,14.0,4.24,14.1,17.5,4.3,14.05,4.27,14.0,2.6666666666666665,11.729999999999999,8.166666666666666,17.5625
9,1,Sterling Brown,0.0,MIL,POR,-14.0,228.0,121.0,19,12.3,20.5,26.3,SG/SF,4100,0,16.0,14.0,106,108,-3%,5,7,5,22,22,16,20.4,15.6,5.7,25.5,18.3,17.0,4.1,20.0,4.88,19.7,22.5,4.8,19.85,4.84,20.0,5.666666666666667,17.410000000000004,19.7,22.33125
9,2,Skal Labissiere,0.0,POR,MIL,14.0,228.0,107.0,24,8.5,16.2,28.5,PF/C,3600,1,16.0,14.0,109,99,-10%,6,4,4,20,18,15,16.1,14.0,6.6,21.3,28.4,56.0,15.6,16.8,4.65,19.6,21.0,5.4,18.200000000000003,5.025,17.666666666666668,4.666666666666667,15.240000000000004,17.733333333333334,21.633962264150945
9,3,Nassir Little,0.0,POR,MIL,14.0,228.0,107.0,26,0.0,18.2,33.3,SF/PF,4100,1,15.0,9.0,109,99,-10%,8,7,5,26,22,17,18.6,13.9,1.4,26.4,16.6,13.8,3.4,19.5,4.76,19.8,23.0,4.8,19.65,4.779999999999999,21.666666666666668,6.666666666666667,15.989999999999998,17.166666666666668,20.859230769230766
9,4,Kent Bazemore,0.0,POR,MIL,14.0,228.0,107.0,6,10.5,20.7,28.5,SG/SF,4300,1,18.0,9.0,109,99,8%,11,9,8,25,24,24,20.7,20.1,13.3,26.9,18.4,19.3,4.5,21.8,5.06,20.7,23.5,4.8,21.25,4.93,24.333333333333332,9.333333333333334,20.449999999999996,19.900000000000002,20.522260273972606
9,5,Pat Connaughton,0.0,MIL,POR,-14.0,228.0,121.0,19,4.0,12.1,18.5,SG/SF,3500,0,12.0,11.0,106,108,-3%,2,3,4,14,15,16,12.1,12.5,4.6,20.4,21.6,26.5,7.6,11.8,3.36,12.4,14.5,3.5,12.100000000000001,3.4299999999999997,15.0,3.0,12.34,11.533333333333333,11.696666666666667
9,6,Brook Lopez,0.0,MIL,POR,-14.0,228.0,121.0,7,19.5,32.2,50.0,C,5400,0,17.0,15.0,106,108,14%,10,11,10,28,27,28,32.1,27.8,16.0,39.5,30.1,21.0,3.9,26.8,4.95,30.2,27.0,5.6,28.5,5.275,27.666666666666668,10.333333333333334,28.78,33.9,27.81325301204819
9,7,Frank Jackson,0.0,NO,PHO,3.5,234.5,115.5,21,2.8,12.5,34.3,PG/SG,3600,1,24.0,13.0,106,103,-5%,9,8,9,21,17,19,15.8,16.6,8.3,24.8,14.3,6.8,1.9,12.0,3.33,11.1,13.5,3.1,11.55,3.215,19.0,8.666666666666666,15.41,16.53333333333333,8.20657894736842
13,0,Jevon Carter,0.0,PHO,NO,-3.5,234.5,119.0,7,2.0,8.0,14.5,PG/SG,3300,1,14.0,9.0,108,109,12%,2,2,4,14,12,16,8.0,12.2,3.0,21.4,9.1,13.3,4.0,14.0,4.24,14.1,17.5,4.3,14.05,4.27,14.0,2.6666666666666665,11.729999999999999,8.166666666666666,17.5625
13,1,Gary Trent Jr.,0.0,POR,MIL,14.0,228.0,107.0,6,3.0,7.7,15.3,SG,3200,1,0.0,0.0,109,99,8%,2,4,2,3,10,7,7.7,4.9,0.0,9.9,21.0,24.8,7.8,8.3,2.58,15.5,21.5,4.8,11.9,3.69,6.666666666666667,2.6666666666666665,6.88,8.666666666666666,38.3775
13,2,Anthony Tolliver,0.0,POR,MIL,14.0,228.0,107.0,24,1.3,7.7,16.3,PF/C,3500,1,12.0,5.0,109,99,-10%,3,3,3,11,14,16,7.7,9.3,1.0,17.6,31.1,17.3,4.9,10.3,2.93,17.0,23.5,4.9,13.65,3.915,13.666666666666666,3.0,9.85,8.433333333333334,23.471341463414635
13,3,Rodney Hood,0.0,POR,MIL,14.0,228.0,107.0,6,1.3,17.6,30.5,SG/SF,4200,1,14.0,12.0,109,99,8%,10,10,10,32,32,32,20.3,21.6,13.9,29.2,29.9,24.8,5.9,22.5,5.36,22.1,31.0,5.3,22.3,5.33,32.0,10.0,21.46,16.46666666666667,21.603125000000002
13,4,Frank Jackson,0.0,NO,PHO,3.5,234.5,115.5,21,2.8,12.5,34.3,PG/SG,3600,1,24.0,13.0,106,103,-5%,9,8,9,21,17,19,15.8,16.6,8.3,24.8,14.3,6.8,1.9,12.0,3.33,11.1,13.5,3.1,11.55,3.215,19.0,8.666666666666666,15.41,16.53333333333333,8.20657894736842
13,5,Donte DiVincenzo,0.0,MIL,POR,-14.0,228.0,121.0,15,10.3,21.7,33.5,PG/SF,4400,0,18.0,15.0,106,108,-3%,9,7,7,27,22,20,21.6,19.6,8.4,30.8,27.3,28.0,6.4,21.3,4.83,22.3,25.0,5.1,21.8,4.965,23.0,7.666666666666667,20.44,21.833333333333332,23.695652173913047
13,6,Jaxson Hayes,0.0,NO,PHO,3.5,234.5,115.5,16,1.5,19.4,31.0,C,5100,1,16.0,19.0,106,103,8%,7,5,5,26,18,17,19.4,17.3,8.2,26.3,21.4,16.0,3.1,25.0,4.9,26.4,27.5,5.2,25.7,5.050000000000001,20.333333333333332,5.666666666666667,19.380000000000003,17.3,34.75819672131148
13,7,Kelly Oubre Jr.,0.0,PHO,NO,-3.5,234.5,119.0,23,6.5,30.0,47.3,SF/PF,6700,1,22.0,17.0,108,109,5%,15,14,13,35,33,32,33.9,32.3,23.7,41.0,35.1,39.0,5.8,32.3,4.81,36.6,34.0,5.5,34.45,5.154999999999999,33.333333333333336,14.0,33.06999999999999,27.933333333333334,35.139
14,0,CJ McCollum,0.0,POR,MIL,14.0,228.0,107.0,30,33.8,41.7,54.0,PG/SG,7500,1,26.0,14.0,109,99,8%,21,21,21,36,37,37,41.7,35.3,24.2,46.4,38.5,68.0,9.1,37.3,4.97,39.5,35.5,5.3,38.4,5.135,36.666666666666664,21.0,37.2,43.166666666666664,37.17818181818182
14,1,Sterling Brown,0.0,MIL,POR,-14.0,228.0,121.0,19,12.3,20.5,26.3,SG/SF,4100,0,16.0,14.0,106,108,-3%,5,7,5,22,22,16,20.4,15.6,5.7,25.5,18.3,17.0,4.1,20.0,4.88,19.7,22.5,4.8,19.85,4.84,20.0,5.666666666666667,17.410000000000004,19.7,22.33125
14,2,Nassir Little,0.0,POR,MIL,14.0,228.0,107.0,26,0.0,18.2,33.3,SF/PF,4100,1,15.0,9.0,109,99,-10%,8,7,5,26,22,17,18.6,13.9,1.4,26.4,16.6,13.8,3.4,19.5,4.76,19.8,23.0,4.8,19.65,4.779999999999999,21.666666666666668,6.666666666666667,15.989999999999998,17.166666666666668,20.859230769230766
14,3,Kenrich Williams,0.0,NO,PHO,3.5,234.5,115.5,14,20.3,27.4,33.8,SF/PF,5300,1,11.0,13.0,106,103,8%,6,7,5,35,36,25,27.4,20.8,9.9,31.7,30.2,20.8,3.9,23.8,4.48,23.5,29.5,4.4,23.65,4.44,32.0,6.0,22.690000000000005,27.166666666666668,21.80234375
14,4,George Hill,0.0,MIL,POR,-14.0,228.0,121.0,15,11.8,18.4,24.5,PG/SG,4000,0,15.0,17.0,106,108,11%,8,6,7,25,24,23,18.4,19.9,11.9,27.9,17.1,19.0,4.8,19.0,4.75,19.8,23.0,5.0,19.4,4.875,24.0,7.0,19.5,18.233333333333334,18.591666666666665
14,5,Wesley Matthews,0.0,MIL,POR,-14.0,228.0,121.0,19,3.8,14.1,20.0,SG/SF,3800,0,11.0,8.0,106,108,-3%,4,5,6,23,25,25,14.1,13.7,5.2,22.2,29.8,19.3,5.1,17.5,4.61,14.9,24.0,3.9,16.2,4.255,24.333333333333332,5.0,14.280000000000001,12.633333333333333,15.978082191780823
14,6,Brook Lopez,0.0,MIL,POR,-14.0,228.0,121.0,7,19.5,32.2,50.0,C,5400,0,17.0,15.0,106,108,14%,10,11,10,28,27,28,32.1,27.8,16.0,39.5,30.1,21.0,3.9,26.8,4.95,30.2,27.0,5.6,28.5,5.275,27.666666666666668,10.333333333333334,28.78,33.9,27.81325301204819
14,7,Gary Trent Jr.,0.0,POR,MIL,14.0,228.0,107.0,6,3.0,7.7,15.3,SG,3200,1,0.0,0.0,109,99,8%,2,4,2,3,10,7,7.7,4.9,0.0,9.9,21.0,24.8,7.8,8.3,2.58,15.5,21.5,4.8,11.9,3.69,6.666666666666667,2.6666666666666665,6.88,8.666666666666666,38.3775
15,0,Eric Bledsoe,0.0,MIL,POR,-14.0,228.0,121.0,15,21.8,37.5,49.5,PG,6800,0,26.0,19.0,106,108,11%,14,14,14,27,28,28,37.5,34.9,25.2,44.6,31.0,46.0,6.8,36.3,5.33,37.1,28.0,5.5,36.7,5.415,27.666666666666668,14.0,35.779999999999994,36.266666666666666,37.142168674698794
15,1,Mikal Bridges,0.0,PHO,NO,-3.5,234.5,119.0,25,10.5,18.3,30.8,SG/SF,3900,1,12.0,13.0,108,109,5%,7,5,5,20,19,20,18.3,15.3,7.8,22.7,35.8,29.0,7.4,18.3,4.68,17.6,22.5,4.5,17.950000000000003,4.59,19.666666666666668,5.666666666666667,16.41,19.866666666666667,20.536016949152543
15,2,Mario Hezonja,0.0,POR,MIL,14.0,228.0,107.0,26,7.8,12.5,19.5,SF/PF,3700,1,14.0,8.0,109,99,8%,3,4,5,11,15,20,12.4,15.5,7.4,23.7,9.6,1.3,0.4,11.8,3.18,0.0,0.0,0.0,5.9,1.59,15.333333333333334,4.0,12.979999999999999,13.266666666666666,0.0
15,3,Giannis Antetokounmpo,0.0,MIL,POR,-14.0,228.0,121.0,6,54.8,59.9,71.5,SF/PF,10600,0,36.0,33.0,106,108,-6%,20,20,19,32,33,33,60.3,62.6,51.9,73.4,35.8,80.8,7.6,66.3,6.25,64.5,31.5,6.1,65.4,6.175,32.666666666666664,19.666666666666668,62.720000000000006,62.06666666666666,63.064285714285724
15,4,CJ McCollum,0.0,POR,MIL,14.0,228.0,107.0,30,33.8,41.7,54.0,PG/SG,7500,1,26.0,14.0,109,99,8%,21,21,21,36,37,37,41.7,35.3,24.2,46.4,38.5,68.0,9.1,37.3,4.97,39.5,35.5,5.3,38.4,5.135,36.666666666666664,21.0,37.2,43.166666666666664,37.17818181818182
15,5,Brandon Ingram,0.0,NO,PHO,3.5,234.5,115.5,14,15.0,39.4,56.3,SF/PF,7000,1,30.0,24.0,106,103,1%,16,19,20,35,35,35,43.5,47.1,38.1,56.1,32.5,51.0,7.3,42.5,6.07,43.1,35.0,6.2,42.8,6.135,35.0,18.333333333333332,45.519999999999996,36.9,42.8
15,6,Ersan Ilyasova,0.0,MIL,POR,-14.0,228.0,121.0,30,1.5,8.2,16.0,PF/C,3600,0,15.0,13.0,106,108,-6%,6,4,5,14,13,16,8.2,14.4,6.8,22.0,15.0,13.5,3.8,8.8,2.43,10.6,11.5,2.9,9.7,2.665,14.333333333333334,5.0,12.219999999999999,8.566666666666666,7.782558139534883
15,7,Kelly Oubre Jr.,0.0,PHO,NO,-3.5,234.5,119.0,23,6.5,30.0,47.3,SF/PF,6700,1,22.0,17.0,108,109,5%,15,14,13,35,33,32,33.9,32.3,23.7,41.0,35.1,39.0,5.8,32.3,4.81,36.6,34.0,5.5,34.45,5.154999999999999,33.333333333333336,14.0,33.06999999999999,27.933333333333334,35.139
16,0,Tyler Johnson,0.0,PHO,NO,-3.5,234.5,119.0,7,7.8,12.5,18.5,PG/SG,3700,1,17.0,9.0,108,109,8%,4,6,6,21,20,19,12.4,12.7,7.3,18.1,29.3,26.8,7.2,21.5,5.81,22.4,28.0,6.1,21.95,5.955,20.0,5.333333333333333,14.49,12.933333333333332,30.729999999999997
16,1,George Hill,0.0,MIL,POR,-14.0,228.0,121.0,15,11.8,18.4,24.5,PG/SG,4000,0,15.0,17.0,106,108,11%,8,6,7,25,24,23,18.4,19.9,11.9,27.9,17.1,19.0,4.8,19.0,4.75,19.8,23.0,5.0,19.4,4.875,24.0,7.0,19.5,18.233333333333334,18.591666666666665
16,2,Brandon Ingram,0.0,NO,PHO,3.5,234.5,115.5,14,15.0,39.4,56.3,SF/PF,7000,1,30.0,24.0,106,103,1%,16,19,20,35,35,35,43.5,47.1,38.1,56.1,32.5,51.0,7.3,42.5,6.07,43.1,35.0,6.2,42.8,6.135,35.0,18.333333333333332,45.519999999999996,36.9,42.8
16,3,Nassir Little,0.0,POR,MIL,14.0,228.0,107.0,26,0.0,18.2,33.3,SF/PF,4100,1,15.0,9.0,109,99,-10%,8,7,5,26,22,17,18.6,13.9,1.4,26.4,16.6,13.8,3.4,19.5,4.76,19.8,23.0,4.8,19.65,4.779999999999999,21.666666666666668,6.666666666666667,15.989999999999998,17.166666666666668,20.859230769230766
16,4,Devin Booker,0.0,PHO,NO,-3.5,234.5,119.0,7,25.8,40.3,51.8,PG/SG,8500,1,29.0,20.0,108,109,8%,17,16,17,36,35,35,39.9,39.2,29.7,48.8,37.4,33.8,4.0,46.0,5.41,45.0,35.0,5.3,45.5,5.355,35.333333333333336,16.666666666666668,40.62,39.3,45.070754716981135
16,5,Skal Labissiere,0.0,POR,MIL,14.0,228.0,107.0,24,8.5,16.2,28.5,PF/C,3600,1,16.0,14.0,109,99,-10%,6,4,4,20,18,15,16.1,14.0,6.6,21.3,28.4,56.0,15.6,16.8,4.65,19.6,21.0,5.4,18.200000000000003,5.025,17.666666666666668,4.666666666666667,15.240000000000004,17.733333333333334,21.633962264150945
16,6,Brook Lopez,0.0,MIL,POR,-14.0,228.0,121.0,7,19.5,32.2,50.0,C,5400,0,17.0,15.0,106,108,14%,10,11,10,28,27,28,32.1,27.8,16.0,39.5,30.1,21.0,3.9,26.8,4.95,30.2,27.0,5.6,28.5,5.275,27.666666666666668,10.333333333333334,28.78,33.9,27.81325301204819
16,7,Carmelo Anthony,0.0,POR,MIL,14.0,228.0,107.0,26,7.8,20.8,37.5,SF/PF,3900,1,0.0,0.0,109,99,-10%,14,14,14,24,24,24,15.5,15.5,15.5,15.5,29.0,32.8,8.4,21.8,5.58,20.4,25.5,5.2,21.1,5.390000000000001,24.0,14.0,16.619999999999997,22.03333333333333,22.418750000000003
17,0,Frank Jackson,0.0,NO,PHO,3.5,234.5,115.5,21,2.8,12.5,34.3,PG/SG,3600,1,24.0,13.0,106,103,-5%,9,8,9,21,17,19,15.8,16.6,8.3,24.8,14.3,6.8,1.9,12.0,3.33,11.1,13.5,3.1,11.55,3.215,19.0,8.666666666666666,15.41,16.53333333333333,8.20657894736842
17,1,George Hill,0.0,MIL,POR,-14.0,228.0,121.0,15,11.8,18.4,24.5,PG/SG,4000,0,15.0,17.0,106,108,11%,8,6,7,25,24,23,18.4,19.9,11.9,27.9,17.1,19.0,4.8,19.0,4.75,19.8,23.0,5.0,19.4,4.875,24.0,7.0,19.5,18.233333333333334,18.591666666666665
17,2,Ersan Ilyasova,0.0,MIL,POR,-14.0,228.0,121.0,30,1.5,8.2,16.0,PF/C,3600,0,15.0,13.0,106,108,-6%,6,4,5,14,13,16,8.2,14.4,6.8,22.0,15.0,13.5,3.8,8.8,2.43,10.6,11.5,2.9,9.7,2.665,14.333333333333334,5.0,12.219999999999999,8.566666666666666,7.782558139534883
17,3,Nassir Little,0.0,POR,MIL,14.0,228.0,107.0,26,0.0,18.2,33.3,SF/PF,4100,1,15.0,9.0,109,99,-10%,8,7,5,26,22,17,18.6,13.9,1.4,26.4,16.6,13.8,3.4,19.5,4.76,19.8,23.0,4.8,19.65,4.779999999999999,21.666666666666668,6.666666666666667,15.989999999999998,17.166666666666668,20.859230769230766
17,4,Devin Booker,0.0,PHO,NO,-3.5,234.5,119.0,7,25.8,40.3,51.8,PG/SG,8500,1,29.0,20.0,108,109,8%,17,16,17,36,35,35,39.9,39.2,29.7,48.8,37.4,33.8,4.0,46.0,5.41,45.0,35.0,5.3,45.5,5.355,35.333333333333336,16.666666666666668,40.62,39.3,45.070754716981135
17,5,E'Twaun Moore,0.0,NO,PHO,3.5,234.5,115.5,17,18.0,23.6,34.5,SG/SF,4000,1,21.0,12.0,106,103,-9%,11,14,10,23,28,22,23.6,18.1,9.6,26.5,25.6,28.8,7.2,19.8,4.94,11.4,15.5,2.9,15.600000000000001,3.92,24.333333333333332,11.666666666666666,18.68,25.366666666666664,9.936986301369865
17,6,Brook Lopez,0.0,MIL,POR,-14.0,228.0,121.0,7,19.5,32.2,50.0,C,5400,0,17.0,15.0,106,108,14%,10,11,10,28,27,28,32.1,27.8,16.0,39.5,30.1,21.0,3.9,26.8,4.95,30.2,27.0,5.6,28.5,5.275,27.666666666666668,10.333333333333334,28.78,33.9,27.81325301204819
17,7,Mikal Bridges,0.0,PHO,NO,-3.5,234.5,119.0,25,10.5,18.3,30.8,SG/SF,3900,1,12.0,13.0,108,109,5%,7,5,5,20,19,20,18.3,15.3,7.8,22.7,35.8,29.0,7.4,18.3,4.68,17.6,22.5,4.5,17.950000000000003,4.59,19.666666666666668,5.666666666666667,16.41,19.866666666666667,20.536016949152543
18,0,Devin Booker,0.0,PHO,NO,-3.5,234.5,119.0,7,25.8,40.3,51.8,PG/SG,8500,1,29.0,20.0,108,109,8%,17,16,17,36,35,35,39.9,39.2,29.7,48.8,37.4,33.8,4.0,46.0,5.41,45.0,35.0,5.3,45.5,5.355,35.333333333333336,16.666666666666668,40.62,39.3,45.070754716981135
18,1,Mikal Bridges,0.0,PHO,NO,-3.5,234.5,119.0,25,10.5,18.3,30.8,SG/SF,3900,1,12.0,13.0,108,109,5%,7,5,5,20,19,20,18.3,15.3,7.8,22.7,35.8,29.0,7.4,18.3,4.68,17.6,22.5,4.5,17.950000000000003,4.59,19.666666666666668,5.666666666666667,16.41,19.866666666666667,20.536016949152543
18,2,Kenrich Williams,0.0,NO,PHO,3.5,234.5,115.5,14,20.3,27.4,33.8,SF/PF,5300,1,11.0,13.0,106,103,8%,6,7,5,35,36,25,27.4,20.8,9.9,31.7,30.2,20.8,3.9,23.8,4.48,23.5,29.5,4.4,23.65,4.44,32.0,6.0,22.690000000000005,27.166666666666668,21.80234375
18,3,Nassir Little,0.0,POR,MIL,14.0,228.0,107.0,26,0.0,18.2,33.3,SF/PF,4100,1,15.0,9.0,109,99,-10%,8,7,5,26,22,17,18.6,13.9,1.4,26.4,16.6,13.8,3.4,19.5,4.76,19.8,23.0,4.8,19.65,4.779999999999999,21.666666666666668,6.666666666666667,15.989999999999998,17.166666666666668,20.859230769230766
18,4,JJ Redick,0.0,NO,PHO,3.5,234.5,115.5,17,27.8,32.4,36.8,SG/SF,5200,1,19.0,13.0,106,103,1%,14,14,10,34,34,27,32.4,22.0,11.5,32.4,36.6,38.8,7.5,26.3,5.05,25.0,30.0,4.8,25.65,4.925,31.666666666666668,12.666666666666666,24.79,32.333333333333336,24.299999999999997
18,5,Carmelo Anthony,0.0,POR,MIL,14.0,228.0,107.0,26,7.8,20.8,37.5,SF/PF,3900,1,0.0,0.0,109,99,-10%,14,14,14,24,24,24,15.5,15.5,15.5,15.5,29.0,32.8,8.4,21.8,5.58,20.4,25.5,5.2,21.1,5.390000000000001,24.0,14.0,16.619999999999997,22.03333333333333,22.418750000000003
18,6,Brook Lopez,0.0,MIL,POR,-14.0,228.0,121.0,7,19.5,32.2,50.0,C,5400,0,17.0,15.0,106,108,14%,10,11,10,28,27,28,32.1,27.8,16.0,39.5,30.1,21.0,3.9,26.8,4.95,30.2,27.0,5.6,28.5,5.275,27.666666666666668,10.333333333333334,28.78,33.9,27.81325301204819
18,7,Jrue Holiday,0.0,NO,PHO,3.5,234.5,115.5,21,25.5,45.6,63.8,PG/SG,8200,1,26.0,15.0,106,103,-5%,21,20,17,36,37,35,45.7,39.7,28.9,50.5,37.1,47.5,5.8,43.0,5.24,40.3,35.0,4.9,41.65,5.07,36.0,19.333333333333332,41.290000000000006,44.96666666666666,40.49305555555555
19,0,Donte DiVincenzo,0.0,MIL,POR,-14.0,228.0,121.0,15,10.3,21.7,33.5,PG/SF,4400,0,18.0,15.0,106,108,-3%,9,7,7,27,22,20,21.6,19.6,8.4,30.8,27.3,28.0,6.4,21.3,4.83,22.3,25.0,5.1,21.8,4.965,23.0,7.666666666666667,20.44,21.833333333333332,23.695652173913047
19,1,Rodney Hood,0.0,POR,MIL,14.0,228.0,107.0,6,1.3,17.6,30.5,SG/SF,4200,1,14.0,12.0,109,99,8%,10,10,10,32,32,32,20.3,21.6,13.9,29.2,29.9,24.8,5.9,22.5,5.36,22.1,31.0,5.3,22.3,5.33,32.0,10.0,21.46,16.46666666666667,21.603125000000002
19,2,Kenrich Williams,0.0,NO,PHO,3.5,234.5,115.5,14,20.3,27.4,33.8,SF/PF,5300,1,11.0,13.0,106,103,8%,6,7,5,35,36,25,27.4,20.8,9.9,31.7,30.2,20.8,3.9,23.8,4.48,23.5,29.5,4.4,23.65,4.44,32.0,6.0,22.690000000000005,27.166666666666668,21.80234375
19,3,Pat Connaughton,0.0,MIL,POR,-14.0,228.0,121.0,19,4.0,12.1,18.5,SG/SF,3500,0,12.0,11.0,106,108,-3%,2,3,4,14,15,16,12.1,12.5,4.6,20.4,21.6,26.5,7.6,11.8,3.36,12.4,14.5,3.5,12.100000000000001,3.4299999999999997,15.0,3.0,12.34,11.533333333333333,11.696666666666667
19,4,George Hill,0.0,MIL,POR,-14.0,228.0,121.0,15,11.8,18.4,24.5,PG/SG,4000,0,15.0,17.0,106,108,11%,8,6,7,25,24,23,18.4,19.9,11.9,27.9,17.1,19.0,4.8,19.0,4.75,19.8,23.0,5.0,19.4,4.875,24.0,7.0,19.5,18.233333333333334,18.591666666666665
19,5,Giannis Antetokounmpo,0.0,MIL,POR,-14.0,228.0,121.0,6,54.8,59.9,71.5,SF/PF,10600,0,36.0,33.0,106,108,-6%,20,20,19,32,33,33,60.3,62.6,51.9,73.4,35.8,80.8,7.6,66.3,6.25,64.5,31.5,6.1,65.4,6.175,32.666666666666664,19.666666666666668,62.720000000000006,62.06666666666666,63.064285714285724
19,6,Anthony Tolliver,0.0,POR,MIL,14.0,228.0,107.0,24,1.3,7.7,16.3,PF/C,3500,1,12.0,5.0,109,99,-10%,3,3,3,11,14,16,7.7,9.3,1.0,17.6,31.1,17.3,4.9,10.3,2.93,17.0,23.5,4.9,13.65,3.915,13.666666666666666,3.0,9.85,8.433333333333334,23.471341463414635
19,7,Frank Jackson,0.0,NO,PHO,3.5,234.5,115.5,21,2.8,12.5,34.3,PG/SG,3600,1,24.0,13.0,106,103,-5%,9,8,9,21,17,19,15.8,16.6,8.3,24.8,14.3,6.8,1.9,12.0,3.33,11.1,13.5,3.1,11.55,3.215,19.0,8.666666666666666,15.41,16.53333333333333,8.20657894736842
20,0,Tyler Johnson,0.0,PHO,NO,-3.5,234.5,119.0,7,7.8,12.5,18.5,PG/SG,3700,1,17.0,9.0,108,109,8%,4,6,6,21,20,19,12.4,12.7,7.3,18.1,29.3,26.8,7.2,21.5,5.81,22.4,28.0,6.1,21.95,5.955,20.0,5.333333333333333,14.49,12.933333333333332,30.729999999999997
20,1,Pat Connaughton,0.0,MIL,POR,-14.0,228.0,121.0,19,4.0,12.1,18.5,SG/SF,3500,0,12.0,11.0,106,108,-3%,2,3,4,14,15,16,12.1,12.5,4.6,20.4,21.6,26.5,7.6,11.8,3.36,12.4,14.5,3.5,12.100000000000001,3.4299999999999997,15.0,3.0,12.34,11.533333333333333,11.696666666666667
20,2,Giannis Antetokounmpo,0.0,MIL,POR,-14.0,228.0,121.0,6,54.8,59.9,71.5,SF/PF,10600,0,36.0,33.0,106,108,-6%,20,20,19,32,33,33,60.3,62.6,51.9,73.4,35.8,80.8,7.6,66.3,6.25,64.5,31.5,6.1,65.4,6.175,32.666666666666664,19.666666666666668,62.720000000000006,62.06666666666666,63.064285714285724
20,3,Kenrich Williams,0.0,NO,PHO,3.5,234.5,115.5,14,20.3,27.4,33.8,SF/PF,5300,1,11.0,13.0,106,103,8%,6,7,5,35,36,25,27.4,20.8,9.9,31.7,30.2,20.8,3.9,23.8,4.48,23.5,29.5,4.4,23.65,4.44,32.0,6.0,22.690000000000005,27.166666666666668,21.80234375
20,4,Jevon Carter,0.0,PHO,NO,-3.5,234.5,119.0,7,2.0,8.0,14.5,PG/SG,3300,1,14.0,9.0,108,109,12%,2,2,4,14,12,16,8.0,12.2,3.0,21.4,9.1,13.3,4.0,14.0,4.24,14.1,17.5,4.3,14.05,4.27,14.0,2.6666666666666665,11.729999999999999,8.166666666666666,17.5625
20,5,Rodney Hood,0.0,POR,MIL,14.0,228.0,107.0,6,1.3,17.6,30.5,SG/SF,4200,1,14.0,12.0,109,99,8%,10,10,10,32,32,32,20.3,21.6,13.9,29.2,29.9,24.8,5.9,22.5,5.36,22.1,31.0,5.3,22.3,5.33,32.0,10.0,21.46,16.46666666666667,21.603125000000002
20,6,Skal Labissiere,0.0,POR,MIL,14.0,228.0,107.0,24,8.5,16.2,28.5,PF/C,3600,1,16.0,14.0,109,99,-10%,6,4,4,20,18,15,16.1,14.0,6.6,21.3,28.4,56.0,15.6,16.8,4.65,19.6,21.0,5.4,18.200000000000003,5.025,17.666666666666668,4.666666666666667,15.240000000000004,17.733333333333334,21.633962264150945
20,7,Eric Bledsoe,0.0,MIL,POR,-14.0,228.0,121.0,15,21.8,37.5,49.5,PG,6800,0,26.0,19.0,106,108,11%,14,14,14,27,28,28,37.5,34.9,25.2,44.6,31.0,46.0,6.8,36.3,5.33,37.1,28.0,5.5,36.7,5.415,27.666666666666668,14.0,35.779999999999994,36.266666666666666,37.142168674698794
21,0,George Hill,0.0,MIL,POR,-14.0,228.0,121.0,15,11.8,18.4,24.5,PG/SG,4000,0,15.0,17.0,106,108,11%,8,6,7,25,24,23,18.4,19.9,11.9,27.9,17.1,19.0,4.8,19.0,4.75,19.8,23.0,5.0,19.4,4.875,24.0,7.0,19.5,18.233333333333334,18.591666666666665
21,1,Kent Bazemore,0.0,POR,MIL,14.0,228.0,107.0,6,10.5,20.7,28.5,SG/SF,4300,1,18.0,9.0,109,99,8%,11,9,8,25,24,24,20.7,20.1,13.3,26.9,18.4,19.3,4.5,21.8,5.06,20.7,23.5,4.8,21.25,4.93,24.333333333333332,9.333333333333334,20.449999999999996,19.900000000000002,20.522260273972606
21,2,Mario Hezonja,0.0,POR,MIL,14.0,228.0,107.0,26,7.8,12.5,19.5,SF/PF,3700,1,14.0,8.0,109,99,8%,3,4,5,11,15,20,12.4,15.5,7.4,23.7,9.6,1.3,0.4,11.8,3.18,0.0,0.0,0.0,5.9,1.59,15.333333333333334,4.0,12.979999999999999,13.266666666666666,0.0
21,3,Sterling Brown,0.0,MIL,POR,-14.0,228.0,121.0,19,12.3,20.5,26.3,SG/SF,4100,0,16.0,14.0,106,108,-3%,5,7,5,22,22,16,20.4,15.6,5.7,25.5,18.3,17.0,4.1,20.0,4.88,19.7,22.5,4.8,19.85,4.84,20.0,5.666666666666667,17.410000000000004,19.7,22.33125
21,4,Gary Trent Jr.,0.0,POR,MIL,14.0,228.0,107.0,6,3.0,7.7,15.3,SG,3200,1,0.0,0.0,109,99,8%,2,4,2,3,10,7,7.7,4.9,0.0,9.9,21.0,24.8,7.8,8.3,2.58,15.5,21.5,4.8,11.9,3.69,6.666666666666667,2.6666666666666665,6.88,8.666666666666666,38.3775
21,5,Brandon Ingram,0.0,NO,PHO,3.5,234.5,115.5,14,15.0,39.4,56.3,SF/PF,7000,1,30.0,24.0,106,103,1%,16,19,20,35,35,35,43.5,47.1,38.1,56.1,32.5,51.0,7.3,42.5,6.07,43.1,35.0,6.2,42.8,6.135,35.0,18.333333333333332,45.519999999999996,36.9,42.8
21,6,Brook Lopez,0.0,MIL,POR,-14.0,228.0,121.0,7,19.5,32.2,50.0,C,5400,0,17.0,15.0,106,108,14%,10,11,10,28,27,28,32.1,27.8,16.0,39.5,30.1,21.0,3.9,26.8,4.95,30.2,27.0,5.6,28.5,5.275,27.666666666666668,10.333333333333334,28.78,33.9,27.81325301204819
21,7,Mikal Bridges,0.0,PHO,NO,-3.5,234.5,119.0,25,10.5,18.3,30.8,SG/SF,3900,1,12.0,13.0,108,109,5%,7,5,5,20,19,20,18.3,15.3,7.8,22.7,35.8,29.0,7.4,18.3,4.68,17.6,22.5,4.5,17.950000000000003,4.59,19.666666666666668,5.666666666666667,16.41,19.866666666666667,20.536016949152543
22,0,Donte DiVincenzo,0.0,MIL,POR,-14.0,228.0,121.0,15,10.3,21.7,33.5,PG/SF,4400,0,18.0,15.0,106,108,-3%,9,7,7,27,22,20,21.6,19.6,8.4,30.8,27.3,28.0,6.4,21.3,4.83,22.3,25.0,5.1,21.8,4.965,23.0,7.666666666666667,20.44,21.833333333333332,23.695652173913047
22,1,Elie Okobo,0.0,PHO,NO,-3.5,234.5,119.0,7,0.0,6.2,13.5,PG/SG,3400,1,0.0,0.0,108,109,12%,3,2,2,13,7,6,6.2,5.5,1.0,10.0,20.3,24.0,7.1,11.3,3.31,0.0,0.0,0.0,5.65,1.655,8.666666666666666,2.3333333333333335,5.67,6.566666666666666,0.0
22,2,Carmelo Anthony,0.0,POR,MIL,14.0,228.0,107.0,26,7.8,20.8,37.5,SF/PF,3900,1,0.0,0.0,109,99,-10%,14,14,14,24,24,24,15.5,15.5,15.5,15.5,29.0,32.8,8.4,21.8,5.58,20.4,25.5,5.2,21.1,5.390000000000001,24.0,14.0,16.619999999999997,22.03333333333333,22.418750000000003
22,3,Kelly Oubre Jr.,0.0,PHO,NO,-3.5,234.5,119.0,23,6.5,30.0,47.3,SF/PF,6700,1,22.0,17.0,108,109,5%,15,14,13,35,33,32,33.9,32.3,23.7,41.0,35.1,39.0,5.8,32.3,4.81,36.6,34.0,5.5,34.45,5.154999999999999,33.333333333333336,14.0,33.06999999999999,27.933333333333334,35.139
22,4,Pat Connaughton,0.0,MIL,POR,-14.0,228.0,121.0,19,4.0,12.1,18.5,SG/SF,3500,0,12.0,11.0,106,108,-3%,2,3,4,14,15,16,12.1,12.5,4.6,20.4,21.6,26.5,7.6,11.8,3.36,12.4,14.5,3.5,12.100000000000001,3.4299999999999997,15.0,3.0,12.34,11.533333333333333,11.696666666666667
22,5,Nassir Little,0.0,POR,MIL,14.0,228.0,107.0,26,0.0,18.2,33.3,SF/PF,4100,1,15.0,9.0,109,99,-10%,8,7,5,26,22,17,18.6,13.9,1.4,26.4,16.6,13.8,3.4,19.5,4.76,19.8,23.0,4.8,19.65,4.779999999999999,21.666666666666668,6.666666666666667,15.989999999999998,17.166666666666668,20.859230769230766
22,6,Brook Lopez,0.0,MIL,POR,-14.0,228.0,121.0,7,19.5,32.2,50.0,C,5400,0,17.0,15.0,106,108,14%,10,11,10,28,27,28,32.1,27.8,16.0,39.5,30.1,21.0,3.9,26.8,4.95,30.2,27.0,5.6,28.5,5.275,27.666666666666668,10.333333333333334,28.78,33.9,27.81325301204819
22,7,Wesley Matthews,0.0,MIL,POR,-14.0,228.0,121.0,19,3.8,14.1,20.0,SG/SF,3800,0,11.0,8.0,106,108,-3%,4,5,6,23,25,25,14.1,13.7,5.2,22.2,29.8,19.3,5.1,17.5,4.61,14.9,24.0,3.9,16.2,4.255,24.333333333333332,5.0,14.280000000000001,12.633333333333333,15.978082191780823
23,0,George Hill,0.0,MIL,POR,-14.0,228.0,121.0,15,11.8,18.4,24.5,PG/SG,4000,0,15.0,17.0,106,108,11%,8,6,7,25,24,23,18.4,19.9,11.9,27.9,17.1,19.0,4.8,19.0,4.75,19.8,23.0,5.0,19.4,4.875,24.0,7.0,19.5,18.233333333333334,18.591666666666665
23,1,Tyler Johnson,0.0,PHO,NO,-3.5,234.5,119.0,7,7.8,12.5,18.5,PG/SG,3700,1,17.0,9.0,108,109,8%,4,6,6,21,20,19,12.4,12.7,7.3,18.1,29.3,26.8,7.2,21.5,5.81,22.4,28.0,6.1,21.95,5.955,20.0,5.333333333333333,14.49,12.933333333333332,30.729999999999997
23,2,Cheick Diallo,0.0,PHO,NO,-3.5,234.5,119.0,6,0.0,5.8,11.0,PF/C,3500,1,0.0,0.0,108,109,6%,3,2,1,10,6,4,5.8,4.3,-0.1,8.6,13.6,14.8,4.2,15.3,4.36,15.0,15.0,4.3,15.15,4.33,6.666666666666667,2.0,6.75,5.6000000000000005,34.0875
23,3,Donte DiVincenzo,0.0,MIL,POR,-14.0,228.0,121.0,15,10.3,21.7,33.5,PG/SF,4400,0,18.0,15.0,106,108,-3%,9,7,7,27,22,20,21.6,19.6,8.4,30.8,27.3,28.0,6.4,21.3,4.83,22.3,25.0,5.1,21.8,4.965,23.0,7.666666666666667,20.44,21.833333333333332,23.695652173913047
23,4,JJ Redick,0.0,NO,PHO,3.5,234.5,115.5,17,27.8,32.4,36.8,SG/SF,5200,1,19.0,13.0,106,103,1%,14,14,10,34,34,27,32.4,22.0,11.5,32.4,36.6,38.8,7.5,26.3,5.05,25.0,30.0,4.8,25.65,4.925,31.666666666666668,12.666666666666666,24.79,32.333333333333336,24.299999999999997
23,5,Sterling Brown,0.0,MIL,POR,-14.0,228.0,121.0,19,12.3,20.5,26.3,SG/SF,4100,0,16.0,14.0,106,108,-3%,5,7,5,22,22,16,20.4,15.6,5.7,25.5,18.3,17.0,4.1,20.0,4.88,19.7,22.5,4.8,19.85,4.84,20.0,5.666666666666667,17.410000000000004,19.7,22.33125
23,6,Anthony Tolliver,0.0,POR,MIL,14.0,228.0,107.0,24,1.3,7.7,16.3,PF/C,3500,1,12.0,5.0,109,99,-10%,3,3,3,11,14,16,7.7,9.3,1.0,17.6,31.1,17.3,4.9,10.3,2.93,17.0,23.5,4.9,13.65,3.915,13.666666666666666,3.0,9.85,8.433333333333334,23.471341463414635
23,7,E'Twaun Moore,0.0,NO,PHO,3.5,234.5,115.5,17,18.0,23.6,34.5,SG/SF,4000,1,21.0,12.0,106,103,-9%,11,14,10,23,28,22,23.6,18.1,9.6,26.5,25.6,28.8,7.2,19.8,4.94,11.4,15.5,2.9,15.600000000000001,3.92,24.333333333333332,11.666666666666666,18.68,25.366666666666664,9.936986301369865
24,0,George Hill,0.0,MIL,POR,-14.0,228.0,121.0,15,11.8,18.4,24.5,PG/SG,4000,0,15.0,17.0,106,108,11%,8,6,7,25,24,23,18.4,19.9,11.9,27.9,17.1,19.0,4.8,19.0,4.75,19.8,23.0,5.0,19.4,4.875,24.0,7.0,19.5,18.233333333333334,18.591666666666665
24,1,Gary Trent Jr.,0.0,POR,MIL,14.0,228.0,107.0,6,3.0,7.7,15.3,SG,3200,1,0.0,0.0,109,99,8%,2,4,2,3,10,7,7.7,4.9,0.0,9.9,21.0,24.8,7.8,8.3,2.58,15.5,21.5,4.8,11.9,3.69,6.666666666666667,2.6666666666666665,6.88,8.666666666666666,38.3775
24,2,Brandon Ingram,0.0,NO,PHO,3.5,234.5,115.5,14,15.0,39.4,56.3,SF/PF,7000,1,30.0,24.0,106,103,1%,16,19,20,35,35,35,43.5,47.1,38.1,56.1,32.5,51.0,7.3,42.5,6.07,43.1,35.0,6.2,42.8,6.135,35.0,18.333333333333332,45.519999999999996,36.9,42.8
24,3,Donte DiVincenzo,0.0,MIL,POR,-14.0,228.0,121.0,15,10.3,21.7,33.5,PG/SF,4400,0,18.0,15.0,106,108,-3%,9,7,7,27,22,20,21.6,19.6,8.4,30.8,27.3,28.0,6.4,21.3,4.83,22.3,25.0,5.1,21.8,4.965,23.0,7.666666666666667,20.44,21.833333333333332,23.695652173913047
24,4,Pat Connaughton,0.0,MIL,POR,-14.0,228.0,121.0,19,4.0,12.1,18.5,SG/SF,3500,0,12.0,11.0,106,108,-3%,2,3,4,14,15,16,12.1,12.5,4.6,20.4,21.6,26.5,7.6,11.8,3.36,12.4,14.5,3.5,12.100000000000001,3.4299999999999997,15.0,3.0,12.34,11.533333333333333,11.696666666666667
24,5,Sterling Brown,0.0,MIL,POR,-14.0,228.0,121.0,19,12.3,20.5,26.3,SG/SF,4100,0,16.0,14.0,106,108,-3%,5,7,5,22,22,16,20.4,15.6,5.7,25.5,18.3,17.0,4.1,20.0,4.88,19.7,22.5,4.8,19.85,4.84,20.0,5.666666666666667,17.410000000000004,19.7,22.33125
24,6,Cheick Diallo,0.0,PHO,NO,-3.5,234.5,119.0,6,0.0,5.8,11.0,PF/C,3500,1,0.0,0.0,108,109,6%,3,2,1,10,6,4,5.8,4.3,-0.1,8.6,13.6,14.8,4.2,15.3,4.36,15.0,15.0,4.3,15.15,4.33,6.666666666666667,2.0,6.75,5.6000000000000005,34.0875
24,7,Rodney Hood,0.0,POR,MIL,14.0,228.0,107.0,6,1.3,17.6,30.5,SG/SF,4200,1,14.0,12.0,109,99,8%,10,10,10,32,32,32,20.3,21.6,13.9,29.2,29.9,24.8,5.9,22.5,5.36,22.1,31.0,5.3,22.3,5.33,32.0,10.0,21.46,16.46666666666667,21.603125000000002
25,0,Tyler Johnson,0.0,PHO,NO,-3.5,234.5,119.0,7,7.8,12.5,18.5,PG/SG,3700,1,17.0,9.0,108,109,8%,4,6,6,21,20,19,12.4,12.7,7.3,18.1,29.3,26.8,7.2,21.5,5.81,22.4,28.0,6.1,21.95,5.955,20.0,5.333333333333333,14.49,12.933333333333332,30.729999999999997
25,1,Mikal Bridges,0.0,PHO,NO,-3.5,234.5,119.0,25,10.5,18.3,30.8,SG/SF,3900,1,12.0,13.0,108,109,5%,7,5,5,20,19,20,18.3,15.3,7.8,22.7,35.8,29.0,7.4,18.3,4.68,17.6,22.5,4.5,17.950000000000003,4.59,19.666666666666668,5.666666666666667,16.41,19.866666666666667,20.536016949152543
25,2,Mario Hezonja,0.0,POR,MIL,14.0,228.0,107.0,26,7.8,12.5,19.5,SF/PF,3700,1,14.0,8.0,109,99,8%,3,4,5,11,15,20,12.4,15.5,7.4,23.7,9.6,1.3,0.4,11.8,3.18,0.0,0.0,0.0,5.9,1.59,15.333333333333334,4.0,12.979999999999999,13.266666666666666,0.0
25,3,Pat Connaughton,0.0,MIL,POR,-14.0,228.0,121.0,19,4.0,12.1,18.5,SG/SF,3500,0,12.0,11.0,106,108,-3%,2,3,4,14,15,16,12.1,12.5,4.6,20.4,21.6,26.5,7.6,11.8,3.36,12.4,14.5,3.5,12.100000000000001,3.4299999999999997,15.0,3.0,12.34,11.533333333333333,11.696666666666667
25,4,JJ Redick,0.0,NO,PHO,3.5,234.5,115.5,17,27.8,32.4,36.8,SG/SF,5200,1,19.0,13.0,106,103,1%,14,14,10,34,34,27,32.4,22.0,11.5,32.4,36.6,38.8,7.5,26.3,5.05,25.0,30.0,4.8,25.65,4.925,31.666666666666668,12.666666666666666,24.79,32.333333333333336,24.299999999999997
25,5,Kent Bazemore,0.0,POR,MIL,14.0,228.0,107.0,6,10.5,20.7,28.5,SG/SF,4300,1,18.0,9.0,109,99,8%,11,9,8,25,24,24,20.7,20.1,13.3,26.9,18.4,19.3,4.5,21.8,5.06,20.7,23.5,4.8,21.25,4.93,24.333333333333332,9.333333333333334,20.449999999999996,19.900000000000002,20.522260273972606
25,6,Brook Lopez,0.0,MIL,POR,-14.0,228.0,121.0,7,19.5,32.2,50.0,C,5400,0,17.0,15.0,106,108,14%,10,11,10,28,27,28,32.1,27.8,16.0,39.5,30.1,21.0,3.9,26.8,4.95,30.2,27.0,5.6,28.5,5.275,27.666666666666668,10.333333333333334,28.78,33.9,27.81325301204819
25,7,George Hill,0.0,MIL,POR,-14.0,228.0,121.0,15,11.8,18.4,24.5,PG/SG,4000,0,15.0,17.0,106,108,11%,8,6,7,25,24,23,18.4,19.9,11.9,27.9,17.1,19.0,4.8,19.0,4.75,19.8,23.0,5.0,19.4,4.875,24.0,7.0,19.5,18.233333333333334,18.591666666666665
26,0,Jevon Carter,0.0,PHO,NO,-3.5,234.5,119.0,7,2.0,8.0,14.5,PG/SG,3300,1,14.0,9.0,108,109,12%,2,2,4,14,12,16,8.0,12.2,3.0,21.4,9.1,13.3,4.0,14.0,4.24,14.1,17.5,4.3,14.05,4.27,14.0,2.6666666666666665,11.729999999999999,8.166666666666666,17.5625
26,1,Pat Connaughton,0.0,MIL,POR,-14.0,228.0,121.0,19,4.0,12.1,18.5,SG/SF,3500,0,12.0,11.0,106,108,-3%,2,3,4,14,15,16,12.1,12.5,4.6,20.4,21.6,26.5,7.6,11.8,3.36,12.4,14.5,3.5,12.100000000000001,3.4299999999999997,15.0,3.0,12.34,11.533333333333333,11.696666666666667
26,2,Giannis Antetokounmpo,0.0,MIL,POR,-14.0,228.0,121.0,6,54.8,59.9,71.5,SF/PF,10600,0,36.0,33.0,106,108,-6%,20,20,19,32,33,33,60.3,62.6,51.9,73.4,35.8,80.8,7.6,66.3,6.25,64.5,31.5,6.1,65.4,6.175,32.666666666666664,19.666666666666668,62.720000000000006,62.06666666666666,63.064285714285724
26,3,Rodney Hood,0.0,POR,MIL,14.0,228.0,107.0,6,1.3,17.6,30.5,SG/SF,4200,1,14.0,12.0,109,99,8%,10,10,10,32,32,32,20.3,21.6,13.9,29.2,29.9,24.8,5.9,22.5,5.36,22.1,31.0,5.3,22.3,5.33,32.0,10.0,21.46,16.46666666666667,21.603125000000002
26,4,CJ McCollum,0.0,POR,MIL,14.0,228.0,107.0,30,33.8,41.7,54.0,PG/SG,7500,1,26.0,14.0,109,99,8%,21,21,21,36,37,37,41.7,35.3,24.2,46.4,38.5,68.0,9.1,37.3,4.97,39.5,35.5,5.3,38.4,5.135,36.666666666666664,21.0,37.2,43.166666666666664,37.17818181818182
26,5,E'Twaun Moore,0.0,NO,PHO,3.5,234.5,115.5,17,18.0,23.6,34.5,SG/SF,4000,1,21.0,12.0,106,103,-9%,11,14,10,23,28,22,23.6,18.1,9.6,26.5,25.6,28.8,7.2,19.8,4.94,11.4,15.5,2.9,15.600000000000001,3.92,24.333333333333332,11.666666666666666,18.68,25.366666666666664,9.936986301369865
26,6,Robin Lopez,0.0,MIL,POR,-14.0,228.0,121.0,7,0.3,10.1,14.8,C,3300,0,15.0,7.0,106,108,14%,7,5,4,19,14,15,9.4,9.6,4.9,14.3,14.1,13.0,3.9,13.0,3.94,11.9,13.5,3.6,12.45,3.77,16.0,5.333333333333333,10.129999999999999,8.4,10.5046875
26,7,Carmelo Anthony,0.0,POR,MIL,14.0,228.0,107.0,26,7.8,20.8,37.5,SF/PF,3900,1,0.0,0.0,109,99,-10%,14,14,14,24,24,24,15.5,15.5,15.5,15.5,29.0,32.8,8.4,21.8,5.58,20.4,25.5,5.2,21.1,5.390000000000001,24.0,14.0,16.619999999999997,22.03333333333333,22.418750000000003
28,0,Elie Okobo,0.0,PHO,NO,-3.5,234.5,119.0,7,0.0,6.2,13.5,PG/SG,3400,1,0.0,0.0,108,109,12%,3,2,2,13,7,6,6.2,5.5,1.0,10.0,20.3,24.0,7.1,11.3,3.31,0.0,0.0,0.0,5.65,1.655,8.666666666666666,2.3333333333333335,5.67,6.566666666666666,0.0
28,1,CJ McCollum,0.0,POR,MIL,14.0,228.0,107.0,30,33.8,41.7,54.0,PG/SG,7500,1,26.0,14.0,109,99,8%,21,21,21,36,37,37,41.7,35.3,24.2,46.4,38.5,68.0,9.1,37.3,4.97,39.5,35.5,5.3,38.4,5.135,36.666666666666664,21.0,37.2,43.166666666666664,37.17818181818182
28,2,Giannis Antetokounmpo,0.0,MIL,POR,-14.0,228.0,121.0,6,54.8,59.9,71.5,SF/PF,10600,0,36.0,33.0,106,108,-6%,20,20,19,32,33,33,60.3,62.6,51.9,73.4,35.8,80.8,7.6,66.3,6.25,64.5,31.5,6.1,65.4,6.175,32.666666666666664,19.666666666666668,62.720000000000006,62.06666666666666,63.064285714285724
28,3,Mikal Bridges,0.0,PHO,NO,-3.5,234.5,119.0,25,10.5,18.3,30.8,SG/SF,3900,1,12.0,13.0,108,109,5%,7,5,5,20,19,20,18.3,15.3,7.8,22.7,35.8,29.0,7.4,18.3,4.68,17.6,22.5,4.5,17.950000000000003,4.59,19.666666666666668,5.666666666666667,16.41,19.866666666666667,20.536016949152543
28,4,Gary Trent Jr.,0.0,POR,MIL,14.0,228.0,107.0,6,3.0,7.7,15.3,SG,3200,1,0.0,0.0,109,99,8%,2,4,2,3,10,7,7.7,4.9,0.0,9.9,21.0,24.8,7.8,8.3,2.58,15.5,21.5,4.8,11.9,3.69,6.666666666666667,2.6666666666666665,6.88,8.666666666666666,38.3775
28,5,Donte DiVincenzo,0.0,MIL,POR,-14.0,228.0,121.0,15,10.3,21.7,33.5,PG/SF,4400,0,18.0,15.0,106,108,-3%,9,7,7,27,22,20,21.6,19.6,8.4,30.8,27.3,28.0,6.4,21.3,4.83,22.3,25.0,5.1,21.8,4.965,23.0,7.666666666666667,20.44,21.833333333333332,23.695652173913047
28,6,Ersan Ilyasova,0.0,MIL,POR,-14.0,228.0,121.0,30,1.5,8.2,16.0,PF/C,3600,0,15.0,13.0,106,108,-6%,6,4,5,14,13,16,8.2,14.4,6.8,22.0,15.0,13.5,3.8,8.8,2.43,10.6,11.5,2.9,9.7,2.665,14.333333333333334,5.0,12.219999999999999,8.566666666666666,7.782558139534883
28,7,Lonzo Ball,0.0,NO,PHO,3.5,234.5,115.5,21,15.5,27.1,35.0,PG,5000,1,20.0,15.0,106,103,-5%,9,9,10,22,28,29,27.1,29.9,20.3,39.6,19.4,16.3,3.3,25.8,5.15,20.9,20.5,4.2,23.35,4.675000000000001,26.333333333333332,9.333333333333334,28.05,25.866666666666664,18.177531645569623
29,0,Jrue Holiday,0.0,NO,PHO,3.5,234.5,115.5,21,25.5,45.6,63.8,PG/SG,8200,1,26.0,15.0,106,103,-5%,21,20,17,36,37,35,45.7,39.7,28.9,50.5,37.1,47.5,5.8,43.0,5.24,40.3,35.0,4.9,41.65,5.07,36.0,19.333333333333332,41.290000000000006,44.96666666666666,40.49305555555555
29,1,George Hill,0.0,MIL,POR,-14.0,228.0,121.0,15,11.8,18.4,24.5,PG/SG,4000,0,15.0,17.0,106,108,11%,8,6,7,25,24,23,18.4,19.9,11.9,27.9,17.1,19.0,4.8,19.0,4.75,19.8,23.0,5.0,19.4,4.875,24.0,7.0,19.5,18.233333333333334,18.591666666666665
29,2,Carmelo Anthony,0.0,POR,MIL,14.0,228.0,107.0,26,7.8,20.8,37.5,SF/PF,3900,1,0.0,0.0,109,99,-10%,14,14,14,24,24,24,15.5,15.5,15.5,15.5,29.0,32.8,8.4,21.8,5.58,20.4,25.5,5.2,21.1,5.390000000000001,24.0,14.0,16.619999999999997,22.03333333333333,22.418750000000003
29,3,Giannis Antetokounmpo,0.0,MIL,POR,-14.0,228.0,121.0,6,54.8,59.9,71.5,SF/PF,10600,0,36.0,33.0,106,108,-6%,20,20,19,32,33,33,60.3,62.6,51.9,73.4,35.8,80.8,7.6,66.3,6.25,64.5,31.5,6.1,65.4,6.175,32.666666666666664,19.666666666666668,62.720000000000006,62.06666666666666,63.064285714285724
29,4,Lonzo Ball,0.0,NO,PHO,3.5,234.5,115.5,21,15.5,27.1,35.0,PG,5000,1,20.0,15.0,106,103,-5%,9,9,10,22,28,29,27.1,29.9,20.3,39.6,19.4,16.3,3.3,25.8,5.15,20.9,20.5,4.2,23.35,4.675000000000001,26.333333333333332,9.333333333333334,28.05,25.866666666666664,18.177531645569623
29,5,Rodney Hood,0.0,POR,MIL,14.0,228.0,107.0,6,1.3,17.6,30.5,SG/SF,4200,1,14.0,12.0,109,99,8%,10,10,10,32,32,32,20.3,21.6,13.9,29.2,29.9,24.8,5.9,22.5,5.36,22.1,31.0,5.3,22.3,5.33,32.0,10.0,21.46,16.46666666666667,21.603125000000002
29,6,Anthony Tolliver,0.0,POR,MIL,14.0,228.0,107.0,24,1.3,7.7,16.3,PF/C,3500,1,12.0,5.0,109,99,-10%,3,3,3,11,14,16,7.7,9.3,1.0,17.6,31.1,17.3,4.9,10.3,2.93,17.0,23.5,4.9,13.65,3.915,13.666666666666666,3.0,9.85,8.433333333333334,23.471341463414635
29,7,Tyler Johnson,0.0,PHO,NO,-3.5,234.5,119.0,7,7.8,12.5,18.5,PG/SG,3700,1,17.0,9.0,108,109,8%,4,6,6,21,20,19,12.4,12.7,7.3,18.1,29.3,26.8,7.2,21.5,5.81,22.4,28.0,6.1,21.95,5.955,20.0,5.333333333333333,14.49,12.933333333333332,30.729999999999997
30,0,Jrue Holiday,0.0,NO,PHO,3.5,234.5,115.5,21,25.5,45.6,63.8,PG/SG,8200,1,26.0,15.0,106,103,-5%,21,20,17,36,37,35,45.7,39.7,28.9,50.5,37.1,47.5,5.8,43.0,5.24,40.3,35.0,4.9,41.65,5.07,36.0,19.333333333333332,41.290000000000006,44.96666666666666,40.49305555555555
30,1,Devin Booker,0.0,PHO,NO,-3.5,234.5,119.0,7,25.8,40.3,51.8,PG/SG,8500,1,29.0,20.0,108,109,8%,17,16,17,36,35,35,39.9,39.2,29.7,48.8,37.4,33.8,4.0,46.0,5.41,45.0,35.0,5.3,45.5,5.355,35.333333333333336,16.666666666666668,40.62,39.3,45.070754716981135
30,2,Anthony Tolliver,0.0,POR,MIL,14.0,228.0,107.0,24,1.3,7.7,16.3,PF/C,3500,1,12.0,5.0,109,99,-10%,3,3,3,11,14,16,7.7,9.3,1.0,17.6,31.1,17.3,4.9,10.3,2.93,17.0,23.5,4.9,13.65,3.915,13.666666666666666,3.0,9.85,8.433333333333334,23.471341463414635
30,3,Pat Connaughton,0.0,MIL,POR,-14.0,228.0,121.0,19,4.0,12.1,18.5,SG/SF,3500,0,12.0,11.0,106,108,-3%,2,3,4,14,15,16,12.1,12.5,4.6,20.4,21.6,26.5,7.6,11.8,3.36,12.4,14.5,3.5,12.100000000000001,3.4299999999999997,15.0,3.0,12.34,11.533333333333333,11.696666666666667
30,4,Gary Trent Jr.,0.0,POR,MIL,14.0,228.0,107.0,6,3.0,7.7,15.3,SG,3200,1,0.0,0.0,109,99,8%,2,4,2,3,10,7,7.7,4.9,0.0,9.9,21.0,24.8,7.8,8.3,2.58,15.5,21.5,4.8,11.9,3.69,6.666666666666667,2.6666666666666665,6.88,8.666666666666666,38.3775
30,5,Skal Labissiere,0.0,POR,MIL,14.0,228.0,107.0,24,8.5,16.2,28.5,PF/C,3600,1,16.0,14.0,109,99,-10%,6,4,4,20,18,15,16.1,14.0,6.6,21.3,28.4,56.0,15.6,16.8,4.65,19.6,21.0,5.4,18.200000000000003,5.025,17.666666666666668,4.666666666666667,15.240000000000004,17.733333333333334,21.633962264150945
30,6,Cheick Diallo,0.0,PHO,NO,-3.5,234.5,119.0,6,0.0,5.8,11.0,PF/C,3500,1,0.0,0.0,108,109,6%,3,2,1,10,6,4,5.8,4.3,-0.1,8.6,13.6,14.8,4.2,15.3,4.36,15.0,15.0,4.3,15.15,4.33,6.666666666666667,2.0,6.75,5.6000000000000005,34.0875
30,7,George Hill,0.0,MIL,POR,-14.0,228.0,121.0,15,11.8,18.4,24.5,PG/SG,4000,0,15.0,17.0,106,108,11%,8,6,7,25,24,23,18.4,19.9,11.9,27.9,17.1,19.0,4.8,19.0,4.75,19.8,23.0,5.0,19.4,4.875,24.0,7.0,19.5,18.233333333333334,18.591666666666665
31,0,Jrue Holiday,0.0,NO,PHO,3.5,234.5,115.5,21,25.5,45.6,63.8,PG/SG,8200,1,26.0,15.0,106,103,-5%,21,20,17,36,37,35,45.7,39.7,28.9,50.5,37.1,47.5,5.8,43.0,5.24,40.3,35.0,4.9,41.65,5.07,36.0,19.333333333333332,41.290000000000006,44.96666666666666,40.49305555555555
31,1,Sterling Brown,0.0,MIL,POR,-14.0,228.0,121.0,19,12.3,20.5,26.3,SG/SF,4100,0,16.0,14.0,106,108,-3%,5,7,5,22,22,16,20.4,15.6,5.7,25.5,18.3,17.0,4.1,20.0,4.88,19.7,22.5,4.8,19.85,4.84,20.0,5.666666666666667,17.410000000000004,19.7,22.33125
31,2,Carmelo Anthony,0.0,POR,MIL,14.0,228.0,107.0,26,7.8,20.8,37.5,SF/PF,3900,1,0.0,0.0,109,99,-10%,14,14,14,24,24,24,15.5,15.5,15.5,15.5,29.0,32.8,8.4,21.8,5.58,20.4,25.5,5.2,21.1,5.390000000000001,24.0,14.0,16.619999999999997,22.03333333333333,22.418750000000003
31,3,Kelly Oubre Jr.,0.0,PHO,NO,-3.5,234.5,119.0,23,6.5,30.0,47.3,SF/PF,6700,1,22.0,17.0,108,109,5%,15,14,13,35,33,32,33.9,32.3,23.7,41.0,35.1,39.0,5.8,32.3,4.81,36.6,34.0,5.5,34.45,5.154999999999999,33.333333333333336,14.0,33.06999999999999,27.933333333333334,35.139
31,4,Mikal Bridges,0.0,PHO,NO,-3.5,234.5,119.0,25,10.5,18.3,30.8,SG/SF,3900,1,12.0,13.0,108,109,5%,7,5,5,20,19,20,18.3,15.3,7.8,22.7,35.8,29.0,7.4,18.3,4.68,17.6,22.5,4.5,17.950000000000003,4.59,19.666666666666668,5.666666666666667,16.41,19.866666666666667,20.536016949152543
31,5,Nassir Little,0.0,POR,MIL,14.0,228.0,107.0,26,0.0,18.2,33.3,SF/PF,4100,1,15.0,9.0,109,99,-10%,8,7,5,26,22,17,18.6,13.9,1.4,26.4,16.6,13.8,3.4,19.5,4.76,19.8,23.0,4.8,19.65,4.779999999999999,21.666666666666668,6.666666666666667,15.989999999999998,17.166666666666668,20.859230769230766
31,6,Cheick Diallo,0.0,PHO,NO,-3.5,234.5,119.0,6,0.0,5.8,11.0,PF/C,3500,1,0.0,0.0,108,109,6%,3,2,1,10,6,4,5.8,4.3,-0.1,8.6,13.6,14.8,4.2,15.3,4.36,15.0,15.0,4.3,15.15,4.33,6.666666666666667,2.0,6.75,5.6000000000000005,34.0875
31,7,Jevon Carter,0.0,PHO,NO,-3.5,234.5,119.0,7,2.0,8.0,14.5,PG/SG,3300,1,14.0,9.0,108,109,12%,2,2,4,14,12,16,8.0,12.2,3.0,21.4,9.1,13.3,4.0,14.0,4.24,14.1,17.5,4.3,14.05,4.27,14.0,2.6666666666666665,11.729999999999999,8.166666666666666,17.5625
32,0,Elie Okobo,0.0,PHO,NO,-3.5,234.5,119.0,7,0.0,6.2,13.5,PG/SG,3400,1,0.0,0.0,108,109,12%,3,2,2,13,7,6,6.2,5.5,1.0,10.0,20.3,24.0,7.1,11.3,3.31,0.0,0.0,0.0,5.65,1.655,8.666666666666666,2.3333333333333335,5.67,6.566666666666666,0.0
32,1,Jrue Holiday,0.0,NO,PHO,3.5,234.5,115.5,21,25.5,45.6,63.8,PG/SG,8200,1,26.0,15.0,106,103,-5%,21,20,17,36,37,35,45.7,39.7,28.9,50.5,37.1,47.5,5.8,43.0,5.24,40.3,35.0,4.9,41.65,5.07,36.0,19.333333333333332,41.290000000000006,44.96666666666666,40.49305555555555
32,2,Mario Hezonja,0.0,POR,MIL,14.0,228.0,107.0,26,7.8,12.5,19.5,SF/PF,3700,1,14.0,8.0,109,99,8%,3,4,5,11,15,20,12.4,15.5,7.4,23.7,9.6,1.3,0.4,11.8,3.18,0.0,0.0,0.0,5.9,1.59,15.333333333333334,4.0,12.979999999999999,13.266666666666666,0.0
32,3,Rodney Hood,0.0,POR,MIL,14.0,228.0,107.0,6,1.3,17.6,30.5,SG/SF,4200,1,14.0,12.0,109,99,8%,10,10,10,32,32,32,20.3,21.6,13.9,29.2,29.9,24.8,5.9,22.5,5.36,22.1,31.0,5.3,22.3,5.33,32.0,10.0,21.46,16.46666666666667,21.603125000000002
32,4,E'Twaun Moore,0.0,NO,PHO,3.5,234.5,115.5,17,18.0,23.6,34.5,SG/SF,4000,1,21.0,12.0,106,103,-9%,11,14,10,23,28,22,23.6,18.1,9.6,26.5,25.6,28.8,7.2,19.8,4.94,11.4,15.5,2.9,15.600000000000001,3.92,24.333333333333332,11.666666666666666,18.68,25.366666666666664,9.936986301369865
32,5,Wesley Matthews,0.0,MIL,POR,-14.0,228.0,121.0,19,3.8,14.1,20.0,SG/SF,3800,0,11.0,8.0,106,108,-3%,4,5,6,23,25,25,14.1,13.7,5.2,22.2,29.8,19.3,5.1,17.5,4.61,14.9,24.0,3.9,16.2,4.255,24.333333333333332,5.0,14.280000000000001,12.633333333333333,15.978082191780823
32,6,Anthony Tolliver,0.0,POR,MIL,14.0,228.0,107.0,24,1.3,7.7,16.3,PF/C,3500,1,12.0,5.0,109,99,-10%,3,3,3,11,14,16,7.7,9.3,1.0,17.6,31.1,17.3,4.9,10.3,2.93,17.0,23.5,4.9,13.65,3.915,13.666666666666666,3.0,9.85,8.433333333333334,23.471341463414635
32,7,Tyler Johnson,0.0,PHO,NO,-3.5,234.5,119.0,7,7.8,12.5,18.5,PG/SG,3700,1,17.0,9.0,108,109,8%,4,6,6,21,20,19,12.4,12.7,7.3,18.1,29.3,26.8,7.2,21.5,5.81,22.4,28.0,6.1,21.95,5.955,20.0,5.333333333333333,14.49,12.933333333333332,30.729999999999997
33,0,Devin Booker,0.0,PHO,NO,-3.5,234.5,119.0,7,25.8,40.3,51.8,PG/SG,8500,1,29.0,20.0,108,109,8%,17,16,17,36,35,35,39.9,39.2,29.7,48.8,37.4,33.8,4.0,46.0,5.41,45.0,35.0,5.3,45.5,5.355,35.333333333333336,16.666666666666668,40.62,39.3,45.070754716981135
33,1,Frank Jackson,0.0,NO,PHO,3.5,234.5,115.5,21,2.8,12.5,34.3,PG/SG,3600,1,24.0,13.0,106,103,-5%,9,8,9,21,17,19,15.8,16.6,8.3,24.8,14.3,6.8,1.9,12.0,3.33,11.1,13.5,3.1,11.55,3.215,19.0,8.666666666666666,15.41,16.53333333333333,8.20657894736842
33,2,Giannis Antetokounmpo,0.0,MIL,POR,-14.0,228.0,121.0,6,54.8,59.9,71.5,SF/PF,10600,0,36.0,33.0,106,108,-6%,20,20,19,32,33,33,60.3,62.6,51.9,73.4,35.8,80.8,7.6,66.3,6.25,64.5,31.5,6.1,65.4,6.175,32.666666666666664,19.666666666666668,62.720000000000006,62.06666666666666,63.064285714285724
33,3,E'Twaun Moore,0.0,NO,PHO,3.5,234.5,115.5,17,18.0,23.6,34.5,SG/SF,4000,1,21.0,12.0,106,103,-9%,11,14,10,23,28,22,23.6,18.1,9.6,26.5,25.6,28.8,7.2,19.8,4.94,11.4,15.5,2.9,15.600000000000001,3.92,24.333333333333332,11.666666666666666,18.68,25.366666666666664,9.936986301369865
33,4,Tyler Johnson,0.0,PHO,NO,-3.5,234.5,119.0,7,7.8,12.5,18.5,PG/SG,3700,1,17.0,9.0,108,109,8%,4,6,6,21,20,19,12.4,12.7,7.3,18.1,29.3,26.8,7.2,21.5,5.81,22.4,28.0,6.1,21.95,5.955,20.0,5.333333333333333,14.49,12.933333333333332,30.729999999999997
33,5,Pat Connaughton,0.0,MIL,POR,-14.0,228.0,121.0,19,4.0,12.1,18.5,SG/SF,3500,0,12.0,11.0,106,108,-3%,2,3,4,14,15,16,12.1,12.5,4.6,20.4,21.6,26.5,7.6,11.8,3.36,12.4,14.5,3.5,12.100000000000001,3.4299999999999997,15.0,3.0,12.34,11.533333333333333,11.696666666666667
33,6,Anthony Tolliver,0.0,POR,MIL,14.0,228.0,107.0,24,1.3,7.7,16.3,PF/C,3500,1,12.0,5.0,109,99,-10%,3,3,3,11,14,16,7.7,9.3,1.0,17.6,31.1,17.3,4.9,10.3,2.93,17.0,23.5,4.9,13.65,3.915,13.666666666666666,3.0,9.85,8.433333333333334,23.471341463414635
33,7,Rodney Hood,0.0,POR,MIL,14.0,228.0,107.0,6,1.3,17.6,30.5,SG/SF,4200,1,14.0,12.0,109,99,8%,10,10,10,32,32,32,20.3,21.6,13.9,29.2,29.9,24.8,5.9,22.5,5.36,22.1,31.0,5.3,22.3,5.33,32.0,10.0,21.46,16.46666666666667,21.603125000000002
34,0,Frank Jackson,0.0,NO,PHO,3.5,234.5,115.5,21,2.8,12.5,34.3,PG/SG,3600,1,24.0,13.0,106,103,-5%,9,8,9,21,17,19,15.8,16.6,8.3,24.8,14.3,6.8,1.9,12.0,3.33,11.1,13.5,3.1,11.55,3.215,19.0,8.666666666666666,15.41,16.53333333333333,8.20657894736842
34,1,George Hill,0.0,MIL,POR,-14.0,228.0,121.0,15,11.8,18.4,24.5,PG/SG,4000,0,15.0,17.0,106,108,11%,8,6,7,25,24,23,18.4,19.9,11.9,27.9,17.1,19.0,4.8,19.0,4.75,19.8,23.0,5.0,19.4,4.875,24.0,7.0,19.5,18.233333333333334,18.591666666666665
34,2,Cheick Diallo,0.0,PHO,NO,-3.5,234.5,119.0,6,0.0,5.8,11.0,PF/C,3500,1,0.0,0.0,108,109,6%,3,2,1,10,6,4,5.8,4.3,-0.1,8.6,13.6,14.8,4.2,15.3,4.36,15.0,15.0,4.3,15.15,4.33,6.666666666666667,2.0,6.75,5.6000000000000005,34.0875
34,3,Kenrich Williams,0.0,NO,PHO,3.5,234.5,115.5,14,20.3,27.4,33.8,SF/PF,5300,1,11.0,13.0,106,103,8%,6,7,5,35,36,25,27.4,20.8,9.9,31.7,30.2,20.8,3.9,23.8,4.48,23.5,29.5,4.4,23.65,4.44,32.0,6.0,22.690000000000005,27.166666666666668,21.80234375
34,4,Devin Booker,0.0,PHO,NO,-3.5,234.5,119.0,7,25.8,40.3,51.8,PG/SG,8500,1,29.0,20.0,108,109,8%,17,16,17,36,35,35,39.9,39.2,29.7,48.8,37.4,33.8,4.0,46.0,5.41,45.0,35.0,5.3,45.5,5.355,35.333333333333336,16.666666666666668,40.62,39.3,45.070754716981135
34,5,Ersan Ilyasova,0.0,MIL,POR,-14.0,228.0,121.0,30,1.5,8.2,16.0,PF/C,3600,0,15.0,13.0,106,108,-6%,6,4,5,14,13,16,8.2,14.4,6.8,22.0,15.0,13.5,3.8,8.8,2.43,10.6,11.5,2.9,9.7,2.665,14.333333333333334,5.0,12.219999999999999,8.566666666666666,7.782558139534883
34,6,Robin Lopez,0.0,MIL,POR,-14.0,228.0,121.0,7,0.3,10.1,14.8,C,3300,0,15.0,7.0,106,108,14%,7,5,4,19,14,15,9.4,9.6,4.9,14.3,14.1,13.0,3.9,13.0,3.94,11.9,13.5,3.6,12.45,3.77,16.0,5.333333333333333,10.129999999999999,8.4,10.5046875
34,7,Giannis Antetokounmpo,0.0,MIL,POR,-14.0,228.0,121.0,6,54.8,59.9,71.5,SF/PF,10600,0,36.0,33.0,106,108,-6%,20,20,19,32,33,33,60.3,62.6,51.9,73.4,35.8,80.8,7.6,66.3,6.25,64.5,31.5,6.1,65.4,6.175,32.666666666666664,19.666666666666668,62.720000000000006,62.06666666666666,63.064285714285724
36,0,Jrue Holiday,0.0,NO,PHO,3.5,234.5,115.5,21,25.5,45.6,63.8,PG/SG,8200,1,26.0,15.0,106,103,-5%,21,20,17,36,37,35,45.7,39.7,28.9,50.5,37.1,47.5,5.8,43.0,5.24,40.3,35.0,4.9,41.65,5.07,36.0,19.333333333333332,41.290000000000006,44.96666666666666,40.49305555555555
36,1,Wesley Matthews,0.0,MIL,POR,-14.0,228.0,121.0,19,3.8,14.1,20.0,SG/SF,3800,0,11.0,8.0,106,108,-3%,4,5,6,23,25,25,14.1,13.7,5.2,22.2,29.8,19.3,5.1,17.5,4.61,14.9,24.0,3.9,16.2,4.255,24.333333333333332,5.0,14.280000000000001,12.633333333333333,15.978082191780823
36,2,Kenrich Williams,0.0,NO,PHO,3.5,234.5,115.5,14,20.3,27.4,33.8,SF/PF,5300,1,11.0,13.0,106,103,8%,6,7,5,35,36,25,27.4,20.8,9.9,31.7,30.2,20.8,3.9,23.8,4.48,23.5,29.5,4.4,23.65,4.44,32.0,6.0,22.690000000000005,27.166666666666668,21.80234375
36,3,E'Twaun Moore,0.0,NO,PHO,3.5,234.5,115.5,17,18.0,23.6,34.5,SG/SF,4000,1,21.0,12.0,106,103,-9%,11,14,10,23,28,22,23.6,18.1,9.6,26.5,25.6,28.8,7.2,19.8,4.94,11.4,15.5,2.9,15.600000000000001,3.92,24.333333333333332,11.666666666666666,18.68,25.366666666666664,9.936986301369865
36,4,Lonzo Ball,0.0,NO,PHO,3.5,234.5,115.5,21,15.5,27.1,35.0,PG,5000,1,20.0,15.0,106,103,-5%,9,9,10,22,28,29,27.1,29.9,20.3,39.6,19.4,16.3,3.3,25.8,5.15,20.9,20.5,4.2,23.35,4.675000000000001,26.333333333333332,9.333333333333334,28.05,25.866666666666664,18.177531645569623
36,5,Mikal Bridges,0.0,PHO,NO,-3.5,234.5,119.0,25,10.5,18.3,30.8,SG/SF,3900,1,12.0,13.0,108,109,5%,7,5,5,20,19,20,18.3,15.3,7.8,22.7,35.8,29.0,7.4,18.3,4.68,17.6,22.5,4.5,17.950000000000003,4.59,19.666666666666668,5.666666666666667,16.41,19.866666666666667,20.536016949152543
36,6,Cheick Diallo,0.0,PHO,NO,-3.5,234.5,119.0,6,0.0,5.8,11.0,PF/C,3500,1,0.0,0.0,108,109,6%,3,2,1,10,6,4,5.8,4.3,-0.1,8.6,13.6,14.8,4.2,15.3,4.36,15.0,15.0,4.3,15.15,4.33,6.666666666666667,2.0,6.75,5.6000000000000005,34.0875
36,7,Tyler Johnson,0.0,PHO,NO,-3.5,234.5,119.0,7,7.8,12.5,18.5,PG/SG,3700,1,17.0,9.0,108,109,8%,4,6,6,21,20,19,12.4,12.7,7.3,18.1,29.3,26.8,7.2,21.5,5.81,22.4,28.0,6.1,21.95,5.955,20.0,5.333333333333333,14.49,12.933333333333332,30.729999999999997
37,0,Lonzo Ball,0.0,NO,PHO,3.5,234.5,115.5,21,15.5,27.1,35.0,PG,5000,1,20.0,15.0,106,103,-5%,9,9,10,22,28,29,27.1,29.9,20.3,39.6,19.4,16.3,3.3,25.8,5.15,20.9,20.5,4.2,23.35,4.675000000000001,26.333333333333332,9.333333333333334,28.05,25.866666666666664,18.177531645569623
37,1,Jevon Carter,0.0,PHO,NO,-3.5,234.5,119.0,7,2.0,8.0,14.5,PG/SG,3300,1,14.0,9.0,108,109,12%,2,2,4,14,12,16,8.0,12.2,3.0,21.4,9.1,13.3,4.0,14.0,4.24,14.1,17.5,4.3,14.05,4.27,14.0,2.6666666666666665,11.729999999999999,8.166666666666666,17.5625
37,2,Giannis Antetokounmpo,0.0,MIL,POR,-14.0,228.0,121.0,6,54.8,59.9,71.5,SF/PF,10600,0,36.0,33.0,106,108,-6%,20,20,19,32,33,33,60.3,62.6,51.9,73.4,35.8,80.8,7.6,66.3,6.25,64.5,31.5,6.1,65.4,6.175,32.666666666666664,19.666666666666668,62.720000000000006,62.06666666666666,63.064285714285724
37,3,Carmelo Anthony,0.0,POR,MIL,14.0,228.0,107.0,26,7.8,20.8,37.5,SF/PF,3900,1,0.0,0.0,109,99,-10%,14,14,14,24,24,24,15.5,15.5,15.5,15.5,29.0,32.8,8.4,21.8,5.58,20.4,25.5,5.2,21.1,5.390000000000001,24.0,14.0,16.619999999999997,22.03333333333333,22.418750000000003
37,4,Donte DiVincenzo,0.0,MIL,POR,-14.0,228.0,121.0,15,10.3,21.7,33.5,PG/SF,4400,0,18.0,15.0,106,108,-3%,9,7,7,27,22,20,21.6,19.6,8.4,30.8,27.3,28.0,6.4,21.3,4.83,22.3,25.0,5.1,21.8,4.965,23.0,7.666666666666667,20.44,21.833333333333332,23.695652173913047
37,5,Anthony Tolliver,0.0,POR,MIL,14.0,228.0,107.0,24,1.3,7.7,16.3,PF/C,3500,1,12.0,5.0,109,99,-10%,3,3,3,11,14,16,7.7,9.3,1.0,17.6,31.1,17.3,4.9,10.3,2.93,17.0,23.5,4.9,13.65,3.915,13.666666666666666,3.0,9.85,8.433333333333334,23.471341463414635
37,6,Skal Labissiere,0.0,POR,MIL,14.0,228.0,107.0,24,8.5,16.2,28.5,PF/C,3600,1,16.0,14.0,109,99,-10%,6,4,4,20,18,15,16.1,14.0,6.6,21.3,28.4,56.0,15.6,16.8,4.65,19.6,21.0,5.4,18.200000000000003,5.025,17.666666666666668,4.666666666666667,15.240000000000004,17.733333333333334,21.633962264150945
37,7,Sterling Brown,0.0,MIL,POR,-14.0,228.0,121.0,19,12.3,20.5,26.3,SG/SF,4100,0,16.0,14.0,106,108,-3%,5,7,5,22,22,16,20.4,15.6,5.7,25.5,18.3,17.0,4.1,20.0,4.88,19.7,22.5,4.8,19.85,4.84,20.0,5.666666666666667,17.410000000000004,19.7,22.33125
38,0,Donte DiVincenzo,0.0,MIL,POR,-14.0,228.0,121.0,15,10.3,21.7,33.5,PG/SF,4400,0,18.0,15.0,106,108,-3%,9,7,7,27,22,20,21.6,19.6,8.4,30.8,27.3,28.0,6.4,21.3,4.83,22.3,25.0,5.1,21.8,4.965,23.0,7.666666666666667,20.44,21.833333333333332,23.695652173913047
38,1,Wesley Matthews,0.0,MIL,POR,-14.0,228.0,121.0,19,3.8,14.1,20.0,SG/SF,3800,0,11.0,8.0,106,108,-3%,4,5,6,23,25,25,14.1,13.7,5.2,22.2,29.8,19.3,5.1,17.5,4.61,14.9,24.0,3.9,16.2,4.255,24.333333333333332,5.0,14.280000000000001,12.633333333333333,15.978082191780823
38,2,Nassir Little,0.0,POR,MIL,14.0,228.0,107.0,26,0.0,18.2,33.3,SF/PF,4100,1,15.0,9.0,109,99,-10%,8,7,5,26,22,17,18.6,13.9,1.4,26.4,16.6,13.8,3.4,19.5,4.76,19.8,23.0,4.8,19.65,4.779999999999999,21.666666666666668,6.666666666666667,15.989999999999998,17.166666666666668,20.859230769230766
38,3,JJ Redick,0.0,NO,PHO,3.5,234.5,115.5,17,27.8,32.4,36.8,SG/SF,5200,1,19.0,13.0,106,103,1%,14,14,10,34,34,27,32.4,22.0,11.5,32.4,36.6,38.8,7.5,26.3,5.05,25.0,30.0,4.8,25.65,4.925,31.666666666666668,12.666666666666666,24.79,32.333333333333336,24.299999999999997
38,4,Lonzo Ball,0.0,NO,PHO,3.5,234.5,115.5,21,15.5,27.1,35.0,PG,5000,1,20.0,15.0,106,103,-5%,9,9,10,22,28,29,27.1,29.9,20.3,39.6,19.4,16.3,3.3,25.8,5.15,20.9,20.5,4.2,23.35,4.675000000000001,26.333333333333332,9.333333333333334,28.05,25.866666666666664,18.177531645569623
38,5,Rodney Hood,0.0,POR,MIL,14.0,228.0,107.0,6,1.3,17.6,30.5,SG/SF,4200,1,14.0,12.0,109,99,8%,10,10,10,32,32,32,20.3,21.6,13.9,29.2,29.9,24.8,5.9,22.5,5.36,22.1,31.0,5.3,22.3,5.33,32.0,10.0,21.46,16.46666666666667,21.603125000000002
38,6,Robin Lopez,0.0,MIL,POR,-14.0,228.0,121.0,7,0.3,10.1,14.8,C,3300,0,15.0,7.0,106,108,14%,7,5,4,19,14,15,9.4,9.6,4.9,14.3,14.1,13.0,3.9,13.0,3.94,11.9,13.5,3.6,12.45,3.77,16.0,5.333333333333333,10.129999999999999,8.4,10.5046875
38,7,Jevon Carter,0.0,PHO,NO,-3.5,234.5,119.0,7,2.0,8.0,14.5,PG/SG,3300,1,14.0,9.0,108,109,12%,2,2,4,14,12,16,8.0,12.2,3.0,21.4,9.1,13.3,4.0,14.0,4.24,14.1,17.5,4.3,14.05,4.27,14.0,2.6666666666666665,11.729999999999999,8.166666666666666,17.5625
39,0,Devin Booker,0.0,PHO,NO,-3.5,234.5,119.0,7,25.8,40.3,51.8,PG/SG,8500,1,29.0,20.0,108,109,8%,17,16,17,36,35,35,39.9,39.2,29.7,48.8,37.4,33.8,4.0,46.0,5.41,45.0,35.0,5.3,45.5,5.355,35.333333333333336,16.666666666666668,40.62,39.3,45.070754716981135
39,1,George Hill,0.0,MIL,POR,-14.0,228.0,121.0,15,11.8,18.4,24.5,PG/SG,4000,0,15.0,17.0,106,108,11%,8,6,7,25,24,23,18.4,19.9,11.9,27.9,17.1,19.0,4.8,19.0,4.75,19.8,23.0,5.0,19.4,4.875,24.0,7.0,19.5,18.233333333333334,18.591666666666665
39,2,Brandon Ingram,0.0,NO,PHO,3.5,234.5,115.5,14,15.0,39.4,56.3,SF/PF,7000,1,30.0,24.0,106,103,1%,16,19,20,35,35,35,43.5,47.1,38.1,56.1,32.5,51.0,7.3,42.5,6.07,43.1,35.0,6.2,42.8,6.135,35.0,18.333333333333332,45.519999999999996,36.9,42.8
39,3,Nassir Little,0.0,POR,MIL,14.0,228.0,107.0,26,0.0,18.2,33.3,SF/PF,4100,1,15.0,9.0,109,99,-10%,8,7,5,26,22,17,18.6,13.9,1.4,26.4,16.6,13.8,3.4,19.5,4.76,19.8,23.0,4.8,19.65,4.779999999999999,21.666666666666668,6.666666666666667,15.989999999999998,17.166666666666668,20.859230769230766
39,4,CJ McCollum,0.0,POR,MIL,14.0,228.0,107.0,30,33.8,41.7,54.0,PG/SG,7500,1,26.0,14.0,109,99,8%,21,21,21,36,37,37,41.7,35.3,24.2,46.4,38.5,68.0,9.1,37.3,4.97,39.5,35.5,5.3,38.4,5.135,36.666666666666664,21.0,37.2,43.166666666666664,37.17818181818182
39,5,Kenrich Williams,0.0,NO,PHO,3.5,234.5,115.5,14,20.3,27.4,33.8,SF/PF,5300,1,11.0,13.0,106,103,8%,6,7,5,35,36,25,27.4,20.8,9.9,31.7,30.2,20.8,3.9,23.8,4.48,23.5,29.5,4.4,23.65,4.44,32.0,6.0,22.690000000000005,27.166666666666668,21.80234375
39,6,Anthony Tolliver,0.0,POR,MIL,14.0,228.0,107.0,24,1.3,7.7,16.3,PF/C,3500,1,12.0,5.0,109,99,-10%,3,3,3,11,14,16,7.7,9.3,1.0,17.6,31.1,17.3,4.9,10.3,2.93,17.0,23.5,4.9,13.65,3.915,13.666666666666666,3.0,9.85,8.433333333333334,23.471341463414635
39,7,Wesley Matthews,0.0,MIL,POR,-14.0,228.0,121.0,19,3.8,14.1,20.0,SG/SF,3800,0,11.0,8.0,106,108,-3%,4,5,6,23,25,25,14.1,13.7,5.2,22.2,29.8,19.3,5.1,17.5,4.61,14.9,24.0,3.9,16.2,4.255,24.333333333333332,5.0,14.280000000000001,12.633333333333333,15.978082191780823
40,0,Frank Jackson,0.0,NO,PHO,3.5,234.5,115.5,21,2.8,12.5,34.3,PG/SG,3600,1,24.0,13.0,106,103,-5%,9,8,9,21,17,19,15.8,16.6,8.3,24.8,14.3,6.8,1.9,12.0,3.33,11.1,13.5,3.1,11.55,3.215,19.0,8.666666666666666,15.41,16.53333333333333,8.20657894736842
40,1,CJ McCollum,0.0,POR,MIL,14.0,228.0,107.0,30,33.8,41.7,54.0,PG/SG,7500,1,26.0,14.0,109,99,8%,21,21,21,36,37,37,41.7,35.3,24.2,46.4,38.5,68.0,9.1,37.3,4.97,39.5,35.5,5.3,38.4,5.135,36.666666666666664,21.0,37.2,43.166666666666664,37.17818181818182
40,2,Anthony Tolliver,0.0,POR,MIL,14.0,228.0,107.0,24,1.3,7.7,16.3,PF/C,3500,1,12.0,5.0,109,99,-10%,3,3,3,11,14,16,7.7,9.3,1.0,17.6,31.1,17.3,4.9,10.3,2.93,17.0,23.5,4.9,13.65,3.915,13.666666666666666,3.0,9.85,8.433333333333334,23.471341463414635
40,3,Rodney Hood,0.0,POR,MIL,14.0,228.0,107.0,6,1.3,17.6,30.5,SG/SF,4200,1,14.0,12.0,109,99,8%,10,10,10,32,32,32,20.3,21.6,13.9,29.2,29.9,24.8,5.9,22.5,5.36,22.1,31.0,5.3,22.3,5.33,32.0,10.0,21.46,16.46666666666667,21.603125000000002
40,4,Devin Booker,0.0,PHO,NO,-3.5,234.5,119.0,7,25.8,40.3,51.8,PG/SG,8500,1,29.0,20.0,108,109,8%,17,16,17,36,35,35,39.9,39.2,29.7,48.8,37.4,33.8,4.0,46.0,5.41,45.0,35.0,5.3,45.5,5.355,35.333333333333336,16.666666666666668,40.62,39.3,45.070754716981135
40,5,Pat Connaughton,0.0,MIL,POR,-14.0,228.0,121.0,19,4.0,12.1,18.5,SG/SF,3500,0,12.0,11.0,106,108,-3%,2,3,4,14,15,16,12.1,12.5,4.6,20.4,21.6,26.5,7.6,11.8,3.36,12.4,14.5,3.5,12.100000000000001,3.4299999999999997,15.0,3.0,12.34,11.533333333333333,11.696666666666667
40,6,Brook Lopez,0.0,MIL,POR,-14.0,228.0,121.0,7,19.5,32.2,50.0,C,5400,0,17.0,15.0,106,108,14%,10,11,10,28,27,28,32.1,27.8,16.0,39.5,30.1,21.0,3.9,26.8,4.95,30.2,27.0,5.6,28.5,5.275,27.666666666666668,10.333333333333334,28.78,33.9,27.81325301204819
40,7,Elie Okobo,0.0,PHO,NO,-3.5,234.5,119.0,7,0.0,6.2,13.5,PG/SG,3400,1,0.0,0.0,108,109,12%,3,2,2,13,7,6,6.2,5.5,1.0,10.0,20.3,24.0,7.1,11.3,3.31,0.0,0.0,0.0,5.65,1.655,8.666666666666666,2.3333333333333335,5.67,6.566666666666666,0.0
41,0,Devin Booker,0.0,PHO,NO,-3.5,234.5,119.0,7,25.8,40.3,51.8,PG/SG,8500,1,29.0,20.0,108,109,8%,17,16,17,36,35,35,39.9,39.2,29.7,48.8,37.4,33.8,4.0,46.0,5.41,45.0,35.0,5.3,45.5,5.355,35.333333333333336,16.666666666666668,40.62,39.3,45.070754716981135
41,1,Wesley Matthews,0.0,MIL,POR,-14.0,228.0,121.0,19,3.8,14.1,20.0,SG/SF,3800,0,11.0,8.0,106,108,-3%,4,5,6,23,25,25,14.1,13.7,5.2,22.2,29.8,19.3,5.1,17.5,4.61,14.9,24.0,3.9,16.2,4.255,24.333333333333332,5.0,14.280000000000001,12.633333333333333,15.978082191780823
41,2,Carmelo Anthony,0.0,POR,MIL,14.0,228.0,107.0,26,7.8,20.8,37.5,SF/PF,3900,1,0.0,0.0,109,99,-10%,14,14,14,24,24,24,15.5,15.5,15.5,15.5,29.0,32.8,8.4,21.8,5.58,20.4,25.5,5.2,21.1,5.390000000000001,24.0,14.0,16.619999999999997,22.03333333333333,22.418750000000003
41,3,Giannis Antetokounmpo,0.0,MIL,POR,-14.0,228.0,121.0,6,54.8,59.9,71.5,SF/PF,10600,0,36.0,33.0,106,108,-6%,20,20,19,32,33,33,60.3,62.6,51.9,73.4,35.8,80.8,7.6,66.3,6.25,64.5,31.5,6.1,65.4,6.175,32.666666666666664,19.666666666666668,62.720000000000006,62.06666666666666,63.064285714285724
41,4,Frank Jackson,0.0,NO,PHO,3.5,234.5,115.5,21,2.8,12.5,34.3,PG/SG,3600,1,24.0,13.0,106,103,-5%,9,8,9,21,17,19,15.8,16.6,8.3,24.8,14.3,6.8,1.9,12.0,3.33,11.1,13.5,3.1,11.55,3.215,19.0,8.666666666666666,15.41,16.53333333333333,8.20657894736842
41,5,Donte DiVincenzo,0.0,MIL,POR,-14.0,228.0,121.0,15,10.3,21.7,33.5,PG/SF,4400,0,18.0,15.0,106,108,-3%,9,7,7,27,22,20,21.6,19.6,8.4,30.8,27.3,28.0,6.4,21.3,4.83,22.3,25.0,5.1,21.8,4.965,23.0,7.666666666666667,20.44,21.833333333333332,23.695652173913047
41,6,Ersan Ilyasova,0.0,MIL,POR,-14.0,228.0,121.0,30,1.5,8.2,16.0,PF/C,3600,0,15.0,13.0,106,108,-6%,6,4,5,14,13,16,8.2,14.4,6.8,22.0,15.0,13.5,3.8,8.8,2.43,10.6,11.5,2.9,9.7,2.665,14.333333333333334,5.0,12.219999999999999,8.566666666666666,7.782558139534883
41,7,Brandon Ingram,0.0,NO,PHO,3.5,234.5,115.5,14,15.0,39.4,56.3,SF/PF,7000,1,30.0,24.0,106,103,1%,16,19,20,35,35,35,43.5,47.1,38.1,56.1,32.5,51.0,7.3,42.5,6.07,43.1,35.0,6.2,42.8,6.135,35.0,18.333333333333332,45.519999999999996,36.9,42.8
42,0,Jrue Holiday,0.0,NO,PHO,3.5,234.5,115.5,21,25.5,45.6,63.8,PG/SG,8200,1,26.0,15.0,106,103,-5%,21,20,17,36,37,35,45.7,39.7,28.9,50.5,37.1,47.5,5.8,43.0,5.24,40.3,35.0,4.9,41.65,5.07,36.0,19.333333333333332,41.290000000000006,44.96666666666666,40.49305555555555
42,1,Tyler Johnson,0.0,PHO,NO,-3.5,234.5,119.0,7,7.8,12.5,18.5,PG/SG,3700,1,17.0,9.0,108,109,8%,4,6,6,21,20,19,12.4,12.7,7.3,18.1,29.3,26.8,7.2,21.5,5.81,22.4,28.0,6.1,21.95,5.955,20.0,5.333333333333333,14.49,12.933333333333332,30.729999999999997
42,2,Mario Hezonja,0.0,POR,MIL,14.0,228.0,107.0,26,7.8,12.5,19.5,SF/PF,3700,1,14.0,8.0,109,99,8%,3,4,5,11,15,20,12.4,15.5,7.4,23.7,9.6,1.3,0.4,11.8,3.18,0.0,0.0,0.0,5.9,1.59,15.333333333333334,4.0,12.979999999999999,13.266666666666666,0.0
42,3,Kelly Oubre Jr.,0.0,PHO,NO,-3.5,234.5,119.0,23,6.5,30.0,47.3,SF/PF,6700,1,22.0,17.0,108,109,5%,15,14,13,35,33,32,33.9,32.3,23.7,41.0,35.1,39.0,5.8,32.3,4.81,36.6,34.0,5.5,34.45,5.154999999999999,33.333333333333336,14.0,33.06999999999999,27.933333333333334,35.139
42,4,Rodney Hood,0.0,POR,MIL,14.0,228.0,107.0,6,1.3,17.6,30.5,SG/SF,4200,1,14.0,12.0,109,99,8%,10,10,10,32,32,32,20.3,21.6,13.9,29.2,29.9,24.8,5.9,22.5,5.36,22.1,31.0,5.3,22.3,5.33,32.0,10.0,21.46,16.46666666666667,21.603125000000002
42,5,Pat Connaughton,0.0,MIL,POR,-14.0,228.0,121.0,19,4.0,12.1,18.5,SG/SF,3500,0,12.0,11.0,106,108,-3%,2,3,4,14,15,16,12.1,12.5,4.6,20.4,21.6,26.5,7.6,11.8,3.36,12.4,14.5,3.5,12.100000000000001,3.4299999999999997,15.0,3.0,12.34,11.533333333333333,11.696666666666667
42,6,Robin Lopez,0.0,MIL,POR,-14.0,228.0,121.0,7,0.3,10.1,14.8,C,3300,0,15.0,7.0,106,108,14%,7,5,4,19,14,15,9.4,9.6,4.9,14.3,14.1,13.0,3.9,13.0,3.94,11.9,13.5,3.6,12.45,3.77,16.0,5.333333333333333,10.129999999999999,8.4,10.5046875
42,7,Eric Bledsoe,0.0,MIL,POR,-14.0,228.0,121.0,15,21.8,37.5,49.5,PG,6800,0,26.0,19.0,106,108,11%,14,14,14,27,28,28,37.5,34.9,25.2,44.6,31.0,46.0,6.8,36.3,5.33,37.1,28.0,5.5,36.7,5.415,27.666666666666668,14.0,35.779999999999994,36.266666666666666,37.142168674698794
43,0,Eric Bledsoe,0.0,MIL,POR,-14.0,228.0,121.0,15,21.8,37.5,49.5,PG,6800,0,26.0,19.0,106,108,11%,14,14,14,27,28,28,37.5,34.9,25.2,44.6,31.0,46.0,6.8,36.3,5.33,37.1,28.0,5.5,36.7,5.415,27.666666666666668,14.0,35.779999999999994,36.266666666666666,37.142168674698794
43,1,Gary Trent Jr.,0.0,POR,MIL,14.0,228.0,107.0,6,3.0,7.7,15.3,SG,3200,1,0.0,0.0,109,99,8%,2,4,2,3,10,7,7.7,4.9,0.0,9.9,21.0,24.8,7.8,8.3,2.58,15.5,21.5,4.8,11.9,3.69,6.666666666666667,2.6666666666666665,6.88,8.666666666666666,38.3775
43,2,Nassir Little,0.0,POR,MIL,14.0,228.0,107.0,26,0.0,18.2,33.3,SF/PF,4100,1,15.0,9.0,109,99,-10%,8,7,5,26,22,17,18.6,13.9,1.4,26.4,16.6,13.8,3.4,19.5,4.76,19.8,23.0,4.8,19.65,4.779999999999999,21.666666666666668,6.666666666666667,15.989999999999998,17.166666666666668,20.859230769230766
43,3,Sterling Brown,0.0,MIL,POR,-14.0,228.0,121.0,19,12.3,20.5,26.3,SG/SF,4100,0,16.0,14.0,106,108,-3%,5,7,5,22,22,16,20.4,15.6,5.7,25.5,18.3,17.0,4.1,20.0,4.88,19.7,22.5,4.8,19.85,4.84,20.0,5.666666666666667,17.410000000000004,19.7,22.33125
43,4,Rodney Hood,0.0,POR,MIL,14.0,228.0,107.0,6,1.3,17.6,30.5,SG/SF,4200,1,14.0,12.0,109,99,8%,10,10,10,32,32,32,20.3,21.6,13.9,29.2,29.9,24.8,5.9,22.5,5.36,22.1,31.0,5.3,22.3,5.33,32.0,10.0,21.46,16.46666666666667,21.603125000000002
43,5,Brandon Ingram,0.0,NO,PHO,3.5,234.5,115.5,14,15.0,39.4,56.3,SF/PF,7000,1,30.0,24.0,106,103,1%,16,19,20,35,35,35,43.5,47.1,38.1,56.1,32.5,51.0,7.3,42.5,6.07,43.1,35.0,6.2,42.8,6.135,35.0,18.333333333333332,45.519999999999996,36.9,42.8
43,6,Skal Labissiere,0.0,POR,MIL,14.0,228.0,107.0,24,8.5,16.2,28.5,PF/C,3600,1,16.0,14.0,109,99,-10%,6,4,4,20,18,15,16.1,14.0,6.6,21.3,28.4,56.0,15.6,16.8,4.65,19.6,21.0,5.4,18.200000000000003,5.025,17.666666666666668,4.666666666666667,15.240000000000004,17.733333333333334,21.633962264150945
43,7,Mikal Bridges,0.0,PHO,NO,-3.5,234.5,119.0,25,10.5,18.3,30.8,SG/SF,3900,1,12.0,13.0,108,109,5%,7,5,5,20,19,20,18.3,15.3,7.8,22.7,35.8,29.0,7.4,18.3,4.68,17.6,22.5,4.5,17.950000000000003,4.59,19.666666666666668,5.666666666666667,16.41,19.866666666666667,20.536016949152543
45,0,Lonzo Ball,0.0,NO,PHO,3.5,234.5,115.5,21,15.5,27.1,35.0,PG,5000,1,20.0,15.0,106,103,-5%,9,9,10,22,28,29,27.1,29.9,20.3,39.6,19.4,16.3,3.3,25.8,5.15,20.9,20.5,4.2,23.35,4.675000000000001,26.333333333333332,9.333333333333334,28.05,25.866666666666664,18.177531645569623
45,1,Kent Bazemore,0.0,POR,MIL,14.0,228.0,107.0,6,10.5,20.7,28.5,SG/SF,4300,1,18.0,9.0,109,99,8%,11,9,8,25,24,24,20.7,20.1,13.3,26.9,18.4,19.3,4.5,21.8,5.06,20.7,23.5,4.8,21.25,4.93,24.333333333333332,9.333333333333334,20.449999999999996,19.900000000000002,20.522260273972606
45,2,Kenrich Williams,0.0,NO,PHO,3.5,234.5,115.5,14,20.3,27.4,33.8,SF/PF,5300,1,11.0,13.0,106,103,8%,6,7,5,35,36,25,27.4,20.8,9.9,31.7,30.2,20.8,3.9,23.8,4.48,23.5,29.5,4.4,23.65,4.44,32.0,6.0,22.690000000000005,27.166666666666668,21.80234375
45,3,Brandon Ingram,0.0,NO,PHO,3.5,234.5,115.5,14,15.0,39.4,56.3,SF/PF,7000,1,30.0,24.0,106,103,1%,16,19,20,35,35,35,43.5,47.1,38.1,56.1,32.5,51.0,7.3,42.5,6.07,43.1,35.0,6.2,42.8,6.135,35.0,18.333333333333332,45.519999999999996,36.9,42.8
45,4,George Hill,0.0,MIL,POR,-14.0,228.0,121.0,15,11.8,18.4,24.5,PG/SG,4000,0,15.0,17.0,106,108,11%,8,6,7,25,24,23,18.4,19.9,11.9,27.9,17.1,19.0,4.8,19.0,4.75,19.8,23.0,5.0,19.4,4.875,24.0,7.0,19.5,18.233333333333334,18.591666666666665
45,5,Kelly Oubre Jr.,0.0,PHO,NO,-3.5,234.5,119.0,23,6.5,30.0,47.3,SF/PF,6700,1,22.0,17.0,108,109,5%,15,14,13,35,33,32,33.9,32.3,23.7,41.0,35.1,39.0,5.8,32.3,4.81,36.6,34.0,5.5,34.45,5.154999999999999,33.333333333333336,14.0,33.06999999999999,27.933333333333334,35.139
45,6,Brook Lopez,0.0,MIL,POR,-14.0,228.0,121.0,7,19.5,32.2,50.0,C,5400,0,17.0,15.0,106,108,14%,10,11,10,28,27,28,32.1,27.8,16.0,39.5,30.1,21.0,3.9,26.8,4.95,30.2,27.0,5.6,28.5,5.275,27.666666666666668,10.333333333333334,28.78,33.9,27.81325301204819
45,7,E'Twaun Moore,0.0,NO,PHO,3.5,234.5,115.5,17,18.0,23.6,34.5,SG/SF,4000,1,21.0,12.0,106,103,-9%,11,14,10,23,28,22,23.6,18.1,9.6,26.5,25.6,28.8,7.2,19.8,4.94,11.4,15.5,2.9,15.600000000000001,3.92,24.333333333333332,11.666666666666666,18.68,25.366666666666664,9.936986301369865
46,0,CJ McCollum,0.0,POR,MIL,14.0,228.0,107.0,30,33.8,41.7,54.0,PG/SG,7500,1,26.0,14.0,109,99,8%,21,21,21,36,37,37,41.7,35.3,24.2,46.4,38.5,68.0,9.1,37.3,4.97,39.5,35.5,5.3,38.4,5.135,36.666666666666664,21.0,37.2,43.166666666666664,37.17818181818182
46,1,Jevon Carter,0.0,PHO,NO,-3.5,234.5,119.0,7,2.0,8.0,14.5,PG/SG,3300,1,14.0,9.0,108,109,12%,2,2,4,14,12,16,8.0,12.2,3.0,21.4,9.1,13.3,4.0,14.0,4.24,14.1,17.5,4.3,14.05,4.27,14.0,2.6666666666666665,11.729999999999999,8.166666666666666,17.5625
46,2,Nassir Little,0.0,POR,MIL,14.0,228.0,107.0,26,0.0,18.2,33.3,SF/PF,4100,1,15.0,9.0,109,99,-10%,8,7,5,26,22,17,18.6,13.9,1.4,26.4,16.6,13.8,3.4,19.5,4.76,19.8,23.0,4.8,19.65,4.779999999999999,21.666666666666668,6.666666666666667,15.989999999999998,17.166666666666668,20.859230769230766
46,3,Rodney Hood,0.0,POR,MIL,14.0,228.0,107.0,6,1.3,17.6,30.5,SG/SF,4200,1,14.0,12.0,109,99,8%,10,10,10,32,32,32,20.3,21.6,13.9,29.2,29.9,24.8,5.9,22.5,5.36,22.1,31.0,5.3,22.3,5.33,32.0,10.0,21.46,16.46666666666667,21.603125000000002
46,4,Mikal Bridges,0.0,PHO,NO,-3.5,234.5,119.0,25,10.5,18.3,30.8,SG/SF,3900,1,12.0,13.0,108,109,5%,7,5,5,20,19,20,18.3,15.3,7.8,22.7,35.8,29.0,7.4,18.3,4.68,17.6,22.5,4.5,17.950000000000003,4.59,19.666666666666668,5.666666666666667,16.41,19.866666666666667,20.536016949152543
46,5,Carmelo Anthony,0.0,POR,MIL,14.0,228.0,107.0,26,7.8,20.8,37.5,SF/PF,3900,1,0.0,0.0,109,99,-10%,14,14,14,24,24,24,15.5,15.5,15.5,15.5,29.0,32.8,8.4,21.8,5.58,20.4,25.5,5.2,21.1,5.390000000000001,24.0,14.0,16.619999999999997,22.03333333333333,22.418750000000003
46,6,Jaxson Hayes,0.0,NO,PHO,3.5,234.5,115.5,16,1.5,19.4,31.0,C,5100,1,16.0,19.0,106,103,8%,7,5,5,26,18,17,19.4,17.3,8.2,26.3,21.4,16.0,3.1,25.0,4.9,26.4,27.5,5.2,25.7,5.050000000000001,20.333333333333332,5.666666666666667,19.380000000000003,17.3,34.75819672131148
46,7,Frank Jackson,0.0,NO,PHO,3.5,234.5,115.5,21,2.8,12.5,34.3,PG/SG,3600,1,24.0,13.0,106,103,-5%,9,8,9,21,17,19,15.8,16.6,8.3,24.8,14.3,6.8,1.9,12.0,3.33,11.1,13.5,3.1,11.55,3.215,19.0,8.666666666666666,15.41,16.53333333333333,8.20657894736842
47,0,Jrue Holiday,0.0,NO,PHO,3.5,234.5,115.5,21,25.5,45.6,63.8,PG/SG,8200,1,26.0,15.0,106,103,-5%,21,20,17,36,37,35,45.7,39.7,28.9,50.5,37.1,47.5,5.8,43.0,5.24,40.3,35.0,4.9,41.65,5.07,36.0,19.333333333333332,41.290000000000006,44.96666666666666,40.49305555555555
47,1,Gary Trent Jr.,0.0,POR,MIL,14.0,228.0,107.0,6,3.0,7.7,15.3,SG,3200,1,0.0,0.0,109,99,8%,2,4,2,3,10,7,7.7,4.9,0.0,9.9,21.0,24.8,7.8,8.3,2.58,15.5,21.5,4.8,11.9,3.69,6.666666666666667,2.6666666666666665,6.88,8.666666666666666,38.3775
47,2,Anthony Tolliver,0.0,POR,MIL,14.0,228.0,107.0,24,1.3,7.7,16.3,PF/C,3500,1,12.0,5.0,109,99,-10%,3,3,3,11,14,16,7.7,9.3,1.0,17.6,31.1,17.3,4.9,10.3,2.93,17.0,23.5,4.9,13.65,3.915,13.666666666666666,3.0,9.85,8.433333333333334,23.471341463414635
47,3,Kenrich Williams,0.0,NO,PHO,3.5,234.5,115.5,14,20.3,27.4,33.8,SF/PF,5300,1,11.0,13.0,106,103,8%,6,7,5,35,36,25,27.4,20.8,9.9,31.7,30.2,20.8,3.9,23.8,4.48,23.5,29.5,4.4,23.65,4.44,32.0,6.0,22.690000000000005,27.166666666666668,21.80234375
47,4,CJ McCollum,0.0,POR,MIL,14.0,228.0,107.0,30,33.8,41.7,54.0,PG/SG,7500,1,26.0,14.0,109,99,8%,21,21,21,36,37,37,41.7,35.3,24.2,46.4,38.5,68.0,9.1,37.3,4.97,39.5,35.5,5.3,38.4,5.135,36.666666666666664,21.0,37.2,43.166666666666664,37.17818181818182
47,5,Sterling Brown,0.0,MIL,POR,-14.0,228.0,121.0,19,12.3,20.5,26.3,SG/SF,4100,0,16.0,14.0,106,108,-3%,5,7,5,22,22,16,20.4,15.6,5.7,25.5,18.3,17.0,4.1,20.0,4.88,19.7,22.5,4.8,19.85,4.84,20.0,5.666666666666667,17.410000000000004,19.7,22.33125
47,6,Robin Lopez,0.0,MIL,POR,-14.0,228.0,121.0,7,0.3,10.1,14.8,C,3300,0,15.0,7.0,106,108,14%,7,5,4,19,14,15,9.4,9.6,4.9,14.3,14.1,13.0,3.9,13.0,3.94,11.9,13.5,3.6,12.45,3.77,16.0,5.333333333333333,10.129999999999999,8.4,10.5046875
47,7,JJ Redick,0.0,NO,PHO,3.5,234.5,115.5,17,27.8,32.4,36.8,SG/SF,5200,1,19.0,13.0,106,103,1%,14,14,10,34,34,27,32.4,22.0,11.5,32.4,36.6,38.8,7.5,26.3,5.05,25.0,30.0,4.8,25.65,4.925,31.666666666666668,12.666666666666666,24.79,32.333333333333336,24.299999999999997
