Lineup Num,,Player Name,injury_status,team,opp,spread,over_under,implied_team_score,L5_dvp_rank,L5_ppg_floor,L5_ppg_avg,L5_ppg_max,Pos,Salary,Rest,USG,PER,Opp Pace,Opp DEff,Opp DvP,L2 FGA,L5 FGA,S FGA,L2 Min,L5 Min,S Min,L5 FP,S FP,Floor FP,Ceil FP,Actual Min,Actual FP,Actual Val,FantasyFuelPPGProj,FantasyFuelValueProj,DFN_PPGProj,DFN_MinProj,DFN_ValueProj,Avg Proj,Avg Value Proj,Avg Skewed Min,Avg Skewed FGA,Avg Skewed FP,Avg L5 PPG,Proj Min Enhanced
0,0,Allonzo Trier,0.0,NY,CLE,-2.0,215.5,108.8,28,4.3,15.3,32.3,PG/SG,3000,1,22.0,11.0,103,108,6%,3,5,5,10,18,16,15.3,12.7,0.1,25.2,16.0,19.3,6.4,13.8,4.58,13.9,17.0,4.6,13.850000000000001,4.59,14.666666666666666,4.333333333333333,13.430000000000001,17.3,16.053409090909092
0,1,Garrett Temple,0.0,BKN,PHO,3.0,231.0,114.0,22,6.8,20.0,39.3,SG/SF,3900,1,13.0,15.0,106,101,-8%,7,6,5,23,22,21,19.9,16.8,5.9,27.8,21.0,16.8,4.3,14.0,3.59,15.4,23.5,3.9,14.7,3.745,22.0,6.0,17.020000000000003,22.03333333333333,15.702272727272724
0,2,Julius Randle,0.0,NY,CLE,-2.0,215.5,108.8,30,19.3,31.1,41.0,PF/C,7300,1,26.0,13.0,103,108,-11%,16,13,13,34,33,34,31.1,34.1,23.8,44.3,31.5,41.5,5.7,39.8,5.45,40.1,35.0,5.5,39.95,5.475,33.666666666666664,14.0,34.65,30.46666666666667,41.53217821782179
0,3,Jordan Clarkson,0.0,CLE,NY,2.0,215.5,106.8,8,17.5,25.2,33.5,PG/SF,4800,1,26.0,20.0,101,109,-7%,14,11,11,24,25,23,25.2,23.2,17.1,29.2,19.5,25.3,5.3,23.5,4.9,22.6,25.0,4.7,23.05,4.800000000000001,24.0,12.0,23.549999999999997,25.400000000000002,24.010416666666668
0,4,Trae Young,0.0,ATL,POR,9.0,225.5,108.3,17,12.0,37.4,61.0,PG,9200,1,37.0,27.0,106,108,6%,17,16,18,34,29,31,37.4,44.9,22.1,67.7,43.0,65.5,7.1,50.0,5.43,50.4,35.0,5.5,50.2,5.465,31.333333333333332,17.0,44.46,36.800000000000004,56.07446808510639
0,5,Larry Nance Jr.,0.0,CLE,NY,2.0,215.5,106.8,27,14.0,17.9,21.8,PF/C,4500,1,16.0,16.0,101,109,3%,4,6,7,18,24,24,17.9,21.1,14.5,27.7,26.2,27.3,6.1,20.8,4.61,24.3,25.0,5.4,22.55,5.005000000000001,22.0,5.666666666666667,20.75,17.900000000000002,25.625000000000004
0,6,Joel Embiid,0.0,PHI,CHA,-14.0,213.0,113.5,1,32.3,48.0,66.8,C,9100,1,35.0,27.0,103,108,9%,17,16,16,32,28,28,48.0,48.0,34.5,61.5,25.8,40.8,4.5,57.0,6.26,58.5,32.5,6.4,57.75,6.33,29.333333333333332,16.333333333333332,49.95,49.03333333333333,63.984375
0,7,Dwayne Bacon,0.0,CHA,PHI,14.0,213.0,99.5,21,-0.5,17.4,39.5,SG/SF,4000,0,23.0,7.0,107,101,-2%,10,10,12,24,25,26,17.4,19.5,6.8,32.2,16.5,1.8,0.5,18.5,4.63,17.8,24.0,4.5,18.15,4.5649999999999995,25.0,10.666666666666666,18.809999999999995,18.8,17.424
1,0,Chris Paul,0.0,OKC,MIL,8.5,220.0,105.8,4,31.5,36.7,40.3,PG,6600,0,24.0,19.0,109,100,10%,13,12,11,31,31,30,36.6,31.6,21.8,41.5,31.8,32.8,5.0,35.0,5.3,33.7,31.0,5.1,34.35,5.199999999999999,30.666666666666668,12.0,33.17,36.166666666666664,34.723369565217396
1,1,Allonzo Trier,0.0,NY,CLE,-2.0,215.5,108.8,28,4.3,15.3,32.3,PG/SG,3000,1,22.0,11.0,103,108,6%,3,5,5,10,18,16,15.3,12.7,0.1,25.2,16.0,19.3,6.4,13.8,4.58,13.9,17.0,4.6,13.850000000000001,4.59,14.666666666666666,4.333333333333333,13.430000000000001,17.3,16.053409090909092
1,2,Kevin Love,0.0,CLE,NY,2.0,215.5,106.8,27,38.0,45.9,53.5,PF/C,8800,1,23.0,23.0,101,109,3%,10,13,12,31,33,33,45.9,45.6,38.1,53.1,31.6,28.5,3.2,44.3,5.03,44.9,32.5,5.1,44.599999999999994,5.0649999999999995,32.333333333333336,11.666666666666666,45.459999999999994,45.800000000000004,44.82989690721649
1,3,Terence Davis,0.0,TOR,LAL,10.5,210.5,100.0,6,0.0,5.1,12.3,SG/SF,3000,1,12.0,7.0,103,95,-28%,1,1,2,12,7,9,2.6,6.3,-0.2,12.7,17.0,24.8,8.3,12.3,4.08,15.6,18.5,5.2,13.95,4.640000000000001,9.333333333333334,1.3333333333333333,7.07,5.8,27.650892857142853
1,4,Alex Caruso,0.0,LAL,TOR,-10.5,210.5,110.5,11,9.5,14.1,17.3,PG/SG,3400,1,16.0,7.0,106,100,-4%,7,5,5,21,18,18,14.1,12.3,7.3,17.4,17.4,11.0,3.2,13.8,4.04,11.9,16.0,3.5,12.850000000000001,3.77,19.0,5.666666666666667,12.79,13.633333333333335,10.821052631578949
1,5,Terrance Ferguson,0.0,OKC,MIL,8.5,220.0,105.8,8,0.0,8.5,14.0,SG/SF,3100,0,7.0,5.0,109,100,6%,5,3,3,21,21,22,8.8,9.5,3.2,15.8,24.1,10.3,3.3,13.5,4.35,10.7,22.0,3.5,12.1,3.925,21.333333333333332,3.6666666666666665,9.88,7.5,12.478125000000002
1,6,Damian Jones,0.0,ATL,POR,9.0,225.5,108.3,3,5.8,9.7,16.8,C,3000,1,11.0,12.0,106,108,19%,4,3,2,15,14,13,9.7,8.5,4.5,12.5,24.1,22.3,7.4,13.3,4.42,12.5,15.5,4.2,12.9,4.3100000000000005,14.0,3.0,9.620000000000001,10.766666666666666,14.282142857142858
1,7,Shai Gilgeous-Alexander,0.0,OKC,MIL,8.5,220.0,105.8,4,21.3,30.5,42.0,PG/SG,7000,0,26.0,21.0,109,100,6%,17,15,17,35,36,35,30.4,35.3,25.6,44.9,36.8,43.5,6.2,33.3,4.75,35.9,35.5,5.1,34.599999999999994,4.925,35.333333333333336,16.333333333333332,34.16,31.266666666666666,34.763207547169806
2,0,RJ Barrett,0.0,NY,CLE,-2.0,215.5,108.8,28,14.0,28.0,37.5,PG/SG,6300,1,25.0,12.0,103,108,-11%,11,14,15,34,36,37,27.8,32.6,22.3,42.9,24.3,12.8,2.0,32.5,5.16,35.5,35.5,5.6,34.0,5.38,35.666666666666664,13.333333333333334,31.920000000000005,26.5,33.84112149532711
2,1,Anfernee Simons,0.0,POR,ATL,-9.0,225.5,117.3,14,12.8,21.0,26.0,PG/SG,4100,1,21.0,16.0,103,104,18%,14,10,8,31,22,20,21.0,16.8,9.2,24.4,24.2,31.3,7.6,15.0,3.66,25.1,28.5,6.1,20.05,4.88,24.333333333333332,10.666666666666666,18.29,19.933333333333334,23.483219178082194
2,2,Pascal Siakam,0.0,TOR,LAL,10.5,210.5,100.0,10,26.3,45.7,64.5,PF/C,9400,1,30.0,25.0,103,95,-28%,21,19,20,38,35,35,45.7,46.8,32.6,60.9,42.2,52.3,5.6,41.8,4.44,45.0,37.0,4.8,43.4,4.62,36.0,20.0,45.88,45.5,44.605555555555554
2,3,Jonathan Isaac,0.0,ORL,IND,-4.5,202.0,103.3,1,25.8,36.0,53.0,SF/PF,6700,1,17.0,21.0,102,102,-9%,10,10,9,31,31,30,36.0,33.1,22.0,44.2,31.4,20.3,3.0,28.5,4.25,29.6,31.0,4.4,29.05,4.325,30.666666666666668,9.666666666666666,32.870000000000005,38.266666666666666,29.365760869565218
2,4,Trey Burke,0.0,PHI,CHA,-14.0,213.0,113.5,5,9.8,18.4,36.5,PG,3100,1,0.0,0.0,103,108,1%,7,7,7,18,18,18,13.3,13.3,13.3,13.3,19.3,28.3,9.1,10.0,3.23,15.6,17.0,5.0,12.8,4.115,18.0,7.0,13.2,21.566666666666666,12.088888888888889
2,5,Doug McDermott,0.0,IND,ORL,4.5,202.0,98.8,6,12.0,18.7,37.3,SF/PF,4000,1,19.0,10.0,100,98,-9%,11,9,7,25,21,19,18.7,14.1,4.7,23.5,25.8,28.5,7.1,13.5,3.38,12.9,21.5,3.2,13.2,3.29,21.666666666666668,9.0,14.84,22.666666666666668,13.098461538461537
2,6,Al Horford,0.0,PHI,CHA,-14.0,213.0,113.5,7,21.0,38.6,51.8,PF/C,6200,1,22.0,19.0,103,108,14%,13,16,15,30,32,32,38.6,36.5,25.3,47.7,26.8,32.3,5.2,35.3,5.69,34.7,30.5,5.6,35.0,5.645,31.333333333333332,14.666666666666666,36.62,37.13333333333333,34.069148936170215
2,7,Cody Zeller,0.0,CHA,PHI,14.0,213.0,99.5,28,9.3,21.9,38.3,C,4900,0,20.0,19.0,107,101,-3%,7,8,9,24,24,26,21.9,28.4,15.0,41.8,27.0,35.3,7.2,23.3,4.74,24.7,25.0,5.0,24.0,4.87,24.666666666666668,8.0,26.22,23.166666666666668,24.324324324324323
3,0,CJ McCollum,0.0,POR,ATL,-9.0,225.5,117.3,14,19.3,26.8,34.8,PG/SG,6000,1,26.0,10.0,103,104,18%,21,19,20,40,37,37,26.8,30.6,19.6,41.7,41.6,46.0,7.7,28.5,4.75,35.2,36.0,5.9,31.85,5.325,38.0,20.0,30.110000000000003,26.96666666666667,30.173684210526314
3,1,Furkan Korkmaz,0.0,PHI,CHA,-14.0,213.0,113.5,16,10.8,20.4,30.3,SG/SF,3900,1,16.0,12.0,103,108,-14%,5,8,6,25,25,20,20.4,14.6,4.6,24.5,27.9,25.8,6.6,18.8,4.81,18.5,25.0,4.7,18.65,4.755,23.333333333333332,6.333333333333333,16.55,20.5,19.982142857142858
3,2,James Ennis III,0.0,PHI,CHA,-14.0,213.0,113.5,30,3.8,14.2,24.3,SF/PF,3100,1,15.0,15.0,103,108,13%,3,4,4,12,16,15,14.2,12.9,5.0,20.7,15.4,14.5,4.7,14.0,4.52,10.4,14.0,3.4,12.2,3.96,14.333333333333334,3.6666666666666665,13.0,14.1,11.916279069767441
3,3,Jordan Clarkson,0.0,CLE,NY,2.0,215.5,106.8,8,17.5,25.2,33.5,PG/SF,4800,1,26.0,20.0,101,109,-7%,14,11,11,24,25,23,25.2,23.2,17.1,29.2,19.5,25.3,5.3,23.5,4.9,22.6,25.0,4.7,23.05,4.800000000000001,24.0,12.0,23.549999999999997,25.400000000000002,24.010416666666668
3,4,Malcolm Brogdon,0.0,IND,ORL,4.5,202.0,98.8,6,24.0,38.5,47.8,PG/SG,7800,1,29.0,24.0,100,98,-10%,13,15,16,34,34,34,38.5,44.1,34.0,54.1,29.3,39.0,5.0,38.3,4.9,39.0,34.0,5.0,38.65,4.95,34.0,14.666666666666666,41.87,36.766666666666666,38.65
3,5,Danny Green,0.0,LAL,TOR,-10.5,210.5,110.5,25,5.8,14.6,21.0,SG/SF,4000,1,15.0,12.0,106,100,-4%,6,6,8,25,25,27,14.6,19.6,7.3,31.8,27.2,10.3,2.6,20.5,5.13,19.2,26.0,4.8,19.85,4.965,25.666666666666668,6.666666666666667,18.630000000000003,13.799999999999999,20.107792207792208
3,6,Aron Baynes,0.0,PHO,BKN,-3.0,231.0,117.0,23,18.3,35.7,59.5,C,6000,2,22.0,25.0,109,107,13%,13,12,10,30,28,25,35.5,31.1,16.5,45.8,17.6,30.8,5.1,30.0,5.0,33.5,28.0,5.6,31.75,5.3,27.666666666666668,11.666666666666666,32.129999999999995,37.833333333333336,32.13253012048193
3,7,JaVale McGee,0.0,LAL,TOR,-10.5,210.5,110.5,15,6.5,18.8,27.5,C,4100,1,14.0,19.0,106,100,-7%,6,4,4,16,17,16,18.8,15.8,6.3,25.2,14.3,14.5,3.5,16.5,4.02,15.0,14.5,3.7,15.75,3.86,16.333333333333332,4.666666666666667,16.369999999999997,17.599999999999998,13.982142857142858
4,0,Raul Neto,0.0,PHI,CHA,-14.0,213.0,113.5,5,1.3,14.1,27.0,PG,4500,1,18.0,15.0,103,108,1%,9,5,4,30,16,13,14.1,11.1,0.2,22.1,28.7,17.8,4.0,24.8,5.5,25.8,29.0,5.7,25.3,5.6,19.666666666666668,6.0,14.559999999999999,14.133333333333333,37.30677966101695
4,1,Kentavious Caldwell-Pope,0.0,LAL,TOR,-10.5,210.5,110.5,25,3.0,14.6,26.5,SG/SF,3500,1,15.0,6.0,106,100,-4%,7,8,7,20,23,23,14.6,13.3,6.1,20.6,4.2,1.3,0.4,15.3,4.36,12.7,18.5,3.6,14.0,3.9800000000000004,22.0,7.333333333333333,13.719999999999999,14.700000000000001,11.772727272727273
4,2,OG Anunoby,0.0,TOR,LAL,10.5,210.5,100.0,4,23.3,34.4,41.8,SF/PF,6200,1,14.0,18.0,103,95,9%,12,10,10,34,35,34,34.4,31.8,22.7,41.0,26.4,12.8,2.1,25.5,4.11,27.5,35.5,4.4,26.5,4.255000000000001,34.333333333333336,10.666666666666666,31.28,33.166666666666664,27.400485436893202
4,3,Giannis Antetokounmpo,0.0,MIL,OKC,-8.5,220.0,114.3,3,58.0,67.8,81.5,SF/PF,11200,1,35.0,34.0,103,100,-18%,22,20,18,36,33,33,67.8,63.9,51.4,76.5,36.4,62.5,5.6,58.5,5.22,59.8,33.5,5.3,59.15,5.26,34.0,20.0,63.749999999999986,69.10000000000001,58.28014705882353
4,4,Allonzo Trier,0.0,NY,CLE,-2.0,215.5,108.8,28,4.3,15.3,32.3,PG/SG,3000,1,22.0,11.0,103,108,6%,3,5,5,10,18,16,15.3,12.7,0.1,25.2,16.0,19.3,6.4,13.8,4.58,13.9,17.0,4.6,13.850000000000001,4.59,14.666666666666666,4.333333333333333,13.430000000000001,17.3,16.053409090909092
4,5,Anthony Tolliver,0.0,POR,ATL,-9.0,225.5,117.3,29,1.3,11.4,20.8,PF/C,3000,1,10.0,6.0,103,104,-12%,2,4,3,13,19,17,11.3,9.4,0.2,18.5,22.0,16.3,5.4,13.5,4.5,12.1,18.0,4.0,12.8,4.25,16.333333333333332,3.0,10.440000000000001,11.166666666666666,14.106122448979594
4,6,Domantas Sabonis,0.0,IND,ORL,4.5,202.0,98.8,8,41.5,47.3,50.3,PF/C,8300,1,24.0,22.0,100,98,-15%,13,15,15,33,36,35,46.9,43.7,34.9,52.6,37.5,56.0,6.7,41.8,5.03,43.1,36.0,5.2,42.45,5.115,34.666666666666664,14.333333333333334,44.11,46.36666666666667,44.08269230769231
4,7,Terrance Ferguson,0.0,OKC,MIL,8.5,220.0,105.8,8,0.0,8.5,14.0,SG/SF,3100,0,7.0,5.0,109,100,6%,5,3,3,21,21,22,8.8,9.5,3.2,15.8,24.1,10.3,3.3,13.5,4.35,10.7,22.0,3.5,12.1,3.925,21.333333333333332,3.6666666666666665,9.88,7.5,12.478125000000002
5,0,Devonte' Graham,0.0,CHA,PHI,14.0,213.0,99.5,15,18.0,38.7,56.0,PG/SG,6700,0,25.0,20.0,107,101,4%,14,13,12,31,33,31,38.7,36.3,23.7,48.8,33.6,38.5,5.7,33.0,4.93,29.1,31.0,4.3,31.05,4.615,31.666666666666668,13.0,35.71,37.56666666666667,30.396315789473686
5,1,Allonzo Trier,0.0,NY,CLE,-2.0,215.5,108.8,28,4.3,15.3,32.3,PG/SG,3000,1,22.0,11.0,103,108,6%,3,5,5,10,18,16,15.3,12.7,0.1,25.2,16.0,19.3,6.4,13.8,4.58,13.9,17.0,4.6,13.850000000000001,4.59,14.666666666666666,4.333333333333333,13.430000000000001,17.3,16.053409090909092
5,2,Anthony Davis,0.0,LAL,TOR,-10.5,210.5,110.5,11,35.3,52.9,73.5,PF/C,9900,1,31.0,29.0,106,100,20%,16,19,19,33,35,35,52.9,52.5,41.4,63.7,37.7,52.0,5.3,55.0,5.56,54.6,35.0,5.5,54.8,5.529999999999999,34.333333333333336,18.0,53.06,53.9,55.86407766990291
5,3,Norman Powell,0.0,TOR,LAL,10.5,210.5,100.0,6,5.8,16.5,25.8,SG/SF,4000,1,16.0,10.0,103,95,9%,8,8,7,24,23,24,16.9,17.3,10.1,24.5,25.7,27.3,6.8,24.0,6.0,24.6,31.0,6.2,24.3,6.1,23.666666666666668,7.666666666666667,18.619999999999997,16.033333333333335,31.82957746478873
5,4,Frank Ntilikina,0.0,NY,CLE,-2.0,215.5,108.8,28,11.0,24.7,43.0,PG/SG,5200,1,14.0,10.0,103,108,6%,10,8,6,38,32,23,24.7,16.1,1.1,31.0,34.7,27.5,5.3,21.0,4.04,26.6,35.5,5.1,23.8,4.57,31.0,8.0,19.339999999999996,26.233333333333334,27.254838709677422
5,5,Kyle Kuzma,0.0,LAL,TOR,-10.5,210.5,110.5,28,9.3,16.6,25.8,SF/PF,4300,1,26.0,4.0,106,100,20%,13,10,10,23,20,20,14.3,14.3,9.4,19.2,24.3,22.8,5.3,21.8,5.06,20.7,24.5,4.8,21.25,4.93,21.0,11.0,15.689999999999998,17.233333333333334,24.791666666666664
5,6,Nerlens Noel,0.0,OKC,MIL,8.5,220.0,105.8,18,6.8,22.5,39.5,C,4000,0,15.0,24.0,109,100,7%,3,5,4,14,19,16,22.4,18.2,6.4,30.0,29.9,29.8,7.5,24.8,6.19,26.7,26.0,6.7,25.75,6.445,16.333333333333332,4.0,20.55,22.933333333333334,40.98979591836735
5,7,Al-Farouq Aminu,0.0,ORL,IND,-4.5,202.0,103.3,1,5.3,15.3,23.8,SF/PF,3700,1,13.0,9.0,102,102,-9%,5,4,5,17,21,23,15.6,16.9,8.8,25.1,12.9,3.3,0.9,17.5,4.73,16.4,21.5,4.4,16.95,4.565,20.333333333333332,4.666666666666667,16.67,14.800000000000002,17.922540983606556
6,0,T.J. McConnell,0.0,IND,ORL,4.5,202.0,98.8,6,8.3,18.9,38.8,PG,4200,1,21.0,17.0,100,98,-10%,8,6,5,18,17,16,18.9,16.6,7.6,25.6,19.7,29.8,7.1,15.5,3.69,15.2,18.5,3.6,15.35,3.645,17.0,6.333333333333333,16.81,22.0,16.70441176470588
6,1,Terrance Ferguson,0.0,OKC,MIL,8.5,220.0,105.8,8,0.0,8.5,14.0,SG/SF,3100,0,7.0,5.0,109,100,6%,5,3,3,21,21,22,8.8,9.5,3.2,15.8,24.1,10.3,3.3,13.5,4.35,10.7,22.0,3.5,12.1,3.925,21.333333333333332,3.6666666666666665,9.88,7.5,12.478125000000002
6,2,Jabari Parker,0.0,ATL,POR,9.0,225.5,108.3,23,20.5,32.5,42.5,SF/PF,6800,1,24.0,21.0,106,108,-15%,15,14,12,31,28,26,32.5,26.3,15.6,37.1,36.9,57.3,8.4,32.8,4.82,35.1,32.0,5.2,33.95,5.01,28.333333333333332,13.666666666666666,29.089999999999996,31.833333333333332,38.34352941176471
6,3,Taurean Prince,0.0,BKN,PHO,3.0,231.0,114.0,17,13.3,30.3,51.5,SF/PF,5700,1,18.0,12.0,106,101,-1%,9,11,11,30,31,32,30.3,29.2,15.9,42.5,16.8,9.8,1.7,27.5,4.82,27.9,32.5,4.9,27.7,4.86,31.0,10.333333333333334,29.119999999999997,31.7,29.04032258064516
6,4,Allonzo Trier,0.0,NY,CLE,-2.0,215.5,108.8,28,4.3,15.3,32.3,PG/SG,3000,1,22.0,11.0,103,108,6%,3,5,5,10,18,16,15.3,12.7,0.1,25.2,16.0,19.3,6.4,13.8,4.58,13.9,17.0,4.6,13.850000000000001,4.59,14.666666666666666,4.333333333333333,13.430000000000001,17.3,16.053409090909092
6,5,Mike Muscala,0.0,OKC,MIL,8.5,220.0,105.8,21,0.0,8.4,18.0,PF/C,3100,0,16.0,-1.0,109,100,-15%,3,4,4,8,12,12,7.5,8.1,1.5,14.7,18.1,21.3,6.9,6.5,2.1,14.9,18.5,4.8,10.7,3.45,10.666666666666666,3.6666666666666665,8.5,8.799999999999999,18.5578125
6,6,Bruno Fernando,0.0,ATL,POR,9.0,225.5,108.3,3,1.0,9.1,21.5,C,3200,1,18.0,17.0,106,108,-15%,4,3,4,15,12,13,9.1,11.9,4.2,19.5,3.1,2.0,0.6,12.5,3.91,18.3,18.0,5.7,15.4,4.805,13.333333333333334,3.6666666666666665,12.02,10.533333333333333,20.79
6,7,PJ Washington,0.0,CHA,PHI,14.0,213.0,99.5,4,24.3,27.6,38.5,PF/C,5600,0,17.0,15.0,107,101,-16%,9,9,10,26,29,31,27.9,27.7,21.1,34.3,36.9,29.5,5.3,27.0,4.82,26.5,31.0,4.7,26.75,4.76,28.666666666666668,9.333333333333334,27.55,30.133333333333336,28.927325581395348
7,0,Markelle Fultz,0.0,ORL,IND,-4.5,202.0,103.3,7,14.0,19.2,24.3,PG/SG,4000,1,22.0,13.0,102,102,-9%,9,8,9,24,23,23,19.2,19.3,14.8,23.8,24.4,20.5,5.1,20.3,5.06,20.3,24.0,5.1,20.3,5.08,23.333333333333332,8.666666666666666,19.479999999999997,19.166666666666668,20.880000000000003
7,1,Spencer Dinwiddie,0.0,BKN,PHO,3.0,231.0,114.0,2,12.3,27.5,50.8,PG/SG,6000,1,29.0,17.0,106,101,-8%,13,12,12,28,26,25,27.5,28.1,15.1,41.0,25.9,32.8,5.5,25.3,4.21,27.1,26.0,4.5,26.200000000000003,4.355,26.333333333333332,12.333333333333334,27.579999999999995,30.2,25.868354430379753
7,2,Miles Bridges,0.0,CHA,PHI,14.0,213.0,99.5,11,13.0,25.8,36.5,SF/PF,5400,0,18.0,12.0,107,101,-2%,13,11,11,29,33,33,25.4,25.5,18.7,32.2,38.2,18.8,3.5,27.3,5.05,25.2,33.0,4.7,26.25,4.875,31.666666666666668,11.666666666666666,25.610000000000003,25.099999999999998,27.355263157894736
7,3,Kevin Huerter,0.0,ATL,POR,9.0,225.5,108.3,18,14.0,20.5,28.8,SG/SF,4600,1,19.0,12.0,106,108,1%,10,9,7,27,25,22,20.5,18.9,13.5,24.4,30.9,23.8,5.2,23.8,5.16,24.7,30.0,5.4,24.25,5.28,24.666666666666668,8.666666666666666,20.31,21.099999999999998,29.493243243243242
7,4,DeAndre' Bembry,0.0,ATL,POR,9.0,225.5,108.3,17,13.3,23.3,46.0,PG/SG,4000,1,19.0,15.0,106,108,10%,5,7,7,25,25,24,23.3,21.4,11.1,31.7,40.0,19.8,5.0,24.3,6.06,19.8,22.5,5.0,22.05,5.529999999999999,24.666666666666668,6.333333333333333,21.91,27.53333333333333,20.113175675675677
7,5,Doug McDermott,0.0,IND,ORL,4.5,202.0,98.8,6,12.0,18.7,37.3,SF/PF,4000,1,19.0,10.0,100,98,-9%,11,9,7,25,21,19,18.7,14.1,4.7,23.5,25.8,28.5,7.1,13.5,3.38,12.9,21.5,3.2,13.2,3.29,21.666666666666668,9.0,14.84,22.666666666666668,13.098461538461537
7,6,TJ Leaf,0.0,IND,ORL,4.5,202.0,98.8,8,5.3,13.2,38.3,PF/C,3500,1,18.0,11.0,100,98,6%,2,5,4,12,13,12,13.2,11.2,-1.2,23.5,10.5,9.0,2.6,15.8,4.5,9.2,10.5,2.6,12.5,3.55,12.333333333333334,3.6666666666666665,11.84,18.933333333333334,10.641891891891891
7,7,Shai Gilgeous-Alexander,0.0,OKC,MIL,8.5,220.0,105.8,4,21.3,30.5,42.0,PG/SG,7000,0,26.0,21.0,109,100,6%,17,15,17,35,36,35,30.4,35.3,25.6,44.9,36.8,43.5,6.2,33.3,4.75,35.9,35.5,5.1,34.599999999999994,4.925,35.333333333333336,16.333333333333332,34.16,31.266666666666666,34.763207547169806
8,0,CJ McCollum,0.0,POR,ATL,-9.0,225.5,117.3,14,19.3,26.8,34.8,PG/SG,6000,1,26.0,10.0,103,104,18%,21,19,20,40,37,37,26.8,30.6,19.6,41.7,41.6,46.0,7.7,28.5,4.75,35.2,36.0,5.9,31.85,5.325,38.0,20.0,30.110000000000003,26.96666666666667,30.173684210526314
8,1,Dwayne Bacon,0.0,CHA,PHI,14.0,213.0,99.5,21,-0.5,17.4,39.5,SG/SF,4000,0,23.0,7.0,107,101,-2%,10,10,12,24,25,26,17.4,19.5,6.8,32.2,16.5,1.8,0.5,18.5,4.63,17.8,24.0,4.5,18.15,4.5649999999999995,25.0,10.666666666666666,18.809999999999995,18.8,17.424
8,2,Jakarr Sampson,0.0,IND,ORL,4.5,202.0,98.8,6,7.3,15.7,29.0,SF/PF,4000,1,16.0,13.0,100,98,-9%,9,7,7,26,20,20,15.7,15.7,7.3,24.0,23.9,5.3,1.3,18.5,4.63,19.2,25.5,4.8,18.85,4.715,22.0,7.666666666666667,16.31,17.333333333333332,21.84886363636364
8,3,Miles Bridges,0.0,CHA,PHI,14.0,213.0,99.5,11,13.0,25.8,36.5,SF/PF,5400,0,18.0,12.0,107,101,-2%,13,11,11,29,33,33,25.4,25.5,18.7,32.2,38.2,18.8,3.5,27.3,5.05,25.2,33.0,4.7,26.25,4.875,31.666666666666668,11.666666666666666,25.610000000000003,25.099999999999998,27.355263157894736
8,4,Mikal Bridges,0.0,PHO,BKN,-3.0,231.0,117.0,26,4.8,14.4,27.5,SG/SF,3300,2,11.0,10.0,109,107,-21%,6,4,4,23,19,20,14.4,13.4,6.5,20.3,26.4,21.5,6.5,15.0,4.55,15.0,21.0,4.5,15.0,4.525,20.666666666666668,4.666666666666667,13.919999999999998,15.566666666666668,15.241935483870966
8,5,Jordan Clarkson,0.0,CLE,NY,2.0,215.5,106.8,8,17.5,25.2,33.5,PG/SF,4800,1,26.0,20.0,101,109,-7%,14,11,11,24,25,23,25.2,23.2,17.1,29.2,19.5,25.3,5.3,23.5,4.9,22.6,25.0,4.7,23.05,4.800000000000001,24.0,12.0,23.549999999999997,25.400000000000002,24.010416666666668
8,6,Al Horford,0.0,PHI,CHA,-14.0,213.0,113.5,7,21.0,38.6,51.8,PF/C,6200,1,22.0,19.0,103,108,14%,13,16,15,30,32,32,38.6,36.5,25.3,47.7,26.8,32.3,5.2,35.3,5.69,34.7,30.5,5.6,35.0,5.645,31.333333333333332,14.666666666666666,36.62,37.13333333333333,34.069148936170215
8,7,Jarrett Allen,0.0,BKN,PHO,3.0,231.0,114.0,12,15.8,26.6,36.8,PF/C,6100,1,13.0,17.0,106,101,2%,8,6,6,33,27,28,26.6,27.2,20.0,34.5,11.9,5.5,0.9,27.0,4.43,25.9,25.5,4.2,26.45,4.3149999999999995,29.333333333333332,6.666666666666667,26.95,26.400000000000002,22.99346590909091
9,0,Frank Ntilikina,0.0,NY,CLE,-2.0,215.5,108.8,28,11.0,24.7,43.0,PG/SG,5200,1,14.0,10.0,103,108,6%,10,8,6,38,32,23,24.7,16.1,1.1,31.0,34.7,27.5,5.3,21.0,4.04,26.6,35.5,5.1,23.8,4.57,31.0,8.0,19.339999999999996,26.233333333333334,27.254838709677422
9,1,Justin Holiday,0.0,IND,ORL,4.5,202.0,98.8,10,9.0,16.6,32.0,SG/SF,4000,1,14.0,9.0,100,98,-11%,8,7,6,24,24,23,16.6,16.8,8.3,25.3,22.3,12.5,3.1,16.5,4.13,16.4,26.0,4.1,16.45,4.115,23.666666666666668,7.0,16.69,19.2,18.071830985915494
9,2,Pascal Siakam,0.0,TOR,LAL,10.5,210.5,100.0,10,26.3,45.7,64.5,PF/C,9400,1,30.0,25.0,103,95,-28%,21,19,20,38,35,35,45.7,46.8,32.6,60.9,42.2,52.3,5.6,41.8,4.44,45.0,37.0,4.8,43.4,4.62,36.0,20.0,45.88,45.5,44.605555555555554
9,3,Garrett Temple,0.0,BKN,PHO,3.0,231.0,114.0,22,6.8,20.0,39.3,SG/SF,3900,1,13.0,15.0,106,101,-8%,7,6,5,23,22,21,19.9,16.8,5.9,27.8,21.0,16.8,4.3,14.0,3.59,15.4,23.5,3.9,14.7,3.745,22.0,6.0,17.020000000000003,22.03333333333333,15.702272727272724
9,4,Fred VanVleet,0.0,TOR,LAL,10.5,210.5,100.0,30,24.5,32.8,42.3,PG/SG,6900,1,20.0,14.0,103,95,-10%,12,11,13,36,36,37,32.4,34.5,24.5,44.5,38.5,52.8,7.7,33.3,4.82,34.2,37.5,5.0,33.75,4.91,36.333333333333336,12.0,33.93,33.199999999999996,34.83371559633027
9,5,Kyle Kuzma,0.0,LAL,TOR,-10.5,210.5,110.5,28,9.3,16.6,25.8,SF/PF,4300,1,26.0,4.0,106,100,20%,13,10,10,23,20,20,14.3,14.3,9.4,19.2,24.3,22.8,5.3,21.8,5.06,20.7,24.5,4.8,21.25,4.93,21.0,11.0,15.689999999999998,17.233333333333334,24.791666666666664
9,6,Damian Jones,0.0,ATL,POR,9.0,225.5,108.3,3,5.8,9.7,16.8,C,3000,1,11.0,12.0,106,108,19%,4,3,2,15,14,13,9.7,8.5,4.5,12.5,24.1,22.3,7.4,13.3,4.42,12.5,15.5,4.2,12.9,4.3100000000000005,14.0,3.0,9.620000000000001,10.766666666666666,14.282142857142858
9,7,Kentavious Caldwell-Pope,0.0,LAL,TOR,-10.5,210.5,110.5,25,3.0,14.6,26.5,SG/SF,3500,1,15.0,6.0,106,100,-4%,7,8,7,20,23,23,14.6,13.3,6.1,20.6,4.2,1.3,0.4,15.3,4.36,12.7,18.5,3.6,14.0,3.9800000000000004,22.0,7.333333333333333,13.719999999999999,14.700000000000001,11.772727272727273
11,0,Spencer Dinwiddie,0.0,BKN,PHO,3.0,231.0,114.0,2,12.3,27.5,50.8,PG/SG,6000,1,29.0,17.0,106,101,-8%,13,12,12,28,26,25,27.5,28.1,15.1,41.0,25.9,32.8,5.5,25.3,4.21,27.1,26.0,4.5,26.200000000000003,4.355,26.333333333333332,12.333333333333334,27.579999999999995,30.2,25.868354430379753
11,1,George Hill,0.0,MIL,OKC,-8.5,220.0,114.3,25,9.8,17.3,32.8,PG/SG,3900,1,15.0,20.0,103,100,0%,8,6,7,23,21,23,17.3,20.8,11.3,30.3,23.4,21.3,5.5,17.3,4.42,16.2,20.5,4.2,16.75,4.3100000000000005,22.333333333333332,7.0,19.29,19.966666666666665,15.375
11,2,Dario Saric,0.0,PHO,BKN,-3.0,231.0,117.0,26,9.3,22.2,45.3,SF/PF,4700,2,17.0,11.0,109,107,1%,8,9,9,27,26,27,22.1,23.0,10.6,35.5,26.0,24.0,5.1,24.3,5.16,24.0,26.5,5.1,24.15,5.13,26.666666666666668,8.666666666666666,23.07,25.599999999999998,23.999062499999997
11,3,Justin Holiday,0.0,IND,ORL,4.5,202.0,98.8,10,9.0,16.6,32.0,SG/SF,4000,1,14.0,9.0,100,98,-11%,8,7,6,24,24,23,16.6,16.8,8.3,25.3,22.3,12.5,3.1,16.5,4.13,16.4,26.0,4.1,16.45,4.115,23.666666666666668,7.0,16.69,19.2,18.071830985915494
11,4,Damian Lillard,0.0,POR,ATL,-9.0,225.5,117.3,14,44.5,57.3,75.0,PG,10100,1,32.0,32.0,103,104,-17%,28,23,23,39,39,38,57.3,54.4,45.1,63.8,44.3,51.3,5.1,49.0,4.85,51.4,37.0,5.1,50.2,4.975,38.666666666666664,24.666666666666668,54.160000000000004,58.93333333333334,48.036206896551725
11,5,Joe Harris,0.0,BKN,PHO,3.0,231.0,114.0,22,15.5,26.7,36.3,SG/SF,5100,1,15.0,14.0,106,101,-1%,13,11,11,32,32,33,26.6,25.2,18.8,31.6,21.8,11.0,2.2,25.0,4.9,22.6,31.5,4.4,23.8,4.65,32.333333333333336,11.666666666666666,25.2,26.166666666666668,23.186597938144327
11,6,Nerlens Noel,0.0,OKC,MIL,8.5,220.0,105.8,18,6.8,22.5,39.5,C,4000,0,15.0,24.0,109,100,7%,3,5,4,14,19,16,22.4,18.2,6.4,30.0,29.9,29.8,7.5,24.8,6.19,26.7,26.0,6.7,25.75,6.445,16.333333333333332,4.0,20.55,22.933333333333334,40.98979591836735
11,7,Kentavious Caldwell-Pope,0.0,LAL,TOR,-10.5,210.5,110.5,25,3.0,14.6,26.5,SG/SF,3500,1,15.0,6.0,106,100,-4%,7,8,7,20,23,23,14.6,13.3,6.1,20.6,4.2,1.3,0.4,15.3,4.36,12.7,18.5,3.6,14.0,3.9800000000000004,22.0,7.333333333333333,13.719999999999999,14.700000000000001,11.772727272727273
13,0,Malik Monk,0.0,CHA,PHI,14.0,213.0,99.5,15,6.0,15.0,27.5,PG/SG,3300,0,20.0,8.0,107,101,-9%,6,8,7,20,19,19,14.9,12.8,5.0,20.6,26.7,31.0,9.4,15.3,4.62,14.9,18.5,4.5,15.100000000000001,4.5600000000000005,19.333333333333332,7.0,13.680000000000001,16.166666666666668,14.449137931034485
13,1,Kentavious Caldwell-Pope,0.0,LAL,TOR,-10.5,210.5,110.5,25,3.0,14.6,26.5,SG/SF,3500,1,15.0,6.0,106,100,-4%,7,8,7,20,23,23,14.6,13.3,6.1,20.6,4.2,1.3,0.4,15.3,4.36,12.7,18.5,3.6,14.0,3.9800000000000004,22.0,7.333333333333333,13.719999999999999,14.700000000000001,11.772727272727273
13,2,Mario Hezonja,0.0,POR,ATL,-9.0,225.5,117.3,10,8.5,19.4,37.5,SF/PF,4100,1,13.0,8.0,103,104,18%,9,7,6,22,25,23,19.4,17.5,7.9,27.2,23.6,13.0,3.2,22.0,5.37,20.5,25.5,5.0,21.25,5.1850000000000005,23.333333333333332,7.333333333333333,18.65,21.8,23.22321428571429
13,3,Wesley Matthews,0.0,MIL,OKC,-8.5,220.0,114.3,19,1.3,6.0,15.0,SG/SF,3200,1,11.0,9.0,103,100,-3%,2,3,6,20,18,23,6.0,12.6,3.0,22.2,31.9,14.0,4.4,16.8,5.23,14.2,22.5,4.4,15.5,4.815,20.333333333333332,3.6666666666666665,11.86,7.433333333333334,17.151639344262296
13,4,Frank Ntilikina,0.0,NY,CLE,-2.0,215.5,108.8,28,11.0,24.7,43.0,PG/SG,5200,1,14.0,10.0,103,108,6%,10,8,6,38,32,23,24.7,16.1,1.1,31.0,34.7,27.5,5.3,21.0,4.04,26.6,35.5,5.1,23.8,4.57,31.0,8.0,19.339999999999996,26.233333333333334,27.254838709677422
13,5,Tobias Harris,0.0,PHI,CHA,-14.0,213.0,113.5,30,28.3,37.8,44.5,SF/PF,7000,1,22.0,17.0,103,108,13%,13,15,15,34,35,36,37.8,38.2,31.2,45.2,29.4,34.3,4.9,35.5,5.07,35.6,35.0,5.1,35.55,5.085,35.0,14.333333333333334,37.589999999999996,36.86666666666667,35.55
13,6,Joel Embiid,0.0,PHI,CHA,-14.0,213.0,113.5,1,32.3,48.0,66.8,C,9100,1,35.0,27.0,103,108,9%,17,16,16,32,28,28,48.0,48.0,34.5,61.5,25.8,40.8,4.5,57.0,6.26,58.5,32.5,6.4,57.75,6.33,29.333333333333332,16.333333333333332,49.95,49.03333333333333,63.984375
13,7,Trae Young,0.0,ATL,POR,9.0,225.5,108.3,17,12.0,37.4,61.0,PG,9200,1,37.0,27.0,106,108,6%,17,16,18,34,29,31,37.4,44.9,22.1,67.7,43.0,65.5,7.1,50.0,5.43,50.4,35.0,5.5,50.2,5.465,31.333333333333332,17.0,44.46,36.800000000000004,56.07446808510639
14,0,Trey Burke,0.0,PHI,CHA,-14.0,213.0,113.5,5,9.8,18.4,36.5,PG,3100,1,0.0,0.0,103,108,1%,7,7,7,18,18,18,13.3,13.3,13.3,13.3,19.3,28.3,9.1,10.0,3.23,15.6,17.0,5.0,12.8,4.115,18.0,7.0,13.2,21.566666666666666,12.088888888888889
14,1,DeAndre' Bembry,0.0,ATL,POR,9.0,225.5,108.3,17,13.3,23.3,46.0,PG/SG,4000,1,19.0,15.0,106,108,10%,5,7,7,25,25,24,23.3,21.4,11.1,31.7,40.0,19.8,5.0,24.3,6.06,19.8,22.5,5.0,22.05,5.529999999999999,24.666666666666668,6.333333333333333,21.91,27.53333333333333,20.113175675675677
14,2,Al-Farouq Aminu,0.0,ORL,IND,-4.5,202.0,103.3,1,5.3,15.3,23.8,SF/PF,3700,1,13.0,9.0,102,102,-9%,5,4,5,17,21,23,15.6,16.9,8.8,25.1,12.9,3.3,0.9,17.5,4.73,16.4,21.5,4.4,16.95,4.565,20.333333333333332,4.666666666666667,16.67,14.800000000000002,17.922540983606556
14,3,James Ennis III,0.0,PHI,CHA,-14.0,213.0,113.5,30,3.8,14.2,24.3,SF/PF,3100,1,15.0,15.0,103,108,13%,3,4,4,12,16,15,14.2,12.9,5.0,20.7,15.4,14.5,4.7,14.0,4.52,10.4,14.0,3.4,12.2,3.96,14.333333333333334,3.6666666666666665,13.0,14.1,11.916279069767441
14,4,LeBron James,0.0,LAL,TOR,-10.5,210.5,110.5,11,37.5,59.4,91.0,PG/SF,10300,1,34.0,29.0,106,100,-1%,19,20,19,36,36,35,60.3,56.4,37.8,75.0,35.3,57.3,5.6,55.3,5.36,57.1,35.0,5.5,56.2,5.43,35.666666666666664,19.333333333333332,57.14,62.63333333333333,55.14953271028038
14,5,Nassir Little,0.0,POR,ATL,-9.0,225.5,117.3,10,0.0,7.9,15.8,SF/PF,3000,1,0.0,0.0,103,104,-12%,3,3,3,10,10,10,7.9,7.9,-3.3,19.0,6.6,2.5,0.8,7.0,2.33,0.0,0.0,0.0,3.5,1.165,10.0,3.0,7.0,7.900000000000001,0.0
14,6,JaVale McGee,0.0,LAL,TOR,-10.5,210.5,110.5,15,6.5,18.8,27.5,C,4100,1,14.0,19.0,106,100,-7%,6,4,4,16,17,16,18.8,15.8,6.3,25.2,14.3,14.5,3.5,16.5,4.02,15.0,14.5,3.7,15.75,3.86,16.333333333333332,4.666666666666667,16.369999999999997,17.599999999999998,13.982142857142858
14,7,OG Anunoby,0.0,TOR,LAL,10.5,210.5,100.0,4,23.3,34.4,41.8,SF/PF,6200,1,14.0,18.0,103,95,9%,12,10,10,34,35,34,34.4,31.8,22.7,41.0,26.4,12.8,2.1,25.5,4.11,27.5,35.5,4.4,26.5,4.255000000000001,34.333333333333336,10.666666666666666,31.28,33.166666666666664,27.400485436893202
15,0,Devin Booker,0.0,PHO,BKN,-3.0,231.0,117.0,19,24.3,36.8,51.5,PG/SG,7900,2,29.0,21.0,109,107,1%,16,16,18,34,33,35,36.6,38.8,28.6,49.0,32.4,44.0,5.6,44.0,5.57,41.1,33.5,5.2,42.55,5.385,34.0,16.666666666666668,39.11,37.53333333333333,41.92426470588235
15,1,Evan Fournier,0.0,ORL,IND,-4.5,202.0,103.3,20,10.5,22.5,39.8,SG/SF,5500,1,24.0,15.0,102,102,-31%,9,10,12,27,27,28,22.5,24.8,16.0,33.7,30.4,39.3,7.1,23.0,4.18,24.0,29.0,4.4,23.5,4.29,27.333333333333332,10.333333333333334,24.1,24.266666666666666,24.932926829268293
15,2,Taurean Prince,0.0,BKN,PHO,3.0,231.0,114.0,17,13.3,30.3,51.5,SF/PF,5700,1,18.0,12.0,106,101,-1%,9,11,11,30,31,32,30.3,29.2,15.9,42.5,16.8,9.8,1.7,27.5,4.82,27.9,32.5,4.9,27.7,4.86,31.0,10.333333333333334,29.119999999999997,31.7,29.04032258064516
15,3,Sterling Brown,0.0,MIL,OKC,-8.5,220.0,114.3,19,1.3,13.9,25.3,SG/SF,3400,1,15.0,17.0,103,100,-3%,4,3,3,13,12,11,12.9,11.5,0.1,22.9,18.2,20.8,6.1,16.0,4.71,14.3,19.0,4.2,15.15,4.455,12.0,3.3333333333333335,12.51,13.5,23.9875
15,4,Elie Okobo,0.0,PHO,BKN,-3.0,231.0,117.0,19,0.0,6.8,20.8,PG/SG,3000,2,0.0,0.0,109,107,17%,1,1,1,2,3,3,3.3,3.3,-0.2,6.7,5.4,9.0,3.0,1.0,0.33,0.0,0.0,0.0,0.5,0.165,2.6666666666666665,1.0,2.72,9.200000000000001,0.0
15,5,Garrett Temple,0.0,BKN,PHO,3.0,231.0,114.0,22,6.8,20.0,39.3,SG/SF,3900,1,13.0,15.0,106,101,-8%,7,6,5,23,22,21,19.9,16.8,5.9,27.8,21.0,16.8,4.3,14.0,3.59,15.4,23.5,3.9,14.7,3.745,22.0,6.0,17.020000000000003,22.03333333333333,15.702272727272724
15,6,JaVale McGee,0.0,LAL,TOR,-10.5,210.5,110.5,15,6.5,18.8,27.5,C,4100,1,14.0,19.0,106,100,-7%,6,4,4,16,17,16,18.8,15.8,6.3,25.2,14.3,14.5,3.5,16.5,4.02,15.0,14.5,3.7,15.75,3.86,16.333333333333332,4.666666666666667,16.369999999999997,17.599999999999998,13.982142857142858
15,7,Danny Green,0.0,LAL,TOR,-10.5,210.5,110.5,25,5.8,14.6,21.0,SG/SF,4000,1,15.0,12.0,106,100,-4%,6,6,8,25,25,27,14.6,19.6,7.3,31.8,27.2,10.3,2.6,20.5,5.13,19.2,26.0,4.8,19.85,4.965,25.666666666666668,6.666666666666667,18.630000000000003,13.799999999999999,20.107792207792208
16,0,Eric Bledsoe,0.0,MIL,OKC,-8.5,220.0,114.3,25,33.5,38.1,43.3,PG,6200,1,26.0,18.0,103,100,0%,17,15,13,29,27,26,38.3,31.4,21.6,41.1,29.3,44.3,7.1,30.8,4.96,32.9,29.0,5.3,31.85,5.13,27.333333333333332,15.0,32.849999999999994,38.3,33.79207317073171
16,1,Kentavious Caldwell-Pope,0.0,LAL,TOR,-10.5,210.5,110.5,25,3.0,14.6,26.5,SG/SF,3500,1,15.0,6.0,106,100,-4%,7,8,7,20,23,23,14.6,13.3,6.1,20.6,4.2,1.3,0.4,15.3,4.36,12.7,18.5,3.6,14.0,3.9800000000000004,22.0,7.333333333333333,13.719999999999999,14.700000000000001,11.772727272727273
16,2,Anthony Davis,0.0,LAL,TOR,-10.5,210.5,110.5,11,35.3,52.9,73.5,PF/C,9900,1,31.0,29.0,106,100,20%,16,19,19,33,35,35,52.9,52.5,41.4,63.7,37.7,52.0,5.3,55.0,5.56,54.6,35.0,5.5,54.8,5.529999999999999,34.333333333333336,18.0,53.06,53.9,55.86407766990291
16,3,Jordan Clarkson,0.0,CLE,NY,2.0,215.5,106.8,8,17.5,25.2,33.5,PG/SF,4800,1,26.0,20.0,101,109,-7%,14,11,11,24,25,23,25.2,23.2,17.1,29.2,19.5,25.3,5.3,23.5,4.9,22.6,25.0,4.7,23.05,4.800000000000001,24.0,12.0,23.549999999999997,25.400000000000002,24.010416666666668
16,4,Matt Thomas,0.0,TOR,LAL,10.5,210.5,100.0,6,0.0,7.4,12.3,SG,3000,1,11.0,15.0,103,95,-10%,3,2,2,12,11,11,7.4,7.4,2.3,12.5,14.6,8.5,2.8,12.8,4.25,11.2,16.0,3.7,12.0,3.975,11.333333333333334,2.3333333333333335,8.32,6.566666666666667,16.941176470588236
16,5,Jonathan Isaac,0.0,ORL,IND,-4.5,202.0,103.3,1,25.8,36.0,53.0,SF/PF,6700,1,17.0,21.0,102,102,-9%,10,10,9,31,31,30,36.0,33.1,22.0,44.2,31.4,20.3,3.0,28.5,4.25,29.6,31.0,4.4,29.05,4.325,30.666666666666668,9.666666666666666,32.870000000000005,38.266666666666666,29.365760869565218
16,6,JaVale McGee,0.0,LAL,TOR,-10.5,210.5,110.5,15,6.5,18.8,27.5,C,4100,1,14.0,19.0,106,100,-7%,6,4,4,16,17,16,18.8,15.8,6.3,25.2,14.3,14.5,3.5,16.5,4.02,15.0,14.5,3.7,15.75,3.86,16.333333333333332,4.666666666666667,16.369999999999997,17.599999999999998,13.982142857142858
16,7,Cheick Diallo,0.0,PHO,BKN,-3.0,231.0,117.0,6,-0.5,6.3,26.5,PF/C,3000,2,0.0,0.0,109,107,1%,1,1,1,2,2,2,1.3,1.3,-0.6,3.1,3.6,5.8,1.9,5.0,1.67,0.0,0.0,0.0,2.5,0.835,2.0,1.0,1.52,10.766666666666666,0.0
17,0,Malcolm Brogdon,0.0,IND,ORL,4.5,202.0,98.8,6,24.0,38.5,47.8,PG/SG,7800,1,29.0,24.0,100,98,-10%,13,15,16,34,34,34,38.5,44.1,34.0,54.1,29.3,39.0,5.0,38.3,4.9,39.0,34.0,5.0,38.65,4.95,34.0,14.666666666666666,41.87,36.766666666666666,38.65
17,1,Anfernee Simons,0.0,POR,ATL,-9.0,225.5,117.3,14,12.8,21.0,26.0,PG/SG,4100,1,21.0,16.0,103,104,18%,14,10,8,31,22,20,21.0,16.8,9.2,24.4,24.2,31.3,7.6,15.0,3.66,25.1,28.5,6.1,20.05,4.88,24.333333333333332,10.666666666666666,18.29,19.933333333333334,23.483219178082194
17,2,Pascal Siakam,0.0,TOR,LAL,10.5,210.5,100.0,10,26.3,45.7,64.5,PF/C,9400,1,30.0,25.0,103,95,-28%,21,19,20,38,35,35,45.7,46.8,32.6,60.9,42.2,52.3,5.6,41.8,4.44,45.0,37.0,4.8,43.4,4.62,36.0,20.0,45.88,45.5,44.605555555555554
17,3,Kentavious Caldwell-Pope,0.0,LAL,TOR,-10.5,210.5,110.5,25,3.0,14.6,26.5,SG/SF,3500,1,15.0,6.0,106,100,-4%,7,8,7,20,23,23,14.6,13.3,6.1,20.6,4.2,1.3,0.4,15.3,4.36,12.7,18.5,3.6,14.0,3.9800000000000004,22.0,7.333333333333333,13.719999999999999,14.700000000000001,11.772727272727273
17,4,Danny Green,0.0,LAL,TOR,-10.5,210.5,110.5,25,5.8,14.6,21.0,SG/SF,4000,1,15.0,12.0,106,100,-4%,6,6,8,25,25,27,14.6,19.6,7.3,31.8,27.2,10.3,2.6,20.5,5.13,19.2,26.0,4.8,19.85,4.965,25.666666666666668,6.666666666666667,18.630000000000003,13.799999999999999,20.107792207792208
17,5,LeBron James,0.0,LAL,TOR,-10.5,210.5,110.5,11,37.5,59.4,91.0,PG/SF,10300,1,34.0,29.0,106,100,-1%,19,20,19,36,36,35,60.3,56.4,37.8,75.0,35.3,57.3,5.6,55.3,5.36,57.1,35.0,5.5,56.2,5.43,35.666666666666664,19.333333333333332,57.14,62.63333333333333,55.14953271028038
17,6,PJ Washington,0.0,CHA,PHI,14.0,213.0,99.5,4,24.3,27.6,38.5,PF/C,5600,0,17.0,15.0,107,101,-16%,9,9,10,26,29,31,27.9,27.7,21.1,34.3,36.9,29.5,5.3,27.0,4.82,26.5,31.0,4.7,26.75,4.76,28.666666666666668,9.333333333333334,27.55,30.133333333333336,28.927325581395348
17,7,Cedi Osman,0.0,CLE,NY,2.0,215.5,106.8,25,19.5,23.9,26.5,SF/PF,4600,1,14.0,10.0,101,109,-1%,11,9,8,35,33,31,23.9,20.1,11.8,28.4,25.0,17.0,3.7,22.5,4.89,20.9,31.5,4.5,21.7,4.695,33.0,9.333333333333334,21.18,23.3,20.713636363636365
18,0,CJ McCollum,0.0,POR,ATL,-9.0,225.5,117.3,14,19.3,26.8,34.8,PG/SG,6000,1,26.0,10.0,103,104,18%,21,19,20,40,37,37,26.8,30.6,19.6,41.7,41.6,46.0,7.7,28.5,4.75,35.2,36.0,5.9,31.85,5.325,38.0,20.0,30.110000000000003,26.96666666666667,30.173684210526314
18,1,Alex Caruso,0.0,LAL,TOR,-10.5,210.5,110.5,11,9.5,14.1,17.3,PG/SG,3400,1,16.0,7.0,106,100,-4%,7,5,5,21,18,18,14.1,12.3,7.3,17.4,17.4,11.0,3.2,13.8,4.04,11.9,16.0,3.5,12.850000000000001,3.77,19.0,5.666666666666667,12.79,13.633333333333335,10.821052631578949
18,2,Mike Scott,0.0,PHI,CHA,-14.0,213.0,113.5,30,7.5,11.4,14.5,SF/PF,3100,1,14.0,12.0,103,108,14%,4,5,5,19,18,17,11.4,12.3,5.5,19.0,21.1,17.3,5.6,14.0,4.52,12.2,17.0,3.9,13.1,4.21,18.0,4.666666666666667,12.260000000000002,11.133333333333333,12.372222222222222
18,3,Evan Fournier,0.0,ORL,IND,-4.5,202.0,103.3,20,10.5,22.5,39.8,SG/SF,5500,1,24.0,15.0,102,102,-31%,9,10,12,27,27,28,22.5,24.8,16.0,33.7,30.4,39.3,7.1,23.0,4.18,24.0,29.0,4.4,23.5,4.29,27.333333333333332,10.333333333333334,24.1,24.266666666666666,24.932926829268293
18,4,Matt Thomas,0.0,TOR,LAL,10.5,210.5,100.0,6,0.0,7.4,12.3,SG,3000,1,11.0,15.0,103,95,-10%,3,2,2,12,11,11,7.4,7.4,2.3,12.5,14.6,8.5,2.8,12.8,4.25,11.2,16.0,3.7,12.0,3.975,11.333333333333334,2.3333333333333335,8.32,6.566666666666667,16.941176470588236
18,5,TJ Leaf,0.0,IND,ORL,4.5,202.0,98.8,8,5.3,13.2,38.3,PF/C,3500,1,18.0,11.0,100,98,6%,2,5,4,12,13,12,13.2,11.2,-1.2,23.5,10.5,9.0,2.6,15.8,4.5,9.2,10.5,2.6,12.5,3.55,12.333333333333334,3.6666666666666665,11.84,18.933333333333334,10.641891891891891
18,6,Julius Randle,0.0,NY,CLE,-2.0,215.5,108.8,30,19.3,31.1,41.0,PF/C,7300,1,26.0,13.0,103,108,-11%,16,13,13,34,33,34,31.1,34.1,23.8,44.3,31.5,41.5,5.7,39.8,5.45,40.1,35.0,5.5,39.95,5.475,33.666666666666664,14.0,34.65,30.46666666666667,41.53217821782179
18,7,Dwight Howard,0.0,LAL,TOR,-10.5,210.5,110.5,15,10.5,20.9,38.3,C,4400,1,11.0,19.0,106,100,-7%,3,3,4,20,21,21,20.9,22.3,11.4,33.1,16.9,16.5,3.8,23.5,5.34,22.4,21.0,5.1,22.95,5.22,20.666666666666668,3.3333333333333335,22.130000000000003,23.23333333333333,23.320161290322577
19,0,D.J. Augustin,0.0,ORL,IND,-4.5,202.0,103.3,7,8.8,16.7,25.0,PG,4200,1,19.0,13.0,102,102,-9%,9,8,8,26,26,26,16.6,17.8,12.9,22.7,23.6,21.5,5.1,20.0,4.76,19.6,24.5,4.7,19.8,4.73,26.0,8.333333333333334,17.96,16.833333333333332,18.657692307692308
19,1,Wesley Matthews,0.0,MIL,OKC,-8.5,220.0,114.3,19,1.3,6.0,15.0,SG/SF,3200,1,11.0,9.0,103,100,-3%,2,3,6,20,18,23,6.0,12.6,3.0,22.2,31.9,14.0,4.4,16.8,5.23,14.2,22.5,4.4,15.5,4.815,20.333333333333332,3.6666666666666665,11.86,7.433333333333334,17.151639344262296
19,2,Tobias Harris,0.0,PHI,CHA,-14.0,213.0,113.5,30,28.3,37.8,44.5,SF/PF,7000,1,22.0,17.0,103,108,13%,13,15,15,34,35,36,37.8,38.2,31.2,45.2,29.4,34.3,4.9,35.5,5.07,35.6,35.0,5.1,35.55,5.085,35.0,14.333333333333334,37.589999999999996,36.86666666666667,35.55
19,3,Marcus Morris,0.0,NY,CLE,-2.0,215.5,108.8,7,24.3,39.1,50.8,SF/PF,6500,1,0.0,0.0,103,108,-11%,18,16,14,37,36,35,39.0,32.6,20.0,45.3,31.5,17.0,2.6,30.3,4.65,32.4,35.0,5.0,31.35,4.825,36.0,16.0,33.64999999999999,38.06666666666667,30.479166666666668
19,4,Michael Carter-Williams,0.0,ORL,IND,-4.5,202.0,103.3,7,6.3,18.4,34.3,PG,4100,1,17.0,15.0,102,102,-9%,8,5,5,24,17,17,18.4,16.5,6.1,27.0,20.5,12.5,3.0,12.5,3.05,11.9,12.5,2.9,12.2,2.9749999999999996,19.333333333333332,6.0,16.04,19.666666666666668,7.887931034482759
19,5,Kevin Huerter,0.0,ATL,POR,9.0,225.5,108.3,18,14.0,20.5,28.8,SG/SF,4600,1,19.0,12.0,106,108,1%,10,9,7,27,25,22,20.5,18.9,13.5,24.4,30.9,23.8,5.2,23.8,5.16,24.7,30.0,5.4,24.25,5.28,24.666666666666668,8.666666666666666,20.31,21.099999999999998,29.493243243243242
19,6,Damian Jones,0.0,ATL,POR,9.0,225.5,108.3,3,5.8,9.7,16.8,C,3000,1,11.0,12.0,106,108,19%,4,3,2,15,14,13,9.7,8.5,4.5,12.5,24.1,22.3,7.4,13.3,4.42,12.5,15.5,4.2,12.9,4.3100000000000005,14.0,3.0,9.620000000000001,10.766666666666666,14.282142857142858
19,7,Cody Martin,0.0,CHA,PHI,14.0,213.0,99.5,15,2.0,13.2,19.8,PG/SF,3200,0,10.0,13.0,107,101,-16%,6,3,2,19,16,13,13.2,10.4,1.8,19.0,10.7,5.5,1.7,14.0,4.38,8.1,10.5,2.5,11.05,3.44,16.0,3.6666666666666665,11.09,11.666666666666666,7.2515625
22,0,Jevon Carter,0.0,PHO,BKN,-3.0,231.0,117.0,19,1.3,11.3,28.5,PG/SG,3000,2,16.0,9.0,109,107,17%,3,4,5,13,16,19,11.3,14.1,4.4,23.8,5.4,5.3,1.8,13.3,4.42,10.0,13.0,3.3,11.65,3.86,16.0,4.0,13.05,13.700000000000001,9.465625000000001
22,1,Dennis Schroder,0.0,OKC,MIL,8.5,220.0,105.8,4,9.8,26.5,35.5,PG/SG,5300,0,26.0,12.0,109,100,10%,12,14,13,30,30,29,26.4,28.8,16.5,41.0,29.7,45.5,8.6,29.0,5.47,27.5,28.5,5.2,28.25,5.335,29.666666666666668,13.0,28.189999999999998,23.933333333333334,27.139044943820224
22,2,Jakarr Sampson,0.0,IND,ORL,4.5,202.0,98.8,6,7.3,15.7,29.0,SF/PF,4000,1,16.0,13.0,100,98,-9%,9,7,7,26,20,20,15.7,15.7,7.3,24.0,23.9,5.3,1.3,18.5,4.63,19.2,25.5,4.8,18.85,4.715,22.0,7.666666666666667,16.31,17.333333333333332,21.84886363636364
22,3,Kentavious Caldwell-Pope,0.0,LAL,TOR,-10.5,210.5,110.5,25,3.0,14.6,26.5,SG/SF,3500,1,15.0,6.0,106,100,-4%,7,8,7,20,23,23,14.6,13.3,6.1,20.6,4.2,1.3,0.4,15.3,4.36,12.7,18.5,3.6,14.0,3.9800000000000004,22.0,7.333333333333333,13.719999999999999,14.700000000000001,11.772727272727273
22,4,Hamidou Diallo,0.0,OKC,MIL,8.5,220.0,105.8,8,18.3,23.3,31.5,SG/SF,4200,0,21.0,15.0,109,100,6%,8,9,8,28,25,22,23.3,19.6,13.5,25.7,21.6,15.5,3.7,18.8,4.46,20.2,24.5,4.8,19.5,4.63,25.0,8.333333333333334,20.32,24.366666666666664,19.11
22,5,Mikal Bridges,0.0,PHO,BKN,-3.0,231.0,117.0,26,4.8,14.4,27.5,SG/SF,3300,2,11.0,10.0,109,107,-21%,6,4,4,23,19,20,14.4,13.4,6.5,20.3,26.4,21.5,6.5,15.0,4.55,15.0,21.0,4.5,15.0,4.525,20.666666666666668,4.666666666666667,13.919999999999998,15.566666666666668,15.241935483870966
22,6,Julius Randle,0.0,NY,CLE,-2.0,215.5,108.8,30,19.3,31.1,41.0,PF/C,7300,1,26.0,13.0,103,108,-11%,16,13,13,34,33,34,31.1,34.1,23.8,44.3,31.5,41.5,5.7,39.8,5.45,40.1,35.0,5.5,39.95,5.475,33.666666666666664,14.0,34.65,30.46666666666667,41.53217821782179
22,7,Raul Neto,0.0,PHI,CHA,-14.0,213.0,113.5,5,1.3,14.1,27.0,PG,4500,1,18.0,15.0,103,108,1%,9,5,4,30,16,13,14.1,11.1,0.2,22.1,28.7,17.8,4.0,24.8,5.5,25.8,29.0,5.7,25.3,5.6,19.666666666666668,6.0,14.559999999999999,14.133333333333333,37.30677966101695
23,0,Devonte' Graham,0.0,CHA,PHI,14.0,213.0,99.5,15,18.0,38.7,56.0,PG/SG,6700,0,25.0,20.0,107,101,4%,14,13,12,31,33,31,38.7,36.3,23.7,48.8,33.6,38.5,5.7,33.0,4.93,29.1,31.0,4.3,31.05,4.615,31.666666666666668,13.0,35.71,37.56666666666667,30.396315789473686
23,1,Damyean Dotson,0.0,NY,CLE,-2.0,215.5,108.8,27,-0.5,3.3,7.0,SG/SF,3000,1,0.0,0.0,103,108,7%,2,1,1,5,6,6,3.3,3.3,0.5,6.0,21.3,17.8,5.9,2.8,0.92,0.0,0.0,0.0,1.4,0.46,5.666666666666667,1.3333333333333333,2.9,3.266666666666667,0.0
23,2,Marvin Williams,0.0,CHA,PHI,14.0,213.0,99.5,11,4.8,14.0,19.8,SF/PF,3200,0,14.0,15.0,107,101,-16%,5,5,5,17,19,18,13.9,12.0,4.2,19.9,15.1,4.5,1.4,13.8,4.3,12.6,17.0,3.9,13.2,4.1,18.0,5.0,12.64,12.866666666666667,12.466666666666665
23,3,Khris Middleton,0.0,MIL,OKC,-8.5,220.0,114.3,19,22.8,30.9,42.3,SG/SF,6400,1,24.0,17.0,103,100,-5%,18,14,15,35,30,32,30.9,32.9,25.2,40.6,22.5,23.5,3.7,32.8,5.12,34.2,33.0,5.3,33.5,5.21,32.333333333333336,15.666666666666666,32.62,32.0,34.19072164948453
23,4,Raul Neto,0.0,PHI,CHA,-14.0,213.0,113.5,5,1.3,14.1,27.0,PG,4500,1,18.0,15.0,103,108,1%,9,5,4,30,16,13,14.1,11.1,0.2,22.1,28.7,17.8,4.0,24.8,5.5,25.8,29.0,5.7,25.3,5.6,19.666666666666668,6.0,14.559999999999999,14.133333333333333,37.30677966101695
23,5,TJ Leaf,0.0,IND,ORL,4.5,202.0,98.8,8,5.3,13.2,38.3,PF/C,3500,1,18.0,11.0,100,98,6%,2,5,4,12,13,12,13.2,11.2,-1.2,23.5,10.5,9.0,2.6,15.8,4.5,9.2,10.5,2.6,12.5,3.55,12.333333333333334,3.6666666666666665,11.84,18.933333333333334,10.641891891891891
23,6,Domantas Sabonis,0.0,IND,ORL,4.5,202.0,98.8,8,41.5,47.3,50.3,PF/C,8300,1,24.0,22.0,100,98,-15%,13,15,15,33,36,35,46.9,43.7,34.9,52.6,37.5,56.0,6.7,41.8,5.03,43.1,36.0,5.2,42.45,5.115,34.666666666666664,14.333333333333334,44.11,46.36666666666667,44.08269230769231
23,7,Troy Daniels,0.0,LAL,TOR,-10.5,210.5,110.5,25,1.5,6.3,10.5,SG,3000,1,16.0,7.0,106,100,-4%,4,4,5,13,14,15,6.3,8.6,2.2,14.9,17.3,19.5,6.5,8.5,2.83,6.6,10.5,2.2,7.55,2.515,14.0,4.333333333333333,7.909999999999999,6.1000000000000005,5.6625
24,0,Anfernee Simons,0.0,POR,ATL,-9.0,225.5,117.3,14,12.8,21.0,26.0,PG/SG,4100,1,21.0,16.0,103,104,18%,14,10,8,31,22,20,21.0,16.8,9.2,24.4,24.2,31.3,7.6,15.0,3.66,25.1,28.5,6.1,20.05,4.88,24.333333333333332,10.666666666666666,18.29,19.933333333333334,23.483219178082194
24,1,RJ Barrett,0.0,NY,CLE,-2.0,215.5,108.8,28,14.0,28.0,37.5,PG/SG,6300,1,25.0,12.0,103,108,-11%,11,14,15,34,36,37,27.8,32.6,22.3,42.9,24.3,12.8,2.0,32.5,5.16,35.5,35.5,5.6,34.0,5.38,35.666666666666664,13.333333333333334,31.920000000000005,26.5,33.84112149532711
24,2,Jarrett Allen,0.0,BKN,PHO,3.0,231.0,114.0,12,15.8,26.6,36.8,PF/C,6100,1,13.0,17.0,106,101,2%,8,6,6,33,27,28,26.6,27.2,20.0,34.5,11.9,5.5,0.9,27.0,4.43,25.9,25.5,4.2,26.45,4.3149999999999995,29.333333333333332,6.666666666666667,26.95,26.400000000000002,22.99346590909091
24,3,Marcus Morris,0.0,NY,CLE,-2.0,215.5,108.8,7,24.3,39.1,50.8,SF/PF,6500,1,0.0,0.0,103,108,-11%,18,16,14,37,36,35,39.0,32.6,20.0,45.3,31.5,17.0,2.6,30.3,4.65,32.4,35.0,5.0,31.35,4.825,36.0,16.0,33.64999999999999,38.06666666666667,30.479166666666668
24,4,Collin Sexton,0.0,CLE,NY,2.0,215.5,106.8,8,20.5,25.3,32.8,PG/SG,5300,1,25.0,12.0,101,109,-7%,17,16,16,33,32,31,25.6,25.2,20.4,29.9,30.4,42.5,8.0,23.5,4.43,25.1,30.5,4.7,24.3,4.5649999999999995,32.0,16.333333333333332,25.08,26.2,23.1609375
24,5,Terrance Ferguson,0.0,OKC,MIL,8.5,220.0,105.8,8,0.0,8.5,14.0,SG/SF,3100,0,7.0,5.0,109,100,6%,5,3,3,21,21,22,8.8,9.5,3.2,15.8,24.1,10.3,3.3,13.5,4.35,10.7,22.0,3.5,12.1,3.925,21.333333333333332,3.6666666666666665,9.88,7.5,12.478125000000002
24,6,Bismack Biyombo,0.0,CHA,PHI,14.0,213.0,99.5,28,-0.5,13.1,28.0,C,3200,0,20.0,22.0,107,101,-3%,5,4,4,13,13,13,13.1,12.1,2.3,22.0,13.0,11.8,3.7,12.5,3.91,8.6,10.5,2.7,10.55,3.305,13.0,4.333333333333333,12.01,13.533333333333333,8.521153846153846
24,7,Pascal Siakam,0.0,TOR,LAL,10.5,210.5,100.0,10,26.3,45.7,64.5,PF/C,9400,1,30.0,25.0,103,95,-28%,21,19,20,38,35,35,45.7,46.8,32.6,60.9,42.2,52.3,5.6,41.8,4.44,45.0,37.0,4.8,43.4,4.62,36.0,20.0,45.88,45.5,44.605555555555554
25,0,T.J. McConnell,0.0,IND,ORL,4.5,202.0,98.8,6,8.3,18.9,38.8,PG,4200,1,21.0,17.0,100,98,-10%,8,6,5,18,17,16,18.9,16.6,7.6,25.6,19.7,29.8,7.1,15.5,3.69,15.2,18.5,3.6,15.35,3.645,17.0,6.333333333333333,16.81,22.0,16.70441176470588
25,1,Dennis Schroder,0.0,OKC,MIL,8.5,220.0,105.8,4,9.8,26.5,35.5,PG/SG,5300,0,26.0,12.0,109,100,10%,12,14,13,30,30,29,26.4,28.8,16.5,41.0,29.7,45.5,8.6,29.0,5.47,27.5,28.5,5.2,28.25,5.335,29.666666666666668,13.0,28.189999999999998,23.933333333333334,27.139044943820224
25,2,Darius Bazley,0.0,OKC,MIL,8.5,220.0,105.8,16,1.5,14.6,26.3,SF/PF,3300,0,14.0,8.0,109,100,-15%,4,6,4,17,18,18,14.6,12.5,4.1,20.9,18.2,9.5,2.9,12.0,3.64,14.8,20.0,4.5,13.4,4.07,17.666666666666668,4.666666666666667,13.1,14.133333333333335,15.169811320754716
25,3,Wesley Matthews,0.0,MIL,OKC,-8.5,220.0,114.3,19,1.3,6.0,15.0,SG/SF,3200,1,11.0,9.0,103,100,-3%,2,3,6,20,18,23,6.0,12.6,3.0,22.2,31.9,14.0,4.4,16.8,5.23,14.2,22.5,4.4,15.5,4.815,20.333333333333332,3.6666666666666665,11.86,7.433333333333334,17.151639344262296
25,4,Anfernee Simons,0.0,POR,ATL,-9.0,225.5,117.3,14,12.8,21.0,26.0,PG/SG,4100,1,21.0,16.0,103,104,18%,14,10,8,31,22,20,21.0,16.8,9.2,24.4,24.2,31.3,7.6,15.0,3.66,25.1,28.5,6.1,20.05,4.88,24.333333333333332,10.666666666666666,18.29,19.933333333333334,23.483219178082194
25,5,Bobby Portis,0.0,NY,CLE,-2.0,215.5,108.8,30,10.8,21.4,34.0,PF/C,5800,1,21.0,14.0,103,108,-11%,11,11,10,23,23,24,21.4,24.1,10.0,38.2,28.6,29.8,5.1,27.3,4.7,25.6,24.5,4.4,26.450000000000003,4.550000000000001,23.333333333333332,10.666666666666666,24.03,22.066666666666666,27.7725
25,6,Jarrett Allen,0.0,BKN,PHO,3.0,231.0,114.0,12,15.8,26.6,36.8,PF/C,6100,1,13.0,17.0,106,101,2%,8,6,6,33,27,28,26.6,27.2,20.0,34.5,11.9,5.5,0.9,27.0,4.43,25.9,25.5,4.2,26.45,4.3149999999999995,29.333333333333332,6.666666666666667,26.95,26.400000000000002,22.99346590909091
25,7,LeBron James,0.0,LAL,TOR,-10.5,210.5,110.5,11,37.5,59.4,91.0,PG/SF,10300,1,34.0,29.0,106,100,-1%,19,20,19,36,36,35,60.3,56.4,37.8,75.0,35.3,57.3,5.6,55.3,5.36,57.1,35.0,5.5,56.2,5.43,35.666666666666664,19.333333333333332,57.14,62.63333333333333,55.14953271028038
26,0,George Hill,0.0,MIL,OKC,-8.5,220.0,114.3,25,9.8,17.3,32.8,PG/SG,3900,1,15.0,20.0,103,100,0%,8,6,7,23,21,23,17.3,20.8,11.3,30.3,23.4,21.3,5.5,17.3,4.42,16.2,20.5,4.2,16.75,4.3100000000000005,22.333333333333332,7.0,19.29,19.966666666666665,15.375
26,1,Tyrone Wallace,0.0,ATL,POR,9.0,225.5,108.3,17,3.3,9.0,17.3,PG/SG,3000,1,20.0,8.0,106,108,1%,3,4,4,12,13,13,9.0,9.0,2.4,15.6,16.9,8.0,2.7,13.3,4.42,7.9,10.5,2.6,10.600000000000001,3.51,12.666666666666666,3.6666666666666665,9.32,9.866666666666667,8.78684210526316
26,2,Anthony Davis,0.0,LAL,TOR,-10.5,210.5,110.5,11,35.3,52.9,73.5,PF/C,9900,1,31.0,29.0,106,100,20%,16,19,19,33,35,35,52.9,52.5,41.4,63.7,37.7,52.0,5.3,55.0,5.56,54.6,35.0,5.5,54.8,5.529999999999999,34.333333333333336,18.0,53.06,53.9,55.86407766990291
26,3,Kent Bazemore,0.0,POR,ATL,-9.0,225.5,117.3,29,9.3,17.8,23.5,SG/SF,3600,1,17.0,8.0,103,104,18%,5,7,7,16,20,23,17.8,18.6,12.5,24.6,33.6,31.5,8.8,19.3,5.35,22.3,25.0,6.2,20.8,5.775,19.666666666666668,6.333333333333333,18.86,16.866666666666667,26.440677966101696
26,4,Allonzo Trier,0.0,NY,CLE,-2.0,215.5,108.8,28,4.3,15.3,32.3,PG/SG,3000,1,22.0,11.0,103,108,6%,3,5,5,10,18,16,15.3,12.7,0.1,25.2,16.0,19.3,6.4,13.8,4.58,13.9,17.0,4.6,13.850000000000001,4.59,14.666666666666666,4.333333333333333,13.430000000000001,17.3,16.053409090909092
26,5,Mikal Bridges,0.0,PHO,BKN,-3.0,231.0,117.0,26,4.8,14.4,27.5,SG/SF,3300,2,11.0,10.0,109,107,-21%,6,4,4,23,19,20,14.4,13.4,6.5,20.3,26.4,21.5,6.5,15.0,4.55,15.0,21.0,4.5,15.0,4.525,20.666666666666668,4.666666666666667,13.919999999999998,15.566666666666668,15.241935483870966
26,6,Ersan Ilyasova,0.0,MIL,OKC,-8.5,220.0,114.3,13,1.5,13.3,21.3,PF/C,3200,1,16.0,13.0,103,100,-18%,3,5,5,11,15,17,13.3,16.4,8.4,24.4,16.4,9.0,2.8,12.8,3.98,12.2,14.5,3.8,12.5,3.8899999999999997,14.333333333333334,4.333333333333333,15.0,12.033333333333333,12.645348837209303
26,7,Devin Booker,0.0,PHO,BKN,-3.0,231.0,117.0,19,24.3,36.8,51.5,PG/SG,7900,2,29.0,21.0,109,107,1%,16,16,18,34,33,35,36.6,38.8,28.6,49.0,32.4,44.0,5.6,44.0,5.57,41.1,33.5,5.2,42.55,5.385,34.0,16.666666666666668,39.11,37.53333333333333,41.92426470588235
27,0,Dennis Schroder,0.0,OKC,MIL,8.5,220.0,105.8,4,9.8,26.5,35.5,PG/SG,5300,0,26.0,12.0,109,100,10%,12,14,13,30,30,29,26.4,28.8,16.5,41.0,29.7,45.5,8.6,29.0,5.47,27.5,28.5,5.2,28.25,5.335,29.666666666666668,13.0,28.189999999999998,23.933333333333334,27.139044943820224
27,1,Mikal Bridges,0.0,PHO,BKN,-3.0,231.0,117.0,26,4.8,14.4,27.5,SG/SF,3300,2,11.0,10.0,109,107,-21%,6,4,4,23,19,20,14.4,13.4,6.5,20.3,26.4,21.5,6.5,15.0,4.55,15.0,21.0,4.5,15.0,4.525,20.666666666666668,4.666666666666667,13.919999999999998,15.566666666666668,15.241935483870966
27,2,Cheick Diallo,0.0,PHO,BKN,-3.0,231.0,117.0,6,-0.5,6.3,26.5,PF/C,3000,2,0.0,0.0,109,107,1%,1,1,1,2,2,2,1.3,1.3,-0.6,3.1,3.6,5.8,1.9,5.0,1.67,0.0,0.0,0.0,2.5,0.835,2.0,1.0,1.52,10.766666666666666,0.0
27,3,Evan Fournier,0.0,ORL,IND,-4.5,202.0,103.3,20,10.5,22.5,39.8,SG/SF,5500,1,24.0,15.0,102,102,-31%,9,10,12,27,27,28,22.5,24.8,16.0,33.7,30.4,39.3,7.1,23.0,4.18,24.0,29.0,4.4,23.5,4.29,27.333333333333332,10.333333333333334,24.1,24.266666666666666,24.932926829268293
27,4,RJ Barrett,0.0,NY,CLE,-2.0,215.5,108.8,28,14.0,28.0,37.5,PG/SG,6300,1,25.0,12.0,103,108,-11%,11,14,15,34,36,37,27.8,32.6,22.3,42.9,24.3,12.8,2.0,32.5,5.16,35.5,35.5,5.6,34.0,5.38,35.666666666666664,13.333333333333334,31.920000000000005,26.5,33.84112149532711
27,5,Kyle O'Quinn,0.0,PHI,CHA,-14.0,213.0,113.5,7,1.3,12.6,25.3,PF/C,3100,1,21.0,20.0,103,108,9%,5,4,4,11,10,10,12.6,11.7,4.1,19.3,8.0,1.8,0.6,8.0,2.58,0.0,0.0,0.0,4.0,1.29,10.333333333333334,4.333333333333333,10.34,13.066666666666668,0.0
27,6,Aron Baynes,0.0,PHO,BKN,-3.0,231.0,117.0,23,18.3,35.7,59.5,C,6000,2,22.0,25.0,109,107,13%,13,12,10,30,28,25,35.5,31.1,16.5,45.8,17.6,30.8,5.1,30.0,5.0,33.5,28.0,5.6,31.75,5.3,27.666666666666668,11.666666666666666,32.129999999999995,37.833333333333336,32.13253012048193
27,7,Josh Richardson,0.0,PHI,CHA,-14.0,213.0,113.5,16,17.8,27.7,41.5,SG/SF,5500,1,20.0,11.0,103,108,13%,12,12,12,33,35,34,27.6,28.0,20.1,35.8,32.5,30.8,5.6,31.5,5.73,29.0,34.0,5.3,30.25,5.515000000000001,34.0,12.0,28.35,29.0,30.25
28,0,Aaron Holiday,0.0,IND,ORL,4.5,202.0,98.8,6,5.5,17.8,23.5,PG/SG,4700,1,19.0,9.0,100,98,-10%,9,7,7,30,21,19,17.8,14.6,6.4,22.8,26.6,19.8,4.2,22.8,4.84,21.7,29.5,4.6,22.25,4.72,23.333333333333332,7.666666666666667,16.77,15.6,28.130357142857143
28,1,Danny Green,0.0,LAL,TOR,-10.5,210.5,110.5,25,5.8,14.6,21.0,SG/SF,4000,1,15.0,12.0,106,100,-4%,6,6,8,25,25,27,14.6,19.6,7.3,31.8,27.2,10.3,2.6,20.5,5.13,19.2,26.0,4.8,19.85,4.965,25.666666666666668,6.666666666666667,18.630000000000003,13.799999999999999,20.107792207792208
28,2,Jakarr Sampson,0.0,IND,ORL,4.5,202.0,98.8,6,7.3,15.7,29.0,SF/PF,4000,1,16.0,13.0,100,98,-9%,9,7,7,26,20,20,15.7,15.7,7.3,24.0,23.9,5.3,1.3,18.5,4.63,19.2,25.5,4.8,18.85,4.715,22.0,7.666666666666667,16.31,17.333333333333332,21.84886363636364
28,3,Joe Harris,0.0,BKN,PHO,3.0,231.0,114.0,22,15.5,26.7,36.3,SG/SF,5100,1,15.0,14.0,106,101,-1%,13,11,11,32,32,33,26.6,25.2,18.8,31.6,21.8,11.0,2.2,25.0,4.9,22.6,31.5,4.4,23.8,4.65,32.333333333333336,11.666666666666666,25.2,26.166666666666668,23.186597938144327
28,4,Anfernee Simons,0.0,POR,ATL,-9.0,225.5,117.3,14,12.8,21.0,26.0,PG/SG,4100,1,21.0,16.0,103,104,18%,14,10,8,31,22,20,21.0,16.8,9.2,24.4,24.2,31.3,7.6,15.0,3.66,25.1,28.5,6.1,20.05,4.88,24.333333333333332,10.666666666666666,18.29,19.933333333333334,23.483219178082194
28,5,Al Horford,0.0,PHI,CHA,-14.0,213.0,113.5,7,21.0,38.6,51.8,PF/C,6200,1,22.0,19.0,103,108,14%,13,16,15,30,32,32,38.6,36.5,25.3,47.7,26.8,32.3,5.2,35.3,5.69,34.7,30.5,5.6,35.0,5.645,31.333333333333332,14.666666666666666,36.62,37.13333333333333,34.069148936170215
28,6,Taj Gibson,0.0,NY,CLE,-2.0,215.5,108.8,30,2.0,10.7,25.0,PF/C,4000,1,14.0,11.0,103,108,-11%,5,3,3,25,14,14,10.7,10.1,1.8,18.5,17.1,15.8,4.0,18.0,4.5,22.5,25.5,5.6,20.25,5.05,17.666666666666668,3.6666666666666665,12.27,12.566666666666668,29.228773584905657
28,7,Cody Zeller,0.0,CHA,PHI,14.0,213.0,99.5,28,9.3,21.9,38.3,C,4900,0,20.0,19.0,107,101,-3%,7,8,9,24,24,26,21.9,28.4,15.0,41.8,27.0,35.3,7.2,23.3,4.74,24.7,25.0,5.0,24.0,4.87,24.666666666666668,8.0,26.22,23.166666666666668,24.324324324324323
29,0,DeAndre' Bembry,0.0,ATL,POR,9.0,225.5,108.3,17,13.3,23.3,46.0,PG/SG,4000,1,19.0,15.0,106,108,10%,5,7,7,25,25,24,23.3,21.4,11.1,31.7,40.0,19.8,5.0,24.3,6.06,19.8,22.5,5.0,22.05,5.529999999999999,24.666666666666668,6.333333333333333,21.91,27.53333333333333,20.113175675675677
29,1,Sterling Brown,0.0,MIL,OKC,-8.5,220.0,114.3,19,1.3,13.9,25.3,SG/SF,3400,1,15.0,17.0,103,100,-3%,4,3,3,13,12,11,12.9,11.5,0.1,22.9,18.2,20.8,6.1,16.0,4.71,14.3,19.0,4.2,15.15,4.455,12.0,3.3333333333333335,12.51,13.5,23.9875
29,2,T.J. Warren,0.0,IND,ORL,4.5,202.0,98.8,6,6.8,30.0,48.5,SF/PF,5800,1,21.0,15.0,100,98,-9%,16,15,15,32,34,35,30.0,27.1,13.3,40.9,34.8,26.5,4.6,28.3,4.87,26.7,33.5,4.6,27.5,4.734999999999999,33.666666666666664,15.333333333333334,27.76,28.433333333333334,27.363861386138616
29,3,Mike Scott,0.0,PHI,CHA,-14.0,213.0,113.5,30,7.5,11.4,14.5,SF/PF,3100,1,14.0,12.0,103,108,14%,4,5,5,19,18,17,11.4,12.3,5.5,19.0,21.1,17.3,5.6,14.0,4.52,12.2,17.0,3.9,13.1,4.21,18.0,4.666666666666667,12.260000000000002,11.133333333333333,12.372222222222222
29,4,Avery Bradley,0.0,LAL,TOR,-10.5,210.5,110.5,11,10.8,19.8,24.3,PG/SG,3700,1,16.0,11.0,106,100,-4%,9,9,9,26,28,27,19.8,18.9,13.4,24.4,31.4,24.0,6.5,16.8,4.53,16.6,26.0,4.5,16.700000000000003,4.515000000000001,27.0,9.0,18.64,18.3,16.081481481481482
29,5,Evan Fournier,0.0,ORL,IND,-4.5,202.0,103.3,20,10.5,22.5,39.8,SG/SF,5500,1,24.0,15.0,102,102,-31%,9,10,12,27,27,28,22.5,24.8,16.0,33.7,30.4,39.3,7.1,23.0,4.18,24.0,29.0,4.4,23.5,4.29,27.333333333333332,10.333333333333334,24.1,24.266666666666666,24.932926829268293
29,6,Jarrett Allen,0.0,BKN,PHO,3.0,231.0,114.0,12,15.8,26.6,36.8,PF/C,6100,1,13.0,17.0,106,101,2%,8,6,6,33,27,28,26.6,27.2,20.0,34.5,11.9,5.5,0.9,27.0,4.43,25.9,25.5,4.2,26.45,4.3149999999999995,29.333333333333332,6.666666666666667,26.95,26.400000000000002,22.99346590909091
29,7,Matthew Dellavedova,0.0,CLE,NY,2.0,215.5,106.8,8,4.3,8.8,12.3,PG/SG,3000,1,17.0,5.0,101,109,-7%,5,4,4,12,15,16,9.2,9.8,6.2,13.3,11.9,10.5,3.5,13.0,4.33,10.1,14.5,3.4,11.55,3.865,14.333333333333334,4.333333333333333,10.01,8.466666666666667,11.684302325581395
31,0,Avery Bradley,0.0,LAL,TOR,-10.5,210.5,110.5,11,10.8,19.8,24.3,PG/SG,3700,1,16.0,11.0,106,100,-4%,9,9,9,26,28,27,19.8,18.9,13.4,24.4,31.4,24.0,6.5,16.8,4.53,16.6,26.0,4.5,16.700000000000003,4.515000000000001,27.0,9.0,18.64,18.3,16.081481481481482
31,1,Aaron Holiday,0.0,IND,ORL,4.5,202.0,98.8,6,5.5,17.8,23.5,PG/SG,4700,1,19.0,9.0,100,98,-10%,9,7,7,30,21,19,17.8,14.6,6.4,22.8,26.6,19.8,4.2,22.8,4.84,21.7,29.5,4.6,22.25,4.72,23.333333333333332,7.666666666666667,16.77,15.6,28.130357142857143
31,2,Dzanan Musa,0.0,BKN,PHO,3.0,231.0,114.0,17,-1.0,1.8,5.0,SF/PF,3000,1,0.0,0.0,106,101,-8%,2,1,1,5,4,4,0.8,0.8,-1.5,3.0,20.9,18.5,6.2,4.0,1.33,0.0,0.0,0.0,2.0,0.665,4.333333333333333,1.3333333333333333,1.02,1.9333333333333333,0.0
31,3,Josh Richardson,0.0,PHI,CHA,-14.0,213.0,113.5,16,17.8,27.7,41.5,SG/SF,5500,1,20.0,11.0,103,108,13%,12,12,12,33,35,34,27.6,28.0,20.1,35.8,32.5,30.8,5.6,31.5,5.73,29.0,34.0,5.3,30.25,5.515000000000001,34.0,12.0,28.35,29.0,30.25
31,4,Anfernee Simons,0.0,POR,ATL,-9.0,225.5,117.3,14,12.8,21.0,26.0,PG/SG,4100,1,21.0,16.0,103,104,18%,14,10,8,31,22,20,21.0,16.8,9.2,24.4,24.2,31.3,7.6,15.0,3.66,25.1,28.5,6.1,20.05,4.88,24.333333333333332,10.666666666666666,18.29,19.933333333333334,23.483219178082194
31,5,PJ Washington,0.0,CHA,PHI,14.0,213.0,99.5,4,24.3,27.6,38.5,PF/C,5600,0,17.0,15.0,107,101,-16%,9,9,10,26,29,31,27.9,27.7,21.1,34.3,36.9,29.5,5.3,27.0,4.82,26.5,31.0,4.7,26.75,4.76,28.666666666666668,9.333333333333334,27.55,30.133333333333336,28.927325581395348
31,6,Larry Nance Jr.,0.0,CLE,NY,2.0,215.5,106.8,27,14.0,17.9,21.8,PF/C,4500,1,16.0,16.0,101,109,3%,4,6,7,18,24,24,17.9,21.1,14.5,27.7,26.2,27.3,6.1,20.8,4.61,24.3,25.0,5.4,22.55,5.005000000000001,22.0,5.666666666666667,20.75,17.900000000000002,25.625000000000004
31,7,Wesley Matthews,0.0,MIL,OKC,-8.5,220.0,114.3,19,1.3,6.0,15.0,SG/SF,3200,1,11.0,9.0,103,100,-3%,2,3,6,20,18,23,6.0,12.6,3.0,22.2,31.9,14.0,4.4,16.8,5.23,14.2,22.5,4.4,15.5,4.815,20.333333333333332,3.6666666666666665,11.86,7.433333333333334,17.151639344262296
32,0,Devin Booker,0.0,PHO,BKN,-3.0,231.0,117.0,19,24.3,36.8,51.5,PG/SG,7900,2,29.0,21.0,109,107,1%,16,16,18,34,33,35,36.6,38.8,28.6,49.0,32.4,44.0,5.6,44.0,5.57,41.1,33.5,5.2,42.55,5.385,34.0,16.666666666666668,39.11,37.53333333333333,41.92426470588235
32,1,Garrett Temple,0.0,BKN,PHO,3.0,231.0,114.0,22,6.8,20.0,39.3,SG/SF,3900,1,13.0,15.0,106,101,-8%,7,6,5,23,22,21,19.9,16.8,5.9,27.8,21.0,16.8,4.3,14.0,3.59,15.4,23.5,3.9,14.7,3.745,22.0,6.0,17.020000000000003,22.03333333333333,15.702272727272724
32,2,Tobias Harris,0.0,PHI,CHA,-14.0,213.0,113.5,30,28.3,37.8,44.5,SF/PF,7000,1,22.0,17.0,103,108,13%,13,15,15,34,35,36,37.8,38.2,31.2,45.2,29.4,34.3,4.9,35.5,5.07,35.6,35.0,5.1,35.55,5.085,35.0,14.333333333333334,37.589999999999996,36.86666666666667,35.55
32,3,Danny Green,0.0,LAL,TOR,-10.5,210.5,110.5,25,5.8,14.6,21.0,SG/SF,4000,1,15.0,12.0,106,100,-4%,6,6,8,25,25,27,14.6,19.6,7.3,31.8,27.2,10.3,2.6,20.5,5.13,19.2,26.0,4.8,19.85,4.965,25.666666666666668,6.666666666666667,18.630000000000003,13.799999999999999,20.107792207792208
32,4,Cody Martin,0.0,CHA,PHI,14.0,213.0,99.5,15,2.0,13.2,19.8,PG/SF,3200,0,10.0,13.0,107,101,-16%,6,3,2,19,16,13,13.2,10.4,1.8,19.0,10.7,5.5,1.7,14.0,4.38,8.1,10.5,2.5,11.05,3.44,16.0,3.6666666666666665,11.09,11.666666666666666,7.2515625
32,5,Anthony Davis,0.0,LAL,TOR,-10.5,210.5,110.5,11,35.3,52.9,73.5,PF/C,9900,1,31.0,29.0,106,100,20%,16,19,19,33,35,35,52.9,52.5,41.4,63.7,37.7,52.0,5.3,55.0,5.56,54.6,35.0,5.5,54.8,5.529999999999999,34.333333333333336,18.0,53.06,53.9,55.86407766990291
32,6,Taj Gibson,0.0,NY,CLE,-2.0,215.5,108.8,30,2.0,10.7,25.0,PF/C,4000,1,14.0,11.0,103,108,-11%,5,3,3,25,14,14,10.7,10.1,1.8,18.5,17.1,15.8,4.0,18.0,4.5,22.5,25.5,5.6,20.25,5.05,17.666666666666668,3.6666666666666665,12.27,12.566666666666668,29.228773584905657
32,7,Cameron Johnson,0.0,PHO,BKN,-3.0,231.0,117.0,26,2.0,9.9,17.8,SF/PF,3100,2,16.0,10.0,109,107,17%,4,5,5,14,15,14,9.7,9.3,4.2,14.4,19.6,32.5,10.5,13.8,4.44,8.9,12.5,2.9,11.350000000000001,3.67,14.333333333333334,4.666666666666667,9.790000000000001,9.9,9.89825581395349
33,0,T.J. McConnell,0.0,IND,ORL,4.5,202.0,98.8,6,8.3,18.9,38.8,PG,4200,1,21.0,17.0,100,98,-10%,8,6,5,18,17,16,18.9,16.6,7.6,25.6,19.7,29.8,7.1,15.5,3.69,15.2,18.5,3.6,15.35,3.645,17.0,6.333333333333333,16.81,22.0,16.70441176470588
33,1,Dwayne Bacon,0.0,CHA,PHI,14.0,213.0,99.5,21,-0.5,17.4,39.5,SG/SF,4000,0,23.0,7.0,107,101,-2%,10,10,12,24,25,26,17.4,19.5,6.8,32.2,16.5,1.8,0.5,18.5,4.63,17.8,24.0,4.5,18.15,4.5649999999999995,25.0,10.666666666666666,18.809999999999995,18.8,17.424
33,2,Mike Scott,0.0,PHI,CHA,-14.0,213.0,113.5,30,7.5,11.4,14.5,SF/PF,3100,1,14.0,12.0,103,108,14%,4,5,5,19,18,17,11.4,12.3,5.5,19.0,21.1,17.3,5.6,14.0,4.52,12.2,17.0,3.9,13.1,4.21,18.0,4.666666666666667,12.260000000000002,11.133333333333333,12.372222222222222
33,3,Sterling Brown,0.0,MIL,OKC,-8.5,220.0,114.3,19,1.3,13.9,25.3,SG/SF,3400,1,15.0,17.0,103,100,-3%,4,3,3,13,12,11,12.9,11.5,0.1,22.9,18.2,20.8,6.1,16.0,4.71,14.3,19.0,4.2,15.15,4.455,12.0,3.3333333333333335,12.51,13.5,23.9875
33,4,Quinn Cook,0.0,LAL,TOR,-10.5,210.5,110.5,11,0.0,9.6,30.0,PG,3200,1,19.0,10.0,106,100,-4%,7,5,6,20,14,17,9.6,11.7,-0.2,23.5,12.0,14.8,4.6,9.5,2.97,8.6,11.0,2.7,9.05,2.835,17.0,6.0,10.729999999999999,13.200000000000001,5.855882352941176
33,5,Marvin Williams,0.0,CHA,PHI,14.0,213.0,99.5,11,4.8,14.0,19.8,SF/PF,3200,0,14.0,15.0,107,101,-16%,5,5,5,17,19,18,13.9,12.0,4.2,19.9,15.1,4.5,1.4,13.8,4.3,12.6,17.0,3.9,13.2,4.1,18.0,5.0,12.64,12.866666666666667,12.466666666666665
33,6,Julius Randle,0.0,NY,CLE,-2.0,215.5,108.8,30,19.3,31.1,41.0,PF/C,7300,1,26.0,13.0,103,108,-11%,16,13,13,34,33,34,31.1,34.1,23.8,44.3,31.5,41.5,5.7,39.8,5.45,40.1,35.0,5.5,39.95,5.475,33.666666666666664,14.0,34.65,30.46666666666667,41.53217821782179
33,7,Khris Middleton,0.0,MIL,OKC,-8.5,220.0,114.3,19,22.8,30.9,42.3,SG/SF,6400,1,24.0,17.0,103,100,-5%,18,14,15,35,30,32,30.9,32.9,25.2,40.6,22.5,23.5,3.7,32.8,5.12,34.2,33.0,5.3,33.5,5.21,32.333333333333336,15.666666666666666,32.62,32.0,34.19072164948453
35,0,LeBron James,0.0,LAL,TOR,-10.5,210.5,110.5,11,37.5,59.4,91.0,PG/SF,10300,1,34.0,29.0,106,100,-1%,19,20,19,36,36,35,60.3,56.4,37.8,75.0,35.3,57.3,5.6,55.3,5.36,57.1,35.0,5.5,56.2,5.43,35.666666666666664,19.333333333333332,57.14,62.63333333333333,55.14953271028038
35,1,Spencer Dinwiddie,0.0,BKN,PHO,3.0,231.0,114.0,2,12.3,27.5,50.8,PG/SG,6000,1,29.0,17.0,106,101,-8%,13,12,12,28,26,25,27.5,28.1,15.1,41.0,25.9,32.8,5.5,25.3,4.21,27.1,26.0,4.5,26.200000000000003,4.355,26.333333333333332,12.333333333333334,27.579999999999995,30.2,25.868354430379753
35,2,Anthony Tolliver,0.0,POR,ATL,-9.0,225.5,117.3,29,1.3,11.4,20.8,PF/C,3000,1,10.0,6.0,103,104,-12%,2,4,3,13,19,17,11.3,9.4,0.2,18.5,22.0,16.3,5.4,13.5,4.5,12.1,18.0,4.0,12.8,4.25,16.333333333333332,3.0,10.440000000000001,11.166666666666666,14.106122448979594
35,3,Josh Richardson,0.0,PHI,CHA,-14.0,213.0,113.5,16,17.8,27.7,41.5,SG/SF,5500,1,20.0,11.0,103,108,13%,12,12,12,33,35,34,27.6,28.0,20.1,35.8,32.5,30.8,5.6,31.5,5.73,29.0,34.0,5.3,30.25,5.515000000000001,34.0,12.0,28.35,29.0,30.25
35,4,Eric Bledsoe,0.0,MIL,OKC,-8.5,220.0,114.3,25,33.5,38.1,43.3,PG,6200,1,26.0,18.0,103,100,0%,17,15,13,29,27,26,38.3,31.4,21.6,41.1,29.3,44.3,7.1,30.8,4.96,32.9,29.0,5.3,31.85,5.13,27.333333333333332,15.0,32.849999999999994,38.3,33.79207317073171
35,5,Dzanan Musa,0.0,BKN,PHO,3.0,231.0,114.0,17,-1.0,1.8,5.0,SF/PF,3000,1,0.0,0.0,106,101,-8%,2,1,1,5,4,4,0.8,0.8,-1.5,3.0,20.9,18.5,6.2,4.0,1.33,0.0,0.0,0.0,2.0,0.665,4.333333333333333,1.3333333333333333,1.02,1.9333333333333333,0.0
35,6,Cheick Diallo,0.0,PHO,BKN,-3.0,231.0,117.0,6,-0.5,6.3,26.5,PF/C,3000,2,0.0,0.0,109,107,1%,1,1,1,2,2,2,1.3,1.3,-0.6,3.1,3.6,5.8,1.9,5.0,1.67,0.0,0.0,0.0,2.5,0.835,2.0,1.0,1.52,10.766666666666666,0.0
35,7,Fred VanVleet,0.0,TOR,LAL,10.5,210.5,100.0,30,24.5,32.8,42.3,PG/SG,6900,1,20.0,14.0,103,95,-10%,12,11,13,36,36,37,32.4,34.5,24.5,44.5,38.5,52.8,7.7,33.3,4.82,34.2,37.5,5.0,33.75,4.91,36.333333333333336,12.0,33.93,33.199999999999996,34.83371559633027
36,0,Malik Monk,0.0,CHA,PHI,14.0,213.0,99.5,15,6.0,15.0,27.5,PG/SG,3300,0,20.0,8.0,107,101,-9%,6,8,7,20,19,19,14.9,12.8,5.0,20.6,26.7,31.0,9.4,15.3,4.62,14.9,18.5,4.5,15.100000000000001,4.5600000000000005,19.333333333333332,7.0,13.680000000000001,16.166666666666668,14.449137931034485
36,1,Tyler Johnson,0.0,PHO,BKN,-3.0,231.0,117.0,19,5.5,10.3,18.0,PG/SG,3100,2,16.0,11.0,109,107,1%,7,5,6,18,18,19,10.3,12.8,6.7,18.9,16.6,18.5,6.0,16.8,5.4,14.6,19.0,4.7,15.7,5.050000000000001,18.333333333333332,6.0,12.88,11.266666666666666,16.27090909090909
36,2,Darius Bazley,0.0,OKC,MIL,8.5,220.0,105.8,16,1.5,14.6,26.3,SF/PF,3300,0,14.0,8.0,109,100,-15%,4,6,4,17,18,18,14.6,12.5,4.1,20.9,18.2,9.5,2.9,12.0,3.64,14.8,20.0,4.5,13.4,4.07,17.666666666666668,4.666666666666667,13.1,14.133333333333335,15.169811320754716
36,3,Furkan Korkmaz,0.0,PHI,CHA,-14.0,213.0,113.5,16,10.8,20.4,30.3,SG/SF,3900,1,16.0,12.0,103,108,-14%,5,8,6,25,25,20,20.4,14.6,4.6,24.5,27.9,25.8,6.6,18.8,4.81,18.5,25.0,4.7,18.65,4.755,23.333333333333332,6.333333333333333,16.55,20.5,19.982142857142858
36,4,Allonzo Trier,0.0,NY,CLE,-2.0,215.5,108.8,28,4.3,15.3,32.3,PG/SG,3000,1,22.0,11.0,103,108,6%,3,5,5,10,18,16,15.3,12.7,0.1,25.2,16.0,19.3,6.4,13.8,4.58,13.9,17.0,4.6,13.850000000000001,4.59,14.666666666666666,4.333333333333333,13.430000000000001,17.3,16.053409090909092
36,5,TJ Leaf,0.0,IND,ORL,4.5,202.0,98.8,8,5.3,13.2,38.3,PF/C,3500,1,18.0,11.0,100,98,6%,2,5,4,12,13,12,13.2,11.2,-1.2,23.5,10.5,9.0,2.6,15.8,4.5,9.2,10.5,2.6,12.5,3.55,12.333333333333334,3.6666666666666665,11.84,18.933333333333334,10.641891891891891
36,6,PJ Washington,0.0,CHA,PHI,14.0,213.0,99.5,4,24.3,27.6,38.5,PF/C,5600,0,17.0,15.0,107,101,-16%,9,9,10,26,29,31,27.9,27.7,21.1,34.3,36.9,29.5,5.3,27.0,4.82,26.5,31.0,4.7,26.75,4.76,28.666666666666668,9.333333333333334,27.55,30.133333333333336,28.927325581395348
36,7,Jakarr Sampson,0.0,IND,ORL,4.5,202.0,98.8,6,7.3,15.7,29.0,SF/PF,4000,1,16.0,13.0,100,98,-9%,9,7,7,26,20,20,15.7,15.7,7.3,24.0,23.9,5.3,1.3,18.5,4.63,19.2,25.5,4.8,18.85,4.715,22.0,7.666666666666667,16.31,17.333333333333332,21.84886363636364
37,0,Dennis Schroder,0.0,OKC,MIL,8.5,220.0,105.8,4,9.8,26.5,35.5,PG/SG,5300,0,26.0,12.0,109,100,10%,12,14,13,30,30,29,26.4,28.8,16.5,41.0,29.7,45.5,8.6,29.0,5.47,27.5,28.5,5.2,28.25,5.335,29.666666666666668,13.0,28.189999999999998,23.933333333333334,27.139044943820224
37,1,Wesley Matthews,0.0,MIL,OKC,-8.5,220.0,114.3,19,1.3,6.0,15.0,SG/SF,3200,1,11.0,9.0,103,100,-3%,2,3,6,20,18,23,6.0,12.6,3.0,22.2,31.9,14.0,4.4,16.8,5.23,14.2,22.5,4.4,15.5,4.815,20.333333333333332,3.6666666666666665,11.86,7.433333333333334,17.151639344262296
37,2,Kyle O'Quinn,0.0,PHI,CHA,-14.0,213.0,113.5,7,1.3,12.6,25.3,PF/C,3100,1,21.0,20.0,103,108,9%,5,4,4,11,10,10,12.6,11.7,4.1,19.3,8.0,1.8,0.6,8.0,2.58,0.0,0.0,0.0,4.0,1.29,10.333333333333334,4.333333333333333,10.34,13.066666666666668,0.0
37,3,Al-Farouq Aminu,0.0,ORL,IND,-4.5,202.0,103.3,1,5.3,15.3,23.8,SF/PF,3700,1,13.0,9.0,102,102,-9%,5,4,5,17,21,23,15.6,16.9,8.8,25.1,12.9,3.3,0.9,17.5,4.73,16.4,21.5,4.4,16.95,4.565,20.333333333333332,4.666666666666667,16.67,14.800000000000002,17.922540983606556
37,4,Troy Daniels,0.0,LAL,TOR,-10.5,210.5,110.5,25,1.5,6.3,10.5,SG,3000,1,16.0,7.0,106,100,-4%,4,4,5,13,14,15,6.3,8.6,2.2,14.9,17.3,19.5,6.5,8.5,2.83,6.6,10.5,2.2,7.55,2.515,14.0,4.333333333333333,7.909999999999999,6.1000000000000005,5.6625
37,5,Josh Richardson,0.0,PHI,CHA,-14.0,213.0,113.5,16,17.8,27.7,41.5,SG/SF,5500,1,20.0,11.0,103,108,13%,12,12,12,33,35,34,27.6,28.0,20.1,35.8,32.5,30.8,5.6,31.5,5.73,29.0,34.0,5.3,30.25,5.515000000000001,34.0,12.0,28.35,29.0,30.25
37,6,Kevin Love,0.0,CLE,NY,2.0,215.5,106.8,27,38.0,45.9,53.5,PF/C,8800,1,23.0,23.0,101,109,3%,10,13,12,31,33,33,45.9,45.6,38.1,53.1,31.6,28.5,3.2,44.3,5.03,44.9,32.5,5.1,44.599999999999994,5.0649999999999995,32.333333333333336,11.666666666666666,45.459999999999994,45.800000000000004,44.82989690721649
37,7,Damian Jones,0.0,ATL,POR,9.0,225.5,108.3,3,5.8,9.7,16.8,C,3000,1,11.0,12.0,106,108,19%,4,3,2,15,14,13,9.7,8.5,4.5,12.5,24.1,22.3,7.4,13.3,4.42,12.5,15.5,4.2,12.9,4.3100000000000005,14.0,3.0,9.620000000000001,10.766666666666666,14.282142857142858
38,0,Terry Rozier,0.0,CHA,PHI,14.0,213.0,99.5,15,9.8,32.4,46.8,PG,5900,0,26.0,12.0,107,101,4%,13,15,14,31,35,32,32.4,30.4,19.7,41.0,22.4,23.3,3.9,34.0,5.76,32.2,34.0,5.5,33.1,5.63,32.666666666666664,14.0,31.32,29.666666666666668,34.45102040816327
38,1,Kentavious Caldwell-Pope,0.0,LAL,TOR,-10.5,210.5,110.5,25,3.0,14.6,26.5,SG/SF,3500,1,15.0,6.0,106,100,-4%,7,8,7,20,23,23,14.6,13.3,6.1,20.6,4.2,1.3,0.4,15.3,4.36,12.7,18.5,3.6,14.0,3.9800000000000004,22.0,7.333333333333333,13.719999999999999,14.700000000000001,11.772727272727273
38,2,Bobby Portis,0.0,NY,CLE,-2.0,215.5,108.8,30,10.8,21.4,34.0,PF/C,5800,1,21.0,14.0,103,108,-11%,11,11,10,23,23,24,21.4,24.1,10.0,38.2,28.6,29.8,5.1,27.3,4.7,25.6,24.5,4.4,26.450000000000003,4.550000000000001,23.333333333333332,10.666666666666666,24.03,22.066666666666666,27.7725
38,3,Tobias Harris,0.0,PHI,CHA,-14.0,213.0,113.5,30,28.3,37.8,44.5,SF/PF,7000,1,22.0,17.0,103,108,13%,13,15,15,34,35,36,37.8,38.2,31.2,45.2,29.4,34.3,4.9,35.5,5.07,35.6,35.0,5.1,35.55,5.085,35.0,14.333333333333334,37.589999999999996,36.86666666666667,35.55
38,4,CJ McCollum,0.0,POR,ATL,-9.0,225.5,117.3,14,19.3,26.8,34.8,PG/SG,6000,1,26.0,10.0,103,104,18%,21,19,20,40,37,37,26.8,30.6,19.6,41.7,41.6,46.0,7.7,28.5,4.75,35.2,36.0,5.9,31.85,5.325,38.0,20.0,30.110000000000003,26.96666666666667,30.173684210526314
38,5,Damyean Dotson,0.0,NY,CLE,-2.0,215.5,108.8,27,-0.5,3.3,7.0,SG/SF,3000,1,0.0,0.0,103,108,7%,2,1,1,5,6,6,3.3,3.3,0.5,6.0,21.3,17.8,5.9,2.8,0.92,0.0,0.0,0.0,1.4,0.46,5.666666666666667,1.3333333333333333,2.9,3.266666666666667,0.0
38,6,Mike Muscala,0.0,OKC,MIL,8.5,220.0,105.8,21,0.0,8.4,18.0,PF/C,3100,0,16.0,-1.0,109,100,-15%,3,4,4,8,12,12,7.5,8.1,1.5,14.7,18.1,21.3,6.9,6.5,2.1,14.9,18.5,4.8,10.7,3.45,10.666666666666666,3.6666666666666665,8.5,8.799999999999999,18.5578125
38,7,Doug McDermott,0.0,IND,ORL,4.5,202.0,98.8,6,12.0,18.7,37.3,SF/PF,4000,1,19.0,10.0,100,98,-9%,11,9,7,25,21,19,18.7,14.1,4.7,23.5,25.8,28.5,7.1,13.5,3.38,12.9,21.5,3.2,13.2,3.29,21.666666666666668,9.0,14.84,22.666666666666668,13.098461538461537
40,0,Devin Booker,0.0,PHO,BKN,-3.0,231.0,117.0,19,24.3,36.8,51.5,PG/SG,7900,2,29.0,21.0,109,107,1%,16,16,18,34,33,35,36.6,38.8,28.6,49.0,32.4,44.0,5.6,44.0,5.57,41.1,33.5,5.2,42.55,5.385,34.0,16.666666666666668,39.11,37.53333333333333,41.92426470588235
40,1,Allonzo Trier,0.0,NY,CLE,-2.0,215.5,108.8,28,4.3,15.3,32.3,PG/SG,3000,1,22.0,11.0,103,108,6%,3,5,5,10,18,16,15.3,12.7,0.1,25.2,16.0,19.3,6.4,13.8,4.58,13.9,17.0,4.6,13.850000000000001,4.59,14.666666666666666,4.333333333333333,13.430000000000001,17.3,16.053409090909092
40,2,Bobby Portis,0.0,NY,CLE,-2.0,215.5,108.8,30,10.8,21.4,34.0,PF/C,5800,1,21.0,14.0,103,108,-11%,11,11,10,23,23,24,21.4,24.1,10.0,38.2,28.6,29.8,5.1,27.3,4.7,25.6,24.5,4.4,26.450000000000003,4.550000000000001,23.333333333333332,10.666666666666666,24.03,22.066666666666666,27.7725
40,3,T.J. Warren,0.0,IND,ORL,4.5,202.0,98.8,6,6.8,30.0,48.5,SF/PF,5800,1,21.0,15.0,100,98,-9%,16,15,15,32,34,35,30.0,27.1,13.3,40.9,34.8,26.5,4.6,28.3,4.87,26.7,33.5,4.6,27.5,4.734999999999999,33.666666666666664,15.333333333333334,27.76,28.433333333333334,27.363861386138616
40,4,Terence Davis,0.0,TOR,LAL,10.5,210.5,100.0,6,0.0,5.1,12.3,SG/SF,3000,1,12.0,7.0,103,95,-28%,1,1,2,12,7,9,2.6,6.3,-0.2,12.7,17.0,24.8,8.3,12.3,4.08,15.6,18.5,5.2,13.95,4.640000000000001,9.333333333333334,1.3333333333333333,7.07,5.8,27.650892857142853
40,5,Mike Scott,0.0,PHI,CHA,-14.0,213.0,113.5,30,7.5,11.4,14.5,SF/PF,3100,1,14.0,12.0,103,108,14%,4,5,5,19,18,17,11.4,12.3,5.5,19.0,21.1,17.3,5.6,14.0,4.52,12.2,17.0,3.9,13.1,4.21,18.0,4.666666666666667,12.260000000000002,11.133333333333333,12.372222222222222
40,6,Kyle O'Quinn,0.0,PHI,CHA,-14.0,213.0,113.5,7,1.3,12.6,25.3,PF/C,3100,1,21.0,20.0,103,108,9%,5,4,4,11,10,10,12.6,11.7,4.1,19.3,8.0,1.8,0.6,8.0,2.58,0.0,0.0,0.0,4.0,1.29,10.333333333333334,4.333333333333333,10.34,13.066666666666668,0.0
40,7,Kentavious Caldwell-Pope,0.0,LAL,TOR,-10.5,210.5,110.5,25,3.0,14.6,26.5,SG/SF,3500,1,15.0,6.0,106,100,-4%,7,8,7,20,23,23,14.6,13.3,6.1,20.6,4.2,1.3,0.4,15.3,4.36,12.7,18.5,3.6,14.0,3.9800000000000004,22.0,7.333333333333333,13.719999999999999,14.700000000000001,11.772727272727273
41,0,Chris Paul,0.0,OKC,MIL,8.5,220.0,105.8,4,31.5,36.7,40.3,PG,6600,0,24.0,19.0,109,100,10%,13,12,11,31,31,30,36.6,31.6,21.8,41.5,31.8,32.8,5.0,35.0,5.3,33.7,31.0,5.1,34.35,5.199999999999999,30.666666666666668,12.0,33.17,36.166666666666664,34.723369565217396
41,1,David Nwaba,0.0,BKN,PHO,3.0,231.0,114.0,22,4.0,6.4,9.5,SG/SF,3000,1,7.0,4.0,106,101,-8%,2,1,1,11,13,13,6.3,6.3,4.4,8.3,16.4,16.5,5.5,5.3,1.75,0.0,0.0,0.0,2.65,0.875,12.333333333333334,1.3333333333333333,5.589999999999999,6.633333333333333,0.0
41,2,T.J. Warren,0.0,IND,ORL,4.5,202.0,98.8,6,6.8,30.0,48.5,SF/PF,5800,1,21.0,15.0,100,98,-9%,16,15,15,32,34,35,30.0,27.1,13.3,40.9,34.8,26.5,4.6,28.3,4.87,26.7,33.5,4.6,27.5,4.734999999999999,33.666666666666664,15.333333333333334,27.76,28.433333333333334,27.363861386138616
41,3,Dario Saric,0.0,PHO,BKN,-3.0,231.0,117.0,26,9.3,22.2,45.3,SF/PF,4700,2,17.0,11.0,109,107,1%,8,9,9,27,26,27,22.1,23.0,10.6,35.5,26.0,24.0,5.1,24.3,5.16,24.0,26.5,5.1,24.15,5.13,26.666666666666668,8.666666666666666,23.07,25.599999999999998,23.999062499999997
41,4,Darius Garland,0.0,CLE,NY,2.0,215.5,106.8,8,7.8,16.5,30.0,PG,4300,1,21.0,5.0,101,109,-7%,11,10,10,30,27,28,16.5,16.9,9.6,24.1,34.1,24.8,5.8,20.0,4.65,18.5,26.5,4.3,19.25,4.475,28.333333333333332,10.333333333333334,17.27,18.099999999999998,18.004411764705882
41,5,OG Anunoby,0.0,TOR,LAL,10.5,210.5,100.0,4,23.3,34.4,41.8,SF/PF,6200,1,14.0,18.0,103,95,9%,12,10,10,34,35,34,34.4,31.8,22.7,41.0,26.4,12.8,2.1,25.5,4.11,27.5,35.5,4.4,26.5,4.255000000000001,34.333333333333336,10.666666666666666,31.28,33.166666666666664,27.400485436893202
41,6,Cody Zeller,0.0,CHA,PHI,14.0,213.0,99.5,28,9.3,21.9,38.3,C,4900,0,20.0,19.0,107,101,-3%,7,8,9,24,24,26,21.9,28.4,15.0,41.8,27.0,35.3,7.2,23.3,4.74,24.7,25.0,5.0,24.0,4.87,24.666666666666668,8.0,26.22,23.166666666666668,24.324324324324323
41,7,Aron Baynes,0.0,PHO,BKN,-3.0,231.0,117.0,23,18.3,35.7,59.5,C,6000,2,22.0,25.0,109,107,13%,13,12,10,30,28,25,35.5,31.1,16.5,45.8,17.6,30.8,5.1,30.0,5.0,33.5,28.0,5.6,31.75,5.3,27.666666666666668,11.666666666666666,32.129999999999995,37.833333333333336,32.13253012048193
42,0,Aaron Holiday,0.0,IND,ORL,4.5,202.0,98.8,6,5.5,17.8,23.5,PG/SG,4700,1,19.0,9.0,100,98,-10%,9,7,7,30,21,19,17.8,14.6,6.4,22.8,26.6,19.8,4.2,22.8,4.84,21.7,29.5,4.6,22.25,4.72,23.333333333333332,7.666666666666667,16.77,15.6,28.130357142857143
42,1,Mikal Bridges,0.0,PHO,BKN,-3.0,231.0,117.0,26,4.8,14.4,27.5,SG/SF,3300,2,11.0,10.0,109,107,-21%,6,4,4,23,19,20,14.4,13.4,6.5,20.3,26.4,21.5,6.5,15.0,4.55,15.0,21.0,4.5,15.0,4.525,20.666666666666668,4.666666666666667,13.919999999999998,15.566666666666668,15.241935483870966
42,2,Doug McDermott,0.0,IND,ORL,4.5,202.0,98.8,6,12.0,18.7,37.3,SF/PF,4000,1,19.0,10.0,100,98,-9%,11,9,7,25,21,19,18.7,14.1,4.7,23.5,25.8,28.5,7.1,13.5,3.38,12.9,21.5,3.2,13.2,3.29,21.666666666666668,9.0,14.84,22.666666666666668,13.098461538461537
42,3,Danny Green,0.0,LAL,TOR,-10.5,210.5,110.5,25,5.8,14.6,21.0,SG/SF,4000,1,15.0,12.0,106,100,-4%,6,6,8,25,25,27,14.6,19.6,7.3,31.8,27.2,10.3,2.6,20.5,5.13,19.2,26.0,4.8,19.85,4.965,25.666666666666668,6.666666666666667,18.630000000000003,13.799999999999999,20.107792207792208
42,4,Caris LeVert,0.0,BKN,PHO,3.0,231.0,114.0,22,22.5,30.2,39.8,SG/SF,6100,1,27.0,12.0,106,101,-8%,16,16,16,32,31,32,30.2,31.2,23.5,38.8,26.3,17.0,2.8,33.8,5.53,33.0,32.5,5.4,33.4,5.465,31.666666666666668,16.0,31.419999999999998,30.833333333333332,34.27894736842104
42,5,Aaron Gordon,0.0,ORL,IND,-4.5,202.0,103.3,1,21.0,28.7,37.3,SF/PF,6000,1,21.0,16.0,102,102,-9%,14,13,11,35,32,31,28.9,27.7,20.8,34.5,30.1,22.5,3.8,29.8,4.96,29.4,30.5,4.9,29.6,4.93,32.666666666666664,12.666666666666666,28.3,29.0,27.636734693877553
42,6,Domantas Sabonis,0.0,IND,ORL,4.5,202.0,98.8,8,41.5,47.3,50.3,PF/C,8300,1,24.0,22.0,100,98,-15%,13,15,15,33,36,35,46.9,43.7,34.9,52.6,37.5,56.0,6.7,41.8,5.03,43.1,36.0,5.2,42.45,5.115,34.666666666666664,14.333333333333334,44.11,46.36666666666667,44.08269230769231
42,7,Hamidou Diallo,0.0,OKC,MIL,8.5,220.0,105.8,8,18.3,23.3,31.5,SG/SF,4200,0,21.0,15.0,109,100,6%,8,9,8,28,25,22,23.3,19.6,13.5,25.7,21.6,15.5,3.7,18.8,4.46,20.2,24.5,4.8,19.5,4.63,25.0,8.333333333333334,20.32,24.366666666666664,19.11
43,0,Collin Sexton,0.0,CLE,NY,2.0,215.5,106.8,8,20.5,25.3,32.8,PG/SG,5300,1,25.0,12.0,101,109,-7%,17,16,16,33,32,31,25.6,25.2,20.4,29.9,30.4,42.5,8.0,23.5,4.43,25.1,30.5,4.7,24.3,4.5649999999999995,32.0,16.333333333333332,25.08,26.2,23.1609375
43,1,CJ McCollum,0.0,POR,ATL,-9.0,225.5,117.3,14,19.3,26.8,34.8,PG/SG,6000,1,26.0,10.0,103,104,18%,21,19,20,40,37,37,26.8,30.6,19.6,41.7,41.6,46.0,7.7,28.5,4.75,35.2,36.0,5.9,31.85,5.325,38.0,20.0,30.110000000000003,26.96666666666667,30.173684210526314
43,2,Tobias Harris,0.0,PHI,CHA,-14.0,213.0,113.5,30,28.3,37.8,44.5,SF/PF,7000,1,22.0,17.0,103,108,13%,13,15,15,34,35,36,37.8,38.2,31.2,45.2,29.4,34.3,4.9,35.5,5.07,35.6,35.0,5.1,35.55,5.085,35.0,14.333333333333334,37.589999999999996,36.86666666666667,35.55
43,3,T.J. Warren,0.0,IND,ORL,4.5,202.0,98.8,6,6.8,30.0,48.5,SF/PF,5800,1,21.0,15.0,100,98,-9%,16,15,15,32,34,35,30.0,27.1,13.3,40.9,34.8,26.5,4.6,28.3,4.87,26.7,33.5,4.6,27.5,4.734999999999999,33.666666666666664,15.333333333333334,27.76,28.433333333333334,27.363861386138616
43,4,Kevin Porter Jr.,0.0,CLE,NY,2.0,215.5,106.8,13,9.0,13.9,19.0,SG/SF,3100,1,19.0,7.0,101,109,-7%,10,6,6,20,18,18,13.9,12.5,7.8,17.1,23.0,13.0,4.2,8.8,2.82,13.4,19.0,4.3,11.100000000000001,3.5599999999999996,18.666666666666668,7.333333333333333,12.48,13.966666666666667,11.298214285714286
43,5,Jabari Parker,0.0,ATL,POR,9.0,225.5,108.3,23,20.5,32.5,42.5,SF/PF,6800,1,24.0,21.0,106,108,-15%,15,14,12,31,28,26,32.5,26.3,15.6,37.1,36.9,57.3,8.4,32.8,4.82,35.1,32.0,5.2,33.95,5.01,28.333333333333332,13.666666666666666,29.089999999999996,31.833333333333332,38.34352941176471
43,6,Aron Baynes,0.0,PHO,BKN,-3.0,231.0,117.0,23,18.3,35.7,59.5,C,6000,2,22.0,25.0,109,107,13%,13,12,10,30,28,25,35.5,31.1,16.5,45.8,17.6,30.8,5.1,30.0,5.0,33.5,28.0,5.6,31.75,5.3,27.666666666666668,11.666666666666666,32.129999999999995,37.833333333333336,32.13253012048193
43,7,Darius Bazley,0.0,OKC,MIL,8.5,220.0,105.8,16,1.5,14.6,26.3,SF/PF,3300,0,14.0,8.0,109,100,-15%,4,6,4,17,18,18,14.6,12.5,4.1,20.9,18.2,9.5,2.9,12.0,3.64,14.8,20.0,4.5,13.4,4.07,17.666666666666668,4.666666666666667,13.1,14.133333333333335,15.169811320754716
44,0,CJ McCollum,0.0,POR,ATL,-9.0,225.5,117.3,14,19.3,26.8,34.8,PG/SG,6000,1,26.0,10.0,103,104,18%,21,19,20,40,37,37,26.8,30.6,19.6,41.7,41.6,46.0,7.7,28.5,4.75,35.2,36.0,5.9,31.85,5.325,38.0,20.0,30.110000000000003,26.96666666666667,30.173684210526314
44,1,Josh Richardson,0.0,PHI,CHA,-14.0,213.0,113.5,16,17.8,27.7,41.5,SG/SF,5500,1,20.0,11.0,103,108,13%,12,12,12,33,35,34,27.6,28.0,20.1,35.8,32.5,30.8,5.6,31.5,5.73,29.0,34.0,5.3,30.25,5.515000000000001,34.0,12.0,28.35,29.0,30.25
44,2,Miles Bridges,0.0,CHA,PHI,14.0,213.0,99.5,11,13.0,25.8,36.5,SF/PF,5400,0,18.0,12.0,107,101,-2%,13,11,11,29,33,33,25.4,25.5,18.7,32.2,38.2,18.8,3.5,27.3,5.05,25.2,33.0,4.7,26.25,4.875,31.666666666666668,11.666666666666666,25.610000000000003,25.099999999999998,27.355263157894736
44,3,Kent Bazemore,0.0,POR,ATL,-9.0,225.5,117.3,29,9.3,17.8,23.5,SG/SF,3600,1,17.0,8.0,103,104,18%,5,7,7,16,20,23,17.8,18.6,12.5,24.6,33.6,31.5,8.8,19.3,5.35,22.3,25.0,6.2,20.8,5.775,19.666666666666668,6.333333333333333,18.86,16.866666666666667,26.440677966101696
44,4,Terry Rozier,0.0,CHA,PHI,14.0,213.0,99.5,15,9.8,32.4,46.8,PG,5900,0,26.0,12.0,107,101,4%,13,15,14,31,35,32,32.4,30.4,19.7,41.0,22.4,23.3,3.9,34.0,5.76,32.2,34.0,5.5,33.1,5.63,32.666666666666664,14.0,31.32,29.666666666666668,34.45102040816327
44,5,Ersan Ilyasova,0.0,MIL,OKC,-8.5,220.0,114.3,13,1.5,13.3,21.3,PF/C,3200,1,16.0,13.0,103,100,-18%,3,5,5,11,15,17,13.3,16.4,8.4,24.4,16.4,9.0,2.8,12.8,3.98,12.2,14.5,3.8,12.5,3.8899999999999997,14.333333333333334,4.333333333333333,15.0,12.033333333333333,12.645348837209303
44,6,JaVale McGee,0.0,LAL,TOR,-10.5,210.5,110.5,15,6.5,18.8,27.5,C,4100,1,14.0,19.0,106,100,-7%,6,4,4,16,17,16,18.8,15.8,6.3,25.2,14.3,14.5,3.5,16.5,4.02,15.0,14.5,3.7,15.75,3.86,16.333333333333332,4.666666666666667,16.369999999999997,17.599999999999998,13.982142857142858
44,7,Dennis Schroder,0.0,OKC,MIL,8.5,220.0,105.8,4,9.8,26.5,35.5,PG/SG,5300,0,26.0,12.0,109,100,10%,12,14,13,30,30,29,26.4,28.8,16.5,41.0,29.7,45.5,8.6,29.0,5.47,27.5,28.5,5.2,28.25,5.335,29.666666666666668,13.0,28.189999999999998,23.933333333333334,27.139044943820224
45,0,Raul Neto,0.0,PHI,CHA,-14.0,213.0,113.5,5,1.3,14.1,27.0,PG,4500,1,18.0,15.0,103,108,1%,9,5,4,30,16,13,14.1,11.1,0.2,22.1,28.7,17.8,4.0,24.8,5.5,25.8,29.0,5.7,25.3,5.6,19.666666666666668,6.0,14.559999999999999,14.133333333333333,37.30677966101695
45,1,Kevin Huerter,0.0,ATL,POR,9.0,225.5,108.3,18,14.0,20.5,28.8,SG/SF,4600,1,19.0,12.0,106,108,1%,10,9,7,27,25,22,20.5,18.9,13.5,24.4,30.9,23.8,5.2,23.8,5.16,24.7,30.0,5.4,24.25,5.28,24.666666666666668,8.666666666666666,20.31,21.099999999999998,29.493243243243242
45,2,Mike Muscala,0.0,OKC,MIL,8.5,220.0,105.8,21,0.0,8.4,18.0,PF/C,3100,0,16.0,-1.0,109,100,-15%,3,4,4,8,12,12,7.5,8.1,1.5,14.7,18.1,21.3,6.9,6.5,2.1,14.9,18.5,4.8,10.7,3.45,10.666666666666666,3.6666666666666665,8.5,8.799999999999999,18.5578125
45,3,Tobias Harris,0.0,PHI,CHA,-14.0,213.0,113.5,30,28.3,37.8,44.5,SF/PF,7000,1,22.0,17.0,103,108,13%,13,15,15,34,35,36,37.8,38.2,31.2,45.2,29.4,34.3,4.9,35.5,5.07,35.6,35.0,5.1,35.55,5.085,35.0,14.333333333333334,37.589999999999996,36.86666666666667,35.55
45,4,Markelle Fultz,0.0,ORL,IND,-4.5,202.0,103.3,7,14.0,19.2,24.3,PG/SG,4000,1,22.0,13.0,102,102,-9%,9,8,9,24,23,23,19.2,19.3,14.8,23.8,24.4,20.5,5.1,20.3,5.06,20.3,24.0,5.1,20.3,5.08,23.333333333333332,8.666666666666666,19.479999999999997,19.166666666666668,20.880000000000003
45,5,Kent Bazemore,0.0,POR,ATL,-9.0,225.5,117.3,29,9.3,17.8,23.5,SG/SF,3600,1,17.0,8.0,103,104,18%,5,7,7,16,20,23,17.8,18.6,12.5,24.6,33.6,31.5,8.8,19.3,5.35,22.3,25.0,6.2,20.8,5.775,19.666666666666668,6.333333333333333,18.86,16.866666666666667,26.440677966101696
45,6,Kyle O'Quinn,0.0,PHI,CHA,-14.0,213.0,113.5,7,1.3,12.6,25.3,PF/C,3100,1,21.0,20.0,103,108,9%,5,4,4,11,10,10,12.6,11.7,4.1,19.3,8.0,1.8,0.6,8.0,2.58,0.0,0.0,0.0,4.0,1.29,10.333333333333334,4.333333333333333,10.34,13.066666666666668,0.0
45,7,Frank Ntilikina,0.0,NY,CLE,-2.0,215.5,108.8,28,11.0,24.7,43.0,PG/SG,5200,1,14.0,10.0,103,108,6%,10,8,6,38,32,23,24.7,16.1,1.1,31.0,34.7,27.5,5.3,21.0,4.04,26.6,35.5,5.1,23.8,4.57,31.0,8.0,19.339999999999996,26.233333333333334,27.254838709677422
46,0,George Hill,0.0,MIL,OKC,-8.5,220.0,114.3,25,9.8,17.3,32.8,PG/SG,3900,1,15.0,20.0,103,100,0%,8,6,7,23,21,23,17.3,20.8,11.3,30.3,23.4,21.3,5.5,17.3,4.42,16.2,20.5,4.2,16.75,4.3100000000000005,22.333333333333332,7.0,19.29,19.966666666666665,15.375
46,1,Tyrone Wallace,0.0,ATL,POR,9.0,225.5,108.3,17,3.3,9.0,17.3,PG/SG,3000,1,20.0,8.0,106,108,1%,3,4,4,12,13,13,9.0,9.0,2.4,15.6,16.9,8.0,2.7,13.3,4.42,7.9,10.5,2.6,10.600000000000001,3.51,12.666666666666666,3.6666666666666665,9.32,9.866666666666667,8.78684210526316
46,2,Al Horford,0.0,PHI,CHA,-14.0,213.0,113.5,7,21.0,38.6,51.8,PF/C,6200,1,22.0,19.0,103,108,14%,13,16,15,30,32,32,38.6,36.5,25.3,47.7,26.8,32.3,5.2,35.3,5.69,34.7,30.5,5.6,35.0,5.645,31.333333333333332,14.666666666666666,36.62,37.13333333333333,34.069148936170215
46,3,Kyle Kuzma,0.0,LAL,TOR,-10.5,210.5,110.5,28,9.3,16.6,25.8,SF/PF,4300,1,26.0,4.0,106,100,20%,13,10,10,23,20,20,14.3,14.3,9.4,19.2,24.3,22.8,5.3,21.8,5.06,20.7,24.5,4.8,21.25,4.93,21.0,11.0,15.689999999999998,17.233333333333334,24.791666666666664
46,4,Furkan Korkmaz,0.0,PHI,CHA,-14.0,213.0,113.5,16,10.8,20.4,30.3,SG/SF,3900,1,16.0,12.0,103,108,-14%,5,8,6,25,25,20,20.4,14.6,4.6,24.5,27.9,25.8,6.6,18.8,4.81,18.5,25.0,4.7,18.65,4.755,23.333333333333332,6.333333333333333,16.55,20.5,19.982142857142858
46,5,Kevin Knox,0.0,NY,CLE,-2.0,215.5,108.8,7,8.8,17.2,24.5,SF/PF,3600,1,0.0,0.0,103,108,18%,6,7,8,21,23,23,17.1,18.7,13.0,24.4,22.3,23.8,6.6,17.3,4.79,17.9,22.5,5.0,17.6,4.895,22.333333333333332,7.0,18.159999999999997,16.833333333333332,17.731343283582092
46,6,Anthony Tolliver,0.0,POR,ATL,-9.0,225.5,117.3,29,1.3,11.4,20.8,PF/C,3000,1,10.0,6.0,103,104,-12%,2,4,3,13,19,17,11.3,9.4,0.2,18.5,22.0,16.3,5.4,13.5,4.5,12.1,18.0,4.0,12.8,4.25,16.333333333333332,3.0,10.440000000000001,11.166666666666666,14.106122448979594
46,7,Troy Daniels,0.0,LAL,TOR,-10.5,210.5,110.5,25,1.5,6.3,10.5,SG,3000,1,16.0,7.0,106,100,-4%,4,4,5,13,14,15,6.3,8.6,2.2,14.9,17.3,19.5,6.5,8.5,2.83,6.6,10.5,2.2,7.55,2.515,14.0,4.333333333333333,7.909999999999999,6.1000000000000005,5.6625
47,0,Tyrone Wallace,0.0,ATL,POR,9.0,225.5,108.3,17,3.3,9.0,17.3,PG/SG,3000,1,20.0,8.0,106,108,1%,3,4,4,12,13,13,9.0,9.0,2.4,15.6,16.9,8.0,2.7,13.3,4.42,7.9,10.5,2.6,10.600000000000001,3.51,12.666666666666666,3.6666666666666665,9.32,9.866666666666667,8.78684210526316
47,1,Kent Bazemore,0.0,POR,ATL,-9.0,225.5,117.3,29,9.3,17.8,23.5,SG/SF,3600,1,17.0,8.0,103,104,18%,5,7,7,16,20,23,17.8,18.6,12.5,24.6,33.6,31.5,8.8,19.3,5.35,22.3,25.0,6.2,20.8,5.775,19.666666666666668,6.333333333333333,18.86,16.866666666666667,26.440677966101696
47,2,Jarrett Allen,0.0,BKN,PHO,3.0,231.0,114.0,12,15.8,26.6,36.8,PF/C,6100,1,13.0,17.0,106,101,2%,8,6,6,33,27,28,26.6,27.2,20.0,34.5,11.9,5.5,0.9,27.0,4.43,25.9,25.5,4.2,26.45,4.3149999999999995,29.333333333333332,6.666666666666667,26.95,26.400000000000002,22.99346590909091
47,3,Mike Scott,0.0,PHI,CHA,-14.0,213.0,113.5,30,7.5,11.4,14.5,SF/PF,3100,1,14.0,12.0,103,108,14%,4,5,5,19,18,17,11.4,12.3,5.5,19.0,21.1,17.3,5.6,14.0,4.52,12.2,17.0,3.9,13.1,4.21,18.0,4.666666666666667,12.260000000000002,11.133333333333333,12.372222222222222
47,4,Chris Paul,0.0,OKC,MIL,8.5,220.0,105.8,4,31.5,36.7,40.3,PG,6600,0,24.0,19.0,109,100,10%,13,12,11,31,31,30,36.6,31.6,21.8,41.5,31.8,32.8,5.0,35.0,5.3,33.7,31.0,5.1,34.35,5.199999999999999,30.666666666666668,12.0,33.17,36.166666666666664,34.723369565217396
47,5,Giannis Antetokounmpo,0.0,MIL,OKC,-8.5,220.0,114.3,3,58.0,67.8,81.5,SF/PF,11200,1,35.0,34.0,103,100,-18%,22,20,18,36,33,33,67.8,63.9,51.4,76.5,36.4,62.5,5.6,58.5,5.22,59.8,33.5,5.3,59.15,5.26,34.0,20.0,63.749999999999986,69.10000000000001,58.28014705882353
47,6,Kyle O'Quinn,0.0,PHI,CHA,-14.0,213.0,113.5,7,1.3,12.6,25.3,PF/C,3100,1,21.0,20.0,103,108,9%,5,4,4,11,10,10,12.6,11.7,4.1,19.3,8.0,1.8,0.6,8.0,2.58,0.0,0.0,0.0,4.0,1.29,10.333333333333334,4.333333333333333,10.34,13.066666666666668,0.0
47,7,Shai Gilgeous-Alexander,0.0,OKC,MIL,8.5,220.0,105.8,4,21.3,30.5,42.0,PG/SG,7000,0,26.0,21.0,109,100,6%,17,15,17,35,36,35,30.4,35.3,25.6,44.9,36.8,43.5,6.2,33.3,4.75,35.9,35.5,5.1,34.599999999999994,4.925,35.333333333333336,16.333333333333332,34.16,31.266666666666666,34.763207547169806
48,0,Raul Neto,0.0,PHI,CHA,-14.0,213.0,113.5,5,1.3,14.1,27.0,PG,4500,1,18.0,15.0,103,108,1%,9,5,4,30,16,13,14.1,11.1,0.2,22.1,28.7,17.8,4.0,24.8,5.5,25.8,29.0,5.7,25.3,5.6,19.666666666666668,6.0,14.559999999999999,14.133333333333333,37.30677966101695
48,1,Caris LeVert,0.0,BKN,PHO,3.0,231.0,114.0,22,22.5,30.2,39.8,SG/SF,6100,1,27.0,12.0,106,101,-8%,16,16,16,32,31,32,30.2,31.2,23.5,38.8,26.3,17.0,2.8,33.8,5.53,33.0,32.5,5.4,33.4,5.465,31.666666666666668,16.0,31.419999999999998,30.833333333333332,34.27894736842104
48,2,Pascal Siakam,0.0,TOR,LAL,10.5,210.5,100.0,10,26.3,45.7,64.5,PF/C,9400,1,30.0,25.0,103,95,-28%,21,19,20,38,35,35,45.7,46.8,32.6,60.9,42.2,52.3,5.6,41.8,4.44,45.0,37.0,4.8,43.4,4.62,36.0,20.0,45.88,45.5,44.605555555555554
48,3,Khris Middleton,0.0,MIL,OKC,-8.5,220.0,114.3,19,22.8,30.9,42.3,SG/SF,6400,1,24.0,17.0,103,100,-5%,18,14,15,35,30,32,30.9,32.9,25.2,40.6,22.5,23.5,3.7,32.8,5.12,34.2,33.0,5.3,33.5,5.21,32.333333333333336,15.666666666666666,32.62,32.0,34.19072164948453
48,4,Kentavious Caldwell-Pope,0.0,LAL,TOR,-10.5,210.5,110.5,25,3.0,14.6,26.5,SG/SF,3500,1,15.0,6.0,106,100,-4%,7,8,7,20,23,23,14.6,13.3,6.1,20.6,4.2,1.3,0.4,15.3,4.36,12.7,18.5,3.6,14.0,3.9800000000000004,22.0,7.333333333333333,13.719999999999999,14.700000000000001,11.772727272727273
48,5,Taj Gibson,0.0,NY,CLE,-2.0,215.5,108.8,30,2.0,10.7,25.0,PF/C,4000,1,14.0,11.0,103,108,-11%,5,3,3,25,14,14,10.7,10.1,1.8,18.5,17.1,15.8,4.0,18.0,4.5,22.5,25.5,5.6,20.25,5.05,17.666666666666668,3.6666666666666665,12.27,12.566666666666668,29.228773584905657
48,6,Damian Jones,0.0,ATL,POR,9.0,225.5,108.3,3,5.8,9.7,16.8,C,3000,1,11.0,12.0,106,108,19%,4,3,2,15,14,13,9.7,8.5,4.5,12.5,24.1,22.3,7.4,13.3,4.42,12.5,15.5,4.2,12.9,4.3100000000000005,14.0,3.0,9.620000000000001,10.766666666666666,14.282142857142858
48,7,Julius Randle,0.0,NY,CLE,-2.0,215.5,108.8,30,19.3,31.1,41.0,PF/C,7300,1,26.0,13.0,103,108,-11%,16,13,13,34,33,34,31.1,34.1,23.8,44.3,31.5,41.5,5.7,39.8,5.45,40.1,35.0,5.5,39.95,5.475,33.666666666666664,14.0,34.65,30.46666666666667,41.53217821782179
49,0,DeAndre' Bembry,0.0,ATL,POR,9.0,225.5,108.3,17,13.3,23.3,46.0,PG/SG,4000,1,19.0,15.0,106,108,10%,5,7,7,25,25,24,23.3,21.4,11.1,31.7,40.0,19.8,5.0,24.3,6.06,19.8,22.5,5.0,22.05,5.529999999999999,24.666666666666668,6.333333333333333,21.91,27.53333333333333,20.113175675675677
49,1,Devin Booker,0.0,PHO,BKN,-3.0,231.0,117.0,19,24.3,36.8,51.5,PG/SG,7900,2,29.0,21.0,109,107,1%,16,16,18,34,33,35,36.6,38.8,28.6,49.0,32.4,44.0,5.6,44.0,5.57,41.1,33.5,5.2,42.55,5.385,34.0,16.666666666666668,39.11,37.53333333333333,41.92426470588235
49,2,Kevin Knox,0.0,NY,CLE,-2.0,215.5,108.8,7,8.8,17.2,24.5,SF/PF,3600,1,0.0,0.0,103,108,18%,6,7,8,21,23,23,17.1,18.7,13.0,24.4,22.3,23.8,6.6,17.3,4.79,17.9,22.5,5.0,17.6,4.895,22.333333333333332,7.0,18.159999999999997,16.833333333333332,17.731343283582092
49,3,Al-Farouq Aminu,0.0,ORL,IND,-4.5,202.0,103.3,1,5.3,15.3,23.8,SF/PF,3700,1,13.0,9.0,102,102,-9%,5,4,5,17,21,23,15.6,16.9,8.8,25.1,12.9,3.3,0.9,17.5,4.73,16.4,21.5,4.4,16.95,4.565,20.333333333333332,4.666666666666667,16.67,14.800000000000002,17.922540983606556
49,4,Damyean Dotson,0.0,NY,CLE,-2.0,215.5,108.8,27,-0.5,3.3,7.0,SG/SF,3000,1,0.0,0.0,103,108,7%,2,1,1,5,6,6,3.3,3.3,0.5,6.0,21.3,17.8,5.9,2.8,0.92,0.0,0.0,0.0,1.4,0.46,5.666666666666667,1.3333333333333333,2.9,3.266666666666667,0.0
49,5,Sterling Brown,0.0,MIL,OKC,-8.5,220.0,114.3,19,1.3,13.9,25.3,SG/SF,3400,1,15.0,17.0,103,100,-3%,4,3,3,13,12,11,12.9,11.5,0.1,22.9,18.2,20.8,6.1,16.0,4.71,14.3,19.0,4.2,15.15,4.455,12.0,3.3333333333333335,12.51,13.5,23.9875
49,6,Alex Len,0.0,ATL,POR,9.0,225.5,108.3,3,10.0,14.8,19.0,C,3800,1,15.0,9.0,106,108,19%,4,4,5,16,16,18,14.8,14.8,11.1,18.6,15.3,10.5,2.8,21.5,5.66,20.2,19.5,5.3,20.85,5.48,16.666666666666668,4.333333333333333,16.03,14.6,24.394499999999997
49,7,Tyler Johnson,0.0,PHO,BKN,-3.0,231.0,117.0,19,5.5,10.3,18.0,PG/SG,3100,2,16.0,11.0,109,107,1%,7,5,6,18,18,19,10.3,12.8,6.7,18.9,16.6,18.5,6.0,16.8,5.4,14.6,19.0,4.7,15.7,5.050000000000001,18.333333333333332,6.0,12.88,11.266666666666666,16.27090909090909
