Lineup Num,,Player Name,injury_status,team,opp,spread,over_under,implied_team_score,L5_dvp_rank,L5_ppg_floor,L5_ppg_avg,L5_ppg_max,Pos,Salary,Rest,USG,PER,Opp Pace,Opp DEff,Opp DvP,L2 FGA,L5 FGA,S FGA,L2 Min,L5 Min,S Min,L5 FP,S FP,Floor FP,Ceil FP,Actual Min,Actual FP,Actual Val,FantasyFuelPPGProj,FantasyFuelValueProj,DFN_PPGProj,DFN_MinProj,DFN_ValueProj,Avg Proj,Avg Value Proj,Avg Skewed Min,Avg Skewed FGA,Avg Skewed FP,Avg L5 PPG,Proj Min Enhanced
0,0,Jordan Clarkson,0.0,CLE,PHI,10.0,219.0,104.5,27,17.5,25.6,33.5,PG/SF,4900,1,27.0,20.0,106,102,3%,14,13,11,21,23,23,25.6,23.4,17.7,29.1,26.2,28.0,5.7,19.8,4.03,19.1,22.0,3.9,19.450000000000003,3.965,22.333333333333332,12.666666666666666,23.05,25.53333333333333,19.159701492537316
0,1,Josh Richardson,0.0,PHI,CLE,-10.0,219.0,114.5,8,17.8,28.6,41.5,SG/SF,5700,1,20.0,11.0,103,106,17%,10,12,12,32,35,34,28.6,28.3,20.9,35.7,34.2,26.8,4.7,28.5,5.0,29.6,34.0,5.2,29.05,5.1,33.666666666666664,11.333333333333334,28.51,29.3,29.33762376237624
0,2,Mike Scott,0.0,PHI,CLE,-10.0,219.0,114.5,10,7.5,12.4,17.3,SF/PF,3200,1,15.0,12.0,103,106,-9%,7,6,6,20,19,18,12.4,12.8,6.3,19.3,18.9,19.5,6.1,14.8,4.61,14.6,20.5,4.6,14.7,4.605,19.0,6.333333333333333,13.1,12.4,15.860526315789473
0,3,Kevin Huerter,0.0,ATL,DEN,10.0,209.0,99.5,20,14.0,21.8,28.8,SG/SF,4700,1,20.0,11.0,100,99,-2%,11,10,8,30,27,23,21.8,19.5,14.2,24.8,15.5,21.5,4.6,22.5,4.79,23.1,30.5,4.9,22.8,4.845000000000001,26.666666666666668,9.666666666666666,20.619999999999997,21.53333333333333,26.0775
0,4,Avery Bradley,0.0,LAL,PHO,-2.5,219.5,111.0,4,19.3,22.4,24.3,PG/SG,4200,1,16.0,11.0,106,101,-9%,10,10,9,28,29,28,22.4,19.5,14.1,24.9,27.7,18.0,4.3,13.8,3.27,15.9,26.5,3.8,14.850000000000001,3.535,28.333333333333332,9.666666666666666,19.15,22.0,13.889117647058825
0,5,Doug McDermott,0.0,IND,OKC,-1.5,213.0,107.3,9,12.0,21.7,37.3,SF/PF,4100,1,19.0,12.0,103,102,0%,12,10,8,23,22,20,21.7,15.6,5.6,25.5,26.4,13.8,3.4,17.5,4.27,16.3,24.0,4.0,16.9,4.135,21.666666666666668,10.0,17.059999999999995,23.666666666666668,18.72
0,6,TJ Leaf,0.0,IND,OKC,-1.5,213.0,107.3,5,5.3,13.0,38.3,PF/C,3200,1,18.0,10.0,103,102,-12%,4,5,5,10,13,12,13.0,10.9,-0.6,22.4,15.2,10.3,3.2,10.0,3.13,10.0,10.5,3.1,10.0,3.115,11.666666666666666,4.666666666666667,11.139999999999999,18.866666666666664,9.0
0,7,Gary Trent Jr.,0.0,POR,SAC,-2.0,222.0,112.0,3,0.0,5.4,15.3,SG,3000,1,0.0,0.0,102,110,4%,6,3,2,15,9,8,5.3,4.5,-1.3,10.2,14.0,9.8,3.3,8.3,2.75,8.2,12.0,2.7,8.25,2.725,10.666666666666666,3.6666666666666665,5.39,6.900000000000001,9.28125
1,0,Cory Joseph,0.0,SAC,POR,2.0,222.0,110.0,21,2.0,14.1,24.5,PG/SG,3700,3,20.0,12.0,106,106,10%,9,7,6,23,16,17,14.1,13.5,5.5,21.5,38.0,18.0,4.9,25.5,6.89,25.9,30.0,7.0,25.7,6.945,18.666666666666668,7.333333333333333,16.06,13.533333333333333,41.30357142857142
1,1,Devin Booker,0.0,PHO,LAL,2.5,219.5,108.5,28,24.3,40.0,51.5,PG/SG,8100,1,28.0,22.0,103,96,6%,14,16,17,34,34,34,40.0,39.4,29.7,49.1,39.2,37.8,4.7,39.5,4.88,41.7,33.5,5.1,40.6,4.99,34.0,15.666666666666666,39.76,38.6,40.002941176470586
1,2,Skal Labissiere,0.0,POR,SAC,-2.0,222.0,112.0,15,2.3,13.4,24.5,PF/C,3200,1,17.0,16.0,102,110,-8%,2,5,4,13,17,14,13.3,12.9,5.5,20.3,18.9,15.5,4.8,12.5,3.91,14.0,16.5,4.4,13.25,4.155,14.666666666666666,3.6666666666666665,13.05,13.4,14.90625
1,3,Markieff Morris,0.0,DET,MIA,8.5,215.0,103.3,3,5.5,21.7,39.0,SF/PF,4100,0,21.0,10.0,106,98,13%,9,10,10,25,29,28,24.5,22.3,14.2,30.4,21.0,24.3,5.9,25.8,6.28,23.4,27.5,5.7,24.6,5.99,27.333333333333332,9.666666666666666,23.2,22.066666666666666,24.750000000000004
1,4,Malcolm Brogdon,0.0,IND,OKC,-1.5,213.0,107.3,13,24.0,36.8,47.8,PG/SG,7600,1,30.0,24.0,103,102,2%,15,15,16,31,33,34,37.0,43.5,33.9,53.2,25.4,34.5,4.5,37.0,4.87,42.1,34.0,5.5,39.55,5.1850000000000005,32.666666666666664,15.333333333333334,41.42999999999999,36.199999999999996,41.16428571428571
1,5,LeBron James,0.0,LAL,PHO,-2.5,219.5,111.0,4,39.5,63.0,91.0,PG/SF,10500,1,34.0,28.0,106,101,-4%,17,20,19,36,37,35,64.2,56.5,39.1,73.9,37.1,45.8,4.4,51.5,4.9,53.5,35.5,5.1,52.5,5.0,36.0,18.666666666666668,57.24000000000001,64.5,51.77083333333333
1,6,Mike Muscala,0.0,OKC,IND,1.5,213.0,105.8,21,0.0,11.8,21.3,PF/C,3600,1,18.0,6.0,102,103,-12%,7,4,4,17,12,12,9.9,9.6,2.0,17.1,8.4,6.5,1.8,10.3,2.85,0.0,0.0,0.0,5.15,1.425,13.666666666666666,5.0,8.75,11.033333333333333,0.0
1,7,Kevin Porter Jr.,0.0,CLE,PHI,10.0,219.0,104.5,12,9.0,14.3,19.0,SG/SF,3200,1,19.0,7.0,106,102,3%,10,7,7,22,20,19,14.3,12.5,8.2,16.8,16.3,8.0,2.5,14.0,4.38,13.9,20.0,4.3,13.95,4.34,20.333333333333332,8.0,13.15,14.1,13.721311475409836
2,0,T.J. McConnell,0.0,IND,OKC,-1.5,213.0,107.3,13,8.3,22.0,38.8,PG,4400,1,22.0,19.0,103,102,2%,10,7,6,21,18,16,22.0,17.9,8.5,27.3,24.3,18.0,4.1,15.0,3.41,17.0,19.0,3.9,16.0,3.6550000000000002,18.333333333333332,7.666666666666667,18.34,23.03333333333333,16.581818181818182
2,1,Jimmy Butler,0.0,MIA,DET,-8.5,215.0,111.8,26,33.3,43.5,50.8,SG/SF,7800,3,26.0,25.0,103,108,-4%,16,14,13,36,33,32,43.5,42.0,34.4,49.7,39.0,48.8,6.3,43.8,5.61,44.6,37.0,5.7,44.2,5.655,33.666666666666664,14.333333333333334,42.760000000000005,42.53333333333333,48.57623762376239
2,2,Tobias Harris,0.0,PHI,CLE,-10.0,219.0,114.5,10,28.3,38.0,44.5,SF/PF,6800,1,22.0,17.0,103,106,17%,12,14,14,31,34,35,38.0,37.8,31.1,44.4,32.6,19.8,2.9,35.8,5.26,35.8,34.5,5.3,35.8,5.279999999999999,33.333333333333336,13.333333333333334,37.419999999999995,36.93333333333333,37.053
2,3,Harrison Barnes,0.0,SAC,POR,2.0,222.0,110.0,28,30.5,34.3,39.5,SF/PF,5900,3,18.0,18.0,106,106,7%,13,14,12,37,37,34,34.5,28.3,19.7,36.8,32.0,25.0,4.2,29.5,5.0,30.6,35.5,5.2,30.05,5.1,36.0,13.0,29.869999999999997,34.766666666666666,29.63263888888889
2,4,Alex Caruso,0.0,LAL,PHO,-2.5,219.5,111.0,4,9.5,12.9,17.3,PG/SG,3200,1,16.0,7.0,106,101,-9%,5,5,4,18,19,18,12.9,12.2,7.5,16.9,24.8,10.5,3.3,10.8,3.36,11.6,15.5,3.6,11.2,3.48,18.333333333333332,4.666666666666667,12.14,13.233333333333334,9.46909090909091
2,5,TJ Leaf,0.0,IND,OKC,-1.5,213.0,107.3,5,5.3,13.0,38.3,PF/C,3200,1,18.0,10.0,103,102,-12%,4,5,5,10,13,12,13.0,10.9,-0.6,22.4,15.2,10.3,3.2,10.0,3.13,10.0,10.5,3.1,10.0,3.115,11.666666666666666,4.666666666666667,11.139999999999999,18.866666666666664,9.0
2,6,Richaun Holmes,0.0,SAC,POR,2.0,222.0,110.0,17,15.5,25.9,39.3,PF/C,5400,3,15.0,19.0,106,106,-10%,6,7,7,30,29,25,25.9,23.9,10.8,37.0,31.1,32.5,6.0,33.0,6.11,31.9,29.5,5.9,32.45,6.005000000000001,28.0,6.666666666666667,26.01,26.899999999999995,34.18839285714286
2,7,Christian Wood,0.0,DET,MIA,8.5,215.0,103.3,11,-0.5,14.3,26.0,PF/C,3400,0,18.0,21.0,106,98,13%,5,4,5,15,14,15,14.3,15.2,1.9,28.4,26.4,28.3,8.3,8.3,2.43,12.7,11.5,3.7,10.5,3.0650000000000004,14.666666666666666,4.666666666666667,14.059999999999999,13.266666666666666,8.232954545454545
3,0,Spencer Dinwiddie,0.0,BKN,UTA,7.0,219.0,106.0,3,12.3,27.4,50.8,PG/SG,5500,1,29.0,17.0,101,95,-19%,17,12,13,30,25,25,27.4,28.6,16.4,40.8,23.7,27.8,5.1,25.5,4.64,28.8,28.5,5.2,27.15,4.92,26.666666666666668,14.0,28.07,30.166666666666668,29.0165625
3,1,Anfernee Simons,0.0,POR,SAC,-2.0,222.0,112.0,22,19.8,24.7,31.3,PG/SG,4900,1,21.0,18.0,102,110,4%,13,11,9,30,24,20,24.7,18.2,9.7,26.7,27.8,10.0,2.0,19.8,4.03,20.5,24.5,4.2,20.15,4.115,24.666666666666668,11.0,19.889999999999997,25.266666666666666,20.01385135135135
3,2,Mike Muscala,0.0,OKC,IND,1.5,213.0,105.8,21,0.0,11.8,21.3,PF/C,3600,1,18.0,6.0,102,103,-12%,7,4,4,17,12,12,9.9,9.6,2.0,17.1,8.4,6.5,1.8,10.3,2.85,0.0,0.0,0.0,5.15,1.425,13.666666666666666,5.0,8.75,11.033333333333333,0.0
3,3,Duncan Robinson,0.0,MIA,DET,-8.5,215.0,111.8,26,4.5,18.3,39.0,SG/SF,3700,3,14.0,12.0,103,108,8%,6,8,7,26,25,22,18.3,15.7,3.3,28.1,29.3,13.0,3.5,21.3,5.74,20.0,30.5,5.4,20.65,5.57,24.333333333333332,7.0,17.21,20.599999999999998,25.88321917808219
3,4,Collin Sexton,0.0,CLE,PHI,10.0,219.0,104.5,27,20.5,29.4,42.5,PG/SG,5700,1,26.0,15.0,106,102,3%,18,17,16,31,32,31,29.6,27.1,19.8,34.4,33.3,32.3,5.7,24.5,4.3,25.3,31.5,4.4,24.9,4.35,31.333333333333332,17.0,27.159999999999997,30.8,25.032446808510638
3,5,LeBron James,0.0,LAL,PHO,-2.5,219.5,111.0,4,39.5,63.0,91.0,PG/SF,10500,1,34.0,28.0,106,101,-4%,17,20,19,36,37,35,64.2,56.5,39.1,73.9,37.1,45.8,4.4,51.5,4.9,53.5,35.5,5.1,52.5,5.0,36.0,18.666666666666668,57.24000000000001,64.5,51.77083333333333
3,6,Julius Randle,0.0,NY,CHI,6.5,212.5,103.0,29,19.3,31.2,41.5,PF/C,7200,1,26.0,13.0,105,105,10%,15,13,14,34,32,33,31.2,34.8,24.9,44.7,36.7,32.5,4.5,39.5,5.49,40.3,34.0,5.6,39.9,5.545,33.0,14.0,35.1,30.666666666666668,41.10909090909091
3,7,Shai Gilgeous-Alexander,0.0,OKC,IND,1.5,213.0,105.8,5,21.3,33.7,43.5,PG/SG,7000,1,25.0,19.0,102,103,9%,17,16,17,37,36,35,33.6,36.1,26.6,45.6,28.2,19.0,2.7,32.0,4.57,34.5,36.0,4.9,33.25,4.735,36.0,16.666666666666668,35.03,32.833333333333336,33.25
4,0,Kris Dunn,0.0,CHI,NY,-6.5,212.5,109.5,16,11.5,19.0,27.3,PG/SG,3900,2,16.0,14.0,101,108,-6%,9,6,6,21,19,20,19.0,18.1,11.4,24.8,19.3,29.8,7.6,18.8,4.81,18.5,20.0,4.7,18.65,4.755,20.0,7.0,18.390000000000004,19.266666666666666,18.65
4,1,Langston Galloway,0.0,DET,MIA,8.5,215.0,103.3,11,14.5,23.7,30.8,PG/SG,4000,0,17.0,17.0,106,98,-18%,11,9,8,28,26,24,23.6,20.0,13.6,26.3,28.6,17.8,4.5,14.0,3.5,18.5,25.0,4.6,16.25,4.05,26.0,9.333333333333334,19.95,23.0,15.625
4,2,Marcus Morris,0.0,NY,CHI,6.5,212.5,103.0,18,17.0,37.6,50.8,SF/PF,6300,1,0.0,0.0,105,105,10%,17,16,14,36,36,34,37.6,31.1,18.1,44.0,31.6,35.3,5.6,31.3,4.96,30.2,34.5,4.8,30.75,4.88,35.333333333333336,15.666666666666666,32.31,35.13333333333333,30.024764150943394
4,3,Bogdan Bogdanovic,0.0,SAC,POR,2.0,222.0,110.0,16,16.3,26.5,38.0,SG/SF,5400,3,23.0,14.0,106,106,-3%,12,11,10,30,26,25,26.4,23.0,13.2,32.8,31.8,53.3,9.9,28.3,5.23,30.0,30.5,5.6,29.15,5.415,27.0,11.0,24.909999999999997,26.933333333333334,32.9287037037037
4,4,Dennis Schroder,0.0,OKC,IND,1.5,213.0,105.8,5,9.8,30.5,45.5,PG/SG,5800,1,26.0,15.0,102,103,-10%,13,13,13,31,30,29,30.4,30.4,17.8,43.1,24.8,16.0,2.8,28.5,4.91,28.1,30.5,4.8,28.3,4.855,30.0,13.0,30.0,28.599999999999998,28.77166666666667
4,5,Kyle O'Quinn,0.0,PHI,CLE,-10.0,219.0,114.5,30,1.3,11.4,25.3,PF/C,3000,1,20.0,17.0,103,106,0%,3,4,3,8,10,9,11.3,10.5,2.6,18.4,9.4,10.0,3.3,20.3,6.75,17.5,15.0,5.8,18.9,6.275,9.0,3.3333333333333335,12.34,12.666666666666666,31.499999999999993
4,6,Meyers Leonard,0.0,MIA,DET,-8.5,215.0,111.8,22,0.3,17.7,35.5,PF/C,3900,3,13.0,14.0,103,108,-5%,3,7,5,13,19,20,17.6,16.3,3.7,28.9,18.2,10.3,2.6,18.0,4.62,18.3,22.0,4.7,18.15,4.66,17.333333333333332,5.0,16.93,17.833333333333332,23.036538461538463
4,7,Tobias Harris,0.0,PHI,CLE,-10.0,219.0,114.5,10,28.3,38.0,44.5,SF/PF,6800,1,22.0,17.0,103,106,17%,12,14,14,31,34,35,38.0,37.8,31.1,44.4,32.6,19.8,2.9,35.8,5.26,35.8,34.5,5.3,35.8,5.279999999999999,33.333333333333336,13.333333333333334,37.419999999999995,36.93333333333333,37.053
5,0,Devin Booker,0.0,PHO,LAL,2.5,219.5,108.5,28,24.3,40.0,51.5,PG/SG,8100,1,28.0,22.0,103,96,6%,14,16,17,34,34,34,40.0,39.4,29.7,49.1,39.2,37.8,4.7,39.5,4.88,41.7,33.5,5.1,40.6,4.99,34.0,15.666666666666666,39.76,38.6,40.002941176470586
5,1,Anfernee Simons,0.0,POR,SAC,-2.0,222.0,112.0,22,19.8,24.7,31.3,PG/SG,4900,1,21.0,18.0,102,110,4%,13,11,9,30,24,20,24.7,18.2,9.7,26.7,27.8,10.0,2.0,19.8,4.03,20.5,24.5,4.2,20.15,4.115,24.666666666666668,11.0,19.889999999999997,25.266666666666666,20.01385135135135
5,2,Meyers Leonard,0.0,MIA,DET,-8.5,215.0,111.8,22,0.3,17.7,35.5,PF/C,3900,3,13.0,14.0,103,108,-5%,3,7,5,13,19,20,17.6,16.3,3.7,28.9,18.2,10.3,2.6,18.0,4.62,18.3,22.0,4.7,18.15,4.66,17.333333333333332,5.0,16.93,17.833333333333332,23.036538461538463
5,3,Josh Richardson,0.0,PHI,CLE,-10.0,219.0,114.5,8,17.8,28.6,41.5,SG/SF,5700,1,20.0,11.0,103,106,17%,10,12,12,32,35,34,28.6,28.3,20.9,35.7,34.2,26.8,4.7,28.5,5.0,29.6,34.0,5.2,29.05,5.1,33.666666666666664,11.333333333333334,28.51,29.3,29.33762376237624
5,4,Garrett Temple,0.0,BKN,UTA,7.0,219.0,106.0,11,13.3,22.0,39.3,SG/SF,3700,1,13.0,15.0,101,95,-23%,7,7,5,20,24,21,21.9,16.8,6.6,27.0,29.7,16.3,4.4,17.8,4.8,18.4,29.5,5.0,18.1,4.9,21.666666666666668,6.333333333333333,18.080000000000002,24.866666666666664,24.643846153846155
5,5,Danilo Gallinari,0.0,OKC,IND,1.5,213.0,105.8,1,25.0,31.6,40.8,SF/PF,6400,1,23.0,20.0,102,103,-28%,14,13,13,30,30,29,31.3,29.9,24.6,35.3,24.4,21.0,3.3,29.0,4.53,30.2,30.0,4.7,29.6,4.615,29.666666666666668,13.333333333333334,30.139999999999997,32.46666666666667,29.93258426966292
5,6,Anthony Tolliver,0.0,POR,SAC,-2.0,222.0,112.0,15,1.3,10.5,16.3,PF/C,3300,1,11.0,6.0,102,110,-8%,4,4,4,13,18,17,10.4,10.1,1.2,18.9,18.9,8.0,2.4,11.5,3.48,11.6,18.5,3.5,11.55,3.49,16.0,4.0,10.430000000000001,9.366666666666667,13.3546875
5,7,Collin Sexton,0.0,CLE,PHI,10.0,219.0,104.5,27,20.5,29.4,42.5,PG/SG,5700,1,26.0,15.0,106,102,3%,18,17,16,31,32,31,29.6,27.1,19.8,34.4,33.3,32.3,5.7,24.5,4.3,25.3,31.5,4.4,24.9,4.35,31.333333333333332,17.0,27.159999999999997,30.8,25.032446808510638
6,0,CJ McCollum,0.0,POR,SAC,-2.0,222.0,112.0,22,19.3,29.1,46.0,PG/SG,6500,1,26.0,11.0,102,110,4%,21,19,20,41,39,38,29.1,32.1,20.7,43.6,36.8,33.8,5.2,31.0,4.77,33.9,36.5,5.2,32.45,4.984999999999999,39.333333333333336,20.0,31.590000000000003,31.46666666666667,30.1125
6,1,Langston Galloway,0.0,DET,MIA,8.5,215.0,103.3,11,14.5,23.7,30.8,PG/SG,4000,0,17.0,17.0,106,98,-18%,11,9,8,28,26,24,23.6,20.0,13.6,26.3,28.6,17.8,4.5,14.0,3.5,18.5,25.0,4.6,16.25,4.05,26.0,9.333333333333334,19.95,23.0,15.625
6,2,Joe Ingles,0.0,UTA,BKN,-7.0,219.0,113.0,25,10.8,19.4,26.8,SF/PF,4500,0,14.0,8.0,109,109,-19%,7,8,7,24,27,28,19.4,19.5,12.9,26.2,32.2,13.8,3.1,22.3,4.94,20.8,27.5,4.6,21.55,4.77,26.333333333333332,7.333333333333333,19.91,19.0,22.50474683544304
6,3,Kevin Porter Jr.,0.0,CLE,PHI,10.0,219.0,104.5,12,9.0,14.3,19.0,SG/SF,3200,1,19.0,7.0,106,102,3%,10,7,7,22,20,19,14.3,12.5,8.2,16.8,16.3,8.0,2.5,14.0,4.38,13.9,20.0,4.3,13.95,4.34,20.333333333333332,8.0,13.15,14.1,13.721311475409836
6,4,Josh Richardson,0.0,PHI,CLE,-10.0,219.0,114.5,8,17.8,28.6,41.5,SG/SF,5700,1,20.0,11.0,103,106,17%,10,12,12,32,35,34,28.6,28.3,20.9,35.7,34.2,26.8,4.7,28.5,5.0,29.6,34.0,5.2,29.05,5.1,33.666666666666664,11.333333333333334,28.51,29.3,29.33762376237624
6,5,Julius Randle,0.0,NY,CHI,6.5,212.5,103.0,29,19.3,31.2,41.5,PF/C,7200,1,26.0,13.0,105,105,10%,15,13,14,34,32,33,31.2,34.8,24.9,44.7,36.7,32.5,4.5,39.5,5.49,40.3,34.0,5.6,39.9,5.545,33.0,14.0,35.1,30.666666666666668,41.10909090909091
6,6,Nikola Jokic,0.0,DEN,ATL,-10.0,209.0,109.5,2,25.3,38.3,57.5,C,8300,1,28.0,20.0,103,104,-3%,23,15,15,37,31,31,38.3,41.9,28.8,55.1,30.7,43.5,5.2,48.3,5.81,45.4,31.5,5.5,46.849999999999994,5.654999999999999,33.0,17.666666666666668,42.19,40.36666666666667,44.72045454545454
6,7,Dzanan Musa,0.0,BKN,UTA,7.0,219.0,106.0,21,-1.0,4.5,18.5,SF/PF,3300,1,0.0,0.0,101,95,-23%,7,3,3,13,8,8,5.2,5.2,-3.9,14.2,15.4,11.0,3.3,3.5,1.06,8.3,10.5,2.5,5.9,1.78,9.666666666666666,4.333333333333333,5.32,7.333333333333333,6.408620689655174
7,0,Dennis Smith Jr.,0.0,NY,CHI,6.5,212.5,103.0,24,3.5,14.1,32.8,PG,3300,1,0.0,0.0,105,105,-15%,4,4,4,8,9,9,3.9,3.9,3.4,4.4,14.3,5.5,1.7,14.5,4.39,10.5,13.0,3.2,12.5,3.795,8.666666666666666,4.0,5.62,16.8,18.750000000000004
7,1,Matisse Thybulle,0.0,PHI,CLE,-10.0,219.0,114.5,8,-1.0,8.6,25.8,SG/SF,3000,1,18.0,3.0,103,106,4%,2,3,4,8,12,16,8.6,10.9,1.3,20.6,12.7,17.5,5.8,4.8,1.58,0.0,0.0,0.0,2.4,0.79,12.0,3.0,8.76,11.133333333333333,0.0
7,2,Danilo Gallinari,0.0,OKC,IND,1.5,213.0,105.8,1,25.0,31.6,40.8,SF/PF,6400,1,23.0,20.0,102,103,-28%,14,13,13,30,30,29,31.3,29.9,24.6,35.3,24.4,21.0,3.3,29.0,4.53,30.2,30.0,4.7,29.6,4.615,29.666666666666668,13.333333333333334,30.139999999999997,32.46666666666667,29.93258426966292
7,3,Kyle Kuzma,0.0,LAL,PHO,-2.5,219.5,111.0,6,9.3,16.0,22.8,SF/PF,4600,1,25.0,6.0,106,101,-6%,11,11,11,25,21,21,16.0,16.0,10.3,21.7,25.1,31.0,6.7,23.0,5.0,21.8,26.0,4.7,22.4,4.85,22.333333333333332,11.0,17.28,16.033333333333335,26.077611940298507
7,4,Shai Gilgeous-Alexander,0.0,OKC,IND,1.5,213.0,105.8,5,21.3,33.7,43.5,PG/SG,7000,1,25.0,19.0,102,103,9%,17,16,17,37,36,35,33.6,36.1,26.6,45.6,28.2,19.0,2.7,32.0,4.57,34.5,36.0,4.9,33.25,4.735,36.0,16.666666666666668,35.03,32.833333333333336,33.25
7,5,Marcus Morris,0.0,NY,CHI,6.5,212.5,103.0,18,17.0,37.6,50.8,SF/PF,6300,1,0.0,0.0,105,105,10%,17,16,14,36,36,34,37.6,31.1,18.1,44.0,31.6,35.3,5.6,31.3,4.96,30.2,34.5,4.8,30.75,4.88,35.333333333333336,15.666666666666666,32.31,35.13333333333333,30.024764150943394
7,6,Tristan Thompson,0.0,CLE,PHI,10.0,219.0,104.5,28,25.3,37.7,51.0,C,6700,1,20.0,24.0,106,102,-4%,11,11,13,33,33,34,37.5,40.1,30.6,49.6,32.6,35.0,5.2,34.3,5.11,34.3,33.0,5.1,34.3,5.105,33.333333333333336,11.666666666666666,38.419999999999995,38.0,33.956999999999994
7,7,Darius Garland,0.0,CLE,PHI,10.0,219.0,104.5,27,7.8,18.8,30.0,PG,4400,1,21.0,6.0,106,102,3%,10,10,10,33,29,28,18.8,17.8,10.5,25.0,28.3,18.8,4.3,22.8,5.17,21.2,30.5,4.8,22.0,4.984999999999999,30.0,10.0,18.82,18.866666666666667,22.366666666666664
8,0,Avery Bradley,0.0,LAL,PHO,-2.5,219.5,111.0,4,19.3,22.4,24.3,PG/SG,4200,1,16.0,11.0,106,101,-9%,10,10,9,28,29,28,22.4,19.5,14.1,24.9,27.7,18.0,4.3,13.8,3.27,15.9,26.5,3.8,14.850000000000001,3.535,28.333333333333332,9.666666666666666,19.15,22.0,13.889117647058825
8,1,CJ McCollum,0.0,POR,SAC,-2.0,222.0,112.0,22,19.3,29.1,46.0,PG/SG,6500,1,26.0,11.0,102,110,4%,21,19,20,41,39,38,29.1,32.1,20.7,43.6,36.8,33.8,5.2,31.0,4.77,33.9,36.5,5.2,32.45,4.984999999999999,39.333333333333336,20.0,31.590000000000003,31.46666666666667,30.1125
8,2,Thon Maker,0.0,DET,MIA,8.5,215.0,103.3,11,1.5,8.4,12.0,PF/C,3100,0,11.0,7.0,106,98,-14%,2,2,2,15,12,14,8.3,8.5,4.2,12.8,20.4,22.0,7.1,13.5,4.35,8.4,11.0,2.7,10.95,3.525,13.666666666666666,2.0,8.95,7.3,8.81341463414634
8,3,Svi Mykhailiuk,0.0,DET,MIA,8.5,215.0,103.3,13,-1.0,7.0,12.5,SG/SF,3100,0,14.0,8.0,106,98,-5%,3,3,3,11,16,15,7.0,7.7,2.4,12.9,5.8,10.3,3.3,13.3,4.27,9.6,14.0,3.1,11.45,3.6849999999999996,14.0,3.0,8.290000000000001,6.166666666666667,11.45
8,4,Jamal Murray,0.0,DEN,ATL,-10.0,209.0,109.5,26,24.3,34.5,53.0,PG/SG,6300,1,27.0,16.0,103,104,-14%,19,16,16,36,33,34,34.5,33.6,24.2,42.9,33.3,37.8,6.0,34.0,5.4,33.9,32.5,5.4,33.95,5.4,34.333333333333336,17.0,33.83,37.266666666666666,32.137135922330096
8,5,Nicolas Claxton,0.0,BKN,UTA,7.0,219.0,106.0,6,9.5,13.3,17.0,PF/C,3100,1,0.0,0.0,101,95,-5%,4,4,4,12,12,12,13.3,13.3,7.9,18.6,11.8,6.0,1.9,5.3,1.69,0.0,0.0,0.0,2.65,0.845,12.0,4.0,11.15,13.266666666666666,0.0
8,6,Jerami Grant,0.0,DEN,ATL,-10.0,209.0,109.5,23,7.3,16.4,30.3,PF/C,3900,1,19.0,10.0,103,104,17%,6,8,8,16,22,22,16.4,15.4,7.8,22.9,18.2,13.8,3.5,15.0,3.85,15.1,20.5,3.9,15.05,3.875,20.0,7.333333333333333,15.51,18.0,15.426250000000001
8,7,Gary Trent Jr.,0.0,POR,SAC,-2.0,222.0,112.0,3,0.0,5.4,15.3,SG,3000,1,0.0,0.0,102,110,4%,6,3,2,15,9,8,5.3,4.5,-1.3,10.2,14.0,9.8,3.3,8.3,2.75,8.2,12.0,2.7,8.25,2.725,10.666666666666666,3.6666666666666665,5.39,6.900000000000001,9.28125
9,0,Matthew Dellavedova,0.0,CLE,PHI,10.0,219.0,104.5,27,4.3,9.4,12.3,PG/SG,3100,1,16.0,5.0,106,102,3%,5,4,4,12,14,15,9.8,9.9,6.6,13.1,12.0,5.0,1.6,10.3,3.31,8.8,12.5,2.8,9.55,3.0549999999999997,13.666666666666666,4.333333333333333,9.790000000000001,8.666666666666666,8.734756097560977
9,1,Jimmy Butler,0.0,MIA,DET,-8.5,215.0,111.8,26,33.3,43.5,50.8,SG/SF,7800,3,26.0,25.0,103,108,-4%,16,14,13,36,33,32,43.5,42.0,34.4,49.7,39.0,48.8,6.3,43.8,5.61,44.6,37.0,5.7,44.2,5.655,33.666666666666664,14.333333333333334,42.760000000000005,42.53333333333333,48.57623762376239
9,2,Thaddeus Young,0.0,CHI,NY,-6.5,212.5,109.5,13,9.3,21.4,30.8,SF/PF,4800,2,21.0,15.0,101,108,2%,8,8,9,21,23,22,21.4,20.2,12.4,27.9,29.8,19.8,4.1,23.0,4.79,23.6,24.5,4.9,23.3,4.845000000000001,22.0,8.333333333333334,21.04,20.5,25.947727272727274
9,3,Darius Bazley,0.0,OKC,IND,1.5,213.0,105.8,1,6.5,16.2,26.3,SF/PF,3100,1,14.0,8.0,102,103,-12%,3,6,4,18,19,18,16.2,12.2,4.2,20.2,22.9,16.0,5.2,12.5,4.03,13.5,19.0,4.4,13.0,4.215,18.333333333333332,4.333333333333333,13.16,16.333333333333332,13.472727272727273
9,4,Kentavious Caldwell-Pope,0.0,LAL,PHO,-2.5,219.5,111.0,28,1.3,9.6,17.8,SG/SF,3300,1,16.0,6.0,106,101,-9%,4,6,6,11,19,21,9.6,12.0,4.1,19.9,8.5,2.0,0.6,14.3,4.32,10.2,15.0,3.1,12.25,3.71,17.0,5.333333333333333,11.57,9.566666666666668,10.808823529411764
9,5,Bojan Bogdanovic,0.0,UTA,BKN,-7.0,219.0,113.0,25,18.5,32.2,40.3,SF/PF,6400,0,26.0,20.0,109,109,-19%,17,16,15,34,35,32,32.2,31.6,22.5,40.7,30.1,21.0,3.3,31.5,4.92,31.6,34.0,4.9,31.55,4.91,33.666666666666664,16.0,31.71,30.333333333333332,31.862376237623764
9,6,Dwight Howard,0.0,LAL,PHO,-2.5,219.5,111.0,19,10.5,20.9,38.3,C,4300,1,11.0,19.0,106,101,2%,3,3,4,16,21,20,20.9,21.6,11.3,32.0,20.2,25.3,5.9,21.3,4.94,19.9,18.5,4.6,20.6,4.77,19.0,3.3333333333333335,21.28,23.23333333333333,20.057894736842105
9,7,Goran Dragic,0.0,MIA,DET,-8.5,215.0,111.8,2,8.3,27.2,40.0,PG,5600,3,24.0,18.0,103,108,8%,16,11,11,33,28,28,27.2,30.0,18.9,41.2,32.9,31.3,5.6,32.0,5.71,32.0,32.0,5.7,32.0,5.705,29.666666666666668,12.666666666666666,29.860000000000003,25.166666666666668,34.51685393258427
10,0,Donovan Mitchell,0.0,UTA,BKN,-7.0,219.0,113.0,29,33.3,42.6,55.0,PG/SG,7900,0,31.0,23.0,109,109,5%,20,20,19,36,35,34,42.6,40.8,31.6,50.0,37.7,41.5,5.3,43.0,5.44,41.0,35.0,5.2,42.0,5.32,35.0,19.666666666666668,41.4,43.63333333333333,42.0
10,1,Svi Mykhailiuk,0.0,DET,MIA,8.5,215.0,103.3,13,-1.0,7.0,12.5,SG/SF,3100,0,14.0,8.0,106,98,-5%,3,3,3,11,16,15,7.0,7.7,2.4,12.9,5.8,10.3,3.3,13.3,4.27,9.6,14.0,3.1,11.45,3.6849999999999996,14.0,3.0,8.290000000000001,6.166666666666667,11.45
10,2,Tobias Harris,0.0,PHI,CLE,-10.0,219.0,114.5,10,28.3,38.0,44.5,SF/PF,6800,1,22.0,17.0,103,106,17%,12,14,14,31,34,35,38.0,37.8,31.1,44.4,32.6,19.8,2.9,35.8,5.26,35.8,34.5,5.3,35.8,5.279999999999999,33.333333333333336,13.333333333333334,37.419999999999995,36.93333333333333,37.053
10,3,Darius Bazley,0.0,OKC,IND,1.5,213.0,105.8,1,6.5,16.2,26.3,SF/PF,3100,1,14.0,8.0,102,103,-12%,3,6,4,18,19,18,16.2,12.2,4.2,20.2,22.9,16.0,5.2,12.5,4.03,13.5,19.0,4.4,13.0,4.215,18.333333333333332,4.333333333333333,13.16,16.333333333333332,13.472727272727273
10,4,Tim Frazier,0.0,DET,MIA,8.5,215.0,103.3,11,8.8,14.4,17.3,PG,3000,0,21.0,7.0,106,98,-4%,5,6,5,14,18,15,14.4,11.6,5.3,17.8,13.1,15.0,5.0,12.5,4.17,15.6,20.0,5.2,14.05,4.6850000000000005,15.666666666666666,5.333333333333333,12.629999999999999,13.5,17.93617021276596
10,5,Thaddeus Young,0.0,CHI,NY,-6.5,212.5,109.5,13,9.3,21.4,30.8,SF/PF,4800,2,21.0,15.0,101,108,2%,8,8,9,21,23,22,21.4,20.2,12.4,27.9,29.8,19.8,4.1,23.0,4.79,23.6,24.5,4.9,23.3,4.845000000000001,22.0,8.333333333333334,21.04,20.5,25.947727272727274
10,6,Paul Millsap,0.0,DEN,ATL,-10.0,209.0,109.5,23,13.3,25.3,37.5,PF/C,4900,1,18.0,17.0,103,104,-15%,10,8,9,35,26,27,25.3,24.7,15.4,34.0,29.9,32.5,6.6,29.8,6.07,27.0,27.5,5.5,28.4,5.785,29.333333333333332,9.0,25.560000000000002,25.366666666666664,26.625
10,7,Rudy Gobert,0.0,UTA,BKN,-7.0,219.0,113.0,23,29.8,40.7,51.5,C,7500,0,14.0,15.0,109,109,12%,7,7,6,36,36,34,40.3,34.0,22.5,45.4,37.5,48.3,6.4,44.3,5.9,40.5,34.5,5.4,42.4,5.65,35.333333333333336,6.666666666666667,36.92,40.666666666666664,41.4
12,0,Darius Garland,0.0,CLE,PHI,10.0,219.0,104.5,27,7.8,18.8,30.0,PG,4400,1,21.0,6.0,106,102,3%,10,10,10,33,29,28,18.8,17.8,10.5,25.0,28.3,18.8,4.3,22.8,5.17,21.2,30.5,4.8,22.0,4.984999999999999,30.0,10.0,18.82,18.866666666666667,22.366666666666664
12,1,CJ McCollum,0.0,POR,SAC,-2.0,222.0,112.0,22,19.3,29.1,46.0,PG/SG,6500,1,26.0,11.0,102,110,4%,21,19,20,41,39,38,29.1,32.1,20.7,43.6,36.8,33.8,5.2,31.0,4.77,33.9,36.5,5.2,32.45,4.984999999999999,39.333333333333336,20.0,31.590000000000003,31.46666666666667,30.1125
12,2,Marcus Morris,0.0,NY,CHI,6.5,212.5,103.0,18,17.0,37.6,50.8,SF/PF,6300,1,0.0,0.0,105,105,10%,17,16,14,36,36,34,37.6,31.1,18.1,44.0,31.6,35.3,5.6,31.3,4.96,30.2,34.5,4.8,30.75,4.88,35.333333333333336,15.666666666666666,32.31,35.13333333333333,30.024764150943394
12,3,Kevin Knox,0.0,NY,CHI,6.5,212.5,103.0,18,8.8,18.1,24.5,SF/PF,4100,1,0.0,0.0,105,105,1%,7,7,8,19,23,23,18.1,19.2,13.6,24.8,32.0,20.3,5.0,19.5,4.76,17.5,22.5,4.3,18.5,4.529999999999999,21.666666666666668,7.333333333333333,18.839999999999996,17.133333333333336,19.21153846153846
12,4,Josh Richardson,0.0,PHI,CLE,-10.0,219.0,114.5,8,17.8,28.6,41.5,SG/SF,5700,1,20.0,11.0,103,106,17%,10,12,12,32,35,34,28.6,28.3,20.9,35.7,34.2,26.8,4.7,28.5,5.0,29.6,34.0,5.2,29.05,5.1,33.666666666666664,11.333333333333334,28.51,29.3,29.33762376237624
12,5,Skal Labissiere,0.0,POR,SAC,-2.0,222.0,112.0,15,2.3,13.4,24.5,PF/C,3200,1,17.0,16.0,102,110,-8%,2,5,4,13,17,14,13.3,12.9,5.5,20.3,18.9,15.5,4.8,12.5,3.91,14.0,16.5,4.4,13.25,4.155,14.666666666666666,3.6666666666666665,13.05,13.4,14.90625
12,6,Joel Embiid,0.0,PHI,CLE,-10.0,219.0,114.5,21,32.3,47.4,66.8,C,9400,1,34.0,28.0,103,106,0%,14,15,15,27,29,28,47.4,46.8,34.4,59.2,35.1,61.0,6.5,54.5,5.8,55.5,32.0,5.9,55.0,5.85,28.0,14.666666666666666,48.559999999999995,48.833333333333336,62.857142857142854
12,7,James Ennis III,0.0,PHI,CLE,-10.0,219.0,114.5,10,3.8,12.3,23.8,SF/PF,3100,1,16.0,15.0,103,106,17%,6,4,4,15,15,15,12.3,13.1,5.7,20.4,17.8,12.8,4.1,14.0,4.52,10.5,14.0,3.4,12.25,3.96,15.0,4.666666666666667,12.75,13.300000000000002,11.433333333333334
13,0,Tyrone Wallace,0.0,ATL,DEN,10.0,209.0,99.5,1,3.3,7.7,17.3,PG/SG,3000,1,18.0,8.0,100,99,-2%,2,4,4,12,13,13,7.7,8.8,2.9,14.7,8.8,7.5,2.5,7.8,2.58,11.3,16.5,3.8,9.55,3.19,12.666666666666666,3.3333333333333335,8.73,9.433333333333334,12.44013157894737
13,1,CJ McCollum,0.0,POR,SAC,-2.0,222.0,112.0,22,19.3,29.1,46.0,PG/SG,6500,1,26.0,11.0,102,110,4%,21,19,20,41,39,38,29.1,32.1,20.7,43.6,36.8,33.8,5.2,31.0,4.77,33.9,36.5,5.2,32.45,4.984999999999999,39.333333333333336,20.0,31.590000000000003,31.46666666666667,30.1125
13,2,Dzanan Musa,0.0,BKN,UTA,7.0,219.0,106.0,21,-1.0,4.5,18.5,SF/PF,3300,1,0.0,0.0,101,95,-23%,7,3,3,13,8,8,5.2,5.2,-3.9,14.2,15.4,11.0,3.3,3.5,1.06,8.3,10.5,2.5,5.9,1.78,9.666666666666666,4.333333333333333,5.32,7.333333333333333,6.408620689655174
13,3,Dario Saric,0.0,PHO,LAL,2.5,219.5,108.5,2,14.0,25.1,45.3,SF/PF,4800,1,17.0,11.0,103,96,-22%,9,10,9,28,27,27,25.1,23.1,11.5,34.8,34.6,31.3,6.5,23.0,4.79,21.6,26.5,4.5,22.3,4.645,27.333333333333332,9.333333333333334,23.36,28.133333333333336,21.620121951219513
13,4,Devin Booker,0.0,PHO,LAL,2.5,219.5,108.5,28,24.3,40.0,51.5,PG/SG,8100,1,28.0,22.0,103,96,6%,14,16,17,34,34,34,40.0,39.4,29.7,49.1,39.2,37.8,4.7,39.5,4.88,41.7,33.5,5.1,40.6,4.99,34.0,15.666666666666666,39.76,38.6,40.002941176470586
13,5,Mario Hezonja,0.0,POR,SAC,-2.0,222.0,112.0,23,9.8,20.3,37.5,SF/PF,4200,1,13.0,7.0,102,110,4%,7,8,6,22,26,23,20.3,17.1,7.9,26.3,22.4,7.8,1.9,19.8,4.7,18.3,24.5,4.4,19.05,4.550000000000001,23.666666666666668,7.0,18.130000000000003,22.53333333333333,19.720774647887325
13,6,Jarrett Allen,0.0,BKN,UTA,7.0,219.0,106.0,6,5.5,23.2,36.8,PF/C,5000,1,14.0,16.0,101,95,-5%,5,6,6,24,25,26,23.2,24.8,14.9,34.7,17.6,17.3,3.5,22.0,4.4,23.4,25.5,4.7,22.7,4.550000000000001,25.0,5.666666666666667,24.060000000000002,21.833333333333332,23.153999999999996
13,7,Alize Johnson,0.0,IND,OKC,-1.5,213.0,107.3,5,0.0,7.1,28.3,PF,3000,1,0.0,0.0,103,102,-12%,2,2,2,9,9,9,3.5,3.5,3.1,3.9,6.0,7.0,2.3,5.3,1.75,0.0,0.0,0.0,2.65,0.875,9.0,2.0,3.3299999999999996,11.799999999999999,0.0
14,0,Kris Dunn,0.0,CHI,NY,-6.5,212.5,109.5,16,11.5,19.0,27.3,PG/SG,3900,2,16.0,14.0,101,108,-6%,9,6,6,21,19,20,19.0,18.1,11.4,24.8,19.3,29.8,7.6,18.8,4.81,18.5,20.0,4.7,18.65,4.755,20.0,7.0,18.390000000000004,19.266666666666666,18.65
14,1,Zach LaVine,0.0,CHI,NY,-6.5,212.5,109.5,16,24.3,34.3,49.3,PG/SG,7100,2,29.0,16.0,101,108,-6%,14,17,17,32,32,32,34.5,34.5,22.1,47.0,30.6,37.0,5.2,36.0,5.07,37.2,32.0,5.2,36.6,5.135,32.0,16.0,34.94,35.96666666666666,36.6
14,2,Mason Plumlee,0.0,DEN,ATL,-10.0,209.0,109.5,23,12.3,18.9,27.3,PF/C,4100,1,19.0,18.0,103,104,-3%,2,4,4,14,16,16,18.9,18.6,12.9,24.2,17.3,18.5,4.5,19.5,4.76,16.0,14.5,3.9,17.75,4.33,15.333333333333334,3.3333333333333335,18.470000000000002,19.5,16.78532608695652
14,3,Jimmy Butler,0.0,MIA,DET,-8.5,215.0,111.8,26,33.3,43.5,50.8,SG/SF,7800,3,26.0,25.0,103,108,-4%,16,14,13,36,33,32,43.5,42.0,34.4,49.7,39.0,48.8,6.3,43.8,5.61,44.6,37.0,5.7,44.2,5.655,33.666666666666664,14.333333333333334,42.760000000000005,42.53333333333333,48.57623762376239
14,4,Mike Conley,0.0,UTA,BKN,-7.0,219.0,113.0,29,8.3,28.4,37.5,PG,6200,0,26.0,9.0,109,109,20%,13,13,13,32,33,30,28.4,25.5,13.0,38.0,30.1,29.5,4.8,34.3,5.52,33.4,32.0,5.4,33.849999999999994,5.46,31.666666666666668,13.0,27.75,24.733333333333334,34.20631578947368
14,5,Thaddeus Young,0.0,CHI,NY,-6.5,212.5,109.5,13,9.3,21.4,30.8,SF/PF,4800,2,21.0,15.0,101,108,2%,8,8,9,21,23,22,21.4,20.2,12.4,27.9,29.8,19.8,4.1,23.0,4.79,23.6,24.5,4.9,23.3,4.845000000000001,22.0,8.333333333333334,21.04,20.5,25.947727272727274
14,6,Tristan Thompson,0.0,CLE,PHI,10.0,219.0,104.5,28,25.3,37.7,51.0,C,6700,1,20.0,24.0,106,102,-4%,11,11,13,33,33,34,37.5,40.1,30.6,49.6,32.6,35.0,5.2,34.3,5.11,34.3,33.0,5.1,34.3,5.105,33.333333333333336,11.666666666666666,38.419999999999995,38.0,33.956999999999994
14,7,Tomas Satoransky,0.0,CHI,NY,-6.5,212.5,109.5,16,14.5,28.3,49.8,PG/SF,5400,2,18.0,15.0,101,108,-6%,12,8,7,27,27,26,28.3,23.2,12.0,34.4,23.4,10.0,1.9,23.0,4.26,23.5,27.0,4.4,23.25,4.33,26.666666666666668,9.0,24.23,30.866666666666664,23.540625
15,0,Langston Galloway,0.0,DET,MIA,8.5,215.0,103.3,11,14.5,23.7,30.8,PG/SG,4000,0,17.0,17.0,106,98,-18%,11,9,8,28,26,24,23.6,20.0,13.6,26.3,28.6,17.8,4.5,14.0,3.5,18.5,25.0,4.6,16.25,4.05,26.0,9.333333333333334,19.95,23.0,15.625
15,1,Anfernee Simons,0.0,POR,SAC,-2.0,222.0,112.0,22,19.8,24.7,31.3,PG/SG,4900,1,21.0,18.0,102,110,4%,13,11,9,30,24,20,24.7,18.2,9.7,26.7,27.8,10.0,2.0,19.8,4.03,20.5,24.5,4.2,20.15,4.115,24.666666666666668,11.0,19.889999999999997,25.266666666666666,20.01385135135135
15,2,Jabari Parker,0.0,ATL,DEN,10.0,209.0,99.5,19,30.3,39.8,57.3,SF/PF,7300,1,25.0,22.0,100,99,-14%,21,16,13,35,31,27,39.8,29.8,15.3,44.2,33.3,36.8,5.0,27.0,3.7,34.5,32.5,4.7,30.75,4.2,31.0,16.666666666666668,31.97,42.46666666666666,32.23790322580645
15,3,Duncan Robinson,0.0,MIA,DET,-8.5,215.0,111.8,26,4.5,18.3,39.0,SG/SF,3700,3,14.0,12.0,103,108,8%,6,8,7,26,25,22,18.3,15.7,3.3,28.1,29.3,13.0,3.5,21.3,5.74,20.0,30.5,5.4,20.65,5.57,24.333333333333332,7.0,17.21,20.599999999999998,25.88321917808219
15,4,Kentavious Caldwell-Pope,0.0,LAL,PHO,-2.5,219.5,111.0,28,1.3,9.6,17.8,SG/SF,3300,1,16.0,6.0,106,101,-9%,4,6,6,11,19,21,9.6,12.0,4.1,19.9,8.5,2.0,0.6,14.3,4.32,10.2,15.0,3.1,12.25,3.71,17.0,5.333333333333333,11.57,9.566666666666668,10.808823529411764
15,5,Julius Randle,0.0,NY,CHI,6.5,212.5,103.0,29,19.3,31.2,41.5,PF/C,7200,1,26.0,13.0,105,105,10%,15,13,14,34,32,33,31.2,34.8,24.9,44.7,36.7,32.5,4.5,39.5,5.49,40.3,34.0,5.6,39.9,5.545,33.0,14.0,35.1,30.666666666666668,41.10909090909091
15,6,Bam Adebayo,0.0,MIA,DET,-8.5,215.0,111.8,9,25.8,34.8,49.0,C,6800,3,19.0,20.0,103,108,-5%,8,7,8,37,32,32,34.8,37.9,29.3,46.4,27.7,38.0,5.6,40.3,5.92,39.6,35.0,5.8,39.95,5.859999999999999,33.666666666666664,7.666666666666667,37.67,36.53333333333333,41.53217821782179
15,7,Nikola Jokic,0.0,DEN,ATL,-10.0,209.0,109.5,2,25.3,38.3,57.5,C,8300,1,28.0,20.0,103,104,-3%,23,15,15,37,31,31,38.3,41.9,28.8,55.1,30.7,43.5,5.2,48.3,5.81,45.4,31.5,5.5,46.849999999999994,5.654999999999999,33.0,17.666666666666668,42.19,40.36666666666667,44.72045454545454
17,0,Collin Sexton,0.0,CLE,PHI,10.0,219.0,104.5,27,20.5,29.4,42.5,PG/SG,5700,1,26.0,15.0,106,102,3%,18,17,16,31,32,31,29.6,27.1,19.8,34.4,33.3,32.3,5.7,24.5,4.3,25.3,31.5,4.4,24.9,4.35,31.333333333333332,17.0,27.159999999999997,30.8,25.032446808510638
17,1,Langston Galloway,0.0,DET,MIA,8.5,215.0,103.3,11,14.5,23.7,30.8,PG/SG,4000,0,17.0,17.0,106,98,-18%,11,9,8,28,26,24,23.6,20.0,13.6,26.3,28.6,17.8,4.5,14.0,3.5,18.5,25.0,4.6,16.25,4.05,26.0,9.333333333333334,19.95,23.0,15.625
17,2,T.J. Warren,0.0,IND,OKC,-1.5,213.0,107.3,9,25.0,34.0,48.5,SF/PF,5700,1,21.0,15.0,103,102,0%,16,16,15,34,36,35,34.0,27.0,14.0,40.0,31.4,37.3,6.5,28.3,4.96,28.1,33.5,4.9,28.200000000000003,4.93,35.0,15.666666666666666,28.639999999999997,35.833333333333336,26.991428571428575
17,3,Svi Mykhailiuk,0.0,DET,MIA,8.5,215.0,103.3,13,-1.0,7.0,12.5,SG/SF,3100,0,14.0,8.0,106,98,-5%,3,3,3,11,16,15,7.0,7.7,2.4,12.9,5.8,10.3,3.3,13.3,4.27,9.6,14.0,3.1,11.45,3.6849999999999996,14.0,3.0,8.290000000000001,6.166666666666667,11.45
17,4,David Nwaba,0.0,BKN,UTA,7.0,219.0,106.0,11,4.0,8.4,16.5,SG/SF,3200,1,8.0,6.0,101,95,-23%,2,2,2,14,13,13,8.4,8.0,3.5,12.5,5.3,8.8,2.8,10.8,3.36,11.8,18.5,3.7,11.3,3.5300000000000002,13.333333333333334,2.0,8.74,9.633333333333333,15.67875
17,5,Harrison Barnes,0.0,SAC,POR,2.0,222.0,110.0,28,30.5,34.3,39.5,SF/PF,5900,3,18.0,18.0,106,106,7%,13,14,12,37,37,34,34.5,28.3,19.7,36.8,32.0,25.0,4.2,29.5,5.0,30.6,35.5,5.2,30.05,5.1,36.0,13.0,29.869999999999997,34.766666666666666,29.63263888888889
17,6,Mike Muscala,0.0,OKC,IND,1.5,213.0,105.8,21,0.0,11.8,21.3,PF/C,3600,1,18.0,6.0,102,103,-12%,7,4,4,17,12,12,9.9,9.6,2.0,17.1,8.4,6.5,1.8,10.3,2.85,0.0,0.0,0.0,5.15,1.425,13.666666666666666,5.0,8.75,11.033333333333333,0.0
17,7,Lauri Markkanen,0.0,CHI,NY,-6.5,212.5,109.5,25,14.3,25.0,36.3,PF/C,6400,2,22.0,15.0,101,108,2%,11,9,12,34,30,31,24.9,30.4,17.1,43.6,27.9,27.5,4.3,34.5,5.39,34.7,31.5,5.4,34.6,5.395,31.666666666666668,10.666666666666666,30.119999999999997,25.2,34.41789473684211
18,0,Darius Garland,0.0,CLE,PHI,10.0,219.0,104.5,27,7.8,18.8,30.0,PG,4400,1,21.0,6.0,106,102,3%,10,10,10,33,29,28,18.8,17.8,10.5,25.0,28.3,18.8,4.3,22.8,5.17,21.2,30.5,4.8,22.0,4.984999999999999,30.0,10.0,18.82,18.866666666666667,22.366666666666664
18,1,Collin Sexton,0.0,CLE,PHI,10.0,219.0,104.5,27,20.5,29.4,42.5,PG/SG,5700,1,26.0,15.0,106,102,3%,18,17,16,31,32,31,29.6,27.1,19.8,34.4,33.3,32.3,5.7,24.5,4.3,25.3,31.5,4.4,24.9,4.35,31.333333333333332,17.0,27.159999999999997,30.8,25.032446808510638
18,2,Dario Saric,0.0,PHO,LAL,2.5,219.5,108.5,2,14.0,25.1,45.3,SF/PF,4800,1,17.0,11.0,103,96,-22%,9,10,9,28,27,27,25.1,23.1,11.5,34.8,34.6,31.3,6.5,23.0,4.79,21.6,26.5,4.5,22.3,4.645,27.333333333333332,9.333333333333334,23.36,28.133333333333336,21.620121951219513
18,3,De'Andre Hunter,0.0,ATL,DEN,10.0,209.0,99.5,19,9.0,17.4,28.5,SF/PF,4200,1,16.0,6.0,100,99,-12%,11,10,9,31,31,29,17.4,17.6,10.2,25.0,40.3,25.5,6.1,19.5,4.64,20.2,31.0,4.8,19.85,4.72,30.333333333333332,10.0,18.01,18.3,20.28626373626374
18,4,Zach LaVine,0.0,CHI,NY,-6.5,212.5,109.5,16,24.3,34.3,49.3,PG/SG,7100,2,29.0,16.0,101,108,-6%,14,17,17,32,32,32,34.5,34.5,22.1,47.0,30.6,37.0,5.2,36.0,5.07,37.2,32.0,5.2,36.6,5.135,32.0,16.0,34.94,35.96666666666666,36.6
18,5,Cedi Osman,0.0,CLE,PHI,10.0,219.0,104.5,11,17.0,22.0,26.3,SF/PF,4400,1,14.0,10.0,106,102,-7%,9,10,8,31,32,31,22.0,19.8,11.9,27.6,31.7,8.3,1.9,22.3,5.06,20.1,31.5,4.6,21.200000000000003,4.83,31.333333333333332,9.0,20.500000000000004,21.766666666666666,21.31276595744681
18,6,Nikola Jokic,0.0,DEN,ATL,-10.0,209.0,109.5,2,25.3,38.3,57.5,C,8300,1,28.0,20.0,103,104,-3%,23,15,15,37,31,31,38.3,41.9,28.8,55.1,30.7,43.5,5.2,48.3,5.81,45.4,31.5,5.5,46.849999999999994,5.654999999999999,33.0,17.666666666666668,42.19,40.36666666666667,44.72045454545454
18,7,TJ Leaf,0.0,IND,OKC,-1.5,213.0,107.3,5,5.3,13.0,38.3,PF/C,3200,1,18.0,10.0,103,102,-12%,4,5,5,10,13,12,13.0,10.9,-0.6,22.4,15.2,10.3,3.2,10.0,3.13,10.0,10.5,3.1,10.0,3.115,11.666666666666666,4.666666666666667,11.139999999999999,18.866666666666664,9.0
19,0,Dennis Schroder,0.0,OKC,IND,1.5,213.0,105.8,5,9.8,30.5,45.5,PG/SG,5800,1,26.0,15.0,102,103,-10%,13,13,13,31,30,29,30.4,30.4,17.8,43.1,24.8,16.0,2.8,28.5,4.91,28.1,30.5,4.8,28.3,4.855,30.0,13.0,30.0,28.599999999999998,28.77166666666667
19,1,Shai Gilgeous-Alexander,0.0,OKC,IND,1.5,213.0,105.8,5,21.3,33.7,43.5,PG/SG,7000,1,25.0,19.0,102,103,9%,17,16,17,37,36,35,33.6,36.1,26.6,45.6,28.2,19.0,2.7,32.0,4.57,34.5,36.0,4.9,33.25,4.735,36.0,16.666666666666668,35.03,32.833333333333336,33.25
19,2,Anthony Tolliver,0.0,POR,SAC,-2.0,222.0,112.0,15,1.3,10.5,16.3,PF/C,3300,1,11.0,6.0,102,110,-8%,4,4,4,13,18,17,10.4,10.1,1.2,18.9,18.9,8.0,2.4,11.5,3.48,11.6,18.5,3.5,11.55,3.49,16.0,4.0,10.430000000000001,9.366666666666667,13.3546875
19,3,Thaddeus Young,0.0,CHI,NY,-6.5,212.5,109.5,13,9.3,21.4,30.8,SF/PF,4800,2,21.0,15.0,101,108,2%,8,8,9,21,23,22,21.4,20.2,12.4,27.9,29.8,19.8,4.1,23.0,4.79,23.6,24.5,4.9,23.3,4.845000000000001,22.0,8.333333333333334,21.04,20.5,25.947727272727274
19,4,Kendrick Nunn,0.0,MIA,DET,-8.5,215.0,111.8,2,15.0,21.9,35.0,PG/SG,4700,3,25.0,15.0,103,108,8%,10,12,14,23,26,28,21.9,26.9,17.6,36.2,36.6,35.3,7.5,30.8,6.54,29.0,33.0,6.2,29.9,6.37,25.666666666666668,12.0,26.5,23.96666666666667,38.44285714285714
19,5,Mikal Bridges,0.0,PHO,LAL,2.5,219.5,108.5,18,10.8,17.8,27.5,SG/SF,3700,1,11.0,10.0,103,96,6%,8,5,4,23,21,20,17.8,14.3,7.3,21.3,14.8,13.8,3.7,17.5,4.73,16.7,23.5,4.5,17.1,4.615,21.333333333333332,5.666666666666667,15.560000000000002,18.7,18.836718750000003
19,6,Andre Drummond,0.0,DET,MIA,8.5,215.0,103.3,7,41.5,54.7,74.5,C,8900,0,26.0,26.0,106,98,-14%,13,16,16,31,35,36,54.6,56.5,43.7,69.4,27.6,32.8,3.7,47.5,5.34,52.2,34.5,5.9,49.85,5.62,34.0,15.0,54.81,56.9,50.58308823529412
19,7,Steven Adams,0.0,OKC,IND,1.5,213.0,105.8,25,19.3,26.7,32.3,C,5100,1,17.0,14.0,102,103,13%,7,7,7,26,26,27,26.4,25.9,20.8,30.9,19.1,17.8,3.5,25.0,4.9,27.1,27.0,5.3,26.05,5.1,26.333333333333332,7.0,26.009999999999998,26.099999999999998,26.709493670886076
20,0,Cory Joseph,0.0,SAC,POR,2.0,222.0,110.0,21,2.0,14.1,24.5,PG/SG,3700,3,20.0,12.0,106,106,10%,9,7,6,23,16,17,14.1,13.5,5.5,21.5,38.0,18.0,4.9,25.5,6.89,25.9,30.0,7.0,25.7,6.945,18.666666666666668,7.333333333333333,16.06,13.533333333333333,41.30357142857142
20,1,Devin Booker,0.0,PHO,LAL,2.5,219.5,108.5,28,24.3,40.0,51.5,PG/SG,8100,1,28.0,22.0,103,96,6%,14,16,17,34,34,34,40.0,39.4,29.7,49.1,39.2,37.8,4.7,39.5,4.88,41.7,33.5,5.1,40.6,4.99,34.0,15.666666666666666,39.76,38.6,40.002941176470586
20,2,Nicolas Claxton,0.0,BKN,UTA,7.0,219.0,106.0,6,9.5,13.3,17.0,PF/C,3100,1,0.0,0.0,101,95,-5%,4,4,4,12,12,12,13.3,13.3,7.9,18.6,11.8,6.0,1.9,5.3,1.69,0.0,0.0,0.0,2.65,0.845,12.0,4.0,11.15,13.266666666666666,0.0
20,3,Doug McDermott,0.0,IND,OKC,-1.5,213.0,107.3,9,12.0,21.7,37.3,SF/PF,4100,1,19.0,12.0,103,102,0%,12,10,8,23,22,20,21.7,15.6,5.6,25.5,26.4,13.8,3.4,17.5,4.27,16.3,24.0,4.0,16.9,4.135,21.666666666666668,10.0,17.059999999999995,23.666666666666668,18.72
20,4,Kyrie Irving,0.0,BKN,UTA,7.0,219.0,106.0,3,27.5,47.3,62.0,PG,9300,1,35.0,30.0,101,95,-19%,22,21,22,32,33,33,47.6,52.1,38.0,66.2,36.7,41.3,4.4,45.0,4.84,48.9,34.0,5.3,46.95,5.07,32.666666666666664,21.666666666666668,50.17,45.6,48.86632653061225
20,5,Kyle O'Quinn,0.0,PHI,CLE,-10.0,219.0,114.5,30,1.3,11.4,25.3,PF/C,3000,1,20.0,17.0,103,106,0%,3,4,3,8,10,9,11.3,10.5,2.6,18.4,9.4,10.0,3.3,20.3,6.75,17.5,15.0,5.8,18.9,6.275,9.0,3.3333333333333335,12.34,12.666666666666666,31.499999999999993
20,6,Harry Giles,0.0,SAC,POR,2.0,222.0,110.0,17,2.0,17.1,35.5,PF/C,3000,3,0.0,0.0,106,106,-10%,2,2,2,8,8,8,7.3,7.3,7.3,7.3,6.0,4.0,1.3,8.5,2.83,0.0,0.0,0.0,4.25,1.415,8.0,2.0,6.69,18.2,0.0
20,7,Markieff Morris,0.0,DET,MIA,8.5,215.0,103.3,3,5.5,21.7,39.0,SF/PF,4100,0,21.0,10.0,106,98,13%,9,10,10,25,29,28,24.5,22.3,14.2,30.4,21.0,24.3,5.9,25.8,6.28,23.4,27.5,5.7,24.6,5.99,27.333333333333332,9.666666666666666,23.2,22.066666666666666,24.750000000000004
21,0,Damian Lillard,0.0,POR,SAC,-2.0,222.0,112.0,22,44.5,55.9,75.0,PG,9500,1,31.0,31.0,102,110,9%,25,23,22,42,40,39,55.9,54.1,45.2,63.0,37.6,44.0,4.6,48.8,5.13,49.5,37.5,5.2,49.15,5.165,40.333333333333336,23.333333333333332,53.46999999999999,58.46666666666667,45.69731404958677
21,1,Gary Trent Jr.,0.0,POR,SAC,-2.0,222.0,112.0,3,0.0,5.4,15.3,SG,3000,1,0.0,0.0,102,110,4%,6,3,2,15,9,8,5.3,4.5,-1.3,10.2,14.0,9.8,3.3,8.3,2.75,8.2,12.0,2.7,8.25,2.725,10.666666666666666,3.6666666666666665,5.39,6.900000000000001,9.28125
21,2,Thaddeus Young,0.0,CHI,NY,-6.5,212.5,109.5,13,9.3,21.4,30.8,SF/PF,4800,2,21.0,15.0,101,108,2%,8,8,9,21,23,22,21.4,20.2,12.4,27.9,29.8,19.8,4.1,23.0,4.79,23.6,24.5,4.9,23.3,4.845000000000001,22.0,8.333333333333334,21.04,20.5,25.947727272727274
21,3,LeBron James,0.0,LAL,PHO,-2.5,219.5,111.0,4,39.5,63.0,91.0,PG/SF,10500,1,34.0,28.0,106,101,-4%,17,20,19,36,37,35,64.2,56.5,39.1,73.9,37.1,45.8,4.4,51.5,4.9,53.5,35.5,5.1,52.5,5.0,36.0,18.666666666666668,57.24000000000001,64.5,51.77083333333333
21,4,Donovan Mitchell,0.0,UTA,BKN,-7.0,219.0,113.0,29,33.3,42.6,55.0,PG/SG,7900,0,31.0,23.0,109,109,5%,20,20,19,36,35,34,42.6,40.8,31.6,50.0,37.7,41.5,5.3,43.0,5.44,41.0,35.0,5.2,42.0,5.32,35.0,19.666666666666668,41.4,43.63333333333333,42.0
21,5,Meyers Leonard,0.0,MIA,DET,-8.5,215.0,111.8,22,0.3,17.7,35.5,PF/C,3900,3,13.0,14.0,103,108,-5%,3,7,5,13,19,20,17.6,16.3,3.7,28.9,18.2,10.3,2.6,18.0,4.62,18.3,22.0,4.7,18.15,4.66,17.333333333333332,5.0,16.93,17.833333333333332,23.036538461538463
21,6,Frank Kaminsky,0.0,PHO,LAL,2.5,219.5,108.5,16,8.5,13.5,22.8,PF/C,4000,1,20.0,8.0,103,96,-22%,5,6,8,23,21,24,13.5,20.4,9.8,31.1,22.9,36.8,9.2,19.0,4.75,17.5,21.0,4.4,18.25,4.575,22.666666666666668,6.333333333333333,18.61,14.933333333333332,16.908088235294116
21,7,Kyle Kuzma,0.0,LAL,PHO,-2.5,219.5,111.0,6,9.3,16.0,22.8,SF/PF,4600,1,25.0,6.0,106,101,-6%,11,11,11,25,21,21,16.0,16.0,10.3,21.7,25.1,31.0,6.7,23.0,5.0,21.8,26.0,4.7,22.4,4.85,22.333333333333332,11.0,17.28,16.033333333333335,26.077611940298507
22,0,Kris Dunn,0.0,CHI,NY,-6.5,212.5,109.5,16,11.5,19.0,27.3,PG/SG,3900,2,16.0,14.0,101,108,-6%,9,6,6,21,19,20,19.0,18.1,11.4,24.8,19.3,29.8,7.6,18.8,4.81,18.5,20.0,4.7,18.65,4.755,20.0,7.0,18.390000000000004,19.266666666666666,18.65
22,1,Furkan Korkmaz,0.0,PHI,CLE,-10.0,219.0,114.5,8,10.8,21.3,30.3,SG/SF,4200,1,16.0,13.0,103,106,3%,10,9,7,27,26,21,21.3,15.8,5.8,25.8,31.4,16.5,3.9,21.3,5.06,22.7,29.0,5.4,22.0,5.23,24.666666666666668,8.666666666666666,18.14,20.8,25.864864864864863
22,2,Richaun Holmes,0.0,SAC,POR,2.0,222.0,110.0,17,15.5,25.9,39.3,PF/C,5400,3,15.0,19.0,106,106,-10%,6,7,7,30,29,25,25.9,23.9,10.8,37.0,31.1,32.5,6.0,33.0,6.11,31.9,29.5,5.9,32.45,6.005000000000001,28.0,6.666666666666667,26.01,26.899999999999995,34.18839285714286
22,3,Jimmy Butler,0.0,MIA,DET,-8.5,215.0,111.8,26,33.3,43.5,50.8,SG/SF,7800,3,26.0,25.0,103,108,-4%,16,14,13,36,33,32,43.5,42.0,34.4,49.7,39.0,48.8,6.3,43.8,5.61,44.6,37.0,5.7,44.2,5.655,33.666666666666664,14.333333333333334,42.760000000000005,42.53333333333333,48.57623762376239
22,4,Damyean Dotson,0.0,NY,CHI,6.5,212.5,103.0,7,-0.5,6.1,17.8,SG/SF,3300,1,0.0,0.0,105,105,4%,7,3,3,14,10,9,6.1,5.7,-0.8,12.1,12.7,10.5,3.2,4.3,1.29,0.0,0.0,0.0,2.15,0.645,11.0,4.333333333333333,5.049999999999999,7.8,0.0
22,5,Jabari Parker,0.0,ATL,DEN,10.0,209.0,99.5,19,30.3,39.8,57.3,SF/PF,7300,1,25.0,22.0,100,99,-14%,21,16,13,35,31,27,39.8,29.8,15.3,44.2,33.3,36.8,5.0,27.0,3.7,34.5,32.5,4.7,30.75,4.2,31.0,16.666666666666668,31.97,42.46666666666666,32.23790322580645
22,6,Nicolas Claxton,0.0,BKN,UTA,7.0,219.0,106.0,6,9.5,13.3,17.0,PF/C,3100,1,0.0,0.0,101,95,-5%,4,4,4,12,12,12,13.3,13.3,7.9,18.6,11.8,6.0,1.9,5.3,1.69,0.0,0.0,0.0,2.65,0.845,12.0,4.0,11.15,13.266666666666666,0.0
22,7,Devin Booker,0.0,PHO,LAL,2.5,219.5,108.5,28,24.3,40.0,51.5,PG/SG,8100,1,28.0,22.0,103,96,6%,14,16,17,34,34,34,40.0,39.4,29.7,49.1,39.2,37.8,4.7,39.5,4.88,41.7,33.5,5.1,40.6,4.99,34.0,15.666666666666666,39.76,38.6,40.002941176470586
23,0,Trae Young,0.0,ATL,DEN,10.0,209.0,99.5,1,12.0,42.3,65.5,PG,9200,1,38.0,26.0,100,99,-12%,26,18,20,41,31,33,42.3,47.5,25.2,69.8,41.3,68.0,7.4,45.8,4.97,47.3,35.0,5.1,46.55,5.035,35.0,21.333333333333332,46.269999999999996,39.93333333333333,46.55
23,1,Devin Booker,0.0,PHO,LAL,2.5,219.5,108.5,28,24.3,40.0,51.5,PG/SG,8100,1,28.0,22.0,103,96,6%,14,16,17,34,34,34,40.0,39.4,29.7,49.1,39.2,37.8,4.7,39.5,4.88,41.7,33.5,5.1,40.6,4.99,34.0,15.666666666666666,39.76,38.6,40.002941176470586
23,2,Mason Plumlee,0.0,DEN,ATL,-10.0,209.0,109.5,23,12.3,18.9,27.3,PF/C,4100,1,19.0,18.0,103,104,-3%,2,4,4,14,16,16,18.9,18.6,12.9,24.2,17.3,18.5,4.5,19.5,4.76,16.0,14.5,3.9,17.75,4.33,15.333333333333334,3.3333333333333335,18.470000000000002,19.5,16.78532608695652
23,3,Buddy Hield,0.0,SAC,POR,2.0,222.0,110.0,16,25.8,33.2,36.8,SG/SF,6600,3,27.0,14.0,106,106,-3%,17,17,16,29,31,30,33.1,28.7,18.2,39.2,37.0,26.0,3.9,37.3,5.64,36.3,33.0,5.5,36.8,5.57,30.0,16.666666666666668,31.2,31.933333333333334,40.48
23,4,Malcolm Brogdon,0.0,IND,OKC,-1.5,213.0,107.3,13,24.0,36.8,47.8,PG/SG,7600,1,30.0,24.0,103,102,2%,15,15,16,31,33,34,37.0,43.5,33.9,53.2,25.4,34.5,4.5,37.0,4.87,42.1,34.0,5.5,39.55,5.1850000000000005,32.666666666666664,15.333333333333334,41.42999999999999,36.199999999999996,41.16428571428571
23,5,Dzanan Musa,0.0,BKN,UTA,7.0,219.0,106.0,21,-1.0,4.5,18.5,SF/PF,3300,1,0.0,0.0,101,95,-23%,7,3,3,13,8,8,5.2,5.2,-3.9,14.2,15.4,11.0,3.3,3.5,1.06,8.3,10.5,2.5,5.9,1.78,9.666666666666666,4.333333333333333,5.32,7.333333333333333,6.408620689655174
23,6,Richaun Holmes,0.0,SAC,POR,2.0,222.0,110.0,17,15.5,25.9,39.3,PF/C,5400,3,15.0,19.0,106,106,-10%,6,7,7,30,29,25,25.9,23.9,10.8,37.0,31.1,32.5,6.0,33.0,6.11,31.9,29.5,5.9,32.45,6.005000000000001,28.0,6.666666666666667,26.01,26.899999999999995,34.18839285714286
23,7,Jerami Grant,0.0,DEN,ATL,-10.0,209.0,109.5,23,7.3,16.4,30.3,PF/C,3900,1,19.0,10.0,103,104,17%,6,8,8,16,22,22,16.4,15.4,7.8,22.9,18.2,13.8,3.5,15.0,3.85,15.1,20.5,3.9,15.05,3.875,20.0,7.333333333333333,15.51,18.0,15.426250000000001
24,0,Dennis Schroder,0.0,OKC,IND,1.5,213.0,105.8,5,9.8,30.5,45.5,PG/SG,5800,1,26.0,15.0,102,103,-10%,13,13,13,31,30,29,30.4,30.4,17.8,43.1,24.8,16.0,2.8,28.5,4.91,28.1,30.5,4.8,28.3,4.855,30.0,13.0,30.0,28.599999999999998,28.77166666666667
24,1,Luke Kennard,0.0,DET,MIA,8.5,215.0,103.3,13,32.8,37.7,45.5,SG,6000,0,22.0,17.0,106,98,-18%,19,16,13,41,37,33,37.6,31.0,21.7,40.2,38.0,36.3,6.0,27.3,4.54,32.1,34.0,5.4,29.700000000000003,4.970000000000001,37.0,16.0,32.04,38.666666666666664,27.291891891891897
24,2,Darius Bazley,0.0,OKC,IND,1.5,213.0,105.8,1,6.5,16.2,26.3,SF/PF,3100,1,14.0,8.0,102,103,-12%,3,6,4,18,19,18,16.2,12.2,4.2,20.2,22.9,16.0,5.2,12.5,4.03,13.5,19.0,4.4,13.0,4.215,18.333333333333332,4.333333333333333,13.16,16.333333333333332,13.472727272727273
24,3,Dario Saric,0.0,PHO,LAL,2.5,219.5,108.5,2,14.0,25.1,45.3,SF/PF,4800,1,17.0,11.0,103,96,-22%,9,10,9,28,27,27,25.1,23.1,11.5,34.8,34.6,31.3,6.5,23.0,4.79,21.6,26.5,4.5,22.3,4.645,27.333333333333332,9.333333333333334,23.36,28.133333333333336,21.620121951219513
24,4,Ryan Arcidiacono,0.0,CHI,NY,-6.5,212.5,109.5,16,0.0,8.9,14.5,PG/SG,3100,2,10.0,11.0,101,108,-6%,3,3,3,17,14,14,8.8,9.4,3.9,15.0,21.2,24.3,7.8,9.5,3.06,11.3,16.5,3.6,10.4,3.33,15.0,3.0,9.5,7.8,11.440000000000001
24,5,Jimmy Butler,0.0,MIA,DET,-8.5,215.0,111.8,26,33.3,43.5,50.8,SG/SF,7800,3,26.0,25.0,103,108,-4%,16,14,13,36,33,32,43.5,42.0,34.4,49.7,39.0,48.8,6.3,43.8,5.61,44.6,37.0,5.7,44.2,5.655,33.666666666666664,14.333333333333334,42.760000000000005,42.53333333333333,48.57623762376239
24,6,Joel Embiid,0.0,PHI,CLE,-10.0,219.0,114.5,21,32.3,47.4,66.8,C,9400,1,34.0,28.0,103,106,0%,14,15,15,27,29,28,47.4,46.8,34.4,59.2,35.1,61.0,6.5,54.5,5.8,55.5,32.0,5.9,55.0,5.85,28.0,14.666666666666666,48.559999999999995,48.833333333333336,62.857142857142854
24,7,Allonzo Trier,0.0,NY,CHI,6.5,212.5,103.0,24,4.3,12.7,23.5,PG/SG,3200,1,22.0,14.0,105,105,-15%,4,5,5,16,16,16,12.7,13.6,1.9,25.3,5.4,2.3,0.7,12.3,3.83,10.6,14.0,3.3,11.45,3.565,16.0,4.666666666666667,12.989999999999998,13.5,10.018749999999999
25,0,Mike Conley,0.0,UTA,BKN,-7.0,219.0,113.0,29,8.3,28.4,37.5,PG,6200,0,26.0,9.0,109,109,20%,13,13,13,32,33,30,28.4,25.5,13.0,38.0,30.1,29.5,4.8,34.3,5.52,33.4,32.0,5.4,33.849999999999994,5.46,31.666666666666668,13.0,27.75,24.733333333333334,34.20631578947368
25,1,CJ McCollum,0.0,POR,SAC,-2.0,222.0,112.0,22,19.3,29.1,46.0,PG/SG,6500,1,26.0,11.0,102,110,4%,21,19,20,41,39,38,29.1,32.1,20.7,43.6,36.8,33.8,5.2,31.0,4.77,33.9,36.5,5.2,32.45,4.984999999999999,39.333333333333336,20.0,31.590000000000003,31.46666666666667,30.1125
25,2,Mason Plumlee,0.0,DEN,ATL,-10.0,209.0,109.5,23,12.3,18.9,27.3,PF/C,4100,1,19.0,18.0,103,104,-3%,2,4,4,14,16,16,18.9,18.6,12.9,24.2,17.3,18.5,4.5,19.5,4.76,16.0,14.5,3.9,17.75,4.33,15.333333333333334,3.3333333333333335,18.470000000000002,19.5,16.78532608695652
25,3,Svi Mykhailiuk,0.0,DET,MIA,8.5,215.0,103.3,13,-1.0,7.0,12.5,SG/SF,3100,0,14.0,8.0,106,98,-5%,3,3,3,11,16,15,7.0,7.7,2.4,12.9,5.8,10.3,3.3,13.3,4.27,9.6,14.0,3.1,11.45,3.6849999999999996,14.0,3.0,8.290000000000001,6.166666666666667,11.45
25,4,Luke Kennard,0.0,DET,MIA,8.5,215.0,103.3,13,32.8,37.7,45.5,SG,6000,0,22.0,17.0,106,98,-18%,19,16,13,41,37,33,37.6,31.0,21.7,40.2,38.0,36.3,6.0,27.3,4.54,32.1,34.0,5.4,29.700000000000003,4.970000000000001,37.0,16.0,32.04,38.666666666666664,27.291891891891897
25,5,Thaddeus Young,0.0,CHI,NY,-6.5,212.5,109.5,13,9.3,21.4,30.8,SF/PF,4800,2,21.0,15.0,101,108,2%,8,8,9,21,23,22,21.4,20.2,12.4,27.9,29.8,19.8,4.1,23.0,4.79,23.6,24.5,4.9,23.3,4.845000000000001,22.0,8.333333333333334,21.04,20.5,25.947727272727274
25,6,Damian Jones,0.0,ATL,DEN,10.0,209.0,99.5,29,5.8,12.4,22.3,C,3300,1,11.0,14.0,100,99,5%,7,4,3,19,18,14,12.4,10.2,4.1,16.3,19.8,16.8,5.1,10.8,3.26,15.7,20.5,4.8,13.25,4.029999999999999,17.0,4.666666666666667,11.250000000000002,13.5,15.977941176470589
25,7,Furkan Korkmaz,0.0,PHI,CLE,-10.0,219.0,114.5,8,10.8,21.3,30.3,SG/SF,4200,1,16.0,13.0,103,106,3%,10,9,7,27,26,21,21.3,15.8,5.8,25.8,31.4,16.5,3.9,21.3,5.06,22.7,29.0,5.4,22.0,5.23,24.666666666666668,8.666666666666666,18.14,20.8,25.864864864864863
26,0,Kendrick Nunn,0.0,MIA,DET,-8.5,215.0,111.8,2,15.0,21.9,35.0,PG/SG,4700,3,25.0,15.0,103,108,8%,10,12,14,23,26,28,21.9,26.9,17.6,36.2,36.6,35.3,7.5,30.8,6.54,29.0,33.0,6.2,29.9,6.37,25.666666666666668,12.0,26.5,23.96666666666667,38.44285714285714
26,1,Jamal Murray,0.0,DEN,ATL,-10.0,209.0,109.5,26,24.3,34.5,53.0,PG/SG,6300,1,27.0,16.0,103,104,-14%,19,16,16,36,33,34,34.5,33.6,24.2,42.9,33.3,37.8,6.0,34.0,5.4,33.9,32.5,5.4,33.95,5.4,34.333333333333336,17.0,33.83,37.266666666666666,32.137135922330096
26,2,Nicolas Claxton,0.0,BKN,UTA,7.0,219.0,106.0,6,9.5,13.3,17.0,PF/C,3100,1,0.0,0.0,101,95,-5%,4,4,4,12,12,12,13.3,13.3,7.9,18.6,11.8,6.0,1.9,5.3,1.69,0.0,0.0,0.0,2.65,0.845,12.0,4.0,11.15,13.266666666666666,0.0
26,3,Matisse Thybulle,0.0,PHI,CLE,-10.0,219.0,114.5,8,-1.0,8.6,25.8,SG/SF,3000,1,18.0,3.0,103,106,4%,2,3,4,8,12,16,8.6,10.9,1.3,20.6,12.7,17.5,5.8,4.8,1.58,0.0,0.0,0.0,2.4,0.79,12.0,3.0,8.76,11.133333333333333,0.0
26,4,Monte Morris,0.0,DEN,ATL,-10.0,209.0,109.5,26,5.5,17.1,29.0,PG,3500,1,21.0,12.0,103,104,-14%,5,7,6,19,20,17,17.1,13.4,5.3,21.6,21.9,26.3,7.5,16.3,4.64,16.4,18.5,4.7,16.35,4.67,18.666666666666668,6.0,14.75,17.2,16.20401785714286
26,5,Domantas Sabonis,0.0,IND,OKC,-1.5,213.0,107.3,5,46.5,50.2,56.0,PF/C,8400,1,24.0,22.0,103,102,2%,16,15,15,38,36,36,49.8,45.3,36.0,54.5,29.2,43.5,5.2,46.8,5.57,46.6,36.5,5.5,46.7,5.535,36.666666666666664,15.333333333333334,46.46,50.9,46.487727272727284
26,6,Aron Baynes,0.0,PHO,LAL,2.5,219.5,108.5,4,30.0,38.2,59.5,C,6000,1,22.0,26.0,103,96,-22%,14,13,10,23,27,24,38.0,31.1,17.4,44.8,26.4,34.0,5.7,26.3,4.38,29.0,28.0,4.8,27.65,4.59,24.666666666666668,12.333333333333334,31.79,42.56666666666667,31.386486486486483
26,7,Royce O'Neale,0.0,UTA,BKN,-7.0,219.0,113.0,25,9.5,17.5,32.8,SF,4100,0,9.0,10.0,109,109,-19%,4,4,4,32,30,29,17.5,17.1,9.6,24.5,22.2,14.3,3.5,19.0,4.63,17.3,28.0,4.2,18.15,4.415,30.333333333333332,4.0,17.369999999999997,19.933333333333334,16.753846153846155
27,0,Malcolm Brogdon,0.0,IND,OKC,-1.5,213.0,107.3,13,24.0,36.8,47.8,PG/SG,7600,1,30.0,24.0,103,102,2%,15,15,16,31,33,34,37.0,43.5,33.9,53.2,25.4,34.5,4.5,37.0,4.87,42.1,34.0,5.5,39.55,5.1850000000000005,32.666666666666664,15.333333333333334,41.42999999999999,36.199999999999996,41.16428571428571
27,1,Duncan Robinson,0.0,MIA,DET,-8.5,215.0,111.8,26,4.5,18.3,39.0,SG/SF,3700,3,14.0,12.0,103,108,8%,6,8,7,26,25,22,18.3,15.7,3.3,28.1,29.3,13.0,3.5,21.3,5.74,20.0,30.5,5.4,20.65,5.57,24.333333333333332,7.0,17.21,20.599999999999998,25.88321917808219
27,2,Skal Labissiere,0.0,POR,SAC,-2.0,222.0,112.0,15,2.3,13.4,24.5,PF/C,3200,1,17.0,16.0,102,110,-8%,2,5,4,13,17,14,13.3,12.9,5.5,20.3,18.9,15.5,4.8,12.5,3.91,14.0,16.5,4.4,13.25,4.155,14.666666666666666,3.6666666666666665,13.05,13.4,14.90625
27,3,Kevin Huerter,0.0,ATL,DEN,10.0,209.0,99.5,20,14.0,21.8,28.8,SG/SF,4700,1,20.0,11.0,100,99,-2%,11,10,8,30,27,23,21.8,19.5,14.2,24.8,15.5,21.5,4.6,22.5,4.79,23.1,30.5,4.9,22.8,4.845000000000001,26.666666666666668,9.666666666666666,20.619999999999997,21.53333333333333,26.0775
27,4,Tomas Satoransky,0.0,CHI,NY,-6.5,212.5,109.5,16,14.5,28.3,49.8,PG/SF,5400,2,18.0,15.0,101,108,-6%,12,8,7,27,27,26,28.3,23.2,12.0,34.4,23.4,10.0,1.9,23.0,4.26,23.5,27.0,4.4,23.25,4.33,26.666666666666668,9.0,24.23,30.866666666666664,23.540625
27,5,Bogdan Bogdanovic,0.0,SAC,POR,2.0,222.0,110.0,16,16.3,26.5,38.0,SG/SF,5400,3,23.0,14.0,106,106,-3%,12,11,10,30,26,25,26.4,23.0,13.2,32.8,31.8,53.3,9.9,28.3,5.23,30.0,30.5,5.6,29.15,5.415,27.0,11.0,24.909999999999997,26.933333333333334,32.9287037037037
27,6,Nicolas Claxton,0.0,BKN,UTA,7.0,219.0,106.0,6,9.5,13.3,17.0,PF/C,3100,1,0.0,0.0,101,95,-5%,4,4,4,12,12,12,13.3,13.3,7.9,18.6,11.8,6.0,1.9,5.3,1.69,0.0,0.0,0.0,2.65,0.845,12.0,4.0,11.15,13.266666666666666,0.0
27,7,LeBron James,0.0,LAL,PHO,-2.5,219.5,111.0,4,39.5,63.0,91.0,PG/SF,10500,1,34.0,28.0,106,101,-4%,17,20,19,36,37,35,64.2,56.5,39.1,73.9,37.1,45.8,4.4,51.5,4.9,53.5,35.5,5.1,52.5,5.0,36.0,18.666666666666668,57.24000000000001,64.5,51.77083333333333
29,0,Langston Galloway,0.0,DET,MIA,8.5,215.0,103.3,11,14.5,23.7,30.8,PG/SG,4000,0,17.0,17.0,106,98,-18%,11,9,8,28,26,24,23.6,20.0,13.6,26.3,28.6,17.8,4.5,14.0,3.5,18.5,25.0,4.6,16.25,4.05,26.0,9.333333333333334,19.95,23.0,15.625
29,1,Danny Green,0.0,LAL,PHO,-2.5,219.5,111.0,28,5.8,14.2,21.0,SG/SF,3900,1,14.0,10.0,106,101,-9%,6,6,8,25,27,27,14.2,18.5,6.7,30.4,25.4,20.8,5.3,17.8,4.55,17.7,26.5,4.5,17.75,4.525,26.333333333333332,6.666666666666667,17.509999999999998,13.666666666666666,17.8623417721519
29,2,Richaun Holmes,0.0,SAC,POR,2.0,222.0,110.0,17,15.5,25.9,39.3,PF/C,5400,3,15.0,19.0,106,106,-10%,6,7,7,30,29,25,25.9,23.9,10.8,37.0,31.1,32.5,6.0,33.0,6.11,31.9,29.5,5.9,32.45,6.005000000000001,28.0,6.666666666666667,26.01,26.899999999999995,34.18839285714286
29,3,Joe Harris,0.0,BKN,UTA,7.0,219.0,106.0,11,11.0,25.8,36.3,SG/SF,4900,1,15.0,13.0,101,95,-13%,9,10,10,26,30,32,25.8,23.6,16.0,31.2,35.6,17.3,3.5,22.0,4.49,22.6,33.0,4.6,22.3,4.545,29.333333333333332,9.666666666666666,23.78,24.366666666666664,25.087500000000002
29,4,Raul Neto,0.0,PHI,CLE,-10.0,219.0,114.5,17,5.3,17.4,27.0,PG,4800,1,18.0,14.0,103,106,4%,7,6,4,30,22,15,17.4,12.0,1.6,22.4,13.0,2.0,0.4,12.3,2.55,15.8,17.5,3.3,14.05,2.925,22.333333333333332,5.666666666666667,13.49,16.566666666666666,11.009328358208956
29,5,Harry Giles,0.0,SAC,POR,2.0,222.0,110.0,17,2.0,17.1,35.5,PF/C,3000,3,0.0,0.0,106,106,-10%,2,2,2,8,8,8,7.3,7.3,7.3,7.3,6.0,4.0,1.3,8.5,2.83,0.0,0.0,0.0,4.25,1.415,8.0,2.0,6.69,18.2,0.0
29,6,Bam Adebayo,0.0,MIA,DET,-8.5,215.0,111.8,9,25.8,34.8,49.0,C,6800,3,19.0,20.0,103,108,-5%,8,7,8,37,32,32,34.8,37.9,29.3,46.4,27.7,38.0,5.6,40.3,5.92,39.6,35.0,5.8,39.95,5.859999999999999,33.666666666666664,7.666666666666667,37.67,36.53333333333333,41.53217821782179
29,7,LeBron James,0.0,LAL,PHO,-2.5,219.5,111.0,4,39.5,63.0,91.0,PG/SF,10500,1,34.0,28.0,106,101,-4%,17,20,19,36,37,35,64.2,56.5,39.1,73.9,37.1,45.8,4.4,51.5,4.9,53.5,35.5,5.1,52.5,5.0,36.0,18.666666666666668,57.24000000000001,64.5,51.77083333333333
30,0,Damian Lillard,0.0,POR,SAC,-2.0,222.0,112.0,22,44.5,55.9,75.0,PG,9500,1,31.0,31.0,102,110,9%,25,23,22,42,40,39,55.9,54.1,45.2,63.0,37.6,44.0,4.6,48.8,5.13,49.5,37.5,5.2,49.15,5.165,40.333333333333336,23.333333333333332,53.46999999999999,58.46666666666667,45.69731404958677
30,1,Shai Gilgeous-Alexander,0.0,OKC,IND,1.5,213.0,105.8,5,21.3,33.7,43.5,PG/SG,7000,1,25.0,19.0,102,103,9%,17,16,17,37,36,35,33.6,36.1,26.6,45.6,28.2,19.0,2.7,32.0,4.57,34.5,36.0,4.9,33.25,4.735,36.0,16.666666666666668,35.03,32.833333333333336,33.25
30,2,Dario Saric,0.0,PHO,LAL,2.5,219.5,108.5,2,14.0,25.1,45.3,SF/PF,4800,1,17.0,11.0,103,96,-22%,9,10,9,28,27,27,25.1,23.1,11.5,34.8,34.6,31.3,6.5,23.0,4.79,21.6,26.5,4.5,22.3,4.645,27.333333333333332,9.333333333333334,23.36,28.133333333333336,21.620121951219513
30,3,Michael Porter Jr.,0.0,DEN,ATL,-10.0,209.0,109.5,4,2.0,9.3,21.5,SF/PF,3000,1,0.0,0.0,103,104,-15%,4,4,4,9,10,10,9.3,9.3,1.8,16.7,6.7,3.3,1.1,6.0,2.0,10.9,11.5,3.6,8.45,2.8,9.666666666666666,4.0,9.11,10.933333333333332,10.052586206896551
30,4,Monte Morris,0.0,DEN,ATL,-10.0,209.0,109.5,26,5.5,17.1,29.0,PG,3500,1,21.0,12.0,103,104,-14%,5,7,6,19,20,17,17.1,13.4,5.3,21.6,21.9,26.3,7.5,16.3,4.64,16.4,18.5,4.7,16.35,4.67,18.666666666666668,6.0,14.75,17.2,16.20401785714286
30,5,Taurean Prince,0.0,BKN,UTA,7.0,219.0,106.0,21,9.8,28.3,51.5,SF/PF,5200,1,17.0,12.0,101,95,-13%,6,10,11,19,29,31,28.3,27.0,13.0,41.1,33.8,25.0,4.8,24.8,4.76,25.9,32.0,5.0,25.35,4.88,26.333333333333332,9.0,26.95,29.866666666666664,30.805063291139245
30,6,Harry Giles,0.0,SAC,POR,2.0,222.0,110.0,17,2.0,17.1,35.5,PF/C,3000,3,0.0,0.0,106,106,-10%,2,2,2,8,8,8,7.3,7.3,7.3,7.3,6.0,4.0,1.3,8.5,2.83,0.0,0.0,0.0,4.25,1.415,8.0,2.0,6.69,18.2,0.0
30,7,Damian Jones,0.0,ATL,DEN,10.0,209.0,99.5,29,5.8,12.4,22.3,C,3300,1,11.0,14.0,100,99,5%,7,4,3,19,18,14,12.4,10.2,4.1,16.3,19.8,16.8,5.1,10.8,3.26,15.7,20.5,4.8,13.25,4.029999999999999,17.0,4.666666666666667,11.250000000000002,13.5,15.977941176470589
31,0,Aaron Holiday,0.0,IND,OKC,-1.5,213.0,107.3,13,17.0,20.7,23.5,PG/SG,4600,1,19.0,10.0,103,102,2%,8,8,7,28,25,20,20.6,15.2,7.4,23.0,31.4,31.3,6.8,23.8,5.16,23.2,29.0,5.0,23.5,5.08,24.333333333333332,7.666666666666667,17.94,20.400000000000002,28.006849315068497
31,1,Ryan Arcidiacono,0.0,CHI,NY,-6.5,212.5,109.5,16,0.0,8.9,14.5,PG/SG,3100,2,10.0,11.0,101,108,-6%,3,3,3,17,14,14,8.8,9.4,3.9,15.0,21.2,24.3,7.8,9.5,3.06,11.3,16.5,3.6,10.4,3.33,15.0,3.0,9.5,7.8,11.440000000000001
31,2,Taj Gibson,0.0,NY,CHI,6.5,212.5,103.0,29,2.8,13.5,25.0,PF/C,4200,1,15.0,11.0,105,105,10%,6,4,4,22,16,15,13.4,10.8,2.9,18.8,25.7,30.3,7.2,19.0,4.52,18.1,21.0,4.3,18.55,4.41,17.666666666666668,4.666666666666667,12.89,13.766666666666666,22.05
31,3,Justin Holiday,0.0,IND,OKC,-1.5,213.0,107.3,23,9.0,15.3,32.0,SG/SF,3800,1,13.0,10.0,103,102,-8%,5,6,6,26,24,23,15.3,16.4,8.3,24.5,28.5,12.0,3.2,17.3,4.54,15.6,23.5,4.1,16.45,4.32,24.333333333333332,5.666666666666667,16.19,18.766666666666666,15.886643835616438
31,4,Mikal Bridges,0.0,PHO,LAL,2.5,219.5,108.5,18,10.8,17.8,27.5,SG/SF,3700,1,11.0,10.0,103,96,6%,8,5,4,23,21,20,17.8,14.3,7.3,21.3,14.8,13.8,3.7,17.5,4.73,16.7,23.5,4.5,17.1,4.615,21.333333333333332,5.666666666666667,15.560000000000002,18.7,18.836718750000003
31,5,James Ennis III,0.0,PHI,CLE,-10.0,219.0,114.5,10,3.8,12.3,23.8,SF/PF,3100,1,16.0,15.0,103,106,17%,6,4,4,15,15,15,12.3,13.1,5.7,20.4,17.8,12.8,4.1,14.0,4.52,10.5,14.0,3.4,12.25,3.96,15.0,4.666666666666667,12.75,13.300000000000002,11.433333333333334
31,6,Larry Nance Jr.,0.0,CLE,PHI,10.0,219.0,104.5,7,14.0,19.1,27.3,PF/C,4900,1,16.0,16.0,106,102,-16%,3,5,7,24,23,24,19.1,21.8,15.3,28.3,28.1,23.5,4.8,22.5,4.59,22.1,24.5,4.5,22.3,4.545,23.666666666666668,5.0,21.36,20.133333333333336,23.085211267605633
31,7,Chandler Hutchison,0.0,CHI,NY,-6.5,212.5,109.5,13,8.8,21.2,33.5,SF/PF,4000,2,0.0,0.0,101,108,-6%,8,6,6,21,19,19,16.6,16.6,7.9,25.3,20.9,11.8,3.0,15.3,3.81,17.9,24.5,4.5,16.6,4.155,19.666666666666668,6.666666666666667,16.6,21.166666666666668,20.679661016949154
32,0,Tyler Johnson,0.0,PHO,LAL,2.5,219.5,108.5,28,5.5,12.6,18.5,PG/SG,3400,1,18.0,11.0,103,96,6%,9,6,7,16,17,19,12.6,13.4,7.4,19.5,16.8,7.8,2.3,14.3,4.19,14.4,18.5,4.2,14.350000000000001,4.195,17.333333333333332,7.333333333333333,13.45,12.200000000000001,15.315865384615387
32,1,Danny Green,0.0,LAL,PHO,-2.5,219.5,111.0,28,5.8,14.2,21.0,SG/SF,3900,1,14.0,10.0,106,101,-9%,6,6,8,25,27,27,14.2,18.5,6.7,30.4,25.4,20.8,5.3,17.8,4.55,17.7,26.5,4.5,17.75,4.525,26.333333333333332,6.666666666666667,17.509999999999998,13.666666666666666,17.8623417721519
32,2,Harrison Barnes,0.0,SAC,POR,2.0,222.0,110.0,28,30.5,34.3,39.5,SF/PF,5900,3,18.0,18.0,106,106,7%,13,14,12,37,37,34,34.5,28.3,19.7,36.8,32.0,25.0,4.2,29.5,5.0,30.6,35.5,5.2,30.05,5.1,36.0,13.0,29.869999999999997,34.766666666666666,29.63263888888889
32,3,Doug McDermott,0.0,IND,OKC,-1.5,213.0,107.3,9,12.0,21.7,37.3,SF/PF,4100,1,19.0,12.0,103,102,0%,12,10,8,23,22,20,21.7,15.6,5.6,25.5,26.4,13.8,3.4,17.5,4.27,16.3,24.0,4.0,16.9,4.135,21.666666666666668,10.0,17.059999999999995,23.666666666666668,18.72
32,4,Frank Ntilikina,0.0,NY,CHI,6.5,212.5,103.0,24,11.0,26.5,43.0,PG/SG,5200,1,14.0,10.0,105,105,-15%,8,7,6,36,33,24,26.5,17.3,2.8,31.8,28.9,15.3,2.9,25.3,4.86,21.3,32.5,4.1,23.3,4.48,31.0,7.0,20.339999999999996,26.833333333333332,24.427419354838708
32,5,Domantas Sabonis,0.0,IND,OKC,-1.5,213.0,107.3,5,46.5,50.2,56.0,PF/C,8400,1,24.0,22.0,103,102,2%,16,15,15,38,36,36,49.8,45.3,36.0,54.5,29.2,43.5,5.2,46.8,5.57,46.6,36.5,5.5,46.7,5.535,36.666666666666664,15.333333333333334,46.46,50.9,46.487727272727284
32,6,Nicolas Claxton,0.0,BKN,UTA,7.0,219.0,106.0,6,9.5,13.3,17.0,PF/C,3100,1,0.0,0.0,101,95,-5%,4,4,4,12,12,12,13.3,13.3,7.9,18.6,11.8,6.0,1.9,5.3,1.69,0.0,0.0,0.0,2.65,0.845,12.0,4.0,11.15,13.266666666666666,0.0
32,7,Malcolm Brogdon,0.0,IND,OKC,-1.5,213.0,107.3,13,24.0,36.8,47.8,PG/SG,7600,1,30.0,24.0,103,102,2%,15,15,16,31,33,34,37.0,43.5,33.9,53.2,25.4,34.5,4.5,37.0,4.87,42.1,34.0,5.5,39.55,5.1850000000000005,32.666666666666664,15.333333333333334,41.42999999999999,36.199999999999996,41.16428571428571
33,0,Damian Lillard,0.0,POR,SAC,-2.0,222.0,112.0,22,44.5,55.9,75.0,PG,9500,1,31.0,31.0,102,110,9%,25,23,22,42,40,39,55.9,54.1,45.2,63.0,37.6,44.0,4.6,48.8,5.13,49.5,37.5,5.2,49.15,5.165,40.333333333333336,23.333333333333332,53.46999999999999,58.46666666666667,45.69731404958677
33,1,Bogdan Bogdanovic,0.0,SAC,POR,2.0,222.0,110.0,16,16.3,26.5,38.0,SG/SF,5400,3,23.0,14.0,106,106,-3%,12,11,10,30,26,25,26.4,23.0,13.2,32.8,31.8,53.3,9.9,28.3,5.23,30.0,30.5,5.6,29.15,5.415,27.0,11.0,24.909999999999997,26.933333333333334,32.9287037037037
33,2,Jabari Parker,0.0,ATL,DEN,10.0,209.0,99.5,19,30.3,39.8,57.3,SF/PF,7300,1,25.0,22.0,100,99,-14%,21,16,13,35,31,27,39.8,29.8,15.3,44.2,33.3,36.8,5.0,27.0,3.7,34.5,32.5,4.7,30.75,4.2,31.0,16.666666666666668,31.97,42.46666666666666,32.23790322580645
33,3,Joe Harris,0.0,BKN,UTA,7.0,219.0,106.0,11,11.0,25.8,36.3,SG/SF,4900,1,15.0,13.0,101,95,-13%,9,10,10,26,30,32,25.8,23.6,16.0,31.2,35.6,17.3,3.5,22.0,4.49,22.6,33.0,4.6,22.3,4.545,29.333333333333332,9.666666666666666,23.78,24.366666666666664,25.087500000000002
33,4,Tyler Johnson,0.0,PHO,LAL,2.5,219.5,108.5,28,5.5,12.6,18.5,PG/SG,3400,1,18.0,11.0,103,96,6%,9,6,7,16,17,19,12.6,13.4,7.4,19.5,16.8,7.8,2.3,14.3,4.19,14.4,18.5,4.2,14.350000000000001,4.195,17.333333333333332,7.333333333333333,13.45,12.200000000000001,15.315865384615387
33,5,Kyle Kuzma,0.0,LAL,PHO,-2.5,219.5,111.0,6,9.3,16.0,22.8,SF/PF,4600,1,25.0,6.0,106,101,-6%,11,11,11,25,21,21,16.0,16.0,10.3,21.7,25.1,31.0,6.7,23.0,5.0,21.8,26.0,4.7,22.4,4.85,22.333333333333332,11.0,17.28,16.033333333333335,26.077611940298507
33,6,Damian Jones,0.0,ATL,DEN,10.0,209.0,99.5,29,5.8,12.4,22.3,C,3300,1,11.0,14.0,100,99,5%,7,4,3,19,18,14,12.4,10.2,4.1,16.3,19.8,16.8,5.1,10.8,3.26,15.7,20.5,4.8,13.25,4.029999999999999,17.0,4.666666666666667,11.250000000000002,13.5,15.977941176470589
33,7,Nicolas Claxton,0.0,BKN,UTA,7.0,219.0,106.0,6,9.5,13.3,17.0,PF/C,3100,1,0.0,0.0,101,95,-5%,4,4,4,12,12,12,13.3,13.3,7.9,18.6,11.8,6.0,1.9,5.3,1.69,0.0,0.0,0.0,2.65,0.845,12.0,4.0,11.15,13.266666666666666,0.0
34,0,Tomas Satoransky,0.0,CHI,NY,-6.5,212.5,109.5,16,14.5,28.3,49.8,PG/SF,5400,2,18.0,15.0,101,108,-6%,12,8,7,27,27,26,28.3,23.2,12.0,34.4,23.4,10.0,1.9,23.0,4.26,23.5,27.0,4.4,23.25,4.33,26.666666666666668,9.0,24.23,30.866666666666664,23.540625
34,1,Avery Bradley,0.0,LAL,PHO,-2.5,219.5,111.0,4,19.3,22.4,24.3,PG/SG,4200,1,16.0,11.0,106,101,-9%,10,10,9,28,29,28,22.4,19.5,14.1,24.9,27.7,18.0,4.3,13.8,3.27,15.9,26.5,3.8,14.850000000000001,3.535,28.333333333333332,9.666666666666666,19.15,22.0,13.889117647058825
34,2,Larry Nance Jr.,0.0,CLE,PHI,10.0,219.0,104.5,7,14.0,19.1,27.3,PF/C,4900,1,16.0,16.0,106,102,-16%,3,5,7,24,23,24,19.1,21.8,15.3,28.3,28.1,23.5,4.8,22.5,4.59,22.1,24.5,4.5,22.3,4.545,23.666666666666668,5.0,21.36,20.133333333333336,23.085211267605633
34,3,Bojan Bogdanovic,0.0,UTA,BKN,-7.0,219.0,113.0,25,18.5,32.2,40.3,SF/PF,6400,0,26.0,20.0,109,109,-19%,17,16,15,34,35,32,32.2,31.6,22.5,40.7,30.1,21.0,3.3,31.5,4.92,31.6,34.0,4.9,31.55,4.91,33.666666666666664,16.0,31.71,30.333333333333332,31.862376237623764
34,4,Jamal Murray,0.0,DEN,ATL,-10.0,209.0,109.5,26,24.3,34.5,53.0,PG/SG,6300,1,27.0,16.0,103,104,-14%,19,16,16,36,33,34,34.5,33.6,24.2,42.9,33.3,37.8,6.0,34.0,5.4,33.9,32.5,5.4,33.95,5.4,34.333333333333336,17.0,33.83,37.266666666666666,32.137135922330096
34,5,Dzanan Musa,0.0,BKN,UTA,7.0,219.0,106.0,21,-1.0,4.5,18.5,SF/PF,3300,1,0.0,0.0,101,95,-23%,7,3,3,13,8,8,5.2,5.2,-3.9,14.2,15.4,11.0,3.3,3.5,1.06,8.3,10.5,2.5,5.9,1.78,9.666666666666666,4.333333333333333,5.32,7.333333333333333,6.408620689655174
34,6,Rudy Gobert,0.0,UTA,BKN,-7.0,219.0,113.0,23,29.8,40.7,51.5,C,7500,0,14.0,15.0,109,109,12%,7,7,6,36,36,34,40.3,34.0,22.5,45.4,37.5,48.3,6.4,44.3,5.9,40.5,34.5,5.4,42.4,5.65,35.333333333333336,6.666666666666667,36.92,40.666666666666664,41.4
34,7,Markieff Morris,0.0,DET,MIA,8.5,215.0,103.3,3,5.5,21.7,39.0,SF/PF,4100,0,21.0,10.0,106,98,13%,9,10,10,25,29,28,24.5,22.3,14.2,30.4,21.0,24.3,5.9,25.8,6.28,23.4,27.5,5.7,24.6,5.99,27.333333333333332,9.666666666666666,23.2,22.066666666666666,24.750000000000004
35,0,Dennis Smith Jr.,0.0,NY,CHI,6.5,212.5,103.0,24,3.5,14.1,32.8,PG,3300,1,0.0,0.0,105,105,-15%,4,4,4,8,9,9,3.9,3.9,3.4,4.4,14.3,5.5,1.7,14.5,4.39,10.5,13.0,3.2,12.5,3.795,8.666666666666666,4.0,5.62,16.8,18.750000000000004
35,1,Cory Joseph,0.0,SAC,POR,2.0,222.0,110.0,21,2.0,14.1,24.5,PG/SG,3700,3,20.0,12.0,106,106,10%,9,7,6,23,16,17,14.1,13.5,5.5,21.5,38.0,18.0,4.9,25.5,6.89,25.9,30.0,7.0,25.7,6.945,18.666666666666668,7.333333333333333,16.06,13.533333333333333,41.30357142857142
35,2,Christian Wood,0.0,DET,MIA,8.5,215.0,103.3,11,-0.5,14.3,26.0,PF/C,3400,0,18.0,21.0,106,98,13%,5,4,5,15,14,15,14.3,15.2,1.9,28.4,26.4,28.3,8.3,8.3,2.43,12.7,11.5,3.7,10.5,3.0650000000000004,14.666666666666666,4.666666666666667,14.059999999999999,13.266666666666666,8.232954545454545
35,3,Damyean Dotson,0.0,NY,CHI,6.5,212.5,103.0,7,-0.5,6.1,17.8,SG/SF,3300,1,0.0,0.0,105,105,4%,7,3,3,14,10,9,6.1,5.7,-0.8,12.1,12.7,10.5,3.2,4.3,1.29,0.0,0.0,0.0,2.15,0.645,11.0,4.333333333333333,5.049999999999999,7.8,0.0
35,4,Malcolm Brogdon,0.0,IND,OKC,-1.5,213.0,107.3,13,24.0,36.8,47.8,PG/SG,7600,1,30.0,24.0,103,102,2%,15,15,16,31,33,34,37.0,43.5,33.9,53.2,25.4,34.5,4.5,37.0,4.87,42.1,34.0,5.5,39.55,5.1850000000000005,32.666666666666664,15.333333333333334,41.42999999999999,36.199999999999996,41.16428571428571
35,5,Kevin Porter Jr.,0.0,CLE,PHI,10.0,219.0,104.5,12,9.0,14.3,19.0,SG/SF,3200,1,19.0,7.0,106,102,3%,10,7,7,22,20,19,14.3,12.5,8.2,16.8,16.3,8.0,2.5,14.0,4.38,13.9,20.0,4.3,13.95,4.34,20.333333333333332,8.0,13.15,14.1,13.721311475409836
35,6,Taj Gibson,0.0,NY,CHI,6.5,212.5,103.0,29,2.8,13.5,25.0,PF/C,4200,1,15.0,11.0,105,105,10%,6,4,4,22,16,15,13.4,10.8,2.9,18.8,25.7,30.3,7.2,19.0,4.52,18.1,21.0,4.3,18.55,4.41,17.666666666666668,4.666666666666667,12.89,13.766666666666666,22.05
35,7,Kyrie Irving,0.0,BKN,UTA,7.0,219.0,106.0,3,27.5,47.3,62.0,PG,9300,1,35.0,30.0,101,95,-19%,22,21,22,32,33,33,47.6,52.1,38.0,66.2,36.7,41.3,4.4,45.0,4.84,48.9,34.0,5.3,46.95,5.07,32.666666666666664,21.666666666666668,50.17,45.6,48.86632653061225
37,0,CJ McCollum,0.0,POR,SAC,-2.0,222.0,112.0,22,19.3,29.1,46.0,PG/SG,6500,1,26.0,11.0,102,110,4%,21,19,20,41,39,38,29.1,32.1,20.7,43.6,36.8,33.8,5.2,31.0,4.77,33.9,36.5,5.2,32.45,4.984999999999999,39.333333333333336,20.0,31.590000000000003,31.46666666666667,30.1125
37,1,Malcolm Brogdon,0.0,IND,OKC,-1.5,213.0,107.3,13,24.0,36.8,47.8,PG/SG,7600,1,30.0,24.0,103,102,2%,15,15,16,31,33,34,37.0,43.5,33.9,53.2,25.4,34.5,4.5,37.0,4.87,42.1,34.0,5.5,39.55,5.1850000000000005,32.666666666666664,15.333333333333334,41.42999999999999,36.199999999999996,41.16428571428571
37,2,Jakarr Sampson,0.0,IND,OKC,-1.5,213.0,107.3,9,5.3,15.3,29.0,SF/PF,3600,1,14.0,12.0,103,102,0%,3,5,6,26,23,21,15.3,13.9,5.3,22.5,16.8,10.8,3.0,17.0,4.72,18.5,24.5,5.1,17.75,4.91,23.333333333333332,4.666666666666667,14.95,16.533333333333335,18.637500000000003
37,3,T.J. Warren,0.0,IND,OKC,-1.5,213.0,107.3,9,25.0,34.0,48.5,SF/PF,5700,1,21.0,15.0,103,102,0%,16,16,15,34,36,35,34.0,27.0,14.0,40.0,31.4,37.3,6.5,28.3,4.96,28.1,33.5,4.9,28.200000000000003,4.93,35.0,15.666666666666666,28.639999999999997,35.833333333333336,26.991428571428575
37,4,Svi Mykhailiuk,0.0,DET,MIA,8.5,215.0,103.3,13,-1.0,7.0,12.5,SG/SF,3100,0,14.0,8.0,106,98,-5%,3,3,3,11,16,15,7.0,7.7,2.4,12.9,5.8,10.3,3.3,13.3,4.27,9.6,14.0,3.1,11.45,3.6849999999999996,14.0,3.0,8.290000000000001,6.166666666666667,11.45
37,5,Will Barton,0.0,DEN,ATL,-10.0,209.0,109.5,29,30.3,36.9,41.5,SG/SF,6000,1,21.0,18.0,103,104,21%,14,14,12,37,34,32,36.9,33.4,24.5,42.3,36.1,42.3,7.0,30.3,5.04,32.9,33.5,5.5,31.6,5.27,34.333333333333336,13.333333333333334,33.739999999999995,36.233333333333334,30.833009708737862
37,6,JaVale McGee,0.0,LAL,PHO,-2.5,219.5,111.0,19,6.5,17.0,27.5,C,3900,1,16.0,18.0,106,101,2%,9,5,5,15,14,16,16.9,15.6,6.7,24.5,10.8,20.3,5.2,15.3,3.91,16.0,15.0,4.1,15.65,4.005,15.0,6.333333333333333,15.870000000000001,17.0,15.650000000000002
37,7,Jabari Parker,0.0,ATL,DEN,10.0,209.0,99.5,19,30.3,39.8,57.3,SF/PF,7300,1,25.0,22.0,100,99,-14%,21,16,13,35,31,27,39.8,29.8,15.3,44.2,33.3,36.8,5.0,27.0,3.7,34.5,32.5,4.7,30.75,4.2,31.0,16.666666666666668,31.97,42.46666666666666,32.23790322580645
38,0,Kyrie Irving,0.0,BKN,UTA,7.0,219.0,106.0,3,27.5,47.3,62.0,PG,9300,1,35.0,30.0,101,95,-19%,22,21,22,32,33,33,47.6,52.1,38.0,66.2,36.7,41.3,4.4,45.0,4.84,48.9,34.0,5.3,46.95,5.07,32.666666666666664,21.666666666666668,50.17,45.6,48.86632653061225
38,1,Buddy Hield,0.0,SAC,POR,2.0,222.0,110.0,16,25.8,33.2,36.8,SG/SF,6600,3,27.0,14.0,106,106,-3%,17,17,16,29,31,30,33.1,28.7,18.2,39.2,37.0,26.0,3.9,37.3,5.64,36.3,33.0,5.5,36.8,5.57,30.0,16.666666666666668,31.2,31.933333333333334,40.48
38,2,Marcus Morris,0.0,NY,CHI,6.5,212.5,103.0,18,17.0,37.6,50.8,SF/PF,6300,1,0.0,0.0,105,105,10%,17,16,14,36,36,34,37.6,31.1,18.1,44.0,31.6,35.3,5.6,31.3,4.96,30.2,34.5,4.8,30.75,4.88,35.333333333333336,15.666666666666666,32.31,35.13333333333333,30.024764150943394
38,3,Damyean Dotson,0.0,NY,CHI,6.5,212.5,103.0,7,-0.5,6.1,17.8,SG/SF,3300,1,0.0,0.0,105,105,4%,7,3,3,14,10,9,6.1,5.7,-0.8,12.1,12.7,10.5,3.2,4.3,1.29,0.0,0.0,0.0,2.15,0.645,11.0,4.333333333333333,5.049999999999999,7.8,0.0
38,4,Joe Harris,0.0,BKN,UTA,7.0,219.0,106.0,11,11.0,25.8,36.3,SG/SF,4900,1,15.0,13.0,101,95,-13%,9,10,10,26,30,32,25.8,23.6,16.0,31.2,35.6,17.3,3.5,22.0,4.49,22.6,33.0,4.6,22.3,4.545,29.333333333333332,9.666666666666666,23.78,24.366666666666664,25.087500000000002
38,5,Jeff Green,0.0,UTA,BKN,-7.0,219.0,113.0,25,4.0,10.2,19.8,SF/PF,3100,0,16.0,5.0,109,109,-19%,7,6,6,18,19,19,10.2,11.7,6.6,16.7,21.8,22.5,7.3,13.8,4.44,13.1,19.0,4.2,13.45,4.32,18.666666666666668,6.333333333333333,11.729999999999999,11.333333333333334,13.69017857142857
38,6,Bruno Fernando,0.0,ATL,DEN,10.0,209.0,99.5,29,1.0,7.4,21.5,C,3200,1,18.0,17.0,100,99,-14%,2,2,3,6,11,12,7.3,10.8,2.9,18.7,9.4,5.8,1.8,10.3,3.2,13.7,14.5,4.3,12.0,3.75,9.666666666666666,2.3333333333333335,10.34,9.966666666666667,18.0
38,7,Danny Green,0.0,LAL,PHO,-2.5,219.5,111.0,28,5.8,14.2,21.0,SG/SF,3900,1,14.0,10.0,106,101,-9%,6,6,8,25,27,27,14.2,18.5,6.7,30.4,25.4,20.8,5.3,17.8,4.55,17.7,26.5,4.5,17.75,4.525,26.333333333333332,6.666666666666667,17.509999999999998,13.666666666666666,17.8623417721519
39,0,Donovan Mitchell,0.0,UTA,BKN,-7.0,219.0,113.0,29,33.3,42.6,55.0,PG/SG,7900,0,31.0,23.0,109,109,5%,20,20,19,36,35,34,42.6,40.8,31.6,50.0,37.7,41.5,5.3,43.0,5.44,41.0,35.0,5.2,42.0,5.32,35.0,19.666666666666668,41.4,43.63333333333333,42.0
39,1,Damyean Dotson,0.0,NY,CHI,6.5,212.5,103.0,7,-0.5,6.1,17.8,SG/SF,3300,1,0.0,0.0,105,105,4%,7,3,3,14,10,9,6.1,5.7,-0.8,12.1,12.7,10.5,3.2,4.3,1.29,0.0,0.0,0.0,2.15,0.645,11.0,4.333333333333333,5.049999999999999,7.8,0.0
39,2,Jeff Green,0.0,UTA,BKN,-7.0,219.0,113.0,25,4.0,10.2,19.8,SF/PF,3100,0,16.0,5.0,109,109,-19%,7,6,6,18,19,19,10.2,11.7,6.6,16.7,21.8,22.5,7.3,13.8,4.44,13.1,19.0,4.2,13.45,4.32,18.666666666666668,6.333333333333333,11.729999999999999,11.333333333333334,13.69017857142857
39,3,Tomas Satoransky,0.0,CHI,NY,-6.5,212.5,109.5,16,14.5,28.3,49.8,PG/SF,5400,2,18.0,15.0,101,108,-6%,12,8,7,27,27,26,28.3,23.2,12.0,34.4,23.4,10.0,1.9,23.0,4.26,23.5,27.0,4.4,23.25,4.33,26.666666666666668,9.0,24.23,30.866666666666664,23.540625
39,4,Avery Bradley,0.0,LAL,PHO,-2.5,219.5,111.0,4,19.3,22.4,24.3,PG/SG,4200,1,16.0,11.0,106,101,-9%,10,10,9,28,29,28,22.4,19.5,14.1,24.9,27.7,18.0,4.3,13.8,3.27,15.9,26.5,3.8,14.850000000000001,3.535,28.333333333333332,9.666666666666666,19.15,22.0,13.889117647058825
39,5,Jerami Grant,0.0,DEN,ATL,-10.0,209.0,109.5,23,7.3,16.4,30.3,PF/C,3900,1,19.0,10.0,103,104,17%,6,8,8,16,22,22,16.4,15.4,7.8,22.9,18.2,13.8,3.5,15.0,3.85,15.1,20.5,3.9,15.05,3.875,20.0,7.333333333333333,15.51,18.0,15.426250000000001
39,6,Larry Nance Jr.,0.0,CLE,PHI,10.0,219.0,104.5,7,14.0,19.1,27.3,PF/C,4900,1,16.0,16.0,106,102,-16%,3,5,7,24,23,24,19.1,21.8,15.3,28.3,28.1,23.5,4.8,22.5,4.59,22.1,24.5,4.5,22.3,4.545,23.666666666666668,5.0,21.36,20.133333333333336,23.085211267605633
39,7,Duncan Robinson,0.0,MIA,DET,-8.5,215.0,111.8,26,4.5,18.3,39.0,SG/SF,3700,3,14.0,12.0,103,108,8%,6,8,7,26,25,22,18.3,15.7,3.3,28.1,29.3,13.0,3.5,21.3,5.74,20.0,30.5,5.4,20.65,5.57,24.333333333333332,7.0,17.21,20.599999999999998,25.88321917808219
40,0,Kris Dunn,0.0,CHI,NY,-6.5,212.5,109.5,16,11.5,19.0,27.3,PG/SG,3900,2,16.0,14.0,101,108,-6%,9,6,6,21,19,20,19.0,18.1,11.4,24.8,19.3,29.8,7.6,18.8,4.81,18.5,20.0,4.7,18.65,4.755,20.0,7.0,18.390000000000004,19.266666666666666,18.65
40,1,DeAndre' Bembry,0.0,ATL,DEN,10.0,209.0,99.5,1,13.3,23.2,46.0,PG/SG,4300,1,17.0,13.0,100,99,0%,6,7,7,33,28,26,23.2,21.2,11.6,30.9,29.6,16.8,3.9,20.5,4.77,22.1,27.5,5.1,21.3,4.935,29.0,6.666666666666667,21.639999999999997,27.5,20.198275862068968
40,2,Bobby Portis,0.0,NY,CHI,6.5,212.5,103.0,29,10.8,22.0,34.0,PF/C,5500,1,21.0,14.0,105,105,10%,13,11,10,27,23,24,21.9,24.6,11.3,38.0,19.0,14.3,2.6,28.3,5.14,27.8,26.5,5.1,28.05,5.119999999999999,24.666666666666668,11.333333333333334,24.77,22.266666666666666,30.134797297297297
40,3,Tony Snell,0.0,DET,MIA,8.5,215.0,103.3,13,13.8,22.2,33.3,SG/SF,3900,0,13.0,12.0,106,98,-18%,9,10,8,32,32,30,22.1,18.6,12.1,25.1,23.6,9.8,2.5,19.0,4.87,19.7,32.0,5.1,19.35,4.984999999999999,31.333333333333332,9.0,19.45,23.099999999999998,19.761702127659575
40,4,Shai Gilgeous-Alexander,0.0,OKC,IND,1.5,213.0,105.8,5,21.3,33.7,43.5,PG/SG,7000,1,25.0,19.0,102,103,9%,17,16,17,37,36,35,33.6,36.1,26.6,45.6,28.2,19.0,2.7,32.0,4.57,34.5,36.0,4.9,33.25,4.735,36.0,16.666666666666668,35.03,32.833333333333336,33.25
40,5,Harrison Barnes,0.0,SAC,POR,2.0,222.0,110.0,28,30.5,34.3,39.5,SF/PF,5900,3,18.0,18.0,106,106,7%,13,14,12,37,37,34,34.5,28.3,19.7,36.8,32.0,25.0,4.2,29.5,5.0,30.6,35.5,5.2,30.05,5.1,36.0,13.0,29.869999999999997,34.766666666666666,29.63263888888889
40,6,Steven Adams,0.0,OKC,IND,1.5,213.0,105.8,25,19.3,26.7,32.3,C,5100,1,17.0,14.0,102,103,13%,7,7,7,26,26,27,26.4,25.9,20.8,30.9,19.1,17.8,3.5,25.0,4.9,27.1,27.0,5.3,26.05,5.1,26.333333333333332,7.0,26.009999999999998,26.099999999999998,26.709493670886076
40,7,Kevin Knox,0.0,NY,CHI,6.5,212.5,103.0,18,8.8,18.1,24.5,SF/PF,4100,1,0.0,0.0,105,105,1%,7,7,8,19,23,23,18.1,19.2,13.6,24.8,32.0,20.3,5.0,19.5,4.76,17.5,22.5,4.3,18.5,4.529999999999999,21.666666666666668,7.333333333333333,18.839999999999996,17.133333333333336,19.21153846153846
42,0,Tim Frazier,0.0,DET,MIA,8.5,215.0,103.3,11,8.8,14.4,17.3,PG,3000,0,21.0,7.0,106,98,-4%,5,6,5,14,18,15,14.4,11.6,5.3,17.8,13.1,15.0,5.0,12.5,4.17,15.6,20.0,5.2,14.05,4.6850000000000005,15.666666666666666,5.333333333333333,12.629999999999999,13.5,17.93617021276596
42,1,Dennis Schroder,0.0,OKC,IND,1.5,213.0,105.8,5,9.8,30.5,45.5,PG/SG,5800,1,26.0,15.0,102,103,-10%,13,13,13,31,30,29,30.4,30.4,17.8,43.1,24.8,16.0,2.8,28.5,4.91,28.1,30.5,4.8,28.3,4.855,30.0,13.0,30.0,28.599999999999998,28.77166666666667
42,2,Lauri Markkanen,0.0,CHI,NY,-6.5,212.5,109.5,25,14.3,25.0,36.3,PF/C,6400,2,22.0,15.0,101,108,2%,11,9,12,34,30,31,24.9,30.4,17.1,43.6,27.9,27.5,4.3,34.5,5.39,34.7,31.5,5.4,34.6,5.395,31.666666666666668,10.666666666666666,30.119999999999997,25.2,34.41789473684211
42,3,Kelly Oubre Jr.,0.0,PHO,LAL,2.5,219.5,108.5,2,21.3,24.4,26.3,SF/PF,6000,1,22.0,18.0,103,96,6%,11,11,12,28,30,30,24.4,30.1,22.9,37.3,19.4,6.5,1.1,28.0,4.67,30.6,32.0,5.1,29.3,4.885,29.333333333333332,11.333333333333334,28.8,24.0,31.963636363636365
42,4,Langston Galloway,0.0,DET,MIA,8.5,215.0,103.3,11,14.5,23.7,30.8,PG/SG,4000,0,17.0,17.0,106,98,-18%,11,9,8,28,26,24,23.6,20.0,13.6,26.3,28.6,17.8,4.5,14.0,3.5,18.5,25.0,4.6,16.25,4.05,26.0,9.333333333333334,19.95,23.0,15.625
42,5,Royce O'Neale,0.0,UTA,BKN,-7.0,219.0,113.0,25,9.5,17.5,32.8,SF,4100,0,9.0,10.0,109,109,-19%,4,4,4,32,30,29,17.5,17.1,9.6,24.5,22.2,14.3,3.5,19.0,4.63,17.3,28.0,4.2,18.15,4.415,30.333333333333332,4.0,17.369999999999997,19.933333333333334,16.753846153846155
42,6,Christian Wood,0.0,DET,MIA,8.5,215.0,103.3,11,-0.5,14.3,26.0,PF/C,3400,0,18.0,21.0,106,98,13%,5,4,5,15,14,15,14.3,15.2,1.9,28.4,26.4,28.3,8.3,8.3,2.43,12.7,11.5,3.7,10.5,3.0650000000000004,14.666666666666666,4.666666666666667,14.059999999999999,13.266666666666666,8.232954545454545
42,7,Paul Millsap,0.0,DEN,ATL,-10.0,209.0,109.5,23,13.3,25.3,37.5,PF/C,4900,1,18.0,17.0,103,104,-15%,10,8,9,35,26,27,25.3,24.7,15.4,34.0,29.9,32.5,6.6,29.8,6.07,27.0,27.5,5.5,28.4,5.785,29.333333333333332,9.0,25.560000000000002,25.366666666666664,26.625
43,0,Collin Sexton,0.0,CLE,PHI,10.0,219.0,104.5,27,20.5,29.4,42.5,PG/SG,5700,1,26.0,15.0,106,102,3%,18,17,16,31,32,31,29.6,27.1,19.8,34.4,33.3,32.3,5.7,24.5,4.3,25.3,31.5,4.4,24.9,4.35,31.333333333333332,17.0,27.159999999999997,30.8,25.032446808510638
43,1,David Nwaba,0.0,BKN,UTA,7.0,219.0,106.0,11,4.0,8.4,16.5,SG/SF,3200,1,8.0,6.0,101,95,-23%,2,2,2,14,13,13,8.4,8.0,3.5,12.5,5.3,8.8,2.8,10.8,3.36,11.8,18.5,3.7,11.3,3.5300000000000002,13.333333333333334,2.0,8.74,9.633333333333333,15.67875
43,2,Domantas Sabonis,0.0,IND,OKC,-1.5,213.0,107.3,5,46.5,50.2,56.0,PF/C,8400,1,24.0,22.0,103,102,2%,16,15,15,38,36,36,49.8,45.3,36.0,54.5,29.2,43.5,5.2,46.8,5.57,46.6,36.5,5.5,46.7,5.535,36.666666666666664,15.333333333333334,46.46,50.9,46.487727272727284
43,3,Taurean Prince,0.0,BKN,UTA,7.0,219.0,106.0,21,9.8,28.3,51.5,SF/PF,5200,1,17.0,12.0,101,95,-13%,6,10,11,19,29,31,28.3,27.0,13.0,41.1,33.8,25.0,4.8,24.8,4.76,25.9,32.0,5.0,25.35,4.88,26.333333333333332,9.0,26.95,29.866666666666664,30.805063291139245
43,4,Kyrie Irving,0.0,BKN,UTA,7.0,219.0,106.0,3,27.5,47.3,62.0,PG,9300,1,35.0,30.0,101,95,-19%,22,21,22,32,33,33,47.6,52.1,38.0,66.2,36.7,41.3,4.4,45.0,4.84,48.9,34.0,5.3,46.95,5.07,32.666666666666664,21.666666666666668,50.17,45.6,48.86632653061225
43,5,Michael Porter Jr.,0.0,DEN,ATL,-10.0,209.0,109.5,4,2.0,9.3,21.5,SF/PF,3000,1,0.0,0.0,103,104,-15%,4,4,4,9,10,10,9.3,9.3,1.8,16.7,6.7,3.3,1.1,6.0,2.0,10.9,11.5,3.6,8.45,2.8,9.666666666666666,4.0,9.11,10.933333333333332,10.052586206896551
43,6,Chris Silva,0.0,MIA,DET,-8.5,215.0,111.8,9,0.0,8.6,13.5,C,3000,3,16.0,22.0,103,108,-5%,0,2,1,1,5,7,6.2,8.5,1.2,15.7,15.3,22.8,7.6,12.8,4.25,11.4,12.5,3.8,12.100000000000001,4.025,4.333333333333333,1.0,8.74,7.366666666666667,34.90384615384616
43,7,Cameron Johnson,0.0,PHO,LAL,2.5,219.5,108.5,2,2.0,14.7,32.5,SF/PF,3600,1,17.0,15.0,103,96,-8%,8,6,5,19,16,15,14.5,12.6,2.7,22.5,27.1,18.5,5.1,13.8,3.82,13.3,18.0,3.7,13.55,3.76,16.666666666666668,6.333333333333333,13.170000000000002,16.400000000000002,14.633999999999999
45,0,Monte Morris,0.0,DEN,ATL,-10.0,209.0,109.5,26,5.5,17.1,29.0,PG,3500,1,21.0,12.0,103,104,-14%,5,7,6,19,20,17,17.1,13.4,5.3,21.6,21.9,26.3,7.5,16.3,4.64,16.4,18.5,4.7,16.35,4.67,18.666666666666668,6.0,14.75,17.2,16.20401785714286
45,1,Kent Bazemore,0.0,POR,SAC,-2.0,222.0,112.0,3,9.3,19.9,31.5,SG/SF,4700,1,17.0,8.0,102,110,4%,8,7,8,26,23,24,19.9,19.9,12.8,26.9,32.7,25.8,5.5,20.3,4.31,22.8,28.0,4.9,21.55,4.605,24.333333333333332,7.666666666666667,20.209999999999997,20.233333333333334,24.797260273972604
45,2,Larry Nance Jr.,0.0,CLE,PHI,10.0,219.0,104.5,7,14.0,19.1,27.3,PF/C,4900,1,16.0,16.0,106,102,-16%,3,5,7,24,23,24,19.1,21.8,15.3,28.3,28.1,23.5,4.8,22.5,4.59,22.1,24.5,4.5,22.3,4.545,23.666666666666668,5.0,21.36,20.133333333333336,23.085211267605633
45,3,LeBron James,0.0,LAL,PHO,-2.5,219.5,111.0,4,39.5,63.0,91.0,PG/SF,10500,1,34.0,28.0,106,101,-4%,17,20,19,36,37,35,64.2,56.5,39.1,73.9,37.1,45.8,4.4,51.5,4.9,53.5,35.5,5.1,52.5,5.0,36.0,18.666666666666668,57.24000000000001,64.5,51.77083333333333
45,4,Kris Dunn,0.0,CHI,NY,-6.5,212.5,109.5,16,11.5,19.0,27.3,PG/SG,3900,2,16.0,14.0,101,108,-6%,9,6,6,21,19,20,19.0,18.1,11.4,24.8,19.3,29.8,7.6,18.8,4.81,18.5,20.0,4.7,18.65,4.755,20.0,7.0,18.390000000000004,19.266666666666666,18.65
45,5,Dario Saric,0.0,PHO,LAL,2.5,219.5,108.5,2,14.0,25.1,45.3,SF/PF,4800,1,17.0,11.0,103,96,-22%,9,10,9,28,27,27,25.1,23.1,11.5,34.8,34.6,31.3,6.5,23.0,4.79,21.6,26.5,4.5,22.3,4.645,27.333333333333332,9.333333333333334,23.36,28.133333333333336,21.620121951219513
45,6,Paul Millsap,0.0,DEN,ATL,-10.0,209.0,109.5,23,13.3,25.3,37.5,PF/C,4900,1,18.0,17.0,103,104,-15%,10,8,9,35,26,27,25.3,24.7,15.4,34.0,29.9,32.5,6.6,29.8,6.07,27.0,27.5,5.5,28.4,5.785,29.333333333333332,9.0,25.560000000000002,25.366666666666664,26.625
45,7,Anfernee Simons,0.0,POR,SAC,-2.0,222.0,112.0,22,19.8,24.7,31.3,PG/SG,4900,1,21.0,18.0,102,110,4%,13,11,9,30,24,20,24.7,18.2,9.7,26.7,27.8,10.0,2.0,19.8,4.03,20.5,24.5,4.2,20.15,4.115,24.666666666666668,11.0,19.889999999999997,25.266666666666666,20.01385135135135
47,0,Zach LaVine,0.0,CHI,NY,-6.5,212.5,109.5,16,24.3,34.3,49.3,PG/SG,7100,2,29.0,16.0,101,108,-6%,14,17,17,32,32,32,34.5,34.5,22.1,47.0,30.6,37.0,5.2,36.0,5.07,37.2,32.0,5.2,36.6,5.135,32.0,16.0,34.94,35.96666666666666,36.6
47,1,Devin Booker,0.0,PHO,LAL,2.5,219.5,108.5,28,24.3,40.0,51.5,PG/SG,8100,1,28.0,22.0,103,96,6%,14,16,17,34,34,34,40.0,39.4,29.7,49.1,39.2,37.8,4.7,39.5,4.88,41.7,33.5,5.1,40.6,4.99,34.0,15.666666666666666,39.76,38.6,40.002941176470586
47,2,Bobby Portis,0.0,NY,CHI,6.5,212.5,103.0,29,10.8,22.0,34.0,PF/C,5500,1,21.0,14.0,105,105,10%,13,11,10,27,23,24,21.9,24.6,11.3,38.0,19.0,14.3,2.6,28.3,5.14,27.8,26.5,5.1,28.05,5.119999999999999,24.666666666666668,11.333333333333334,24.77,22.266666666666666,30.134797297297297
47,3,Mario Hezonja,0.0,POR,SAC,-2.0,222.0,112.0,23,9.8,20.3,37.5,SF/PF,4200,1,13.0,7.0,102,110,4%,7,8,6,22,26,23,20.3,17.1,7.9,26.3,22.4,7.8,1.9,19.8,4.7,18.3,24.5,4.4,19.05,4.550000000000001,23.666666666666668,7.0,18.130000000000003,22.53333333333333,19.720774647887325
47,4,Darius Garland,0.0,CLE,PHI,10.0,219.0,104.5,27,7.8,18.8,30.0,PG,4400,1,21.0,6.0,106,102,3%,10,10,10,33,29,28,18.8,17.8,10.5,25.0,28.3,18.8,4.3,22.8,5.17,21.2,30.5,4.8,22.0,4.984999999999999,30.0,10.0,18.82,18.866666666666667,22.366666666666664
47,5,Kyle Kuzma,0.0,LAL,PHO,-2.5,219.5,111.0,6,9.3,16.0,22.8,SF/PF,4600,1,25.0,6.0,106,101,-6%,11,11,11,25,21,21,16.0,16.0,10.3,21.7,25.1,31.0,6.7,23.0,5.0,21.8,26.0,4.7,22.4,4.85,22.333333333333332,11.0,17.28,16.033333333333335,26.077611940298507
47,6,Jarrett Allen,0.0,BKN,UTA,7.0,219.0,106.0,6,5.5,23.2,36.8,PF/C,5000,1,14.0,16.0,101,95,-5%,5,6,6,24,25,26,23.2,24.8,14.9,34.7,17.6,17.3,3.5,22.0,4.4,23.4,25.5,4.7,22.7,4.550000000000001,25.0,5.666666666666667,24.060000000000002,21.833333333333332,23.153999999999996
47,7,CJ McCollum,0.0,POR,SAC,-2.0,222.0,112.0,22,19.3,29.1,46.0,PG/SG,6500,1,26.0,11.0,102,110,4%,21,19,20,41,39,38,29.1,32.1,20.7,43.6,36.8,33.8,5.2,31.0,4.77,33.9,36.5,5.2,32.45,4.984999999999999,39.333333333333336,20.0,31.590000000000003,31.46666666666667,30.1125
48,0,Tyler Johnson,0.0,PHO,LAL,2.5,219.5,108.5,28,5.5,12.6,18.5,PG/SG,3400,1,18.0,11.0,103,96,6%,9,6,7,16,17,19,12.6,13.4,7.4,19.5,16.8,7.8,2.3,14.3,4.19,14.4,18.5,4.2,14.350000000000001,4.195,17.333333333333332,7.333333333333333,13.45,12.200000000000001,15.315865384615387
48,1,Matthew Dellavedova,0.0,CLE,PHI,10.0,219.0,104.5,27,4.3,9.4,12.3,PG/SG,3100,1,16.0,5.0,106,102,3%,5,4,4,12,14,15,9.8,9.9,6.6,13.1,12.0,5.0,1.6,10.3,3.31,8.8,12.5,2.8,9.55,3.0549999999999997,13.666666666666666,4.333333333333333,9.790000000000001,8.666666666666666,8.734756097560977
48,2,Thaddeus Young,0.0,CHI,NY,-6.5,212.5,109.5,13,9.3,21.4,30.8,SF/PF,4800,2,21.0,15.0,101,108,2%,8,8,9,21,23,22,21.4,20.2,12.4,27.9,29.8,19.8,4.1,23.0,4.79,23.6,24.5,4.9,23.3,4.845000000000001,22.0,8.333333333333334,21.04,20.5,25.947727272727274
48,3,Jakarr Sampson,0.0,IND,OKC,-1.5,213.0,107.3,9,5.3,15.3,29.0,SF/PF,3600,1,14.0,12.0,103,102,0%,3,5,6,26,23,21,15.3,13.9,5.3,22.5,16.8,10.8,3.0,17.0,4.72,18.5,24.5,5.1,17.75,4.91,23.333333333333332,4.666666666666667,14.95,16.533333333333335,18.637500000000003
48,4,Garrett Temple,0.0,BKN,UTA,7.0,219.0,106.0,11,13.3,22.0,39.3,SG/SF,3700,1,13.0,15.0,101,95,-23%,7,7,5,20,24,21,21.9,16.8,6.6,27.0,29.7,16.3,4.4,17.8,4.8,18.4,29.5,5.0,18.1,4.9,21.666666666666668,6.333333333333333,18.080000000000002,24.866666666666664,24.643846153846155
48,5,Mason Plumlee,0.0,DEN,ATL,-10.0,209.0,109.5,23,12.3,18.9,27.3,PF/C,4100,1,19.0,18.0,103,104,-3%,2,4,4,14,16,16,18.9,18.6,12.9,24.2,17.3,18.5,4.5,19.5,4.76,16.0,14.5,3.9,17.75,4.33,15.333333333333334,3.3333333333333335,18.470000000000002,19.5,16.78532608695652
48,6,Joel Embiid,0.0,PHI,CLE,-10.0,219.0,114.5,21,32.3,47.4,66.8,C,9400,1,34.0,28.0,103,106,0%,14,15,15,27,29,28,47.4,46.8,34.4,59.2,35.1,61.0,6.5,54.5,5.8,55.5,32.0,5.9,55.0,5.85,28.0,14.666666666666666,48.559999999999995,48.833333333333336,62.857142857142854
48,7,Kevin Porter Jr.,0.0,CLE,PHI,10.0,219.0,104.5,12,9.0,14.3,19.0,SG/SF,3200,1,19.0,7.0,106,102,3%,10,7,7,22,20,19,14.3,12.5,8.2,16.8,16.3,8.0,2.5,14.0,4.38,13.9,20.0,4.3,13.95,4.34,20.333333333333332,8.0,13.15,14.1,13.721311475409836
49,0,LeBron James,0.0,LAL,PHO,-2.5,219.5,111.0,4,39.5,63.0,91.0,PG/SF,10500,1,34.0,28.0,106,101,-4%,17,20,19,36,37,35,64.2,56.5,39.1,73.9,37.1,45.8,4.4,51.5,4.9,53.5,35.5,5.1,52.5,5.0,36.0,18.666666666666668,57.24000000000001,64.5,51.77083333333333
49,1,Aaron Holiday,0.0,IND,OKC,-1.5,213.0,107.3,13,17.0,20.7,23.5,PG/SG,4600,1,19.0,10.0,103,102,2%,8,8,7,28,25,20,20.6,15.2,7.4,23.0,31.4,31.3,6.8,23.8,5.16,23.2,29.0,5.0,23.5,5.08,24.333333333333332,7.666666666666667,17.94,20.400000000000002,28.006849315068497
49,2,Lauri Markkanen,0.0,CHI,NY,-6.5,212.5,109.5,25,14.3,25.0,36.3,PF/C,6400,2,22.0,15.0,101,108,2%,11,9,12,34,30,31,24.9,30.4,17.1,43.6,27.9,27.5,4.3,34.5,5.39,34.7,31.5,5.4,34.6,5.395,31.666666666666668,10.666666666666666,30.119999999999997,25.2,34.41789473684211
49,3,Chandler Hutchison,0.0,CHI,NY,-6.5,212.5,109.5,13,8.8,21.2,33.5,SF/PF,4000,2,0.0,0.0,101,108,-6%,8,6,6,21,19,19,16.6,16.6,7.9,25.3,20.9,11.8,3.0,15.3,3.81,17.9,24.5,4.5,16.6,4.155,19.666666666666668,6.666666666666667,16.6,21.166666666666668,20.679661016949154
49,4,Malcolm Brogdon,0.0,IND,OKC,-1.5,213.0,107.3,13,24.0,36.8,47.8,PG/SG,7600,1,30.0,24.0,103,102,2%,15,15,16,31,33,34,37.0,43.5,33.9,53.2,25.4,34.5,4.5,37.0,4.87,42.1,34.0,5.5,39.55,5.1850000000000005,32.666666666666664,15.333333333333334,41.42999999999999,36.199999999999996,41.16428571428571
49,5,Dzanan Musa,0.0,BKN,UTA,7.0,219.0,106.0,21,-1.0,4.5,18.5,SF/PF,3300,1,0.0,0.0,101,95,-23%,7,3,3,13,8,8,5.2,5.2,-3.9,14.2,15.4,11.0,3.3,3.5,1.06,8.3,10.5,2.5,5.9,1.78,9.666666666666666,4.333333333333333,5.32,7.333333333333333,6.408620689655174
49,6,Jerami Grant,0.0,DEN,ATL,-10.0,209.0,109.5,23,7.3,16.4,30.3,PF/C,3900,1,19.0,10.0,103,104,17%,6,8,8,16,22,22,16.4,15.4,7.8,22.9,18.2,13.8,3.5,15.0,3.85,15.1,20.5,3.9,15.05,3.875,20.0,7.333333333333333,15.51,18.0,15.426250000000001
49,7,Tyler Johnson,0.0,PHO,LAL,2.5,219.5,108.5,28,5.5,12.6,18.5,PG/SG,3400,1,18.0,11.0,103,96,6%,9,6,7,16,17,19,12.6,13.4,7.4,19.5,16.8,7.8,2.3,14.3,4.19,14.4,18.5,4.2,14.350000000000001,4.195,17.333333333333332,7.333333333333333,13.45,12.200000000000001,15.315865384615387
