Lineup Num,,Player Name,injury_status,team,opp,spread,over_under,implied_team_score,L5_dvp_rank,L5_ppg_floor,L5_ppg_avg,L5_ppg_max,Pos,Salary,Rest,USG,PER,Opp Pace,Opp DEff,Opp DvP,L2 FGA,L5 FGA,S FGA,L2 Min,L5 Min,S Min,L5 FP,S FP,Floor FP,Ceil FP,Actual Min,Actual FP,Actual Val,FantasyFuelPPGProj,FantasyFuelValueProj,DFN_PPGProj,DFN_MinProj,DFN_ValueProj,Avg Proj,Avg Value Proj,Avg Skewed Min,Avg Skewed FGA,Avg Skewed FP,Avg L5 PPG,Proj Min Enhanced
0,0,RJ Barrett,0.0,NY,POR,9.0,223.0,107.0,21,5.5,23.4,31.3,PG/SG,5500,2,25.0,11.0,105,109,0%,11,13,14,29,31,33,28.9,29.9,20.8,39.0,18.9,10.0,1.8,29.5,5.36,28.9,31.5,5.3,29.2,5.33,31.0,12.666666666666666,29.559999999999995,20.066666666666666,29.67096774193548
0,1,CJ McCollum,0.0,POR,NY,-9.0,223.0,116.0,11,29.3,36.8,55.5,PG/SG,7100,1,26.0,17.0,100,111,-5%,17,17,20,36,36,37,36.9,37.5,25.1,49.8,31.4,24.0,3.4,36.5,5.14,37.6,36.5,5.3,37.05,5.22,36.333333333333336,18.0,37.27,40.53333333333333,37.219954128440364
0,2,James Ennis III,0.0,PHI,DEN,-5.0,208.5,106.8,8,6.5,17.9,25.8,SF/PF,3700,1,16.0,16.0,100,101,-10%,7,6,5,21,23,18,17.6,14.9,7.2,22.6,17.8,11.3,3.1,10.8,2.91,10.7,14.5,2.9,10.75,2.9050000000000002,20.666666666666668,6.0,14.610000000000003,16.733333333333334,7.542338709677419
0,3,Tobias Harris,0.0,PHI,DEN,-5.0,208.5,106.8,8,24.0,37.6,49.3,SF/PF,7000,1,24.0,17.0,100,101,-10%,25,21,16,39,37,35,39.3,36.3,28.5,44.2,35.7,41.3,5.9,33.3,4.75,35.3,35.0,5.0,34.3,4.875,37.0,20.666666666666668,36.52,36.96666666666667,32.445945945945944
0,4,Monte Morris,0.0,DEN,PHI,5.0,208.5,101.8,7,2.3,15.7,35.8,PG,3300,1,22.0,15.0,102,101,-7%,7,6,7,15,17,17,15.7,15.7,6.6,24.7,31.2,19.8,6.0,13.0,3.94,13.9,16.0,4.2,13.45,4.07,16.333333333333332,6.666666666666667,15.229999999999999,17.933333333333334,13.175510204081633
0,5,Michael Porter Jr.,0.0,DEN,PHI,5.0,208.5,101.8,11,3.5,9.9,13.3,SF/PF,3000,1,0.0,0.0,102,101,-11%,6,4,4,7,9,9,9.9,8.4,2.5,14.2,13.7,13.5,4.5,2.0,0.67,0.0,0.0,0.0,1.0,0.335,8.333333333333334,4.666666666666667,7.2,8.9,0.0
0,6,Taj Gibson,0.0,NY,POR,9.0,223.0,107.0,30,10.0,15.1,24.5,PF/C,3500,2,15.0,15.0,105,109,0%,3,5,5,17,18,16,14.9,14.1,6.7,21.5,16.3,9.0,2.6,15.0,4.29,15.3,16.5,4.4,15.15,4.345000000000001,17.0,4.333333333333333,14.470000000000002,16.533333333333335,14.704411764705883
0,7,Mario Hezonja,0.0,POR,NY,-9.0,223.0,116.0,30,3.5,6.9,8.8,SF/PF,3000,1,14.0,7.0,100,111,-5%,4,3,5,12,9,17,6.8,12.8,4.5,21.1,23.1,20.5,6.8,12.5,4.17,8.1,10.5,2.7,10.3,3.435,12.666666666666666,4.0,11.1,6.400000000000001,8.538157894736843
1,0,DeAndre' Bembry,0.0,ATL,MIA,8.0,218.5,105.3,14,6.0,20.5,37.5,PG/SG,4000,1,15.0,12.0,102,102,-7%,7,8,7,31,30,26,21.8,21.2,11.3,31.2,13.6,4.3,1.1,18.3,4.56,13.5,17.5,3.4,15.9,3.9799999999999995,29.0,7.333333333333333,20.28,21.333333333333332,9.594827586206897
1,1,Malik Monk,0.0,CHA,WAS,2.0,228.5,113.3,6,9.0,14.1,21.8,PG/SG,3900,1,22.0,12.0,107,115,13%,6,6,8,17,19,21,14.1,16.9,7.6,26.1,15.1,13.3,3.4,16.5,4.23,15.7,17.5,4.0,16.1,4.115,19.0,6.666666666666667,16.160000000000004,14.966666666666669,14.828947368421055
1,2,Tobias Harris,0.0,PHI,DEN,-5.0,208.5,106.8,8,24.0,37.6,49.3,SF/PF,7000,1,24.0,17.0,100,101,-10%,25,21,16,39,37,35,39.3,36.3,28.5,44.2,35.7,41.3,5.9,33.3,4.75,35.3,35.0,5.0,34.3,4.875,37.0,20.666666666666668,36.52,36.96666666666667,32.445945945945944
1,3,Nicolas Batum,0.0,CHA,WAS,2.0,228.5,113.3,30,6.0,13.0,23.8,SG/SF,3700,1,11.0,10.0,107,115,13%,4,3,3,29,22,23,13.0,16.0,9.0,23.1,12.8,4.0,1.1,16.8,4.53,8.9,11.0,2.4,12.850000000000001,3.465,24.666666666666668,3.3333333333333335,14.790000000000001,14.266666666666666,5.730405405405406
1,4,Raul Neto,0.0,PHI,DEN,-5.0,208.5,106.8,5,5.8,12.5,22.0,PG,3000,1,17.0,12.0,100,101,-9%,5,5,4,16,14,12,12.4,9.3,1.3,17.2,10.8,3.3,1.1,9.8,3.25,7.3,10.5,2.4,8.55,2.825,14.0,4.666666666666667,9.75,13.433333333333332,6.4125000000000005
1,5,Carmelo Anthony,0.0,POR,NY,-9.0,223.0,116.0,30,19.5,28.9,46.8,SF/PF,5600,1,23.0,11.0,100,111,6%,16,14,15,35,34,32,28.9,27.8,17.9,37.7,24.9,27.0,4.8,29.8,5.31,31.4,34.5,5.6,30.6,5.455,33.666666666666664,15.0,28.580000000000002,31.73333333333333,31.35742574257426
1,6,Bismack Biyombo,0.0,CHA,WAS,2.0,228.5,113.3,25,5.0,13.5,28.3,C,3800,1,18.0,18.0,107,115,14%,5,5,5,15,17,17,13.3,15.9,5.6,26.2,23.6,33.3,8.8,19.5,5.13,18.3,18.5,4.8,18.9,4.965,16.333333333333332,5.0,15.98,15.6,21.40714285714286
1,7,Nikola Jokic,0.0,DEN,PHI,5.0,208.5,101.8,3,28.5,39.9,56.0,C,9000,1,26.0,20.0,102,101,-16%,21,14,14,32,32,31,39.9,41.4,29.7,53.2,33.2,43.3,4.8,45.5,5.06,39.9,32.0,4.4,42.7,4.73,31.666666666666668,16.333333333333332,41.379999999999995,41.46666666666667,43.14947368421053
2,0,Malik Monk,0.0,CHA,WAS,2.0,228.5,113.3,6,9.0,14.1,21.8,PG/SG,3900,1,22.0,12.0,107,115,13%,6,6,8,17,19,21,14.1,16.9,7.6,26.1,15.1,13.3,3.4,16.5,4.23,15.7,17.5,4.0,16.1,4.115,19.0,6.666666666666667,16.160000000000004,14.966666666666669,14.828947368421055
2,1,Bradley Beal,0.0,WAS,CHA,-2.0,228.5,115.3,27,29.0,44.5,57.5,SG,9300,1,32.0,21.0,101,112,-3%,18,22,21,38,38,37,44.5,47.0,34.9,59.2,36.8,34.5,3.7,49.3,5.3,51.1,38.5,5.5,50.2,5.4,37.666666666666664,20.333333333333332,47.160000000000004,43.666666666666664,51.310619469026555
2,2,Al Horford,0.0,PHI,DEN,-5.0,208.5,106.8,20,23.3,30.1,41.5,PF/C,6600,1,19.0,19.0,100,101,-8%,9,9,12,30,32,31,31.3,33.2,24.9,41.5,30.9,27.8,4.2,31.5,4.77,32.5,31.5,4.9,32.0,4.835,31.0,10.0,32.58,31.633333333333336,32.516129032258064
2,3,Isaac Bonga,0.0,WAS,CHA,-2.0,228.5,115.3,25,1.5,11.4,17.3,SF,3100,1,10.0,10.0,101,112,-1%,3,2,3,14,17,16,11.4,10.5,4.0,16.9,14.3,6.3,2.0,12.8,4.11,11.0,15.0,3.5,11.9,3.805,15.666666666666666,2.6666666666666665,10.94,10.066666666666668,11.393617021276597
2,4,Malik Beasley,0.0,DEN,PHI,5.0,208.5,101.8,7,2.0,11.2,19.0,PG/SG,3200,1,20.0,8.0,102,101,-9%,5,8,6,16,18,16,11.2,11.2,3.8,18.5,11.7,6.3,2.0,12.0,3.75,11.1,16.0,3.5,11.55,3.625,16.666666666666668,6.333333333333333,11.25,10.733333333333334,11.088
2,5,Nicolas Batum,0.0,CHA,WAS,2.0,228.5,113.3,30,6.0,13.0,23.8,SG/SF,3700,1,11.0,10.0,107,115,13%,4,3,3,29,22,23,13.0,16.0,9.0,23.1,12.8,4.0,1.1,16.8,4.53,8.9,11.0,2.4,12.850000000000001,3.465,24.666666666666668,3.3333333333333335,14.790000000000001,14.266666666666666,5.730405405405406
2,6,Nikola Jokic,0.0,DEN,PHI,5.0,208.5,101.8,3,28.5,39.9,56.0,C,9000,1,26.0,20.0,102,101,-16%,21,14,14,32,32,31,39.9,41.4,29.7,53.2,33.2,43.3,4.8,45.5,5.06,39.9,32.0,4.4,42.7,4.73,31.666666666666668,16.333333333333332,41.379999999999995,41.46666666666667,43.14947368421053
2,7,Kent Bazemore,0.0,POR,NY,-9.0,223.0,116.0,13,10.0,19.0,27.5,SG/SF,5000,1,18.0,9.0,100,111,-5%,10,8,8,31,24,23,18.9,18.9,11.2,26.6,21.8,9.3,1.9,27.5,5.5,27.1,33.0,5.4,27.3,5.45,26.0,8.666666666666666,20.580000000000002,18.833333333333332,34.65
3,0,DeAndre' Bembry,0.0,ATL,MIA,8.0,218.5,105.3,14,6.0,20.5,37.5,PG/SG,4000,1,15.0,12.0,102,102,-7%,7,8,7,31,30,26,21.8,21.2,11.3,31.2,13.6,4.3,1.1,18.3,4.56,13.5,17.5,3.4,15.9,3.9799999999999995,29.0,7.333333333333333,20.28,21.333333333333332,9.594827586206897
3,1,Nicolas Batum,0.0,CHA,WAS,2.0,228.5,113.3,30,6.0,13.0,23.8,SG/SF,3700,1,11.0,10.0,107,115,13%,4,3,3,29,22,23,13.0,16.0,9.0,23.1,12.8,4.0,1.1,16.8,4.53,8.9,11.0,2.4,12.850000000000001,3.465,24.666666666666668,3.3333333333333335,14.790000000000001,14.266666666666666,5.730405405405406
3,2,Skal Labissiere,0.0,POR,NY,-9.0,223.0,116.0,29,8.0,12.8,22.8,PF/C,3100,1,15.0,16.0,100,111,6%,3,3,5,13,16,17,12.8,15.9,5.1,26.8,21.4,9.0,2.9,14.0,4.52,15.2,17.0,4.9,14.6,4.71,15.333333333333334,3.6666666666666665,15.040000000000001,14.533333333333333,16.18695652173913
3,3,Vince Carter,0.0,ATL,MIA,8.0,218.5,105.3,9,3.5,11.3,24.3,SF/PF,3300,1,17.0,7.0,102,102,-3%,7,6,6,16,15,15,11.3,10.6,3.4,17.8,26.1,22.8,6.9,9.5,2.88,12.0,15.5,3.6,10.75,3.24,15.333333333333334,6.333333333333333,10.77,13.033333333333333,10.866847826086957
3,4,Damian Lillard,0.0,POR,NY,-9.0,223.0,116.0,11,31.0,42.4,51.5,PG,8800,1,29.0,24.0,100,111,3%,21,17,19,40,37,37,42.4,47.4,37.2,57.5,29.0,45.0,5.1,47.8,5.43,46.3,36.5,5.3,47.05,5.365,38.0,19.0,46.31,41.63333333333333,45.19276315789474
3,5,Kevin Huerter,0.0,ATL,MIA,8.0,218.5,105.3,18,8.3,22.1,28.8,SG/SF,4400,1,18.0,13.0,102,102,-3%,4,7,7,20,23,22,22.1,19.4,13.2,25.7,25.8,25.5,5.8,20.5,4.66,21.0,24.5,4.8,20.75,4.73,21.666666666666668,6.0,20.23,19.733333333333334,23.463461538461537
3,6,Mitchell Robinson,0.0,NY,POR,9.0,223.0,107.0,2,11.3,25.0,33.8,C,5700,2,15.0,24.0,105,109,8%,9,6,5,28,26,22,25.0,24.2,16.4,31.9,27.3,21.8,3.8,30.5,5.35,29.0,25.5,5.1,29.75,5.225,25.333333333333332,6.666666666666667,25.45,23.366666666666664,29.945723684210527
3,7,Cam Reddish,0.0,ATL,MIA,8.0,218.5,105.3,14,6.8,17.5,42.5,PG/SG,4500,1,19.0,6.0,102,102,1%,12,10,9,33,28,26,19.1,17.6,9.1,26.1,23.3,24.3,5.4,20.5,4.56,19.2,27.5,4.3,19.85,4.43,29.0,10.333333333333334,18.35,22.266666666666666,18.823275862068968
4,0,Cam Reddish,0.0,ATL,MIA,8.0,218.5,105.3,14,6.8,17.5,42.5,PG/SG,4500,1,19.0,6.0,102,102,1%,12,10,9,33,28,26,19.1,17.6,9.1,26.1,23.3,24.3,5.4,20.5,4.56,19.2,27.5,4.3,19.85,4.43,29.0,10.333333333333334,18.35,22.266666666666666,18.823275862068968
4,1,CJ McCollum,0.0,POR,NY,-9.0,223.0,116.0,11,29.3,36.8,55.5,PG/SG,7100,1,26.0,17.0,100,111,-5%,17,17,20,36,36,37,36.9,37.5,25.1,49.8,31.4,24.0,3.4,36.5,5.14,37.6,36.5,5.3,37.05,5.22,36.333333333333336,18.0,37.27,40.53333333333333,37.219954128440364
4,2,Jerami Grant,0.0,DEN,PHI,5.0,208.5,101.8,11,11.5,17.7,22.5,PF/C,4000,1,18.0,12.0,102,101,-6%,7,7,8,21,23,22,17.7,17.3,10.2,24.5,19.4,17.3,4.3,15.8,3.94,15.9,22.5,4.0,15.850000000000001,3.9699999999999998,22.0,7.333333333333333,17.110000000000003,17.233333333333334,16.210227272727277
4,3,Mario Hezonja,0.0,POR,NY,-9.0,223.0,116.0,30,3.5,6.9,8.8,SF/PF,3000,1,14.0,7.0,100,111,-5%,4,3,5,12,9,17,6.8,12.8,4.5,21.1,23.1,20.5,6.8,12.5,4.17,8.1,10.5,2.7,10.3,3.435,12.666666666666666,4.0,11.1,6.400000000000001,8.538157894736843
4,4,Malik Monk,0.0,CHA,WAS,2.0,228.5,113.3,6,9.0,14.1,21.8,PG/SG,3900,1,22.0,12.0,107,115,13%,6,6,8,17,19,21,14.1,16.9,7.6,26.1,15.1,13.3,3.4,16.5,4.23,15.7,17.5,4.0,16.1,4.115,19.0,6.666666666666667,16.160000000000004,14.966666666666669,14.828947368421055
4,5,Derrick Jones Jr.,0.0,MIA,ATL,-8.0,218.5,113.3,16,3.5,11.1,19.3,SF/PF,3600,1,0.0,0.0,105,111,17%,5,3,4,26,15,15,9.2,10.3,3.6,17.0,34.7,24.8,6.9,21.3,5.9,19.5,24.0,5.4,20.4,5.65,18.666666666666668,4.0,12.1,11.299999999999999,26.228571428571428
4,6,Bismack Biyombo,0.0,CHA,WAS,2.0,228.5,113.3,25,5.0,13.5,28.3,C,3800,1,18.0,18.0,107,115,14%,5,5,5,15,17,17,13.3,15.9,5.6,26.2,23.6,33.3,8.8,19.5,5.13,18.3,18.5,4.8,18.9,4.965,16.333333333333332,5.0,15.98,15.6,21.40714285714286
4,7,Kevin Huerter,0.0,ATL,MIA,8.0,218.5,105.3,18,8.3,22.1,28.8,SG/SF,4400,1,18.0,13.0,102,102,-3%,4,7,7,20,23,22,22.1,19.4,13.2,25.7,25.8,25.5,5.8,20.5,4.66,21.0,24.5,4.8,20.75,4.73,21.666666666666668,6.0,20.23,19.733333333333334,23.463461538461537
5,0,Allonzo Trier,0.0,NY,POR,9.0,223.0,107.0,21,2.3,11.5,19.3,PG/SG,3000,2,23.0,17.0,105,109,4%,4,4,4,9,9,13,11.4,12.1,2.3,21.9,14.4,16.5,5.5,4.0,1.33,0.0,0.0,0.0,2.0,0.665,10.333333333333334,4.0,9.94,11.033333333333333,0.0
5,1,Malik Monk,0.0,CHA,WAS,2.0,228.5,113.3,6,9.0,14.1,21.8,PG/SG,3900,1,22.0,12.0,107,115,13%,6,6,8,17,19,21,14.1,16.9,7.6,26.1,15.1,13.3,3.4,16.5,4.23,15.7,17.5,4.0,16.1,4.115,19.0,6.666666666666667,16.160000000000004,14.966666666666669,14.828947368421055
5,2,Rui Hachimura,0.0,WAS,CHA,-2.0,228.5,115.3,15,26.0,34.8,48.8,PF/C,6500,1,19.0,14.0,101,112,16%,15,16,12,38,39,30,34.8,25.7,15.8,35.6,32.8,39.5,6.1,31.8,4.88,34.3,37.0,5.3,33.05,5.09,35.666666666666664,14.333333333333334,28.99,36.53333333333333,34.285514018691586
5,3,Kent Bazemore,0.0,POR,NY,-9.0,223.0,116.0,13,10.0,19.0,27.5,SG/SF,5000,1,18.0,9.0,100,111,-5%,10,8,8,31,24,23,18.9,18.9,11.2,26.6,21.8,9.3,1.9,27.5,5.5,27.1,33.0,5.4,27.3,5.45,26.0,8.666666666666666,20.580000000000002,18.833333333333332,34.65
5,4,Terry Rozier,0.0,CHA,WAS,2.0,228.5,113.3,6,21.3,35.0,51.8,PG/SG,7400,1,25.0,15.0,107,115,5%,14,15,15,35,34,34,35.0,32.5,22.1,42.8,37.8,39.5,5.3,37.5,5.07,36.7,35.0,5.0,37.1,5.035,34.333333333333336,14.666666666666666,33.9,36.03333333333333,37.82038834951456
5,5,Davis Bertans,0.0,WAS,CHA,-2.0,228.5,115.3,25,31.3,35.9,41.0,SF/PF,6300,1,17.0,17.0,101,112,4%,17,15,11,31,33,29,35.9,27.0,17.9,36.2,30.1,50.8,8.1,28.8,4.56,32.1,32.0,5.1,30.450000000000003,4.83,31.0,14.333333333333334,29.49,36.06666666666667,31.43225806451613
5,6,Damian Jones,0.0,ATL,MIA,8.0,218.5,105.3,1,10.8,21.1,33.0,C,4700,1,13.0,18.0,102,102,-11%,6,6,5,25,22,20,21.1,17.1,9.4,24.8,13.2,5.5,1.2,18.3,3.88,18.9,23.5,4.0,18.6,3.94,22.333333333333332,5.666666666666667,18.2,21.633333333333336,19.57164179104478
5,7,Bobby Portis,0.0,NY,POR,9.0,223.0,107.0,30,6.0,14.8,20.0,PF/C,3500,2,20.0,13.0,105,109,0%,7,7,9,22,20,22,14.8,20.4,10.4,30.4,19.7,28.5,8.1,19.3,5.5,17.9,18.5,5.1,18.6,5.3,21.333333333333332,7.666666666666667,18.919999999999998,13.6,16.129687500000003
6,0,Chris Chiozza,0.0,WAS,CHA,-2.0,228.5,115.3,17,-0.5,9.5,20.5,PG,3100,1,0.0,0.0,101,112,-1%,4,3,3,16,11,11,9.4,9.5,2.0,17.1,13.5,14.5,4.7,13.8,4.44,12.3,15.0,4.0,13.05,4.220000000000001,12.666666666666666,3.3333333333333335,10.209999999999999,9.833333333333334,15.453947368421055
6,1,Matisse Thybulle,0.0,PHI,DEN,-5.0,208.5,106.8,26,3.5,18.1,36.0,SG/SF,4300,1,13.0,11.0,100,101,-9%,6,5,4,20,23,17,18.1,12.4,2.2,22.6,26.3,24.3,5.7,20.5,4.77,13.4,19.5,3.1,16.95,3.9349999999999996,20.0,5.0,14.45,19.2,16.526249999999997
6,2,Tobias Harris,0.0,PHI,DEN,-5.0,208.5,106.8,8,24.0,37.6,49.3,SF/PF,7000,1,24.0,17.0,100,101,-10%,25,21,16,39,37,35,39.3,36.3,28.5,44.2,35.7,41.3,5.9,33.3,4.75,35.3,35.0,5.0,34.3,4.875,37.0,20.666666666666668,36.52,36.96666666666667,32.445945945945944
6,3,Furkan Korkmaz,0.0,PHI,DEN,-5.0,208.5,106.8,26,9.0,13.2,17.5,SG/SF,3500,1,16.0,9.0,100,101,-3%,6,6,8,23,22,23,13.2,15.0,7.4,22.6,16.8,13.8,3.9,16.0,4.57,11.3,18.5,3.2,13.65,3.8850000000000002,22.666666666666668,6.666666666666667,14.37,13.233333333333334,11.140808823529412
6,4,Devonte' Graham,0.0,CHA,WAS,2.0,228.5,113.3,6,36.0,44.9,63.3,PG,8400,1,27.0,18.0,107,115,5%,18,19,15,34,34,34,45.2,37.7,27.0,48.5,35.5,47.8,5.7,41.3,4.91,40.5,35.5,4.8,40.9,4.855,34.0,17.333333333333332,39.86,48.06666666666666,42.70441176470588
6,5,Duncan Robinson,0.0,MIA,ATL,-8.0,218.5,113.3,21,13.0,23.1,30.5,SG/SF,4500,1,15.0,13.0,105,111,-2%,9,9,8,32,30,27,23.1,19.9,10.9,28.9,43.1,52.3,11.6,21.8,4.83,21.3,28.5,4.7,21.55,4.765000000000001,29.666666666666668,8.666666666666666,20.87,22.2,20.70252808988764
6,6,Paul Millsap,0.0,DEN,PHI,5.0,208.5,101.8,11,9.5,20.7,37.5,PF/C,4800,1,20.0,19.0,102,101,-11%,7,8,9,21,23,26,20.7,25.7,16.4,35.1,28.6,25.0,5.2,22.5,4.69,20.1,23.0,4.2,21.3,4.445,23.333333333333332,8.0,23.84,22.566666666666666,20.995714285714286
6,7,Cody Zeller,0.0,CHA,WAS,2.0,228.5,113.3,25,12.3,22.6,32.5,C,4600,1,20.0,18.0,107,115,14%,10,9,9,22,20,24,22.6,24.4,14.1,34.8,22.4,28.5,6.2,22.3,4.84,22.9,21.5,5.0,22.6,4.92,22.0,9.333333333333334,23.7,22.46666666666667,22.086363636363636
7,0,DeAndre' Bembry,0.0,ATL,MIA,8.0,218.5,105.3,14,6.0,20.5,37.5,PG/SG,4000,1,15.0,12.0,102,102,-7%,7,8,7,31,30,26,21.8,21.2,11.3,31.2,13.6,4.3,1.1,18.3,4.56,13.5,17.5,3.4,15.9,3.9799999999999995,29.0,7.333333333333333,20.28,21.333333333333332,9.594827586206897
7,1,Terry Rozier,0.0,CHA,WAS,2.0,228.5,113.3,6,21.3,35.0,51.8,PG/SG,7400,1,25.0,15.0,107,115,5%,14,15,15,35,34,34,35.0,32.5,22.1,42.8,37.8,39.5,5.3,37.5,5.07,36.7,35.0,5.0,37.1,5.035,34.333333333333336,14.666666666666666,33.9,36.03333333333333,37.82038834951456
7,2,Marcus Morris,0.0,NY,POR,9.0,223.0,107.0,5,12.8,26.4,35.0,SF/PF,5300,2,0.0,0.0,105,109,0%,15,15,15,30,31,33,30.1,32.4,21.5,43.3,24.9,12.8,2.4,27.0,5.09,28.3,30.5,5.3,27.65,5.195,31.333333333333332,15.0,30.99,24.733333333333334,26.914627659574467
7,3,Michael Porter Jr.,0.0,DEN,PHI,5.0,208.5,101.8,11,3.5,9.9,13.3,SF/PF,3000,1,0.0,0.0,102,101,-11%,6,4,4,7,9,9,9.9,8.4,2.5,14.2,13.7,13.5,4.5,2.0,0.67,0.0,0.0,0.0,1.0,0.335,8.333333333333334,4.666666666666667,7.2,8.9,0.0
7,4,Kendrick Nunn,0.0,MIA,ATL,-8.0,218.5,113.3,18,17.3,21.9,25.8,PG/SG,5400,1,24.0,13.0,105,111,-2%,13,13,14,36,32,30,21.9,26.2,17.8,34.7,42.4,52.5,9.7,30.3,5.6,28.3,33.0,5.2,29.3,5.4,32.666666666666664,13.333333333333334,25.98,21.666666666666668,29.598979591836738
7,5,Skal Labissiere,0.0,POR,NY,-9.0,223.0,116.0,29,8.0,12.8,22.8,PF/C,3100,1,15.0,16.0,100,111,6%,3,3,5,13,16,17,12.8,15.9,5.1,26.8,21.4,9.0,2.9,14.0,4.52,15.2,17.0,4.9,14.6,4.71,15.333333333333334,3.6666666666666665,15.040000000000001,14.533333333333333,16.18695652173913
7,6,Paul Millsap,0.0,DEN,PHI,5.0,208.5,101.8,11,9.5,20.7,37.5,PF/C,4800,1,20.0,19.0,102,101,-11%,7,8,9,21,23,26,20.7,25.7,16.4,35.1,28.6,25.0,5.2,22.5,4.69,20.1,23.0,4.2,21.3,4.445,23.333333333333332,8.0,23.84,22.566666666666666,20.995714285714286
7,7,Meyers Leonard,0.0,MIA,ATL,-8.0,218.5,113.3,16,1.3,13.9,22.0,PF/C,3100,1,11.0,12.0,105,111,3%,2,3,4,14,17,19,13.3,13.9,4.2,23.6,11.6,12.8,4.1,14.3,4.6,11.9,15.0,3.8,13.100000000000001,4.199999999999999,16.666666666666668,3.0,13.620000000000001,12.4,11.790000000000001
8,0,Dennis Smith Jr.,0.0,NY,POR,9.0,223.0,107.0,21,7.3,14.9,32.8,PG,3300,2,23.0,6.0,105,109,4%,6,6,6,15,22,18,14.8,13.0,3.3,22.6,13.6,10.5,3.2,13.0,3.94,10.2,11.5,3.1,11.6,3.52,18.333333333333332,6.0,13.059999999999999,18.333333333333332,7.276363636363636
8,1,RJ Barrett,0.0,NY,POR,9.0,223.0,107.0,21,5.5,23.4,31.3,PG/SG,5500,2,25.0,11.0,105,109,0%,11,13,14,29,31,33,28.9,29.9,20.8,39.0,18.9,10.0,1.8,29.5,5.36,28.9,31.5,5.3,29.2,5.33,31.0,12.666666666666666,29.559999999999995,20.066666666666666,29.67096774193548
8,2,Jaylen Hoard,0.0,POR,NY,-9.0,223.0,116.0,30,3.8,4.3,5.3,SF/PF,3000,1,0.0,0.0,100,111,6%,1,1,1,4,3,3,3.6,3.6,1.9,5.2,5.8,6.5,2.2,4.3,1.42,0.0,0.0,0.0,2.15,0.71,3.3333333333333335,1.0,3.29,4.466666666666666,0.0
8,3,Matisse Thybulle,0.0,PHI,DEN,-5.0,208.5,106.8,26,3.5,18.1,36.0,SG/SF,4300,1,13.0,11.0,100,101,-9%,6,5,4,20,23,17,18.1,12.4,2.2,22.6,26.3,24.3,5.7,20.5,4.77,13.4,19.5,3.1,16.95,3.9349999999999996,20.0,5.0,14.45,19.2,16.526249999999997
8,4,Allen Crabbe,0.0,ATL,MIA,8.0,218.5,105.3,18,2.5,13.1,20.0,SG/SF,3500,1,14.0,9.0,102,102,-3%,7,6,6,23,20,19,13.1,12.4,7.2,17.6,22.0,15.8,4.5,12.0,3.43,12.9,19.0,3.7,12.45,3.5650000000000004,20.666666666666668,6.333333333333333,12.55,11.866666666666667,11.445967741935481
8,5,Kent Bazemore,0.0,POR,NY,-9.0,223.0,116.0,13,10.0,19.0,27.5,SG/SF,5000,1,18.0,9.0,100,111,-5%,10,8,8,31,24,23,18.9,18.9,11.2,26.6,21.8,9.3,1.9,27.5,5.5,27.1,33.0,5.4,27.3,5.45,26.0,8.666666666666666,20.580000000000002,18.833333333333332,34.65
8,6,Hassan Whiteside,0.0,POR,NY,-9.0,223.0,116.0,13,35.8,45.8,59.0,C,8000,1,20.0,25.0,100,111,-2%,10,11,10,32,31,28,45.8,38.3,28.7,47.9,25.6,49.8,6.2,40.8,5.09,42.3,30.5,5.3,41.55,5.195,30.333333333333332,10.333333333333334,40.45,46.86666666666667,41.778296703296704
8,7,Jimmy Butler,0.0,MIA,ATL,-8.0,218.5,113.3,21,35.3,52.4,66.8,SG/SF,9100,1,26.0,25.0,105,111,9%,15,16,14,40,39,35,53.0,44.4,33.5,55.4,41.7,61.0,6.7,47.3,5.19,47.7,37.0,5.2,47.5,5.195,38.0,15.0,46.760000000000005,51.5,46.25
10,0,Raul Neto,0.0,PHI,DEN,-5.0,208.5,106.8,5,5.8,12.5,22.0,PG,3000,1,17.0,12.0,100,101,-9%,5,5,4,16,14,12,12.4,9.3,1.3,17.2,10.8,3.3,1.1,9.8,3.25,7.3,10.5,2.4,8.55,2.825,14.0,4.666666666666667,9.75,13.433333333333332,6.4125000000000005
10,1,Anfernee Simons,0.0,POR,NY,-9.0,223.0,116.0,11,5.8,14.2,21.5,PG/SG,3600,1,20.0,11.0,100,111,-5%,8,7,9,20,20,21,14.2,16.0,8.5,23.5,28.7,28.8,8.0,16.5,4.58,17.4,23.0,4.8,16.95,4.6899999999999995,20.333333333333332,8.0,15.830000000000002,13.833333333333334,19.17295081967213
10,2,Bobby Portis,0.0,NY,POR,9.0,223.0,107.0,30,6.0,14.8,20.0,PF/C,3500,2,20.0,13.0,105,109,0%,7,7,9,22,20,22,14.8,20.4,10.4,30.4,19.7,28.5,8.1,19.3,5.5,17.9,18.5,5.1,18.6,5.3,21.333333333333332,7.666666666666667,18.919999999999998,13.6,16.129687500000003
10,3,Kevin Knox,0.0,NY,POR,9.0,223.0,107.0,5,4.0,11.9,21.8,SF/PF,3200,2,0.0,0.0,105,109,7%,7,7,7,18,18,20,11.8,15.2,8.4,21.9,20.3,12.3,3.8,14.5,4.53,13.3,17.0,4.2,13.9,4.365,18.666666666666668,7.0,14.24,12.566666666666668,12.658928571428572
10,4,Will Barton,0.0,DEN,PHI,5.0,208.5,101.8,7,13.3,24.3,40.0,PG/SF,5500,1,19.0,16.0,102,101,-9%,7,10,12,29,32,33,24.3,31.5,22.3,40.7,39.8,53.3,9.7,26.5,4.82,26.8,31.0,4.9,26.65,4.86,31.333333333333332,9.666666666666666,29.089999999999996,25.866666666666664,26.36648936170213
10,5,Anthony Tolliver,0.0,POR,NY,-9.0,223.0,116.0,29,1.3,9.7,22.8,PF/C,3000,1,11.0,5.0,100,111,6%,0,3,3,7,17,17,9.7,9.4,1.0,17.8,6.5,6.0,2.0,3.0,1.0,0.0,0.0,0.0,1.5,0.5,13.666666666666666,2.0,7.880000000000001,11.266666666666666,0.0
10,6,Joel Embiid,0.0,PHI,DEN,-5.0,208.5,106.8,17,29.5,48.4,60.8,C,9500,1,31.0,24.0,100,101,-2%,10,13,15,33,33,31,48.0,47.3,34.1,60.4,31.1,49.0,5.2,50.0,5.26,51.0,32.5,5.4,50.5,5.33,32.333333333333336,12.666666666666666,48.059999999999995,46.23333333333333,50.760309278350505
10,7,Michael Kidd-Gilchrist,0.0,CHA,WAS,2.0,228.5,113.3,28,0.0,10.6,21.0,SF/PF,3300,1,0.0,0.0,107,115,14%,6,6,6,16,14,14,10.6,10.6,5.7,15.5,15.2,7.3,2.2,17.0,5.15,15.2,20.0,4.6,16.1,4.875,14.666666666666666,6.0,11.700000000000001,10.533333333333333,21.954545454545457
11,0,Dennis Smith Jr.,0.0,NY,POR,9.0,223.0,107.0,21,7.3,14.9,32.8,PG,3300,2,23.0,6.0,105,109,4%,6,6,6,15,22,18,14.8,13.0,3.3,22.6,13.6,10.5,3.2,13.0,3.94,10.2,11.5,3.1,11.6,3.52,18.333333333333332,6.0,13.059999999999999,18.333333333333332,7.276363636363636
11,1,Troy Brown,0.0,WAS,CHA,-2.0,228.5,115.3,27,18.8,24.1,39.3,SG/SF,5000,1,16.0,14.0,101,112,4%,10,7,7,29,24,22,24.1,19.9,11.2,28.5,28.2,24.5,4.9,24.0,4.8,24.4,27.0,4.9,24.2,4.85,25.0,8.0,21.580000000000002,27.400000000000002,26.136
11,2,Jabari Parker,0.0,ATL,MIA,8.0,218.5,105.3,9,12.3,22.4,34.3,SF/PF,6200,1,24.0,18.0,102,102,1%,11,10,13,28,27,28,22.4,30.6,17.6,43.5,30.2,32.3,5.2,28.5,4.6,30.4,28.5,4.9,29.45,4.75,27.666666666666668,11.333333333333334,28.709999999999997,23.0,30.33704819277108
11,3,Miles Bridges,0.0,CHA,WAS,2.0,228.5,113.3,28,12.8,21.4,30.0,SF/PF,5100,1,19.0,12.0,107,115,14%,11,11,11,30,27,31,21.4,25.4,17.0,33.7,38.0,28.0,5.5,27.8,5.44,26.2,31.0,5.1,27.0,5.27,29.333333333333332,11.0,24.9,21.400000000000002,28.53409090909091
11,4,Will Barton,0.0,DEN,PHI,5.0,208.5,101.8,7,13.3,24.3,40.0,PG/SF,5500,1,19.0,16.0,102,101,-9%,7,10,12,29,32,33,24.3,31.5,22.3,40.7,39.8,53.3,9.7,26.5,4.82,26.8,31.0,4.9,26.65,4.86,31.333333333333332,9.666666666666666,29.089999999999996,25.866666666666664,26.36648936170213
11,5,Furkan Korkmaz,0.0,PHI,DEN,-5.0,208.5,106.8,26,9.0,13.2,17.5,SG/SF,3500,1,16.0,9.0,100,101,-3%,6,6,8,23,22,23,13.2,15.0,7.4,22.6,16.8,13.8,3.9,16.0,4.57,11.3,18.5,3.2,13.65,3.8850000000000002,22.666666666666668,6.666666666666667,14.37,13.233333333333334,11.140808823529412
11,6,Damian Jones,0.0,ATL,MIA,8.0,218.5,105.3,1,10.8,21.1,33.0,C,4700,1,13.0,18.0,102,102,-11%,6,6,5,25,22,20,21.1,17.1,9.4,24.8,13.2,5.5,1.2,18.3,3.88,18.9,23.5,4.0,18.6,3.94,22.333333333333332,5.666666666666667,18.2,21.633333333333336,19.57164179104478
11,7,Mitchell Robinson,0.0,NY,POR,9.0,223.0,107.0,2,11.3,25.0,33.8,C,5700,2,15.0,24.0,105,109,8%,9,6,5,28,26,22,25.0,24.2,16.4,31.9,27.3,21.8,3.8,30.5,5.35,29.0,25.5,5.1,29.75,5.225,25.333333333333332,6.666666666666667,25.45,23.366666666666664,29.945723684210527
12,0,Ish Smith,0.0,WAS,CHA,-2.0,228.5,115.3,17,9.0,22.0,33.3,PG,5200,1,18.0,13.0,101,112,-1%,13,10,9,32,26,25,21.9,21.2,11.4,31.0,38.2,22.5,4.3,29.0,5.58,28.1,32.0,5.4,28.55,5.49,27.666666666666668,10.666666666666666,22.81,21.433333333333334,33.02168674698795
12,1,Bradley Beal,0.0,WAS,CHA,-2.0,228.5,115.3,27,29.0,44.5,57.5,SG,9300,1,32.0,21.0,101,112,-3%,18,22,21,38,38,37,44.5,47.0,34.9,59.2,36.8,34.5,3.7,49.3,5.3,51.1,38.5,5.5,50.2,5.4,37.666666666666664,20.333333333333332,47.160000000000004,43.666666666666664,51.310619469026555
12,2,Michael Kidd-Gilchrist,0.0,CHA,WAS,2.0,228.5,113.3,28,0.0,10.6,21.0,SF/PF,3300,1,0.0,0.0,107,115,14%,6,6,6,16,14,14,10.6,10.6,5.7,15.5,15.2,7.3,2.2,17.0,5.15,15.2,20.0,4.6,16.1,4.875,14.666666666666666,6.0,11.700000000000001,10.533333333333333,21.954545454545457
12,3,Duncan Robinson,0.0,MIA,ATL,-8.0,218.5,113.3,21,13.0,23.1,30.5,SG/SF,4500,1,15.0,13.0,105,111,-2%,9,9,8,32,30,27,23.1,19.9,10.9,28.9,43.1,52.3,11.6,21.8,4.83,21.3,28.5,4.7,21.55,4.765000000000001,29.666666666666668,8.666666666666666,20.87,22.2,20.70252808988764
12,4,Kevin Huerter,0.0,ATL,MIA,8.0,218.5,105.3,18,8.3,22.1,28.8,SG/SF,4400,1,18.0,13.0,102,102,-3%,4,7,7,20,23,22,22.1,19.4,13.2,25.7,25.8,25.5,5.8,20.5,4.66,21.0,24.5,4.8,20.75,4.73,21.666666666666668,6.0,20.23,19.733333333333334,23.463461538461537
12,5,Michael Porter Jr.,0.0,DEN,PHI,5.0,208.5,101.8,11,3.5,9.9,13.3,SF/PF,3000,1,0.0,0.0,102,101,-11%,6,4,4,7,9,9,9.9,8.4,2.5,14.2,13.7,13.5,4.5,2.0,0.67,0.0,0.0,0.0,1.0,0.335,8.333333333333334,4.666666666666667,7.2,8.9,0.0
12,6,Cody Zeller,0.0,CHA,WAS,2.0,228.5,113.3,25,12.3,22.6,32.5,C,4600,1,20.0,18.0,107,115,14%,10,9,9,22,20,24,22.6,24.4,14.1,34.8,22.4,28.5,6.2,22.3,4.84,22.9,21.5,5.0,22.6,4.92,22.0,9.333333333333334,23.7,22.46666666666667,22.086363636363636
12,7,Marcus Morris,0.0,NY,POR,9.0,223.0,107.0,5,12.8,26.4,35.0,SF/PF,5300,2,0.0,0.0,105,109,0%,15,15,15,30,31,33,30.1,32.4,21.5,43.3,24.9,12.8,2.4,27.0,5.09,28.3,30.5,5.3,27.65,5.195,31.333333333333332,15.0,30.99,24.733333333333334,26.914627659574467
13,0,DeAndre' Bembry,0.0,ATL,MIA,8.0,218.5,105.3,14,6.0,20.5,37.5,PG/SG,4000,1,15.0,12.0,102,102,-7%,7,8,7,31,30,26,21.8,21.2,11.3,31.2,13.6,4.3,1.1,18.3,4.56,13.5,17.5,3.4,15.9,3.9799999999999995,29.0,7.333333333333333,20.28,21.333333333333332,9.594827586206897
13,1,Duncan Robinson,0.0,MIA,ATL,-8.0,218.5,113.3,21,13.0,23.1,30.5,SG/SF,4500,1,15.0,13.0,105,111,-2%,9,9,8,32,30,27,23.1,19.9,10.9,28.9,43.1,52.3,11.6,21.8,4.83,21.3,28.5,4.7,21.55,4.765000000000001,29.666666666666668,8.666666666666666,20.87,22.2,20.70252808988764
13,2,Anthony Tolliver,0.0,POR,NY,-9.0,223.0,116.0,29,1.3,9.7,22.8,PF/C,3000,1,11.0,5.0,100,111,6%,0,3,3,7,17,17,9.7,9.4,1.0,17.8,6.5,6.0,2.0,3.0,1.0,0.0,0.0,0.0,1.5,0.5,13.666666666666666,2.0,7.880000000000001,11.266666666666666,0.0
13,3,Vince Carter,0.0,ATL,MIA,8.0,218.5,105.3,9,3.5,11.3,24.3,SF/PF,3300,1,17.0,7.0,102,102,-3%,7,6,6,16,15,15,11.3,10.6,3.4,17.8,26.1,22.8,6.9,9.5,2.88,12.0,15.5,3.6,10.75,3.24,15.333333333333334,6.333333333333333,10.77,13.033333333333333,10.866847826086957
13,4,Monte Morris,0.0,DEN,PHI,5.0,208.5,101.8,7,2.3,15.7,35.8,PG,3300,1,22.0,15.0,102,101,-7%,7,6,7,15,17,17,15.7,15.7,6.6,24.7,31.2,19.8,6.0,13.0,3.94,13.9,16.0,4.2,13.45,4.07,16.333333333333332,6.666666666666667,15.229999999999999,17.933333333333334,13.175510204081633
13,5,Will Barton,0.0,DEN,PHI,5.0,208.5,101.8,7,13.3,24.3,40.0,PG/SF,5500,1,19.0,16.0,102,101,-9%,7,10,12,29,32,33,24.3,31.5,22.3,40.7,39.8,53.3,9.7,26.5,4.82,26.8,31.0,4.9,26.65,4.86,31.333333333333332,9.666666666666666,29.089999999999996,25.866666666666664,26.36648936170213
13,6,Bobby Portis,0.0,NY,POR,9.0,223.0,107.0,30,6.0,14.8,20.0,PF/C,3500,2,20.0,13.0,105,109,0%,7,7,9,22,20,22,14.8,20.4,10.4,30.4,19.7,28.5,8.1,19.3,5.5,17.9,18.5,5.1,18.6,5.3,21.333333333333332,7.666666666666667,18.919999999999998,13.6,16.129687500000003
13,7,Torrey Craig,0.0,DEN,PHI,5.0,208.5,101.8,14,0.0,5.3,23.8,SG/SF,3000,1,12.0,8.0,102,101,-9%,0,2,3,3,7,14,5.3,9.6,0.8,18.3,8.1,5.5,1.8,1.0,0.33,0.0,0.0,0.0,0.5,0.165,8.0,1.6666666666666667,6.9,9.700000000000001,0.0
14,0,Will Barton,0.0,DEN,PHI,5.0,208.5,101.8,7,13.3,24.3,40.0,PG/SF,5500,1,19.0,16.0,102,101,-9%,7,10,12,29,32,33,24.3,31.5,22.3,40.7,39.8,53.3,9.7,26.5,4.82,26.8,31.0,4.9,26.65,4.86,31.333333333333332,9.666666666666666,29.089999999999996,25.866666666666664,26.36648936170213
14,1,Malik Beasley,0.0,DEN,PHI,5.0,208.5,101.8,7,2.0,11.2,19.0,PG/SG,3200,1,20.0,8.0,102,101,-9%,5,8,6,16,18,16,11.2,11.2,3.8,18.5,11.7,6.3,2.0,12.0,3.75,11.1,16.0,3.5,11.55,3.625,16.666666666666668,6.333333333333333,11.25,10.733333333333334,11.088
14,2,James Ennis III,0.0,PHI,DEN,-5.0,208.5,106.8,8,6.5,17.9,25.8,SF/PF,3700,1,16.0,16.0,100,101,-10%,7,6,5,21,23,18,17.6,14.9,7.2,22.6,17.8,11.3,3.1,10.8,2.91,10.7,14.5,2.9,10.75,2.9050000000000002,20.666666666666668,6.0,14.610000000000003,16.733333333333334,7.542338709677419
14,3,Jabari Parker,0.0,ATL,MIA,8.0,218.5,105.3,9,12.3,22.4,34.3,SF/PF,6200,1,24.0,18.0,102,102,1%,11,10,13,28,27,28,22.4,30.6,17.6,43.5,30.2,32.3,5.2,28.5,4.6,30.4,28.5,4.9,29.45,4.75,27.666666666666668,11.333333333333334,28.709999999999997,23.0,30.33704819277108
14,4,Allonzo Trier,0.0,NY,POR,9.0,223.0,107.0,21,2.3,11.5,19.3,PG/SG,3000,2,23.0,17.0,105,109,4%,4,4,4,9,9,13,11.4,12.1,2.3,21.9,14.4,16.5,5.5,4.0,1.33,0.0,0.0,0.0,2.0,0.665,10.333333333333334,4.0,9.94,11.033333333333333,0.0
14,5,Isaac Bonga,0.0,WAS,CHA,-2.0,228.5,115.3,25,1.5,11.4,17.3,SF,3100,1,10.0,10.0,101,112,-1%,3,2,3,14,17,16,11.4,10.5,4.0,16.9,14.3,6.3,2.0,12.8,4.11,11.0,15.0,3.5,11.9,3.805,15.666666666666666,2.6666666666666665,10.94,10.066666666666668,11.393617021276597
14,6,Jerami Grant,0.0,DEN,PHI,5.0,208.5,101.8,11,11.5,17.7,22.5,PF/C,4000,1,18.0,12.0,102,101,-6%,7,7,8,21,23,22,17.7,17.3,10.2,24.5,19.4,17.3,4.3,15.8,3.94,15.9,22.5,4.0,15.850000000000001,3.9699999999999998,22.0,7.333333333333333,17.110000000000003,17.233333333333334,16.210227272727277
14,7,Damian Jones,0.0,ATL,MIA,8.0,218.5,105.3,1,10.8,21.1,33.0,C,4700,1,13.0,18.0,102,102,-11%,6,6,5,25,22,20,21.1,17.1,9.4,24.8,13.2,5.5,1.2,18.3,3.88,18.9,23.5,4.0,18.6,3.94,22.333333333333332,5.666666666666667,18.2,21.633333333333336,19.57164179104478
15,0,Malik Beasley,0.0,DEN,PHI,5.0,208.5,101.8,7,2.0,11.2,19.0,PG/SG,3200,1,20.0,8.0,102,101,-9%,5,8,6,16,18,16,11.2,11.2,3.8,18.5,11.7,6.3,2.0,12.0,3.75,11.1,16.0,3.5,11.55,3.625,16.666666666666668,6.333333333333333,11.25,10.733333333333334,11.088
15,1,Kendrick Nunn,0.0,MIA,ATL,-8.0,218.5,113.3,18,17.3,21.9,25.8,PG/SG,5400,1,24.0,13.0,105,111,-2%,13,13,14,36,32,30,21.9,26.2,17.8,34.7,42.4,52.5,9.7,30.3,5.6,28.3,33.0,5.2,29.3,5.4,32.666666666666664,13.333333333333334,25.98,21.666666666666668,29.598979591836738
15,2,Mason Plumlee,0.0,DEN,PHI,5.0,208.5,101.8,11,13.5,22.0,41.8,PF/C,4000,1,20.0,19.0,102,101,-16%,4,4,5,16,17,17,22.0,19.9,12.0,27.8,14.8,10.5,2.6,17.0,4.25,15.3,15.5,3.8,16.15,4.025,16.666666666666668,4.333333333333333,19.57,25.766666666666666,15.019499999999997
15,3,Davis Bertans,0.0,WAS,CHA,-2.0,228.5,115.3,25,31.3,35.9,41.0,SF/PF,6300,1,17.0,17.0,101,112,4%,17,15,11,31,33,29,35.9,27.0,17.9,36.2,30.1,50.8,8.1,28.8,4.56,32.1,32.0,5.1,30.450000000000003,4.83,31.0,14.333333333333334,29.49,36.06666666666667,31.43225806451613
15,4,DeAndre' Bembry,0.0,ATL,MIA,8.0,218.5,105.3,14,6.0,20.5,37.5,PG/SG,4000,1,15.0,12.0,102,102,-7%,7,8,7,31,30,26,21.8,21.2,11.3,31.2,13.6,4.3,1.1,18.3,4.56,13.5,17.5,3.4,15.9,3.9799999999999995,29.0,7.333333333333333,20.28,21.333333333333332,9.594827586206897
15,5,Ben Simmons,0.0,PHI,DEN,-5.0,208.5,106.8,5,42.3,47.0,54.3,PG/SF,7900,1,22.0,19.0,100,101,-9%,13,12,11,32,35,35,47.4,41.9,34.7,49.1,37.2,28.8,3.6,41.8,5.28,40.4,35.5,5.1,41.099999999999994,5.1899999999999995,34.0,12.0,42.84,47.86666666666667,42.91323529411765
15,6,Bruno Fernando,0.0,ATL,MIA,8.0,218.5,105.3,1,0.0,7.1,15.0,C,3000,1,16.0,13.0,102,102,1%,1,2,3,4,9,12,7.1,10.2,3.4,17.1,7.1,4.8,1.6,2.8,0.92,0.0,0.0,0.0,1.4,0.46,8.333333333333334,2.0,7.839999999999999,7.366666666666667,0.0
15,7,Troy Brown,0.0,WAS,CHA,-2.0,228.5,115.3,27,18.8,24.1,39.3,SG/SF,5000,1,16.0,14.0,101,112,4%,10,7,7,29,24,22,24.1,19.9,11.2,28.5,28.2,24.5,4.9,24.0,4.8,24.4,27.0,4.9,24.2,4.85,25.0,8.0,21.580000000000002,27.400000000000002,26.136
17,0,Elfrid Payton,0.0,NY,POR,9.0,223.0,107.0,21,7.0,18.3,31.3,PG,4200,2,0.0,0.0,105,109,4%,6,6,7,14,21,22,18.3,21.2,8.9,33.5,12.5,12.5,3.0,17.0,4.05,16.5,17.0,3.9,16.75,3.9749999999999996,19.0,6.333333333333333,19.73,18.866666666666667,14.986842105263158
17,1,Torrey Craig,0.0,DEN,PHI,5.0,208.5,101.8,14,0.0,5.3,23.8,SG/SF,3000,1,12.0,8.0,102,101,-9%,0,2,3,3,7,14,5.3,9.6,0.8,18.3,8.1,5.5,1.8,1.0,0.33,0.0,0.0,0.0,0.5,0.165,8.0,1.6666666666666667,6.9,9.700000000000001,0.0
17,2,Carmelo Anthony,0.0,POR,NY,-9.0,223.0,116.0,30,19.5,28.9,46.8,SF/PF,5600,1,23.0,11.0,100,111,6%,16,14,15,35,34,32,28.9,27.8,17.9,37.7,24.9,27.0,4.8,29.8,5.31,31.4,34.5,5.6,30.6,5.455,33.666666666666664,15.0,28.580000000000002,31.73333333333333,31.35742574257426
17,3,Nassir Little,0.0,POR,NY,-9.0,223.0,116.0,30,5.3,8.3,16.3,SF/PF,3300,1,14.0,10.0,100,111,6%,5,3,4,12,13,15,8.3,11.3,2.2,20.5,11.4,16.5,5.0,7.8,2.35,9.6,12.5,2.9,8.7,2.625,13.333333333333334,4.0,10.2,9.966666666666667,8.15625
17,4,Ben Simmons,0.0,PHI,DEN,-5.0,208.5,106.8,5,42.3,47.0,54.3,PG/SF,7900,1,22.0,19.0,100,101,-9%,13,12,11,32,35,35,47.4,41.9,34.7,49.1,37.2,28.8,3.6,41.8,5.28,40.4,35.5,5.1,41.099999999999994,5.1899999999999995,34.0,12.0,42.84,47.86666666666667,42.91323529411765
17,5,Moritz Wagner,0.0,WAS,CHA,-2.0,228.5,115.3,15,15.0,23.3,35.3,PF/C,6000,1,21.0,19.0,101,112,16%,9,8,8,24,23,20,23.3,23.5,13.6,33.4,25.7,23.0,3.8,28.0,4.67,30.7,27.5,5.1,29.35,4.885,22.333333333333332,8.333333333333334,24.629999999999995,24.53333333333333,36.13992537313433
17,6,Mitchell Robinson,0.0,NY,POR,9.0,223.0,107.0,2,11.3,25.0,33.8,C,5700,2,15.0,24.0,105,109,8%,9,6,5,28,26,22,25.0,24.2,16.4,31.9,27.3,21.8,3.8,30.5,5.35,29.0,25.5,5.1,29.75,5.225,25.333333333333332,6.666666666666667,25.45,23.366666666666664,29.945723684210527
17,7,Marcus Morris,0.0,NY,POR,9.0,223.0,107.0,5,12.8,26.4,35.0,SF/PF,5300,2,0.0,0.0,105,109,0%,15,15,15,30,31,33,30.1,32.4,21.5,43.3,24.9,12.8,2.4,27.0,5.09,28.3,30.5,5.3,27.65,5.195,31.333333333333332,15.0,30.99,24.733333333333334,26.914627659574467
18,0,RJ Barrett,0.0,NY,POR,9.0,223.0,107.0,21,5.5,23.4,31.3,PG/SG,5500,2,25.0,11.0,105,109,0%,11,13,14,29,31,33,28.9,29.9,20.8,39.0,18.9,10.0,1.8,29.5,5.36,28.9,31.5,5.3,29.2,5.33,31.0,12.666666666666666,29.559999999999995,20.066666666666666,29.67096774193548
18,1,Kendrick Nunn,0.0,MIA,ATL,-8.0,218.5,113.3,18,17.3,21.9,25.8,PG/SG,5400,1,24.0,13.0,105,111,-2%,13,13,14,36,32,30,21.9,26.2,17.8,34.7,42.4,52.5,9.7,30.3,5.6,28.3,33.0,5.2,29.3,5.4,32.666666666666664,13.333333333333334,25.98,21.666666666666668,29.598979591836738
18,2,Davis Bertans,0.0,WAS,CHA,-2.0,228.5,115.3,25,31.3,35.9,41.0,SF/PF,6300,1,17.0,17.0,101,112,4%,17,15,11,31,33,29,35.9,27.0,17.9,36.2,30.1,50.8,8.1,28.8,4.56,32.1,32.0,5.1,30.450000000000003,4.83,31.0,14.333333333333334,29.49,36.06666666666667,31.43225806451613
18,3,Nassir Little,0.0,POR,NY,-9.0,223.0,116.0,30,5.3,8.3,16.3,SF/PF,3300,1,14.0,10.0,100,111,6%,5,3,4,12,13,15,8.3,11.3,2.2,20.5,11.4,16.5,5.0,7.8,2.35,9.6,12.5,2.9,8.7,2.625,13.333333333333334,4.0,10.2,9.966666666666667,8.15625
18,4,Chris Chiozza,0.0,WAS,CHA,-2.0,228.5,115.3,17,-0.5,9.5,20.5,PG,3100,1,0.0,0.0,101,112,-1%,4,3,3,16,11,11,9.4,9.5,2.0,17.1,13.5,14.5,4.7,13.8,4.44,12.3,15.0,4.0,13.05,4.220000000000001,12.666666666666666,3.3333333333333335,10.209999999999999,9.833333333333334,15.453947368421055
18,5,Damyean Dotson,0.0,NY,POR,9.0,223.0,107.0,11,6.3,15.3,24.0,SG/SF,3200,2,18.0,11.0,105,109,1%,6,7,6,9,20,16,15.3,11.2,4.6,17.9,23.1,14.0,4.4,11.8,3.67,11.7,16.5,3.7,11.75,3.685,15.0,6.333333333333333,12.15,15.200000000000001,12.925
18,6,Chris Silva,0.0,MIA,ATL,-8.0,218.5,113.3,8,1.3,9.7,25.0,C,3000,1,17.0,18.0,105,111,3%,2,1,2,8,9,10,9.3,11.0,3.3,18.8,6.6,1.3,0.4,10.5,3.5,0.0,0.0,0.0,5.25,1.75,9.0,1.6666666666666667,9.53,12.0,0.0
18,7,Moritz Wagner,0.0,WAS,CHA,-2.0,228.5,115.3,15,15.0,23.3,35.3,PF/C,6000,1,21.0,19.0,101,112,16%,9,8,8,24,23,20,23.3,23.5,13.6,33.4,25.7,23.0,3.8,28.0,4.67,30.7,27.5,5.1,29.35,4.885,22.333333333333332,8.333333333333334,24.629999999999995,24.53333333333333,36.13992537313433
19,0,Kendrick Nunn,0.0,MIA,ATL,-8.0,218.5,113.3,18,17.3,21.9,25.8,PG/SG,5400,1,24.0,13.0,105,111,-2%,13,13,14,36,32,30,21.9,26.2,17.8,34.7,42.4,52.5,9.7,30.3,5.6,28.3,33.0,5.2,29.3,5.4,32.666666666666664,13.333333333333334,25.98,21.666666666666668,29.598979591836738
19,1,Torrey Craig,0.0,DEN,PHI,5.0,208.5,101.8,14,0.0,5.3,23.8,SG/SF,3000,1,12.0,8.0,102,101,-9%,0,2,3,3,7,14,5.3,9.6,0.8,18.3,8.1,5.5,1.8,1.0,0.33,0.0,0.0,0.0,0.5,0.165,8.0,1.6666666666666667,6.9,9.700000000000001,0.0
19,2,Jabari Parker,0.0,ATL,MIA,8.0,218.5,105.3,9,12.3,22.4,34.3,SF/PF,6200,1,24.0,18.0,102,102,1%,11,10,13,28,27,28,22.4,30.6,17.6,43.5,30.2,32.3,5.2,28.5,4.6,30.4,28.5,4.9,29.45,4.75,27.666666666666668,11.333333333333334,28.709999999999997,23.0,30.33704819277108
19,3,Ben Simmons,0.0,PHI,DEN,-5.0,208.5,106.8,5,42.3,47.0,54.3,PG/SF,7900,1,22.0,19.0,100,101,-9%,13,12,11,32,35,35,47.4,41.9,34.7,49.1,37.2,28.8,3.6,41.8,5.28,40.4,35.5,5.1,41.099999999999994,5.1899999999999995,34.0,12.0,42.84,47.86666666666667,42.91323529411765
19,4,Frank Ntilikina,0.0,NY,POR,9.0,223.0,107.0,21,4.0,12.4,23.0,PG/SG,3500,2,14.0,10.0,105,109,4%,5,7,7,21,22,27,12.4,18.4,7.7,29.2,17.9,5.0,1.4,15.5,4.43,14.9,22.0,4.3,15.2,4.365,23.333333333333332,6.333333333333333,16.580000000000002,13.133333333333333,14.331428571428573
19,5,Troy Brown,0.0,WAS,CHA,-2.0,228.5,115.3,27,18.8,24.1,39.3,SG/SF,5000,1,16.0,14.0,101,112,4%,10,7,7,29,24,22,24.1,19.9,11.2,28.5,28.2,24.5,4.9,24.0,4.8,24.4,27.0,4.9,24.2,4.85,25.0,8.0,21.580000000000002,27.400000000000002,26.136
19,6,Chris Silva,0.0,MIA,ATL,-8.0,218.5,113.3,8,1.3,9.7,25.0,C,3000,1,17.0,18.0,105,111,3%,2,1,2,8,9,10,9.3,11.0,3.3,18.8,6.6,1.3,0.4,10.5,3.5,0.0,0.0,0.0,5.25,1.75,9.0,1.6666666666666667,9.53,12.0,0.0
19,7,Skal Labissiere,0.0,POR,NY,-9.0,223.0,116.0,29,8.0,12.8,22.8,PF/C,3100,1,15.0,16.0,100,111,6%,3,3,5,13,16,17,12.8,15.9,5.1,26.8,21.4,9.0,2.9,14.0,4.52,15.2,17.0,4.9,14.6,4.71,15.333333333333334,3.6666666666666665,15.040000000000001,14.533333333333333,16.18695652173913
20,0,Damian Lillard,0.0,POR,NY,-9.0,223.0,116.0,11,31.0,42.4,51.5,PG,8800,1,29.0,24.0,100,111,3%,21,17,19,40,37,37,42.4,47.4,37.2,57.5,29.0,45.0,5.1,47.8,5.43,46.3,36.5,5.3,47.05,5.365,38.0,19.0,46.31,41.63333333333333,45.19276315789474
20,1,Troy Brown,0.0,WAS,CHA,-2.0,228.5,115.3,27,18.8,24.1,39.3,SG/SF,5000,1,16.0,14.0,101,112,4%,10,7,7,29,24,22,24.1,19.9,11.2,28.5,28.2,24.5,4.9,24.0,4.8,24.4,27.0,4.9,24.2,4.85,25.0,8.0,21.580000000000002,27.400000000000002,26.136
20,2,Kelly Olynyk,0.0,MIA,ATL,-8.0,218.5,113.3,16,0.0,15.1,32.0,PF/C,4100,1,16.0,13.0,105,111,3%,5,8,7,21,26,24,19.3,21.0,11.7,30.2,17.0,8.0,2.0,23.5,5.73,20.8,25.0,5.1,22.15,5.415,23.666666666666668,6.666666666666667,20.869999999999997,15.700000000000001,23.39788732394366
20,3,Jaylen Hoard,0.0,POR,NY,-9.0,223.0,116.0,30,3.8,4.3,5.3,SF/PF,3000,1,0.0,0.0,100,111,6%,1,1,1,4,3,3,3.6,3.6,1.9,5.2,5.8,6.5,2.2,4.3,1.42,0.0,0.0,0.0,2.15,0.71,3.3333333333333335,1.0,3.29,4.466666666666666,0.0
20,4,Devonte' Graham,0.0,CHA,WAS,2.0,228.5,113.3,6,36.0,44.9,63.3,PG,8400,1,27.0,18.0,107,115,5%,18,19,15,34,34,34,45.2,37.7,27.0,48.5,35.5,47.8,5.7,41.3,4.91,40.5,35.5,4.8,40.9,4.855,34.0,17.333333333333332,39.86,48.06666666666666,42.70441176470588
20,5,Marcus Morris,0.0,NY,POR,9.0,223.0,107.0,5,12.8,26.4,35.0,SF/PF,5300,2,0.0,0.0,105,109,0%,15,15,15,30,31,33,30.1,32.4,21.5,43.3,24.9,12.8,2.4,27.0,5.09,28.3,30.5,5.3,27.65,5.195,31.333333333333332,15.0,30.99,24.733333333333334,26.914627659574467
20,6,Hassan Whiteside,0.0,POR,NY,-9.0,223.0,116.0,13,35.8,45.8,59.0,C,8000,1,20.0,25.0,100,111,-2%,10,11,10,32,31,28,45.8,38.3,28.7,47.9,25.6,49.8,6.2,40.8,5.09,42.3,30.5,5.3,41.55,5.195,30.333333333333332,10.333333333333334,40.45,46.86666666666667,41.778296703296704
20,7,Matisse Thybulle,0.0,PHI,DEN,-5.0,208.5,106.8,26,3.5,18.1,36.0,SG/SF,4300,1,13.0,11.0,100,101,-9%,6,5,4,20,23,17,18.1,12.4,2.2,22.6,26.3,24.3,5.7,20.5,4.77,13.4,19.5,3.1,16.95,3.9349999999999996,20.0,5.0,14.45,19.2,16.526249999999997
22,0,Trae Young,0.0,ATL,MIA,8.0,218.5,105.3,14,33.3,52.2,62.8,PG,10400,1,36.0,25.0,102,102,-9%,22,21,21,36,36,36,52.2,50.8,36.8,64.8,41.1,39.0,3.8,46.5,4.47,47.2,35.0,4.5,46.85,4.484999999999999,36.0,21.333333333333332,50.290000000000006,49.43333333333334,45.548611111111114
22,1,Jimmy Butler,0.0,MIA,ATL,-8.0,218.5,113.3,21,35.3,52.4,66.8,SG/SF,9100,1,26.0,25.0,105,111,9%,15,16,14,40,39,35,53.0,44.4,33.5,55.4,41.7,61.0,6.7,47.3,5.19,47.7,37.0,5.2,47.5,5.195,38.0,15.0,46.760000000000005,51.5,46.25
22,2,Rui Hachimura,0.0,WAS,CHA,-2.0,228.5,115.3,15,26.0,34.8,48.8,PF/C,6500,1,19.0,14.0,101,112,16%,15,16,12,38,39,30,34.8,25.7,15.8,35.6,32.8,39.5,6.1,31.8,4.88,34.3,37.0,5.3,33.05,5.09,35.666666666666664,14.333333333333334,28.99,36.53333333333333,34.285514018691586
22,3,Derrick Jones Jr.,0.0,MIA,ATL,-8.0,218.5,113.3,16,3.5,11.1,19.3,SF/PF,3600,1,0.0,0.0,105,111,17%,5,3,4,26,15,15,9.2,10.3,3.6,17.0,34.7,24.8,6.9,21.3,5.9,19.5,24.0,5.4,20.4,5.65,18.666666666666668,4.0,12.1,11.299999999999999,26.228571428571428
22,4,Kendrick Nunn,0.0,MIA,ATL,-8.0,218.5,113.3,18,17.3,21.9,25.8,PG/SG,5400,1,24.0,13.0,105,111,-2%,13,13,14,36,32,30,21.9,26.2,17.8,34.7,42.4,52.5,9.7,30.3,5.6,28.3,33.0,5.2,29.3,5.4,32.666666666666664,13.333333333333334,25.98,21.666666666666668,29.598979591836738
22,5,Bobby Portis,0.0,NY,POR,9.0,223.0,107.0,30,6.0,14.8,20.0,PF/C,3500,2,20.0,13.0,105,109,0%,7,7,9,22,20,22,14.8,20.4,10.4,30.4,19.7,28.5,8.1,19.3,5.5,17.9,18.5,5.1,18.6,5.3,21.333333333333332,7.666666666666667,18.919999999999998,13.6,16.129687500000003
22,6,Taj Gibson,0.0,NY,POR,9.0,223.0,107.0,30,10.0,15.1,24.5,PF/C,3500,2,15.0,15.0,105,109,0%,3,5,5,17,18,16,14.9,14.1,6.7,21.5,16.3,9.0,2.6,15.0,4.29,15.3,16.5,4.4,15.15,4.345000000000001,17.0,4.333333333333333,14.470000000000002,16.533333333333335,14.704411764705883
22,7,Chris Chiozza,0.0,WAS,CHA,-2.0,228.5,115.3,17,-0.5,9.5,20.5,PG,3100,1,0.0,0.0,101,112,-1%,4,3,3,16,11,11,9.4,9.5,2.0,17.1,13.5,14.5,4.7,13.8,4.44,12.3,15.0,4.0,13.05,4.220000000000001,12.666666666666666,3.3333333333333335,10.209999999999999,9.833333333333334,15.453947368421055
24,0,Malik Monk,0.0,CHA,WAS,2.0,228.5,113.3,6,9.0,14.1,21.8,PG/SG,3900,1,22.0,12.0,107,115,13%,6,6,8,17,19,21,14.1,16.9,7.6,26.1,15.1,13.3,3.4,16.5,4.23,15.7,17.5,4.0,16.1,4.115,19.0,6.666666666666667,16.160000000000004,14.966666666666669,14.828947368421055
24,1,Kevin Huerter,0.0,ATL,MIA,8.0,218.5,105.3,18,8.3,22.1,28.8,SG/SF,4400,1,18.0,13.0,102,102,-3%,4,7,7,20,23,22,22.1,19.4,13.2,25.7,25.8,25.5,5.8,20.5,4.66,21.0,24.5,4.8,20.75,4.73,21.666666666666668,6.0,20.23,19.733333333333334,23.463461538461537
24,2,Derrick Jones Jr.,0.0,MIA,ATL,-8.0,218.5,113.3,16,3.5,11.1,19.3,SF/PF,3600,1,0.0,0.0,105,111,17%,5,3,4,26,15,15,9.2,10.3,3.6,17.0,34.7,24.8,6.9,21.3,5.9,19.5,24.0,5.4,20.4,5.65,18.666666666666668,4.0,12.1,11.299999999999999,26.228571428571428
24,3,Mario Hezonja,0.0,POR,NY,-9.0,223.0,116.0,30,3.5,6.9,8.8,SF/PF,3000,1,14.0,7.0,100,111,-5%,4,3,5,12,9,17,6.8,12.8,4.5,21.1,23.1,20.5,6.8,12.5,4.17,8.1,10.5,2.7,10.3,3.435,12.666666666666666,4.0,11.1,6.400000000000001,8.538157894736843
24,4,Jimmy Butler,0.0,MIA,ATL,-8.0,218.5,113.3,21,35.3,52.4,66.8,SG/SF,9100,1,26.0,25.0,105,111,9%,15,16,14,40,39,35,53.0,44.4,33.5,55.4,41.7,61.0,6.7,47.3,5.19,47.7,37.0,5.2,47.5,5.195,38.0,15.0,46.760000000000005,51.5,46.25
24,5,Marcus Morris,0.0,NY,POR,9.0,223.0,107.0,5,12.8,26.4,35.0,SF/PF,5300,2,0.0,0.0,105,109,0%,15,15,15,30,31,33,30.1,32.4,21.5,43.3,24.9,12.8,2.4,27.0,5.09,28.3,30.5,5.3,27.65,5.195,31.333333333333332,15.0,30.99,24.733333333333334,26.914627659574467
24,6,Bismack Biyombo,0.0,CHA,WAS,2.0,228.5,113.3,25,5.0,13.5,28.3,C,3800,1,18.0,18.0,107,115,14%,5,5,5,15,17,17,13.3,15.9,5.6,26.2,23.6,33.3,8.8,19.5,5.13,18.3,18.5,4.8,18.9,4.965,16.333333333333332,5.0,15.98,15.6,21.40714285714286
24,7,Vince Carter,0.0,ATL,MIA,8.0,218.5,105.3,9,3.5,11.3,24.3,SF/PF,3300,1,17.0,7.0,102,102,-3%,7,6,6,16,15,15,11.3,10.6,3.4,17.8,26.1,22.8,6.9,9.5,2.88,12.0,15.5,3.6,10.75,3.24,15.333333333333334,6.333333333333333,10.77,13.033333333333333,10.866847826086957
25,0,Allonzo Trier,0.0,NY,POR,9.0,223.0,107.0,21,2.3,11.5,19.3,PG/SG,3000,2,23.0,17.0,105,109,4%,4,4,4,9,9,13,11.4,12.1,2.3,21.9,14.4,16.5,5.5,4.0,1.33,0.0,0.0,0.0,2.0,0.665,10.333333333333334,4.0,9.94,11.033333333333333,0.0
25,1,Kendrick Nunn,0.0,MIA,ATL,-8.0,218.5,113.3,18,17.3,21.9,25.8,PG/SG,5400,1,24.0,13.0,105,111,-2%,13,13,14,36,32,30,21.9,26.2,17.8,34.7,42.4,52.5,9.7,30.3,5.6,28.3,33.0,5.2,29.3,5.4,32.666666666666664,13.333333333333334,25.98,21.666666666666668,29.598979591836738
25,2,Al Horford,0.0,PHI,DEN,-5.0,208.5,106.8,20,23.3,30.1,41.5,PF/C,6600,1,19.0,19.0,100,101,-8%,9,9,12,30,32,31,31.3,33.2,24.9,41.5,30.9,27.8,4.2,31.5,4.77,32.5,31.5,4.9,32.0,4.835,31.0,10.0,32.58,31.633333333333336,32.516129032258064
25,3,Marcus Morris,0.0,NY,POR,9.0,223.0,107.0,5,12.8,26.4,35.0,SF/PF,5300,2,0.0,0.0,105,109,0%,15,15,15,30,31,33,30.1,32.4,21.5,43.3,24.9,12.8,2.4,27.0,5.09,28.3,30.5,5.3,27.65,5.195,31.333333333333332,15.0,30.99,24.733333333333334,26.914627659574467
25,4,Frank Ntilikina,0.0,NY,POR,9.0,223.0,107.0,21,4.0,12.4,23.0,PG/SG,3500,2,14.0,10.0,105,109,4%,5,7,7,21,22,27,12.4,18.4,7.7,29.2,17.9,5.0,1.4,15.5,4.43,14.9,22.0,4.3,15.2,4.365,23.333333333333332,6.333333333333333,16.580000000000002,13.133333333333333,14.331428571428573
25,5,Will Barton,0.0,DEN,PHI,5.0,208.5,101.8,7,13.3,24.3,40.0,PG/SF,5500,1,19.0,16.0,102,101,-9%,7,10,12,29,32,33,24.3,31.5,22.3,40.7,39.8,53.3,9.7,26.5,4.82,26.8,31.0,4.9,26.65,4.86,31.333333333333332,9.666666666666666,29.089999999999996,25.866666666666664,26.36648936170213
25,6,Bismack Biyombo,0.0,CHA,WAS,2.0,228.5,113.3,25,5.0,13.5,28.3,C,3800,1,18.0,18.0,107,115,14%,5,5,5,15,17,17,13.3,15.9,5.6,26.2,23.6,33.3,8.8,19.5,5.13,18.3,18.5,4.8,18.9,4.965,16.333333333333332,5.0,15.98,15.6,21.40714285714286
25,7,Kevin Knox,0.0,NY,POR,9.0,223.0,107.0,5,4.0,11.9,21.8,SF/PF,3200,2,0.0,0.0,105,109,7%,7,7,7,18,18,20,11.8,15.2,8.4,21.9,20.3,12.3,3.8,14.5,4.53,13.3,17.0,4.2,13.9,4.365,18.666666666666668,7.0,14.24,12.566666666666668,12.658928571428572
27,0,Malik Beasley,0.0,DEN,PHI,5.0,208.5,101.8,7,2.0,11.2,19.0,PG/SG,3200,1,20.0,8.0,102,101,-9%,5,8,6,16,18,16,11.2,11.2,3.8,18.5,11.7,6.3,2.0,12.0,3.75,11.1,16.0,3.5,11.55,3.625,16.666666666666668,6.333333333333333,11.25,10.733333333333334,11.088
27,1,Tyler Herro,0.0,MIA,ATL,-8.0,218.5,113.3,21,5.3,21.6,42.5,SG,5900,1,22.0,13.0,105,111,-2%,20,12,12,36,26,30,21.6,25.3,14.9,35.7,22.8,2.5,0.4,29.0,4.92,30.4,32.5,5.2,29.7,5.0600000000000005,30.666666666666668,14.666666666666666,25.440000000000005,23.133333333333336,31.475543478260867
27,2,Jerami Grant,0.0,DEN,PHI,5.0,208.5,101.8,11,11.5,17.7,22.5,PF/C,4000,1,18.0,12.0,102,101,-6%,7,7,8,21,23,22,17.7,17.3,10.2,24.5,19.4,17.3,4.3,15.8,3.94,15.9,22.5,4.0,15.850000000000001,3.9699999999999998,22.0,7.333333333333333,17.110000000000003,17.233333333333334,16.210227272727277
27,3,Kevin Huerter,0.0,ATL,MIA,8.0,218.5,105.3,18,8.3,22.1,28.8,SG/SF,4400,1,18.0,13.0,102,102,-3%,4,7,7,20,23,22,22.1,19.4,13.2,25.7,25.8,25.5,5.8,20.5,4.66,21.0,24.5,4.8,20.75,4.73,21.666666666666668,6.0,20.23,19.733333333333334,23.463461538461537
27,4,Torrey Craig,0.0,DEN,PHI,5.0,208.5,101.8,14,0.0,5.3,23.8,SG/SF,3000,1,12.0,8.0,102,101,-9%,0,2,3,3,7,14,5.3,9.6,0.8,18.3,8.1,5.5,1.8,1.0,0.33,0.0,0.0,0.0,0.5,0.165,8.0,1.6666666666666667,6.9,9.700000000000001,0.0
27,5,Rui Hachimura,0.0,WAS,CHA,-2.0,228.5,115.3,15,26.0,34.8,48.8,PF/C,6500,1,19.0,14.0,101,112,16%,15,16,12,38,39,30,34.8,25.7,15.8,35.6,32.8,39.5,6.1,31.8,4.88,34.3,37.0,5.3,33.05,5.09,35.666666666666664,14.333333333333334,28.99,36.53333333333333,34.285514018691586
27,6,Al Horford,0.0,PHI,DEN,-5.0,208.5,106.8,20,23.3,30.1,41.5,PF/C,6600,1,19.0,19.0,100,101,-8%,9,9,12,30,32,31,31.3,33.2,24.9,41.5,30.9,27.8,4.2,31.5,4.77,32.5,31.5,4.9,32.0,4.835,31.0,10.0,32.58,31.633333333333336,32.516129032258064
27,7,Kevin Knox,0.0,NY,POR,9.0,223.0,107.0,5,4.0,11.9,21.8,SF/PF,3200,2,0.0,0.0,105,109,7%,7,7,7,18,18,20,11.8,15.2,8.4,21.9,20.3,12.3,3.8,14.5,4.53,13.3,17.0,4.2,13.9,4.365,18.666666666666668,7.0,14.24,12.566666666666668,12.658928571428572
28,0,Anfernee Simons,0.0,POR,NY,-9.0,223.0,116.0,11,5.8,14.2,21.5,PG/SG,3600,1,20.0,11.0,100,111,-5%,8,7,9,20,20,21,14.2,16.0,8.5,23.5,28.7,28.8,8.0,16.5,4.58,17.4,23.0,4.8,16.95,4.6899999999999995,20.333333333333332,8.0,15.830000000000002,13.833333333333334,19.17295081967213
28,1,Allen Crabbe,0.0,ATL,MIA,8.0,218.5,105.3,18,2.5,13.1,20.0,SG/SF,3500,1,14.0,9.0,102,102,-3%,7,6,6,23,20,19,13.1,12.4,7.2,17.6,22.0,15.8,4.5,12.0,3.43,12.9,19.0,3.7,12.45,3.5650000000000004,20.666666666666668,6.333333333333333,12.55,11.866666666666667,11.445967741935481
28,2,Mason Plumlee,0.0,DEN,PHI,5.0,208.5,101.8,11,13.5,22.0,41.8,PF/C,4000,1,20.0,19.0,102,101,-16%,4,4,5,16,17,17,22.0,19.9,12.0,27.8,14.8,10.5,2.6,17.0,4.25,15.3,15.5,3.8,16.15,4.025,16.666666666666668,4.333333333333333,19.57,25.766666666666666,15.019499999999997
28,3,Ben Simmons,0.0,PHI,DEN,-5.0,208.5,106.8,5,42.3,47.0,54.3,PG/SF,7900,1,22.0,19.0,100,101,-9%,13,12,11,32,35,35,47.4,41.9,34.7,49.1,37.2,28.8,3.6,41.8,5.28,40.4,35.5,5.1,41.099999999999994,5.1899999999999995,34.0,12.0,42.84,47.86666666666667,42.91323529411765
28,4,DeAndre' Bembry,0.0,ATL,MIA,8.0,218.5,105.3,14,6.0,20.5,37.5,PG/SG,4000,1,15.0,12.0,102,102,-7%,7,8,7,31,30,26,21.8,21.2,11.3,31.2,13.6,4.3,1.1,18.3,4.56,13.5,17.5,3.4,15.9,3.9799999999999995,29.0,7.333333333333333,20.28,21.333333333333332,9.594827586206897
28,5,Miles Bridges,0.0,CHA,WAS,2.0,228.5,113.3,28,12.8,21.4,30.0,SF/PF,5100,1,19.0,12.0,107,115,14%,11,11,11,30,27,31,21.4,25.4,17.0,33.7,38.0,28.0,5.5,27.8,5.44,26.2,31.0,5.1,27.0,5.27,29.333333333333332,11.0,24.9,21.400000000000002,28.53409090909091
28,6,Paul Millsap,0.0,DEN,PHI,5.0,208.5,101.8,11,9.5,20.7,37.5,PF/C,4800,1,20.0,19.0,102,101,-11%,7,8,9,21,23,26,20.7,25.7,16.4,35.1,28.6,25.0,5.2,22.5,4.69,20.1,23.0,4.2,21.3,4.445,23.333333333333332,8.0,23.84,22.566666666666666,20.995714285714286
28,7,Frank Ntilikina,0.0,NY,POR,9.0,223.0,107.0,21,4.0,12.4,23.0,PG/SG,3500,2,14.0,10.0,105,109,4%,5,7,7,21,22,27,12.4,18.4,7.7,29.2,17.9,5.0,1.4,15.5,4.43,14.9,22.0,4.3,15.2,4.365,23.333333333333332,6.333333333333333,16.580000000000002,13.133333333333333,14.331428571428573
29,0,Dennis Smith Jr.,0.0,NY,POR,9.0,223.0,107.0,21,7.3,14.9,32.8,PG,3300,2,23.0,6.0,105,109,4%,6,6,6,15,22,18,14.8,13.0,3.3,22.6,13.6,10.5,3.2,13.0,3.94,10.2,11.5,3.1,11.6,3.52,18.333333333333332,6.0,13.059999999999999,18.333333333333332,7.276363636363636
29,1,Kent Bazemore,0.0,POR,NY,-9.0,223.0,116.0,13,10.0,19.0,27.5,SG/SF,5000,1,18.0,9.0,100,111,-5%,10,8,8,31,24,23,18.9,18.9,11.2,26.6,21.8,9.3,1.9,27.5,5.5,27.1,33.0,5.4,27.3,5.45,26.0,8.666666666666666,20.580000000000002,18.833333333333332,34.65
29,2,Tobias Harris,0.0,PHI,DEN,-5.0,208.5,106.8,8,24.0,37.6,49.3,SF/PF,7000,1,24.0,17.0,100,101,-10%,25,21,16,39,37,35,39.3,36.3,28.5,44.2,35.7,41.3,5.9,33.3,4.75,35.3,35.0,5.0,34.3,4.875,37.0,20.666666666666668,36.52,36.96666666666667,32.445945945945944
29,3,Ben Simmons,0.0,PHI,DEN,-5.0,208.5,106.8,5,42.3,47.0,54.3,PG/SF,7900,1,22.0,19.0,100,101,-9%,13,12,11,32,35,35,47.4,41.9,34.7,49.1,37.2,28.8,3.6,41.8,5.28,40.4,35.5,5.1,41.099999999999994,5.1899999999999995,34.0,12.0,42.84,47.86666666666667,42.91323529411765
29,4,Nicolas Batum,0.0,CHA,WAS,2.0,228.5,113.3,30,6.0,13.0,23.8,SG/SF,3700,1,11.0,10.0,107,115,13%,4,3,3,29,22,23,13.0,16.0,9.0,23.1,12.8,4.0,1.1,16.8,4.53,8.9,11.0,2.4,12.850000000000001,3.465,24.666666666666668,3.3333333333333335,14.790000000000001,14.266666666666666,5.730405405405406
29,5,Jaylen Hoard,0.0,POR,NY,-9.0,223.0,116.0,30,3.8,4.3,5.3,SF/PF,3000,1,0.0,0.0,100,111,6%,1,1,1,4,3,3,3.6,3.6,1.9,5.2,5.8,6.5,2.2,4.3,1.42,0.0,0.0,0.0,2.15,0.71,3.3333333333333335,1.0,3.29,4.466666666666666,0.0
29,6,Jerami Grant,0.0,DEN,PHI,5.0,208.5,101.8,11,11.5,17.7,22.5,PF/C,4000,1,18.0,12.0,102,101,-6%,7,7,8,21,23,22,17.7,17.3,10.2,24.5,19.4,17.3,4.3,15.8,3.94,15.9,22.5,4.0,15.850000000000001,3.9699999999999998,22.0,7.333333333333333,17.110000000000003,17.233333333333334,16.210227272727277
29,7,Hassan Whiteside,0.0,POR,NY,-9.0,223.0,116.0,13,35.8,45.8,59.0,C,8000,1,20.0,25.0,100,111,-2%,10,11,10,32,31,28,45.8,38.3,28.7,47.9,25.6,49.8,6.2,40.8,5.09,42.3,30.5,5.3,41.55,5.195,30.333333333333332,10.333333333333334,40.45,46.86666666666667,41.778296703296704
30,0,Ish Smith,0.0,WAS,CHA,-2.0,228.5,115.3,17,9.0,22.0,33.3,PG,5200,1,18.0,13.0,101,112,-1%,13,10,9,32,26,25,21.9,21.2,11.4,31.0,38.2,22.5,4.3,29.0,5.58,28.1,32.0,5.4,28.55,5.49,27.666666666666668,10.666666666666666,22.81,21.433333333333334,33.02168674698795
30,1,Cam Reddish,0.0,ATL,MIA,8.0,218.5,105.3,14,6.8,17.5,42.5,PG/SG,4500,1,19.0,6.0,102,102,1%,12,10,9,33,28,26,19.1,17.6,9.1,26.1,23.3,24.3,5.4,20.5,4.56,19.2,27.5,4.3,19.85,4.43,29.0,10.333333333333334,18.35,22.266666666666666,18.823275862068968
30,2,James Ennis III,0.0,PHI,DEN,-5.0,208.5,106.8,8,6.5,17.9,25.8,SF/PF,3700,1,16.0,16.0,100,101,-10%,7,6,5,21,23,18,17.6,14.9,7.2,22.6,17.8,11.3,3.1,10.8,2.91,10.7,14.5,2.9,10.75,2.9050000000000002,20.666666666666668,6.0,14.610000000000003,16.733333333333334,7.542338709677419
30,3,Matisse Thybulle,0.0,PHI,DEN,-5.0,208.5,106.8,26,3.5,18.1,36.0,SG/SF,4300,1,13.0,11.0,100,101,-9%,6,5,4,20,23,17,18.1,12.4,2.2,22.6,26.3,24.3,5.7,20.5,4.77,13.4,19.5,3.1,16.95,3.9349999999999996,20.0,5.0,14.45,19.2,16.526249999999997
30,4,Kent Bazemore,0.0,POR,NY,-9.0,223.0,116.0,13,10.0,19.0,27.5,SG/SF,5000,1,18.0,9.0,100,111,-5%,10,8,8,31,24,23,18.9,18.9,11.2,26.6,21.8,9.3,1.9,27.5,5.5,27.1,33.0,5.4,27.3,5.45,26.0,8.666666666666666,20.580000000000002,18.833333333333332,34.65
30,5,Furkan Korkmaz,0.0,PHI,DEN,-5.0,208.5,106.8,26,9.0,13.2,17.5,SG/SF,3500,1,16.0,9.0,100,101,-3%,6,6,8,23,22,23,13.2,15.0,7.4,22.6,16.8,13.8,3.9,16.0,4.57,11.3,18.5,3.2,13.65,3.8850000000000002,22.666666666666668,6.666666666666667,14.37,13.233333333333334,11.140808823529412
30,6,Jerami Grant,0.0,DEN,PHI,5.0,208.5,101.8,11,11.5,17.7,22.5,PF/C,4000,1,18.0,12.0,102,101,-6%,7,7,8,21,23,22,17.7,17.3,10.2,24.5,19.4,17.3,4.3,15.8,3.94,15.9,22.5,4.0,15.850000000000001,3.9699999999999998,22.0,7.333333333333333,17.110000000000003,17.233333333333334,16.210227272727277
30,7,Cody Zeller,0.0,CHA,WAS,2.0,228.5,113.3,25,12.3,22.6,32.5,C,4600,1,20.0,18.0,107,115,14%,10,9,9,22,20,24,22.6,24.4,14.1,34.8,22.4,28.5,6.2,22.3,4.84,22.9,21.5,5.0,22.6,4.92,22.0,9.333333333333334,23.7,22.46666666666667,22.086363636363636
31,0,Dennis Smith Jr.,0.0,NY,POR,9.0,223.0,107.0,21,7.3,14.9,32.8,PG,3300,2,23.0,6.0,105,109,4%,6,6,6,15,22,18,14.8,13.0,3.3,22.6,13.6,10.5,3.2,13.0,3.94,10.2,11.5,3.1,11.6,3.52,18.333333333333332,6.0,13.059999999999999,18.333333333333332,7.276363636363636
31,1,Jamal Murray,0.0,DEN,PHI,5.0,208.5,101.8,7,23.8,30.8,41.3,PG/SG,6700,1,26.0,17.0,102,101,-7%,16,15,16,33,33,33,31.4,34.9,23.7,46.0,5.2,1.3,0.2,32.0,4.78,32.3,33.0,4.8,32.15,4.79,33.0,15.666666666666666,33.63,31.96666666666667,32.15
31,2,Jerami Grant,0.0,DEN,PHI,5.0,208.5,101.8,11,11.5,17.7,22.5,PF/C,4000,1,18.0,12.0,102,101,-6%,7,7,8,21,23,22,17.7,17.3,10.2,24.5,19.4,17.3,4.3,15.8,3.94,15.9,22.5,4.0,15.850000000000001,3.9699999999999998,22.0,7.333333333333333,17.110000000000003,17.233333333333334,16.210227272727277
31,3,Duncan Robinson,0.0,MIA,ATL,-8.0,218.5,113.3,21,13.0,23.1,30.5,SG/SF,4500,1,15.0,13.0,105,111,-2%,9,9,8,32,30,27,23.1,19.9,10.9,28.9,43.1,52.3,11.6,21.8,4.83,21.3,28.5,4.7,21.55,4.765000000000001,29.666666666666668,8.666666666666666,20.87,22.2,20.70252808988764
31,4,Allonzo Trier,0.0,NY,POR,9.0,223.0,107.0,21,2.3,11.5,19.3,PG/SG,3000,2,23.0,17.0,105,109,4%,4,4,4,9,9,13,11.4,12.1,2.3,21.9,14.4,16.5,5.5,4.0,1.33,0.0,0.0,0.0,2.0,0.665,10.333333333333334,4.0,9.94,11.033333333333333,0.0
31,5,Vince Carter,0.0,ATL,MIA,8.0,218.5,105.3,9,3.5,11.3,24.3,SF/PF,3300,1,17.0,7.0,102,102,-3%,7,6,6,16,15,15,11.3,10.6,3.4,17.8,26.1,22.8,6.9,9.5,2.88,12.0,15.5,3.6,10.75,3.24,15.333333333333334,6.333333333333333,10.77,13.033333333333333,10.866847826086957
31,6,Moritz Wagner,0.0,WAS,CHA,-2.0,228.5,115.3,15,15.0,23.3,35.3,PF/C,6000,1,21.0,19.0,101,112,16%,9,8,8,24,23,20,23.3,23.5,13.6,33.4,25.7,23.0,3.8,28.0,4.67,30.7,27.5,5.1,29.35,4.885,22.333333333333332,8.333333333333334,24.629999999999995,24.53333333333333,36.13992537313433
31,7,Miles Bridges,0.0,CHA,WAS,2.0,228.5,113.3,28,12.8,21.4,30.0,SF/PF,5100,1,19.0,12.0,107,115,14%,11,11,11,30,27,31,21.4,25.4,17.0,33.7,38.0,28.0,5.5,27.8,5.44,26.2,31.0,5.1,27.0,5.27,29.333333333333332,11.0,24.9,21.400000000000002,28.53409090909091
32,0,Monte Morris,0.0,DEN,PHI,5.0,208.5,101.8,7,2.3,15.7,35.8,PG,3300,1,22.0,15.0,102,101,-7%,7,6,7,15,17,17,15.7,15.7,6.6,24.7,31.2,19.8,6.0,13.0,3.94,13.9,16.0,4.2,13.45,4.07,16.333333333333332,6.666666666666667,15.229999999999999,17.933333333333334,13.175510204081633
32,1,Jimmy Butler,0.0,MIA,ATL,-8.0,218.5,113.3,21,35.3,52.4,66.8,SG/SF,9100,1,26.0,25.0,105,111,9%,15,16,14,40,39,35,53.0,44.4,33.5,55.4,41.7,61.0,6.7,47.3,5.19,47.7,37.0,5.2,47.5,5.195,38.0,15.0,46.760000000000005,51.5,46.25
32,2,Jabari Parker,0.0,ATL,MIA,8.0,218.5,105.3,9,12.3,22.4,34.3,SF/PF,6200,1,24.0,18.0,102,102,1%,11,10,13,28,27,28,22.4,30.6,17.6,43.5,30.2,32.3,5.2,28.5,4.6,30.4,28.5,4.9,29.45,4.75,27.666666666666668,11.333333333333334,28.709999999999997,23.0,30.33704819277108
32,3,Derrick Jones Jr.,0.0,MIA,ATL,-8.0,218.5,113.3,16,3.5,11.1,19.3,SF/PF,3600,1,0.0,0.0,105,111,17%,5,3,4,26,15,15,9.2,10.3,3.6,17.0,34.7,24.8,6.9,21.3,5.9,19.5,24.0,5.4,20.4,5.65,18.666666666666668,4.0,12.1,11.299999999999999,26.228571428571428
32,4,Troy Brown,0.0,WAS,CHA,-2.0,228.5,115.3,27,18.8,24.1,39.3,SG/SF,5000,1,16.0,14.0,101,112,4%,10,7,7,29,24,22,24.1,19.9,11.2,28.5,28.2,24.5,4.9,24.0,4.8,24.4,27.0,4.9,24.2,4.85,25.0,8.0,21.580000000000002,27.400000000000002,26.136
32,5,Michael Kidd-Gilchrist,0.0,CHA,WAS,2.0,228.5,113.3,28,0.0,10.6,21.0,SF/PF,3300,1,0.0,0.0,107,115,14%,6,6,6,16,14,14,10.6,10.6,5.7,15.5,15.2,7.3,2.2,17.0,5.15,15.2,20.0,4.6,16.1,4.875,14.666666666666666,6.0,11.700000000000001,10.533333333333333,21.954545454545457
32,6,Moritz Wagner,0.0,WAS,CHA,-2.0,228.5,115.3,15,15.0,23.3,35.3,PF/C,6000,1,21.0,19.0,101,112,16%,9,8,8,24,23,20,23.3,23.5,13.6,33.4,25.7,23.0,3.8,28.0,4.67,30.7,27.5,5.1,29.35,4.885,22.333333333333332,8.333333333333334,24.629999999999995,24.53333333333333,36.13992537313433
32,7,Tobias Harris,0.0,PHI,DEN,-5.0,208.5,106.8,8,24.0,37.6,49.3,SF/PF,7000,1,24.0,17.0,100,101,-10%,25,21,16,39,37,35,39.3,36.3,28.5,44.2,35.7,41.3,5.9,33.3,4.75,35.3,35.0,5.0,34.3,4.875,37.0,20.666666666666668,36.52,36.96666666666667,32.445945945945944
33,0,Anfernee Simons,0.0,POR,NY,-9.0,223.0,116.0,11,5.8,14.2,21.5,PG/SG,3600,1,20.0,11.0,100,111,-5%,8,7,9,20,20,21,14.2,16.0,8.5,23.5,28.7,28.8,8.0,16.5,4.58,17.4,23.0,4.8,16.95,4.6899999999999995,20.333333333333332,8.0,15.830000000000002,13.833333333333334,19.17295081967213
33,1,Matisse Thybulle,0.0,PHI,DEN,-5.0,208.5,106.8,26,3.5,18.1,36.0,SG/SF,4300,1,13.0,11.0,100,101,-9%,6,5,4,20,23,17,18.1,12.4,2.2,22.6,26.3,24.3,5.7,20.5,4.77,13.4,19.5,3.1,16.95,3.9349999999999996,20.0,5.0,14.45,19.2,16.526249999999997
33,2,Bobby Portis,0.0,NY,POR,9.0,223.0,107.0,30,6.0,14.8,20.0,PF/C,3500,2,20.0,13.0,105,109,0%,7,7,9,22,20,22,14.8,20.4,10.4,30.4,19.7,28.5,8.1,19.3,5.5,17.9,18.5,5.1,18.6,5.3,21.333333333333332,7.666666666666667,18.919999999999998,13.6,16.129687500000003
33,3,Miles Bridges,0.0,CHA,WAS,2.0,228.5,113.3,28,12.8,21.4,30.0,SF/PF,5100,1,19.0,12.0,107,115,14%,11,11,11,30,27,31,21.4,25.4,17.0,33.7,38.0,28.0,5.5,27.8,5.44,26.2,31.0,5.1,27.0,5.27,29.333333333333332,11.0,24.9,21.400000000000002,28.53409090909091
33,4,Torrey Craig,0.0,DEN,PHI,5.0,208.5,101.8,14,0.0,5.3,23.8,SG/SF,3000,1,12.0,8.0,102,101,-9%,0,2,3,3,7,14,5.3,9.6,0.8,18.3,8.1,5.5,1.8,1.0,0.33,0.0,0.0,0.0,0.5,0.165,8.0,1.6666666666666667,6.9,9.700000000000001,0.0
33,5,Paul Millsap,0.0,DEN,PHI,5.0,208.5,101.8,11,9.5,20.7,37.5,PF/C,4800,1,20.0,19.0,102,101,-11%,7,8,9,21,23,26,20.7,25.7,16.4,35.1,28.6,25.0,5.2,22.5,4.69,20.1,23.0,4.2,21.3,4.445,23.333333333333332,8.0,23.84,22.566666666666666,20.995714285714286
33,6,Alex Len,0.0,ATL,MIA,8.0,218.5,105.3,1,12.8,25.8,37.3,C,4700,1,19.0,17.0,102,102,-11%,12,9,6,18,20,18,26.1,17.9,8.2,27.5,22.2,20.8,4.4,16.0,3.4,16.9,17.0,3.6,16.45,3.5,18.666666666666668,9.0,19.23,25.3,14.981249999999998
33,7,Bismack Biyombo,0.0,CHA,WAS,2.0,228.5,113.3,25,5.0,13.5,28.3,C,3800,1,18.0,18.0,107,115,14%,5,5,5,15,17,17,13.3,15.9,5.6,26.2,23.6,33.3,8.8,19.5,5.13,18.3,18.5,4.8,18.9,4.965,16.333333333333332,5.0,15.98,15.6,21.40714285714286
35,0,Cam Reddish,0.0,ATL,MIA,8.0,218.5,105.3,14,6.8,17.5,42.5,PG/SG,4500,1,19.0,6.0,102,102,1%,12,10,9,33,28,26,19.1,17.6,9.1,26.1,23.3,24.3,5.4,20.5,4.56,19.2,27.5,4.3,19.85,4.43,29.0,10.333333333333334,18.35,22.266666666666666,18.823275862068968
35,1,Bradley Beal,0.0,WAS,CHA,-2.0,228.5,115.3,27,29.0,44.5,57.5,SG,9300,1,32.0,21.0,101,112,-3%,18,22,21,38,38,37,44.5,47.0,34.9,59.2,36.8,34.5,3.7,49.3,5.3,51.1,38.5,5.5,50.2,5.4,37.666666666666664,20.333333333333332,47.160000000000004,43.666666666666664,51.310619469026555
35,2,Paul Millsap,0.0,DEN,PHI,5.0,208.5,101.8,11,9.5,20.7,37.5,PF/C,4800,1,20.0,19.0,102,101,-11%,7,8,9,21,23,26,20.7,25.7,16.4,35.1,28.6,25.0,5.2,22.5,4.69,20.1,23.0,4.2,21.3,4.445,23.333333333333332,8.0,23.84,22.566666666666666,20.995714285714286
35,3,Jaylen Hoard,0.0,POR,NY,-9.0,223.0,116.0,30,3.8,4.3,5.3,SF/PF,3000,1,0.0,0.0,100,111,6%,1,1,1,4,3,3,3.6,3.6,1.9,5.2,5.8,6.5,2.2,4.3,1.42,0.0,0.0,0.0,2.15,0.71,3.3333333333333335,1.0,3.29,4.466666666666666,0.0
35,4,Will Barton,0.0,DEN,PHI,5.0,208.5,101.8,7,13.3,24.3,40.0,PG/SF,5500,1,19.0,16.0,102,101,-9%,7,10,12,29,32,33,24.3,31.5,22.3,40.7,39.8,53.3,9.7,26.5,4.82,26.8,31.0,4.9,26.65,4.86,31.333333333333332,9.666666666666666,29.089999999999996,25.866666666666664,26.36648936170213
35,5,Jimmy Butler,0.0,MIA,ATL,-8.0,218.5,113.3,21,35.3,52.4,66.8,SG/SF,9100,1,26.0,25.0,105,111,9%,15,16,14,40,39,35,53.0,44.4,33.5,55.4,41.7,61.0,6.7,47.3,5.19,47.7,37.0,5.2,47.5,5.195,38.0,15.0,46.760000000000005,51.5,46.25
35,6,Taj Gibson,0.0,NY,POR,9.0,223.0,107.0,30,10.0,15.1,24.5,PF/C,3500,2,15.0,15.0,105,109,0%,3,5,5,17,18,16,14.9,14.1,6.7,21.5,16.3,9.0,2.6,15.0,4.29,15.3,16.5,4.4,15.15,4.345000000000001,17.0,4.333333333333333,14.470000000000002,16.533333333333335,14.704411764705883
35,7,Anthony Tolliver,0.0,POR,NY,-9.0,223.0,116.0,29,1.3,9.7,22.8,PF/C,3000,1,11.0,5.0,100,111,6%,0,3,3,7,17,17,9.7,9.4,1.0,17.8,6.5,6.0,2.0,3.0,1.0,0.0,0.0,0.0,1.5,0.5,13.666666666666666,2.0,7.880000000000001,11.266666666666666,0.0
36,0,Terry Rozier,0.0,CHA,WAS,2.0,228.5,113.3,6,21.3,35.0,51.8,PG/SG,7400,1,25.0,15.0,107,115,5%,14,15,15,35,34,34,35.0,32.5,22.1,42.8,37.8,39.5,5.3,37.5,5.07,36.7,35.0,5.0,37.1,5.035,34.333333333333336,14.666666666666666,33.9,36.03333333333333,37.82038834951456
36,1,Kendrick Nunn,0.0,MIA,ATL,-8.0,218.5,113.3,18,17.3,21.9,25.8,PG/SG,5400,1,24.0,13.0,105,111,-2%,13,13,14,36,32,30,21.9,26.2,17.8,34.7,42.4,52.5,9.7,30.3,5.6,28.3,33.0,5.2,29.3,5.4,32.666666666666664,13.333333333333334,25.98,21.666666666666668,29.598979591836738
36,2,Tobias Harris,0.0,PHI,DEN,-5.0,208.5,106.8,8,24.0,37.6,49.3,SF/PF,7000,1,24.0,17.0,100,101,-10%,25,21,16,39,37,35,39.3,36.3,28.5,44.2,35.7,41.3,5.9,33.3,4.75,35.3,35.0,5.0,34.3,4.875,37.0,20.666666666666668,36.52,36.96666666666667,32.445945945945944
36,3,Furkan Korkmaz,0.0,PHI,DEN,-5.0,208.5,106.8,26,9.0,13.2,17.5,SG/SF,3500,1,16.0,9.0,100,101,-3%,6,6,8,23,22,23,13.2,15.0,7.4,22.6,16.8,13.8,3.9,16.0,4.57,11.3,18.5,3.2,13.65,3.8850000000000002,22.666666666666668,6.666666666666667,14.37,13.233333333333334,11.140808823529412
36,4,Torrey Craig,0.0,DEN,PHI,5.0,208.5,101.8,14,0.0,5.3,23.8,SG/SF,3000,1,12.0,8.0,102,101,-9%,0,2,3,3,7,14,5.3,9.6,0.8,18.3,8.1,5.5,1.8,1.0,0.33,0.0,0.0,0.0,0.5,0.165,8.0,1.6666666666666667,6.9,9.700000000000001,0.0
36,5,Duncan Robinson,0.0,MIA,ATL,-8.0,218.5,113.3,21,13.0,23.1,30.5,SG/SF,4500,1,15.0,13.0,105,111,-2%,9,9,8,32,30,27,23.1,19.9,10.9,28.9,43.1,52.3,11.6,21.8,4.83,21.3,28.5,4.7,21.55,4.765000000000001,29.666666666666668,8.666666666666666,20.87,22.2,20.70252808988764
36,6,Mason Plumlee,0.0,DEN,PHI,5.0,208.5,101.8,11,13.5,22.0,41.8,PF/C,4000,1,20.0,19.0,102,101,-16%,4,4,5,16,17,17,22.0,19.9,12.0,27.8,14.8,10.5,2.6,17.0,4.25,15.3,15.5,3.8,16.15,4.025,16.666666666666668,4.333333333333333,19.57,25.766666666666666,15.019499999999997
36,7,Troy Brown,0.0,WAS,CHA,-2.0,228.5,115.3,27,18.8,24.1,39.3,SG/SF,5000,1,16.0,14.0,101,112,4%,10,7,7,29,24,22,24.1,19.9,11.2,28.5,28.2,24.5,4.9,24.0,4.8,24.4,27.0,4.9,24.2,4.85,25.0,8.0,21.580000000000002,27.400000000000002,26.136
38,0,Dennis Smith Jr.,0.0,NY,POR,9.0,223.0,107.0,21,7.3,14.9,32.8,PG,3300,2,23.0,6.0,105,109,4%,6,6,6,15,22,18,14.8,13.0,3.3,22.6,13.6,10.5,3.2,13.0,3.94,10.2,11.5,3.1,11.6,3.52,18.333333333333332,6.0,13.059999999999999,18.333333333333332,7.276363636363636
38,1,Kevin Huerter,0.0,ATL,MIA,8.0,218.5,105.3,18,8.3,22.1,28.8,SG/SF,4400,1,18.0,13.0,102,102,-3%,4,7,7,20,23,22,22.1,19.4,13.2,25.7,25.8,25.5,5.8,20.5,4.66,21.0,24.5,4.8,20.75,4.73,21.666666666666668,6.0,20.23,19.733333333333334,23.463461538461537
38,2,Rui Hachimura,0.0,WAS,CHA,-2.0,228.5,115.3,15,26.0,34.8,48.8,PF/C,6500,1,19.0,14.0,101,112,16%,15,16,12,38,39,30,34.8,25.7,15.8,35.6,32.8,39.5,6.1,31.8,4.88,34.3,37.0,5.3,33.05,5.09,35.666666666666664,14.333333333333334,28.99,36.53333333333333,34.285514018691586
38,3,Allen Crabbe,0.0,ATL,MIA,8.0,218.5,105.3,18,2.5,13.1,20.0,SG/SF,3500,1,14.0,9.0,102,102,-3%,7,6,6,23,20,19,13.1,12.4,7.2,17.6,22.0,15.8,4.5,12.0,3.43,12.9,19.0,3.7,12.45,3.5650000000000004,20.666666666666668,6.333333333333333,12.55,11.866666666666667,11.445967741935481
38,4,Jamal Murray,0.0,DEN,PHI,5.0,208.5,101.8,7,23.8,30.8,41.3,PG/SG,6700,1,26.0,17.0,102,101,-7%,16,15,16,33,33,33,31.4,34.9,23.7,46.0,5.2,1.3,0.2,32.0,4.78,32.3,33.0,4.8,32.15,4.79,33.0,15.666666666666666,33.63,31.96666666666667,32.15
38,5,Marcus Morris,0.0,NY,POR,9.0,223.0,107.0,5,12.8,26.4,35.0,SF/PF,5300,2,0.0,0.0,105,109,0%,15,15,15,30,31,33,30.1,32.4,21.5,43.3,24.9,12.8,2.4,27.0,5.09,28.3,30.5,5.3,27.65,5.195,31.333333333333332,15.0,30.99,24.733333333333334,26.914627659574467
38,6,Anthony Tolliver,0.0,POR,NY,-9.0,223.0,116.0,29,1.3,9.7,22.8,PF/C,3000,1,11.0,5.0,100,111,6%,0,3,3,7,17,17,9.7,9.4,1.0,17.8,6.5,6.0,2.0,3.0,1.0,0.0,0.0,0.0,1.5,0.5,13.666666666666666,2.0,7.880000000000001,11.266666666666666,0.0
38,7,Tobias Harris,0.0,PHI,DEN,-5.0,208.5,106.8,8,24.0,37.6,49.3,SF/PF,7000,1,24.0,17.0,100,101,-10%,25,21,16,39,37,35,39.3,36.3,28.5,44.2,35.7,41.3,5.9,33.3,4.75,35.3,35.0,5.0,34.3,4.875,37.0,20.666666666666668,36.52,36.96666666666667,32.445945945945944
40,0,Terry Rozier,0.0,CHA,WAS,2.0,228.5,113.3,6,21.3,35.0,51.8,PG/SG,7400,1,25.0,15.0,107,115,5%,14,15,15,35,34,34,35.0,32.5,22.1,42.8,37.8,39.5,5.3,37.5,5.07,36.7,35.0,5.0,37.1,5.035,34.333333333333336,14.666666666666666,33.9,36.03333333333333,37.82038834951456
40,1,Jamal Murray,0.0,DEN,PHI,5.0,208.5,101.8,7,23.8,30.8,41.3,PG/SG,6700,1,26.0,17.0,102,101,-7%,16,15,16,33,33,33,31.4,34.9,23.7,46.0,5.2,1.3,0.2,32.0,4.78,32.3,33.0,4.8,32.15,4.79,33.0,15.666666666666666,33.63,31.96666666666667,32.15
40,2,Moritz Wagner,0.0,WAS,CHA,-2.0,228.5,115.3,15,15.0,23.3,35.3,PF/C,6000,1,21.0,19.0,101,112,16%,9,8,8,24,23,20,23.3,23.5,13.6,33.4,25.7,23.0,3.8,28.0,4.67,30.7,27.5,5.1,29.35,4.885,22.333333333333332,8.333333333333334,24.629999999999995,24.53333333333333,36.13992537313433
40,3,Michael Porter Jr.,0.0,DEN,PHI,5.0,208.5,101.8,11,3.5,9.9,13.3,SF/PF,3000,1,0.0,0.0,102,101,-11%,6,4,4,7,9,9,9.9,8.4,2.5,14.2,13.7,13.5,4.5,2.0,0.67,0.0,0.0,0.0,1.0,0.335,8.333333333333334,4.666666666666667,7.2,8.9,0.0
40,4,Devonte' Graham,0.0,CHA,WAS,2.0,228.5,113.3,6,36.0,44.9,63.3,PG,8400,1,27.0,18.0,107,115,5%,18,19,15,34,34,34,45.2,37.7,27.0,48.5,35.5,47.8,5.7,41.3,4.91,40.5,35.5,4.8,40.9,4.855,34.0,17.333333333333332,39.86,48.06666666666666,42.70441176470588
40,5,James Ennis III,0.0,PHI,DEN,-5.0,208.5,106.8,8,6.5,17.9,25.8,SF/PF,3700,1,16.0,16.0,100,101,-10%,7,6,5,21,23,18,17.6,14.9,7.2,22.6,17.8,11.3,3.1,10.8,2.91,10.7,14.5,2.9,10.75,2.9050000000000002,20.666666666666668,6.0,14.610000000000003,16.733333333333334,7.542338709677419
40,6,Damian Jones,0.0,ATL,MIA,8.0,218.5,105.3,1,10.8,21.1,33.0,C,4700,1,13.0,18.0,102,102,-11%,6,6,5,25,22,20,21.1,17.1,9.4,24.8,13.2,5.5,1.2,18.3,3.88,18.9,23.5,4.0,18.6,3.94,22.333333333333332,5.666666666666667,18.2,21.633333333333336,19.57164179104478
40,7,Marcus Morris,0.0,NY,POR,9.0,223.0,107.0,5,12.8,26.4,35.0,SF/PF,5300,2,0.0,0.0,105,109,0%,15,15,15,30,31,33,30.1,32.4,21.5,43.3,24.9,12.8,2.4,27.0,5.09,28.3,30.5,5.3,27.65,5.195,31.333333333333332,15.0,30.99,24.733333333333334,26.914627659574467
41,0,Devonte' Graham,0.0,CHA,WAS,2.0,228.5,113.3,6,36.0,44.9,63.3,PG,8400,1,27.0,18.0,107,115,5%,18,19,15,34,34,34,45.2,37.7,27.0,48.5,35.5,47.8,5.7,41.3,4.91,40.5,35.5,4.8,40.9,4.855,34.0,17.333333333333332,39.86,48.06666666666666,42.70441176470588
41,1,Torrey Craig,0.0,DEN,PHI,5.0,208.5,101.8,14,0.0,5.3,23.8,SG/SF,3000,1,12.0,8.0,102,101,-9%,0,2,3,3,7,14,5.3,9.6,0.8,18.3,8.1,5.5,1.8,1.0,0.33,0.0,0.0,0.0,0.5,0.165,8.0,1.6666666666666667,6.9,9.700000000000001,0.0
41,2,Paul Millsap,0.0,DEN,PHI,5.0,208.5,101.8,11,9.5,20.7,37.5,PF/C,4800,1,20.0,19.0,102,101,-11%,7,8,9,21,23,26,20.7,25.7,16.4,35.1,28.6,25.0,5.2,22.5,4.69,20.1,23.0,4.2,21.3,4.445,23.333333333333332,8.0,23.84,22.566666666666666,20.995714285714286
41,3,Derrick Jones Jr.,0.0,MIA,ATL,-8.0,218.5,113.3,16,3.5,11.1,19.3,SF/PF,3600,1,0.0,0.0,105,111,17%,5,3,4,26,15,15,9.2,10.3,3.6,17.0,34.7,24.8,6.9,21.3,5.9,19.5,24.0,5.4,20.4,5.65,18.666666666666668,4.0,12.1,11.299999999999999,26.228571428571428
41,4,Kent Bazemore,0.0,POR,NY,-9.0,223.0,116.0,13,10.0,19.0,27.5,SG/SF,5000,1,18.0,9.0,100,111,-5%,10,8,8,31,24,23,18.9,18.9,11.2,26.6,21.8,9.3,1.9,27.5,5.5,27.1,33.0,5.4,27.3,5.45,26.0,8.666666666666666,20.580000000000002,18.833333333333332,34.65
41,5,Nassir Little,0.0,POR,NY,-9.0,223.0,116.0,30,5.3,8.3,16.3,SF/PF,3300,1,14.0,10.0,100,111,6%,5,3,4,12,13,15,8.3,11.3,2.2,20.5,11.4,16.5,5.0,7.8,2.35,9.6,12.5,2.9,8.7,2.625,13.333333333333334,4.0,10.2,9.966666666666667,8.15625
41,6,Mitchell Robinson,0.0,NY,POR,9.0,223.0,107.0,2,11.3,25.0,33.8,C,5700,2,15.0,24.0,105,109,8%,9,6,5,28,26,22,25.0,24.2,16.4,31.9,27.3,21.8,3.8,30.5,5.35,29.0,25.5,5.1,29.75,5.225,25.333333333333332,6.666666666666667,25.45,23.366666666666664,29.945723684210527
41,7,Joel Embiid,0.0,PHI,DEN,-5.0,208.5,106.8,17,29.5,48.4,60.8,C,9500,1,31.0,24.0,100,101,-2%,10,13,15,33,33,31,48.0,47.3,34.1,60.4,31.1,49.0,5.2,50.0,5.26,51.0,32.5,5.4,50.5,5.33,32.333333333333336,12.666666666666666,48.059999999999995,46.23333333333333,50.760309278350505
43,0,Malik Monk,0.0,CHA,WAS,2.0,228.5,113.3,6,9.0,14.1,21.8,PG/SG,3900,1,22.0,12.0,107,115,13%,6,6,8,17,19,21,14.1,16.9,7.6,26.1,15.1,13.3,3.4,16.5,4.23,15.7,17.5,4.0,16.1,4.115,19.0,6.666666666666667,16.160000000000004,14.966666666666669,14.828947368421055
43,1,RJ Barrett,0.0,NY,POR,9.0,223.0,107.0,21,5.5,23.4,31.3,PG/SG,5500,2,25.0,11.0,105,109,0%,11,13,14,29,31,33,28.9,29.9,20.8,39.0,18.9,10.0,1.8,29.5,5.36,28.9,31.5,5.3,29.2,5.33,31.0,12.666666666666666,29.559999999999995,20.066666666666666,29.67096774193548
43,2,Kevin Knox,0.0,NY,POR,9.0,223.0,107.0,5,4.0,11.9,21.8,SF/PF,3200,2,0.0,0.0,105,109,7%,7,7,7,18,18,20,11.8,15.2,8.4,21.9,20.3,12.3,3.8,14.5,4.53,13.3,17.0,4.2,13.9,4.365,18.666666666666668,7.0,14.24,12.566666666666668,12.658928571428572
43,3,Mario Hezonja,0.0,POR,NY,-9.0,223.0,116.0,30,3.5,6.9,8.8,SF/PF,3000,1,14.0,7.0,100,111,-5%,4,3,5,12,9,17,6.8,12.8,4.5,21.1,23.1,20.5,6.8,12.5,4.17,8.1,10.5,2.7,10.3,3.435,12.666666666666666,4.0,11.1,6.400000000000001,8.538157894736843
43,4,Matisse Thybulle,0.0,PHI,DEN,-5.0,208.5,106.8,26,3.5,18.1,36.0,SG/SF,4300,1,13.0,11.0,100,101,-9%,6,5,4,20,23,17,18.1,12.4,2.2,22.6,26.3,24.3,5.7,20.5,4.77,13.4,19.5,3.1,16.95,3.9349999999999996,20.0,5.0,14.45,19.2,16.526249999999997
43,5,Paul Millsap,0.0,DEN,PHI,5.0,208.5,101.8,11,9.5,20.7,37.5,PF/C,4800,1,20.0,19.0,102,101,-11%,7,8,9,21,23,26,20.7,25.7,16.4,35.1,28.6,25.0,5.2,22.5,4.69,20.1,23.0,4.2,21.3,4.445,23.333333333333332,8.0,23.84,22.566666666666666,20.995714285714286
43,6,Cody Zeller,0.0,CHA,WAS,2.0,228.5,113.3,25,12.3,22.6,32.5,C,4600,1,20.0,18.0,107,115,14%,10,9,9,22,20,24,22.6,24.4,14.1,34.8,22.4,28.5,6.2,22.3,4.84,22.9,21.5,5.0,22.6,4.92,22.0,9.333333333333334,23.7,22.46666666666667,22.086363636363636
43,7,Raul Neto,0.0,PHI,DEN,-5.0,208.5,106.8,5,5.8,12.5,22.0,PG,3000,1,17.0,12.0,100,101,-9%,5,5,4,16,14,12,12.4,9.3,1.3,17.2,10.8,3.3,1.1,9.8,3.25,7.3,10.5,2.4,8.55,2.825,14.0,4.666666666666667,9.75,13.433333333333332,6.4125000000000005
44,0,CJ McCollum,0.0,POR,NY,-9.0,223.0,116.0,11,29.3,36.8,55.5,PG/SG,7100,1,26.0,17.0,100,111,-5%,17,17,20,36,36,37,36.9,37.5,25.1,49.8,31.4,24.0,3.4,36.5,5.14,37.6,36.5,5.3,37.05,5.22,36.333333333333336,18.0,37.27,40.53333333333333,37.219954128440364
44,1,Kent Bazemore,0.0,POR,NY,-9.0,223.0,116.0,13,10.0,19.0,27.5,SG/SF,5000,1,18.0,9.0,100,111,-5%,10,8,8,31,24,23,18.9,18.9,11.2,26.6,21.8,9.3,1.9,27.5,5.5,27.1,33.0,5.4,27.3,5.45,26.0,8.666666666666666,20.580000000000002,18.833333333333332,34.65
44,2,Michael Porter Jr.,0.0,DEN,PHI,5.0,208.5,101.8,11,3.5,9.9,13.3,SF/PF,3000,1,0.0,0.0,102,101,-11%,6,4,4,7,9,9,9.9,8.4,2.5,14.2,13.7,13.5,4.5,2.0,0.67,0.0,0.0,0.0,1.0,0.335,8.333333333333334,4.666666666666667,7.2,8.9,0.0
44,3,Will Barton,0.0,DEN,PHI,5.0,208.5,101.8,7,13.3,24.3,40.0,PG/SF,5500,1,19.0,16.0,102,101,-9%,7,10,12,29,32,33,24.3,31.5,22.3,40.7,39.8,53.3,9.7,26.5,4.82,26.8,31.0,4.9,26.65,4.86,31.333333333333332,9.666666666666666,29.089999999999996,25.866666666666664,26.36648936170213
44,4,Furkan Korkmaz,0.0,PHI,DEN,-5.0,208.5,106.8,26,9.0,13.2,17.5,SG/SF,3500,1,16.0,9.0,100,101,-3%,6,6,8,23,22,23,13.2,15.0,7.4,22.6,16.8,13.8,3.9,16.0,4.57,11.3,18.5,3.2,13.65,3.8850000000000002,22.666666666666668,6.666666666666667,14.37,13.233333333333334,11.140808823529412
44,5,Derrick Jones Jr.,0.0,MIA,ATL,-8.0,218.5,113.3,16,3.5,11.1,19.3,SF/PF,3600,1,0.0,0.0,105,111,17%,5,3,4,26,15,15,9.2,10.3,3.6,17.0,34.7,24.8,6.9,21.3,5.9,19.5,24.0,5.4,20.4,5.65,18.666666666666668,4.0,12.1,11.299999999999999,26.228571428571428
44,6,Mitchell Robinson,0.0,NY,POR,9.0,223.0,107.0,2,11.3,25.0,33.8,C,5700,2,15.0,24.0,105,109,8%,9,6,5,28,26,22,25.0,24.2,16.4,31.9,27.3,21.8,3.8,30.5,5.35,29.0,25.5,5.1,29.75,5.225,25.333333333333332,6.666666666666667,25.45,23.366666666666664,29.945723684210527
44,7,Paul Millsap,0.0,DEN,PHI,5.0,208.5,101.8,11,9.5,20.7,37.5,PF/C,4800,1,20.0,19.0,102,101,-11%,7,8,9,21,23,26,20.7,25.7,16.4,35.1,28.6,25.0,5.2,22.5,4.69,20.1,23.0,4.2,21.3,4.445,23.333333333333332,8.0,23.84,22.566666666666666,20.995714285714286
45,0,Frank Ntilikina,0.0,NY,POR,9.0,223.0,107.0,21,4.0,12.4,23.0,PG/SG,3500,2,14.0,10.0,105,109,4%,5,7,7,21,22,27,12.4,18.4,7.7,29.2,17.9,5.0,1.4,15.5,4.43,14.9,22.0,4.3,15.2,4.365,23.333333333333332,6.333333333333333,16.580000000000002,13.133333333333333,14.331428571428573
45,1,Torrey Craig,0.0,DEN,PHI,5.0,208.5,101.8,14,0.0,5.3,23.8,SG/SF,3000,1,12.0,8.0,102,101,-9%,0,2,3,3,7,14,5.3,9.6,0.8,18.3,8.1,5.5,1.8,1.0,0.33,0.0,0.0,0.0,0.5,0.165,8.0,1.6666666666666667,6.9,9.700000000000001,0.0
45,2,Kevin Knox,0.0,NY,POR,9.0,223.0,107.0,5,4.0,11.9,21.8,SF/PF,3200,2,0.0,0.0,105,109,7%,7,7,7,18,18,20,11.8,15.2,8.4,21.9,20.3,12.3,3.8,14.5,4.53,13.3,17.0,4.2,13.9,4.365,18.666666666666668,7.0,14.24,12.566666666666668,12.658928571428572
45,3,Jimmy Butler,0.0,MIA,ATL,-8.0,218.5,113.3,21,35.3,52.4,66.8,SG/SF,9100,1,26.0,25.0,105,111,9%,15,16,14,40,39,35,53.0,44.4,33.5,55.4,41.7,61.0,6.7,47.3,5.19,47.7,37.0,5.2,47.5,5.195,38.0,15.0,46.760000000000005,51.5,46.25
45,4,Cam Reddish,0.0,ATL,MIA,8.0,218.5,105.3,14,6.8,17.5,42.5,PG/SG,4500,1,19.0,6.0,102,102,1%,12,10,9,33,28,26,19.1,17.6,9.1,26.1,23.3,24.3,5.4,20.5,4.56,19.2,27.5,4.3,19.85,4.43,29.0,10.333333333333334,18.35,22.266666666666666,18.823275862068968
45,5,Bobby Portis,0.0,NY,POR,9.0,223.0,107.0,30,6.0,14.8,20.0,PF/C,3500,2,20.0,13.0,105,109,0%,7,7,9,22,20,22,14.8,20.4,10.4,30.4,19.7,28.5,8.1,19.3,5.5,17.9,18.5,5.1,18.6,5.3,21.333333333333332,7.666666666666667,18.919999999999998,13.6,16.129687500000003
45,6,Damian Jones,0.0,ATL,MIA,8.0,218.5,105.3,1,10.8,21.1,33.0,C,4700,1,13.0,18.0,102,102,-11%,6,6,5,25,22,20,21.1,17.1,9.4,24.8,13.2,5.5,1.2,18.3,3.88,18.9,23.5,4.0,18.6,3.94,22.333333333333332,5.666666666666667,18.2,21.633333333333336,19.57164179104478
45,7,Duncan Robinson,0.0,MIA,ATL,-8.0,218.5,113.3,21,13.0,23.1,30.5,SG/SF,4500,1,15.0,13.0,105,111,-2%,9,9,8,32,30,27,23.1,19.9,10.9,28.9,43.1,52.3,11.6,21.8,4.83,21.3,28.5,4.7,21.55,4.765000000000001,29.666666666666668,8.666666666666666,20.87,22.2,20.70252808988764
46,0,Dennis Smith Jr.,0.0,NY,POR,9.0,223.0,107.0,21,7.3,14.9,32.8,PG,3300,2,23.0,6.0,105,109,4%,6,6,6,15,22,18,14.8,13.0,3.3,22.6,13.6,10.5,3.2,13.0,3.94,10.2,11.5,3.1,11.6,3.52,18.333333333333332,6.0,13.059999999999999,18.333333333333332,7.276363636363636
46,1,Bradley Beal,0.0,WAS,CHA,-2.0,228.5,115.3,27,29.0,44.5,57.5,SG,9300,1,32.0,21.0,101,112,-3%,18,22,21,38,38,37,44.5,47.0,34.9,59.2,36.8,34.5,3.7,49.3,5.3,51.1,38.5,5.5,50.2,5.4,37.666666666666664,20.333333333333332,47.160000000000004,43.666666666666664,51.310619469026555
46,2,Bobby Portis,0.0,NY,POR,9.0,223.0,107.0,30,6.0,14.8,20.0,PF/C,3500,2,20.0,13.0,105,109,0%,7,7,9,22,20,22,14.8,20.4,10.4,30.4,19.7,28.5,8.1,19.3,5.5,17.9,18.5,5.1,18.6,5.3,21.333333333333332,7.666666666666667,18.919999999999998,13.6,16.129687500000003
46,3,Jaylen Hoard,0.0,POR,NY,-9.0,223.0,116.0,30,3.8,4.3,5.3,SF/PF,3000,1,0.0,0.0,100,111,6%,1,1,1,4,3,3,3.6,3.6,1.9,5.2,5.8,6.5,2.2,4.3,1.42,0.0,0.0,0.0,2.15,0.71,3.3333333333333335,1.0,3.29,4.466666666666666,0.0
46,4,Damian Lillard,0.0,POR,NY,-9.0,223.0,116.0,11,31.0,42.4,51.5,PG,8800,1,29.0,24.0,100,111,3%,21,17,19,40,37,37,42.4,47.4,37.2,57.5,29.0,45.0,5.1,47.8,5.43,46.3,36.5,5.3,47.05,5.365,38.0,19.0,46.31,41.63333333333333,45.19276315789474
46,5,Mason Plumlee,0.0,DEN,PHI,5.0,208.5,101.8,11,13.5,22.0,41.8,PF/C,4000,1,20.0,19.0,102,101,-16%,4,4,5,16,17,17,22.0,19.9,12.0,27.8,14.8,10.5,2.6,17.0,4.25,15.3,15.5,3.8,16.15,4.025,16.666666666666668,4.333333333333333,19.57,25.766666666666666,15.019499999999997
46,6,Chris Silva,0.0,MIA,ATL,-8.0,218.5,113.3,8,1.3,9.7,25.0,C,3000,1,17.0,18.0,105,111,3%,2,1,2,8,9,10,9.3,11.0,3.3,18.8,6.6,1.3,0.4,10.5,3.5,0.0,0.0,0.0,5.25,1.75,9.0,1.6666666666666667,9.53,12.0,0.0
46,7,Kevin Knox,0.0,NY,POR,9.0,223.0,107.0,5,4.0,11.9,21.8,SF/PF,3200,2,0.0,0.0,105,109,7%,7,7,7,18,18,20,11.8,15.2,8.4,21.9,20.3,12.3,3.8,14.5,4.53,13.3,17.0,4.2,13.9,4.365,18.666666666666668,7.0,14.24,12.566666666666668,12.658928571428572
47,0,Dennis Smith Jr.,0.0,NY,POR,9.0,223.0,107.0,21,7.3,14.9,32.8,PG,3300,2,23.0,6.0,105,109,4%,6,6,6,15,22,18,14.8,13.0,3.3,22.6,13.6,10.5,3.2,13.0,3.94,10.2,11.5,3.1,11.6,3.52,18.333333333333332,6.0,13.059999999999999,18.333333333333332,7.276363636363636
47,1,Kendrick Nunn,0.0,MIA,ATL,-8.0,218.5,113.3,18,17.3,21.9,25.8,PG/SG,5400,1,24.0,13.0,105,111,-2%,13,13,14,36,32,30,21.9,26.2,17.8,34.7,42.4,52.5,9.7,30.3,5.6,28.3,33.0,5.2,29.3,5.4,32.666666666666664,13.333333333333334,25.98,21.666666666666668,29.598979591836738
47,2,Davis Bertans,0.0,WAS,CHA,-2.0,228.5,115.3,25,31.3,35.9,41.0,SF/PF,6300,1,17.0,17.0,101,112,4%,17,15,11,31,33,29,35.9,27.0,17.9,36.2,30.1,50.8,8.1,28.8,4.56,32.1,32.0,5.1,30.450000000000003,4.83,31.0,14.333333333333334,29.49,36.06666666666667,31.43225806451613
47,3,Derrick Jones Jr.,0.0,MIA,ATL,-8.0,218.5,113.3,16,3.5,11.1,19.3,SF/PF,3600,1,0.0,0.0,105,111,17%,5,3,4,26,15,15,9.2,10.3,3.6,17.0,34.7,24.8,6.9,21.3,5.9,19.5,24.0,5.4,20.4,5.65,18.666666666666668,4.0,12.1,11.299999999999999,26.228571428571428
47,4,Cam Reddish,0.0,ATL,MIA,8.0,218.5,105.3,14,6.8,17.5,42.5,PG/SG,4500,1,19.0,6.0,102,102,1%,12,10,9,33,28,26,19.1,17.6,9.1,26.1,23.3,24.3,5.4,20.5,4.56,19.2,27.5,4.3,19.85,4.43,29.0,10.333333333333334,18.35,22.266666666666666,18.823275862068968
47,5,Miles Bridges,0.0,CHA,WAS,2.0,228.5,113.3,28,12.8,21.4,30.0,SF/PF,5100,1,19.0,12.0,107,115,14%,11,11,11,30,27,31,21.4,25.4,17.0,33.7,38.0,28.0,5.5,27.8,5.44,26.2,31.0,5.1,27.0,5.27,29.333333333333332,11.0,24.9,21.400000000000002,28.53409090909091
47,6,Mason Plumlee,0.0,DEN,PHI,5.0,208.5,101.8,11,13.5,22.0,41.8,PF/C,4000,1,20.0,19.0,102,101,-16%,4,4,5,16,17,17,22.0,19.9,12.0,27.8,14.8,10.5,2.6,17.0,4.25,15.3,15.5,3.8,16.15,4.025,16.666666666666668,4.333333333333333,19.57,25.766666666666666,15.019499999999997
47,7,Kevin Huerter,0.0,ATL,MIA,8.0,218.5,105.3,18,8.3,22.1,28.8,SG/SF,4400,1,18.0,13.0,102,102,-3%,4,7,7,20,23,22,22.1,19.4,13.2,25.7,25.8,25.5,5.8,20.5,4.66,21.0,24.5,4.8,20.75,4.73,21.666666666666668,6.0,20.23,19.733333333333334,23.463461538461537
48,0,Ish Smith,0.0,WAS,CHA,-2.0,228.5,115.3,17,9.0,22.0,33.3,PG,5200,1,18.0,13.0,101,112,-1%,13,10,9,32,26,25,21.9,21.2,11.4,31.0,38.2,22.5,4.3,29.0,5.58,28.1,32.0,5.4,28.55,5.49,27.666666666666668,10.666666666666666,22.81,21.433333333333334,33.02168674698795
48,1,Cam Reddish,0.0,ATL,MIA,8.0,218.5,105.3,14,6.8,17.5,42.5,PG/SG,4500,1,19.0,6.0,102,102,1%,12,10,9,33,28,26,19.1,17.6,9.1,26.1,23.3,24.3,5.4,20.5,4.56,19.2,27.5,4.3,19.85,4.43,29.0,10.333333333333334,18.35,22.266666666666666,18.823275862068968
48,2,Mario Hezonja,0.0,POR,NY,-9.0,223.0,116.0,30,3.5,6.9,8.8,SF/PF,3000,1,14.0,7.0,100,111,-5%,4,3,5,12,9,17,6.8,12.8,4.5,21.1,23.1,20.5,6.8,12.5,4.17,8.1,10.5,2.7,10.3,3.435,12.666666666666666,4.0,11.1,6.400000000000001,8.538157894736843
48,3,Michael Kidd-Gilchrist,0.0,CHA,WAS,2.0,228.5,113.3,28,0.0,10.6,21.0,SF/PF,3300,1,0.0,0.0,107,115,14%,6,6,6,16,14,14,10.6,10.6,5.7,15.5,15.2,7.3,2.2,17.0,5.15,15.2,20.0,4.6,16.1,4.875,14.666666666666666,6.0,11.700000000000001,10.533333333333333,21.954545454545457
48,4,Allonzo Trier,0.0,NY,POR,9.0,223.0,107.0,21,2.3,11.5,19.3,PG/SG,3000,2,23.0,17.0,105,109,4%,4,4,4,9,9,13,11.4,12.1,2.3,21.9,14.4,16.5,5.5,4.0,1.33,0.0,0.0,0.0,2.0,0.665,10.333333333333334,4.0,9.94,11.033333333333333,0.0
48,5,Nicolas Batum,0.0,CHA,WAS,2.0,228.5,113.3,30,6.0,13.0,23.8,SG/SF,3700,1,11.0,10.0,107,115,13%,4,3,3,29,22,23,13.0,16.0,9.0,23.1,12.8,4.0,1.1,16.8,4.53,8.9,11.0,2.4,12.850000000000001,3.465,24.666666666666668,3.3333333333333335,14.790000000000001,14.266666666666666,5.730405405405406
48,6,Nikola Jokic,0.0,DEN,PHI,5.0,208.5,101.8,3,28.5,39.9,56.0,C,9000,1,26.0,20.0,102,101,-16%,21,14,14,32,32,31,39.9,41.4,29.7,53.2,33.2,43.3,4.8,45.5,5.06,39.9,32.0,4.4,42.7,4.73,31.666666666666668,16.333333333333332,41.379999999999995,41.46666666666667,43.14947368421053
48,7,Chris Chiozza,0.0,WAS,CHA,-2.0,228.5,115.3,17,-0.5,9.5,20.5,PG,3100,1,0.0,0.0,101,112,-1%,4,3,3,16,11,11,9.4,9.5,2.0,17.1,13.5,14.5,4.7,13.8,4.44,12.3,15.0,4.0,13.05,4.220000000000001,12.666666666666666,3.3333333333333335,10.209999999999999,9.833333333333334,15.453947368421055
49,0,Trae Young,0.0,ATL,MIA,8.0,218.5,105.3,14,33.3,52.2,62.8,PG,10400,1,36.0,25.0,102,102,-9%,22,21,21,36,36,36,52.2,50.8,36.8,64.8,41.1,39.0,3.8,46.5,4.47,47.2,35.0,4.5,46.85,4.484999999999999,36.0,21.333333333333332,50.290000000000006,49.43333333333334,45.548611111111114
49,1,DeAndre' Bembry,0.0,ATL,MIA,8.0,218.5,105.3,14,6.0,20.5,37.5,PG/SG,4000,1,15.0,12.0,102,102,-7%,7,8,7,31,30,26,21.8,21.2,11.3,31.2,13.6,4.3,1.1,18.3,4.56,13.5,17.5,3.4,15.9,3.9799999999999995,29.0,7.333333333333333,20.28,21.333333333333332,9.594827586206897
49,2,Paul Millsap,0.0,DEN,PHI,5.0,208.5,101.8,11,9.5,20.7,37.5,PF/C,4800,1,20.0,19.0,102,101,-11%,7,8,9,21,23,26,20.7,25.7,16.4,35.1,28.6,25.0,5.2,22.5,4.69,20.1,23.0,4.2,21.3,4.445,23.333333333333332,8.0,23.84,22.566666666666666,20.995714285714286
49,3,Miles Bridges,0.0,CHA,WAS,2.0,228.5,113.3,28,12.8,21.4,30.0,SF/PF,5100,1,19.0,12.0,107,115,14%,11,11,11,30,27,31,21.4,25.4,17.0,33.7,38.0,28.0,5.5,27.8,5.44,26.2,31.0,5.1,27.0,5.27,29.333333333333332,11.0,24.9,21.400000000000002,28.53409090909091
49,4,Tyler Herro,0.0,MIA,ATL,-8.0,218.5,113.3,21,5.3,21.6,42.5,SG,5900,1,22.0,13.0,105,111,-2%,20,12,12,36,26,30,21.6,25.3,14.9,35.7,22.8,2.5,0.4,29.0,4.92,30.4,32.5,5.2,29.7,5.0600000000000005,30.666666666666668,14.666666666666666,25.440000000000005,23.133333333333336,31.475543478260867
49,5,Nassir Little,0.0,POR,NY,-9.0,223.0,116.0,30,5.3,8.3,16.3,SF/PF,3300,1,14.0,10.0,100,111,6%,5,3,4,12,13,15,8.3,11.3,2.2,20.5,11.4,16.5,5.0,7.8,2.35,9.6,12.5,2.9,8.7,2.625,13.333333333333334,4.0,10.2,9.966666666666667,8.15625
49,6,Chris Silva,0.0,MIA,ATL,-8.0,218.5,113.3,8,1.3,9.7,25.0,C,3000,1,17.0,18.0,105,111,3%,2,1,2,8,9,10,9.3,11.0,3.3,18.8,6.6,1.3,0.4,10.5,3.5,0.0,0.0,0.0,5.25,1.75,9.0,1.6666666666666667,9.53,12.0,0.0
49,7,Mario Hezonja,0.0,POR,NY,-9.0,223.0,116.0,30,3.5,6.9,8.8,SF/PF,3000,1,14.0,7.0,100,111,-5%,4,3,5,12,9,17,6.8,12.8,4.5,21.1,23.1,20.5,6.8,12.5,4.17,8.1,10.5,2.7,10.3,3.435,12.666666666666666,4.0,11.1,6.400000000000001,8.538157894736843
