Lineup Num,,Player Name,injury_status,team,opp,spread,over_under,implied_team_score,L5_dvp_rank,L5_ppg_floor,L5_ppg_avg,L5_ppg_max,Pos,Salary,Rest,USG,PER,Opp Pace,Opp DEff,Opp DvP,L2 FGA,L5 FGA,S FGA,L2 Min,L5 Min,S Min,L5 FP,S FP,Floor FP,Ceil FP,Actual Min,Actual FP,Actual Val,FantasyFuelPPGProj,FantasyFuelValueProj,DFN_PPGProj,DFN_MinProj,DFN_ValueProj,Avg Proj,Avg Value Proj,Avg Skewed Min,Avg Skewed FGA,Avg Skewed FP,Avg L5 PPG,Proj Min Enhanced
0,0,Markelle Fultz,0.0,ORL,MIL,4.0,215.0,105.5,26,2.3,16.0,23.5,PG/SG,4100,1,0.0,0.0,105,103,-4%,9,10,10,23,24,24,19.4,19.4,13.5,25.2,19.3,14.0,3.4,24.3,5.91,21.6,24.0,5.3,22.950000000000003,5.605,23.666666666666668,9.666666666666666,20.09,13.933333333333332,23.27323943661972
0,1,Damion Lee,0.0,GS,SA,6.5,222.0,107.8,8,5.8,17.5,42.3,SG/SF,3800,1,0.0,0.0,100,108,1%,9,6,6,20,15,15,16.9,16.9,-0.2,34.0,25.3,26.0,6.8,17.3,4.54,18.0,20.0,4.7,17.65,4.62,16.666666666666668,7.0,17.05,21.866666666666664,21.18
0,2,Nemanja Bjelica,0.0,SAC,UTA,4.5,214.5,105.0,2,12.3,20.3,33.5,PF,4000,1,17.0,15.0,103,103,-10%,9,7,7,30,25,25,20.3,20.3,12.3,28.3,25.8,26.0,6.5,21.3,5.31,21.8,26.0,5.5,21.55,5.404999999999999,26.666666666666668,7.666666666666667,20.55,22.03333333333333,21.01125
0,3,Buddy Hield,0.0,SAC,UTA,4.5,214.5,105.0,7,5.5,25.9,37.8,SG/SF,6500,1,25.0,18.0,103,103,-13%,18,16,16,36,31,31,25.9,25.9,12.4,39.3,29.8,25.8,4.0,31.0,4.77,32.4,33.5,5.0,31.7,4.885,32.666666666666664,16.666666666666668,27.04,23.066666666666663,32.50867346938776
0,4,Collin Sexton,0.0,CLE,IND,7.0,215.0,104.0,6,21.5,26.0,34.3,PG/SG,5400,1,25.0,12.0,100,104,-8%,14,14,14,29,30,30,23.9,23.9,20.5,27.2,37.4,32.8,6.1,22.0,4.07,22.8,30.5,4.2,22.4,4.135,29.666666666666668,14.0,23.580000000000002,27.266666666666666,23.029213483146066
0,5,Danuel House Jr.,0.0,HOU,BKN,-4.5,243.5,124.0,27,0.0,20.0,33.8,SF/PF,4000,1,14.0,12.0,103,107,1%,10,8,8,33,31,31,25.0,25.0,17.4,32.6,31.7,26.3,6.6,23.3,5.81,22.9,30.5,5.7,23.1,5.755,31.666666666666668,8.666666666666666,24.619999999999997,17.933333333333334,22.248947368421053
0,6,Jakob Poeltl,0.0,SA,GS,-6.5,222.0,114.3,28,8.8,14.3,25.0,C,3300,0,13.0,19.0,103,107,-2%,3,4,4,12,14,14,14.6,14.6,7.3,22.0,18.1,22.5,6.8,15.0,4.55,15.6,15.5,4.7,15.3,4.625,13.333333333333334,3.6666666666666665,14.76,16.033333333333335,17.78625
0,7,LeBron James,0.0,LAL,DAL,1.0,218.0,108.5,18,37.5,46.7,59.3,PG/SF,9900,2,33.0,26.0,101,108,-1%,15,18,18,32,33,33,46.9,46.9,37.7,56.1,42.5,92.5,9.3,50.0,5.05,49.0,33.5,4.9,49.5,4.975,32.666666666666664,17.0,47.42,47.833333333333336,50.76275510204082
1,0,T.J. McConnell,0.0,IND,CLE,-7.0,215.0,111.0,12,4.8,11.6,17.0,PG,3100,1,16.0,13.0,99,115,6%,6,5,5,13,15,15,13.8,13.8,10.0,17.5,15.0,14.0,4.5,13.0,4.19,12.3,14.0,4.0,12.65,4.095000000000001,14.333333333333334,5.333333333333333,13.55,11.133333333333333,12.355813953488372
1,1,Derrick White,0.0,SA,GS,-6.5,222.0,114.3,24,9.0,21.3,36.3,PG/SG,5200,0,19.0,15.0,103,107,-3%,11,9,9,25,23,23,24.3,24.3,13.0,35.7,26.0,15.3,2.9,24.8,4.76,28.9,30.0,5.6,26.85,5.18,23.666666666666668,9.666666666666666,24.830000000000002,22.2,34.03521126760563
1,2,Eric Paschall,0.0,GS,SA,6.5,222.0,107.8,16,13.5,21.4,29.8,SF/PF,4700,1,0.0,0.0,100,108,1%,7,8,8,28,28,28,21.4,21.4,13.2,29.6,20.1,11.0,2.3,25.8,5.48,22.3,28.0,4.7,24.05,5.09,28.0,7.666666666666667,21.93,21.566666666666666,24.05
1,3,Jordan Poole,0.0,GS,SA,6.5,222.0,107.8,8,11.5,15.2,19.3,SG/SF,3200,1,0.0,0.0,100,108,2%,9,10,10,24,23,23,15.0,15.0,11.4,18.6,28.6,23.0,7.2,24.0,7.5,20.2,27.5,6.3,22.1,6.9,23.333333333333332,9.666666666666666,16.419999999999998,15.333333333333334,26.046428571428574
1,4,Markelle Fultz,0.0,ORL,MIL,4.0,215.0,105.5,26,2.3,16.0,23.5,PG/SG,4100,1,0.0,0.0,105,103,-4%,9,10,10,23,24,24,19.4,19.4,13.5,25.2,19.3,14.0,3.4,24.3,5.91,21.6,24.0,5.3,22.950000000000003,5.605,23.666666666666668,9.666666666666666,20.09,13.933333333333332,23.27323943661972
1,5,Danuel House Jr.,0.0,HOU,BKN,-4.5,243.5,124.0,27,0.0,20.0,33.8,SF/PF,4000,1,14.0,12.0,103,107,1%,10,8,8,33,31,31,25.0,25.0,17.4,32.6,31.7,26.3,6.6,23.3,5.81,22.9,30.5,5.7,23.1,5.755,31.666666666666668,8.666666666666666,24.619999999999997,17.933333333333334,22.248947368421053
1,6,Bobby Portis,0.0,NY,BOS,10.5,211.5,100.5,18,5.5,27.4,52.3,PF/C,5400,1,25.0,16.0,102,105,-1%,13,9,9,29,26,26,27.4,27.4,10.7,44.0,20.8,23.3,4.3,26.3,4.86,26.5,27.0,4.9,26.4,4.880000000000001,27.0,10.333333333333334,27.18,28.399999999999995,26.4
1,7,Kemba Walker,0.0,BOS,NY,-10.5,211.5,111.0,21,16.5,43.4,58.0,PG,8400,1,32.0,22.0,102,111,0%,18,19,19,34,35,35,39.4,39.4,23.4,55.5,35.6,50.0,6.0,41.3,4.91,40.3,33.5,4.8,40.8,4.855,34.666666666666664,18.666666666666668,39.7,39.300000000000004,39.42692307692308
2,0,Alec Burks,0.0,GS,SA,6.5,222.0,107.8,13,4.0,6.9,11.3,PG/SG,4000,1,20.0,13.0,100,108,1%,6,6,6,18,18,18,11.3,11.3,11.3,11.3,15.6,16.3,4.1,20.5,5.13,17.2,19.5,4.3,18.85,4.715,18.0,6.0,12.810000000000002,7.400000000000001,20.420833333333334
2,1,Delon Wright,0.0,DAL,LAL,-1.0,218.0,109.5,11,17.0,31.5,52.3,PG/SG,5200,2,18.0,16.0,106,107,1%,6,7,7,24,25,25,26.3,26.3,14.1,38.4,24.6,18.8,3.6,22.3,4.28,23.8,24.5,4.6,23.05,4.4399999999999995,24.666666666666668,6.666666666666667,25.630000000000003,33.6,22.894256756756757
2,2,Bojan Bogdanovic,0.0,UTA,SAC,-4.5,214.5,109.5,24,21.0,31.9,43.8,SF/PF,5400,1,22.0,16.0,106,109,1%,12,14,14,34,29,29,30.9,30.9,19.8,42.0,35.7,31.5,5.8,27.0,5.0,26.5,30.5,4.9,26.75,4.95,30.666666666666668,13.333333333333334,30.07,32.23333333333333,26.60461956521739
2,3,Tomas Satoransky,0.0,CHI,DET,-4.0,214.5,109.3,15,8.5,18.1,25.3,PG/SF,4200,1,16.0,14.0,100,107,-3%,5,6,6,27,25,25,18.1,18.1,11.4,24.8,26.4,14.5,3.5,23.8,5.65,21.6,26.5,5.1,22.700000000000003,5.375,25.666666666666668,5.666666666666667,19.020000000000003,17.3,23.437012987012988
2,4,Kyrie Irving,0.0,BKN,HOU,4.5,243.5,119.5,17,19.5,50.1,76.0,PG,9000,1,30.0,24.0,100,108,-3%,24,25,25,33,34,34,57.8,57.8,42.4,73.1,34.5,45.0,5.0,49.5,5.5,48.7,32.0,5.4,49.1,5.45,33.666666666666664,24.666666666666668,56.04,48.53333333333333,46.669306930693075
2,5,Trevor Ariza,0.0,SAC,UTA,4.5,214.5,105.0,6,5.8,12.1,21.8,SF/PF,3400,1,14.0,12.0,103,103,-3%,5,4,4,22,22,22,12.1,12.1,5.9,18.3,32.4,9.8,2.9,15.3,4.49,15.4,22.0,4.5,15.350000000000001,4.495,22.0,4.333333333333333,12.75,13.233333333333334,15.350000000000001
2,6,Thon Maker,0.0,DET,CHI,4.0,214.5,105.3,30,2.0,9.5,14.3,PF/C,3100,1,14.0,11.0,101,111,6%,4,3,3,11,16,16,9.5,9.5,4.8,14.2,12.9,4.0,1.3,10.8,3.47,10.1,12.5,3.3,10.45,3.385,14.333333333333334,3.3333333333333335,9.690000000000001,8.6,9.113372093023255
2,7,Eric Paschall,0.0,GS,SA,6.5,222.0,107.8,16,13.5,21.4,29.8,SF/PF,4700,1,0.0,0.0,100,108,1%,7,8,8,28,28,28,21.4,21.4,13.2,29.6,20.1,11.0,2.3,25.8,5.48,22.3,28.0,4.7,24.05,5.09,28.0,7.666666666666667,21.93,21.566666666666666,24.05
3,0,Collin Sexton,0.0,CLE,IND,7.0,215.0,104.0,6,21.5,26.0,34.3,PG/SG,5400,1,25.0,12.0,100,104,-8%,14,14,14,29,30,30,23.9,23.9,20.5,27.2,37.4,32.8,6.1,22.0,4.07,22.8,30.5,4.2,22.4,4.135,29.666666666666668,14.0,23.580000000000002,27.266666666666666,23.029213483146066
3,1,Zach LaVine,0.0,CHI,DET,-4.0,214.5,109.3,15,17.8,34.5,59.5,PG/SG,7300,1,30.0,19.0,100,107,-3%,16,17,17,34,32,32,34.5,34.5,18.2,50.8,32.2,35.3,4.8,35.5,4.86,35.1,32.5,4.8,35.3,4.83,32.666666666666664,16.666666666666668,34.660000000000004,37.266666666666666,35.119897959183675
3,2,Bojan Bogdanovic,0.0,UTA,SAC,-4.5,214.5,109.5,24,21.0,31.9,43.8,SF/PF,5400,1,22.0,16.0,106,109,1%,12,14,14,34,29,29,30.9,30.9,19.8,42.0,35.7,31.5,5.8,27.0,5.0,26.5,30.5,4.9,26.75,4.95,30.666666666666668,13.333333333333334,30.07,32.23333333333333,26.60461956521739
3,3,Ben McLemore,0.0,HOU,BKN,-4.5,243.5,124.0,21,-0.5,5.7,15.0,SG/SF,3100,1,0.0,0.0,103,107,-6%,2,3,3,5,7,7,3.4,3.4,-1.0,7.7,21.3,14.3,4.6,5.8,1.85,0.0,0.0,0.0,2.9,0.925,6.333333333333333,2.6666666666666665,3.28,6.733333333333333,0.0
3,4,Justin Holiday,0.0,IND,CLE,-7.0,215.0,111.0,29,5.0,19.7,30.0,SG/SF,3300,1,15.0,10.0,99,115,5%,5,5,5,24,22,22,17.1,17.1,8.6,25.6,22.9,19.0,5.8,15.5,4.7,16.4,24.0,5.0,15.95,4.85,22.666666666666668,5.0,16.87,18.233333333333334,16.888235294117646
3,5,Larry Nance Jr.,0.0,CLE,IND,7.0,215.0,104.0,14,18.0,28.7,40.5,PF/C,5300,1,16.0,19.0,100,104,-1%,9,9,9,28,25,25,25.2,25.2,18.6,31.8,26.1,14.3,2.7,28.0,5.28,26.2,26.5,4.9,27.1,5.09,26.0,9.0,25.580000000000002,29.066666666666666,27.62115384615385
3,6,Rudy Gobert,0.0,UTA,SAC,-4.5,214.5,109.5,23,16.5,28.1,46.0,C,7800,1,17.0,25.0,106,109,5%,6,6,6,34,33,33,27.7,27.7,17.7,37.7,38.0,41.0,5.3,41.8,5.35,39.6,33.0,5.1,40.7,5.225,33.333333333333336,6.0,30.3,30.2,40.293000000000006
3,7,Marcus Smart,0.0,BOS,NY,-10.5,211.5,111.0,21,14.3,24.7,37.5,PG/SG,4900,1,16.0,13.0,102,111,0%,13,11,11,33,32,32,27.3,27.3,18.2,36.4,30.2,21.8,4.4,30.3,6.17,30.1,34.5,6.1,30.200000000000003,6.135,32.333333333333336,11.666666666666666,27.880000000000003,25.5,32.22371134020619
4,0,Kris Dunn,0.0,CHI,DET,-4.0,214.5,109.3,15,7.8,17.2,24.5,PG/SG,3600,1,21.0,12.0,100,107,-3%,7,7,7,19,21,21,17.1,17.1,9.4,24.9,19.0,11.5,3.2,18.8,5.21,16.3,18.5,4.5,17.55,4.855,20.333333333333332,7.0,17.21,16.5,15.967622950819672
4,1,Kentavious Caldwell-Pope,0.0,LAL,DAL,1.0,218.0,108.5,25,7.8,22.8,53.8,SG/SF,3400,2,18.0,13.0,101,108,1%,10,7,7,24,24,24,15.0,15.0,6.4,23.6,20.7,3.0,0.9,13.0,3.82,13.9,20.0,4.1,13.45,3.96,24.0,8.0,14.690000000000001,28.133333333333336,11.208333333333334
4,2,Maxi Kleber,0.0,DAL,LAL,-1.0,218.0,109.5,1,16.0,24.1,32.3,PF/C,4000,2,13.0,13.0,106,107,-3%,11,7,7,27,28,28,25.2,25.2,18.2,32.2,31.0,18.5,4.6,19.8,4.94,19.5,24.0,4.9,19.65,4.92,27.666666666666668,8.333333333333334,24.089999999999996,24.133333333333336,17.04578313253012
4,3,Trevor Ariza,0.0,SAC,UTA,4.5,214.5,105.0,6,5.8,12.1,21.8,SF/PF,3400,1,14.0,12.0,103,103,-3%,5,4,4,22,22,22,12.1,12.1,5.9,18.3,32.4,9.8,2.9,15.3,4.49,15.4,22.0,4.5,15.350000000000001,4.495,22.0,4.333333333333333,12.75,13.233333333333334,15.350000000000001
4,4,LeBron James,0.0,LAL,DAL,1.0,218.0,108.5,18,37.5,46.7,59.3,PG/SF,9900,2,33.0,26.0,101,108,-1%,15,18,18,32,33,33,46.9,46.9,37.7,56.1,42.5,92.5,9.3,50.0,5.05,49.0,33.5,4.9,49.5,4.975,32.666666666666664,17.0,47.42,47.833333333333336,50.76275510204082
4,5,Ed Davis,0.0,UTA,SAC,-4.5,214.5,109.5,4,4.5,10.9,18.3,PF/C,3200,1,13.0,17.0,106,109,2%,2,2,2,13,13,13,10.9,10.9,5.8,16.0,7.8,1.3,0.4,13.5,4.22,13.9,14.0,4.3,13.7,4.26,13.0,2.0,11.459999999999999,11.233333333333334,14.753846153846155
4,6,Christian Wood,0.0,DET,CHI,4.0,214.5,105.3,30,-0.5,21.4,42.0,PF/C,3900,1,0.0,0.0,101,111,1%,7,5,5,19,15,15,16.3,16.3,-0.3,32.8,14.9,20.0,5.1,20.3,5.19,19.7,18.0,5.1,20.0,5.145,16.333333333333332,5.666666666666667,17.020000000000003,20.966666666666665,22.040816326530614
4,7,Lonnie Walker IV,0.0,SA,GS,-6.5,222.0,114.3,2,2.0,3.8,5.0,SG/SF,3300,0,0.0,0.0,103,107,-1%,1,1,1,5,5,5,3.5,3.5,2.1,4.9,2.2,1.0,0.3,6.8,2.05,0.0,0.0,0.0,3.4,1.025,5.0,1.0,3.4799999999999995,3.6,0.0
5,0,Langston Galloway,0.0,DET,CHI,4.0,214.5,105.3,5,10.5,16.4,22.8,PG/SG,3500,1,16.0,11.0,101,111,5%,8,6,6,21,23,23,16.4,16.4,11.2,21.6,22.5,19.5,5.6,15.0,4.29,16.3,23.0,4.7,15.65,4.495,22.333333333333332,6.666666666666667,16.25,16.566666666666666,16.11716417910448
5,1,Alex Caruso,0.0,LAL,DAL,1.0,218.0,108.5,18,3.0,22.1,42.3,PG/SG,3100,2,20.0,14.0,101,108,1%,4,3,3,13,16,16,10.9,10.9,3.8,18.0,15.7,9.5,3.1,9.5,3.06,7.9,10.5,2.5,8.7,2.7800000000000002,15.0,3.3333333333333335,10.459999999999999,22.46666666666667,6.09
5,2,Christian Wood,0.0,DET,CHI,4.0,214.5,105.3,30,-0.5,21.4,42.0,PF/C,3900,1,0.0,0.0,101,111,1%,7,5,5,19,15,15,16.3,16.3,-0.3,32.8,14.9,20.0,5.1,20.3,5.19,19.7,18.0,5.1,20.0,5.145,16.333333333333332,5.666666666666667,17.020000000000003,20.966666666666665,22.040816326530614
5,3,Jayson Tatum,0.0,BOS,NY,-10.5,211.5,111.0,21,25.5,38.1,50.3,SF/PF,7000,1,22.0,15.0,102,111,2%,20,21,21,36,36,36,41.3,41.3,34.7,47.8,33.8,37.0,5.3,39.3,5.61,38.3,34.5,5.5,38.8,5.555,36.0,20.666666666666668,40.779999999999994,37.96666666666667,37.18333333333333
5,4,George Hill,0.0,MIL,ORL,-4.0,215.0,109.5,4,17.5,24.4,38.0,PG/SG,3600,1,18.0,12.0,100,106,-2%,10,8,8,20,25,25,25.2,25.2,16.3,34.1,15.3,17.0,4.7,17.8,4.93,18.1,23.0,5.0,17.950000000000003,4.965,23.333333333333332,8.666666666666666,23.75,26.633333333333336,17.69357142857143
5,5,Eric Gordon,0.0,HOU,BKN,-4.5,243.5,124.0,21,13.3,17.1,20.0,SG/SF,4000,1,22.0,12.0,103,107,-6%,12,14,14,34,33,33,17.4,17.4,14.3,20.6,28.5,7.8,1.9,25.8,6.44,24.8,33.0,6.2,25.3,6.32,33.333333333333336,13.333333333333334,19.0,16.8,25.047
5,6,Kevin Love,0.0,CLE,IND,7.0,215.0,104.0,14,15.5,40.9,55.8,PF/C,9300,1,27.0,20.0,100,104,-1%,11,10,10,32,33,33,47.2,47.2,38.5,55.8,34.9,52.3,5.6,42.0,4.52,43.0,32.5,4.6,42.5,4.56,32.666666666666664,10.333333333333334,46.239999999999995,37.4,42.28316326530613
5,7,Giannis Antetokounmpo,0.0,MIL,ORL,-4.0,215.0,109.5,7,41.5,57.5,71.3,SF/PF,10900,1,32.0,31.0,100,106,-6%,14,17,17,32,32,32,59.1,59.1,44.6,73.6,30.3,58.0,5.3,53.8,4.93,56.5,33.0,5.2,55.15,5.0649999999999995,32.0,16.0,58.31,56.76666666666667,56.8734375
6,0,Markelle Fultz,0.0,ORL,MIL,4.0,215.0,105.5,26,2.3,16.0,23.5,PG/SG,4100,1,0.0,0.0,105,103,-4%,9,10,10,23,24,24,19.4,19.4,13.5,25.2,19.3,14.0,3.4,24.3,5.91,21.6,24.0,5.3,22.950000000000003,5.605,23.666666666666668,9.666666666666666,20.09,13.933333333333332,23.27323943661972
6,1,Derrick White,0.0,SA,GS,-6.5,222.0,114.3,24,9.0,21.3,36.3,PG/SG,5200,0,19.0,15.0,103,107,-3%,11,9,9,25,23,23,24.3,24.3,13.0,35.7,26.0,15.3,2.9,24.8,4.76,28.9,30.0,5.6,26.85,5.18,23.666666666666668,9.666666666666666,24.830000000000002,22.2,34.03521126760563
6,2,Thon Maker,0.0,DET,CHI,4.0,214.5,105.3,30,2.0,9.5,14.3,PF/C,3100,1,14.0,11.0,101,111,6%,4,3,3,11,16,16,9.5,9.5,4.8,14.2,12.9,4.0,1.3,10.8,3.47,10.1,12.5,3.3,10.45,3.385,14.333333333333334,3.3333333333333335,9.690000000000001,8.6,9.113372093023255
6,3,Caris LeVert,0.0,BKN,HOU,4.5,243.5,119.5,30,22.0,30.5,40.0,SG/SF,6000,1,25.0,15.0,100,108,-1%,20,17,17,36,33,33,31.1,31.1,22.6,39.5,32.2,36.0,6.0,38.0,6.33,34.9,32.5,5.8,36.45,6.0649999999999995,34.0,18.0,32.15,30.833333333333332,34.84191176470589
6,4,Zach LaVine,0.0,CHI,DET,-4.0,214.5,109.3,15,17.8,34.5,59.5,PG/SG,7300,1,30.0,19.0,100,107,-3%,16,17,17,34,32,32,34.5,34.5,18.2,50.8,32.2,35.3,4.8,35.5,4.86,35.1,32.5,4.8,35.3,4.83,32.666666666666664,16.666666666666668,34.660000000000004,37.266666666666666,35.119897959183675
6,5,Rodions Kurucs,0.0,BKN,HOU,4.5,243.5,119.5,14,2.0,12.3,27.3,SF/PF,3100,1,18.0,11.0,100,108,-5%,3,3,3,16,13,13,8.6,8.6,2.0,15.2,9.3,0.8,0.3,8.5,2.74,11.7,14.0,3.8,10.1,3.27,14.0,3.0,8.9,13.866666666666667,10.1
6,6,Brook Lopez,0.0,MIL,ORL,-4.0,215.0,109.5,7,19.3,28.6,36.3,C,5300,1,16.0,15.0,100,106,-6%,9,9,9,27,29,29,26.7,26.7,20.1,33.3,25.3,5.0,0.9,24.8,4.67,24.6,28.0,4.6,24.700000000000003,4.635,28.333333333333332,9.0,26.3,28.066666666666666,24.409411764705887
6,7,Jayson Tatum,0.0,BOS,NY,-10.5,211.5,111.0,21,25.5,38.1,50.3,SF/PF,7000,1,22.0,15.0,102,111,2%,20,21,21,36,36,36,41.3,41.3,34.7,47.8,33.8,37.0,5.3,39.3,5.61,38.3,34.5,5.5,38.8,5.555,36.0,20.666666666666668,40.779999999999994,37.96666666666667,37.18333333333333
7,0,George Hill,0.0,MIL,ORL,-4.0,215.0,109.5,4,17.5,24.4,38.0,PG/SG,3600,1,18.0,12.0,100,106,-2%,10,8,8,20,25,25,25.2,25.2,16.3,34.1,15.3,17.0,4.7,17.8,4.93,18.1,23.0,5.0,17.950000000000003,4.965,23.333333333333332,8.666666666666666,23.75,26.633333333333336,17.69357142857143
7,1,Justin Holiday,0.0,IND,CLE,-7.0,215.0,111.0,29,5.0,19.7,30.0,SG/SF,3300,1,15.0,10.0,99,115,5%,5,5,5,24,22,22,17.1,17.1,8.6,25.6,22.9,19.0,5.8,15.5,4.7,16.4,24.0,5.0,15.95,4.85,22.666666666666668,5.0,16.87,18.233333333333334,16.888235294117646
7,2,Luke Kornet,0.0,CHI,DET,-4.0,214.5,109.3,25,4.5,10.0,18.5,PF/C,3100,1,18.0,15.0,100,107,-8%,5,5,5,18,13,13,9.9,9.9,4.4,15.5,10.0,6.3,2.0,9.8,3.15,13.2,15.0,4.3,11.5,3.7249999999999996,14.666666666666666,5.0,10.239999999999998,11.0,11.761363636363637
7,3,Bruce Brown Jr.,0.0,DET,CHI,4.0,214.5,105.3,9,4.0,11.1,19.8,SG/SF,3100,1,12.0,7.0,101,111,5%,4,4,4,24,22,22,11.1,11.1,4.1,18.1,21.2,9.3,3.0,13.8,4.44,14.0,21.5,4.5,13.9,4.470000000000001,22.666666666666668,4.0,11.66,11.633333333333333,13.18455882352941
7,4,Terrence Ross,0.0,ORL,MIL,4.0,215.0,105.5,1,6.3,16.2,22.0,SG/SF,3800,1,23.0,15.0,105,103,1%,11,11,11,23,22,22,14.7,14.7,8.7,20.7,20.9,17.0,4.5,22.8,5.99,20.2,23.0,5.3,21.5,5.645,22.333333333333332,11.0,16.06,14.833333333333334,22.14179104477612
7,5,Jordan Poole,0.0,GS,SA,6.5,222.0,107.8,8,11.5,15.2,19.3,SG/SF,3200,1,0.0,0.0,100,108,2%,9,10,10,24,23,23,15.0,15.0,11.4,18.6,28.6,23.0,7.2,24.0,7.5,20.2,27.5,6.3,22.1,6.9,23.333333333333332,9.666666666666666,16.419999999999998,15.333333333333334,26.046428571428574
7,6,Domantas Sabonis,0.0,IND,CLE,-7.0,215.0,111.0,10,24.8,37.5,48.5,PF/C,8700,1,24.0,22.0,99,115,-5%,18,16,16,38,36,36,39.9,39.9,29.5,50.2,37.3,49.8,5.7,41.8,4.8,42.3,36.0,4.9,42.05,4.85,36.666666666666664,16.666666666666668,40.31,36.93333333333333,41.28545454545454
7,7,Omari Spellman,0.0,GS,SA,6.5,222.0,107.8,24,13.3,19.8,30.8,PF/C,3200,1,15.0,12.0,100,108,1%,6,7,7,20,19,19,20.3,20.3,11.9,28.7,5.0,6.0,1.9,15.8,4.92,15.7,16.5,4.9,15.75,4.91,19.333333333333332,6.666666666666667,19.39,21.3,13.441810344827587
8,0,Russell Westbrook,0.0,HOU,BKN,-4.5,243.5,124.0,8,50.5,62.1,79.5,PG,9800,1,33.0,21.0,103,107,-4%,16,17,17,35,34,34,58.5,58.5,52.1,64.9,36.4,57.3,5.8,54.3,5.54,56.0,34.5,5.7,55.15,5.62,34.333333333333336,16.666666666666668,57.83,64.03333333333333,55.41771844660194
8,1,Marcus Smart,0.0,BOS,NY,-10.5,211.5,111.0,21,14.3,24.7,37.5,PG/SG,4900,1,16.0,13.0,102,111,0%,13,11,11,33,32,32,27.3,27.3,18.2,36.4,30.2,21.8,4.4,30.3,6.17,30.1,34.5,6.1,30.200000000000003,6.135,32.333333333333336,11.666666666666666,27.880000000000003,25.5,32.22371134020619
8,2,Thaddeus Young,0.0,CHI,DET,-4.0,214.5,109.3,12,7.3,19.0,26.8,SF/PF,4200,1,18.0,16.0,100,107,-8%,13,10,10,22,21,21,19.0,19.0,10.9,27.1,28.7,30.8,7.3,20.0,4.76,19.5,22.0,4.6,19.75,4.68,21.333333333333332,11.0,19.15,17.7,20.3671875
8,3,Justin Holiday,0.0,IND,CLE,-7.0,215.0,111.0,29,5.0,19.7,30.0,SG/SF,3300,1,15.0,10.0,99,115,5%,5,5,5,24,22,22,17.1,17.1,8.6,25.6,22.9,19.0,5.8,15.5,4.7,16.4,24.0,5.0,15.95,4.85,22.666666666666668,5.0,16.87,18.233333333333334,16.888235294117646
8,4,Damion Lee,0.0,GS,SA,6.5,222.0,107.8,8,5.8,17.5,42.3,SG/SF,3800,1,0.0,0.0,100,108,1%,9,6,6,20,15,15,16.9,16.9,-0.2,34.0,25.3,26.0,6.8,17.3,4.54,18.0,20.0,4.7,17.65,4.62,16.666666666666668,7.0,17.05,21.866666666666664,21.18
8,5,Doug McDermott,0.0,IND,CLE,-7.0,215.0,111.0,13,0.0,6.3,12.0,SF/PF,3200,1,16.0,12.0,99,115,0%,3,4,4,23,17,17,8.4,8.4,4.9,11.8,19.4,13.5,4.2,7.5,2.34,13.8,22.5,4.3,10.65,3.32,19.0,3.6666666666666665,8.83,6.1000000000000005,12.611842105263158
8,6,Jakob Poeltl,0.0,SA,GS,-6.5,222.0,114.3,28,8.8,14.3,25.0,C,3300,0,13.0,19.0,103,107,-2%,3,4,4,12,14,14,14.6,14.6,7.3,22.0,18.1,22.5,6.8,15.0,4.55,15.6,15.5,4.7,15.3,4.625,13.333333333333334,3.6666666666666665,14.76,16.033333333333335,17.78625
8,7,Christian Wood,0.0,DET,CHI,4.0,214.5,105.3,30,-0.5,21.4,42.0,PF/C,3900,1,0.0,0.0,101,111,1%,7,5,5,19,15,15,16.3,16.3,-0.3,32.8,14.9,20.0,5.1,20.3,5.19,19.7,18.0,5.1,20.0,5.145,16.333333333333332,5.666666666666667,17.020000000000003,20.966666666666665,22.040816326530614
9,0,Austin Rivers,0.0,HOU,BKN,-4.5,243.5,124.0,8,5.3,10.7,18.3,PG/SG,3100,1,14.0,8.0,103,107,-4%,6,5,5,17,16,16,10.1,10.1,4.0,16.3,16.2,11.8,3.8,10.8,3.47,10.6,16.5,3.4,10.7,3.435,16.333333333333332,5.333333333333333,10.24,11.433333333333332,10.809183673469388
9,1,Damion Lee,0.0,GS,SA,6.5,222.0,107.8,8,5.8,17.5,42.3,SG/SF,3800,1,0.0,0.0,100,108,1%,9,6,6,20,15,15,16.9,16.9,-0.2,34.0,25.3,26.0,6.8,17.3,4.54,18.0,20.0,4.7,17.65,4.62,16.666666666666668,7.0,17.05,21.866666666666664,21.18
9,2,Richaun Holmes,0.0,SAC,UTA,4.5,214.5,105.0,2,8.8,24.9,45.8,PF/C,5500,1,17.0,21.0,103,103,-10%,12,7,7,33,23,23,24.9,24.9,8.0,41.8,20.3,15.5,2.8,28.3,5.14,31.7,31.0,5.8,30.0,5.47,26.333333333333332,8.666666666666666,25.919999999999998,26.5,35.31645569620253
9,3,Danuel House Jr.,0.0,HOU,BKN,-4.5,243.5,124.0,27,0.0,20.0,33.8,SF/PF,4000,1,14.0,12.0,103,107,1%,10,8,8,33,31,31,25.0,25.0,17.4,32.6,31.7,26.3,6.6,23.3,5.81,22.9,30.5,5.7,23.1,5.755,31.666666666666668,8.666666666666666,24.619999999999997,17.933333333333334,22.248947368421053
9,4,Ky Bowman,0.0,GS,SA,6.5,222.0,107.8,13,-0.5,6.2,18.8,PG,4400,1,0.0,0.0,100,108,2%,3,4,4,10,9,9,6.2,6.2,-2.5,14.9,15.0,5.8,1.3,12.5,2.84,9.5,11.5,2.2,11.0,2.52,9.333333333333334,3.6666666666666665,7.159999999999999,8.166666666666666,13.553571428571429
9,5,Kevin Knox,0.0,NY,BOS,10.5,211.5,100.5,17,16.5,20.4,24.3,SF/PF,3600,1,0.0,0.0,102,105,-4%,10,9,9,20,23,23,20.4,20.4,17.5,23.2,28.7,24.5,6.8,18.0,5.0,16.1,22.5,4.5,17.05,4.75,22.0,9.333333333333334,19.71,20.400000000000002,17.4375
9,6,Julius Randle,0.0,NY,BOS,10.5,211.5,100.5,18,28.5,38.5,55.3,PF/C,7600,1,28.0,21.0,102,105,-1%,13,14,14,35,35,35,38.4,38.4,27.9,48.9,33.6,27.0,3.6,40.8,5.36,38.1,34.0,5.0,39.45,5.18,35.0,13.666666666666666,38.61,40.766666666666666,38.322857142857146
9,7,Seth Curry,0.0,DAL,LAL,-1.0,218.0,109.5,11,6.0,15.0,22.0,PG/SG,3300,2,16.0,11.0,106,107,5%,9,7,7,25,22,22,17.2,17.2,12.7,21.7,22.8,9.5,2.9,15.5,4.7,16.6,23.5,5.0,16.05,4.85,23.0,7.666666666666667,16.97,14.333333333333334,16.398913043478263
10,0,Brad Wanamaker,0.0,BOS,NY,-10.5,211.5,111.0,21,1.3,5.1,11.3,PG/SG,3000,1,0.0,0.0,102,111,0%,1,2,2,5,6,6,4.7,4.7,0.0,9.3,15.3,15.3,5.1,12.5,4.17,0.0,0.0,0.0,6.25,2.085,5.666666666666667,1.6666666666666667,4.99,5.8999999999999995,0.0
10,1,Kris Dunn,0.0,CHI,DET,-4.0,214.5,109.3,15,7.8,17.2,24.5,PG/SG,3600,1,21.0,12.0,100,107,-3%,7,7,7,19,21,21,17.1,17.1,9.4,24.9,19.0,11.5,3.2,18.8,5.21,16.3,18.5,4.5,17.55,4.855,20.333333333333332,7.0,17.21,16.5,15.967622950819672
10,2,Domantas Sabonis,0.0,IND,CLE,-7.0,215.0,111.0,10,24.8,37.5,48.5,PF/C,8700,1,24.0,22.0,99,115,-5%,18,16,16,38,36,36,39.9,39.9,29.5,50.2,37.3,49.8,5.7,41.8,4.8,42.3,36.0,4.9,42.05,4.85,36.666666666666664,16.666666666666668,40.31,36.93333333333333,41.28545454545454
10,3,Khris Middleton,0.0,MIL,ORL,-4.0,215.0,109.5,4,20.0,32.4,39.0,SG/SF,6900,1,25.0,17.0,100,106,-5%,15,15,15,31,33,33,35.5,35.5,31.6,39.4,20.4,23.5,3.4,33.5,4.86,33.9,32.0,4.9,33.7,4.880000000000001,32.333333333333336,15.0,35.14,30.46666666666667,33.35257731958763
10,4,D.J. Augustin,0.0,ORL,MIL,4.0,215.0,105.5,26,17.3,20.2,23.8,PG,4300,1,19.0,16.0,105,103,-4%,8,9,9,27,25,25,19.3,19.3,16.9,21.7,23.1,12.5,2.9,23.5,5.47,21.2,25.5,4.9,22.35,5.1850000000000005,25.666666666666668,8.666666666666666,19.909999999999997,20.433333333333334,22.20487012987013
10,5,Taurean Prince,0.0,BKN,HOU,4.5,243.5,119.5,14,19.5,27.6,40.3,SF/PF,4900,1,19.0,12.0,100,108,0%,10,11,11,29,33,33,25.4,25.4,15.5,35.3,34.4,51.5,10.5,27.0,5.51,26.2,30.5,5.3,26.6,5.404999999999999,31.666666666666668,10.666666666666666,25.639999999999997,29.133333333333336,25.619999999999997
10,6,Tristan Thompson,0.0,CLE,IND,7.0,215.0,104.0,27,20.5,38.9,49.5,C,6800,1,18.0,18.0,100,104,-2%,19,16,16,34,34,34,43.4,43.4,36.1,50.8,31.5,27.5,4.0,34.0,5.0,35.4,33.5,5.2,34.7,5.1,34.0,17.0,41.67999999999999,36.300000000000004,34.189705882352946
10,7,Buddy Hield,0.0,SAC,UTA,4.5,214.5,105.0,7,5.5,25.9,37.8,SG/SF,6500,1,25.0,18.0,103,103,-13%,18,16,16,36,31,31,25.9,25.9,12.4,39.3,29.8,25.8,4.0,31.0,4.77,32.4,33.5,5.0,31.7,4.885,32.666666666666664,16.666666666666668,27.04,23.066666666666663,32.50867346938776
11,0,Mike Conley,0.0,UTA,SAC,-4.5,214.5,109.5,27,5.5,22.2,43.3,PG,6700,1,28.0,21.0,106,109,5%,12,12,12,26,27,27,22.6,22.6,8.8,36.4,33.1,37.5,5.6,34.0,5.07,33.5,31.5,5.0,33.75,5.035,26.666666666666668,12.0,24.83,23.666666666666668,39.8671875
11,1,Brad Wanamaker,0.0,BOS,NY,-10.5,211.5,111.0,21,1.3,5.1,11.3,PG/SG,3000,1,0.0,0.0,102,111,0%,1,2,2,5,6,6,4.7,4.7,0.0,9.3,15.3,15.3,5.1,12.5,4.17,0.0,0.0,0.0,6.25,2.085,5.666666666666667,1.6666666666666667,4.99,5.8999999999999995,0.0
11,2,Nemanja Bjelica,0.0,SAC,UTA,4.5,214.5,105.0,2,12.3,20.3,33.5,PF,4000,1,17.0,15.0,103,103,-10%,9,7,7,30,25,25,20.3,20.3,12.3,28.3,25.8,26.0,6.5,21.3,5.31,21.8,26.0,5.5,21.55,5.404999999999999,26.666666666666668,7.666666666666667,20.55,22.03333333333333,21.01125
11,3,Gordon Hayward,0.0,BOS,NY,-10.5,211.5,111.0,21,14.0,29.5,50.0,SF/PF,6100,1,20.0,16.0,102,111,2%,14,14,14,32,34,34,33.3,33.3,21.1,45.5,35.1,34.8,5.7,36.5,5.98,34.3,34.0,5.6,35.4,5.79,33.333333333333336,14.0,33.72,31.166666666666668,36.108
11,4,Jordan Clarkson,0.0,CLE,IND,7.0,215.0,104.0,6,13.0,21.2,23.5,PG/SF,3800,1,27.0,17.0,100,104,-8%,10,10,10,26,22,22,20.8,20.8,15.6,25.9,27.1,33.5,8.8,23.0,6.05,21.6,25.0,5.7,22.3,5.875,23.333333333333332,10.0,21.08,19.233333333333334,23.892857142857142
11,5,Glenn Robinson III,0.0,GS,SA,6.5,222.0,107.8,16,0.0,18.2,30.3,SF/PF,4000,1,15.0,9.0,100,108,1%,12,10,10,31,28,28,22.8,22.8,15.8,29.7,26.7,10.5,2.6,19.3,4.81,22.0,30.5,5.5,20.65,5.154999999999999,29.0,10.666666666666666,22.35,16.166666666666668,21.71810344827586
11,6,Ed Davis,0.0,UTA,SAC,-4.5,214.5,109.5,4,4.5,10.9,18.3,PF/C,3200,1,13.0,17.0,106,109,2%,2,2,2,13,13,13,10.9,10.9,5.8,16.0,7.8,1.3,0.4,13.5,4.22,13.9,14.0,4.3,13.7,4.26,13.0,2.0,11.459999999999999,11.233333333333334,14.753846153846155
11,7,Bruce Brown Jr.,0.0,DET,CHI,4.0,214.5,105.3,9,4.0,11.1,19.8,SG/SF,3100,1,12.0,7.0,101,111,5%,4,4,4,24,22,22,11.1,11.1,4.1,18.1,21.2,9.3,3.0,13.8,4.44,14.0,21.5,4.5,13.9,4.470000000000001,22.666666666666668,4.0,11.66,11.633333333333333,13.18455882352941
12,0,Tim Frazier,0.0,DET,CHI,4.0,214.5,105.3,5,0.0,12.0,17.3,PG,3500,1,15.0,12.0,101,111,5%,6,5,5,22,15,15,11.9,11.9,4.4,19.5,16.8,12.5,3.6,18.8,5.36,17.7,21.5,5.1,18.25,5.23,17.333333333333332,5.333333333333333,13.189999999999998,9.766666666666667,22.63701923076923
12,1,Collin Sexton,0.0,CLE,IND,7.0,215.0,104.0,6,21.5,26.0,34.3,PG/SG,5400,1,25.0,12.0,100,104,-8%,14,14,14,29,30,30,23.9,23.9,20.5,27.2,37.4,32.8,6.1,22.0,4.07,22.8,30.5,4.2,22.4,4.135,29.666666666666668,14.0,23.580000000000002,27.266666666666666,23.029213483146066
12,2,Nemanja Bjelica,0.0,SAC,UTA,4.5,214.5,105.0,2,12.3,20.3,33.5,PF,4000,1,17.0,15.0,103,103,-10%,9,7,7,30,25,25,20.3,20.3,12.3,28.3,25.8,26.0,6.5,21.3,5.31,21.8,26.0,5.5,21.55,5.404999999999999,26.666666666666668,7.666666666666667,20.55,22.03333333333333,21.01125
12,3,Wesley Matthews,0.0,MIL,ORL,-4.0,215.0,109.5,4,10.0,18.7,27.0,SG/SF,3800,1,19.0,10.0,100,106,-2%,9,10,10,29,30,30,20.8,20.8,14.3,27.4,19.6,2.0,0.5,18.3,4.8,19.1,29.5,5.0,18.700000000000003,4.9,29.666666666666668,9.666666666666666,20.4,18.566666666666666,18.59494382022472
12,4,Donovan Mitchell,0.0,UTA,SAC,-4.5,214.5,109.5,27,25.3,39.0,55.0,PG/SG,7600,1,31.0,17.0,106,109,5%,21,17,17,36,34,34,39.0,39.0,28.1,49.8,35.2,38.5,5.1,40.3,5.3,38.9,34.5,5.1,39.599999999999994,5.199999999999999,34.666666666666664,18.333333333333332,39.1,39.766666666666666,39.409615384615385
12,5,LaMarcus Aldridge,0.0,SA,GS,-6.5,222.0,114.3,6,18.3,36.5,46.3,PF/C,7100,0,26.0,23.0,103,107,-1%,13,14,14,35,34,34,35.1,35.1,23.1,47.0,26.1,33.5,4.7,41.3,5.81,39.7,33.5,5.6,40.5,5.705,34.333333333333336,13.666666666666666,36.160000000000004,33.699999999999996,39.51699029126213
12,6,Nikola Vucevic,0.0,ORL,MIL,4.0,215.0,105.5,24,15.8,32.9,49.3,C,9000,1,28.0,26.0,105,103,1%,15,16,16,29,31,31,36.5,36.5,25.8,47.2,25.1,30.8,3.4,46.0,5.11,44.3,31.5,4.9,45.15,5.005000000000001,30.333333333333332,15.666666666666666,38.230000000000004,32.666666666666664,46.886538461538464
12,7,Joe Ingles,0.0,UTA,SAC,-4.5,214.5,109.5,24,10.8,19.7,27.5,SF/PF,4600,1,19.0,13.0,106,109,1%,7,6,6,28,29,29,19.7,19.7,12.5,26.9,29.8,13.5,2.9,24.8,5.38,23.7,28.5,5.2,24.25,5.29,28.666666666666668,6.333333333333333,20.61,19.333333333333332,24.109011627906977
13,0,Ryan Arcidiacono,0.0,CHI,DET,-4.0,214.5,109.3,15,3.5,10.1,17.0,PG/SG,3100,1,13.0,12.0,100,107,-3%,3,2,2,16,15,15,10.1,10.1,3.9,16.2,15.8,11.5,3.7,7.8,2.5,9.9,14.5,3.2,8.85,2.85,15.333333333333334,2.3333333333333335,9.83,10.200000000000001,8.369021739130433
13,1,Terrence Ross,0.0,ORL,MIL,4.0,215.0,105.5,1,6.3,16.2,22.0,SG/SF,3800,1,23.0,15.0,105,103,1%,11,11,11,23,22,22,14.7,14.7,8.7,20.7,20.9,17.0,4.5,22.8,5.99,20.2,23.0,5.3,21.5,5.645,22.333333333333332,11.0,16.06,14.833333333333334,22.14179104477612
13,2,Kristaps Porzingis,0.0,DAL,LAL,-1.0,218.0,109.5,1,19.0,38.1,56.3,PF/C,8000,2,0.0,0.0,106,107,-3%,19,18,18,34,31,31,42.8,42.8,33.1,52.5,37.4,26.8,3.4,35.0,4.38,38.9,32.0,4.9,36.95,4.640000000000001,32.0,18.333333333333332,41.629999999999995,37.800000000000004,36.95
13,3,Jeremy Lamb,0.0,IND,CLE,-7.0,215.0,111.0,29,20.5,34.0,43.3,SG/SF,5600,1,22.0,17.0,99,115,5%,15,15,15,30,30,30,28.4,28.4,17.2,39.5,34.9,42.5,7.6,30.8,5.49,31.7,31.0,5.7,31.25,5.595000000000001,30.0,15.0,28.95,32.6,32.29166666666667
13,4,DeMar DeRozan,0.0,SA,GS,-6.5,222.0,114.3,2,24.0,36.5,41.0,SG/SF,7200,0,28.0,20.0,103,107,-1%,19,18,18,34,34,34,35.4,35.4,27.6,43.1,29.3,30.8,4.3,42.8,5.94,39.3,34.0,5.5,41.05,5.720000000000001,34.0,18.333333333333332,36.510000000000005,33.833333333333336,41.05
13,5,Trey Lyles,0.0,SA,GS,-6.5,222.0,114.3,6,0.0,12.1,21.3,PF,3400,0,24.0,13.0,103,107,-1%,2,3,3,19,20,20,15.1,15.1,10.1,20.1,28.2,22.0,6.5,19.3,5.66,19.6,22.0,5.8,19.450000000000003,5.73,19.666666666666668,2.6666666666666665,15.969999999999999,11.133333333333333,21.75762711864407
13,6,Rudy Gobert,0.0,UTA,SAC,-4.5,214.5,109.5,23,16.5,28.1,46.0,C,7800,1,17.0,25.0,106,109,5%,6,6,6,34,33,33,27.7,27.7,17.7,37.7,38.0,41.0,5.3,41.8,5.35,39.6,33.0,5.1,40.7,5.225,33.333333333333336,6.0,30.3,30.2,40.293000000000006
13,7,T.J. Warren,0.0,IND,CLE,-7.0,215.0,111.0,13,7.8,20.3,36.8,SF/PF,5500,1,22.0,16.0,99,115,0%,19,16,16,36,35,35,23.4,23.4,11.3,35.6,27.8,6.8,1.2,26.3,4.77,28.8,34.5,5.2,27.55,4.984999999999999,35.333333333333336,17.0,24.25,21.633333333333336,26.900235849056603
15,0,Kyrie Irving,0.0,BKN,HOU,4.5,243.5,119.5,17,19.5,50.1,76.0,PG,9000,1,30.0,24.0,100,108,-3%,24,25,25,33,34,34,57.8,57.8,42.4,73.1,34.5,45.0,5.0,49.5,5.5,48.7,32.0,5.4,49.1,5.45,33.666666666666664,24.666666666666668,56.04,48.53333333333333,46.669306930693075
15,1,Markelle Fultz,0.0,ORL,MIL,4.0,215.0,105.5,26,2.3,16.0,23.5,PG/SG,4100,1,0.0,0.0,105,103,-4%,9,10,10,23,24,24,19.4,19.4,13.5,25.2,19.3,14.0,3.4,24.3,5.91,21.6,24.0,5.3,22.950000000000003,5.605,23.666666666666668,9.666666666666666,20.09,13.933333333333332,23.27323943661972
15,2,Jonathan Isaac,0.0,ORL,MIL,4.0,215.0,105.5,22,10.0,25.6,44.8,SF/PF,5600,1,16.0,13.0,105,103,-2%,8,7,7,32,29,29,29.5,29.5,18.6,40.4,28.6,26.3,4.7,30.8,5.49,29.4,30.5,5.2,30.1,5.345000000000001,30.0,7.333333333333333,29.619999999999997,26.8,30.60166666666667
15,3,Tony Snell,0.0,DET,CHI,4.0,214.5,105.3,9,11.3,15.1,18.0,SG/SF,3500,1,13.0,11.0,101,111,5%,7,6,6,21,26,26,15.1,15.1,12.0,18.2,27.3,11.0,3.1,16.3,4.64,13.9,23.0,4.0,15.100000000000001,4.32,24.333333333333332,6.333333333333333,15.1,14.799999999999999,14.272602739726029
15,4,Darius Garland,0.0,CLE,IND,7.0,215.0,104.0,6,12.8,16.4,20.3,PG,4200,1,0.0,0.0,100,104,-8%,11,11,11,24,27,27,16.4,16.4,12.5,20.4,25.5,7.8,1.9,23.3,5.54,20.7,28.5,4.9,22.0,5.220000000000001,26.0,11.0,17.54,16.5,24.115384615384617
15,5,Caris LeVert,0.0,BKN,HOU,4.5,243.5,119.5,30,22.0,30.5,40.0,SG/SF,6000,1,25.0,15.0,100,108,-1%,20,17,17,36,33,33,31.1,31.1,22.6,39.5,32.2,36.0,6.0,38.0,6.33,34.9,32.5,5.8,36.45,6.0649999999999995,34.0,18.0,32.15,30.833333333333332,34.84191176470589
15,6,Domantas Sabonis,0.0,IND,CLE,-7.0,215.0,111.0,10,24.8,37.5,48.5,PF/C,8700,1,24.0,22.0,99,115,-5%,18,16,16,38,36,36,39.9,39.9,29.5,50.2,37.3,49.8,5.7,41.8,4.8,42.3,36.0,4.9,42.05,4.85,36.666666666666664,16.666666666666668,40.31,36.93333333333333,41.28545454545454
15,7,Dewayne Dedmon,0.0,SAC,UTA,4.5,214.5,105.0,1,1.3,11.9,18.0,C,3800,1,17.0,16.0,103,103,1%,3,5,5,11,17,17,11.9,11.9,5.4,18.4,27.3,24.3,6.4,13.0,3.42,13.9,15.5,3.7,13.45,3.56,15.0,4.333333333333333,12.209999999999999,10.4,13.898333333333332
16,0,Markelle Fultz,0.0,ORL,MIL,4.0,215.0,105.5,26,2.3,16.0,23.5,PG/SG,4100,1,0.0,0.0,105,103,-4%,9,10,10,23,24,24,19.4,19.4,13.5,25.2,19.3,14.0,3.4,24.3,5.91,21.6,24.0,5.3,22.950000000000003,5.605,23.666666666666668,9.666666666666666,20.09,13.933333333333332,23.27323943661972
16,1,James Harden,0.0,HOU,BKN,-4.5,243.5,124.0,8,40.5,57.9,79.3,PG/SG,11000,1,41.0,31.0,103,107,-4%,27,24,24,37,37,37,57.2,57.2,40.8,73.5,36.6,52.8,4.8,61.5,5.59,61.9,36.0,5.6,61.7,5.595,37.0,25.0,58.08,59.23333333333333,60.03243243243244
16,2,Jayson Tatum,0.0,BOS,NY,-10.5,211.5,111.0,21,25.5,38.1,50.3,SF/PF,7000,1,22.0,15.0,102,111,2%,20,21,21,36,36,36,41.3,41.3,34.7,47.8,33.8,37.0,5.3,39.3,5.61,38.3,34.5,5.5,38.8,5.555,36.0,20.666666666666668,40.779999999999994,37.96666666666667,37.18333333333333
16,3,Pat Connaughton,0.0,MIL,ORL,-4.0,215.0,109.5,4,4.0,14.3,30.0,SG/SF,3200,1,14.0,14.0,100,106,-2%,8,7,7,21,18,18,15.9,15.9,4.0,27.7,16.4,14.0,4.4,11.0,3.44,15.1,19.5,4.7,13.05,4.07,19.0,7.333333333333333,15.309999999999999,16.099999999999998,13.39342105263158
16,4,D.J. Augustin,0.0,ORL,MIL,4.0,215.0,105.5,26,17.3,20.2,23.8,PG,4300,1,19.0,16.0,105,103,-4%,8,9,9,27,25,25,19.3,19.3,16.9,21.7,23.1,12.5,2.9,23.5,5.47,21.2,25.5,4.9,22.35,5.1850000000000005,25.666666666666668,8.666666666666666,19.909999999999997,20.433333333333334,22.20487012987013
16,5,Trey Lyles,0.0,SA,GS,-6.5,222.0,114.3,6,0.0,12.1,21.3,PF,3400,0,24.0,13.0,103,107,-1%,2,3,3,19,20,20,15.1,15.1,10.1,20.1,28.2,22.0,6.5,19.3,5.66,19.6,22.0,5.8,19.450000000000003,5.73,19.666666666666668,2.6666666666666665,15.969999999999999,11.133333333333333,21.75762711864407
16,6,Daniel Theis,0.0,BOS,NY,-10.5,211.5,111.0,17,0.0,10.8,25.8,PF/C,4000,1,16.0,17.0,102,111,5%,8,5,5,22,18,18,15.3,15.3,5.5,25.2,26.9,22.5,5.6,26.8,6.69,26.3,26.5,6.6,26.55,6.645,19.333333333333332,6.0,17.57,12.200000000000001,36.39181034482759
16,7,Trevor Ariza,0.0,SAC,UTA,4.5,214.5,105.0,6,5.8,12.1,21.8,SF/PF,3400,1,14.0,12.0,103,103,-3%,5,4,4,22,22,22,12.1,12.1,5.9,18.3,32.4,9.8,2.9,15.3,4.49,15.4,22.0,4.5,15.350000000000001,4.495,22.0,4.333333333333333,12.75,13.233333333333334,15.350000000000001
17,0,D'Angelo Russell,0.0,GS,SA,6.5,222.0,107.8,13,9.3,27.7,44.8,PG/SG,8900,1,33.0,19.0,100,108,2%,17,15,15,32,30,30,29.9,29.9,15.3,44.6,33.0,48.8,5.5,41.5,4.66,45.9,34.0,5.2,43.7,4.93,30.666666666666668,15.666666666666666,32.68,27.266666666666666,48.45
17,1,Bruce Brown Jr.,0.0,DET,CHI,4.0,214.5,105.3,9,4.0,11.1,19.8,SG/SF,3100,1,12.0,7.0,101,111,5%,4,4,4,24,22,22,11.1,11.1,4.1,18.1,21.2,9.3,3.0,13.8,4.44,14.0,21.5,4.5,13.9,4.470000000000001,22.666666666666668,4.0,11.66,11.633333333333333,13.18455882352941
17,2,Semi Ojeleye,0.0,BOS,NY,-10.5,211.5,111.0,21,1.3,4.6,11.3,SF/PF,3100,1,14.0,9.0,102,111,5%,2,1,1,17,12,12,5.0,5.0,0.2,9.8,15.9,2.0,0.6,12.8,4.11,12.3,20.5,4.0,12.55,4.055,13.666666666666666,1.3333333333333333,6.51,5.733333333333333,18.825
17,3,Terrence Ross,0.0,ORL,MIL,4.0,215.0,105.5,1,6.3,16.2,22.0,SG/SF,3800,1,23.0,15.0,105,103,1%,11,11,11,23,22,22,14.7,14.7,8.7,20.7,20.9,17.0,4.5,22.8,5.99,20.2,23.0,5.3,21.5,5.645,22.333333333333332,11.0,16.06,14.833333333333334,22.14179104477612
17,4,James Harden,0.0,HOU,BKN,-4.5,243.5,124.0,8,40.5,57.9,79.3,PG/SG,11000,1,41.0,31.0,103,107,-4%,27,24,24,37,37,37,57.2,57.2,40.8,73.5,36.6,52.8,4.8,61.5,5.59,61.9,36.0,5.6,61.7,5.595,37.0,25.0,58.08,59.23333333333333,60.03243243243244
17,5,Taurean Prince,0.0,BKN,HOU,4.5,243.5,119.5,14,19.5,27.6,40.3,SF/PF,4900,1,19.0,12.0,100,108,0%,10,11,11,29,33,33,25.4,25.4,15.5,35.3,34.4,51.5,10.5,27.0,5.51,26.2,30.5,5.3,26.6,5.404999999999999,31.666666666666668,10.666666666666666,25.639999999999997,29.133333333333336,25.619999999999997
17,6,Kristaps Porzingis,0.0,DAL,LAL,-1.0,218.0,109.5,1,19.0,38.1,56.3,PF/C,8000,2,0.0,0.0,106,107,-3%,19,18,18,34,31,31,42.8,42.8,33.1,52.5,37.4,26.8,3.4,35.0,4.38,38.9,32.0,4.9,36.95,4.640000000000001,32.0,18.333333333333332,41.629999999999995,37.800000000000004,36.95
17,7,Seth Curry,0.0,DAL,LAL,-1.0,218.0,109.5,11,6.0,15.0,22.0,PG/SG,3300,2,16.0,11.0,106,107,5%,9,7,7,25,22,22,17.2,17.2,12.7,21.7,22.8,9.5,2.9,15.5,4.7,16.6,23.5,5.0,16.05,4.85,23.0,7.666666666666667,16.97,14.333333333333334,16.398913043478263
18,0,Frank Ntilikina,0.0,NY,BOS,10.5,211.5,100.5,9,0.3,8.4,18.5,PG/SG,3200,1,17.0,6.0,102,105,-5%,7,4,4,26,14,14,5.9,5.9,-2.7,14.5,37.8,25.3,7.9,10.3,3.2,18.4,28.5,5.8,14.35,4.5,18.0,5.0,7.590000000000001,9.066666666666668,22.72083333333333
18,1,Tony Snell,0.0,DET,CHI,4.0,214.5,105.3,9,11.3,15.1,18.0,SG/SF,3500,1,13.0,11.0,101,111,5%,7,6,6,21,26,26,15.1,15.1,12.0,18.2,27.3,11.0,3.1,16.3,4.64,13.9,23.0,4.0,15.100000000000001,4.32,24.333333333333332,6.333333333333333,15.1,14.799999999999999,14.272602739726029
18,2,Richaun Holmes,0.0,SAC,UTA,4.5,214.5,105.0,2,8.8,24.9,45.8,PF/C,5500,1,17.0,21.0,103,103,-10%,12,7,7,33,23,23,24.9,24.9,8.0,41.8,20.3,15.5,2.8,28.3,5.14,31.7,31.0,5.8,30.0,5.47,26.333333333333332,8.666666666666666,25.919999999999998,26.5,35.31645569620253
18,3,Trevor Ariza,0.0,SAC,UTA,4.5,214.5,105.0,6,5.8,12.1,21.8,SF/PF,3400,1,14.0,12.0,103,103,-3%,5,4,4,22,22,22,12.1,12.1,5.9,18.3,32.4,9.8,2.9,15.3,4.49,15.4,22.0,4.5,15.350000000000001,4.495,22.0,4.333333333333333,12.75,13.233333333333334,15.350000000000001
18,4,Donovan Mitchell,0.0,UTA,SAC,-4.5,214.5,109.5,27,25.3,39.0,55.0,PG/SG,7600,1,31.0,17.0,106,109,5%,21,17,17,36,34,34,39.0,39.0,28.1,49.8,35.2,38.5,5.1,40.3,5.3,38.9,34.5,5.1,39.599999999999994,5.199999999999999,34.666666666666664,18.333333333333332,39.1,39.766666666666666,39.409615384615385
18,5,LeBron James,0.0,LAL,DAL,1.0,218.0,108.5,18,37.5,46.7,59.3,PG/SF,9900,2,33.0,26.0,101,108,-1%,15,18,18,32,33,33,46.9,46.9,37.7,56.1,42.5,92.5,9.3,50.0,5.05,49.0,33.5,4.9,49.5,4.975,32.666666666666664,17.0,47.42,47.833333333333336,50.76275510204082
18,6,Larry Nance Jr.,0.0,CLE,IND,7.0,215.0,104.0,14,18.0,28.7,40.5,PF/C,5300,1,16.0,19.0,100,104,-1%,9,9,9,28,25,25,25.2,25.2,18.6,31.8,26.1,14.3,2.7,28.0,5.28,26.2,26.5,4.9,27.1,5.09,26.0,9.0,25.580000000000002,29.066666666666666,27.62115384615385
18,7,Doug McDermott,0.0,IND,CLE,-7.0,215.0,111.0,13,0.0,6.3,12.0,SF/PF,3200,1,16.0,12.0,99,115,0%,3,4,4,23,17,17,8.4,8.4,4.9,11.8,19.4,13.5,4.2,7.5,2.34,13.8,22.5,4.3,10.65,3.32,19.0,3.6666666666666665,8.83,6.1000000000000005,12.611842105263158
19,0,Avery Bradley,0.0,LAL,DAL,1.0,218.0,108.5,18,10.8,19.3,31.5,PG/SG,3500,2,14.0,8.0,101,108,1%,8,8,8,26,25,25,16.3,16.3,10.4,22.1,38.6,24.3,6.9,13.5,3.86,14.2,24.5,4.1,13.85,3.9799999999999995,25.333333333333332,8.0,15.790000000000001,20.533333333333335,13.394407894736844
19,1,Aaron Holiday,0.0,IND,CLE,-7.0,215.0,111.0,12,-0.5,3.6,7.3,PG/SG,3000,1,22.0,12.0,99,115,6%,6,6,6,11,11,11,6.5,6.5,5.4,7.6,6.3,5.5,1.8,14.5,4.83,0.0,0.0,0.0,7.25,2.415,11.0,6.0,6.65,3.466666666666667,0.0
19,2,Christian Wood,0.0,DET,CHI,4.0,214.5,105.3,30,-0.5,21.4,42.0,PF/C,3900,1,0.0,0.0,101,111,1%,7,5,5,19,15,15,16.3,16.3,-0.3,32.8,14.9,20.0,5.1,20.3,5.19,19.7,18.0,5.1,20.0,5.145,16.333333333333332,5.666666666666667,17.020000000000003,20.966666666666665,22.040816326530614
19,3,Kevin Porter Jr.,0.0,CLE,IND,7.0,215.0,104.0,20,6.3,11.9,19.0,SG/SF,3000,1,0.0,0.0,100,104,-8%,6,6,6,18,19,19,11.9,11.9,6.7,17.2,13.9,9.0,3.0,13.5,4.5,14.7,20.5,4.9,14.1,4.7,18.666666666666668,6.0,12.360000000000001,12.4,15.484821428571427
19,4,Ky Bowman,0.0,GS,SA,6.5,222.0,107.8,13,-0.5,6.2,18.8,PG,4400,1,0.0,0.0,100,108,2%,3,4,4,10,9,9,6.2,6.2,-2.5,14.9,15.0,5.8,1.3,12.5,2.84,9.5,11.5,2.2,11.0,2.52,9.333333333333334,3.6666666666666665,7.159999999999999,8.166666666666666,13.553571428571429
19,5,Jeremy Lamb,0.0,IND,CLE,-7.0,215.0,111.0,29,20.5,34.0,43.3,SG/SF,5600,1,22.0,17.0,99,115,5%,15,15,15,30,30,30,28.4,28.4,17.2,39.5,34.9,42.5,7.6,30.8,5.49,31.7,31.0,5.7,31.25,5.595000000000001,30.0,15.0,28.95,32.6,32.29166666666667
19,6,Richaun Holmes,0.0,SAC,UTA,4.5,214.5,105.0,2,8.8,24.9,45.8,PF/C,5500,1,17.0,21.0,103,103,-10%,12,7,7,33,23,23,24.9,24.9,8.0,41.8,20.3,15.5,2.8,28.3,5.14,31.7,31.0,5.8,30.0,5.47,26.333333333333332,8.666666666666666,25.919999999999998,26.5,35.31645569620253
19,7,Ersan Ilyasova,0.0,MIL,ORL,-4.0,215.0,109.5,28,14.5,20.9,29.8,PF/C,3300,1,15.0,12.0,100,106,-6%,5,6,6,17,19,19,20.3,20.3,13.2,27.4,16.9,21.3,6.5,15.8,4.77,14.6,18.0,4.4,15.2,4.585,18.333333333333332,5.666666666666667,19.28,21.733333333333334,14.923636363636364
20,0,Bryn Forbes,0.0,SA,GS,-6.5,222.0,114.3,24,9.5,23.3,29.3,PG/SG,4400,0,17.0,12.0,103,107,-1%,10,11,11,27,30,30,22.1,22.1,13.4,30.8,26.4,21.5,4.9,25.8,5.85,22.8,31.5,5.2,24.3,5.525,29.0,10.666666666666666,22.54,20.7,26.394827586206898
20,1,Austin Rivers,0.0,HOU,BKN,-4.5,243.5,124.0,8,5.3,10.7,18.3,PG/SG,3100,1,14.0,8.0,103,107,-4%,6,5,5,17,16,16,10.1,10.1,4.0,16.3,16.2,11.8,3.8,10.8,3.47,10.6,16.5,3.4,10.7,3.435,16.333333333333332,5.333333333333333,10.24,11.433333333333332,10.809183673469388
20,2,Rodions Kurucs,0.0,BKN,HOU,4.5,243.5,119.5,14,2.0,12.3,27.3,SF/PF,3100,1,18.0,11.0,100,108,-5%,3,3,3,16,13,13,8.6,8.6,2.0,15.2,9.3,0.8,0.3,8.5,2.74,11.7,14.0,3.8,10.1,3.27,14.0,3.0,8.9,13.866666666666667,10.1
20,3,Taurean Prince,0.0,BKN,HOU,4.5,243.5,119.5,14,19.5,27.6,40.3,SF/PF,4900,1,19.0,12.0,100,108,0%,10,11,11,29,33,33,25.4,25.4,15.5,35.3,34.4,51.5,10.5,27.0,5.51,26.2,30.5,5.3,26.6,5.404999999999999,31.666666666666668,10.666666666666666,25.639999999999997,29.133333333333336,25.619999999999997
20,4,Tim Hardaway Jr.,0.0,DAL,LAL,-1.0,218.0,109.5,3,6.8,15.4,24.8,SG/SF,3600,2,23.0,14.0,106,107,3%,8,8,8,23,22,22,14.4,14.4,6.9,21.9,27.0,19.3,5.4,16.8,4.65,16.8,21.0,4.7,16.8,4.675000000000001,22.333333333333332,8.0,14.88,15.666666666666666,15.797014925373137
20,5,Bogdan Bogdanovic,0.0,SAC,UTA,4.5,214.5,105.0,7,7.0,20.0,28.8,SG/SF,4500,1,23.0,14.0,103,103,-13%,13,11,11,22,24,24,20.0,20.0,11.4,28.6,25.0,18.5,4.1,23.0,5.11,21.7,25.0,4.8,22.35,4.955,23.333333333333332,11.666666666666666,20.47,18.599999999999998,23.946428571428573
20,6,Andre Drummond,0.0,DET,CHI,4.0,214.5,105.3,15,34.0,51.9,78.3,C,9500,1,22.0,23.0,101,111,6%,16,14,14,37,35,35,51.9,51.9,35.4,68.3,35.1,67.0,7.1,52.0,5.47,53.1,36.0,5.6,52.55,5.535,35.666666666666664,14.666666666666666,52.010000000000005,54.73333333333333,53.041121495327104
20,7,Marcus Morris,0.0,NY,BOS,10.5,211.5,100.5,17,16.5,24.6,39.5,SF/PF,4800,1,0.0,0.0,102,105,-1%,12,12,12,31,33,33,24.6,24.6,15.7,33.4,39.3,50.8,10.6,23.0,4.79,24.0,31.0,5.0,23.5,4.895,32.333333333333336,12.0,24.36,26.866666666666664,22.530927835051546
21,0,Russell Westbrook,0.0,HOU,BKN,-4.5,243.5,124.0,8,50.5,62.1,79.5,PG,9800,1,33.0,21.0,103,107,-4%,16,17,17,35,34,34,58.5,58.5,52.1,64.9,36.4,57.3,5.8,54.3,5.54,56.0,34.5,5.7,55.15,5.62,34.333333333333336,16.666666666666668,57.83,64.03333333333333,55.41771844660194
21,1,George Hill,0.0,MIL,ORL,-4.0,215.0,109.5,4,17.5,24.4,38.0,PG/SG,3600,1,18.0,12.0,100,106,-2%,10,8,8,20,25,25,25.2,25.2,16.3,34.1,15.3,17.0,4.7,17.8,4.93,18.1,23.0,5.0,17.950000000000003,4.965,23.333333333333332,8.666666666666666,23.75,26.633333333333336,17.69357142857143
21,2,Ed Davis,0.0,UTA,SAC,-4.5,214.5,109.5,4,4.5,10.9,18.3,PF/C,3200,1,13.0,17.0,106,109,2%,2,2,2,13,13,13,10.9,10.9,5.8,16.0,7.8,1.3,0.4,13.5,4.22,13.9,14.0,4.3,13.7,4.26,13.0,2.0,11.459999999999999,11.233333333333334,14.753846153846155
21,3,Bruce Brown Jr.,0.0,DET,CHI,4.0,214.5,105.3,9,4.0,11.1,19.8,SG/SF,3100,1,12.0,7.0,101,111,5%,4,4,4,24,22,22,11.1,11.1,4.1,18.1,21.2,9.3,3.0,13.8,4.44,14.0,21.5,4.5,13.9,4.470000000000001,22.666666666666668,4.0,11.66,11.633333333333333,13.18455882352941
21,4,RJ Barrett,0.0,NY,BOS,10.5,211.5,100.5,9,14.0,33.8,47.8,PG/SG,6600,1,0.0,0.0,102,105,-1%,13,15,15,35,36,36,33.7,33.7,21.3,46.1,39.1,34.8,5.3,32.5,4.92,33.0,36.0,5.0,32.75,4.96,35.666666666666664,14.333333333333334,33.510000000000005,31.866666666666664,33.05607476635514
21,5,Omari Spellman,0.0,GS,SA,6.5,222.0,107.8,24,13.3,19.8,30.8,PF/C,3200,1,15.0,12.0,100,108,1%,6,7,7,20,19,19,20.3,20.3,11.9,28.7,5.0,6.0,1.9,15.8,4.92,15.7,16.5,4.9,15.75,4.91,19.333333333333332,6.666666666666667,19.39,21.3,13.441810344827587
21,6,Dwight Howard,0.0,LAL,DAL,1.0,218.0,108.5,2,4.3,19.0,39.0,C,4700,2,0.0,0.0,101,108,-4%,5,4,4,21,20,20,22.6,22.6,11.4,33.9,26.9,23.5,5.0,20.0,4.26,19.9,20.0,4.2,19.95,4.23,20.333333333333332,4.333333333333333,22.09,20.766666666666666,19.62295081967213
21,7,Tim Frazier,0.0,DET,CHI,4.0,214.5,105.3,5,0.0,12.0,17.3,PG,3500,1,15.0,12.0,101,111,5%,6,5,5,22,15,15,11.9,11.9,4.4,19.5,16.8,12.5,3.6,18.8,5.36,17.7,21.5,5.1,18.25,5.23,17.333333333333332,5.333333333333333,13.189999999999998,9.766666666666667,22.63701923076923
22,0,Collin Sexton,0.0,CLE,IND,7.0,215.0,104.0,6,21.5,26.0,34.3,PG/SG,5400,1,25.0,12.0,100,104,-8%,14,14,14,29,30,30,23.9,23.9,20.5,27.2,37.4,32.8,6.1,22.0,4.07,22.8,30.5,4.2,22.4,4.135,29.666666666666668,14.0,23.580000000000002,27.266666666666666,23.029213483146066
22,1,Kentavious Caldwell-Pope,0.0,LAL,DAL,1.0,218.0,108.5,25,7.8,22.8,53.8,SG/SF,3400,2,18.0,13.0,101,108,1%,10,7,7,24,24,24,15.0,15.0,6.4,23.6,20.7,3.0,0.9,13.0,3.82,13.9,20.0,4.1,13.45,3.96,24.0,8.0,14.690000000000001,28.133333333333336,11.208333333333334
22,2,Giannis Antetokounmpo,0.0,MIL,ORL,-4.0,215.0,109.5,7,41.5,57.5,71.3,SF/PF,10900,1,32.0,31.0,100,106,-6%,14,17,17,32,32,32,59.1,59.1,44.6,73.6,30.3,58.0,5.3,53.8,4.93,56.5,33.0,5.2,55.15,5.0649999999999995,32.0,16.0,58.31,56.76666666666667,56.8734375
22,3,Bogdan Bogdanovic,0.0,SAC,UTA,4.5,214.5,105.0,7,7.0,20.0,28.8,SG/SF,4500,1,23.0,14.0,103,103,-13%,13,11,11,22,24,24,20.0,20.0,11.4,28.6,25.0,18.5,4.1,23.0,5.11,21.7,25.0,4.8,22.35,4.955,23.333333333333332,11.666666666666666,20.47,18.599999999999998,23.946428571428573
22,4,Justin Holiday,0.0,IND,CLE,-7.0,215.0,111.0,29,5.0,19.7,30.0,SG/SF,3300,1,15.0,10.0,99,115,5%,5,5,5,24,22,22,17.1,17.1,8.6,25.6,22.9,19.0,5.8,15.5,4.7,16.4,24.0,5.0,15.95,4.85,22.666666666666668,5.0,16.87,18.233333333333334,16.888235294117646
22,5,Evan Fournier,0.0,ORL,MIL,4.0,215.0,105.5,1,20.3,26.2,31.3,SG/SF,5100,1,22.0,12.0,105,103,1%,14,15,15,29,29,29,27.7,27.7,24.6,30.8,21.5,27.5,5.4,26.8,5.25,25.1,29.5,4.9,25.950000000000003,5.075,29.0,14.666666666666666,27.35,25.933333333333334,26.39741379310345
22,6,Mitchell Robinson,0.0,NY,BOS,10.5,211.5,100.5,4,15.5,24.6,30.0,C,5200,1,12.0,22.0,102,105,-3%,8,7,7,19,19,19,26.8,26.8,24.4,29.2,16.3,17.0,3.3,25.0,4.81,22.4,21.5,4.3,23.7,4.555,19.0,7.333333333333333,26.179999999999996,23.366666666666664,26.818421052631578
22,7,D.J. Augustin,0.0,ORL,MIL,4.0,215.0,105.5,26,17.3,20.2,23.8,PG,4300,1,19.0,16.0,105,103,-4%,8,9,9,27,25,25,19.3,19.3,16.9,21.7,23.1,12.5,2.9,23.5,5.47,21.2,25.5,4.9,22.35,5.1850000000000005,25.666666666666668,8.666666666666666,19.909999999999997,20.433333333333334,22.20487012987013
23,0,George Hill,0.0,MIL,ORL,-4.0,215.0,109.5,4,17.5,24.4,38.0,PG/SG,3600,1,18.0,12.0,100,106,-2%,10,8,8,20,25,25,25.2,25.2,16.3,34.1,15.3,17.0,4.7,17.8,4.93,18.1,23.0,5.0,17.950000000000003,4.965,23.333333333333332,8.666666666666666,23.75,26.633333333333336,17.69357142857143
23,1,Buddy Hield,0.0,SAC,UTA,4.5,214.5,105.0,7,5.5,25.9,37.8,SG/SF,6500,1,25.0,18.0,103,103,-13%,18,16,16,36,31,31,25.9,25.9,12.4,39.3,29.8,25.8,4.0,31.0,4.77,32.4,33.5,5.0,31.7,4.885,32.666666666666664,16.666666666666668,27.04,23.066666666666663,32.50867346938776
23,2,P.J. Tucker,0.0,HOU,BKN,-4.5,243.5,124.0,27,27.8,30.9,36.3,SF/PF,4700,1,9.0,9.0,103,107,-2%,8,9,9,33,36,36,31.0,31.0,27.3,34.7,34.9,29.0,6.2,22.3,4.73,23.4,33.5,5.0,22.85,4.865,35.0,8.666666666666666,29.369999999999997,31.666666666666668,21.87071428571429
23,3,Gordon Hayward,0.0,BOS,NY,-10.5,211.5,111.0,21,14.0,29.5,50.0,SF/PF,6100,1,20.0,16.0,102,111,2%,14,14,14,32,34,34,33.3,33.3,21.1,45.5,35.1,34.8,5.7,36.5,5.98,34.3,34.0,5.6,35.4,5.79,33.333333333333336,14.0,33.72,31.166666666666668,36.108
23,4,Ky Bowman,0.0,GS,SA,6.5,222.0,107.8,13,-0.5,6.2,18.8,PG,4400,1,0.0,0.0,100,108,2%,3,4,4,10,9,9,6.2,6.2,-2.5,14.9,15.0,5.8,1.3,12.5,2.84,9.5,11.5,2.2,11.0,2.52,9.333333333333334,3.6666666666666665,7.159999999999999,8.166666666666666,13.553571428571429
23,5,Joe Ingles,0.0,UTA,SAC,-4.5,214.5,109.5,24,10.8,19.7,27.5,SF/PF,4600,1,19.0,13.0,106,109,1%,7,6,6,28,29,29,19.7,19.7,12.5,26.9,29.8,13.5,2.9,24.8,5.38,23.7,28.5,5.2,24.25,5.29,28.666666666666668,6.333333333333333,20.61,19.333333333333332,24.109011627906977
23,6,Brook Lopez,0.0,MIL,ORL,-4.0,215.0,109.5,7,19.3,28.6,36.3,C,5300,1,16.0,15.0,100,106,-6%,9,9,9,27,29,29,26.7,26.7,20.1,33.3,25.3,5.0,0.9,24.8,4.67,24.6,28.0,4.6,24.700000000000003,4.635,28.333333333333332,9.0,26.3,28.066666666666666,24.409411764705887
23,7,T.J. McConnell,0.0,IND,CLE,-7.0,215.0,111.0,12,4.8,11.6,17.0,PG,3100,1,16.0,13.0,99,115,6%,6,5,5,13,15,15,13.8,13.8,10.0,17.5,15.0,14.0,4.5,13.0,4.19,12.3,14.0,4.0,12.65,4.095000000000001,14.333333333333334,5.333333333333333,13.55,11.133333333333333,12.355813953488372
24,0,Mike Conley,0.0,UTA,SAC,-4.5,214.5,109.5,27,5.5,22.2,43.3,PG,6700,1,28.0,21.0,106,109,5%,12,12,12,26,27,27,22.6,22.6,8.8,36.4,33.1,37.5,5.6,34.0,5.07,33.5,31.5,5.0,33.75,5.035,26.666666666666668,12.0,24.83,23.666666666666668,39.8671875
24,1,Cory Joseph,0.0,SAC,UTA,4.5,214.5,105.0,14,4.3,12.0,19.8,PG/SG,3100,1,15.0,11.0,103,103,-1%,3,5,5,13,17,17,12.0,12.0,6.3,17.7,11.3,2.0,0.6,14.3,4.6,10.7,14.5,3.5,12.5,4.05,15.666666666666666,4.333333333333333,12.1,12.033333333333333,11.569148936170212
24,2,Christian Wood,0.0,DET,CHI,4.0,214.5,105.3,30,-0.5,21.4,42.0,PF/C,3900,1,0.0,0.0,101,111,1%,7,5,5,19,15,15,16.3,16.3,-0.3,32.8,14.9,20.0,5.1,20.3,5.19,19.7,18.0,5.1,20.0,5.145,16.333333333333332,5.666666666666667,17.020000000000003,20.966666666666665,22.040816326530614
24,3,Rodions Kurucs,0.0,BKN,HOU,4.5,243.5,119.5,14,2.0,12.3,27.3,SF/PF,3100,1,18.0,11.0,100,108,-5%,3,3,3,16,13,13,8.6,8.6,2.0,15.2,9.3,0.8,0.3,8.5,2.74,11.7,14.0,3.8,10.1,3.27,14.0,3.0,8.9,13.866666666666667,10.1
24,4,D.J. Augustin,0.0,ORL,MIL,4.0,215.0,105.5,26,17.3,20.2,23.8,PG,4300,1,19.0,16.0,105,103,-4%,8,9,9,27,25,25,19.3,19.3,16.9,21.7,23.1,12.5,2.9,23.5,5.47,21.2,25.5,4.9,22.35,5.1850000000000005,25.666666666666668,8.666666666666666,19.909999999999997,20.433333333333334,22.20487012987013
24,5,Julius Randle,0.0,NY,BOS,10.5,211.5,100.5,18,28.5,38.5,55.3,PF/C,7600,1,28.0,21.0,102,105,-1%,13,14,14,35,35,35,38.4,38.4,27.9,48.9,33.6,27.0,3.6,40.8,5.36,38.1,34.0,5.0,39.45,5.18,35.0,13.666666666666666,38.61,40.766666666666666,38.322857142857146
24,6,Omari Spellman,0.0,GS,SA,6.5,222.0,107.8,24,13.3,19.8,30.8,PF/C,3200,1,15.0,12.0,100,108,1%,6,7,7,20,19,19,20.3,20.3,11.9,28.7,5.0,6.0,1.9,15.8,4.92,15.7,16.5,4.9,15.75,4.91,19.333333333333332,6.666666666666667,19.39,21.3,13.441810344827587
24,7,Kemba Walker,0.0,BOS,NY,-10.5,211.5,111.0,21,16.5,43.4,58.0,PG,8400,1,32.0,22.0,102,111,0%,18,19,19,34,35,35,39.4,39.4,23.4,55.5,35.6,50.0,6.0,41.3,4.91,40.3,33.5,4.8,40.8,4.855,34.666666666666664,18.666666666666668,39.7,39.300000000000004,39.42692307692308
25,0,George Hill,0.0,MIL,ORL,-4.0,215.0,109.5,4,17.5,24.4,38.0,PG/SG,3600,1,18.0,12.0,100,106,-2%,10,8,8,20,25,25,25.2,25.2,16.3,34.1,15.3,17.0,4.7,17.8,4.93,18.1,23.0,5.0,17.950000000000003,4.965,23.333333333333332,8.666666666666666,23.75,26.633333333333336,17.69357142857143
25,1,Jeremy Lamb,0.0,IND,CLE,-7.0,215.0,111.0,29,20.5,34.0,43.3,SG/SF,5600,1,22.0,17.0,99,115,5%,15,15,15,30,30,30,28.4,28.4,17.2,39.5,34.9,42.5,7.6,30.8,5.49,31.7,31.0,5.7,31.25,5.595000000000001,30.0,15.0,28.95,32.6,32.29166666666667
25,2,Christian Wood,0.0,DET,CHI,4.0,214.5,105.3,30,-0.5,21.4,42.0,PF/C,3900,1,0.0,0.0,101,111,1%,7,5,5,19,15,15,16.3,16.3,-0.3,32.8,14.9,20.0,5.1,20.3,5.19,19.7,18.0,5.1,20.0,5.145,16.333333333333332,5.666666666666667,17.020000000000003,20.966666666666665,22.040816326530614
25,3,Harrison Barnes,0.0,SAC,UTA,4.5,214.5,105.0,6,14.3,24.0,38.3,SF/PF,4800,1,23.0,13.0,103,103,-3%,15,11,11,36,32,32,23.9,23.9,15.2,32.7,31.5,30.5,6.4,23.0,4.79,24.2,33.5,5.0,23.6,4.895,33.333333333333336,12.333333333333334,23.860000000000003,25.53333333333333,23.718
25,4,Frank Ntilikina,0.0,NY,BOS,10.5,211.5,100.5,9,0.3,8.4,18.5,PG/SG,3200,1,17.0,6.0,102,105,-5%,7,4,4,26,14,14,5.9,5.9,-2.7,14.5,37.8,25.3,7.9,10.3,3.2,18.4,28.5,5.8,14.35,4.5,18.0,5.0,7.590000000000001,9.066666666666668,22.72083333333333
25,5,Bobby Portis,0.0,NY,BOS,10.5,211.5,100.5,18,5.5,27.4,52.3,PF/C,5400,1,25.0,16.0,102,105,-1%,13,9,9,29,26,26,27.4,27.4,10.7,44.0,20.8,23.3,4.3,26.3,4.86,26.5,27.0,4.9,26.4,4.880000000000001,27.0,10.333333333333334,27.18,28.399999999999995,26.4
25,6,Daniel Theis,0.0,BOS,NY,-10.5,211.5,111.0,17,0.0,10.8,25.8,PF/C,4000,1,16.0,17.0,102,111,5%,8,5,5,22,18,18,15.3,15.3,5.5,25.2,26.9,22.5,5.6,26.8,6.69,26.3,26.5,6.6,26.55,6.645,19.333333333333332,6.0,17.57,12.200000000000001,36.39181034482759
25,7,Luka Doncic,0.0,DAL,LAL,-1.0,218.0,109.5,11,27.0,53.8,65.5,PG/SG,9700,2,31.0,20.0,106,107,1%,17,18,18,35,35,35,51.2,51.2,34.4,68.0,38.1,75.3,7.8,48.5,5.0,50.7,34.5,5.2,49.6,5.1,35.0,17.666666666666668,50.88,48.76666666666667,48.89142857142858
26,0,Delon Wright,0.0,DAL,LAL,-1.0,218.0,109.5,11,17.0,31.5,52.3,PG/SG,5200,2,18.0,16.0,106,107,1%,6,7,7,24,25,25,26.3,26.3,14.1,38.4,24.6,18.8,3.6,22.3,4.28,23.8,24.5,4.6,23.05,4.4399999999999995,24.666666666666668,6.666666666666667,25.630000000000003,33.6,22.894256756756757
26,1,Bogdan Bogdanovic,0.0,SAC,UTA,4.5,214.5,105.0,7,7.0,20.0,28.8,SG/SF,4500,1,23.0,14.0,103,103,-13%,13,11,11,22,24,24,20.0,20.0,11.4,28.6,25.0,18.5,4.1,23.0,5.11,21.7,25.0,4.8,22.35,4.955,23.333333333333332,11.666666666666666,20.47,18.599999999999998,23.946428571428573
26,2,Cedi Osman,0.0,CLE,IND,7.0,215.0,104.0,20,1.8,18.8,26.5,SF/PF,4400,1,19.0,12.0,100,104,-1%,7,7,7,29,29,29,16.9,16.9,5.7,28.2,37.6,23.0,5.2,21.0,4.77,20.2,29.5,4.6,20.6,4.685,29.0,7.0,17.660000000000004,15.700000000000001,20.955172413793107
26,3,Caris LeVert,0.0,BKN,HOU,4.5,243.5,119.5,30,22.0,30.5,40.0,SG/SF,6000,1,25.0,15.0,100,108,-1%,20,17,17,36,33,33,31.1,31.1,22.6,39.5,32.2,36.0,6.0,38.0,6.33,34.9,32.5,5.8,36.45,6.0649999999999995,34.0,18.0,32.15,30.833333333333332,34.84191176470589
26,4,George Hill,0.0,MIL,ORL,-4.0,215.0,109.5,4,17.5,24.4,38.0,PG/SG,3600,1,18.0,12.0,100,106,-2%,10,8,8,20,25,25,25.2,25.2,16.3,34.1,15.3,17.0,4.7,17.8,4.93,18.1,23.0,5.0,17.950000000000003,4.965,23.333333333333332,8.666666666666666,23.75,26.633333333333336,17.69357142857143
26,5,Evan Fournier,0.0,ORL,MIL,4.0,215.0,105.5,1,20.3,26.2,31.3,SG/SF,5100,1,22.0,12.0,105,103,1%,14,15,15,29,29,29,27.7,27.7,24.6,30.8,21.5,27.5,5.4,26.8,5.25,25.1,29.5,4.9,25.950000000000003,5.075,29.0,14.666666666666666,27.35,25.933333333333334,26.39741379310345
26,6,Luke Kornet,0.0,CHI,DET,-4.0,214.5,109.3,25,4.5,10.0,18.5,PF/C,3100,1,18.0,15.0,100,107,-8%,5,5,5,18,13,13,9.9,9.9,4.4,15.5,10.0,6.3,2.0,9.8,3.15,13.2,15.0,4.3,11.5,3.7249999999999996,14.666666666666666,5.0,10.239999999999998,11.0,11.761363636363637
26,7,Omari Spellman,0.0,GS,SA,6.5,222.0,107.8,24,13.3,19.8,30.8,PF/C,3200,1,15.0,12.0,100,108,1%,6,7,7,20,19,19,20.3,20.3,11.9,28.7,5.0,6.0,1.9,15.8,4.92,15.7,16.5,4.9,15.75,4.91,19.333333333333332,6.666666666666667,19.39,21.3,13.441810344827587
27,0,Jordan Clarkson,0.0,CLE,IND,7.0,215.0,104.0,6,13.0,21.2,23.5,PG/SF,3800,1,27.0,17.0,100,104,-8%,10,10,10,26,22,22,20.8,20.8,15.6,25.9,27.1,33.5,8.8,23.0,6.05,21.6,25.0,5.7,22.3,5.875,23.333333333333332,10.0,21.08,19.233333333333334,23.892857142857142
27,1,DeMar DeRozan,0.0,SA,GS,-6.5,222.0,114.3,2,24.0,36.5,41.0,SG/SF,7200,0,28.0,20.0,103,107,-1%,19,18,18,34,34,34,35.4,35.4,27.6,43.1,29.3,30.8,4.3,42.8,5.94,39.3,34.0,5.5,41.05,5.720000000000001,34.0,18.333333333333332,36.510000000000005,33.833333333333336,41.05
27,2,Maxi Kleber,0.0,DAL,LAL,-1.0,218.0,109.5,1,16.0,24.1,32.3,PF/C,4000,2,13.0,13.0,106,107,-3%,11,7,7,27,28,28,25.2,25.2,18.2,32.2,31.0,18.5,4.6,19.8,4.94,19.5,24.0,4.9,19.65,4.92,27.666666666666668,8.333333333333334,24.089999999999996,24.133333333333336,17.04578313253012
27,3,Rodions Kurucs,0.0,BKN,HOU,4.5,243.5,119.5,14,2.0,12.3,27.3,SF/PF,3100,1,18.0,11.0,100,108,-5%,3,3,3,16,13,13,8.6,8.6,2.0,15.2,9.3,0.8,0.3,8.5,2.74,11.7,14.0,3.8,10.1,3.27,14.0,3.0,8.9,13.866666666666667,10.1
27,4,Wayne Ellington,0.0,NY,BOS,10.5,211.5,100.5,12,4.5,9.9,14.5,SG/SF,3100,1,18.0,12.0,102,105,-5%,8,6,6,21,16,16,9.6,9.6,5.0,14.1,24.4,22.8,7.4,13.8,4.44,12.4,18.0,4.0,13.100000000000001,4.220000000000001,17.666666666666668,6.666666666666667,10.28,9.633333333333333,13.347169811320756
27,5,Daniel Theis,0.0,BOS,NY,-10.5,211.5,111.0,17,0.0,10.8,25.8,PF/C,4000,1,16.0,17.0,102,111,5%,8,5,5,22,18,18,15.3,15.3,5.5,25.2,26.9,22.5,5.6,26.8,6.69,26.3,26.5,6.6,26.55,6.645,19.333333333333332,6.0,17.57,12.200000000000001,36.39181034482759
27,6,Dwight Powell,0.0,DAL,LAL,-1.0,218.0,109.5,20,8.5,27.0,44.0,C,3800,2,17.0,20.0,106,107,-3%,2,2,2,14,14,14,8.5,8.5,8.5,8.5,25.1,19.3,5.1,19.0,5.0,18.1,19.0,4.8,18.55,4.9,14.0,2.0,10.51,26.5,25.175
27,7,Jakob Poeltl,0.0,SA,GS,-6.5,222.0,114.3,28,8.8,14.3,25.0,C,3300,0,13.0,19.0,103,107,-2%,3,4,4,12,14,14,14.6,14.6,7.3,22.0,18.1,22.5,6.8,15.0,4.55,15.6,15.5,4.7,15.3,4.625,13.333333333333334,3.6666666666666665,14.76,16.033333333333335,17.78625
28,0,Alec Burks,0.0,GS,SA,6.5,222.0,107.8,13,4.0,6.9,11.3,PG/SG,4000,1,20.0,13.0,100,108,1%,6,6,6,18,18,18,11.3,11.3,11.3,11.3,15.6,16.3,4.1,20.5,5.13,17.2,19.5,4.3,18.85,4.715,18.0,6.0,12.810000000000002,7.400000000000001,20.420833333333334
28,1,Kentavious Caldwell-Pope,0.0,LAL,DAL,1.0,218.0,108.5,25,7.8,22.8,53.8,SG/SF,3400,2,18.0,13.0,101,108,1%,10,7,7,24,24,24,15.0,15.0,6.4,23.6,20.7,3.0,0.9,13.0,3.82,13.9,20.0,4.1,13.45,3.96,24.0,8.0,14.690000000000001,28.133333333333336,11.208333333333334
28,2,Al-Farouq Aminu,0.0,ORL,MIL,4.0,215.0,105.5,22,3.3,15.6,29.8,SF/PF,3800,1,14.0,13.0,105,103,-2%,7,5,5,23,24,24,18.6,18.6,8.5,28.8,20.9,12.3,3.2,19.5,5.13,18.3,22.5,4.8,18.9,4.965,23.666666666666668,5.666666666666667,18.68,16.233333333333334,17.968309859154928
28,3,Semi Ojeleye,0.0,BOS,NY,-10.5,211.5,111.0,21,1.3,4.6,11.3,SF/PF,3100,1,14.0,9.0,102,111,5%,2,1,1,17,12,12,5.0,5.0,0.2,9.8,15.9,2.0,0.6,12.8,4.11,12.3,20.5,4.0,12.55,4.055,13.666666666666666,1.3333333333333333,6.51,5.733333333333333,18.825
28,4,Luke Kennard,0.0,DET,CHI,4.0,214.5,105.3,9,14.8,25.0,39.3,SG/SF,4800,1,18.0,12.0,101,111,5%,9,11,11,29,30,30,25.0,25.0,16.0,34.0,32.8,27.3,5.7,27.3,5.68,26.2,30.5,5.5,26.75,5.59,29.666666666666668,10.333333333333334,25.35,26.366666666666664,27.50140449438202
28,5,Cedi Osman,0.0,CLE,IND,7.0,215.0,104.0,20,1.8,18.8,26.5,SF/PF,4400,1,19.0,12.0,100,104,-1%,7,7,7,29,29,29,16.9,16.9,5.7,28.2,37.6,23.0,5.2,21.0,4.77,20.2,29.5,4.6,20.6,4.685,29.0,7.0,17.660000000000004,15.700000000000001,20.955172413793107
28,6,Jarrett Allen,0.0,BKN,HOU,4.5,243.5,119.5,16,20.8,25.6,32.3,PF/C,5000,1,16.0,19.0,100,108,-3%,6,6,6,25,28,28,26.8,26.8,21.4,32.3,31.0,24.0,4.8,26.3,5.25,25.9,25.0,5.2,26.1,5.225,27.0,6.0,26.68,26.233333333333334,24.166666666666668
28,7,Andre Drummond,0.0,DET,CHI,4.0,214.5,105.3,15,34.0,51.9,78.3,C,9500,1,22.0,23.0,101,111,6%,16,14,14,37,35,35,51.9,51.9,35.4,68.3,35.1,67.0,7.1,52.0,5.47,53.1,36.0,5.6,52.55,5.535,35.666666666666664,14.666666666666666,52.010000000000005,54.73333333333333,53.041121495327104
29,0,Darius Garland,0.0,CLE,IND,7.0,215.0,104.0,6,12.8,16.4,20.3,PG,4200,1,0.0,0.0,100,104,-8%,11,11,11,24,27,27,16.4,16.4,12.5,20.4,25.5,7.8,1.9,23.3,5.54,20.7,28.5,4.9,22.0,5.220000000000001,26.0,11.0,17.54,16.5,24.115384615384617
29,1,Wayne Ellington,0.0,NY,BOS,10.5,211.5,100.5,12,4.5,9.9,14.5,SG/SF,3100,1,18.0,12.0,102,105,-5%,8,6,6,21,16,16,9.6,9.6,5.0,14.1,24.4,22.8,7.4,13.8,4.44,12.4,18.0,4.0,13.100000000000001,4.220000000000001,17.666666666666668,6.666666666666667,10.28,9.633333333333333,13.347169811320756
29,2,Christian Wood,0.0,DET,CHI,4.0,214.5,105.3,30,-0.5,21.4,42.0,PF/C,3900,1,0.0,0.0,101,111,1%,7,5,5,19,15,15,16.3,16.3,-0.3,32.8,14.9,20.0,5.1,20.3,5.19,19.7,18.0,5.1,20.0,5.145,16.333333333333332,5.666666666666667,17.020000000000003,20.966666666666665,22.040816326530614
29,3,Luke Kennard,0.0,DET,CHI,4.0,214.5,105.3,9,14.8,25.0,39.3,SG/SF,4800,1,18.0,12.0,101,111,5%,9,11,11,29,30,30,25.0,25.0,16.0,34.0,32.8,27.3,5.7,27.3,5.68,26.2,30.5,5.5,26.75,5.59,29.666666666666668,10.333333333333334,25.35,26.366666666666664,27.50140449438202
29,4,Avery Bradley,0.0,LAL,DAL,1.0,218.0,108.5,18,10.8,19.3,31.5,PG/SG,3500,2,14.0,8.0,101,108,1%,8,8,8,26,25,25,16.3,16.3,10.4,22.1,38.6,24.3,6.9,13.5,3.86,14.2,24.5,4.1,13.85,3.9799999999999995,25.333333333333332,8.0,15.790000000000001,20.533333333333335,13.394407894736844
29,5,Gordon Hayward,0.0,BOS,NY,-10.5,211.5,111.0,21,14.0,29.5,50.0,SF/PF,6100,1,20.0,16.0,102,111,2%,14,14,14,32,34,34,33.3,33.3,21.1,45.5,35.1,34.8,5.7,36.5,5.98,34.3,34.0,5.6,35.4,5.79,33.333333333333336,14.0,33.72,31.166666666666668,36.108
29,6,Dewayne Dedmon,0.0,SAC,UTA,4.5,214.5,105.0,1,1.3,11.9,18.0,C,3800,1,17.0,16.0,103,103,1%,3,5,5,11,17,17,11.9,11.9,5.4,18.4,27.3,24.3,6.4,13.0,3.42,13.9,15.5,3.7,13.45,3.56,15.0,4.333333333333333,12.209999999999999,10.4,13.898333333333332
29,7,Eric Gordon,0.0,HOU,BKN,-4.5,243.5,124.0,21,13.3,17.1,20.0,SG/SF,4000,1,22.0,12.0,103,107,-6%,12,14,14,34,33,33,17.4,17.4,14.3,20.6,28.5,7.8,1.9,25.8,6.44,24.8,33.0,6.2,25.3,6.32,33.333333333333336,13.333333333333334,19.0,16.8,25.047
30,0,Delon Wright,0.0,DAL,LAL,-1.0,218.0,109.5,11,17.0,31.5,52.3,PG/SG,5200,2,18.0,16.0,106,107,1%,6,7,7,24,25,25,26.3,26.3,14.1,38.4,24.6,18.8,3.6,22.3,4.28,23.8,24.5,4.6,23.05,4.4399999999999995,24.666666666666668,6.666666666666667,25.630000000000003,33.6,22.894256756756757
30,1,Bogdan Bogdanovic,0.0,SAC,UTA,4.5,214.5,105.0,7,7.0,20.0,28.8,SG/SF,4500,1,23.0,14.0,103,103,-13%,13,11,11,22,24,24,20.0,20.0,11.4,28.6,25.0,18.5,4.1,23.0,5.11,21.7,25.0,4.8,22.35,4.955,23.333333333333332,11.666666666666666,20.47,18.599999999999998,23.946428571428573
30,2,Kristaps Porzingis,0.0,DAL,LAL,-1.0,218.0,109.5,1,19.0,38.1,56.3,PF/C,8000,2,0.0,0.0,106,107,-3%,19,18,18,34,31,31,42.8,42.8,33.1,52.5,37.4,26.8,3.4,35.0,4.38,38.9,32.0,4.9,36.95,4.640000000000001,32.0,18.333333333333332,41.629999999999995,37.800000000000004,36.95
30,3,Eric Paschall,0.0,GS,SA,6.5,222.0,107.8,16,13.5,21.4,29.8,SF/PF,4700,1,0.0,0.0,100,108,1%,7,8,8,28,28,28,21.4,21.4,13.2,29.6,20.1,11.0,2.3,25.8,5.48,22.3,28.0,4.7,24.05,5.09,28.0,7.666666666666667,21.93,21.566666666666666,24.05
30,4,De'Aaron Fox,0.0,SAC,UTA,4.5,214.5,105.0,14,14.3,32.1,45.3,PG,7500,1,26.0,18.0,103,103,-1%,17,13,13,36,31,31,32.1,32.1,17.6,46.6,36.8,37.8,5.0,36.5,4.87,40.2,35.0,5.4,38.35,5.135,32.666666666666664,14.333333333333334,33.35,30.566666666666666,41.08928571428572
30,5,Eric Gordon,0.0,HOU,BKN,-4.5,243.5,124.0,21,13.3,17.1,20.0,SG/SF,4000,1,22.0,12.0,103,107,-6%,12,14,14,34,33,33,17.4,17.4,14.3,20.6,28.5,7.8,1.9,25.8,6.44,24.8,33.0,6.2,25.3,6.32,33.333333333333336,13.333333333333334,19.0,16.8,25.047
30,6,Dwight Howard,0.0,LAL,DAL,1.0,218.0,108.5,2,4.3,19.0,39.0,C,4700,2,0.0,0.0,101,108,-4%,5,4,4,21,20,20,22.6,22.6,11.4,33.9,26.9,23.5,5.0,20.0,4.26,19.9,20.0,4.2,19.95,4.23,20.333333333333332,4.333333333333333,22.09,20.766666666666666,19.62295081967213
30,7,Glenn Robinson III,0.0,GS,SA,6.5,222.0,107.8,16,0.0,18.2,30.3,SF/PF,4000,1,15.0,9.0,100,108,1%,12,10,10,31,28,28,22.8,22.8,15.8,29.7,26.7,10.5,2.6,19.3,4.81,22.0,30.5,5.5,20.65,5.154999999999999,29.0,10.666666666666666,22.35,16.166666666666668,21.71810344827586
31,0,Jalen Brunson,0.0,DAL,LAL,-1.0,218.0,109.5,11,10.0,23.4,29.8,PG/SG,4400,2,20.0,13.0,106,107,1%,7,9,9,21,24,24,21.8,21.8,13.3,30.3,14.8,6.8,1.5,18.8,4.26,18.5,21.0,4.2,18.65,4.23,23.0,8.333333333333334,21.169999999999998,21.066666666666666,17.028260869565216
31,1,Caris LeVert,0.0,BKN,HOU,4.5,243.5,119.5,30,22.0,30.5,40.0,SG/SF,6000,1,25.0,15.0,100,108,-1%,20,17,17,36,33,33,31.1,31.1,22.6,39.5,32.2,36.0,6.0,38.0,6.33,34.9,32.5,5.8,36.45,6.0649999999999995,34.0,18.0,32.15,30.833333333333332,34.84191176470589
31,2,Jayson Tatum,0.0,BOS,NY,-10.5,211.5,111.0,21,25.5,38.1,50.3,SF/PF,7000,1,22.0,15.0,102,111,2%,20,21,21,36,36,36,41.3,41.3,34.7,47.8,33.8,37.0,5.3,39.3,5.61,38.3,34.5,5.5,38.8,5.555,36.0,20.666666666666668,40.779999999999994,37.96666666666667,37.18333333333333
31,3,Giannis Antetokounmpo,0.0,MIL,ORL,-4.0,215.0,109.5,7,41.5,57.5,71.3,SF/PF,10900,1,32.0,31.0,100,106,-6%,14,17,17,32,32,32,59.1,59.1,44.6,73.6,30.3,58.0,5.3,53.8,4.93,56.5,33.0,5.2,55.15,5.0649999999999995,32.0,16.0,58.31,56.76666666666667,56.8734375
31,4,Jeremy Lamb,0.0,IND,CLE,-7.0,215.0,111.0,29,20.5,34.0,43.3,SG/SF,5600,1,22.0,17.0,99,115,5%,15,15,15,30,30,30,28.4,28.4,17.2,39.5,34.9,42.5,7.6,30.8,5.49,31.7,31.0,5.7,31.25,5.595000000000001,30.0,15.0,28.95,32.6,32.29166666666667
31,5,Terrence Ross,0.0,ORL,MIL,4.0,215.0,105.5,1,6.3,16.2,22.0,SG/SF,3800,1,23.0,15.0,105,103,1%,11,11,11,23,22,22,14.7,14.7,8.7,20.7,20.9,17.0,4.5,22.8,5.99,20.2,23.0,5.3,21.5,5.645,22.333333333333332,11.0,16.06,14.833333333333334,22.14179104477612
31,6,Ed Davis,0.0,UTA,SAC,-4.5,214.5,109.5,4,4.5,10.9,18.3,PF/C,3200,1,13.0,17.0,106,109,2%,2,2,2,13,13,13,10.9,10.9,5.8,16.0,7.8,1.3,0.4,13.5,4.22,13.9,14.0,4.3,13.7,4.26,13.0,2.0,11.459999999999999,11.233333333333334,14.753846153846155
31,7,Joe Ingles,0.0,UTA,SAC,-4.5,214.5,109.5,24,10.8,19.7,27.5,SF/PF,4600,1,19.0,13.0,106,109,1%,7,6,6,28,29,29,19.7,19.7,12.5,26.9,29.8,13.5,2.9,24.8,5.38,23.7,28.5,5.2,24.25,5.29,28.666666666666668,6.333333333333333,20.61,19.333333333333332,24.109011627906977
32,0,Seth Curry,0.0,DAL,LAL,-1.0,218.0,109.5,11,6.0,15.0,22.0,PG/SG,3300,2,16.0,11.0,106,107,5%,9,7,7,25,22,22,17.2,17.2,12.7,21.7,22.8,9.5,2.9,15.5,4.7,16.6,23.5,5.0,16.05,4.85,23.0,7.666666666666667,16.97,14.333333333333334,16.398913043478263
32,1,Zach LaVine,0.0,CHI,DET,-4.0,214.5,109.3,15,17.8,34.5,59.5,PG/SG,7300,1,30.0,19.0,100,107,-3%,16,17,17,34,32,32,34.5,34.5,18.2,50.8,32.2,35.3,4.8,35.5,4.86,35.1,32.5,4.8,35.3,4.83,32.666666666666664,16.666666666666668,34.660000000000004,37.266666666666666,35.119897959183675
32,2,Taurean Prince,0.0,BKN,HOU,4.5,243.5,119.5,14,19.5,27.6,40.3,SF/PF,4900,1,19.0,12.0,100,108,0%,10,11,11,29,33,33,25.4,25.4,15.5,35.3,34.4,51.5,10.5,27.0,5.51,26.2,30.5,5.3,26.6,5.404999999999999,31.666666666666668,10.666666666666666,25.639999999999997,29.133333333333336,25.619999999999997
32,3,Semi Ojeleye,0.0,BOS,NY,-10.5,211.5,111.0,21,1.3,4.6,11.3,SF/PF,3100,1,14.0,9.0,102,111,5%,2,1,1,17,12,12,5.0,5.0,0.2,9.8,15.9,2.0,0.6,12.8,4.11,12.3,20.5,4.0,12.55,4.055,13.666666666666666,1.3333333333333333,6.51,5.733333333333333,18.825
32,4,Jordan Poole,0.0,GS,SA,6.5,222.0,107.8,8,11.5,15.2,19.3,SG/SF,3200,1,0.0,0.0,100,108,2%,9,10,10,24,23,23,15.0,15.0,11.4,18.6,28.6,23.0,7.2,24.0,7.5,20.2,27.5,6.3,22.1,6.9,23.333333333333332,9.666666666666666,16.419999999999998,15.333333333333334,26.046428571428574
32,5,Eric Gordon,0.0,HOU,BKN,-4.5,243.5,124.0,21,13.3,17.1,20.0,SG/SF,4000,1,22.0,12.0,103,107,-6%,12,14,14,34,33,33,17.4,17.4,14.3,20.6,28.5,7.8,1.9,25.8,6.44,24.8,33.0,6.2,25.3,6.32,33.333333333333336,13.333333333333334,19.0,16.8,25.047
32,6,Rudy Gobert,0.0,UTA,SAC,-4.5,214.5,109.5,23,16.5,28.1,46.0,C,7800,1,17.0,25.0,106,109,5%,6,6,6,34,33,33,27.7,27.7,17.7,37.7,38.0,41.0,5.3,41.8,5.35,39.6,33.0,5.1,40.7,5.225,33.333333333333336,6.0,30.3,30.2,40.293000000000006
32,7,Troy Daniels,0.0,LAL,DAL,1.0,218.0,108.5,25,2.0,9.9,22.3,SG,3000,2,17.0,10.0,101,108,1%,7,7,7,16,18,18,11.9,11.9,4.8,18.9,8.8,1.5,0.5,8.8,2.92,8.6,13.5,2.9,8.7,2.91,17.333333333333332,7.0,11.24,11.4,6.775961538461538
33,0,Kemba Walker,0.0,BOS,NY,-10.5,211.5,111.0,21,16.5,43.4,58.0,PG,8400,1,32.0,22.0,102,111,0%,18,19,19,34,35,35,39.4,39.4,23.4,55.5,35.6,50.0,6.0,41.3,4.91,40.3,33.5,4.8,40.8,4.855,34.666666666666664,18.666666666666668,39.7,39.300000000000004,39.42692307692308
33,1,Jordan Poole,0.0,GS,SA,6.5,222.0,107.8,8,11.5,15.2,19.3,SG/SF,3200,1,0.0,0.0,100,108,2%,9,10,10,24,23,23,15.0,15.0,11.4,18.6,28.6,23.0,7.2,24.0,7.5,20.2,27.5,6.3,22.1,6.9,23.333333333333332,9.666666666666666,16.419999999999998,15.333333333333334,26.046428571428574
33,2,Maxi Kleber,0.0,DAL,LAL,-1.0,218.0,109.5,1,16.0,24.1,32.3,PF/C,4000,2,13.0,13.0,106,107,-3%,11,7,7,27,28,28,25.2,25.2,18.2,32.2,31.0,18.5,4.6,19.8,4.94,19.5,24.0,4.9,19.65,4.92,27.666666666666668,8.333333333333334,24.089999999999996,24.133333333333336,17.04578313253012
33,3,Wesley Matthews,0.0,MIL,ORL,-4.0,215.0,109.5,4,10.0,18.7,27.0,SG/SF,3800,1,19.0,10.0,100,106,-2%,9,10,10,29,30,30,20.8,20.8,14.3,27.4,19.6,2.0,0.5,18.3,4.8,19.1,29.5,5.0,18.700000000000003,4.9,29.666666666666668,9.666666666666666,20.4,18.566666666666666,18.59494382022472
33,4,Kyrie Irving,0.0,BKN,HOU,4.5,243.5,119.5,17,19.5,50.1,76.0,PG,9000,1,30.0,24.0,100,108,-3%,24,25,25,33,34,34,57.8,57.8,42.4,73.1,34.5,45.0,5.0,49.5,5.5,48.7,32.0,5.4,49.1,5.45,33.666666666666664,24.666666666666668,56.04,48.53333333333333,46.669306930693075
33,5,Jeff Green,0.0,UTA,SAC,-4.5,214.5,109.5,24,9.8,13.1,18.3,SF/PF,3200,1,17.0,14.0,106,109,1%,6,6,6,17,18,18,13.1,13.1,9.6,16.6,22.6,11.5,3.6,13.8,4.3,12.6,17.0,3.9,13.2,4.1,17.666666666666668,6.0,13.12,13.733333333333334,12.701886792452829
33,6,Mitchell Robinson,0.0,NY,BOS,10.5,211.5,100.5,4,15.5,24.6,30.0,C,5200,1,12.0,22.0,102,105,-3%,8,7,7,19,19,19,26.8,26.8,24.4,29.2,16.3,17.0,3.3,25.0,4.81,22.4,21.5,4.3,23.7,4.555,19.0,7.333333333333333,26.179999999999996,23.366666666666664,26.818421052631578
33,7,Giannis Antetokounmpo,0.0,MIL,ORL,-4.0,215.0,109.5,7,41.5,57.5,71.3,SF/PF,10900,1,32.0,31.0,100,106,-6%,14,17,17,32,32,32,59.1,59.1,44.6,73.6,30.3,58.0,5.3,53.8,4.93,56.5,33.0,5.2,55.15,5.0649999999999995,32.0,16.0,58.31,56.76666666666667,56.8734375
35,0,Mike Conley,0.0,UTA,SAC,-4.5,214.5,109.5,27,5.5,22.2,43.3,PG,6700,1,28.0,21.0,106,109,5%,12,12,12,26,27,27,22.6,22.6,8.8,36.4,33.1,37.5,5.6,34.0,5.07,33.5,31.5,5.0,33.75,5.035,26.666666666666668,12.0,24.83,23.666666666666668,39.8671875
35,1,Troy Daniels,0.0,LAL,DAL,1.0,218.0,108.5,25,2.0,9.9,22.3,SG,3000,2,17.0,10.0,101,108,1%,7,7,7,16,18,18,11.9,11.9,4.8,18.9,8.8,1.5,0.5,8.8,2.92,8.6,13.5,2.9,8.7,2.91,17.333333333333332,7.0,11.24,11.4,6.775961538461538
35,2,Draymond Green,0.0,GS,SA,6.5,222.0,107.8,24,17.8,37.0,63.8,PF/C,7700,1,15.0,13.0,100,108,1%,10,9,9,29,28,28,30.7,30.7,11.8,49.6,34.4,29.0,3.8,39.8,5.16,36.4,31.0,4.7,38.099999999999994,4.93,28.333333333333332,9.333333333333334,32.17999999999999,39.53333333333333,41.68588235294117
35,3,DeMar DeRozan,0.0,SA,GS,-6.5,222.0,114.3,2,24.0,36.5,41.0,SG/SF,7200,0,28.0,20.0,103,107,-1%,19,18,18,34,34,34,35.4,35.4,27.6,43.1,29.3,30.8,4.3,42.8,5.94,39.3,34.0,5.5,41.05,5.720000000000001,34.0,18.333333333333332,36.510000000000005,33.833333333333336,41.05
35,4,Brad Wanamaker,0.0,BOS,NY,-10.5,211.5,111.0,21,1.3,5.1,11.3,PG/SG,3000,1,0.0,0.0,102,111,0%,1,2,2,5,6,6,4.7,4.7,0.0,9.3,15.3,15.3,5.1,12.5,4.17,0.0,0.0,0.0,6.25,2.085,5.666666666666667,1.6666666666666667,4.99,5.8999999999999995,0.0
35,5,Khris Middleton,0.0,MIL,ORL,-4.0,215.0,109.5,4,20.0,32.4,39.0,SG/SF,6900,1,25.0,17.0,100,106,-5%,15,15,15,31,33,33,35.5,35.5,31.6,39.4,20.4,23.5,3.4,33.5,4.86,33.9,32.0,4.9,33.7,4.880000000000001,32.333333333333336,15.0,35.14,30.46666666666667,33.35257731958763
35,6,Tyson Chandler,0.0,HOU,BKN,-4.5,243.5,124.0,29,0.0,6.6,16.3,C,3100,1,8.0,11.0,103,107,11%,1,2,2,3,6,6,6.4,6.4,-0.7,13.4,14.8,16.0,5.2,5.0,1.61,0.0,0.0,0.0,2.5,0.805,5.0,1.6666666666666667,5.6000000000000005,7.633333333333333,0.0
35,7,Russell Westbrook,0.0,HOU,BKN,-4.5,243.5,124.0,8,50.5,62.1,79.5,PG,9800,1,33.0,21.0,103,107,-4%,16,17,17,35,34,34,58.5,58.5,52.1,64.9,36.4,57.3,5.8,54.3,5.54,56.0,34.5,5.7,55.15,5.62,34.333333333333336,16.666666666666668,57.83,64.03333333333333,55.41771844660194
36,0,Coby White,0.0,CHI,DET,-4.0,214.5,109.3,15,12.5,23.3,37.5,PG/SG,4700,1,0.0,0.0,100,107,-3%,9,12,12,18,23,23,23.3,23.3,12.7,33.9,19.4,9.3,2.0,22.3,4.73,20.2,21.5,4.3,21.25,4.515000000000001,21.333333333333332,11.0,22.89,24.433333333333334,21.416015625
36,1,Caris LeVert,0.0,BKN,HOU,4.5,243.5,119.5,30,22.0,30.5,40.0,SG/SF,6000,1,25.0,15.0,100,108,-1%,20,17,17,36,33,33,31.1,31.1,22.6,39.5,32.2,36.0,6.0,38.0,6.33,34.9,32.5,5.8,36.45,6.0649999999999995,34.0,18.0,32.15,30.833333333333332,34.84191176470589
36,2,DeMarre Carroll,0.0,SA,GS,-6.5,222.0,114.3,30,10.3,14.2,24.5,SF/PF,3300,0,18.0,12.0,103,107,0%,0,0,0,0,0,0,0.0,0.0,0.0,0.0,16.5,9.0,2.7,15.0,4.55,0.0,0.0,0.0,7.5,2.275,0.0,0.0,1.5,16.333333333333332,0.0
36,3,Dorian Finney-Smith,0.0,DAL,LAL,-1.0,218.0,109.5,28,12.3,17.7,24.0,SF/PF,3300,2,14.0,11.0,106,107,3%,7,6,6,26,27,27,19.0,19.0,15.0,23.0,31.5,25.5,7.7,15.8,4.77,16.5,22.5,5.0,16.15,4.885,26.666666666666668,6.333333333333333,18.43,18.0,13.626562499999999
36,4,Carsen Edwards,0.0,BOS,NY,-10.5,211.5,111.0,21,1.0,8.7,20.3,PG,3200,1,0.0,0.0,102,111,0%,6,5,5,13,13,13,8.7,8.7,-1.5,18.9,14.2,8.5,2.7,10.0,3.13,16.0,17.0,5.0,13.0,4.0649999999999995,13.0,5.333333333333333,9.559999999999999,10.0,17.0
36,5,Kristaps Porzingis,0.0,DAL,LAL,-1.0,218.0,109.5,1,19.0,38.1,56.3,PF/C,8000,2,0.0,0.0,106,107,-3%,19,18,18,34,31,31,42.8,42.8,33.1,52.5,37.4,26.8,3.4,35.0,4.38,38.9,32.0,4.9,36.95,4.640000000000001,32.0,18.333333333333332,41.629999999999995,37.800000000000004,36.95
36,6,Daniel Theis,0.0,BOS,NY,-10.5,211.5,111.0,17,0.0,10.8,25.8,PF/C,4000,1,16.0,17.0,102,111,5%,8,5,5,22,18,18,15.3,15.3,5.5,25.2,26.9,22.5,5.6,26.8,6.69,26.3,26.5,6.6,26.55,6.645,19.333333333333332,6.0,17.57,12.200000000000001,36.39181034482759
36,7,Collin Sexton,0.0,CLE,IND,7.0,215.0,104.0,6,21.5,26.0,34.3,PG/SG,5400,1,25.0,12.0,100,104,-8%,14,14,14,29,30,30,23.9,23.9,20.5,27.2,37.4,32.8,6.1,22.0,4.07,22.8,30.5,4.2,22.4,4.135,29.666666666666668,14.0,23.580000000000002,27.266666666666666,23.029213483146066
37,0,Austin Rivers,0.0,HOU,BKN,-4.5,243.5,124.0,8,5.3,10.7,18.3,PG/SG,3100,1,14.0,8.0,103,107,-4%,6,5,5,17,16,16,10.1,10.1,4.0,16.3,16.2,11.8,3.8,10.8,3.47,10.6,16.5,3.4,10.7,3.435,16.333333333333332,5.333333333333333,10.24,11.433333333333332,10.809183673469388
37,1,Pat Connaughton,0.0,MIL,ORL,-4.0,215.0,109.5,4,4.0,14.3,30.0,SG/SF,3200,1,14.0,14.0,100,106,-2%,8,7,7,21,18,18,15.9,15.9,4.0,27.7,16.4,14.0,4.4,11.0,3.44,15.1,19.5,4.7,13.05,4.07,19.0,7.333333333333333,15.309999999999999,16.099999999999998,13.39342105263158
37,2,Julius Randle,0.0,NY,BOS,10.5,211.5,100.5,18,28.5,38.5,55.3,PF/C,7600,1,28.0,21.0,102,105,-1%,13,14,14,35,35,35,38.4,38.4,27.9,48.9,33.6,27.0,3.6,40.8,5.36,38.1,34.0,5.0,39.45,5.18,35.0,13.666666666666666,38.61,40.766666666666666,38.322857142857146
37,3,Jeff Green,0.0,UTA,SAC,-4.5,214.5,109.5,24,9.8,13.1,18.3,SF/PF,3200,1,17.0,14.0,106,109,1%,6,6,6,17,18,18,13.1,13.1,9.6,16.6,22.6,11.5,3.6,13.8,4.3,12.6,17.0,3.9,13.2,4.1,17.666666666666668,6.0,13.12,13.733333333333334,12.701886792452829
37,4,Donovan Mitchell,0.0,UTA,SAC,-4.5,214.5,109.5,27,25.3,39.0,55.0,PG/SG,7600,1,31.0,17.0,106,109,5%,21,17,17,36,34,34,39.0,39.0,28.1,49.8,35.2,38.5,5.1,40.3,5.3,38.9,34.5,5.1,39.599999999999994,5.199999999999999,34.666666666666664,18.333333333333332,39.1,39.766666666666666,39.409615384615385
37,5,Jordan Poole,0.0,GS,SA,6.5,222.0,107.8,8,11.5,15.2,19.3,SG/SF,3200,1,0.0,0.0,100,108,2%,9,10,10,24,23,23,15.0,15.0,11.4,18.6,28.6,23.0,7.2,24.0,7.5,20.2,27.5,6.3,22.1,6.9,23.333333333333332,9.666666666666666,16.419999999999998,15.333333333333334,26.046428571428574
37,6,Ed Davis,0.0,UTA,SAC,-4.5,214.5,109.5,4,4.5,10.9,18.3,PF/C,3200,1,13.0,17.0,106,109,2%,2,2,2,13,13,13,10.9,10.9,5.8,16.0,7.8,1.3,0.4,13.5,4.22,13.9,14.0,4.3,13.7,4.26,13.0,2.0,11.459999999999999,11.233333333333334,14.753846153846155
37,7,Maxi Kleber,0.0,DAL,LAL,-1.0,218.0,109.5,1,16.0,24.1,32.3,PF/C,4000,2,13.0,13.0,106,107,-3%,11,7,7,27,28,28,25.2,25.2,18.2,32.2,31.0,18.5,4.6,19.8,4.94,19.5,24.0,4.9,19.65,4.92,27.666666666666668,8.333333333333334,24.089999999999996,24.133333333333336,17.04578313253012
38,0,Emmanuel Mudiay,0.0,UTA,SAC,-4.5,214.5,109.5,27,13.3,19.5,24.0,PG,3500,1,26.0,15.0,106,109,5%,6,9,9,16,19,19,19.5,19.5,15.3,23.7,14.8,11.5,3.3,17.0,4.86,14.9,16.5,4.3,15.95,4.58,18.0,8.0,18.79,18.933333333333334,14.620833333333334
38,1,Austin Rivers,0.0,HOU,BKN,-4.5,243.5,124.0,8,5.3,10.7,18.3,PG/SG,3100,1,14.0,8.0,103,107,-4%,6,5,5,17,16,16,10.1,10.1,4.0,16.3,16.2,11.8,3.8,10.8,3.47,10.6,16.5,3.4,10.7,3.435,16.333333333333332,5.333333333333333,10.24,11.433333333333332,10.809183673469388
38,2,Nemanja Bjelica,0.0,SAC,UTA,4.5,214.5,105.0,2,12.3,20.3,33.5,PF,4000,1,17.0,15.0,103,103,-10%,9,7,7,30,25,25,20.3,20.3,12.3,28.3,25.8,26.0,6.5,21.3,5.31,21.8,26.0,5.5,21.55,5.404999999999999,26.666666666666668,7.666666666666667,20.55,22.03333333333333,21.01125
38,3,Jeremy Lamb,0.0,IND,CLE,-7.0,215.0,111.0,29,20.5,34.0,43.3,SG/SF,5600,1,22.0,17.0,99,115,5%,15,15,15,30,30,30,28.4,28.4,17.2,39.5,34.9,42.5,7.6,30.8,5.49,31.7,31.0,5.7,31.25,5.595000000000001,30.0,15.0,28.95,32.6,32.29166666666667
38,4,Tomas Satoransky,0.0,CHI,DET,-4.0,214.5,109.3,15,8.5,18.1,25.3,PG/SF,4200,1,16.0,14.0,100,107,-3%,5,6,6,27,25,25,18.1,18.1,11.4,24.8,26.4,14.5,3.5,23.8,5.65,21.6,26.5,5.1,22.700000000000003,5.375,25.666666666666668,5.666666666666667,19.020000000000003,17.3,23.437012987012988
38,5,Doug McDermott,0.0,IND,CLE,-7.0,215.0,111.0,13,0.0,6.3,12.0,SF/PF,3200,1,16.0,12.0,99,115,0%,3,4,4,23,17,17,8.4,8.4,4.9,11.8,19.4,13.5,4.2,7.5,2.34,13.8,22.5,4.3,10.65,3.32,19.0,3.6666666666666665,8.83,6.1000000000000005,12.611842105263158
38,6,Lauri Markkanen,0.0,CHI,DET,-4.0,214.5,109.3,25,23.8,35.8,62.8,PF/C,7500,1,24.0,17.0,100,107,-8%,13,15,15,28,31,31,35.8,35.8,20.2,51.3,25.2,31.3,4.2,36.8,4.9,36.0,31.0,4.8,36.4,4.85,30.0,14.333333333333334,35.9,40.8,37.61333333333334
38,7,Langston Galloway,0.0,DET,CHI,4.0,214.5,105.3,5,10.5,16.4,22.8,PG/SG,3500,1,16.0,11.0,101,111,5%,8,6,6,21,23,23,16.4,16.4,11.2,21.6,22.5,19.5,5.6,15.0,4.29,16.3,23.0,4.7,15.65,4.495,22.333333333333332,6.666666666666667,16.25,16.566666666666666,16.11716417910448
40,0,Spencer Dinwiddie,0.0,BKN,HOU,4.5,243.5,119.5,17,11.8,26.5,36.3,PG/SG,5300,1,26.0,16.0,100,108,-3%,15,14,14,28,26,26,30.1,30.1,22.3,37.9,19.8,12.3,2.3,29.0,5.47,27.7,25.5,5.2,28.35,5.335,26.666666666666668,14.333333333333334,29.75,24.866666666666664,27.109687500000003
40,1,Cory Joseph,0.0,SAC,UTA,4.5,214.5,105.0,14,4.3,12.0,19.8,PG/SG,3100,1,15.0,11.0,103,103,-1%,3,5,5,13,17,17,12.0,12.0,6.3,17.7,11.3,2.0,0.6,14.3,4.6,10.7,14.5,3.5,12.5,4.05,15.666666666666666,4.333333333333333,12.1,12.033333333333333,11.569148936170212
40,2,Glenn Robinson III,0.0,GS,SA,6.5,222.0,107.8,16,0.0,18.2,30.3,SF/PF,4000,1,15.0,9.0,100,108,1%,12,10,10,31,28,28,22.8,22.8,15.8,29.7,26.7,10.5,2.6,19.3,4.81,22.0,30.5,5.5,20.65,5.154999999999999,29.0,10.666666666666666,22.35,16.166666666666668,21.71810344827586
40,3,Royce O'Neale,0.0,UTA,SAC,-4.5,214.5,109.5,24,8.0,16.6,22.8,SF,3700,1,11.0,9.0,106,109,1%,4,5,5,28,27,27,16.6,16.6,10.0,23.2,23.1,17.3,4.7,17.5,4.73,17.9,27.5,4.8,17.7,4.765000000000001,27.333333333333332,4.666666666666667,16.82,15.800000000000002,17.807926829268293
40,4,Luka Doncic,0.0,DAL,LAL,-1.0,218.0,109.5,11,27.0,53.8,65.5,PG/SG,9700,2,31.0,20.0,106,107,1%,17,18,18,35,35,35,51.2,51.2,34.4,68.0,38.1,75.3,7.8,48.5,5.0,50.7,34.5,5.2,49.6,5.1,35.0,17.666666666666668,50.88,48.76666666666667,48.89142857142858
40,5,Pat Connaughton,0.0,MIL,ORL,-4.0,215.0,109.5,4,4.0,14.3,30.0,SG/SF,3200,1,14.0,14.0,100,106,-2%,8,7,7,21,18,18,15.9,15.9,4.0,27.7,16.4,14.0,4.4,11.0,3.44,15.1,19.5,4.7,13.05,4.07,19.0,7.333333333333333,15.309999999999999,16.099999999999998,13.39342105263158
40,6,Ed Davis,0.0,UTA,SAC,-4.5,214.5,109.5,4,4.5,10.9,18.3,PF/C,3200,1,13.0,17.0,106,109,2%,2,2,2,13,13,13,10.9,10.9,5.8,16.0,7.8,1.3,0.4,13.5,4.22,13.9,14.0,4.3,13.7,4.26,13.0,2.0,11.459999999999999,11.233333333333334,14.753846153846155
40,7,Joe Harris,0.0,BKN,HOU,4.5,243.5,119.5,30,15.5,20.5,25.0,SG/SF,4700,1,17.0,14.0,100,108,0%,11,10,10,33,34,34,20.9,20.9,16.9,24.8,34.0,36.3,7.7,27.5,5.85,23.3,31.0,5.0,25.4,5.425,33.666666666666664,10.333333333333334,21.78,20.333333333333332,23.38811881188119
44,0,T.J. McConnell,0.0,IND,CLE,-7.0,215.0,111.0,12,4.8,11.6,17.0,PG,3100,1,16.0,13.0,99,115,6%,6,5,5,13,15,15,13.8,13.8,10.0,17.5,15.0,14.0,4.5,13.0,4.19,12.3,14.0,4.0,12.65,4.095000000000001,14.333333333333334,5.333333333333333,13.55,11.133333333333333,12.355813953488372
44,1,Patty Mills,0.0,SA,GS,-6.5,222.0,114.3,24,10.0,15.1,22.0,PG/SG,3500,0,19.0,13.0,103,107,-3%,6,7,7,22,20,20,14.9,14.9,9.1,20.8,22.0,41.8,11.9,20.3,5.79,17.2,20.5,4.9,18.75,5.345000000000001,20.666666666666668,6.666666666666667,15.690000000000001,15.700000000000001,18.598790322580644
44,2,Taurean Prince,0.0,BKN,HOU,4.5,243.5,119.5,14,19.5,27.6,40.3,SF/PF,4900,1,19.0,12.0,100,108,0%,10,11,11,29,33,33,25.4,25.4,15.5,35.3,34.4,51.5,10.5,27.0,5.51,26.2,30.5,5.3,26.6,5.404999999999999,31.666666666666668,10.666666666666666,25.639999999999997,29.133333333333336,25.619999999999997
44,3,Kevin Porter Jr.,0.0,CLE,IND,7.0,215.0,104.0,20,6.3,11.9,19.0,SG/SF,3000,1,0.0,0.0,100,104,-8%,6,6,6,18,19,19,11.9,11.9,6.7,17.2,13.9,9.0,3.0,13.5,4.5,14.7,20.5,4.9,14.1,4.7,18.666666666666668,6.0,12.360000000000001,12.4,15.484821428571427
44,4,Marco Belinelli,0.0,SA,GS,-6.5,222.0,114.3,2,1.5,5.7,10.0,SG/SF,3200,0,19.0,12.0,103,107,-1%,7,5,5,18,16,16,6.8,6.8,4.1,9.4,21.6,15.0,4.7,6.5,2.03,14.3,19.5,4.5,10.4,3.2649999999999997,16.666666666666668,5.666666666666667,7.5,5.733333333333333,12.168
44,5,Tim Hardaway Jr.,0.0,DAL,LAL,-1.0,218.0,109.5,3,6.8,15.4,24.8,SG/SF,3600,2,23.0,14.0,106,107,3%,8,8,8,23,22,22,14.4,14.4,6.9,21.9,27.0,19.3,5.4,16.8,4.65,16.8,21.0,4.7,16.8,4.675000000000001,22.333333333333332,8.0,14.88,15.666666666666666,15.797014925373137
44,6,DeAndre Jordan,0.0,BKN,HOU,4.5,243.5,119.5,6,6.8,20.6,30.8,C,4800,1,14.0,19.0,100,108,-3%,5,4,4,23,21,21,21.6,21.6,11.2,32.0,16.3,19.3,4.0,26.0,5.42,23.8,21.0,5.0,24.9,5.21,21.666666666666668,4.333333333333333,22.26,19.400000000000002,24.13384615384615
44,7,Kristaps Porzingis,0.0,DAL,LAL,-1.0,218.0,109.5,1,19.0,38.1,56.3,PF/C,8000,2,0.0,0.0,106,107,-3%,19,18,18,34,31,31,42.8,42.8,33.1,52.5,37.4,26.8,3.4,35.0,4.38,38.9,32.0,4.9,36.95,4.640000000000001,32.0,18.333333333333332,41.629999999999995,37.800000000000004,36.95
45,0,Delon Wright,0.0,DAL,LAL,-1.0,218.0,109.5,11,17.0,31.5,52.3,PG/SG,5200,2,18.0,16.0,106,107,1%,6,7,7,24,25,25,26.3,26.3,14.1,38.4,24.6,18.8,3.6,22.3,4.28,23.8,24.5,4.6,23.05,4.4399999999999995,24.666666666666668,6.666666666666667,25.630000000000003,33.6,22.894256756756757
45,1,Caris LeVert,0.0,BKN,HOU,4.5,243.5,119.5,30,22.0,30.5,40.0,SG/SF,6000,1,25.0,15.0,100,108,-1%,20,17,17,36,33,33,31.1,31.1,22.6,39.5,32.2,36.0,6.0,38.0,6.33,34.9,32.5,5.8,36.45,6.0649999999999995,34.0,18.0,32.15,30.833333333333332,34.84191176470589
45,2,Kristaps Porzingis,0.0,DAL,LAL,-1.0,218.0,109.5,1,19.0,38.1,56.3,PF/C,8000,2,0.0,0.0,106,107,-3%,19,18,18,34,31,31,42.8,42.8,33.1,52.5,37.4,26.8,3.4,35.0,4.38,38.9,32.0,4.9,36.95,4.640000000000001,32.0,18.333333333333332,41.629999999999995,37.800000000000004,36.95
45,3,Thaddeus Young,0.0,CHI,DET,-4.0,214.5,109.3,12,7.3,19.0,26.8,SF/PF,4200,1,18.0,16.0,100,107,-8%,13,10,10,22,21,21,19.0,19.0,10.9,27.1,28.7,30.8,7.3,20.0,4.76,19.5,22.0,4.6,19.75,4.68,21.333333333333332,11.0,19.15,17.7,20.3671875
45,4,Kris Dunn,0.0,CHI,DET,-4.0,214.5,109.3,15,7.8,17.2,24.5,PG/SG,3600,1,21.0,12.0,100,107,-3%,7,7,7,19,21,21,17.1,17.1,9.4,24.9,19.0,11.5,3.2,18.8,5.21,16.3,18.5,4.5,17.55,4.855,20.333333333333332,7.0,17.21,16.5,15.967622950819672
45,5,Kevin Knox,0.0,NY,BOS,10.5,211.5,100.5,17,16.5,20.4,24.3,SF/PF,3600,1,0.0,0.0,102,105,-4%,10,9,9,20,23,23,20.4,20.4,17.5,23.2,28.7,24.5,6.8,18.0,5.0,16.1,22.5,4.5,17.05,4.75,22.0,9.333333333333334,19.71,20.400000000000002,17.4375
45,6,Domantas Sabonis,0.0,IND,CLE,-7.0,215.0,111.0,10,24.8,37.5,48.5,PF/C,8700,1,24.0,22.0,99,115,-5%,18,16,16,38,36,36,39.9,39.9,29.5,50.2,37.3,49.8,5.7,41.8,4.8,42.3,36.0,4.9,42.05,4.85,36.666666666666664,16.666666666666668,40.31,36.93333333333333,41.28545454545454
45,7,Jayson Tatum,0.0,BOS,NY,-10.5,211.5,111.0,21,25.5,38.1,50.3,SF/PF,7000,1,22.0,15.0,102,111,2%,20,21,21,36,36,36,41.3,41.3,34.7,47.8,33.8,37.0,5.3,39.3,5.61,38.3,34.5,5.5,38.8,5.555,36.0,20.666666666666668,40.779999999999994,37.96666666666667,37.18333333333333
46,0,RJ Barrett,0.0,NY,BOS,10.5,211.5,100.5,9,14.0,33.8,47.8,PG/SG,6600,1,0.0,0.0,102,105,-1%,13,15,15,35,36,36,33.7,33.7,21.3,46.1,39.1,34.8,5.3,32.5,4.92,33.0,36.0,5.0,32.75,4.96,35.666666666666664,14.333333333333334,33.510000000000005,31.866666666666664,33.05607476635514
46,1,Bogdan Bogdanovic,0.0,SAC,UTA,4.5,214.5,105.0,7,7.0,20.0,28.8,SG/SF,4500,1,23.0,14.0,103,103,-13%,13,11,11,22,24,24,20.0,20.0,11.4,28.6,25.0,18.5,4.1,23.0,5.11,21.7,25.0,4.8,22.35,4.955,23.333333333333332,11.666666666666666,20.47,18.599999999999998,23.946428571428573
46,2,Thaddeus Young,0.0,CHI,DET,-4.0,214.5,109.3,12,7.3,19.0,26.8,SF/PF,4200,1,18.0,16.0,100,107,-8%,13,10,10,22,21,21,19.0,19.0,10.9,27.1,28.7,30.8,7.3,20.0,4.76,19.5,22.0,4.6,19.75,4.68,21.333333333333332,11.0,19.15,17.7,20.3671875
46,3,Wesley Matthews,0.0,MIL,ORL,-4.0,215.0,109.5,4,10.0,18.7,27.0,SG/SF,3800,1,19.0,10.0,100,106,-2%,9,10,10,29,30,30,20.8,20.8,14.3,27.4,19.6,2.0,0.5,18.3,4.8,19.1,29.5,5.0,18.700000000000003,4.9,29.666666666666668,9.666666666666666,20.4,18.566666666666666,18.59494382022472
46,4,Marcus Smart,0.0,BOS,NY,-10.5,211.5,111.0,21,14.3,24.7,37.5,PG/SG,4900,1,16.0,13.0,102,111,0%,13,11,11,33,32,32,27.3,27.3,18.2,36.4,30.2,21.8,4.4,30.3,6.17,30.1,34.5,6.1,30.200000000000003,6.135,32.333333333333336,11.666666666666666,27.880000000000003,25.5,32.22371134020619
46,5,Wayne Ellington,0.0,NY,BOS,10.5,211.5,100.5,12,4.5,9.9,14.5,SG/SF,3100,1,18.0,12.0,102,105,-5%,8,6,6,21,16,16,9.6,9.6,5.0,14.1,24.4,22.8,7.4,13.8,4.44,12.4,18.0,4.0,13.100000000000001,4.220000000000001,17.666666666666668,6.666666666666667,10.28,9.633333333333333,13.347169811320756
46,6,Nikola Vucevic,0.0,ORL,MIL,4.0,215.0,105.5,24,15.8,32.9,49.3,C,9000,1,28.0,26.0,105,103,1%,15,16,16,29,31,31,36.5,36.5,25.8,47.2,25.1,30.8,3.4,46.0,5.11,44.3,31.5,4.9,45.15,5.005000000000001,30.333333333333332,15.666666666666666,38.230000000000004,32.666666666666664,46.886538461538464
46,7,Joe Ingles,0.0,UTA,SAC,-4.5,214.5,109.5,24,10.8,19.7,27.5,SF/PF,4600,1,19.0,13.0,106,109,1%,7,6,6,28,29,29,19.7,19.7,12.5,26.9,29.8,13.5,2.9,24.8,5.38,23.7,28.5,5.2,24.25,5.29,28.666666666666668,6.333333333333333,20.61,19.333333333333332,24.109011627906977
47,0,Ryan Arcidiacono,0.0,CHI,DET,-4.0,214.5,109.3,15,3.5,10.1,17.0,PG/SG,3100,1,13.0,12.0,100,107,-3%,3,2,2,16,15,15,10.1,10.1,3.9,16.2,15.8,11.5,3.7,7.8,2.5,9.9,14.5,3.2,8.85,2.85,15.333333333333334,2.3333333333333335,9.83,10.200000000000001,8.369021739130433
47,1,Khris Middleton,0.0,MIL,ORL,-4.0,215.0,109.5,4,20.0,32.4,39.0,SG/SF,6900,1,25.0,17.0,100,106,-5%,15,15,15,31,33,33,35.5,35.5,31.6,39.4,20.4,23.5,3.4,33.5,4.86,33.9,32.0,4.9,33.7,4.880000000000001,32.333333333333336,15.0,35.14,30.46666666666667,33.35257731958763
47,2,Danuel House Jr.,0.0,HOU,BKN,-4.5,243.5,124.0,27,0.0,20.0,33.8,SF/PF,4000,1,14.0,12.0,103,107,1%,10,8,8,33,31,31,25.0,25.0,17.4,32.6,31.7,26.3,6.6,23.3,5.81,22.9,30.5,5.7,23.1,5.755,31.666666666666668,8.666666666666666,24.619999999999997,17.933333333333334,22.248947368421053
47,3,P.J. Tucker,0.0,HOU,BKN,-4.5,243.5,124.0,27,27.8,30.9,36.3,SF/PF,4700,1,9.0,9.0,103,107,-2%,8,9,9,33,36,36,31.0,31.0,27.3,34.7,34.9,29.0,6.2,22.3,4.73,23.4,33.5,5.0,22.85,4.865,35.0,8.666666666666666,29.369999999999997,31.666666666666668,21.87071428571429
47,4,Darius Garland,0.0,CLE,IND,7.0,215.0,104.0,6,12.8,16.4,20.3,PG,4200,1,0.0,0.0,100,104,-8%,11,11,11,24,27,27,16.4,16.4,12.5,20.4,25.5,7.8,1.9,23.3,5.54,20.7,28.5,4.9,22.0,5.220000000000001,26.0,11.0,17.54,16.5,24.115384615384617
47,5,Luke Kennard,0.0,DET,CHI,4.0,214.5,105.3,9,14.8,25.0,39.3,SG/SF,4800,1,18.0,12.0,101,111,5%,9,11,11,29,30,30,25.0,25.0,16.0,34.0,32.8,27.3,5.7,27.3,5.68,26.2,30.5,5.5,26.75,5.59,29.666666666666668,10.333333333333334,25.35,26.366666666666664,27.50140449438202
47,6,Tristan Thompson,0.0,CLE,IND,7.0,215.0,104.0,27,20.5,38.9,49.5,C,6800,1,18.0,18.0,100,104,-2%,19,16,16,34,34,34,43.4,43.4,36.1,50.8,31.5,27.5,4.0,34.0,5.0,35.4,33.5,5.2,34.7,5.1,34.0,17.0,41.67999999999999,36.300000000000004,34.189705882352946
47,7,Wesley Matthews,0.0,MIL,ORL,-4.0,215.0,109.5,4,10.0,18.7,27.0,SG/SF,3800,1,19.0,10.0,100,106,-2%,9,10,10,29,30,30,20.8,20.8,14.3,27.4,19.6,2.0,0.5,18.3,4.8,19.1,29.5,5.0,18.700000000000003,4.9,29.666666666666668,9.666666666666666,20.4,18.566666666666666,18.59494382022472
48,0,Malcolm Brogdon,0.0,IND,CLE,-7.0,215.0,111.0,12,18.3,44.5,57.5,PG/SG,8800,1,21.0,18.0,99,115,6%,18,17,17,34,34,34,51.1,51.1,45.2,56.9,33.0,46.0,5.2,43.5,4.94,45.2,34.5,5.1,44.35,5.02,34.0,17.333333333333332,49.730000000000004,40.1,45.00220588235294
48,1,Patty Mills,0.0,SA,GS,-6.5,222.0,114.3,24,10.0,15.1,22.0,PG/SG,3500,0,19.0,13.0,103,107,-3%,6,7,7,22,20,20,14.9,14.9,9.1,20.8,22.0,41.8,11.9,20.3,5.79,17.2,20.5,4.9,18.75,5.345000000000001,20.666666666666668,6.666666666666667,15.690000000000001,15.700000000000001,18.598790322580644
48,2,DeMarre Carroll,0.0,SA,GS,-6.5,222.0,114.3,30,10.3,14.2,24.5,SF/PF,3300,0,18.0,12.0,103,107,0%,0,0,0,0,0,0,0.0,0.0,0.0,0.0,16.5,9.0,2.7,15.0,4.55,0.0,0.0,0.0,7.5,2.275,0.0,0.0,1.5,16.333333333333332,0.0
48,3,Marcus Morris,0.0,NY,BOS,10.5,211.5,100.5,17,16.5,24.6,39.5,SF/PF,4800,1,0.0,0.0,102,105,-1%,12,12,12,31,33,33,24.6,24.6,15.7,33.4,39.3,50.8,10.6,23.0,4.79,24.0,31.0,5.0,23.5,4.895,32.333333333333336,12.0,24.36,26.866666666666664,22.530927835051546
48,4,Kris Dunn,0.0,CHI,DET,-4.0,214.5,109.3,15,7.8,17.2,24.5,PG/SG,3600,1,21.0,12.0,100,107,-3%,7,7,7,19,21,21,17.1,17.1,9.4,24.9,19.0,11.5,3.2,18.8,5.21,16.3,18.5,4.5,17.55,4.855,20.333333333333332,7.0,17.21,16.5,15.967622950819672
48,5,Maxi Kleber,0.0,DAL,LAL,-1.0,218.0,109.5,1,16.0,24.1,32.3,PF/C,4000,2,13.0,13.0,106,107,-3%,11,7,7,27,28,28,25.2,25.2,18.2,32.2,31.0,18.5,4.6,19.8,4.94,19.5,24.0,4.9,19.65,4.92,27.666666666666668,8.333333333333334,24.089999999999996,24.133333333333336,17.04578313253012
48,6,LaMarcus Aldridge,0.0,SA,GS,-6.5,222.0,114.3,6,18.3,36.5,46.3,PF/C,7100,0,26.0,23.0,103,107,-1%,13,14,14,35,34,34,35.1,35.1,23.1,47.0,26.1,33.5,4.7,41.3,5.81,39.7,33.5,5.6,40.5,5.705,34.333333333333336,13.666666666666666,36.160000000000004,33.699999999999996,39.51699029126213
48,7,Kyrie Irving,0.0,BKN,HOU,4.5,243.5,119.5,17,19.5,50.1,76.0,PG,9000,1,30.0,24.0,100,108,-3%,24,25,25,33,34,34,57.8,57.8,42.4,73.1,34.5,45.0,5.0,49.5,5.5,48.7,32.0,5.4,49.1,5.45,33.666666666666664,24.666666666666668,56.04,48.53333333333333,46.669306930693075
