Lineup Num,,Player Name,injury_status,team,opp,spread,over_under,implied_team_score,L5_dvp_rank,L5_ppg_floor,L5_ppg_avg,L5_ppg_max,Pos,Salary,Rest,USG,PER,Opp Pace,Opp DEff,Opp DvP,L2 FGA,L5 FGA,S FGA,L2 Min,L5 Min,S Min,L5 FP,S FP,Floor FP,Ceil FP,Actual Min,Actual FP,Actual Val,FantasyFuelPPGProj,FantasyFuelValueProj,DFN_PPGProj,DFN_MinProj,DFN_ValueProj,Avg Proj,Avg Value Proj,Avg Skewed Min,Avg Skewed FGA,Avg Skewed FP,Avg L5 PPG,Proj Min Enhanced
0,0,Devin Booker,0.0,PHO,NO,4.5,235.0,115.3,25,18.8,33.3,45.0,PG/SG,7500,0,29.0,19.0,107,111,6%,16,16,17,34,36,35,33.3,38.7,27.6,49.9,42.5,71.5,9.5,42.3,5.63,41.1,36.0,5.5,41.7,5.5649999999999995,35.0,16.333333333333332,38.239999999999995,32.36666666666667,42.89142857142858
0,1,RJ Barrett,0.0,NY,DEN,9.5,203.0,96.8,4,5.5,24.1,33.3,PG/SG,5600,2,25.0,11.0,100,100,-9%,13,13,14,32,32,33,28.1,30.0,20.4,39.5,22.0,27.3,4.9,27.0,4.82,26.7,31.0,4.8,26.85,4.8100000000000005,32.333333333333336,13.333333333333334,28.97,20.966666666666665,25.742783505154637
0,2,Cheick Diallo,0.0,PHO,NO,4.5,235.0,115.3,14,4.0,21.7,32.0,PF/C,4100,0,16.0,24.0,107,111,4%,5,6,3,11,19,10,21.6,11.2,-0.1,22.5,11.4,14.5,3.5,17.0,4.15,13.7,14.0,3.3,15.35,3.725,13.333333333333334,4.666666666666667,14.11,19.233333333333334,16.1175
0,3,Mikal Bridges,0.0,PHO,NO,4.5,235.0,115.3,2,3.3,14.7,31.5,SG/SF,4000,0,13.0,13.0,107,111,3%,10,7,5,28,20,21,14.7,15.9,7.6,24.3,21.5,13.3,3.3,18.5,4.63,17.4,23.0,4.3,17.95,4.465,23.0,7.333333333333333,16.09,16.5,17.95
0,4,Bradley Beal,0.0,WAS,PHI,7.5,236.0,114.3,21,29.0,45.2,57.5,SG,8700,1,32.0,23.0,102,101,-12%,25,19,22,38,35,37,45.2,47.6,35.0,60.1,38.1,44.0,5.1,43.8,5.03,52.0,39.5,6.0,47.9,5.515000000000001,36.666666666666664,22.0,47.160000000000004,43.9,51.60136363636364
0,5,JJ Redick,0.0,NO,PHO,-4.5,235.0,119.8,15,21.0,25.5,30.5,SG/SF,4800,1,19.0,15.0,105,107,0%,11,12,11,30,31,29,25.5,24.6,14.6,34.6,34.3,37.0,7.7,23.0,4.79,26.2,29.0,5.5,24.6,5.145,30.0,11.333333333333334,24.78,25.666666666666668,23.78
0,6,Jerami Grant,0.0,DEN,NY,-9.5,203.0,106.3,17,10.5,17.0,31.0,PF/C,3700,1,18.0,12.0,100,110,0%,7,7,8,25,23,22,17.0,17.1,9.6,24.5,21.1,22.3,6.0,18.5,5.0,16.8,21.5,4.5,17.65,4.75,23.333333333333332,7.333333333333333,17.169999999999998,19.5,16.263214285714287
0,7,Raul Neto,0.0,PHI,WAS,-7.5,236.0,121.8,30,1.5,5.8,10.5,PG,3000,2,17.0,10.0,108,114,5%,5,3,3,12,10,12,5.8,8.3,0.4,16.2,12.0,13.3,4.4,10.5,3.5,10.5,13.0,3.5,10.5,3.5,11.333333333333334,3.6666666666666665,8.24,5.933333333333334,12.044117647058822
1,0,Dennis Smith Jr.,0.0,NY,DEN,9.5,203.0,96.8,4,8.3,18.6,32.8,PG,3700,2,22.0,7.0,100,100,-8%,9,7,6,32,24,18,18.6,13.3,3.0,23.5,17.7,14.8,4.0,17.3,4.66,10.5,12.5,2.8,13.9,3.73,24.666666666666668,7.333333333333333,14.460000000000003,19.900000000000002,7.043918918918919
1,1,Bradley Beal,0.0,WAS,PHI,7.5,236.0,114.3,21,29.0,45.2,57.5,SG,8700,1,32.0,23.0,102,101,-12%,25,19,22,38,35,37,45.2,47.6,35.0,60.1,38.1,44.0,5.1,43.8,5.03,52.0,39.5,6.0,47.9,5.515000000000001,36.666666666666664,22.0,47.160000000000004,43.9,51.60136363636364
1,2,Davis Bertans,0.0,WAS,PHI,7.5,236.0,114.3,17,13.3,27.3,35.3,SF/PF,5800,1,16.0,16.0,102,101,-6%,13,10,10,35,29,28,27.3,25.6,16.7,34.4,37.1,31.3,5.4,24.3,4.18,26.6,30.0,4.6,25.450000000000003,4.39,30.666666666666668,11.0,25.890000000000004,25.3,24.89673913043478
1,3,Damyean Dotson,0.0,NY,DEN,9.5,203.0,96.8,25,14.5,17.7,24.0,SG/SF,3700,2,17.0,11.0,100,100,-3%,8,7,6,30,23,16,17.7,11.4,4.5,18.3,4.1,6.3,1.7,12.3,3.31,12.8,19.0,3.5,12.55,3.4050000000000002,23.0,7.0,12.89,18.733333333333334,10.367391304347827
1,4,Fred VanVleet,0.0,TOR,HOU,-2.0,230.5,116.3,24,24.3,40.7,49.8,PG/SG,6600,1,23.0,17.0,108,106,-7%,13,14,15,38,37,38,40.6,39.0,29.3,48.6,38.5,43.5,6.6,36.0,5.45,37.9,36.0,5.7,36.95,5.575,37.666666666666664,14.0,38.89,38.266666666666666,35.31504424778761
1,5,Cheick Diallo,0.0,PHO,NO,4.5,235.0,115.3,14,4.0,21.7,32.0,PF/C,4100,0,16.0,24.0,107,111,4%,5,6,3,11,19,10,21.6,11.2,-0.1,22.5,11.4,14.5,3.5,17.0,4.15,13.7,14.0,3.3,15.35,3.725,13.333333333333334,4.666666666666667,14.11,19.233333333333334,16.1175
1,6,Mitchell Robinson,0.0,NY,DEN,9.5,203.0,96.8,14,11.3,18.7,31.0,C,5100,2,15.0,23.0,100,100,-1%,4,3,5,22,24,21,18.6,23.0,15.6,30.4,29.9,33.3,6.5,23.5,4.61,25.2,24.0,4.9,24.35,4.755000000000001,22.333333333333332,4.0,22.389999999999997,20.333333333333332,26.167164179104482
1,7,Dario Saric,0.0,PHO,NO,4.5,235.0,115.3,24,20.0,34.9,47.8,SF/PF,6000,0,17.0,13.0,107,111,4%,9,10,9,29,32,29,34.9,26.6,14.6,38.6,25.9,15.8,2.6,27.5,4.58,29.3,31.0,4.9,28.4,4.74,30.0,9.333333333333334,28.619999999999997,34.23333333333333,29.346666666666668
2,0,Ty Jerome,0.0,PHO,NO,4.5,235.0,115.3,25,18.8,19.3,19.8,PG/SG,3500,0,0.0,0.0,107,111,10%,5,5,5,15,15,15,19.3,19.3,18.5,20.0,9.3,10.0,2.9,13.5,3.86,11.6,13.5,3.3,12.55,3.58,15.0,5.0,17.93,19.3,11.295
2,1,Austin Rivers,0.0,HOU,TOR,2.0,230.5,114.3,6,8.3,18.6,30.5,PG/SG,4300,1,14.0,10.0,103,100,-4%,10,8,7,36,29,25,18.6,15.5,7.7,23.3,27.6,23.8,5.5,15.8,3.66,14.6,23.0,3.4,15.2,3.5300000000000002,30.0,8.333333333333334,16.060000000000002,19.133333333333336,11.653333333333332
2,2,Tobias Harris,0.0,PHI,WAS,-7.5,236.0,121.8,23,27.5,32.7,42.3,SF/PF,6500,2,23.0,16.0,108,114,11%,20,17,15,36,36,35,32.7,35.5,27.6,43.3,39.7,49.3,7.6,38.0,5.85,37.5,34.5,5.8,37.75,5.824999999999999,35.666666666666664,17.333333333333332,35.37,34.166666666666664,36.51518691588785
2,3,Cameron Johnson,0.0,PHO,NO,4.5,235.0,115.3,24,7.5,14.2,28.5,SF/PF,3000,0,18.0,14.0,107,111,10%,7,7,7,18,21,19,14.2,15.6,6.6,24.5,31.0,32.5,10.8,13.8,4.58,14.3,17.5,4.8,14.05,4.6899999999999995,19.333333333333332,7.0,14.99,16.733333333333334,12.717672413793103
2,4,Frank Jackson,0.0,NO,PHO,-4.5,235.0,119.8,26,1.8,3.6,5.8,PG/SG,3000,1,22.0,9.0,105,107,4%,2,3,7,10,11,16,3.6,11.9,2.9,21.0,9.7,3.3,1.1,4.3,1.42,0.0,0.0,0.0,2.15,0.71,12.333333333333334,4.0,8.309999999999999,3.733333333333333,0.0
2,5,Brandon Ingram,0.0,NO,PHO,-4.5,235.0,119.8,6,39.3,43.5,47.3,SF/PF,8200,1,29.0,22.0,105,107,0%,17,19,20,39,38,36,43.5,46.3,39.2,53.4,30.4,32.5,4.0,43.8,5.34,47.4,36.0,5.8,45.599999999999994,5.57,37.666666666666664,18.666666666666668,45.599999999999994,43.36666666666667,43.58230088495575
2,6,Clint Capela,0.0,HOU,TOR,2.0,230.5,114.3,8,39.8,51.6,58.3,C,7900,1,16.0,23.0,103,100,-8%,13,13,10,40,38,33,51.8,41.5,28.0,55.1,32.2,28.8,3.6,42.3,5.35,42.8,35.0,5.4,42.55,5.375,37.0,12.0,43.79,49.9,40.25
2,7,Joel Embiid,0.0,PHI,WAS,-7.5,236.0,121.8,25,17.3,47.0,60.8,C,9700,2,32.0,25.0,108,114,14%,14,15,16,32,33,30,46.6,47.0,33.7,60.3,35.2,53.8,5.5,57.5,5.93,57.9,32.5,6.0,57.7,5.965,31.666666666666668,15.0,49.05999999999999,41.699999999999996,59.21842105263158
4,0,Russell Westbrook,0.0,HOU,TOR,2.0,230.5,114.3,6,35.5,43.5,53.5,PG,8800,1,33.0,17.0,103,100,-4%,21,21,20,38,37,34,44.1,45.7,32.5,58.8,35.4,56.3,6.4,45.5,5.17,46.4,35.5,5.3,45.95,5.234999999999999,36.333333333333336,20.666666666666668,45.410000000000004,44.166666666666664,44.89610091743119
4,1,Bradley Beal,0.0,WAS,PHI,7.5,236.0,114.3,21,29.0,45.2,57.5,SG,8700,1,32.0,23.0,102,101,-12%,25,19,22,38,35,37,45.2,47.6,35.0,60.1,38.1,44.0,5.1,43.8,5.03,52.0,39.5,6.0,47.9,5.515000000000001,36.666666666666664,22.0,47.160000000000004,43.9,51.60136363636364
4,2,Al Horford,0.0,PHI,WAS,-7.5,236.0,121.8,27,28.3,33.0,41.5,PF/C,6400,2,20.0,19.0,108,114,0%,10,10,12,33,33,32,35.3,34.2,25.8,42.7,28.9,23.3,3.6,38.0,5.94,38.2,32.5,6.0,38.1,5.970000000000001,32.666666666666664,10.666666666666666,35.22,34.266666666666666,37.90561224489796
4,3,Troy Brown,0.0,WAS,PHI,7.5,236.0,114.3,21,7.8,18.9,26.3,SG/SF,3800,1,16.0,13.0,102,101,-6%,6,7,7,22,20,21,18.9,18.5,10.6,26.4,18.0,23.0,6.1,17.0,4.47,20.5,23.5,5.4,18.75,4.9350000000000005,21.0,6.666666666666667,18.63,17.666666666666668,20.982142857142858
4,4,Chris Clemons,0.0,HOU,TOR,2.0,230.5,114.3,6,2.0,7.0,17.5,PG,3000,1,21.0,12.0,103,100,-4%,8,4,4,13,7,9,5.0,7.4,-1.8,16.6,3.5,1.3,0.4,4.8,1.58,0.0,0.0,0.0,2.4,0.79,9.666666666666666,5.333333333333333,5.92,8.833333333333334,0.0
4,5,Paul Millsap,0.0,DEN,NY,-9.5,203.0,106.3,17,9.5,25.7,37.5,PF/C,4900,1,20.0,20.0,100,110,3%,9,10,10,25,26,26,25.7,26.9,17.4,36.3,21.6,25.5,5.2,24.5,5.0,26.2,26.5,5.3,25.35,5.15,25.666666666666668,9.666666666666666,26.329999999999995,24.233333333333334,26.17305194805195
4,6,Cheick Diallo,0.0,PHO,NO,4.5,235.0,115.3,14,4.0,21.7,32.0,PF/C,4100,0,16.0,24.0,107,111,4%,5,6,3,11,19,10,21.6,11.2,-0.1,22.5,11.4,14.5,3.5,17.0,4.15,13.7,14.0,3.3,15.35,3.725,13.333333333333334,4.666666666666667,14.11,19.233333333333334,16.1175
4,7,Ty Jerome,0.0,PHO,NO,4.5,235.0,115.3,25,18.8,19.3,19.8,PG/SG,3500,0,0.0,0.0,107,111,10%,5,5,5,15,15,15,19.3,19.3,18.5,20.0,9.3,10.0,2.9,13.5,3.86,11.6,13.5,3.3,12.55,3.58,15.0,5.0,17.93,19.3,11.295
6,0,Terence Davis,0.0,TOR,HOU,-2.0,230.5,116.3,24,6.8,18.0,29.0,PG/SG,3500,1,17.0,16.0,108,106,5%,5,7,5,19,20,16,17.9,15.1,4.1,26.1,14.2,14.3,4.1,13.8,3.93,13.3,14.0,3.8,13.55,3.865,18.333333333333332,5.666666666666667,15.35,17.933333333333334,10.347272727272728
6,1,Malik Beasley,0.0,DEN,NY,-9.5,203.0,106.3,3,5.5,12.1,19.0,PG/SG,3000,1,21.0,9.0,100,110,-4%,10,6,6,17,14,15,12.1,11.3,3.9,18.8,23.6,19.0,6.3,11.8,3.92,12.1,16.0,4.0,11.95,3.96,15.333333333333334,7.333333333333333,11.61,12.200000000000001,12.469565217391303
6,2,Pascal Siakam,0.0,TOR,HOU,-2.0,230.5,116.3,23,32.0,43.1,53.3,PF/C,8400,1,29.0,20.0,108,106,5%,18,20,20,37,37,37,43.0,45.7,35.5,56.0,36.4,43.8,5.2,43.3,5.15,45.8,36.0,5.5,44.55,5.325,37.0,19.333333333333332,44.95,42.79999999999999,43.34594594594595
6,3,Kevin Knox,0.0,NY,DEN,9.5,203.0,96.8,11,4.0,11.7,21.8,SF/PF,3700,2,0.0,0.0,100,100,-8%,9,6,7,22,17,20,11.7,15.4,8.4,22.4,21.7,15.5,4.2,11.8,3.18,9.1,12.0,2.5,10.45,2.84,19.666666666666668,7.333333333333333,13.669999999999998,12.5,6.376271186440677
6,4,Troy Brown,0.0,WAS,PHI,7.5,236.0,114.3,21,7.8,18.9,26.3,SG/SF,3800,1,16.0,13.0,102,101,-6%,6,7,7,22,20,21,18.9,18.5,10.6,26.4,18.0,23.0,6.1,17.0,4.47,20.5,23.5,5.4,18.75,4.9350000000000005,21.0,6.666666666666667,18.63,17.666666666666668,20.982142857142858
6,5,Al Horford,0.0,PHI,WAS,-7.5,236.0,121.8,27,28.3,33.0,41.5,PF/C,6400,2,20.0,19.0,108,114,0%,10,10,12,33,33,32,35.3,34.2,25.8,42.7,28.9,23.3,3.6,38.0,5.94,38.2,32.5,6.0,38.1,5.970000000000001,32.666666666666664,10.666666666666666,35.22,34.266666666666666,37.90561224489796
6,6,Jerami Grant,0.0,DEN,NY,-9.5,203.0,106.3,17,10.5,17.0,31.0,PF/C,3700,1,18.0,12.0,100,110,0%,7,7,8,25,23,22,17.0,17.1,9.6,24.5,21.1,22.3,6.0,18.5,5.0,16.8,21.5,4.5,17.65,4.75,23.333333333333332,7.333333333333333,17.169999999999998,19.5,16.263214285714287
6,7,Cheick Diallo,0.0,PHO,NO,4.5,235.0,115.3,14,4.0,21.7,32.0,PF/C,4100,0,16.0,24.0,107,111,4%,5,6,3,11,19,10,21.6,11.2,-0.1,22.5,11.4,14.5,3.5,17.0,4.15,13.7,14.0,3.3,15.35,3.725,13.333333333333334,4.666666666666667,14.11,19.233333333333334,16.1175
7,0,Nickeil Alexander-Walker,0.0,NO,PHO,-4.5,235.0,119.8,26,0.0,12.1,35.3,PG/SG,3000,1,26.0,8.0,105,107,4%,6,7,7,8,13,14,12.1,13.4,0.9,25.9,10.7,13.0,4.3,7.0,2.33,0.0,0.0,0.0,3.5,1.165,11.666666666666666,6.666666666666667,11.16,15.799999999999999,0.0
7,1,Jamal Murray,0.0,DEN,NY,-9.5,203.0,106.3,3,27.0,36.1,41.3,PG/SG,6700,1,27.0,18.0,100,110,1%,17,18,17,36,36,34,37.8,36.1,24.5,47.7,22.2,23.8,3.6,35.8,5.34,35.1,33.5,5.2,35.45,5.27,35.333333333333336,17.333333333333332,36.31,34.800000000000004,33.61061320754717
7,2,Davis Bertans,0.0,WAS,PHI,7.5,236.0,114.3,17,13.3,27.3,35.3,SF/PF,5800,1,16.0,16.0,102,101,-6%,13,10,10,35,29,28,27.3,25.6,16.7,34.4,37.1,31.3,5.4,24.3,4.18,26.6,30.0,4.6,25.450000000000003,4.39,30.666666666666668,11.0,25.890000000000004,25.3,24.89673913043478
7,3,Will Barton,0.0,DEN,NY,-9.5,203.0,106.3,3,21.0,33.5,41.5,PG/SF,5900,1,20.0,16.0,100,110,-4%,13,14,13,39,36,34,33.5,33.8,25.9,41.7,24.1,26.5,4.5,31.8,5.38,32.3,34.5,5.5,32.05,5.4399999999999995,36.333333333333336,13.333333333333334,33.39,32.0,30.432798165137612
7,4,Monte Morris,0.0,DEN,NY,-9.5,203.0,106.3,3,2.3,12.3,23.3,PG,3200,1,21.0,14.0,100,110,1%,4,5,6,14,15,17,12.3,14.7,6.2,23.1,25.8,35.8,11.2,13.8,4.3,13.3,15.0,4.2,13.55,4.25,15.333333333333334,5.0,13.970000000000002,12.633333333333335,13.255434782608697
7,5,Mikal Bridges,0.0,PHO,NO,4.5,235.0,115.3,2,3.3,14.7,31.5,SG/SF,4000,0,13.0,13.0,107,111,3%,10,7,5,28,20,21,14.7,15.9,7.6,24.3,21.5,13.3,3.3,18.5,4.63,17.4,23.0,4.3,17.95,4.465,23.0,7.333333333333333,16.09,16.5,17.95
7,6,Mason Plumlee,0.0,DEN,NY,-9.5,203.0,106.3,17,8.0,20.6,29.8,PF/C,3800,1,21.0,19.0,100,110,-3%,4,6,5,15,16,17,20.6,19.2,12.8,25.7,20.9,41.8,11.0,16.8,4.41,16.0,15.5,4.2,16.4,4.305,16.0,5.0,18.939999999999998,19.46666666666667,15.8875
7,7,Gary Harris,0.0,DEN,NY,-9.5,203.0,106.3,20,11.8,21.0,42.3,SG,4200,1,16.0,10.0,100,110,-4%,13,10,10,35,34,33,20.9,21.5,13.3,29.8,21.9,16.0,3.8,23.8,5.65,21.1,33.0,5.0,22.450000000000003,5.325,34.0,11.0,21.59,25.03333333333333,21.789705882352944
8,0,Monte Morris,0.0,DEN,NY,-9.5,203.0,106.3,3,2.3,12.3,23.3,PG,3200,1,21.0,14.0,100,110,1%,4,5,6,14,15,17,12.3,14.7,6.2,23.1,25.8,35.8,11.2,13.8,4.3,13.3,15.0,4.2,13.55,4.25,15.333333333333334,5.0,13.970000000000002,12.633333333333335,13.255434782608697
8,1,Gary Harris,0.0,DEN,NY,-9.5,203.0,106.3,20,11.8,21.0,42.3,SG,4200,1,16.0,10.0,100,110,-4%,13,10,10,35,34,33,20.9,21.5,13.3,29.8,21.9,16.0,3.8,23.8,5.65,21.1,33.0,5.0,22.450000000000003,5.325,34.0,11.0,21.59,25.03333333333333,21.789705882352944
8,2,Juancho Hernangomez,0.0,DEN,NY,-9.5,203.0,106.3,30,0.3,5.6,9.3,SF/PF,3000,1,13.0,8.0,100,110,3%,3,2,3,10,12,13,5.5,8.2,0.4,16.0,23.9,23.3,7.8,7.5,2.5,7.1,10.5,2.4,7.3,2.45,11.666666666666666,2.6666666666666665,7.4799999999999995,5.066666666666666,6.57
8,3,Kevin Knox,0.0,NY,DEN,9.5,203.0,96.8,11,4.0,11.7,21.8,SF/PF,3700,2,0.0,0.0,100,100,-8%,9,6,7,22,17,20,11.7,15.4,8.4,22.4,21.7,15.5,4.2,11.8,3.18,9.1,12.0,2.5,10.45,2.84,19.666666666666668,7.333333333333333,13.669999999999998,12.5,6.376271186440677
8,4,Ty Jerome,0.0,PHO,NO,4.5,235.0,115.3,25,18.8,19.3,19.8,PG/SG,3500,0,0.0,0.0,107,111,10%,5,5,5,15,15,15,19.3,19.3,18.5,20.0,9.3,10.0,2.9,13.5,3.86,11.6,13.5,3.3,12.55,3.58,15.0,5.0,17.93,19.3,11.295
8,5,P.J. Tucker,0.0,HOU,TOR,2.0,230.5,114.3,22,22.5,27.3,32.8,SF/PF,5000,1,9.0,12.0,103,100,0%,6,7,7,41,38,36,27.7,25.1,16.1,34.1,38.5,40.3,8.1,22.8,4.55,23.4,36.0,4.7,23.1,4.625,38.333333333333336,6.666666666666667,25.22,27.53333333333333,21.69391304347826
8,6,Mitchell Robinson,0.0,NY,DEN,9.5,203.0,96.8,14,11.3,18.7,31.0,C,5100,2,15.0,23.0,100,100,-1%,4,3,5,22,24,21,18.6,23.0,15.6,30.4,29.9,33.3,6.5,23.5,4.61,25.2,24.0,4.9,24.35,4.755000000000001,22.333333333333332,4.0,22.389999999999997,20.333333333333332,26.167164179104482
8,7,Malik Beasley,0.0,DEN,NY,-9.5,203.0,106.3,3,5.5,12.1,19.0,PG/SG,3000,1,21.0,9.0,100,110,-4%,10,6,6,17,14,15,12.1,11.3,3.9,18.8,23.6,19.0,6.3,11.8,3.92,12.1,16.0,4.0,11.95,3.96,15.333333333333334,7.333333333333333,11.61,12.200000000000001,12.469565217391303
9,0,Raul Neto,0.0,PHI,WAS,-7.5,236.0,121.8,30,1.5,5.8,10.5,PG,3000,2,17.0,10.0,108,114,5%,5,3,3,12,10,12,5.8,8.3,0.4,16.2,12.0,13.3,4.4,10.5,3.5,10.5,13.0,3.5,10.5,3.5,11.333333333333334,3.6666666666666665,8.24,5.933333333333334,12.044117647058822
9,1,Frank Jackson,0.0,NO,PHO,-4.5,235.0,119.8,26,1.8,3.6,5.8,PG/SG,3000,1,22.0,9.0,105,107,4%,2,3,7,10,11,16,3.6,11.9,2.9,21.0,9.7,3.3,1.1,4.3,1.42,0.0,0.0,0.0,2.15,0.71,12.333333333333334,4.0,8.309999999999999,3.733333333333333,0.0
9,2,Davis Bertans,0.0,WAS,PHI,7.5,236.0,114.3,17,13.3,27.3,35.3,SF/PF,5800,1,16.0,16.0,102,101,-6%,13,10,10,35,29,28,27.3,25.6,16.7,34.4,37.1,31.3,5.4,24.3,4.18,26.6,30.0,4.6,25.450000000000003,4.39,30.666666666666668,11.0,25.890000000000004,25.3,24.89673913043478
9,3,Mikal Bridges,0.0,PHO,NO,4.5,235.0,115.3,2,3.3,14.7,31.5,SG/SF,4000,0,13.0,13.0,107,111,3%,10,7,5,28,20,21,14.7,15.9,7.6,24.3,21.5,13.3,3.3,18.5,4.63,17.4,23.0,4.3,17.95,4.465,23.0,7.333333333333333,16.09,16.5,17.95
9,4,Austin Rivers,0.0,HOU,TOR,2.0,230.5,114.3,6,8.3,18.6,30.5,PG/SG,4300,1,14.0,10.0,103,100,-4%,10,8,7,36,29,25,18.6,15.5,7.7,23.3,27.6,23.8,5.5,15.8,3.66,14.6,23.0,3.4,15.2,3.5300000000000002,30.0,8.333333333333334,16.060000000000002,19.133333333333336,11.653333333333332
9,5,Will Barton,0.0,DEN,NY,-9.5,203.0,106.3,3,21.0,33.5,41.5,PG/SF,5900,1,20.0,16.0,100,110,-4%,13,14,13,39,36,34,33.5,33.8,25.9,41.7,24.1,26.5,4.5,31.8,5.38,32.3,34.5,5.5,32.05,5.4399999999999995,36.333333333333336,13.333333333333334,33.39,32.0,30.432798165137612
9,6,Rui Hachimura,0.0,WAS,PHI,7.5,236.0,114.3,7,17.5,28.2,48.8,PF/C,5700,1,19.0,14.0,102,101,-10%,18,14,12,39,31,28,28.1,24.6,14.6,34.7,42.5,39.3,6.9,27.3,4.78,27.7,32.5,4.9,27.5,4.84,32.666666666666664,14.666666666666666,25.9,31.5,27.359693877551024
9,7,P.J. Tucker,0.0,HOU,TOR,2.0,230.5,114.3,22,22.5,27.3,32.8,SF/PF,5000,1,9.0,12.0,103,100,0%,6,7,7,41,38,36,27.7,25.1,16.1,34.1,38.5,40.3,8.1,22.8,4.55,23.4,36.0,4.7,23.1,4.625,38.333333333333336,6.666666666666667,25.22,27.53333333333333,21.69391304347826
11,0,Monte Morris,0.0,DEN,NY,-9.5,203.0,106.3,3,2.3,12.3,23.3,PG,3200,1,21.0,14.0,100,110,1%,4,5,6,14,15,17,12.3,14.7,6.2,23.1,25.8,35.8,11.2,13.8,4.3,13.3,15.0,4.2,13.55,4.25,15.333333333333334,5.0,13.970000000000002,12.633333333333335,13.255434782608697
11,1,RJ Barrett,0.0,NY,DEN,9.5,203.0,96.8,4,5.5,24.1,33.3,PG/SG,5600,2,25.0,11.0,100,100,-9%,13,13,14,32,32,33,28.1,30.0,20.4,39.5,22.0,27.3,4.9,27.0,4.82,26.7,31.0,4.8,26.85,4.8100000000000005,32.333333333333336,13.333333333333334,28.97,20.966666666666665,25.742783505154637
11,2,Bobby Portis,0.0,NY,DEN,9.5,203.0,96.8,15,6.0,13.8,20.0,PF/C,3900,2,20.0,13.0,100,100,-9%,8,7,9,20,18,22,13.8,20.9,10.5,31.3,26.6,16.5,4.2,16.8,4.29,17.0,18.5,4.4,16.9,4.345000000000001,20.0,8.0,18.68,13.266666666666666,15.6325
11,3,Tobias Harris,0.0,PHI,WAS,-7.5,236.0,121.8,23,27.5,32.7,42.3,SF/PF,6500,2,23.0,16.0,108,114,11%,20,17,15,36,36,35,32.7,35.5,27.6,43.3,39.7,49.3,7.6,38.0,5.85,37.5,34.5,5.8,37.75,5.824999999999999,35.666666666666664,17.333333333333332,35.37,34.166666666666664,36.51518691588785
11,4,Ben McLemore,0.0,HOU,TOR,2.0,230.5,114.3,24,10.3,22.6,47.8,SG/SF,4500,1,16.0,10.0,103,100,2%,12,9,7,30,27,21,22.6,14.9,3.7,26.2,29.3,40.0,8.9,15.8,3.5,18.0,27.0,4.0,16.9,3.75,26.0,9.333333333333334,16.860000000000003,26.900000000000002,17.549999999999997
11,5,Julius Randle,0.0,NY,DEN,9.5,203.0,96.8,15,27.3,32.8,42.5,PF/C,6300,2,27.0,15.0,100,100,-9%,14,14,14,30,32,33,32.1,34.5,25.9,43.2,21.4,16.5,2.6,36.0,5.71,35.1,33.0,5.6,35.55,5.654999999999999,31.666666666666668,14.0,34.25,34.199999999999996,37.04684210526315
11,6,Marc Gasol,0.0,TOR,HOU,-2.0,230.5,116.3,10,16.3,24.1,31.3,C,4400,1,13.0,9.0,108,106,3%,9,7,7,29,30,29,24.1,23.0,16.6,29.4,28.9,31.5,7.2,27.8,6.31,23.9,27.5,5.4,25.85,5.855,29.333333333333332,7.666666666666667,23.79,23.900000000000002,24.234375000000004
11,7,Rui Hachimura,0.0,WAS,PHI,7.5,236.0,114.3,7,17.5,28.2,48.8,PF/C,5700,1,19.0,14.0,102,101,-10%,18,14,12,39,31,28,28.1,24.6,14.6,34.7,42.5,39.3,6.9,27.3,4.78,27.7,32.5,4.9,27.5,4.84,32.666666666666664,14.666666666666666,25.9,31.5,27.359693877551024
12,0,Devin Booker,0.0,PHO,NO,4.5,235.0,115.3,25,18.8,33.3,45.0,PG/SG,7500,0,29.0,19.0,107,111,6%,16,16,17,34,36,35,33.3,38.7,27.6,49.9,42.5,71.5,9.5,42.3,5.63,41.1,36.0,5.5,41.7,5.5649999999999995,35.0,16.333333333333332,38.239999999999995,32.36666666666667,42.89142857142858
12,1,Bradley Beal,0.0,WAS,PHI,7.5,236.0,114.3,21,29.0,45.2,57.5,SG,8700,1,32.0,23.0,102,101,-12%,25,19,22,38,35,37,45.2,47.6,35.0,60.1,38.1,44.0,5.1,43.8,5.03,52.0,39.5,6.0,47.9,5.515000000000001,36.666666666666664,22.0,47.160000000000004,43.9,51.60136363636364
12,2,P.J. Tucker,0.0,HOU,TOR,2.0,230.5,114.3,22,22.5,27.3,32.8,SF/PF,5000,1,9.0,12.0,103,100,0%,6,7,7,41,38,36,27.7,25.1,16.1,34.1,38.5,40.3,8.1,22.8,4.55,23.4,36.0,4.7,23.1,4.625,38.333333333333336,6.666666666666667,25.22,27.53333333333333,21.69391304347826
12,3,OG Anunoby,0.0,TOR,HOU,-2.0,230.5,116.3,27,14.8,24.5,35.0,SF/PF,4600,1,14.0,14.0,108,106,12%,5,7,9,26,31,31,24.5,26.3,16.0,36.5,23.5,22.5,4.9,23.8,5.16,24.6,29.0,5.3,24.200000000000003,5.23,29.333333333333332,7.0,25.5,24.766666666666666,23.925000000000004
12,4,Mikal Bridges,0.0,PHO,NO,4.5,235.0,115.3,2,3.3,14.7,31.5,SG/SF,4000,0,13.0,13.0,107,111,3%,10,7,5,28,20,21,14.7,15.9,7.6,24.3,21.5,13.3,3.3,18.5,4.63,17.4,23.0,4.3,17.95,4.465,23.0,7.333333333333333,16.09,16.5,17.95
12,5,Pascal Siakam,0.0,TOR,HOU,-2.0,230.5,116.3,23,32.0,43.1,53.3,PF/C,8400,1,29.0,20.0,108,106,5%,18,20,20,37,37,37,43.0,45.7,35.5,56.0,36.4,43.8,5.2,43.3,5.15,45.8,36.0,5.5,44.55,5.325,37.0,19.333333333333332,44.95,42.79999999999999,43.34594594594595
12,6,Taj Gibson,0.0,NY,DEN,9.5,203.0,96.8,15,8.5,16.1,24.5,PF/C,3800,2,16.0,15.0,100,100,-9%,7,6,5,20,19,16,15.9,14.3,6.5,22.0,18.1,11.5,3.0,17.8,4.67,17.2,19.5,4.5,17.5,4.585,18.333333333333332,6.0,15.24,16.366666666666667,18.613636363636363
12,7,Rui Hachimura,0.0,WAS,PHI,7.5,236.0,114.3,7,17.5,28.2,48.8,PF/C,5700,1,19.0,14.0,102,101,-10%,18,14,12,39,31,28,28.1,24.6,14.6,34.7,42.5,39.3,6.9,27.3,4.78,27.7,32.5,4.9,27.5,4.84,32.666666666666664,14.666666666666666,25.9,31.5,27.359693877551024
13,0,Russell Westbrook,0.0,HOU,TOR,2.0,230.5,114.3,6,35.5,43.5,53.5,PG,8800,1,33.0,17.0,103,100,-4%,21,21,20,38,37,34,44.1,45.7,32.5,58.8,35.4,56.3,6.4,45.5,5.17,46.4,35.5,5.3,45.95,5.234999999999999,36.333333333333336,20.666666666666668,45.410000000000004,44.166666666666664,44.89610091743119
13,1,JJ Redick,0.0,NO,PHO,-4.5,235.0,119.8,15,21.0,25.5,30.5,SG/SF,4800,1,19.0,15.0,105,107,0%,11,12,11,30,31,29,25.5,24.6,14.6,34.6,34.3,37.0,7.7,23.0,4.79,26.2,29.0,5.5,24.6,5.145,30.0,11.333333333333334,24.78,25.666666666666668,23.78
13,2,Frank Kaminsky,0.0,PHO,NO,4.5,235.0,115.3,14,8.0,21.8,36.8,PF/C,5300,0,20.0,12.0,107,111,4%,12,8,9,30,22,24,21.8,22.1,12.2,32.1,32.6,33.0,6.2,28.5,5.38,27.1,30.0,5.1,27.8,5.24,25.333333333333332,9.666666666666666,23.2,22.2,32.921052631578945
13,3,Wayne Ellington,0.0,NY,DEN,9.5,203.0,96.8,25,0.0,8.7,20.8,SG/SF,3000,2,16.0,5.0,100,100,-3%,3,4,5,11,16,15,8.7,8.6,1.5,15.6,10.8,10.3,3.4,5.0,1.67,0.0,0.0,0.0,2.5,0.835,14.0,4.0,7.38,9.833333333333334,0.0
13,4,Matisse Thybulle,0.0,PHI,WAS,-7.5,236.0,121.8,9,5.0,14.2,32.8,SG/SF,3600,2,14.0,9.0,108,114,5%,4,4,4,23,18,16,14.2,11.1,2.2,20.0,31.0,23.8,6.6,18.3,5.07,17.8,23.0,4.9,18.05,4.985,19.0,4.0,13.11,17.333333333333332,21.85
13,5,Mikal Bridges,0.0,PHO,NO,4.5,235.0,115.3,2,3.3,14.7,31.5,SG/SF,4000,0,13.0,13.0,107,111,3%,10,7,5,28,20,21,14.7,15.9,7.6,24.3,21.5,13.3,3.3,18.5,4.63,17.4,23.0,4.3,17.95,4.465,23.0,7.333333333333333,16.09,16.5,17.95
13,6,Marc Gasol,0.0,TOR,HOU,-2.0,230.5,116.3,10,16.3,24.1,31.3,C,4400,1,13.0,9.0,108,106,3%,9,7,7,29,30,29,24.1,23.0,16.6,29.4,28.9,31.5,7.2,27.8,6.31,23.9,27.5,5.4,25.85,5.855,29.333333333333332,7.666666666666667,23.79,23.900000000000002,24.234375000000004
13,7,James Harden,0.0,HOU,TOR,2.0,230.5,114.3,6,55.5,70.2,85.3,PG/SG,12000,1,40.0,32.0,103,100,-4%,31,25,25,40,40,38,70.3,64.9,52.9,76.8,40.4,47.8,4.0,60.0,5.0,61.7,37.5,5.1,60.85,5.05,39.333333333333336,27.0,65.15,70.33333333333333,58.01377118644067
14,0,Lonzo Ball,0.0,NO,PHO,-4.5,235.0,119.8,26,16.3,23.2,31.5,PG,5300,1,22.0,12.0,105,107,4%,12,12,11,32,26,28,23.1,27.3,18.5,36.2,43.5,54.0,10.2,30.3,5.71,31.7,31.0,6.0,31.0,5.855,28.666666666666668,11.666666666666666,27.220000000000006,23.666666666666668,33.52325581395348
14,1,Nickeil Alexander-Walker,0.0,NO,PHO,-4.5,235.0,119.8,26,0.0,12.1,35.3,PG/SG,3000,1,26.0,8.0,105,107,4%,6,7,7,8,13,14,12.1,13.4,0.9,25.9,10.7,13.0,4.3,7.0,2.33,0.0,0.0,0.0,3.5,1.165,11.666666666666666,6.666666666666667,11.16,15.799999999999999,0.0
14,2,Jerami Grant,0.0,DEN,NY,-9.5,203.0,106.3,17,10.5,17.0,31.0,PF/C,3700,1,18.0,12.0,100,110,0%,7,7,8,25,23,22,17.0,17.1,9.6,24.5,21.1,22.3,6.0,18.5,5.0,16.8,21.5,4.5,17.65,4.75,23.333333333333332,7.333333333333333,17.169999999999998,19.5,16.263214285714287
14,3,Dario Saric,0.0,PHO,NO,4.5,235.0,115.3,24,20.0,34.9,47.8,SF/PF,6000,0,17.0,13.0,107,111,4%,9,10,9,29,32,29,34.9,26.6,14.6,38.6,25.9,15.8,2.6,27.5,4.58,29.3,31.0,4.9,28.4,4.74,30.0,9.333333333333334,28.619999999999997,34.23333333333333,29.346666666666668
14,4,Raul Neto,0.0,PHI,WAS,-7.5,236.0,121.8,30,1.5,5.8,10.5,PG,3000,2,17.0,10.0,108,114,5%,5,3,3,12,10,12,5.8,8.3,0.4,16.2,12.0,13.3,4.4,10.5,3.5,10.5,13.0,3.5,10.5,3.5,11.333333333333334,3.6666666666666665,8.24,5.933333333333334,12.044117647058822
14,5,Rui Hachimura,0.0,WAS,PHI,7.5,236.0,114.3,7,17.5,28.2,48.8,PF/C,5700,1,19.0,14.0,102,101,-10%,18,14,12,39,31,28,28.1,24.6,14.6,34.7,42.5,39.3,6.9,27.3,4.78,27.7,32.5,4.9,27.5,4.84,32.666666666666664,14.666666666666666,25.9,31.5,27.359693877551024
14,6,Serge Ibaka,0.0,TOR,HOU,-2.0,230.5,116.3,23,15.0,25.2,35.5,PF/C,4700,1,25.0,18.0,108,106,5%,11,13,11,21,24,24,28.6,27.3,21.6,32.9,17.4,18.3,3.9,26.5,5.64,24.8,21.5,5.3,25.65,5.47,23.0,11.666666666666666,27.21,25.233333333333334,23.977173913043476
14,7,Mason Plumlee,0.0,DEN,NY,-9.5,203.0,106.3,17,8.0,20.6,29.8,PF/C,3800,1,21.0,19.0,100,110,-3%,4,6,5,15,16,17,20.6,19.2,12.8,25.7,20.9,41.8,11.0,16.8,4.41,16.0,15.5,4.2,16.4,4.305,16.0,5.0,18.939999999999998,19.46666666666667,15.8875
15,0,Fred VanVleet,0.0,TOR,HOU,-2.0,230.5,116.3,24,24.3,40.7,49.8,PG/SG,6600,1,23.0,17.0,108,106,-7%,13,14,15,38,37,38,40.6,39.0,29.3,48.6,38.5,43.5,6.6,36.0,5.45,37.9,36.0,5.7,36.95,5.575,37.666666666666664,14.0,38.89,38.266666666666666,35.31504424778761
15,1,Wayne Ellington,0.0,NY,DEN,9.5,203.0,96.8,25,0.0,8.7,20.8,SG/SF,3000,2,16.0,5.0,100,100,-3%,3,4,5,11,16,15,8.7,8.6,1.5,15.6,10.8,10.3,3.4,5.0,1.67,0.0,0.0,0.0,2.5,0.835,14.0,4.0,7.38,9.833333333333334,0.0
15,2,Kelly Oubre Jr.,0.0,PHO,NO,4.5,235.0,115.3,24,15.3,26.9,48.0,SF/PF,6100,0,22.0,17.0,107,111,3%,13,14,13,30,34,32,33.9,31.7,20.0,43.4,47.0,48.8,8.0,32.8,5.37,32.6,32.0,5.3,32.7,5.335,32.0,13.333333333333334,32.339999999999996,30.066666666666666,32.7
15,3,Brandon Ingram,0.0,NO,PHO,-4.5,235.0,119.8,6,39.3,43.5,47.3,SF/PF,8200,1,29.0,22.0,105,107,0%,17,19,20,39,38,36,43.5,46.3,39.2,53.4,30.4,32.5,4.0,43.8,5.34,47.4,36.0,5.8,45.599999999999994,5.57,37.666666666666664,18.666666666666668,45.599999999999994,43.36666666666667,43.58230088495575
15,4,Russell Westbrook,0.0,HOU,TOR,2.0,230.5,114.3,6,35.5,43.5,53.5,PG,8800,1,33.0,17.0,103,100,-4%,21,21,20,38,37,34,44.1,45.7,32.5,58.8,35.4,56.3,6.4,45.5,5.17,46.4,35.5,5.3,45.95,5.234999999999999,36.333333333333336,20.666666666666668,45.410000000000004,44.166666666666664,44.89610091743119
15,5,Will Barton,0.0,DEN,NY,-9.5,203.0,106.3,3,21.0,33.5,41.5,PG/SF,5900,1,20.0,16.0,100,110,-4%,13,14,13,39,36,34,33.5,33.8,25.9,41.7,24.1,26.5,4.5,31.8,5.38,32.3,34.5,5.5,32.05,5.4399999999999995,36.333333333333336,13.333333333333334,33.39,32.0,30.432798165137612
15,6,Taj Gibson,0.0,NY,DEN,9.5,203.0,96.8,15,8.5,16.1,24.5,PF/C,3800,2,16.0,15.0,100,100,-9%,7,6,5,20,19,16,15.9,14.3,6.5,22.0,18.1,11.5,3.0,17.8,4.67,17.2,19.5,4.5,17.5,4.585,18.333333333333332,6.0,15.24,16.366666666666667,18.613636363636363
15,7,Monte Morris,0.0,DEN,NY,-9.5,203.0,106.3,3,2.3,12.3,23.3,PG,3200,1,21.0,14.0,100,110,1%,4,5,6,14,15,17,12.3,14.7,6.2,23.1,25.8,35.8,11.2,13.8,4.3,13.3,15.0,4.2,13.55,4.25,15.333333333333334,5.0,13.970000000000002,12.633333333333335,13.255434782608697
18,0,Fred VanVleet,0.0,TOR,HOU,-2.0,230.5,116.3,24,24.3,40.7,49.8,PG/SG,6600,1,23.0,17.0,108,106,-7%,13,14,15,38,37,38,40.6,39.0,29.3,48.6,38.5,43.5,6.6,36.0,5.45,37.9,36.0,5.7,36.95,5.575,37.666666666666664,14.0,38.89,38.266666666666666,35.31504424778761
18,1,Malik Beasley,0.0,DEN,NY,-9.5,203.0,106.3,3,5.5,12.1,19.0,PG/SG,3000,1,21.0,9.0,100,110,-4%,10,6,6,17,14,15,12.1,11.3,3.9,18.8,23.6,19.0,6.3,11.8,3.92,12.1,16.0,4.0,11.95,3.96,15.333333333333334,7.333333333333333,11.61,12.200000000000001,12.469565217391303
18,2,Paul Millsap,0.0,DEN,NY,-9.5,203.0,106.3,17,9.5,25.7,37.5,PF/C,4900,1,20.0,20.0,100,110,3%,9,10,10,25,26,26,25.7,26.9,17.4,36.3,21.6,25.5,5.2,24.5,5.0,26.2,26.5,5.3,25.35,5.15,25.666666666666668,9.666666666666666,26.329999999999995,24.233333333333334,26.17305194805195
18,3,Rondae Hollis-Jefferson,0.0,TOR,HOU,-2.0,230.5,116.3,27,10.3,21.7,34.5,SF/PF,3800,1,17.0,19.0,108,106,12%,6,7,7,20,23,24,21.6,23.0,14.9,31.2,11.4,7.8,2.1,18.5,4.87,15.3,15.0,4.0,16.9,4.4350000000000005,22.333333333333332,6.666666666666667,21.52,22.166666666666668,11.350746268656716
18,4,Raul Neto,0.0,PHI,WAS,-7.5,236.0,121.8,30,1.5,5.8,10.5,PG,3000,2,17.0,10.0,108,114,5%,5,3,3,12,10,12,5.8,8.3,0.4,16.2,12.0,13.3,4.4,10.5,3.5,10.5,13.0,3.5,10.5,3.5,11.333333333333334,3.6666666666666665,8.24,5.933333333333334,12.044117647058822
18,5,Ben Simmons,0.0,PHI,WAS,-7.5,236.0,121.8,30,35.3,42.5,52.0,PG/SF,8000,2,22.0,17.0,108,114,5%,12,11,11,36,37,36,42.7,41.0,34.1,47.9,36.0,42.3,5.3,45.5,5.69,44.6,35.0,5.6,45.05,5.645,36.333333333333336,11.333333333333334,42.15,43.26666666666667,43.396788990825684
18,6,Julius Randle,0.0,NY,DEN,9.5,203.0,96.8,15,27.3,32.8,42.5,PF/C,6300,2,27.0,15.0,100,100,-9%,14,14,14,30,32,33,32.1,34.5,25.9,43.2,21.4,16.5,2.6,36.0,5.71,35.1,33.0,5.6,35.55,5.654999999999999,31.666666666666668,14.0,34.25,34.199999999999996,37.04684210526315
18,7,Furkan Korkmaz,0.0,PHI,WAS,-7.5,236.0,121.8,9,5.0,12.8,18.0,SG/SF,3500,2,16.0,9.0,108,114,13%,8,7,8,23,23,24,12.8,15.3,7.2,23.4,19.5,11.8,3.4,19.3,5.5,17.6,24.0,5.0,18.450000000000003,5.25,23.333333333333332,7.666666666666667,15.430000000000001,11.933333333333332,18.977142857142862
19,0,Devin Booker,0.0,PHO,NO,4.5,235.0,115.3,25,18.8,33.3,45.0,PG/SG,7500,0,29.0,19.0,107,111,6%,16,16,17,34,36,35,33.3,38.7,27.6,49.9,42.5,71.5,9.5,42.3,5.63,41.1,36.0,5.5,41.7,5.5649999999999995,35.0,16.333333333333332,38.239999999999995,32.36666666666667,42.89142857142858
19,1,Josh Hart,0.0,NO,PHO,-4.5,235.0,119.8,15,17.3,25.8,38.3,SG/SF,4500,1,16.0,14.0,105,107,-6%,8,8,9,30,29,29,25.8,27.9,18.6,37.2,21.4,16.5,3.7,20.3,4.5,21.9,25.5,4.9,21.1,4.7,29.333333333333332,8.333333333333334,26.119999999999997,27.133333333333336,18.342613636363637
19,2,P.J. Tucker,0.0,HOU,TOR,2.0,230.5,114.3,22,22.5,27.3,32.8,SF/PF,5000,1,9.0,12.0,103,100,0%,6,7,7,41,38,36,27.7,25.1,16.1,34.1,38.5,40.3,8.1,22.8,4.55,23.4,36.0,4.7,23.1,4.625,38.333333333333336,6.666666666666667,25.22,27.53333333333333,21.69391304347826
19,3,Mikal Bridges,0.0,PHO,NO,4.5,235.0,115.3,2,3.3,14.7,31.5,SG/SF,4000,0,13.0,13.0,107,111,3%,10,7,5,28,20,21,14.7,15.9,7.6,24.3,21.5,13.3,3.3,18.5,4.63,17.4,23.0,4.3,17.95,4.465,23.0,7.333333333333333,16.09,16.5,17.95
19,4,Jamal Murray,0.0,DEN,NY,-9.5,203.0,106.3,3,27.0,36.1,41.3,PG/SG,6700,1,27.0,18.0,100,110,1%,17,18,17,36,36,34,37.8,36.1,24.5,47.7,22.2,23.8,3.6,35.8,5.34,35.1,33.5,5.2,35.45,5.27,35.333333333333336,17.333333333333332,36.31,34.800000000000004,33.61061320754717
19,5,Serge Ibaka,0.0,TOR,HOU,-2.0,230.5,116.3,23,15.0,25.2,35.5,PF/C,4700,1,25.0,18.0,108,106,5%,11,13,11,21,24,24,28.6,27.3,21.6,32.9,17.4,18.3,3.9,26.5,5.64,24.8,21.5,5.3,25.65,5.47,23.0,11.666666666666666,27.21,25.233333333333334,23.977173913043476
19,6,Clint Capela,0.0,HOU,TOR,2.0,230.5,114.3,8,39.8,51.6,58.3,C,7900,1,16.0,23.0,103,100,-8%,13,13,10,40,38,33,51.8,41.5,28.0,55.1,32.2,28.8,3.6,42.3,5.35,42.8,35.0,5.4,42.55,5.375,37.0,12.0,43.79,49.9,40.25
19,7,Dario Saric,0.0,PHO,NO,4.5,235.0,115.3,24,20.0,34.9,47.8,SF/PF,6000,0,17.0,13.0,107,111,4%,9,10,9,29,32,29,34.9,26.6,14.6,38.6,25.9,15.8,2.6,27.5,4.58,29.3,31.0,4.9,28.4,4.74,30.0,9.333333333333334,28.619999999999997,34.23333333333333,29.346666666666668
20,0,Raul Neto,0.0,PHI,WAS,-7.5,236.0,121.8,30,1.5,5.8,10.5,PG,3000,2,17.0,10.0,108,114,5%,5,3,3,12,10,12,5.8,8.3,0.4,16.2,12.0,13.3,4.4,10.5,3.5,10.5,13.0,3.5,10.5,3.5,11.333333333333334,3.6666666666666665,8.24,5.933333333333334,12.044117647058822
20,1,Furkan Korkmaz,0.0,PHI,WAS,-7.5,236.0,121.8,9,5.0,12.8,18.0,SG/SF,3500,2,16.0,9.0,108,114,13%,8,7,8,23,23,24,12.8,15.3,7.2,23.4,19.5,11.8,3.4,19.3,5.5,17.6,24.0,5.0,18.450000000000003,5.25,23.333333333333332,7.666666666666667,15.430000000000001,11.933333333333332,18.977142857142862
20,2,Rondae Hollis-Jefferson,0.0,TOR,HOU,-2.0,230.5,116.3,27,10.3,21.7,34.5,SF/PF,3800,1,17.0,19.0,108,106,12%,6,7,7,20,23,24,21.6,23.0,14.9,31.2,11.4,7.8,2.1,18.5,4.87,15.3,15.0,4.0,16.9,4.4350000000000005,22.333333333333332,6.666666666666667,21.52,22.166666666666668,11.350746268656716
20,3,Josh Hart,0.0,NO,PHO,-4.5,235.0,119.8,15,17.3,25.8,38.3,SG/SF,4500,1,16.0,14.0,105,107,-6%,8,8,9,30,29,29,25.8,27.9,18.6,37.2,21.4,16.5,3.7,20.3,4.5,21.9,25.5,4.9,21.1,4.7,29.333333333333332,8.333333333333334,26.119999999999997,27.133333333333336,18.342613636363637
20,4,Terence Davis,0.0,TOR,HOU,-2.0,230.5,116.3,24,6.8,18.0,29.0,PG/SG,3500,1,17.0,16.0,108,106,5%,5,7,5,19,20,16,17.9,15.1,4.1,26.1,14.2,14.3,4.1,13.8,3.93,13.3,14.0,3.8,13.55,3.865,18.333333333333332,5.666666666666667,15.35,17.933333333333334,10.347272727272728
20,5,Al Horford,0.0,PHI,WAS,-7.5,236.0,121.8,27,28.3,33.0,41.5,PF/C,6400,2,20.0,19.0,108,114,0%,10,10,12,33,33,32,35.3,34.2,25.8,42.7,28.9,23.3,3.6,38.0,5.94,38.2,32.5,6.0,38.1,5.970000000000001,32.666666666666664,10.666666666666666,35.22,34.266666666666666,37.90561224489796
20,6,Joel Embiid,0.0,PHI,WAS,-7.5,236.0,121.8,25,17.3,47.0,60.8,C,9700,2,32.0,25.0,108,114,14%,14,15,16,32,33,30,46.6,47.0,33.7,60.3,35.2,53.8,5.5,57.5,5.93,57.9,32.5,6.0,57.7,5.965,31.666666666666668,15.0,49.05999999999999,41.699999999999996,59.21842105263158
20,7,Frank Kaminsky,0.0,PHO,NO,4.5,235.0,115.3,14,8.0,21.8,36.8,PF/C,5300,0,20.0,12.0,107,111,4%,12,8,9,30,22,24,21.8,22.1,12.2,32.1,32.6,33.0,6.2,28.5,5.38,27.1,30.0,5.1,27.8,5.24,25.333333333333332,9.666666666666666,23.2,22.2,32.921052631578945
21,0,RJ Barrett,0.0,NY,DEN,9.5,203.0,96.8,4,5.5,24.1,33.3,PG/SG,5600,2,25.0,11.0,100,100,-9%,13,13,14,32,32,33,28.1,30.0,20.4,39.5,22.0,27.3,4.9,27.0,4.82,26.7,31.0,4.8,26.85,4.8100000000000005,32.333333333333336,13.333333333333334,28.97,20.966666666666665,25.742783505154637
21,1,Furkan Korkmaz,0.0,PHI,WAS,-7.5,236.0,121.8,9,5.0,12.8,18.0,SG/SF,3500,2,16.0,9.0,108,114,13%,8,7,8,23,23,24,12.8,15.3,7.2,23.4,19.5,11.8,3.4,19.3,5.5,17.6,24.0,5.0,18.450000000000003,5.25,23.333333333333332,7.666666666666667,15.430000000000001,11.933333333333332,18.977142857142862
21,2,P.J. Tucker,0.0,HOU,TOR,2.0,230.5,114.3,22,22.5,27.3,32.8,SF/PF,5000,1,9.0,12.0,103,100,0%,6,7,7,41,38,36,27.7,25.1,16.1,34.1,38.5,40.3,8.1,22.8,4.55,23.4,36.0,4.7,23.1,4.625,38.333333333333336,6.666666666666667,25.22,27.53333333333333,21.69391304347826
21,3,JJ Redick,0.0,NO,PHO,-4.5,235.0,119.8,15,21.0,25.5,30.5,SG/SF,4800,1,19.0,15.0,105,107,0%,11,12,11,30,31,29,25.5,24.6,14.6,34.6,34.3,37.0,7.7,23.0,4.79,26.2,29.0,5.5,24.6,5.145,30.0,11.333333333333334,24.78,25.666666666666668,23.78
21,4,Ty Jerome,0.0,PHO,NO,4.5,235.0,115.3,25,18.8,19.3,19.8,PG/SG,3500,0,0.0,0.0,107,111,10%,5,5,5,15,15,15,19.3,19.3,18.5,20.0,9.3,10.0,2.9,13.5,3.86,11.6,13.5,3.3,12.55,3.58,15.0,5.0,17.93,19.3,11.295
21,5,Jerami Grant,0.0,DEN,NY,-9.5,203.0,106.3,17,10.5,17.0,31.0,PF/C,3700,1,18.0,12.0,100,110,0%,7,7,8,25,23,22,17.0,17.1,9.6,24.5,21.1,22.3,6.0,18.5,5.0,16.8,21.5,4.5,17.65,4.75,23.333333333333332,7.333333333333333,17.169999999999998,19.5,16.263214285714287
21,6,Bobby Portis,0.0,NY,DEN,9.5,203.0,96.8,15,6.0,13.8,20.0,PF/C,3900,2,20.0,13.0,100,100,-9%,8,7,9,20,18,22,13.8,20.9,10.5,31.3,26.6,16.5,4.2,16.8,4.29,17.0,18.5,4.4,16.9,4.345000000000001,20.0,8.0,18.68,13.266666666666666,15.6325
21,7,Terence Davis,0.0,TOR,HOU,-2.0,230.5,116.3,24,6.8,18.0,29.0,PG/SG,3500,1,17.0,16.0,108,106,5%,5,7,5,19,20,16,17.9,15.1,4.1,26.1,14.2,14.3,4.1,13.8,3.93,13.3,14.0,3.8,13.55,3.865,18.333333333333332,5.666666666666667,15.35,17.933333333333334,10.347272727272728
23,0,Devin Booker,0.0,PHO,NO,4.5,235.0,115.3,25,18.8,33.3,45.0,PG/SG,7500,0,29.0,19.0,107,111,6%,16,16,17,34,36,35,33.3,38.7,27.6,49.9,42.5,71.5,9.5,42.3,5.63,41.1,36.0,5.5,41.7,5.5649999999999995,35.0,16.333333333333332,38.239999999999995,32.36666666666667,42.89142857142858
23,1,Frank Jackson,0.0,NO,PHO,-4.5,235.0,119.8,26,1.8,3.6,5.8,PG/SG,3000,1,22.0,9.0,105,107,4%,2,3,7,10,11,16,3.6,11.9,2.9,21.0,9.7,3.3,1.1,4.3,1.42,0.0,0.0,0.0,2.15,0.71,12.333333333333334,4.0,8.309999999999999,3.733333333333333,0.0
23,2,Rondae Hollis-Jefferson,0.0,TOR,HOU,-2.0,230.5,116.3,27,10.3,21.7,34.5,SF/PF,3800,1,17.0,19.0,108,106,12%,6,7,7,20,23,24,21.6,23.0,14.9,31.2,11.4,7.8,2.1,18.5,4.87,15.3,15.0,4.0,16.9,4.4350000000000005,22.333333333333332,6.666666666666667,21.52,22.166666666666668,11.350746268656716
23,3,Norman Powell,0.0,TOR,HOU,-2.0,230.5,116.3,13,17.0,30.3,42.0,SG/SF,5100,1,19.0,14.0,108,106,12%,13,13,10,34,31,28,30.3,23.6,13.8,33.5,24.6,21.0,4.1,22.5,4.41,23.8,27.5,4.7,23.15,4.555,31.0,12.0,24.869999999999997,29.766666666666666,20.536290322580644
23,4,Raul Neto,0.0,PHI,WAS,-7.5,236.0,121.8,30,1.5,5.8,10.5,PG,3000,2,17.0,10.0,108,114,5%,5,3,3,12,10,12,5.8,8.3,0.4,16.2,12.0,13.3,4.4,10.5,3.5,10.5,13.0,3.5,10.5,3.5,11.333333333333334,3.6666666666666665,8.24,5.933333333333334,12.044117647058822
23,5,Cameron Johnson,0.0,PHO,NO,4.5,235.0,115.3,24,7.5,14.2,28.5,SF/PF,3000,0,18.0,14.0,107,111,10%,7,7,7,18,21,19,14.2,15.6,6.6,24.5,31.0,32.5,10.8,13.8,4.58,14.3,17.5,4.8,14.05,4.6899999999999995,19.333333333333332,7.0,14.99,16.733333333333334,12.717672413793103
23,6,Julius Randle,0.0,NY,DEN,9.5,203.0,96.8,15,27.3,32.8,42.5,PF/C,6300,2,27.0,15.0,100,100,-9%,14,14,14,30,32,33,32.1,34.5,25.9,43.2,21.4,16.5,2.6,36.0,5.71,35.1,33.0,5.6,35.55,5.654999999999999,31.666666666666668,14.0,34.25,34.199999999999996,37.04684210526315
23,7,Bradley Beal,0.0,WAS,PHI,7.5,236.0,114.3,21,29.0,45.2,57.5,SG,8700,1,32.0,23.0,102,101,-12%,25,19,22,38,35,37,45.2,47.6,35.0,60.1,38.1,44.0,5.1,43.8,5.03,52.0,39.5,6.0,47.9,5.515000000000001,36.666666666666664,22.0,47.160000000000004,43.9,51.60136363636364
24,0,Devin Booker,0.0,PHO,NO,4.5,235.0,115.3,25,18.8,33.3,45.0,PG/SG,7500,0,29.0,19.0,107,111,6%,16,16,17,34,36,35,33.3,38.7,27.6,49.9,42.5,71.5,9.5,42.3,5.63,41.1,36.0,5.5,41.7,5.5649999999999995,35.0,16.333333333333332,38.239999999999995,32.36666666666667,42.89142857142858
24,1,Terence Davis,0.0,TOR,HOU,-2.0,230.5,116.3,24,6.8,18.0,29.0,PG/SG,3500,1,17.0,16.0,108,106,5%,5,7,5,19,20,16,17.9,15.1,4.1,26.1,14.2,14.3,4.1,13.8,3.93,13.3,14.0,3.8,13.55,3.865,18.333333333333332,5.666666666666667,15.35,17.933333333333334,10.347272727272728
24,2,James Ennis III,0.0,PHI,WAS,-7.5,236.0,121.8,23,2.0,17.6,31.5,SF/PF,3700,2,16.0,16.0,108,114,11%,9,6,5,27,20,17,17.6,14.9,7.1,22.7,17.2,6.5,1.8,17.8,4.8,20.3,25.5,5.5,19.05,5.15,21.333333333333332,6.666666666666667,16.270000000000003,17.033333333333335,22.770703125
24,3,Thabo Sefolosha,0.0,HOU,TOR,2.0,230.5,114.3,22,0.0,6.6,16.8,SF/PF,3000,1,11.0,9.0,103,100,0%,2,2,3,10,9,11,6.5,8.0,3.4,12.6,6.1,0.8,0.3,5.5,1.83,0.0,0.0,0.0,2.75,0.915,10.0,2.3333333333333335,6.65,7.8,0.0
24,4,Gary Harris,0.0,DEN,NY,-9.5,203.0,106.3,20,11.8,21.0,42.3,SG,4200,1,16.0,10.0,100,110,-4%,13,10,10,35,34,33,20.9,21.5,13.3,29.8,21.9,16.0,3.8,23.8,5.65,21.1,33.0,5.0,22.450000000000003,5.325,34.0,11.0,21.59,25.03333333333333,21.789705882352944
24,5,Cheick Diallo,0.0,PHO,NO,4.5,235.0,115.3,14,4.0,21.7,32.0,PF/C,4100,0,16.0,24.0,107,111,4%,5,6,3,11,19,10,21.6,11.2,-0.1,22.5,11.4,14.5,3.5,17.0,4.15,13.7,14.0,3.3,15.35,3.725,13.333333333333334,4.666666666666667,14.11,19.233333333333334,16.1175
24,6,Nikola Jokic,0.0,DEN,NY,-9.5,203.0,106.3,17,28.5,40.0,62.5,C,8500,1,26.0,19.0,100,110,-3%,12,11,14,35,33,31,40.3,40.8,28.8,52.7,24.7,32.5,3.8,47.8,5.62,42.2,32.0,5.0,45.0,5.3100000000000005,33.0,12.333333333333334,41.52,43.666666666666664,43.63636363636363
24,7,Tobias Harris,0.0,PHI,WAS,-7.5,236.0,121.8,23,27.5,32.7,42.3,SF/PF,6500,2,23.0,16.0,108,114,11%,20,17,15,36,36,35,32.7,35.5,27.6,43.3,39.7,49.3,7.6,38.0,5.85,37.5,34.5,5.8,37.75,5.824999999999999,35.666666666666664,17.333333333333332,35.37,34.166666666666664,36.51518691588785
25,0,Devin Booker,0.0,PHO,NO,4.5,235.0,115.3,25,18.8,33.3,45.0,PG/SG,7500,0,29.0,19.0,107,111,6%,16,16,17,34,36,35,33.3,38.7,27.6,49.9,42.5,71.5,9.5,42.3,5.63,41.1,36.0,5.5,41.7,5.5649999999999995,35.0,16.333333333333332,38.239999999999995,32.36666666666667,42.89142857142858
25,1,Terence Davis,0.0,TOR,HOU,-2.0,230.5,116.3,24,6.8,18.0,29.0,PG/SG,3500,1,17.0,16.0,108,106,5%,5,7,5,19,20,16,17.9,15.1,4.1,26.1,14.2,14.3,4.1,13.8,3.93,13.3,14.0,3.8,13.55,3.865,18.333333333333332,5.666666666666667,15.35,17.933333333333334,10.347272727272728
25,2,Jerami Grant,0.0,DEN,NY,-9.5,203.0,106.3,17,10.5,17.0,31.0,PF/C,3700,1,18.0,12.0,100,110,0%,7,7,8,25,23,22,17.0,17.1,9.6,24.5,21.1,22.3,6.0,18.5,5.0,16.8,21.5,4.5,17.65,4.75,23.333333333333332,7.333333333333333,17.169999999999998,19.5,16.263214285714287
25,3,Isaac Bonga,0.0,WAS,PHI,7.5,236.0,114.3,1,2.0,9.4,17.3,PG/SF,3700,1,11.0,11.0,102,101,-7%,3,2,3,18,13,15,9.3,10.8,4.1,17.4,19.6,11.8,3.2,16.0,4.32,16.0,21.5,4.3,16.0,4.3100000000000005,15.333333333333334,2.6666666666666665,11.52,9.566666666666668,22.434782608695652
25,4,Russell Westbrook,0.0,HOU,TOR,2.0,230.5,114.3,6,35.5,43.5,53.5,PG,8800,1,33.0,17.0,103,100,-4%,21,21,20,38,37,34,44.1,45.7,32.5,58.8,35.4,56.3,6.4,45.5,5.17,46.4,35.5,5.3,45.95,5.234999999999999,36.333333333333336,20.666666666666668,45.410000000000004,44.166666666666664,44.89610091743119
25,5,Davis Bertans,0.0,WAS,PHI,7.5,236.0,114.3,17,13.3,27.3,35.3,SF/PF,5800,1,16.0,16.0,102,101,-6%,13,10,10,35,29,28,27.3,25.6,16.7,34.4,37.1,31.3,5.4,24.3,4.18,26.6,30.0,4.6,25.450000000000003,4.39,30.666666666666668,11.0,25.890000000000004,25.3,24.89673913043478
25,6,Frank Kaminsky,0.0,PHO,NO,4.5,235.0,115.3,14,8.0,21.8,36.8,PF/C,5300,0,20.0,12.0,107,111,4%,12,8,9,30,22,24,21.8,22.1,12.2,32.1,32.6,33.0,6.2,28.5,5.38,27.1,30.0,5.1,27.8,5.24,25.333333333333332,9.666666666666666,23.2,22.2,32.921052631578945
25,7,P.J. Tucker,0.0,HOU,TOR,2.0,230.5,114.3,22,22.5,27.3,32.8,SF/PF,5000,1,9.0,12.0,103,100,0%,6,7,7,41,38,36,27.7,25.1,16.1,34.1,38.5,40.3,8.1,22.8,4.55,23.4,36.0,4.7,23.1,4.625,38.333333333333336,6.666666666666667,25.22,27.53333333333333,21.69391304347826
26,0,James Harden,0.0,HOU,TOR,2.0,230.5,114.3,6,55.5,70.2,85.3,PG/SG,12000,1,40.0,32.0,103,100,-4%,31,25,25,40,40,38,70.3,64.9,52.9,76.8,40.4,47.8,4.0,60.0,5.0,61.7,37.5,5.1,60.85,5.05,39.333333333333336,27.0,65.15,70.33333333333333,58.01377118644067
26,1,Wayne Ellington,0.0,NY,DEN,9.5,203.0,96.8,25,0.0,8.7,20.8,SG/SF,3000,2,16.0,5.0,100,100,-3%,3,4,5,11,16,15,8.7,8.6,1.5,15.6,10.8,10.3,3.4,5.0,1.67,0.0,0.0,0.0,2.5,0.835,14.0,4.0,7.38,9.833333333333334,0.0
26,2,Thabo Sefolosha,0.0,HOU,TOR,2.0,230.5,114.3,22,0.0,6.6,16.8,SF/PF,3000,1,11.0,9.0,103,100,0%,2,2,3,10,9,11,6.5,8.0,3.4,12.6,6.1,0.8,0.3,5.5,1.83,0.0,0.0,0.0,2.75,0.915,10.0,2.3333333333333335,6.65,7.8,0.0
26,3,JJ Redick,0.0,NO,PHO,-4.5,235.0,119.8,15,21.0,25.5,30.5,SG/SF,4800,1,19.0,15.0,105,107,0%,11,12,11,30,31,29,25.5,24.6,14.6,34.6,34.3,37.0,7.7,23.0,4.79,26.2,29.0,5.5,24.6,5.145,30.0,11.333333333333334,24.78,25.666666666666668,23.78
26,4,Furkan Korkmaz,0.0,PHI,WAS,-7.5,236.0,121.8,9,5.0,12.8,18.0,SG/SF,3500,2,16.0,9.0,108,114,13%,8,7,8,23,23,24,12.8,15.3,7.2,23.4,19.5,11.8,3.4,19.3,5.5,17.6,24.0,5.0,18.450000000000003,5.25,23.333333333333332,7.666666666666667,15.430000000000001,11.933333333333332,18.977142857142862
26,5,Troy Brown,0.0,WAS,PHI,7.5,236.0,114.3,21,7.8,18.9,26.3,SG/SF,3800,1,16.0,13.0,102,101,-6%,6,7,7,22,20,21,18.9,18.5,10.6,26.4,18.0,23.0,6.1,17.0,4.47,20.5,23.5,5.4,18.75,4.9350000000000005,21.0,6.666666666666667,18.63,17.666666666666668,20.982142857142858
26,6,Julius Randle,0.0,NY,DEN,9.5,203.0,96.8,15,27.3,32.8,42.5,PF/C,6300,2,27.0,15.0,100,100,-9%,14,14,14,30,32,33,32.1,34.5,25.9,43.2,21.4,16.5,2.6,36.0,5.71,35.1,33.0,5.6,35.55,5.654999999999999,31.666666666666668,14.0,34.25,34.199999999999996,37.04684210526315
26,7,Joel Embiid,0.0,PHI,WAS,-7.5,236.0,121.8,25,17.3,47.0,60.8,C,9700,2,32.0,25.0,108,114,14%,14,15,16,32,33,30,46.6,47.0,33.7,60.3,35.2,53.8,5.5,57.5,5.93,57.9,32.5,6.0,57.7,5.965,31.666666666666668,15.0,49.05999999999999,41.699999999999996,59.21842105263158
27,0,Monte Morris,0.0,DEN,NY,-9.5,203.0,106.3,3,2.3,12.3,23.3,PG,3200,1,21.0,14.0,100,110,1%,4,5,6,14,15,17,12.3,14.7,6.2,23.1,25.8,35.8,11.2,13.8,4.3,13.3,15.0,4.2,13.55,4.25,15.333333333333334,5.0,13.970000000000002,12.633333333333335,13.255434782608697
27,1,James Harden,0.0,HOU,TOR,2.0,230.5,114.3,6,55.5,70.2,85.3,PG/SG,12000,1,40.0,32.0,103,100,-4%,31,25,25,40,40,38,70.3,64.9,52.9,76.8,40.4,47.8,4.0,60.0,5.0,61.7,37.5,5.1,60.85,5.05,39.333333333333336,27.0,65.15,70.33333333333333,58.01377118644067
27,2,Jerami Grant,0.0,DEN,NY,-9.5,203.0,106.3,17,10.5,17.0,31.0,PF/C,3700,1,18.0,12.0,100,110,0%,7,7,8,25,23,22,17.0,17.1,9.6,24.5,21.1,22.3,6.0,18.5,5.0,16.8,21.5,4.5,17.65,4.75,23.333333333333332,7.333333333333333,17.169999999999998,19.5,16.263214285714287
27,3,Rondae Hollis-Jefferson,0.0,TOR,HOU,-2.0,230.5,116.3,27,10.3,21.7,34.5,SF/PF,3800,1,17.0,19.0,108,106,12%,6,7,7,20,23,24,21.6,23.0,14.9,31.2,11.4,7.8,2.1,18.5,4.87,15.3,15.0,4.0,16.9,4.4350000000000005,22.333333333333332,6.666666666666667,21.52,22.166666666666668,11.350746268656716
27,4,Dennis Smith Jr.,0.0,NY,DEN,9.5,203.0,96.8,4,8.3,18.6,32.8,PG,3700,2,22.0,7.0,100,100,-8%,9,7,6,32,24,18,18.6,13.3,3.0,23.5,17.7,14.8,4.0,17.3,4.66,10.5,12.5,2.8,13.9,3.73,24.666666666666668,7.333333333333333,14.460000000000003,19.900000000000002,7.043918918918919
27,5,Troy Brown,0.0,WAS,PHI,7.5,236.0,114.3,21,7.8,18.9,26.3,SG/SF,3800,1,16.0,13.0,102,101,-6%,6,7,7,22,20,21,18.9,18.5,10.6,26.4,18.0,23.0,6.1,17.0,4.47,20.5,23.5,5.4,18.75,4.9350000000000005,21.0,6.666666666666667,18.63,17.666666666666668,20.982142857142858
27,6,Rui Hachimura,0.0,WAS,PHI,7.5,236.0,114.3,7,17.5,28.2,48.8,PF/C,5700,1,19.0,14.0,102,101,-10%,18,14,12,39,31,28,28.1,24.6,14.6,34.7,42.5,39.3,6.9,27.3,4.78,27.7,32.5,4.9,27.5,4.84,32.666666666666664,14.666666666666666,25.9,31.5,27.359693877551024
27,7,Devin Booker,0.0,PHO,NO,4.5,235.0,115.3,25,18.8,33.3,45.0,PG/SG,7500,0,29.0,19.0,107,111,6%,16,16,17,34,36,35,33.3,38.7,27.6,49.9,42.5,71.5,9.5,42.3,5.63,41.1,36.0,5.5,41.7,5.5649999999999995,35.0,16.333333333333332,38.239999999999995,32.36666666666667,42.89142857142858
28,0,Frank Jackson,0.0,NO,PHO,-4.5,235.0,119.8,26,1.8,3.6,5.8,PG/SG,3000,1,22.0,9.0,105,107,4%,2,3,7,10,11,16,3.6,11.9,2.9,21.0,9.7,3.3,1.1,4.3,1.42,0.0,0.0,0.0,2.15,0.71,12.333333333333334,4.0,8.309999999999999,3.733333333333333,0.0
28,1,Malik Beasley,0.0,DEN,NY,-9.5,203.0,106.3,3,5.5,12.1,19.0,PG/SG,3000,1,21.0,9.0,100,110,-4%,10,6,6,17,14,15,12.1,11.3,3.9,18.8,23.6,19.0,6.3,11.8,3.92,12.1,16.0,4.0,11.95,3.96,15.333333333333334,7.333333333333333,11.61,12.200000000000001,12.469565217391303
28,2,Serge Ibaka,0.0,TOR,HOU,-2.0,230.5,116.3,23,15.0,25.2,35.5,PF/C,4700,1,25.0,18.0,108,106,5%,11,13,11,21,24,24,28.6,27.3,21.6,32.9,17.4,18.3,3.9,26.5,5.64,24.8,21.5,5.3,25.65,5.47,23.0,11.666666666666666,27.21,25.233333333333334,23.977173913043476
28,3,Juancho Hernangomez,0.0,DEN,NY,-9.5,203.0,106.3,30,0.3,5.6,9.3,SF/PF,3000,1,13.0,8.0,100,110,3%,3,2,3,10,12,13,5.5,8.2,0.4,16.0,23.9,23.3,7.8,7.5,2.5,7.1,10.5,2.4,7.3,2.45,11.666666666666666,2.6666666666666665,7.4799999999999995,5.066666666666666,6.57
28,4,Jamal Murray,0.0,DEN,NY,-9.5,203.0,106.3,3,27.0,36.1,41.3,PG/SG,6700,1,27.0,18.0,100,110,1%,17,18,17,36,36,34,37.8,36.1,24.5,47.7,22.2,23.8,3.6,35.8,5.34,35.1,33.5,5.2,35.45,5.27,35.333333333333336,17.333333333333332,36.31,34.800000000000004,33.61061320754717
28,5,Rui Hachimura,0.0,WAS,PHI,7.5,236.0,114.3,7,17.5,28.2,48.8,PF/C,5700,1,19.0,14.0,102,101,-10%,18,14,12,39,31,28,28.1,24.6,14.6,34.7,42.5,39.3,6.9,27.3,4.78,27.7,32.5,4.9,27.5,4.84,32.666666666666664,14.666666666666666,25.9,31.5,27.359693877551024
28,6,Bobby Portis,0.0,NY,DEN,9.5,203.0,96.8,15,6.0,13.8,20.0,PF/C,3900,2,20.0,13.0,100,100,-9%,8,7,9,20,18,22,13.8,20.9,10.5,31.3,26.6,16.5,4.2,16.8,4.29,17.0,18.5,4.4,16.9,4.345000000000001,20.0,8.0,18.68,13.266666666666666,15.6325
28,7,Fred VanVleet,0.0,TOR,HOU,-2.0,230.5,116.3,24,24.3,40.7,49.8,PG/SG,6600,1,23.0,17.0,108,106,-7%,13,14,15,38,37,38,40.6,39.0,29.3,48.6,38.5,43.5,6.6,36.0,5.45,37.9,36.0,5.7,36.95,5.575,37.666666666666664,14.0,38.89,38.266666666666666,35.31504424778761
29,0,Will Barton,0.0,DEN,NY,-9.5,203.0,106.3,3,21.0,33.5,41.5,PG/SF,5900,1,20.0,16.0,100,110,-4%,13,14,13,39,36,34,33.5,33.8,25.9,41.7,24.1,26.5,4.5,31.8,5.38,32.3,34.5,5.5,32.05,5.4399999999999995,36.333333333333336,13.333333333333334,33.39,32.0,30.432798165137612
29,1,Norman Powell,0.0,TOR,HOU,-2.0,230.5,116.3,13,17.0,30.3,42.0,SG/SF,5100,1,19.0,14.0,108,106,12%,13,13,10,34,31,28,30.3,23.6,13.8,33.5,24.6,21.0,4.1,22.5,4.41,23.8,27.5,4.7,23.15,4.555,31.0,12.0,24.869999999999997,29.766666666666666,20.536290322580644
29,2,James Ennis III,0.0,PHI,WAS,-7.5,236.0,121.8,23,2.0,17.6,31.5,SF/PF,3700,2,16.0,16.0,108,114,11%,9,6,5,27,20,17,17.6,14.9,7.1,22.7,17.2,6.5,1.8,17.8,4.8,20.3,25.5,5.5,19.05,5.15,21.333333333333332,6.666666666666667,16.270000000000003,17.033333333333335,22.770703125
29,3,Ben McLemore,0.0,HOU,TOR,2.0,230.5,114.3,24,10.3,22.6,47.8,SG/SF,4500,1,16.0,10.0,103,100,2%,12,9,7,30,27,21,22.6,14.9,3.7,26.2,29.3,40.0,8.9,15.8,3.5,18.0,27.0,4.0,16.9,3.75,26.0,9.333333333333334,16.860000000000003,26.900000000000002,17.549999999999997
29,4,Bradley Beal,0.0,WAS,PHI,7.5,236.0,114.3,21,29.0,45.2,57.5,SG,8700,1,32.0,23.0,102,101,-12%,25,19,22,38,35,37,45.2,47.6,35.0,60.1,38.1,44.0,5.1,43.8,5.03,52.0,39.5,6.0,47.9,5.515000000000001,36.666666666666664,22.0,47.160000000000004,43.9,51.60136363636364
29,5,P.J. Tucker,0.0,HOU,TOR,2.0,230.5,114.3,22,22.5,27.3,32.8,SF/PF,5000,1,9.0,12.0,103,100,0%,6,7,7,41,38,36,27.7,25.1,16.1,34.1,38.5,40.3,8.1,22.8,4.55,23.4,36.0,4.7,23.1,4.625,38.333333333333336,6.666666666666667,25.22,27.53333333333333,21.69391304347826
29,6,Clint Capela,0.0,HOU,TOR,2.0,230.5,114.3,8,39.8,51.6,58.3,C,7900,1,16.0,23.0,103,100,-8%,13,13,10,40,38,33,51.8,41.5,28.0,55.1,32.2,28.8,3.6,42.3,5.35,42.8,35.0,5.4,42.55,5.375,37.0,12.0,43.79,49.9,40.25
29,7,Taj Gibson,0.0,NY,DEN,9.5,203.0,96.8,15,8.5,16.1,24.5,PF/C,3800,2,16.0,15.0,100,100,-9%,7,6,5,20,19,16,15.9,14.3,6.5,22.0,18.1,11.5,3.0,17.8,4.67,17.2,19.5,4.5,17.5,4.585,18.333333333333332,6.0,15.24,16.366666666666667,18.613636363636363
30,0,Lonzo Ball,0.0,NO,PHO,-4.5,235.0,119.8,26,16.3,23.2,31.5,PG,5300,1,22.0,12.0,105,107,4%,12,12,11,32,26,28,23.1,27.3,18.5,36.2,43.5,54.0,10.2,30.3,5.71,31.7,31.0,6.0,31.0,5.855,28.666666666666668,11.666666666666666,27.220000000000006,23.666666666666668,33.52325581395348
30,1,Nickeil Alexander-Walker,0.0,NO,PHO,-4.5,235.0,119.8,26,0.0,12.1,35.3,PG/SG,3000,1,26.0,8.0,105,107,4%,6,7,7,8,13,14,12.1,13.4,0.9,25.9,10.7,13.0,4.3,7.0,2.33,0.0,0.0,0.0,3.5,1.165,11.666666666666666,6.666666666666667,11.16,15.799999999999999,0.0
30,2,OG Anunoby,0.0,TOR,HOU,-2.0,230.5,116.3,27,14.8,24.5,35.0,SF/PF,4600,1,14.0,14.0,108,106,12%,5,7,9,26,31,31,24.5,26.3,16.0,36.5,23.5,22.5,4.9,23.8,5.16,24.6,29.0,5.3,24.200000000000003,5.23,29.333333333333332,7.0,25.5,24.766666666666666,23.925000000000004
30,3,Juancho Hernangomez,0.0,DEN,NY,-9.5,203.0,106.3,30,0.3,5.6,9.3,SF/PF,3000,1,13.0,8.0,100,110,3%,3,2,3,10,12,13,5.5,8.2,0.4,16.0,23.9,23.3,7.8,7.5,2.5,7.1,10.5,2.4,7.3,2.45,11.666666666666666,2.6666666666666665,7.4799999999999995,5.066666666666666,6.57
30,4,Jrue Holiday,0.0,NO,PHO,-4.5,235.0,119.8,26,32.0,39.6,60.5,PG/SG,7300,1,26.0,17.0,105,107,4%,19,18,18,36,38,37,39.6,41.0,30.0,52.0,41.1,51.8,7.1,43.8,5.99,42.5,35.5,5.8,43.15,5.895,37.0,18.333333333333332,41.15,44.03333333333333,41.40067567567567
30,5,Frank Kaminsky,0.0,PHO,NO,4.5,235.0,115.3,14,8.0,21.8,36.8,PF/C,5300,0,20.0,12.0,107,111,4%,12,8,9,30,22,24,21.8,22.1,12.2,32.1,32.6,33.0,6.2,28.5,5.38,27.1,30.0,5.1,27.8,5.24,25.333333333333332,9.666666666666666,23.2,22.2,32.921052631578945
30,6,Rui Hachimura,0.0,WAS,PHI,7.5,236.0,114.3,7,17.5,28.2,48.8,PF/C,5700,1,19.0,14.0,102,101,-10%,18,14,12,39,31,28,28.1,24.6,14.6,34.7,42.5,39.3,6.9,27.3,4.78,27.7,32.5,4.9,27.5,4.84,32.666666666666664,14.666666666666666,25.9,31.5,27.359693877551024
30,7,Mason Plumlee,0.0,DEN,NY,-9.5,203.0,106.3,17,8.0,20.6,29.8,PF/C,3800,1,21.0,19.0,100,110,-3%,4,6,5,15,16,17,20.6,19.2,12.8,25.7,20.9,41.8,11.0,16.8,4.41,16.0,15.5,4.2,16.4,4.305,16.0,5.0,18.939999999999998,19.46666666666667,15.8875
31,0,RJ Barrett,0.0,NY,DEN,9.5,203.0,96.8,4,5.5,24.1,33.3,PG/SG,5600,2,25.0,11.0,100,100,-9%,13,13,14,32,32,33,28.1,30.0,20.4,39.5,22.0,27.3,4.9,27.0,4.82,26.7,31.0,4.8,26.85,4.8100000000000005,32.333333333333336,13.333333333333334,28.97,20.966666666666665,25.742783505154637
31,1,Bradley Beal,0.0,WAS,PHI,7.5,236.0,114.3,21,29.0,45.2,57.5,SG,8700,1,32.0,23.0,102,101,-12%,25,19,22,38,35,37,45.2,47.6,35.0,60.1,38.1,44.0,5.1,43.8,5.03,52.0,39.5,6.0,47.9,5.515000000000001,36.666666666666664,22.0,47.160000000000004,43.9,51.60136363636364
31,2,Julius Randle,0.0,NY,DEN,9.5,203.0,96.8,15,27.3,32.8,42.5,PF/C,6300,2,27.0,15.0,100,100,-9%,14,14,14,30,32,33,32.1,34.5,25.9,43.2,21.4,16.5,2.6,36.0,5.71,35.1,33.0,5.6,35.55,5.654999999999999,31.666666666666668,14.0,34.25,34.199999999999996,37.04684210526315
31,3,Dario Saric,0.0,PHO,NO,4.5,235.0,115.3,24,20.0,34.9,47.8,SF/PF,6000,0,17.0,13.0,107,111,4%,9,10,9,29,32,29,34.9,26.6,14.6,38.6,25.9,15.8,2.6,27.5,4.58,29.3,31.0,4.9,28.4,4.74,30.0,9.333333333333334,28.619999999999997,34.23333333333333,29.346666666666668
31,4,Frank Jackson,0.0,NO,PHO,-4.5,235.0,119.8,26,1.8,3.6,5.8,PG/SG,3000,1,22.0,9.0,105,107,4%,2,3,7,10,11,16,3.6,11.9,2.9,21.0,9.7,3.3,1.1,4.3,1.42,0.0,0.0,0.0,2.15,0.71,12.333333333333334,4.0,8.309999999999999,3.733333333333333,0.0
31,5,Juancho Hernangomez,0.0,DEN,NY,-9.5,203.0,106.3,30,0.3,5.6,9.3,SF/PF,3000,1,13.0,8.0,100,110,3%,3,2,3,10,12,13,5.5,8.2,0.4,16.0,23.9,23.3,7.8,7.5,2.5,7.1,10.5,2.4,7.3,2.45,11.666666666666666,2.6666666666666665,7.4799999999999995,5.066666666666666,6.57
31,6,Mitchell Robinson,0.0,NY,DEN,9.5,203.0,96.8,14,11.3,18.7,31.0,C,5100,2,15.0,23.0,100,100,-1%,4,3,5,22,24,21,18.6,23.0,15.6,30.4,29.9,33.3,6.5,23.5,4.61,25.2,24.0,4.9,24.35,4.755000000000001,22.333333333333332,4.0,22.389999999999997,20.333333333333332,26.167164179104482
31,7,Nickeil Alexander-Walker,0.0,NO,PHO,-4.5,235.0,119.8,26,0.0,12.1,35.3,PG/SG,3000,1,26.0,8.0,105,107,4%,6,7,7,8,13,14,12.1,13.4,0.9,25.9,10.7,13.0,4.3,7.0,2.33,0.0,0.0,0.0,3.5,1.165,11.666666666666666,6.666666666666667,11.16,15.799999999999999,0.0
32,0,Dennis Smith Jr.,0.0,NY,DEN,9.5,203.0,96.8,4,8.3,18.6,32.8,PG,3700,2,22.0,7.0,100,100,-8%,9,7,6,32,24,18,18.6,13.3,3.0,23.5,17.7,14.8,4.0,17.3,4.66,10.5,12.5,2.8,13.9,3.73,24.666666666666668,7.333333333333333,14.460000000000003,19.900000000000002,7.043918918918919
32,1,Bradley Beal,0.0,WAS,PHI,7.5,236.0,114.3,21,29.0,45.2,57.5,SG,8700,1,32.0,23.0,102,101,-12%,25,19,22,38,35,37,45.2,47.6,35.0,60.1,38.1,44.0,5.1,43.8,5.03,52.0,39.5,6.0,47.9,5.515000000000001,36.666666666666664,22.0,47.160000000000004,43.9,51.60136363636364
32,2,Pascal Siakam,0.0,TOR,HOU,-2.0,230.5,116.3,23,32.0,43.1,53.3,PF/C,8400,1,29.0,20.0,108,106,5%,18,20,20,37,37,37,43.0,45.7,35.5,56.0,36.4,43.8,5.2,43.3,5.15,45.8,36.0,5.5,44.55,5.325,37.0,19.333333333333332,44.95,42.79999999999999,43.34594594594595
32,3,Norman Powell,0.0,TOR,HOU,-2.0,230.5,116.3,13,17.0,30.3,42.0,SG/SF,5100,1,19.0,14.0,108,106,12%,13,13,10,34,31,28,30.3,23.6,13.8,33.5,24.6,21.0,4.1,22.5,4.41,23.8,27.5,4.7,23.15,4.555,31.0,12.0,24.869999999999997,29.766666666666666,20.536290322580644
32,4,Fred VanVleet,0.0,TOR,HOU,-2.0,230.5,116.3,24,24.3,40.7,49.8,PG/SG,6600,1,23.0,17.0,108,106,-7%,13,14,15,38,37,38,40.6,39.0,29.3,48.6,38.5,43.5,6.6,36.0,5.45,37.9,36.0,5.7,36.95,5.575,37.666666666666664,14.0,38.89,38.266666666666666,35.31504424778761
32,5,Ben McLemore,0.0,HOU,TOR,2.0,230.5,114.3,24,10.3,22.6,47.8,SG/SF,4500,1,16.0,10.0,103,100,2%,12,9,7,30,27,21,22.6,14.9,3.7,26.2,29.3,40.0,8.9,15.8,3.5,18.0,27.0,4.0,16.9,3.75,26.0,9.333333333333334,16.860000000000003,26.900000000000002,17.549999999999997
32,6,Bobby Portis,0.0,NY,DEN,9.5,203.0,96.8,15,6.0,13.8,20.0,PF/C,3900,2,20.0,13.0,100,100,-9%,8,7,9,20,18,22,13.8,20.9,10.5,31.3,26.6,16.5,4.2,16.8,4.29,17.0,18.5,4.4,16.9,4.345000000000001,20.0,8.0,18.68,13.266666666666666,15.6325
32,7,Tobias Harris,0.0,PHI,WAS,-7.5,236.0,121.8,23,27.5,32.7,42.3,SF/PF,6500,2,23.0,16.0,108,114,11%,20,17,15,36,36,35,32.7,35.5,27.6,43.3,39.7,49.3,7.6,38.0,5.85,37.5,34.5,5.8,37.75,5.824999999999999,35.666666666666664,17.333333333333332,35.37,34.166666666666664,36.51518691588785
33,0,Jrue Holiday,0.0,NO,PHO,-4.5,235.0,119.8,26,32.0,39.6,60.5,PG/SG,7300,1,26.0,17.0,105,107,4%,19,18,18,36,38,37,39.6,41.0,30.0,52.0,41.1,51.8,7.1,43.8,5.99,42.5,35.5,5.8,43.15,5.895,37.0,18.333333333333332,41.15,44.03333333333333,41.40067567567567
33,1,James Harden,0.0,HOU,TOR,2.0,230.5,114.3,6,55.5,70.2,85.3,PG/SG,12000,1,40.0,32.0,103,100,-4%,31,25,25,40,40,38,70.3,64.9,52.9,76.8,40.4,47.8,4.0,60.0,5.0,61.7,37.5,5.1,60.85,5.05,39.333333333333336,27.0,65.15,70.33333333333333,58.01377118644067
33,2,Juancho Hernangomez,0.0,DEN,NY,-9.5,203.0,106.3,30,0.3,5.6,9.3,SF/PF,3000,1,13.0,8.0,100,110,3%,3,2,3,10,12,13,5.5,8.2,0.4,16.0,23.9,23.3,7.8,7.5,2.5,7.1,10.5,2.4,7.3,2.45,11.666666666666666,2.6666666666666665,7.4799999999999995,5.066666666666666,6.57
33,3,Wayne Ellington,0.0,NY,DEN,9.5,203.0,96.8,25,0.0,8.7,20.8,SG/SF,3000,2,16.0,5.0,100,100,-3%,3,4,5,11,16,15,8.7,8.6,1.5,15.6,10.8,10.3,3.4,5.0,1.67,0.0,0.0,0.0,2.5,0.835,14.0,4.0,7.38,9.833333333333334,0.0
33,4,Nickeil Alexander-Walker,0.0,NO,PHO,-4.5,235.0,119.8,26,0.0,12.1,35.3,PG/SG,3000,1,26.0,8.0,105,107,4%,6,7,7,8,13,14,12.1,13.4,0.9,25.9,10.7,13.0,4.3,7.0,2.33,0.0,0.0,0.0,3.5,1.165,11.666666666666666,6.666666666666667,11.16,15.799999999999999,0.0
33,5,James Ennis III,0.0,PHI,WAS,-7.5,236.0,121.8,23,2.0,17.6,31.5,SF/PF,3700,2,16.0,16.0,108,114,11%,9,6,5,27,20,17,17.6,14.9,7.1,22.7,17.2,6.5,1.8,17.8,4.8,20.3,25.5,5.5,19.05,5.15,21.333333333333332,6.666666666666667,16.270000000000003,17.033333333333335,22.770703125
33,6,Paul Millsap,0.0,DEN,NY,-9.5,203.0,106.3,17,9.5,25.7,37.5,PF/C,4900,1,20.0,20.0,100,110,3%,9,10,10,25,26,26,25.7,26.9,17.4,36.3,21.6,25.5,5.2,24.5,5.0,26.2,26.5,5.3,25.35,5.15,25.666666666666668,9.666666666666666,26.329999999999995,24.233333333333334,26.17305194805195
33,7,JJ Redick,0.0,NO,PHO,-4.5,235.0,119.8,15,21.0,25.5,30.5,SG/SF,4800,1,19.0,15.0,105,107,0%,11,12,11,30,31,29,25.5,24.6,14.6,34.6,34.3,37.0,7.7,23.0,4.79,26.2,29.0,5.5,24.6,5.145,30.0,11.333333333333334,24.78,25.666666666666668,23.78
34,0,Russell Westbrook,0.0,HOU,TOR,2.0,230.5,114.3,6,35.5,43.5,53.5,PG,8800,1,33.0,17.0,103,100,-4%,21,21,20,38,37,34,44.1,45.7,32.5,58.8,35.4,56.3,6.4,45.5,5.17,46.4,35.5,5.3,45.95,5.234999999999999,36.333333333333336,20.666666666666668,45.410000000000004,44.166666666666664,44.89610091743119
34,1,James Harden,0.0,HOU,TOR,2.0,230.5,114.3,6,55.5,70.2,85.3,PG/SG,12000,1,40.0,32.0,103,100,-4%,31,25,25,40,40,38,70.3,64.9,52.9,76.8,40.4,47.8,4.0,60.0,5.0,61.7,37.5,5.1,60.85,5.05,39.333333333333336,27.0,65.15,70.33333333333333,58.01377118644067
34,2,Mike Scott,0.0,PHI,WAS,-7.5,236.0,121.8,23,5.8,9.4,18.0,SF/PF,3200,2,13.0,9.0,108,114,0%,4,5,5,19,21,20,9.4,12.3,6.8,17.7,17.6,6.8,2.1,14.8,4.61,13.0,19.0,4.1,13.9,4.355,20.0,4.666666666666667,12.02,11.066666666666668,13.205000000000002
34,3,Damyean Dotson,0.0,NY,DEN,9.5,203.0,96.8,25,14.5,17.7,24.0,SG/SF,3700,2,17.0,11.0,100,100,-3%,8,7,6,30,23,16,17.7,11.4,4.5,18.3,4.1,6.3,1.7,12.3,3.31,12.8,19.0,3.5,12.55,3.4050000000000002,23.0,7.0,12.89,18.733333333333334,10.367391304347827
34,4,Gary Harris,0.0,DEN,NY,-9.5,203.0,106.3,20,11.8,21.0,42.3,SG,4200,1,16.0,10.0,100,110,-4%,13,10,10,35,34,33,20.9,21.5,13.3,29.8,21.9,16.0,3.8,23.8,5.65,21.1,33.0,5.0,22.450000000000003,5.325,34.0,11.0,21.59,25.03333333333333,21.789705882352944
34,5,Cameron Johnson,0.0,PHO,NO,4.5,235.0,115.3,24,7.5,14.2,28.5,SF/PF,3000,0,18.0,14.0,107,111,10%,7,7,7,18,21,19,14.2,15.6,6.6,24.5,31.0,32.5,10.8,13.8,4.58,14.3,17.5,4.8,14.05,4.6899999999999995,19.333333333333332,7.0,14.99,16.733333333333334,12.717672413793103
34,6,Rui Hachimura,0.0,WAS,PHI,7.5,236.0,114.3,7,17.5,28.2,48.8,PF/C,5700,1,19.0,14.0,102,101,-10%,18,14,12,39,31,28,28.1,24.6,14.6,34.7,42.5,39.3,6.9,27.3,4.78,27.7,32.5,4.9,27.5,4.84,32.666666666666664,14.666666666666666,25.9,31.5,27.359693877551024
34,7,Jaxson Hayes,0.0,NO,PHO,-4.5,235.0,119.8,28,14.8,19.6,25.3,C,3800,1,15.0,17.0,105,107,3%,6,6,6,26,25,21,19.6,19.1,12.7,25.4,32.8,34.3,9.0,15.5,4.08,24.1,26.0,6.3,19.8,5.1899999999999995,24.0,6.0,19.32,19.900000000000002,21.450000000000003
35,0,Kyle Lowry,0.0,TOR,HOU,-2.0,230.5,116.3,24,18.5,38.5,51.5,PG,7000,1,25.0,19.0,108,106,-7%,17,16,16,40,39,39,43.1,42.8,37.6,47.9,41.8,38.8,5.5,39.8,5.68,37.4,34.5,5.3,38.599999999999994,5.49,39.333333333333336,16.333333333333332,42.0,36.166666666666664,33.856779661016944
35,1,Jrue Holiday,0.0,NO,PHO,-4.5,235.0,119.8,26,32.0,39.6,60.5,PG/SG,7300,1,26.0,17.0,105,107,4%,19,18,18,36,38,37,39.6,41.0,30.0,52.0,41.1,51.8,7.1,43.8,5.99,42.5,35.5,5.8,43.15,5.895,37.0,18.333333333333332,41.15,44.03333333333333,41.40067567567567
35,2,Davis Bertans,0.0,WAS,PHI,7.5,236.0,114.3,17,13.3,27.3,35.3,SF/PF,5800,1,16.0,16.0,102,101,-6%,13,10,10,35,29,28,27.3,25.6,16.7,34.4,37.1,31.3,5.4,24.3,4.18,26.6,30.0,4.6,25.450000000000003,4.39,30.666666666666668,11.0,25.890000000000004,25.3,24.89673913043478
35,3,Wayne Ellington,0.0,NY,DEN,9.5,203.0,96.8,25,0.0,8.7,20.8,SG/SF,3000,2,16.0,5.0,100,100,-3%,3,4,5,11,16,15,8.7,8.6,1.5,15.6,10.8,10.3,3.4,5.0,1.67,0.0,0.0,0.0,2.5,0.835,14.0,4.0,7.38,9.833333333333334,0.0
35,4,Devin Booker,0.0,PHO,NO,4.5,235.0,115.3,25,18.8,33.3,45.0,PG/SG,7500,0,29.0,19.0,107,111,6%,16,16,17,34,36,35,33.3,38.7,27.6,49.9,42.5,71.5,9.5,42.3,5.63,41.1,36.0,5.5,41.7,5.5649999999999995,35.0,16.333333333333332,38.239999999999995,32.36666666666667,42.89142857142858
35,5,Frank Kaminsky,0.0,PHO,NO,4.5,235.0,115.3,14,8.0,21.8,36.8,PF/C,5300,0,20.0,12.0,107,111,4%,12,8,9,30,22,24,21.8,22.1,12.2,32.1,32.6,33.0,6.2,28.5,5.38,27.1,30.0,5.1,27.8,5.24,25.333333333333332,9.666666666666666,23.2,22.2,32.921052631578945
35,6,Nikola Jokic,0.0,DEN,NY,-9.5,203.0,106.3,17,28.5,40.0,62.5,C,8500,1,26.0,19.0,100,110,-3%,12,11,14,35,33,31,40.3,40.8,28.8,52.7,24.7,32.5,3.8,47.8,5.62,42.2,32.0,5.0,45.0,5.3100000000000005,33.0,12.333333333333334,41.52,43.666666666666664,43.63636363636363
35,7,James Ennis III,0.0,PHI,WAS,-7.5,236.0,121.8,23,2.0,17.6,31.5,SF/PF,3700,2,16.0,16.0,108,114,11%,9,6,5,27,20,17,17.6,14.9,7.1,22.7,17.2,6.5,1.8,17.8,4.8,20.3,25.5,5.5,19.05,5.15,21.333333333333332,6.666666666666667,16.270000000000003,17.033333333333335,22.770703125
36,0,Ben Simmons,0.0,PHI,WAS,-7.5,236.0,121.8,30,35.3,42.5,52.0,PG/SF,8000,2,22.0,17.0,108,114,5%,12,11,11,36,37,36,42.7,41.0,34.1,47.9,36.0,42.3,5.3,45.5,5.69,44.6,35.0,5.6,45.05,5.645,36.333333333333336,11.333333333333334,42.15,43.26666666666667,43.396788990825684
36,1,Norman Powell,0.0,TOR,HOU,-2.0,230.5,116.3,13,17.0,30.3,42.0,SG/SF,5100,1,19.0,14.0,108,106,12%,13,13,10,34,31,28,30.3,23.6,13.8,33.5,24.6,21.0,4.1,22.5,4.41,23.8,27.5,4.7,23.15,4.555,31.0,12.0,24.869999999999997,29.766666666666666,20.536290322580644
36,2,Rui Hachimura,0.0,WAS,PHI,7.5,236.0,114.3,7,17.5,28.2,48.8,PF/C,5700,1,19.0,14.0,102,101,-10%,18,14,12,39,31,28,28.1,24.6,14.6,34.7,42.5,39.3,6.9,27.3,4.78,27.7,32.5,4.9,27.5,4.84,32.666666666666664,14.666666666666666,25.9,31.5,27.359693877551024
36,3,Cameron Johnson,0.0,PHO,NO,4.5,235.0,115.3,24,7.5,14.2,28.5,SF/PF,3000,0,18.0,14.0,107,111,10%,7,7,7,18,21,19,14.2,15.6,6.6,24.5,31.0,32.5,10.8,13.8,4.58,14.3,17.5,4.8,14.05,4.6899999999999995,19.333333333333332,7.0,14.99,16.733333333333334,12.717672413793103
36,4,RJ Barrett,0.0,NY,DEN,9.5,203.0,96.8,4,5.5,24.1,33.3,PG/SG,5600,2,25.0,11.0,100,100,-9%,13,13,14,32,32,33,28.1,30.0,20.4,39.5,22.0,27.3,4.9,27.0,4.82,26.7,31.0,4.8,26.85,4.8100000000000005,32.333333333333336,13.333333333333334,28.97,20.966666666666665,25.742783505154637
36,5,Troy Brown,0.0,WAS,PHI,7.5,236.0,114.3,21,7.8,18.9,26.3,SG/SF,3800,1,16.0,13.0,102,101,-6%,6,7,7,22,20,21,18.9,18.5,10.6,26.4,18.0,23.0,6.1,17.0,4.47,20.5,23.5,5.4,18.75,4.9350000000000005,21.0,6.666666666666667,18.63,17.666666666666668,20.982142857142858
36,6,Pascal Siakam,0.0,TOR,HOU,-2.0,230.5,116.3,23,32.0,43.1,53.3,PF/C,8400,1,29.0,20.0,108,106,5%,18,20,20,37,37,37,43.0,45.7,35.5,56.0,36.4,43.8,5.2,43.3,5.15,45.8,36.0,5.5,44.55,5.325,37.0,19.333333333333332,44.95,42.79999999999999,43.34594594594595
36,7,Marc Gasol,0.0,TOR,HOU,-2.0,230.5,116.3,10,16.3,24.1,31.3,C,4400,1,13.0,9.0,108,106,3%,9,7,7,29,30,29,24.1,23.0,16.6,29.4,28.9,31.5,7.2,27.8,6.31,23.9,27.5,5.4,25.85,5.855,29.333333333333332,7.666666666666667,23.79,23.900000000000002,24.234375000000004
37,0,Dennis Smith Jr.,0.0,NY,DEN,9.5,203.0,96.8,4,8.3,18.6,32.8,PG,3700,2,22.0,7.0,100,100,-8%,9,7,6,32,24,18,18.6,13.3,3.0,23.5,17.7,14.8,4.0,17.3,4.66,10.5,12.5,2.8,13.9,3.73,24.666666666666668,7.333333333333333,14.460000000000003,19.900000000000002,7.043918918918919
37,1,James Harden,0.0,HOU,TOR,2.0,230.5,114.3,6,55.5,70.2,85.3,PG/SG,12000,1,40.0,32.0,103,100,-4%,31,25,25,40,40,38,70.3,64.9,52.9,76.8,40.4,47.8,4.0,60.0,5.0,61.7,37.5,5.1,60.85,5.05,39.333333333333336,27.0,65.15,70.33333333333333,58.01377118644067
37,2,Rui Hachimura,0.0,WAS,PHI,7.5,236.0,114.3,7,17.5,28.2,48.8,PF/C,5700,1,19.0,14.0,102,101,-10%,18,14,12,39,31,28,28.1,24.6,14.6,34.7,42.5,39.3,6.9,27.3,4.78,27.7,32.5,4.9,27.5,4.84,32.666666666666664,14.666666666666666,25.9,31.5,27.359693877551024
37,3,Mikal Bridges,0.0,PHO,NO,4.5,235.0,115.3,2,3.3,14.7,31.5,SG/SF,4000,0,13.0,13.0,107,111,3%,10,7,5,28,20,21,14.7,15.9,7.6,24.3,21.5,13.3,3.3,18.5,4.63,17.4,23.0,4.3,17.95,4.465,23.0,7.333333333333333,16.09,16.5,17.95
37,4,Kyle Lowry,0.0,TOR,HOU,-2.0,230.5,116.3,24,18.5,38.5,51.5,PG,7000,1,25.0,19.0,108,106,-7%,17,16,16,40,39,39,43.1,42.8,37.6,47.9,41.8,38.8,5.5,39.8,5.68,37.4,34.5,5.3,38.599999999999994,5.49,39.333333333333336,16.333333333333332,42.0,36.166666666666664,33.856779661016944
37,5,Frank Kaminsky,0.0,PHO,NO,4.5,235.0,115.3,14,8.0,21.8,36.8,PF/C,5300,0,20.0,12.0,107,111,4%,12,8,9,30,22,24,21.8,22.1,12.2,32.1,32.6,33.0,6.2,28.5,5.38,27.1,30.0,5.1,27.8,5.24,25.333333333333332,9.666666666666666,23.2,22.2,32.921052631578945
37,6,Mitchell Robinson,0.0,NY,DEN,9.5,203.0,96.8,14,11.3,18.7,31.0,C,5100,2,15.0,23.0,100,100,-1%,4,3,5,22,24,21,18.6,23.0,15.6,30.4,29.9,33.3,6.5,23.5,4.61,25.2,24.0,4.9,24.35,4.755000000000001,22.333333333333332,4.0,22.389999999999997,20.333333333333332,26.167164179104482
37,7,Lonzo Ball,0.0,NO,PHO,-4.5,235.0,119.8,26,16.3,23.2,31.5,PG,5300,1,22.0,12.0,105,107,4%,12,12,11,32,26,28,23.1,27.3,18.5,36.2,43.5,54.0,10.2,30.3,5.71,31.7,31.0,6.0,31.0,5.855,28.666666666666668,11.666666666666666,27.220000000000006,23.666666666666668,33.52325581395348
38,0,Dennis Smith Jr.,0.0,NY,DEN,9.5,203.0,96.8,4,8.3,18.6,32.8,PG,3700,2,22.0,7.0,100,100,-8%,9,7,6,32,24,18,18.6,13.3,3.0,23.5,17.7,14.8,4.0,17.3,4.66,10.5,12.5,2.8,13.9,3.73,24.666666666666668,7.333333333333333,14.460000000000003,19.900000000000002,7.043918918918919
38,1,Mikal Bridges,0.0,PHO,NO,4.5,235.0,115.3,2,3.3,14.7,31.5,SG/SF,4000,0,13.0,13.0,107,111,3%,10,7,5,28,20,21,14.7,15.9,7.6,24.3,21.5,13.3,3.3,18.5,4.63,17.4,23.0,4.3,17.95,4.465,23.0,7.333333333333333,16.09,16.5,17.95
38,2,P.J. Tucker,0.0,HOU,TOR,2.0,230.5,114.3,22,22.5,27.3,32.8,SF/PF,5000,1,9.0,12.0,103,100,0%,6,7,7,41,38,36,27.7,25.1,16.1,34.1,38.5,40.3,8.1,22.8,4.55,23.4,36.0,4.7,23.1,4.625,38.333333333333336,6.666666666666667,25.22,27.53333333333333,21.69391304347826
38,3,Furkan Korkmaz,0.0,PHI,WAS,-7.5,236.0,121.8,9,5.0,12.8,18.0,SG/SF,3500,2,16.0,9.0,108,114,13%,8,7,8,23,23,24,12.8,15.3,7.2,23.4,19.5,11.8,3.4,19.3,5.5,17.6,24.0,5.0,18.450000000000003,5.25,23.333333333333332,7.666666666666667,15.430000000000001,11.933333333333332,18.977142857142862
38,4,Devin Booker,0.0,PHO,NO,4.5,235.0,115.3,25,18.8,33.3,45.0,PG/SG,7500,0,29.0,19.0,107,111,6%,16,16,17,34,36,35,33.3,38.7,27.6,49.9,42.5,71.5,9.5,42.3,5.63,41.1,36.0,5.5,41.7,5.5649999999999995,35.0,16.333333333333332,38.239999999999995,32.36666666666667,42.89142857142858
38,5,Kevin Knox,0.0,NY,DEN,9.5,203.0,96.8,11,4.0,11.7,21.8,SF/PF,3700,2,0.0,0.0,100,100,-8%,9,6,7,22,17,20,11.7,15.4,8.4,22.4,21.7,15.5,4.2,11.8,3.18,9.1,12.0,2.5,10.45,2.84,19.666666666666668,7.333333333333333,13.669999999999998,12.5,6.376271186440677
38,6,Joel Embiid,0.0,PHI,WAS,-7.5,236.0,121.8,25,17.3,47.0,60.8,C,9700,2,32.0,25.0,108,114,14%,14,15,16,32,33,30,46.6,47.0,33.7,60.3,35.2,53.8,5.5,57.5,5.93,57.9,32.5,6.0,57.7,5.965,31.666666666666668,15.0,49.05999999999999,41.699999999999996,59.21842105263158
38,7,Serge Ibaka,0.0,TOR,HOU,-2.0,230.5,116.3,23,15.0,25.2,35.5,PF/C,4700,1,25.0,18.0,108,106,5%,11,13,11,21,24,24,28.6,27.3,21.6,32.9,17.4,18.3,3.9,26.5,5.64,24.8,21.5,5.3,25.65,5.47,23.0,11.666666666666666,27.21,25.233333333333334,23.977173913043476
39,0,Chris Clemons,0.0,HOU,TOR,2.0,230.5,114.3,6,2.0,7.0,17.5,PG,3000,1,21.0,12.0,103,100,-4%,8,4,4,13,7,9,5.0,7.4,-1.8,16.6,3.5,1.3,0.4,4.8,1.58,0.0,0.0,0.0,2.4,0.79,9.666666666666666,5.333333333333333,5.92,8.833333333333334,0.0
39,1,Josh Hart,0.0,NO,PHO,-4.5,235.0,119.8,15,17.3,25.8,38.3,SG/SF,4500,1,16.0,14.0,105,107,-6%,8,8,9,30,29,29,25.8,27.9,18.6,37.2,21.4,16.5,3.7,20.3,4.5,21.9,25.5,4.9,21.1,4.7,29.333333333333332,8.333333333333334,26.119999999999997,27.133333333333336,18.342613636363637
39,2,Kelly Oubre Jr.,0.0,PHO,NO,4.5,235.0,115.3,24,15.3,26.9,48.0,SF/PF,6100,0,22.0,17.0,107,111,3%,13,14,13,30,34,32,33.9,31.7,20.0,43.4,47.0,48.8,8.0,32.8,5.37,32.6,32.0,5.3,32.7,5.335,32.0,13.333333333333334,32.339999999999996,30.066666666666666,32.7
39,3,Davis Bertans,0.0,WAS,PHI,7.5,236.0,114.3,17,13.3,27.3,35.3,SF/PF,5800,1,16.0,16.0,102,101,-6%,13,10,10,35,29,28,27.3,25.6,16.7,34.4,37.1,31.3,5.4,24.3,4.18,26.6,30.0,4.6,25.450000000000003,4.39,30.666666666666668,11.0,25.890000000000004,25.3,24.89673913043478
39,4,Lonzo Ball,0.0,NO,PHO,-4.5,235.0,119.8,26,16.3,23.2,31.5,PG,5300,1,22.0,12.0,105,107,4%,12,12,11,32,26,28,23.1,27.3,18.5,36.2,43.5,54.0,10.2,30.3,5.71,31.7,31.0,6.0,31.0,5.855,28.666666666666668,11.666666666666666,27.220000000000006,23.666666666666668,33.52325581395348
39,5,Ben McLemore,0.0,HOU,TOR,2.0,230.5,114.3,24,10.3,22.6,47.8,SG/SF,4500,1,16.0,10.0,103,100,2%,12,9,7,30,27,21,22.6,14.9,3.7,26.2,29.3,40.0,8.9,15.8,3.5,18.0,27.0,4.0,16.9,3.75,26.0,9.333333333333334,16.860000000000003,26.900000000000002,17.549999999999997
39,6,Marc Gasol,0.0,TOR,HOU,-2.0,230.5,116.3,10,16.3,24.1,31.3,C,4400,1,13.0,9.0,108,106,3%,9,7,7,29,30,29,24.1,23.0,16.6,29.4,28.9,31.5,7.2,27.8,6.31,23.9,27.5,5.4,25.85,5.855,29.333333333333332,7.666666666666667,23.79,23.900000000000002,24.234375000000004
39,7,Ty Jerome,0.0,PHO,NO,4.5,235.0,115.3,25,18.8,19.3,19.8,PG/SG,3500,0,0.0,0.0,107,111,10%,5,5,5,15,15,15,19.3,19.3,18.5,20.0,9.3,10.0,2.9,13.5,3.86,11.6,13.5,3.3,12.55,3.58,15.0,5.0,17.93,19.3,11.295
40,0,James Harden,0.0,HOU,TOR,2.0,230.5,114.3,6,55.5,70.2,85.3,PG/SG,12000,1,40.0,32.0,103,100,-4%,31,25,25,40,40,38,70.3,64.9,52.9,76.8,40.4,47.8,4.0,60.0,5.0,61.7,37.5,5.1,60.85,5.05,39.333333333333336,27.0,65.15,70.33333333333333,58.01377118644067
40,1,Josh Hart,0.0,NO,PHO,-4.5,235.0,119.8,15,17.3,25.8,38.3,SG/SF,4500,1,16.0,14.0,105,107,-6%,8,8,9,30,29,29,25.8,27.9,18.6,37.2,21.4,16.5,3.7,20.3,4.5,21.9,25.5,4.9,21.1,4.7,29.333333333333332,8.333333333333334,26.119999999999997,27.133333333333336,18.342613636363637
40,2,Jerami Grant,0.0,DEN,NY,-9.5,203.0,106.3,17,10.5,17.0,31.0,PF/C,3700,1,18.0,12.0,100,110,0%,7,7,8,25,23,22,17.0,17.1,9.6,24.5,21.1,22.3,6.0,18.5,5.0,16.8,21.5,4.5,17.65,4.75,23.333333333333332,7.333333333333333,17.169999999999998,19.5,16.263214285714287
40,3,Kevin Knox,0.0,NY,DEN,9.5,203.0,96.8,11,4.0,11.7,21.8,SF/PF,3700,2,0.0,0.0,100,100,-8%,9,6,7,22,17,20,11.7,15.4,8.4,22.4,21.7,15.5,4.2,11.8,3.18,9.1,12.0,2.5,10.45,2.84,19.666666666666668,7.333333333333333,13.669999999999998,12.5,6.376271186440677
40,4,Mikal Bridges,0.0,PHO,NO,4.5,235.0,115.3,2,3.3,14.7,31.5,SG/SF,4000,0,13.0,13.0,107,111,3%,10,7,5,28,20,21,14.7,15.9,7.6,24.3,21.5,13.3,3.3,18.5,4.63,17.4,23.0,4.3,17.95,4.465,23.0,7.333333333333333,16.09,16.5,17.95
40,5,Thabo Sefolosha,0.0,HOU,TOR,2.0,230.5,114.3,22,0.0,6.6,16.8,SF/PF,3000,1,11.0,9.0,103,100,0%,2,2,3,10,9,11,6.5,8.0,3.4,12.6,6.1,0.8,0.3,5.5,1.83,0.0,0.0,0.0,2.75,0.915,10.0,2.3333333333333335,6.65,7.8,0.0
40,6,Taj Gibson,0.0,NY,DEN,9.5,203.0,96.8,15,8.5,16.1,24.5,PF/C,3800,2,16.0,15.0,100,100,-9%,7,6,5,20,19,16,15.9,14.3,6.5,22.0,18.1,11.5,3.0,17.8,4.67,17.2,19.5,4.5,17.5,4.585,18.333333333333332,6.0,15.24,16.366666666666667,18.613636363636363
40,7,Joel Embiid,0.0,PHI,WAS,-7.5,236.0,121.8,25,17.3,47.0,60.8,C,9700,2,32.0,25.0,108,114,14%,14,15,16,32,33,30,46.6,47.0,33.7,60.3,35.2,53.8,5.5,57.5,5.93,57.9,32.5,6.0,57.7,5.965,31.666666666666668,15.0,49.05999999999999,41.699999999999996,59.21842105263158
42,0,Monte Morris,0.0,DEN,NY,-9.5,203.0,106.3,3,2.3,12.3,23.3,PG,3200,1,21.0,14.0,100,110,1%,4,5,6,14,15,17,12.3,14.7,6.2,23.1,25.8,35.8,11.2,13.8,4.3,13.3,15.0,4.2,13.55,4.25,15.333333333333334,5.0,13.970000000000002,12.633333333333335,13.255434782608697
42,1,Matisse Thybulle,0.0,PHI,WAS,-7.5,236.0,121.8,9,5.0,14.2,32.8,SG/SF,3600,2,14.0,9.0,108,114,5%,4,4,4,23,18,16,14.2,11.1,2.2,20.0,31.0,23.8,6.6,18.3,5.07,17.8,23.0,4.9,18.05,4.985,19.0,4.0,13.11,17.333333333333332,21.85
42,2,P.J. Tucker,0.0,HOU,TOR,2.0,230.5,114.3,22,22.5,27.3,32.8,SF/PF,5000,1,9.0,12.0,103,100,0%,6,7,7,41,38,36,27.7,25.1,16.1,34.1,38.5,40.3,8.1,22.8,4.55,23.4,36.0,4.7,23.1,4.625,38.333333333333336,6.666666666666667,25.22,27.53333333333333,21.69391304347826
42,3,Norman Powell,0.0,TOR,HOU,-2.0,230.5,116.3,13,17.0,30.3,42.0,SG/SF,5100,1,19.0,14.0,108,106,12%,13,13,10,34,31,28,30.3,23.6,13.8,33.5,24.6,21.0,4.1,22.5,4.41,23.8,27.5,4.7,23.15,4.555,31.0,12.0,24.869999999999997,29.766666666666666,20.536290322580644
42,4,Bradley Beal,0.0,WAS,PHI,7.5,236.0,114.3,21,29.0,45.2,57.5,SG,8700,1,32.0,23.0,102,101,-12%,25,19,22,38,35,37,45.2,47.6,35.0,60.1,38.1,44.0,5.1,43.8,5.03,52.0,39.5,6.0,47.9,5.515000000000001,36.666666666666664,22.0,47.160000000000004,43.9,51.60136363636364
42,5,Al Horford,0.0,PHI,WAS,-7.5,236.0,121.8,27,28.3,33.0,41.5,PF/C,6400,2,20.0,19.0,108,114,0%,10,10,12,33,33,32,35.3,34.2,25.8,42.7,28.9,23.3,3.6,38.0,5.94,38.2,32.5,6.0,38.1,5.970000000000001,32.666666666666664,10.666666666666666,35.22,34.266666666666666,37.90561224489796
42,6,Julius Randle,0.0,NY,DEN,9.5,203.0,96.8,15,27.3,32.8,42.5,PF/C,6300,2,27.0,15.0,100,100,-9%,14,14,14,30,32,33,32.1,34.5,25.9,43.2,21.4,16.5,2.6,36.0,5.71,35.1,33.0,5.6,35.55,5.654999999999999,31.666666666666668,14.0,34.25,34.199999999999996,37.04684210526315
42,7,Thabo Sefolosha,0.0,HOU,TOR,2.0,230.5,114.3,22,0.0,6.6,16.8,SF/PF,3000,1,11.0,9.0,103,100,0%,2,2,3,10,9,11,6.5,8.0,3.4,12.6,6.1,0.8,0.3,5.5,1.83,0.0,0.0,0.0,2.75,0.915,10.0,2.3333333333333335,6.65,7.8,0.0
43,0,Fred VanVleet,0.0,TOR,HOU,-2.0,230.5,116.3,24,24.3,40.7,49.8,PG/SG,6600,1,23.0,17.0,108,106,-7%,13,14,15,38,37,38,40.6,39.0,29.3,48.6,38.5,43.5,6.6,36.0,5.45,37.9,36.0,5.7,36.95,5.575,37.666666666666664,14.0,38.89,38.266666666666666,35.31504424778761
43,1,Josh Hart,0.0,NO,PHO,-4.5,235.0,119.8,15,17.3,25.8,38.3,SG/SF,4500,1,16.0,14.0,105,107,-6%,8,8,9,30,29,29,25.8,27.9,18.6,37.2,21.4,16.5,3.7,20.3,4.5,21.9,25.5,4.9,21.1,4.7,29.333333333333332,8.333333333333334,26.119999999999997,27.133333333333336,18.342613636363637
43,2,Serge Ibaka,0.0,TOR,HOU,-2.0,230.5,116.3,23,15.0,25.2,35.5,PF/C,4700,1,25.0,18.0,108,106,5%,11,13,11,21,24,24,28.6,27.3,21.6,32.9,17.4,18.3,3.9,26.5,5.64,24.8,21.5,5.3,25.65,5.47,23.0,11.666666666666666,27.21,25.233333333333334,23.977173913043476
43,3,Davis Bertans,0.0,WAS,PHI,7.5,236.0,114.3,17,13.3,27.3,35.3,SF/PF,5800,1,16.0,16.0,102,101,-6%,13,10,10,35,29,28,27.3,25.6,16.7,34.4,37.1,31.3,5.4,24.3,4.18,26.6,30.0,4.6,25.450000000000003,4.39,30.666666666666668,11.0,25.890000000000004,25.3,24.89673913043478
43,4,James Harden,0.0,HOU,TOR,2.0,230.5,114.3,6,55.5,70.2,85.3,PG/SG,12000,1,40.0,32.0,103,100,-4%,31,25,25,40,40,38,70.3,64.9,52.9,76.8,40.4,47.8,4.0,60.0,5.0,61.7,37.5,5.1,60.85,5.05,39.333333333333336,27.0,65.15,70.33333333333333,58.01377118644067
43,5,Ben Simmons,0.0,PHI,WAS,-7.5,236.0,121.8,30,35.3,42.5,52.0,PG/SF,8000,2,22.0,17.0,108,114,5%,12,11,11,36,37,36,42.7,41.0,34.1,47.9,36.0,42.3,5.3,45.5,5.69,44.6,35.0,5.6,45.05,5.645,36.333333333333336,11.333333333333334,42.15,43.26666666666667,43.396788990825684
43,6,Marc Gasol,0.0,TOR,HOU,-2.0,230.5,116.3,10,16.3,24.1,31.3,C,4400,1,13.0,9.0,108,106,3%,9,7,7,29,30,29,24.1,23.0,16.6,29.4,28.9,31.5,7.2,27.8,6.31,23.9,27.5,5.4,25.85,5.855,29.333333333333332,7.666666666666667,23.79,23.900000000000002,24.234375000000004
43,7,Damyean Dotson,0.0,NY,DEN,9.5,203.0,96.8,25,14.5,17.7,24.0,SG/SF,3700,2,17.0,11.0,100,100,-3%,8,7,6,30,23,16,17.7,11.4,4.5,18.3,4.1,6.3,1.7,12.3,3.31,12.8,19.0,3.5,12.55,3.4050000000000002,23.0,7.0,12.89,18.733333333333334,10.367391304347827
44,0,Malik Beasley,0.0,DEN,NY,-9.5,203.0,106.3,3,5.5,12.1,19.0,PG/SG,3000,1,21.0,9.0,100,110,-4%,10,6,6,17,14,15,12.1,11.3,3.9,18.8,23.6,19.0,6.3,11.8,3.92,12.1,16.0,4.0,11.95,3.96,15.333333333333334,7.333333333333333,11.61,12.200000000000001,12.469565217391303
44,1,Terence Davis,0.0,TOR,HOU,-2.0,230.5,116.3,24,6.8,18.0,29.0,PG/SG,3500,1,17.0,16.0,108,106,5%,5,7,5,19,20,16,17.9,15.1,4.1,26.1,14.2,14.3,4.1,13.8,3.93,13.3,14.0,3.8,13.55,3.865,18.333333333333332,5.666666666666667,15.35,17.933333333333334,10.347272727272728
44,2,Jerami Grant,0.0,DEN,NY,-9.5,203.0,106.3,17,10.5,17.0,31.0,PF/C,3700,1,18.0,12.0,100,110,0%,7,7,8,25,23,22,17.0,17.1,9.6,24.5,21.1,22.3,6.0,18.5,5.0,16.8,21.5,4.5,17.65,4.75,23.333333333333332,7.333333333333333,17.169999999999998,19.5,16.263214285714287
44,3,Norman Powell,0.0,TOR,HOU,-2.0,230.5,116.3,13,17.0,30.3,42.0,SG/SF,5100,1,19.0,14.0,108,106,12%,13,13,10,34,31,28,30.3,23.6,13.8,33.5,24.6,21.0,4.1,22.5,4.41,23.8,27.5,4.7,23.15,4.555,31.0,12.0,24.869999999999997,29.766666666666666,20.536290322580644
44,4,Matisse Thybulle,0.0,PHI,WAS,-7.5,236.0,121.8,9,5.0,14.2,32.8,SG/SF,3600,2,14.0,9.0,108,114,5%,4,4,4,23,18,16,14.2,11.1,2.2,20.0,31.0,23.8,6.6,18.3,5.07,17.8,23.0,4.9,18.05,4.985,19.0,4.0,13.11,17.333333333333332,21.85
44,5,Cameron Johnson,0.0,PHO,NO,4.5,235.0,115.3,24,7.5,14.2,28.5,SF/PF,3000,0,18.0,14.0,107,111,10%,7,7,7,18,21,19,14.2,15.6,6.6,24.5,31.0,32.5,10.8,13.8,4.58,14.3,17.5,4.8,14.05,4.6899999999999995,19.333333333333332,7.0,14.99,16.733333333333334,12.717672413793103
44,6,Joel Embiid,0.0,PHI,WAS,-7.5,236.0,121.8,25,17.3,47.0,60.8,C,9700,2,32.0,25.0,108,114,14%,14,15,16,32,33,30,46.6,47.0,33.7,60.3,35.2,53.8,5.5,57.5,5.93,57.9,32.5,6.0,57.7,5.965,31.666666666666668,15.0,49.05999999999999,41.699999999999996,59.21842105263158
44,7,Jamal Murray,0.0,DEN,NY,-9.5,203.0,106.3,3,27.0,36.1,41.3,PG/SG,6700,1,27.0,18.0,100,110,1%,17,18,17,36,36,34,37.8,36.1,24.5,47.7,22.2,23.8,3.6,35.8,5.34,35.1,33.5,5.2,35.45,5.27,35.333333333333336,17.333333333333332,36.31,34.800000000000004,33.61061320754717
46,0,Frank Jackson,0.0,NO,PHO,-4.5,235.0,119.8,26,1.8,3.6,5.8,PG/SG,3000,1,22.0,9.0,105,107,4%,2,3,7,10,11,16,3.6,11.9,2.9,21.0,9.7,3.3,1.1,4.3,1.42,0.0,0.0,0.0,2.15,0.71,12.333333333333334,4.0,8.309999999999999,3.733333333333333,0.0
46,1,Ben McLemore,0.0,HOU,TOR,2.0,230.5,114.3,24,10.3,22.6,47.8,SG/SF,4500,1,16.0,10.0,103,100,2%,12,9,7,30,27,21,22.6,14.9,3.7,26.2,29.3,40.0,8.9,15.8,3.5,18.0,27.0,4.0,16.9,3.75,26.0,9.333333333333334,16.860000000000003,26.900000000000002,17.549999999999997
46,2,Kevin Knox,0.0,NY,DEN,9.5,203.0,96.8,11,4.0,11.7,21.8,SF/PF,3700,2,0.0,0.0,100,100,-8%,9,6,7,22,17,20,11.7,15.4,8.4,22.4,21.7,15.5,4.2,11.8,3.18,9.1,12.0,2.5,10.45,2.84,19.666666666666668,7.333333333333333,13.669999999999998,12.5,6.376271186440677
46,3,Wayne Ellington,0.0,NY,DEN,9.5,203.0,96.8,25,0.0,8.7,20.8,SG/SF,3000,2,16.0,5.0,100,100,-3%,3,4,5,11,16,15,8.7,8.6,1.5,15.6,10.8,10.3,3.4,5.0,1.67,0.0,0.0,0.0,2.5,0.835,14.0,4.0,7.38,9.833333333333334,0.0
46,4,Troy Brown,0.0,WAS,PHI,7.5,236.0,114.3,21,7.8,18.9,26.3,SG/SF,3800,1,16.0,13.0,102,101,-6%,6,7,7,22,20,21,18.9,18.5,10.6,26.4,18.0,23.0,6.1,17.0,4.47,20.5,23.5,5.4,18.75,4.9350000000000005,21.0,6.666666666666667,18.63,17.666666666666668,20.982142857142858
46,5,Tobias Harris,0.0,PHI,WAS,-7.5,236.0,121.8,23,27.5,32.7,42.3,SF/PF,6500,2,23.0,16.0,108,114,11%,20,17,15,36,36,35,32.7,35.5,27.6,43.3,39.7,49.3,7.6,38.0,5.85,37.5,34.5,5.8,37.75,5.824999999999999,35.666666666666664,17.333333333333332,35.37,34.166666666666664,36.51518691588785
46,6,Rui Hachimura,0.0,WAS,PHI,7.5,236.0,114.3,7,17.5,28.2,48.8,PF/C,5700,1,19.0,14.0,102,101,-10%,18,14,12,39,31,28,28.1,24.6,14.6,34.7,42.5,39.3,6.9,27.3,4.78,27.7,32.5,4.9,27.5,4.84,32.666666666666664,14.666666666666666,25.9,31.5,27.359693877551024
46,7,Al Horford,0.0,PHI,WAS,-7.5,236.0,121.8,27,28.3,33.0,41.5,PF/C,6400,2,20.0,19.0,108,114,0%,10,10,12,33,33,32,35.3,34.2,25.8,42.7,28.9,23.3,3.6,38.0,5.94,38.2,32.5,6.0,38.1,5.970000000000001,32.666666666666664,10.666666666666666,35.22,34.266666666666666,37.90561224489796
47,0,Lonzo Ball,0.0,NO,PHO,-4.5,235.0,119.8,26,16.3,23.2,31.5,PG,5300,1,22.0,12.0,105,107,4%,12,12,11,32,26,28,23.1,27.3,18.5,36.2,43.5,54.0,10.2,30.3,5.71,31.7,31.0,6.0,31.0,5.855,28.666666666666668,11.666666666666666,27.220000000000006,23.666666666666668,33.52325581395348
47,1,Bradley Beal,0.0,WAS,PHI,7.5,236.0,114.3,21,29.0,45.2,57.5,SG,8700,1,32.0,23.0,102,101,-12%,25,19,22,38,35,37,45.2,47.6,35.0,60.1,38.1,44.0,5.1,43.8,5.03,52.0,39.5,6.0,47.9,5.515000000000001,36.666666666666664,22.0,47.160000000000004,43.9,51.60136363636364
47,2,Thabo Sefolosha,0.0,HOU,TOR,2.0,230.5,114.3,22,0.0,6.6,16.8,SF/PF,3000,1,11.0,9.0,103,100,0%,2,2,3,10,9,11,6.5,8.0,3.4,12.6,6.1,0.8,0.3,5.5,1.83,0.0,0.0,0.0,2.75,0.915,10.0,2.3333333333333335,6.65,7.8,0.0
47,3,P.J. Tucker,0.0,HOU,TOR,2.0,230.5,114.3,22,22.5,27.3,32.8,SF/PF,5000,1,9.0,12.0,103,100,0%,6,7,7,41,38,36,27.7,25.1,16.1,34.1,38.5,40.3,8.1,22.8,4.55,23.4,36.0,4.7,23.1,4.625,38.333333333333336,6.666666666666667,25.22,27.53333333333333,21.69391304347826
47,4,Terence Davis,0.0,TOR,HOU,-2.0,230.5,116.3,24,6.8,18.0,29.0,PG/SG,3500,1,17.0,16.0,108,106,5%,5,7,5,19,20,16,17.9,15.1,4.1,26.1,14.2,14.3,4.1,13.8,3.93,13.3,14.0,3.8,13.55,3.865,18.333333333333332,5.666666666666667,15.35,17.933333333333334,10.347272727272728
47,5,Kelly Oubre Jr.,0.0,PHO,NO,4.5,235.0,115.3,24,15.3,26.9,48.0,SF/PF,6100,0,22.0,17.0,107,111,3%,13,14,13,30,34,32,33.9,31.7,20.0,43.4,47.0,48.8,8.0,32.8,5.37,32.6,32.0,5.3,32.7,5.335,32.0,13.333333333333334,32.339999999999996,30.066666666666666,32.7
47,6,Jerami Grant,0.0,DEN,NY,-9.5,203.0,106.3,17,10.5,17.0,31.0,PF/C,3700,1,18.0,12.0,100,110,0%,7,7,8,25,23,22,17.0,17.1,9.6,24.5,21.1,22.3,6.0,18.5,5.0,16.8,21.5,4.5,17.65,4.75,23.333333333333332,7.333333333333333,17.169999999999998,19.5,16.263214285714287
47,7,Paul Millsap,0.0,DEN,NY,-9.5,203.0,106.3,17,9.5,25.7,37.5,PF/C,4900,1,20.0,20.0,100,110,3%,9,10,10,25,26,26,25.7,26.9,17.4,36.3,21.6,25.5,5.2,24.5,5.0,26.2,26.5,5.3,25.35,5.15,25.666666666666668,9.666666666666666,26.329999999999995,24.233333333333334,26.17305194805195
48,0,Monte Morris,0.0,DEN,NY,-9.5,203.0,106.3,3,2.3,12.3,23.3,PG,3200,1,21.0,14.0,100,110,1%,4,5,6,14,15,17,12.3,14.7,6.2,23.1,25.8,35.8,11.2,13.8,4.3,13.3,15.0,4.2,13.55,4.25,15.333333333333334,5.0,13.970000000000002,12.633333333333335,13.255434782608697
48,1,Furkan Korkmaz,0.0,PHI,WAS,-7.5,236.0,121.8,9,5.0,12.8,18.0,SG/SF,3500,2,16.0,9.0,108,114,13%,8,7,8,23,23,24,12.8,15.3,7.2,23.4,19.5,11.8,3.4,19.3,5.5,17.6,24.0,5.0,18.450000000000003,5.25,23.333333333333332,7.666666666666667,15.430000000000001,11.933333333333332,18.977142857142862
48,2,OG Anunoby,0.0,TOR,HOU,-2.0,230.5,116.3,27,14.8,24.5,35.0,SF/PF,4600,1,14.0,14.0,108,106,12%,5,7,9,26,31,31,24.5,26.3,16.0,36.5,23.5,22.5,4.9,23.8,5.16,24.6,29.0,5.3,24.200000000000003,5.23,29.333333333333332,7.0,25.5,24.766666666666666,23.925000000000004
48,3,Norman Powell,0.0,TOR,HOU,-2.0,230.5,116.3,13,17.0,30.3,42.0,SG/SF,5100,1,19.0,14.0,108,106,12%,13,13,10,34,31,28,30.3,23.6,13.8,33.5,24.6,21.0,4.1,22.5,4.41,23.8,27.5,4.7,23.15,4.555,31.0,12.0,24.869999999999997,29.766666666666666,20.536290322580644
48,4,Austin Rivers,0.0,HOU,TOR,2.0,230.5,114.3,6,8.3,18.6,30.5,PG/SG,4300,1,14.0,10.0,103,100,-4%,10,8,7,36,29,25,18.6,15.5,7.7,23.3,27.6,23.8,5.5,15.8,3.66,14.6,23.0,3.4,15.2,3.5300000000000002,30.0,8.333333333333334,16.060000000000002,19.133333333333336,11.653333333333332
48,5,Paul Millsap,0.0,DEN,NY,-9.5,203.0,106.3,17,9.5,25.7,37.5,PF/C,4900,1,20.0,20.0,100,110,3%,9,10,10,25,26,26,25.7,26.9,17.4,36.3,21.6,25.5,5.2,24.5,5.0,26.2,26.5,5.3,25.35,5.15,25.666666666666668,9.666666666666666,26.329999999999995,24.233333333333334,26.17305194805195
48,6,Julius Randle,0.0,NY,DEN,9.5,203.0,96.8,15,27.3,32.8,42.5,PF/C,6300,2,27.0,15.0,100,100,-9%,14,14,14,30,32,33,32.1,34.5,25.9,43.2,21.4,16.5,2.6,36.0,5.71,35.1,33.0,5.6,35.55,5.654999999999999,31.666666666666668,14.0,34.25,34.199999999999996,37.04684210526315
48,7,JJ Redick,0.0,NO,PHO,-4.5,235.0,119.8,15,21.0,25.5,30.5,SG/SF,4800,1,19.0,15.0,105,107,0%,11,12,11,30,31,29,25.5,24.6,14.6,34.6,34.3,37.0,7.7,23.0,4.79,26.2,29.0,5.5,24.6,5.145,30.0,11.333333333333334,24.78,25.666666666666668,23.78
49,0,Malik Beasley,0.0,DEN,NY,-9.5,203.0,106.3,3,5.5,12.1,19.0,PG/SG,3000,1,21.0,9.0,100,110,-4%,10,6,6,17,14,15,12.1,11.3,3.9,18.8,23.6,19.0,6.3,11.8,3.92,12.1,16.0,4.0,11.95,3.96,15.333333333333334,7.333333333333333,11.61,12.200000000000001,12.469565217391303
49,1,Wayne Ellington,0.0,NY,DEN,9.5,203.0,96.8,25,0.0,8.7,20.8,SG/SF,3000,2,16.0,5.0,100,100,-3%,3,4,5,11,16,15,8.7,8.6,1.5,15.6,10.8,10.3,3.4,5.0,1.67,0.0,0.0,0.0,2.5,0.835,14.0,4.0,7.38,9.833333333333334,0.0
49,2,Davis Bertans,0.0,WAS,PHI,7.5,236.0,114.3,17,13.3,27.3,35.3,SF/PF,5800,1,16.0,16.0,102,101,-6%,13,10,10,35,29,28,27.3,25.6,16.7,34.4,37.1,31.3,5.4,24.3,4.18,26.6,30.0,4.6,25.450000000000003,4.39,30.666666666666668,11.0,25.890000000000004,25.3,24.89673913043478
49,3,Damyean Dotson,0.0,NY,DEN,9.5,203.0,96.8,25,14.5,17.7,24.0,SG/SF,3700,2,17.0,11.0,100,100,-3%,8,7,6,30,23,16,17.7,11.4,4.5,18.3,4.1,6.3,1.7,12.3,3.31,12.8,19.0,3.5,12.55,3.4050000000000002,23.0,7.0,12.89,18.733333333333334,10.367391304347827
49,4,Isaac Bonga,0.0,WAS,PHI,7.5,236.0,114.3,1,2.0,9.4,17.3,PG/SF,3700,1,11.0,11.0,102,101,-7%,3,2,3,18,13,15,9.3,10.8,4.1,17.4,19.6,11.8,3.2,16.0,4.32,16.0,21.5,4.3,16.0,4.3100000000000005,15.333333333333334,2.6666666666666665,11.52,9.566666666666668,22.434782608695652
49,5,Norman Powell,0.0,TOR,HOU,-2.0,230.5,116.3,13,17.0,30.3,42.0,SG/SF,5100,1,19.0,14.0,108,106,12%,13,13,10,34,31,28,30.3,23.6,13.8,33.5,24.6,21.0,4.1,22.5,4.41,23.8,27.5,4.7,23.15,4.555,31.0,12.0,24.869999999999997,29.766666666666666,20.536290322580644
49,6,Joel Embiid,0.0,PHI,WAS,-7.5,236.0,121.8,25,17.3,47.0,60.8,C,9700,2,32.0,25.0,108,114,14%,14,15,16,32,33,30,46.6,47.0,33.7,60.3,35.2,53.8,5.5,57.5,5.93,57.9,32.5,6.0,57.7,5.965,31.666666666666668,15.0,49.05999999999999,41.699999999999996,59.21842105263158
49,7,RJ Barrett,0.0,NY,DEN,9.5,203.0,96.8,4,5.5,24.1,33.3,PG/SG,5600,2,25.0,11.0,100,100,-9%,13,13,14,32,32,33,28.1,30.0,20.4,39.5,22.0,27.3,4.9,27.0,4.82,26.7,31.0,4.8,26.85,4.8100000000000005,32.333333333333336,13.333333333333334,28.97,20.966666666666665,25.742783505154637
