Lineup Num,,Player Name,injury_status,team,opp,spread,over_under,implied_team_score,L5_dvp_rank,L5_ppg_floor,L5_ppg_avg,L5_ppg_max,Pos,Salary,Rest,USG,PER,Opp Pace,Opp DEff,Opp DvP,L2 FGA,L5 FGA,S FGA,L2 Min,L5 Min,S Min,L5 FP,S FP,Floor FP,Ceil FP,Actual Min,Actual FP,Actual Val,FantasyFuelPPGProj,FantasyFuelValueProj,DFN_PPGProj,DFN_MinProj,DFN_ValueProj,Avg Proj,Avg Value Proj,Avg Skewed Min,Avg Skewed FGA,Avg Skewed FP,Avg L5 PPG,Proj Min Enhanced
0,0,Terry Rozier,0.0,CHA,MIN,5.5,226.0,110.3,26,2.8,13.6,24.0,PG,6600,1.0,19.0,13.0,103,110,-1%,10,10,10,30,30,30,20.0,20.0,20.0,20.0,17.6,30.3,4.6,34.3,5.19,33.8,31.5,5.1,34.05,5.145,30.0,10.0,22.81,13.466666666666667,35.7525
0,1,Marcus Smart,0.0,BOS,TOR,-2.5,213.0,107.8,30,8.8,16.4,20.5,PG/SG,4500,1.0,16.0,13.0,103,104,-1%,7,7,7,33,33,33,20.5,20.5,20.5,20.5,28.1,18.8,4.2,20.8,4.61,24.5,29.0,5.4,22.65,5.005000000000001,33.0,7.0,20.93,15.233333333333334,19.904545454545453
0,2,Nemanja Bjelica,0.0,SAC,POR,1.5,227.5,113.0,30,12.5,16.7,19.5,PF,3600,1.0,17.0,15.0,102,108,-1%,6,6,6,21,21,21,17.0,17.0,17.0,17.0,28.0,20.8,5.8,24.3,6.74,24.6,26.5,6.8,24.450000000000003,6.77,21.0,6.0,18.490000000000002,16.233333333333334,30.85357142857143
0,3,Kyle Anderson,0.0,MEM,CHI,2.0,225.0,111.5,8,6.8,18.5,24.8,SF/PF,3800,1.0,13.0,13.0,101,111,-5%,4,4,4,21,21,21,15.5,15.5,15.5,15.5,20.2,27.3,7.2,18.5,4.87,18.4,22.5,4.8,18.45,4.835,21.0,4.0,16.09,16.7,19.767857142857142
0,4,Anfernee Simons,0.0,POR,SAC,-1.5,227.5,114.5,24,0.0,15.0,62.5,PG/SG,3400,1.0,0.0,0.0,106,109,5%,7,7,7,12,12,12,8.5,8.5,8.5,8.5,21.1,19.5,5.7,14.5,4.26,12.1,14.0,3.6,13.3,3.9299999999999997,12.0,7.0,9.459999999999999,25.833333333333332,15.516666666666667
0,5,Julius Randle,0.0,NY,BKN,8.0,229.0,110.5,1,28.3,49.7,59.3,PF/C,8100,1.0,28.0,21.0,103,107,1%,18,18,18,35,35,35,55.3,55.3,55.3,55.3,38.6,32.3,4.0,43.5,5.37,43.0,33.5,5.3,43.25,5.335,35.0,18.0,52.89,45.76666666666667,41.39642857142857
0,6,Daniel Theis,0.0,BOS,TOR,-2.5,213.0,107.8,4,0.0,4.2,7.8,PF/C,3200,1.0,16.0,17.0,103,104,-4%,1,1,1,10,10,10,6.3,6.3,6.3,6.3,15.0,14.0,4.4,5.8,1.8,21.1,23.0,6.6,13.450000000000001,4.2,10.0,1.0,7.7299999999999995,4.0,30.935000000000006
0,7,Anthony Tolliver,0.0,POR,SAC,-1.5,227.5,114.5,20,-0.5,11.9,21.5,SF/PF,3100,1.0,12.0,9.0,106,109,2%,1,1,1,13,13,13,-0.5,-0.5,-0.5,-0.5,11.2,4.0,1.3,14.0,4.52,8.3,12.0,2.7,11.15,3.61,13.0,1.0,1.83,10.966666666666667,10.292307692307693
1,0,Lonzo Ball,0.0,NO,DAL,-2.0,227.0,114.5,27,22.3,36.2,44.0,PG,6000,2.0,18.0,12.0,101,108,4%,7,7,7,25,25,25,22.3,22.3,22.3,22.3,33.2,37.0,6.2,29.5,4.92,29.8,27.5,5.0,29.65,4.96,25.0,7.0,23.77,34.166666666666664,32.614999999999995
1,1,Danny Green,0.0,LAL,UTA,-3.5,216.0,109.8,6,7.3,22.3,46.3,SG/SF,4600,2.0,14.0,13.0,103,103,-13%,14,14,14,32,32,32,46.3,46.3,46.3,46.3,28.3,24.0,5.2,21.5,4.67,22.7,31.5,4.9,22.1,4.785,32.0,14.0,41.459999999999994,25.3,21.754687500000003
1,2,Anthony Davis,0.0,LAL,UTA,-3.5,216.0,109.8,2,31.0,39.7,48.3,PF/C,10000,2.0,29.0,30.0,103,103,-10%,21,21,21,37,37,37,51.0,51.0,51.0,51.0,32.3,45.3,4.5,45.0,4.5,55.1,36.0,5.5,50.05,5.0,37.0,21.0,50.81,39.666666666666664,48.69729729729729
1,3,Caris LeVert,0.0,BKN,NY,-8.0,229.0,118.5,21,20.0,34.2,44.3,PG/SF,6500,1.0,25.0,15.0,102,111,8%,19,19,19,37,37,37,36.3,36.3,36.3,36.3,24.2,22.0,3.4,32.0,4.92,34.7,31.5,5.3,33.35,5.109999999999999,37.0,19.0,35.709999999999994,32.833333333333336,28.392567567567568
1,4,Norman Powell,0.0,TOR,BOS,2.5,213.0,105.3,25,0.0,5.8,17.5,SG/SF,4400,2.0,19.0,13.0,102,105,-4%,7,7,7,29,29,29,17.5,17.5,17.5,17.5,21.8,13.0,3.0,19.5,4.43,21.3,27.5,4.8,20.4,4.615,29.0,7.0,18.080000000000002,7.766666666666667,19.344827586206897
1,5,Robert Covington,0.0,MIN,CHA,-5.5,226.0,115.8,11,25.8,33.2,51.8,SF/PF,5600,1.0,16.0,13.0,101,110,-1%,11,11,11,33,33,33,26.8,26.8,26.8,26.8,18.1,16.5,2.9,27.8,4.96,27.6,30.5,4.9,27.700000000000003,4.93,33.0,11.0,26.98,36.93333333333333,25.601515151515155
1,6,Mike Muscala,0.0,OKC,WAS,-8.5,218.0,113.3,20,15.5,24.1,28.5,PF/C,3200,1.0,14.0,11.0,104,111,9%,4,4,4,16,16,16,15.5,15.5,15.5,15.5,11.6,7.3,2.3,12.8,3.98,11.4,13.5,3.6,12.100000000000001,3.79,16.0,4.0,14.819999999999999,22.7,10.209375000000001
1,7,Bogdan Bogdanovic,0.0,SAC,POR,1.5,227.5,113.0,21,7.0,21.6,34.5,SG/SF,4600,1.0,23.0,14.0,102,108,-8%,10,10,10,22,22,22,7.0,7.0,7.0,7.0,28.7,28.8,6.3,22.0,4.78,25.2,26.5,5.5,23.6,5.140000000000001,22.0,10.0,10.32,21.033333333333335,28.42727272727273
4,0,Nickeil Alexander-Walker,0.0,NO,DAL,-2.0,227.0,114.5,27,15.0,15.0,15.0,PG/SG,3400,2.0,0.0,0.0,101,108,4%,10,10,10,12,12,12,15.0,15.0,15.0,15.0,14.8,16.8,4.9,16.0,4.71,12.2,12.5,3.6,14.1,4.155,12.0,10.0,14.819999999999999,15.0,14.6875
4,1,Brad Wanamaker,0.0,BOS,TOR,-2.5,213.0,107.8,30,-0.5,3.9,11.0,PG/SG,3000,1.0,0.0,0.0,103,104,-1%,2,2,2,6,6,6,1.5,1.5,1.5,1.5,9.6,11.3,3.8,12.5,4.17,0.0,0.0,0.0,6.25,2.085,6.0,2.0,2.45,4.8,0.0
4,2,Danilo Gallinari,0.0,OKC,WAS,-8.5,218.0,113.3,21,19.5,33.7,42.3,SF/PF,7100,1.0,23.0,21.0,104,111,4%,13,13,13,28,28,28,35.3,35.3,35.3,35.3,29.7,29.8,4.2,37.5,5.28,36.6,30.5,5.2,37.05,5.24,28.0,13.0,35.65,31.833333333333332,40.35803571428571
4,3,Tim Hardaway Jr.,0.0,DAL,NO,2.0,227.0,112.5,17,6.8,23.4,34.5,SG/SF,3500,1.0,23.0,14.0,106,110,5%,7,7,7,21,21,21,6.8,6.8,6.8,6.8,21.6,13.3,3.8,18.5,5.29,18.2,21.0,5.2,18.35,5.245,21.0,7.0,9.11,21.566666666666666,18.35
4,4,Grayson Allen,0.0,MEM,CHI,2.0,225.0,111.5,4,0.0,16.3,59.8,PG/SG,3200,1.0,0.0,0.0,101,111,5%,6,6,6,21,21,21,8.8,8.8,8.8,8.8,18.4,12.3,3.8,7.0,2.19,15.3,19.5,4.8,11.15,3.495,21.0,6.0,9.27,25.366666666666664,10.353571428571428
4,5,Jaylen Brown,0.0,BOS,TOR,-2.5,213.0,107.8,24,18.3,25.3,34.3,SG/SF,5100,1.0,21.0,14.0,103,104,-3%,6,6,6,21,21,21,18.8,18.8,18.8,18.8,38.1,46.8,9.2,24.8,4.85,26.0,29.5,5.1,25.4,4.975,21.0,6.0,20.119999999999997,25.96666666666667,35.68095238095238
4,6,Taj Gibson,0.0,NY,BKN,8.0,229.0,110.5,1,1.3,15.0,31.5,PF/C,3400,1.0,17.0,18.0,103,107,1%,5,5,5,15,15,15,6.0,6.0,6.0,6.0,14.0,11.5,3.4,15.3,4.49,11.5,13.0,3.4,13.4,3.9450000000000003,15.0,5.0,7.4799999999999995,15.933333333333332,11.613333333333333
4,7,Danny Green,0.0,LAL,UTA,-3.5,216.0,109.8,6,7.3,22.3,46.3,SG/SF,4600,2.0,14.0,13.0,103,103,-13%,14,14,14,32,32,32,46.3,46.3,46.3,46.3,28.3,24.0,5.2,21.5,4.67,22.7,31.5,4.9,22.1,4.785,32.0,14.0,41.459999999999994,25.3,21.754687500000003
5,0,Shabazz Napier,0.0,MIN,CHA,-5.5,226.0,115.8,20,0.0,21.5,36.8,PG/SG,3200,1.0,25.0,15.0,101,110,0%,7,7,7,21,21,21,16.3,16.3,16.3,16.3,20.8,31.5,9.8,16.0,5.0,16.1,16.5,5.0,16.05,5.0,21.0,7.0,16.25,19.433333333333334,12.610714285714288
5,1,Delon Wright,0.0,DAL,NO,2.0,227.0,112.5,19,17.0,45.2,67.5,PG/SG,4800,1.0,18.0,16.0,106,110,7%,2,2,2,22,22,22,17.0,17.0,17.0,17.0,31.9,43.3,9.0,23.8,4.95,22.3,22.5,4.6,23.05,4.775,22.0,2.0,18.21,43.23333333333333,23.57386363636364
5,2,Jeff Green,0.0,UTA,LAL,3.5,216.0,106.3,30,11.0,17.2,24.5,SF/PF,3400,1.0,17.0,14.0,106,107,3%,4,4,4,17,17,17,11.0,11.0,11.0,11.0,23.4,11.3,3.3,16.0,4.71,21.4,28.5,6.3,18.7,5.505,17.0,4.0,12.540000000000001,17.566666666666666,31.349999999999998
5,3,Stanley Johnson,0.0,TOR,BOS,2.5,213.0,105.3,25,8.5,18.2,25.0,SF/PF,3300,2.0,21.0,10.0,102,105,-4%,0,0,0,0,0,0,0.0,0.0,0.0,0.0,5.0,5.5,1.7,15.5,4.7,0.0,0.0,0.0,7.75,2.35,0.0,0.0,1.55,17.233333333333334,0.0
5,4,Bradley Beal,0.0,WAS,OKC,8.5,218.0,104.8,2,26.8,33.9,45.5,SG,8600,1.0,28.0,21.0,105,105,5%,25,25,25,32,32,32,45.5,45.5,45.5,45.5,34.5,33.0,3.8,45.8,5.32,46.5,35.0,5.4,46.15,5.36,32.0,25.0,45.63,35.4,50.4765625
5,5,Taj Gibson,0.0,NY,BKN,8.0,229.0,110.5,1,1.3,15.0,31.5,PF/C,3400,1.0,17.0,18.0,103,107,1%,5,5,5,15,15,15,6.0,6.0,6.0,6.0,14.0,11.5,3.4,15.3,4.49,11.5,13.0,3.4,13.4,3.9450000000000003,15.0,5.0,7.4799999999999995,15.933333333333332,11.613333333333333
5,6,Zach Collins,0.0,POR,SAC,-1.5,227.5,114.5,23,-1.0,13.6,21.0,PF/C,5400,1.0,17.0,14.0,106,109,5%,9,9,9,31,31,31,17.3,17.3,17.3,17.3,31.9,21.0,3.9,28.8,5.32,28.2,31.0,5.2,28.5,5.26,31.0,9.0,19.54,11.200000000000001,28.5
5,7,Bobby Portis,0.0,NY,BKN,8.0,229.0,110.5,1,25.5,31.2,43.5,PF/C,5300,1.0,25.0,16.0,103,107,1%,10,10,10,33,33,33,27.8,27.8,27.8,27.8,9.9,5.5,1.0,26.5,5.0,26.9,25.0,5.1,26.7,5.05,33.0,10.0,27.580000000000002,33.4,20.227272727272727
7,0,Damian Lillard,0.0,POR,SAC,-1.5,227.5,114.5,24,30.5,44.4,52.5,PG,8800,1.0,31.0,24.0,106,109,5%,21,21,21,38,38,38,51.0,51.0,51.0,51.0,34.0,54.8,6.2,50.0,5.68,47.0,36.5,5.3,48.5,5.49,38.0,21.0,50.5,42.46666666666667,46.58552631578948
7,1,Dwayne Bacon,0.0,CHA,MIN,5.5,226.0,110.3,14,17.3,23.4,36.8,SG/SF,5700,1.0,17.0,12.0,103,110,8%,21,21,21,33,33,33,36.8,36.8,36.8,36.8,20.9,15.5,2.7,26.8,4.69,28.6,33.5,5.0,27.700000000000003,4.845000000000001,33.0,21.0,34.98,25.833333333333332,28.11969696969697
7,2,Mario Hezonja,0.0,POR,SAC,-1.5,227.5,114.5,20,7.0,34.7,55.5,SF/PF,3300,1.0,21.0,11.0,106,109,5%,3,3,3,18,18,18,7.0,7.0,7.0,7.0,17.5,11.0,3.3,15.5,4.7,15.0,18.0,4.5,15.25,4.6,18.0,3.0,8.65,32.4,15.25
7,3,Joe Harris,0.0,BKN,NY,-8.0,229.0,118.5,18,7.3,17.2,25.0,SG/SF,4700,1.0,17.0,14.0,102,111,2%,9,9,9,39,39,39,25.0,25.0,25.0,25.0,31.4,22.0,4.7,21.8,4.63,24.8,32.0,5.3,23.3,4.965,39.0,9.0,24.66,16.5,19.117948717948718
7,4,Tyus Jones,0.0,MEM,CHI,2.0,225.0,111.5,4,21.3,29.7,37.3,PG,3600,1.0,16.0,14.0,101,111,5%,12,12,12,24,24,24,29.8,29.8,29.8,29.8,19.7,11.3,3.1,17.8,4.93,18.7,21.5,5.2,18.25,5.0649999999999995,24.0,12.0,27.49,29.433333333333334,16.348958333333332
7,5,Robert Covington,0.0,MIN,CHA,-5.5,226.0,115.8,11,25.8,33.2,51.8,SF/PF,5600,1.0,16.0,13.0,101,110,-1%,11,11,11,33,33,33,26.8,26.8,26.8,26.8,18.1,16.5,2.9,27.8,4.96,27.6,30.5,4.9,27.700000000000003,4.93,33.0,11.0,26.98,36.93333333333333,25.601515151515155
7,6,Maxi Kleber,0.0,DAL,NO,2.0,227.0,112.5,28,13.8,18.0,26.3,PF/C,3700,1.0,13.0,13.0,106,110,6%,1,1,1,24,24,24,16.0,16.0,16.0,16.0,33.4,24.0,6.5,17.8,4.8,20.0,24.0,5.4,18.9,5.1,24.0,1.0,16.580000000000002,19.366666666666667,18.9
7,7,Cory Joseph,0.0,SAC,POR,1.5,227.5,113.0,18,9.3,14.5,19.8,PG/SG,3300,1.0,15.0,11.0,102,108,-1%,6,6,6,21,21,21,19.8,19.8,19.8,19.8,14.5,13.5,4.1,15.5,4.7,14.7,19.0,4.5,15.1,4.6,21.0,6.0,18.86,14.533333333333333,13.661904761904761
8,0,Shai Gilgeous-Alexander,0.0,OKC,WAS,-8.5,218.0,113.3,22,13.8,27.2,40.3,PG/SG,6500,1.0,19.0,13.0,104,111,-4%,23,23,23,37,37,37,33.0,33.0,33.0,33.0,36.1,52.8,8.1,31.3,4.81,34.3,35.0,5.3,32.8,5.055,37.0,23.0,32.96,27.099999999999998,31.027027027027025
8,1,Kris Dunn,0.0,CHI,MEM,-2.0,225.0,113.5,16,17.3,29.1,59.0,PG/SG,3400,1.0,21.0,12.0,99,106,-4%,7,7,7,24,24,24,24.5,24.5,24.5,24.5,26.1,24.0,7.1,16.8,4.93,19.9,21.5,5.9,18.35,5.415,24.0,7.0,23.27,35.13333333333333,16.43854166666667
8,2,Jae Crowder,0.0,MEM,CHI,2.0,225.0,111.5,8,17.8,25.3,34.5,SF/PF,4800,1.0,19.0,12.0,101,111,1%,11,11,11,30,30,30,24.8,24.8,24.8,24.8,30.9,29.8,6.2,23.5,4.9,24.1,29.0,5.0,23.8,4.95,30.0,11.0,24.6,25.866666666666664,23.006666666666668
8,3,Dorian Finney-Smith,0.0,DAL,NO,2.0,227.0,112.5,15,12.3,24.4,37.0,SF/PF,3400,1.0,14.0,11.0,106,110,5%,4,4,4,32,32,32,24.0,24.0,24.0,24.0,21.6,19.0,5.6,21.3,6.25,20.5,26.5,6.0,20.9,6.125,32.0,4.0,23.380000000000003,24.566666666666666,17.307812499999997
8,4,Monte Morris,0.0,DEN,PHO,-12.0,220.0,116.0,23,0.0,7.0,11.3,PG,3300,1.0,19.0,16.0,103,112,5%,6,6,6,14,14,14,11.3,11.3,11.3,11.3,12.4,3.0,0.9,14.0,4.24,14.2,15.5,4.3,14.1,4.27,14.0,6.0,11.860000000000001,6.1000000000000005,15.610714285714286
8,5,Jerami Grant,0.0,DEN,PHO,-12.0,220.0,116.0,27,12.0,23.2,32.3,PF/C,4200,1.0,15.0,14.0,103,112,-3%,4,4,4,21,21,21,13.5,13.5,13.5,13.5,31.5,18.8,4.5,20.3,4.82,19.0,23.5,4.5,19.65,4.66,21.0,4.0,14.73,22.5,21.98928571428571
8,6,Bobby Portis,0.0,NY,BKN,8.0,229.0,110.5,1,25.5,31.2,43.5,PF/C,5300,1.0,25.0,16.0,103,107,1%,10,10,10,33,33,33,27.8,27.8,27.8,27.8,9.9,5.5,1.0,26.5,5.0,26.9,25.0,5.1,26.7,5.05,33.0,10.0,27.580000000000002,33.4,20.227272727272727
8,7,Coby White,0.0,CHI,MEM,-2.0,225.0,113.5,16,31.3,31.3,31.3,PG/SG,4500,1.0,0.0,0.0,99,106,-4%,13,13,13,27,27,27,31.3,31.3,31.3,31.3,30.3,37.5,8.3,23.3,5.17,23.5,26.0,5.2,23.4,5.1850000000000005,27.0,13.0,29.72,31.3,22.53333333333333
9,0,Anfernee Simons,0.0,POR,SAC,-1.5,227.5,114.5,24,0.0,15.0,62.5,PG/SG,3400,1.0,0.0,0.0,106,109,5%,7,7,7,12,12,12,8.5,8.5,8.5,8.5,21.1,19.5,5.7,14.5,4.26,12.1,14.0,3.6,13.3,3.9299999999999997,12.0,7.0,9.459999999999999,25.833333333333332,15.516666666666667
9,1,Dennis Schroder,0.0,OKC,WAS,-8.5,218.0,113.3,22,10.8,23.0,36.8,PG/SG,4800,1.0,25.0,13.0,104,111,5%,8,8,8,31,31,31,16.0,16.0,16.0,16.0,25.1,21.5,4.5,28.0,5.83,26.1,27.5,5.4,27.05,5.615,31.0,8.0,18.21,23.53333333333333,23.995967741935484
9,2,Treveon Graham,0.0,MIN,CHA,-5.5,226.0,115.8,11,3.8,9.1,24.5,SF/PF,3300,1.0,13.0,6.0,101,110,-1%,13,13,13,35,35,35,24.5,24.5,24.5,24.5,23.0,15.0,4.5,14.0,4.24,16.6,26.0,5.0,15.3,4.62,35.0,13.0,22.66,12.466666666666667,11.365714285714287
9,3,Mikal Bridges,0.0,PHO,DEN,12.0,220.0,104.0,12,16.3,21.3,31.0,SG/SF,3600,1.0,12.0,11.0,100,107,0%,4,4,4,23,23,23,16.3,16.3,16.3,16.3,12.6,7.0,1.9,17.8,4.93,18.4,27.0,5.1,18.1,5.015,23.0,4.0,16.660000000000004,22.866666666666664,21.247826086956522
9,4,Jamal Murray,0.0,DEN,PHO,-12.0,220.0,116.0,23,31.5,39.9,49.0,PG/SG,6300,1.0,26.0,16.0,103,112,5%,14,14,14,34,34,34,31.8,31.8,31.8,31.8,40.6,43.8,7.0,36.5,5.79,35.4,32.5,5.6,35.95,5.695,34.0,14.0,32.63,40.13333333333333,34.3639705882353
9,5,Wayne Ellington,0.0,NY,BKN,8.0,229.0,110.5,27,7.3,14.6,24.8,SG/SF,3200,1.0,18.0,12.0,103,107,-6%,4,4,4,13,13,13,7.3,7.3,7.3,7.3,11.2,12.0,3.8,10.8,3.36,9.3,13.5,2.9,10.05,3.13,13.0,4.0,7.85,15.566666666666668,10.436538461538461
9,6,Caleb Swanigan,0.0,SAC,POR,1.5,227.5,113.0,30,2.0,8.5,23.3,PF/C,3000,1.0,0.0,0.0,102,108,-1%,0,0,0,2,2,2,5.0,5.0,5.0,5.0,2.6,2.0,0.7,6.5,2.17,0.0,0.0,0.0,3.25,1.085,2.0,0.0,4.65,11.266666666666666,0.0
9,7,Donovan Mitchell,0.0,UTA,LAL,3.5,216.0,106.3,11,20.5,40.8,57.5,PG/SG,7700,1.0,31.0,17.0,106,107,5%,22,22,22,36,36,36,55.0,55.0,55.0,55.0,34.0,42.3,5.5,41.0,5.32,39.3,35.0,5.1,40.15,5.21,36.0,22.0,52.029999999999994,39.6,39.03472222222222
10,0,Yogi Ferrell,0.0,SAC,POR,1.5,227.5,113.0,18,4.8,16.2,22.3,PG/SG,3000,1.0,17.0,13.0,102,108,-1%,2,2,2,4,4,4,4.8,4.8,4.8,4.8,2.6,7.0,2.3,14.5,4.83,0.0,0.0,0.0,7.25,2.415,4.0,2.0,5.29,14.433333333333332,0.0
10,1,CJ McCollum,0.0,POR,SAC,-1.5,227.5,114.5,24,20.8,32.5,47.0,PG/SG,6200,1.0,26.0,17.0,106,109,5%,18,18,18,36,36,36,20.8,20.8,20.8,20.8,33.7,27.5,4.4,30.5,4.92,33.7,34.5,5.4,32.1,5.16,36.0,18.0,23.060000000000002,33.43333333333333,30.762500000000003
10,2,Rui Hachimura,0.0,WAS,OKC,8.5,218.0,104.8,3,28.0,28.0,28.0,PF,5000,1.0,0.0,0.0,105,105,2%,15,15,15,25,25,25,28.0,28.0,28.0,28.0,34.6,29.8,6.0,25.0,5.0,26.1,28.5,5.2,25.55,5.1,25.0,15.0,27.51,28.0,29.127
10,3,Courtney Lee,0.0,DAL,NO,2.0,227.0,112.5,17,4.8,16.6,43.5,SG/SF,3200,1.0,0.0,0.0,106,110,5%,5,5,5,16,16,16,5.3,5.3,5.3,5.3,5.7,2.0,0.6,10.3,3.2,11.6,16.0,3.6,10.95,3.4000000000000004,16.0,5.0,6.43,21.633333333333336,10.95
10,4,Malik Monk,0.0,CHA,MIN,5.5,226.0,110.3,26,5.8,14.5,26.3,PG/SG,4400,1.0,24.0,12.0,103,110,6%,4,4,4,17,17,17,12.3,12.3,12.3,12.3,19.6,4.8,1.1,20.0,4.55,19.9,20.0,4.5,19.95,4.525,17.0,4.0,13.830000000000002,15.533333333333333,23.47058823529412
10,5,OG Anunoby,0.0,TOR,BOS,2.5,213.0,105.3,25,5.0,14.3,23.8,SF/PF,4300,2.0,15.0,10.0,102,105,-4%,12,12,12,36,36,36,23.8,23.8,23.8,23.8,37.8,20.5,4.8,22.0,5.12,22.3,32.0,5.2,22.15,5.16,36.0,12.0,23.47,14.366666666666667,19.688888888888886
10,6,Karl-Anthony Towns,0.0,MIN,CHA,-5.5,226.0,115.8,15,32.5,51.1,73.5,C,10800,1.0,29.0,26.0,101,110,2%,22,22,22,39,39,39,73.5,73.5,73.5,73.5,27.7,82.3,7.6,58.3,5.39,60.3,34.5,5.6,59.3,5.494999999999999,39.0,22.0,70.66,52.36666666666667,52.457692307692305
10,7,Jayson Tatum,0.0,BOS,TOR,-2.5,213.0,107.8,2,14.3,33.5,45.3,SF/PF,6700,1.0,22.0,15.0,103,104,0%,22,22,22,37,37,37,42.0,42.0,42.0,42.0,35.2,50.3,7.5,35.8,5.34,35.4,35.0,5.3,35.599999999999994,5.32,37.0,22.0,40.72,31.03333333333333,33.67567567567567
12,0,Anfernee Simons,0.0,POR,SAC,-1.5,227.5,114.5,24,0.0,15.0,62.5,PG/SG,3400,1.0,0.0,0.0,106,109,5%,7,7,7,12,12,12,8.5,8.5,8.5,8.5,21.1,19.5,5.7,14.5,4.26,12.1,14.0,3.6,13.3,3.9299999999999997,12.0,7.0,9.459999999999999,25.833333333333332,15.516666666666667
12,1,Troy Daniels,0.0,LAL,UTA,-3.5,216.0,109.8,6,2.0,10.4,20.5,SG,3000,2.0,17.0,10.0,103,103,-13%,6,6,6,16,16,16,7.5,7.5,7.5,7.5,21.4,22.3,7.4,13.3,4.42,10.2,15.5,3.4,11.75,3.91,16.0,6.0,8.35,10.966666666666667,11.3828125
12,2,Kenrich Williams,0.0,NO,DAL,-2.0,227.0,114.5,17,20.5,27.3,36.8,SF/PF,3200,2.0,13.0,10.0,101,108,-1%,4,4,4,18,18,18,20.5,20.5,20.5,20.5,21.4,18.5,5.8,15.0,4.69,12.2,15.5,3.8,13.6,4.245,18.0,4.0,19.119999999999997,28.2,11.71111111111111
12,3,Georges Niang,0.0,UTA,LAL,3.5,216.0,106.3,30,1.3,10.2,21.3,SF/PF,3000,1.0,18.0,13.0,106,107,3%,0,0,0,3,3,3,1.3,1.3,1.3,1.3,23.0,14.0,4.7,4.3,1.42,9.2,11.5,3.1,6.75,2.26,3.0,0.0,2.3899999999999997,10.933333333333332,25.875
12,4,Kemba Walker,0.0,BOS,TOR,-2.5,213.0,107.8,30,16.5,43.6,58.0,PG,7800,1.0,32.0,22.0,103,104,-1%,18,18,18,34,34,34,16.5,16.5,16.5,16.5,36.2,40.5,5.2,41.5,5.32,40.9,34.0,5.2,41.2,5.26,34.0,18.0,21.44,39.36666666666667,41.2
12,5,Luke Kornet,0.0,CHI,MEM,-2.0,225.0,113.5,10,4.5,24.6,48.8,PF/C,3100,1.0,18.0,15.0,99,106,-4%,3,3,3,7,7,7,4.5,4.5,4.5,4.5,8.7,8.0,2.6,6.8,2.18,0.0,0.0,0.0,3.4,1.09,7.0,3.0,4.279999999999999,25.96666666666667,0.0
12,6,Taj Gibson,0.0,NY,BKN,8.0,229.0,110.5,1,1.3,15.0,31.5,PF/C,3400,1.0,17.0,18.0,103,107,1%,5,5,5,15,15,15,6.0,6.0,6.0,6.0,14.0,11.5,3.4,15.3,4.49,11.5,13.0,3.4,13.4,3.9450000000000003,15.0,5.0,7.4799999999999995,15.933333333333332,11.613333333333333
12,7,Moritz Wagner,0.0,WAS,OKC,8.5,218.0,104.8,3,6.5,13.1,23.5,PF/C,3300,1.0,0.0,0.0,105,105,2%,5,5,5,17,17,17,14.5,14.5,14.5,14.5,16.6,18.8,5.7,14.8,4.47,14.9,17.5,4.5,14.850000000000001,4.484999999999999,17.0,5.0,14.569999999999999,14.366666666666667,15.286764705882355
13,0,Isaac Bonga,0.0,WAS,OKC,8.5,218.0,104.8,29,3.3,11.0,19.8,PG/SF,3400,1.0,0.0,0.0,105,105,-1%,5,5,5,23,23,23,19.8,19.8,19.8,19.8,24.0,20.5,6.0,15.0,4.41,21.4,24.5,6.3,18.2,5.355,23.0,5.0,19.48,11.366666666666667,19.38695652173913
13,1,Jamal Murray,0.0,DEN,PHO,-12.0,220.0,116.0,23,31.5,39.9,49.0,PG/SG,6300,1.0,26.0,16.0,103,112,5%,14,14,14,34,34,34,31.8,31.8,31.8,31.8,40.6,43.8,7.0,36.5,5.79,35.4,32.5,5.6,35.95,5.695,34.0,14.0,32.63,40.13333333333333,34.3639705882353
13,2,Thaddeus Young,0.0,CHI,MEM,-2.0,225.0,113.5,5,24.8,30.6,35.5,SF/PF,4400,1.0,18.0,16.0,99,106,-4%,11,11,11,25,25,25,26.8,26.8,26.8,26.8,21.1,14.3,3.3,23.5,5.34,23.5,25.5,5.3,23.5,5.32,25.0,11.0,26.139999999999997,30.3,23.97
13,3,Tim Hardaway Jr.,0.0,DAL,NO,2.0,227.0,112.5,17,6.8,23.4,34.5,SG/SF,3500,1.0,23.0,14.0,106,110,5%,7,7,7,21,21,21,6.8,6.8,6.8,6.8,21.6,13.3,3.8,18.5,5.29,18.2,21.0,5.2,18.35,5.245,21.0,7.0,9.11,21.566666666666666,18.35
13,4,Chris Chiozza,0.0,WAS,OKC,8.5,218.0,104.8,29,-0.5,7.3,18.3,PG,3100,1.0,0.0,0.0,105,105,-1%,5,5,5,20,20,20,18.3,18.3,18.3,18.3,15.2,10.8,3.5,6.3,2.02,9.6,18.0,3.1,7.949999999999999,2.56,20.0,5.0,16.23,8.366666666666667,7.154999999999999
13,5,Jaylen Brown,0.0,BOS,TOR,-2.5,213.0,107.8,24,18.3,25.3,34.3,SG/SF,5100,1.0,21.0,14.0,103,104,-3%,6,6,6,21,21,21,18.8,18.8,18.8,18.8,38.1,46.8,9.2,24.8,4.85,26.0,29.5,5.1,25.4,4.975,21.0,6.0,20.119999999999997,25.96666666666667,35.68095238095238
13,6,Wendell Carter Jr.,0.0,CHI,MEM,-2.0,225.0,113.5,10,12.8,23.7,31.5,PF/C,5700,1.0,19.0,15.0,99,106,-4%,11,11,11,29,29,29,24.8,24.8,24.8,24.8,26.7,21.3,3.7,27.0,4.74,29.5,29.0,5.2,28.25,4.970000000000001,29.0,11.0,25.490000000000002,22.666666666666668,28.25
13,7,Darius Bazley,0.0,OKC,WAS,-8.5,218.0,113.3,21,5.3,5.3,5.3,SF/PF,3200,1.0,0.0,0.0,104,111,9%,3,3,3,19,19,19,5.3,5.3,5.3,5.3,15.1,9.5,3.0,6.5,2.03,14.7,17.0,4.6,10.6,3.3149999999999995,19.0,3.0,6.359999999999999,5.3,9.484210526315788
14,0,Shai Gilgeous-Alexander,0.0,OKC,WAS,-8.5,218.0,113.3,22,13.8,27.2,40.3,PG/SG,6500,1.0,19.0,13.0,104,111,-4%,23,23,23,37,37,37,33.0,33.0,33.0,33.0,36.1,52.8,8.1,31.3,4.81,34.3,35.0,5.3,32.8,5.055,37.0,23.0,32.96,27.099999999999998,31.027027027027025
14,1,Andrew Wiggins,0.0,MIN,CHA,-5.5,226.0,115.8,16,23.5,32.3,40.8,SG/SF,6000,1.0,24.0,12.0,101,110,-1%,27,27,27,36,36,36,30.5,30.5,30.5,30.5,32.7,27.5,4.6,30.5,5.08,32.0,32.5,5.3,31.25,5.1899999999999995,36.0,27.0,30.65,32.199999999999996,28.211805555555557
14,2,Jordan Bell,0.0,MIN,CHA,-5.5,226.0,115.8,26,2.0,8.7,13.5,PF/C,3300,1.0,14.0,13.0,101,110,2%,0,0,0,0,0,0,0.0,0.0,0.0,0.0,4.8,10.3,3.1,14.3,4.32,0.0,0.0,0.0,7.15,2.16,0.0,0.0,1.4300000000000002,8.066666666666666,0.0
14,3,Thaddeus Young,0.0,CHI,MEM,-2.0,225.0,113.5,5,24.8,30.6,35.5,SF/PF,4400,1.0,18.0,16.0,99,106,-4%,11,11,11,25,25,25,26.8,26.8,26.8,26.8,21.1,14.3,3.3,23.5,5.34,23.5,25.5,5.3,23.5,5.32,25.0,11.0,26.139999999999997,30.3,23.97
14,4,Kemba Walker,0.0,BOS,TOR,-2.5,213.0,107.8,30,16.5,43.6,58.0,PG,7800,1.0,32.0,22.0,103,104,-1%,18,18,18,34,34,34,16.5,16.5,16.5,16.5,36.2,40.5,5.2,41.5,5.32,40.9,34.0,5.2,41.2,5.26,34.0,18.0,21.44,39.36666666666667,41.2
14,5,Josh Okogie,0.0,MIN,CHA,-5.5,226.0,115.8,16,4.8,15.5,23.8,SG/SF,3400,1.0,15.0,9.0,101,110,6%,5,5,5,14,14,14,21.8,21.8,21.8,21.8,26.5,24.5,7.2,16.3,4.78,13.0,17.0,3.8,14.65,4.29,14.0,5.0,20.37,14.700000000000001,17.789285714285715
14,6,Luke Kornet,0.0,CHI,MEM,-2.0,225.0,113.5,10,4.5,24.6,48.8,PF/C,3100,1.0,18.0,15.0,99,106,-4%,3,3,3,7,7,7,4.5,4.5,4.5,4.5,8.7,8.0,2.6,6.8,2.18,0.0,0.0,0.0,3.4,1.09,7.0,3.0,4.279999999999999,25.96666666666667,0.0
14,7,Seth Curry,0.0,DAL,NO,2.0,227.0,112.5,19,6.0,15.3,29.8,PG/SG,3300,1.0,16.0,11.0,106,110,5%,6,6,6,20,20,20,13.8,13.8,13.8,13.8,17.1,13.0,3.9,15.3,4.62,14.3,18.5,4.3,14.8,4.46,20.0,6.0,14.0,17.033333333333335,13.69
15,0,Ryan Arcidiacono,0.0,CHI,MEM,-2.0,225.0,113.5,16,13.0,22.4,32.5,PG/SG,3200,1.0,13.0,12.0,99,106,-4%,3,3,3,11,11,11,14.3,14.3,14.3,14.3,14.7,3.8,1.2,5.8,1.8,7.9,11.0,2.5,6.85,2.15,11.0,3.0,12.809999999999999,22.633333333333336,6.85
15,1,Cory Joseph,0.0,SAC,POR,1.5,227.5,113.0,18,9.3,14.5,19.8,PG/SG,3300,1.0,15.0,11.0,102,108,-1%,6,6,6,21,21,21,19.8,19.8,19.8,19.8,14.5,13.5,4.1,15.5,4.7,14.7,19.0,4.5,15.1,4.6,21.0,6.0,18.86,14.533333333333333,13.661904761904761
15,2,Davis Bertans,0.0,WAS,OKC,8.5,218.0,104.8,22,0.0,7.9,14.5,SF/PF,3300,1.0,14.0,13.0,105,105,1%,8,8,8,29,29,29,14.5,14.5,14.5,14.5,27.5,22.3,6.8,21.5,6.52,20.1,25.0,6.1,20.8,6.31,29.0,8.0,15.76,7.466666666666666,17.93103448275862
15,3,Kevin Knox,0.0,NY,BKN,8.0,229.0,110.5,27,17.8,25.8,36.8,SF/PF,3500,1.0,0.0,0.0,103,107,-2%,9,9,9,21,21,21,20.3,20.3,20.3,20.3,28.7,24.3,6.9,17.0,4.86,15.1,21.0,4.3,16.05,4.58,21.0,9.0,19.45,26.8,16.05
15,4,Hamidou Diallo,0.0,OKC,WAS,-8.5,218.0,113.3,7,0.0,5.1,16.3,SG/SF,3400,1.0,16.0,10.0,104,111,-4%,8,8,8,23,23,23,16.3,16.3,16.3,16.3,18.0,12.8,3.8,14.8,4.34,15.8,20.5,4.6,15.3,4.47,23.0,8.0,16.1,7.133333333333333,13.636956521739132
15,5,Tomas Satoransky,0.0,CHI,MEM,-2.0,225.0,113.5,16,8.5,19.2,32.0,PG/SF,4700,1.0,16.0,14.0,99,106,-4%,5,5,5,24,24,24,8.5,8.5,8.5,8.5,21.9,25.3,5.4,22.0,4.68,22.0,27.0,4.7,22.0,4.6899999999999995,24.0,5.0,11.2,19.900000000000002,24.75
15,6,Marc Gasol,0.0,TOR,BOS,2.5,213.0,105.3,3,13.0,23.8,31.3,C,5300,2.0,17.0,17.0,102,105,-3%,9,9,9,32,32,32,13.0,13.0,13.0,13.0,25.2,13.3,2.5,29.3,5.52,27.2,27.5,5.1,28.25,5.31,32.0,9.0,16.05,22.7,24.27734375
15,7,Bradley Beal,0.0,WAS,OKC,8.5,218.0,104.8,2,26.8,33.9,45.5,SG,8600,1.0,28.0,21.0,105,105,5%,25,25,25,32,32,32,45.5,45.5,45.5,45.5,34.5,33.0,3.8,45.8,5.32,46.5,35.0,5.4,46.15,5.36,32.0,25.0,45.63,35.4,50.4765625
17,0,Seth Curry,0.0,DAL,NO,2.0,227.0,112.5,19,6.0,15.3,29.8,PG/SG,3300,1.0,16.0,11.0,106,110,5%,6,6,6,20,20,20,13.8,13.8,13.8,13.8,17.1,13.0,3.9,15.3,4.62,14.3,18.5,4.3,14.8,4.46,20.0,6.0,14.0,17.033333333333335,13.69
17,1,Terence Davis,0.0,TOR,BOS,2.5,213.0,105.3,25,18.8,18.8,18.8,SG/SF,3200,2.0,0.0,0.0,102,105,-1%,6,6,6,15,15,15,18.8,18.8,18.8,18.8,8.8,6.0,1.9,18.3,5.7,12.1,15.0,3.8,15.2,4.75,15.0,6.0,18.080000000000002,18.8,15.199999999999998
17,2,Joe Ingles,0.0,UTA,LAL,3.5,216.0,106.3,30,13.5,23.1,39.0,SF/PF,4600,1.0,19.0,13.0,106,107,3%,8,8,8,33,33,33,13.5,13.5,13.5,13.5,28.4,10.8,2.3,29.3,6.36,28.1,33.0,6.1,28.700000000000003,6.23,33.0,8.0,16.54,25.2,28.700000000000003
17,3,Buddy Hield,0.0,SAC,POR,1.5,227.5,113.0,21,16.8,29.2,38.5,SG/SF,6700,1.0,25.0,18.0,102,108,-8%,19,19,19,31,31,31,37.8,37.8,37.8,37.8,31.6,29.3,4.4,34.0,5.07,34.5,32.0,5.1,34.25,5.085,31.0,19.0,37.089999999999996,28.166666666666668,35.354838709677416
17,4,Quinn Cook,0.0,LAL,UTA,-3.5,216.0,109.8,28,1.3,6.9,14.3,PG,3000,2.0,20.0,13.0,103,103,-1%,7,7,7,17,17,17,7.8,7.8,7.8,7.8,21.2,9.3,3.1,12.8,4.25,10.6,13.5,3.5,11.7,3.875,17.0,7.0,8.58,7.5,9.291176470588235
17,5,Courtney Lee,0.0,DAL,NO,2.0,227.0,112.5,17,4.8,16.6,43.5,SG/SF,3200,1.0,0.0,0.0,106,110,5%,5,5,5,16,16,16,5.3,5.3,5.3,5.3,5.7,2.0,0.6,10.3,3.2,11.6,16.0,3.6,10.95,3.4000000000000004,16.0,5.0,6.43,21.633333333333336,10.95
17,6,Nikola Jokic,0.0,DEN,PHO,-12.0,220.0,116.0,24,40.3,54.2,58.5,C,9300,1.0,29.0,26.0,103,112,12%,14,14,14,24,24,24,40.3,40.3,40.3,40.3,40.5,66.5,7.2,58.0,6.24,53.4,31.5,5.7,55.7,5.970000000000001,24.0,14.0,43.379999999999995,51.0,73.10625
17,7,Karl-Anthony Towns,0.0,MIN,CHA,-5.5,226.0,115.8,15,32.5,51.1,73.5,C,10800,1.0,29.0,26.0,101,110,2%,22,22,22,39,39,39,73.5,73.5,73.5,73.5,27.7,82.3,7.6,58.3,5.39,60.3,34.5,5.6,59.3,5.494999999999999,39.0,22.0,70.66,52.36666666666667,52.457692307692305
18,0,Lonzo Ball,0.0,NO,DAL,-2.0,227.0,114.5,27,22.3,36.2,44.0,PG,6000,2.0,18.0,12.0,101,108,4%,7,7,7,25,25,25,22.3,22.3,22.3,22.3,33.2,37.0,6.2,29.5,4.92,29.8,27.5,5.0,29.65,4.96,25.0,7.0,23.77,34.166666666666664,32.614999999999995
18,1,Luka Doncic,0.0,DAL,NO,2.0,227.0,112.5,19,38.0,54.4,65.5,PG/SG,9200,1.0,31.0,20.0,106,110,7%,19,19,19,34,34,34,52.8,52.8,52.8,52.8,37.7,61.0,6.6,52.3,5.68,51.7,34.0,5.6,52.0,5.64,34.0,19.0,52.64,52.63333333333333,52.0
18,2,Dario Saric,0.0,PHO,DEN,12.0,220.0,104.0,4,16.5,27.0,35.8,SF/PF,4700,1.0,18.0,13.0,100,107,0%,7,7,7,21,21,21,16.5,16.5,16.5,16.5,31.4,18.5,3.9,19.0,4.04,22.5,26.5,4.8,20.75,4.42,21.0,7.0,17.35,26.433333333333334,26.18452380952381
18,3,Will Barton,0.0,DEN,PHO,-12.0,220.0,116.0,9,13.3,21.2,34.8,SG/SF,5200,1.0,21.0,11.0,103,112,7%,8,8,8,31,31,31,34.8,34.8,34.8,34.8,20.6,14.8,2.8,24.3,4.66,26.9,30.0,5.2,25.6,4.93,31.0,8.0,32.959999999999994,23.099999999999998,24.774193548387096
18,4,Alex Caruso,0.0,LAL,UTA,-3.5,216.0,109.8,28,25.3,38.7,60.5,PG/SG,3100,2.0,20.0,14.0,103,103,-13%,0,0,0,0,0,0,0.0,0.0,0.0,0.0,20.4,3.0,1.0,7.8,2.5,0.0,0.0,0.0,3.9,1.25,0.0,0.0,0.78,41.5,0.0
18,5,Jae Crowder,0.0,MEM,CHI,2.0,225.0,111.5,8,17.8,25.3,34.5,SF/PF,4800,1.0,19.0,12.0,101,111,1%,11,11,11,30,30,30,24.8,24.8,24.8,24.8,30.9,29.8,6.2,23.5,4.9,24.1,29.0,5.0,23.8,4.95,30.0,11.0,24.6,25.866666666666664,23.006666666666668
18,6,Gorgui Dieng,0.0,MIN,CHA,-5.5,226.0,115.8,26,17.5,28.7,40.8,PF/C,3000,1.0,20.0,18.0,101,110,2%,0,0,0,0,0,0,0.0,0.0,0.0,0.0,6.3,4.0,1.3,4.8,1.58,0.0,0.0,0.0,2.4,0.79,0.0,0.0,0.48,29.0,0.0
18,7,Caris LeVert,0.0,BKN,NY,-8.0,229.0,118.5,21,20.0,34.2,44.3,PG/SF,6500,1.0,25.0,15.0,102,111,8%,19,19,19,37,37,37,36.3,36.3,36.3,36.3,24.2,22.0,3.4,32.0,4.92,34.7,31.5,5.3,33.35,5.109999999999999,37.0,19.0,35.709999999999994,32.833333333333336,28.392567567567568
19,0,Avery Bradley,0.0,LAL,UTA,-3.5,216.0,109.8,28,6.8,20.2,32.5,PG/SG,3500,2.0,14.0,8.0,103,103,-13%,7,7,7,24,24,24,11.8,11.8,11.8,11.8,25.8,21.8,6.2,16.5,4.71,14.4,25.0,4.1,15.45,4.404999999999999,24.0,7.0,12.530000000000001,19.833333333333332,16.09375
19,1,David Nwaba,0.0,BKN,NY,-8.0,229.0,118.5,18,5.8,12.2,25.8,SG/SF,3100,1.0,15.0,13.0,102,111,8%,0,0,0,13,13,13,6.3,6.3,6.3,6.3,14.1,9.5,3.1,13.8,4.44,10.2,12.5,3.3,12.0,3.87,13.0,0.0,7.44,14.6,11.538461538461538
19,2,Luke Kornet,0.0,CHI,MEM,-2.0,225.0,113.5,10,4.5,24.6,48.8,PF/C,3100,1.0,18.0,15.0,99,106,-4%,3,3,3,7,7,7,4.5,4.5,4.5,4.5,8.7,8.0,2.6,6.8,2.18,0.0,0.0,0.0,3.4,1.09,7.0,3.0,4.279999999999999,25.96666666666667,0.0
19,3,Bogdan Bogdanovic,0.0,SAC,POR,1.5,227.5,113.0,21,7.0,21.6,34.5,SG/SF,4600,1.0,23.0,14.0,102,108,-8%,10,10,10,22,22,22,7.0,7.0,7.0,7.0,28.7,28.8,6.3,22.0,4.78,25.2,26.5,5.5,23.6,5.140000000000001,22.0,10.0,10.32,21.033333333333335,28.42727272727273
19,4,Ja Morant,0.0,MEM,CHI,2.0,225.0,111.5,4,26.0,26.0,26.0,PG,6400,1.0,0.0,0.0,101,111,5%,12,12,12,25,25,25,26.0,26.0,26.0,26.0,28.3,25.8,4.0,31.0,4.84,34.1,28.5,5.3,32.55,5.07,25.0,12.0,27.310000000000002,26.0,37.10699999999999
19,5,Jae Crowder,0.0,MEM,CHI,2.0,225.0,111.5,8,17.8,25.3,34.5,SF/PF,4800,1.0,19.0,12.0,101,111,1%,11,11,11,30,30,30,24.8,24.8,24.8,24.8,30.9,29.8,6.2,23.5,4.9,24.1,29.0,5.0,23.8,4.95,30.0,11.0,24.6,25.866666666666664,23.006666666666668
19,6,Derrick Favors,0.0,NO,DAL,-2.0,227.0,114.5,22,18.0,25.9,38.0,PF/C,5700,2.0,19.0,22.0,101,108,-1%,6,6,6,21,21,21,19.3,19.3,19.3,19.3,21.6,26.8,4.7,27.3,4.78,27.1,24.0,4.8,27.200000000000003,4.79,21.0,6.0,20.880000000000003,27.3,31.08571428571429
19,7,Allonzo Trier,0.0,NY,BKN,8.0,229.0,110.5,2,-0.5,11.7,32.0,PG/SG,3400,1.0,21.0,12.0,103,107,-4%,3,3,3,7,7,7,-0.5,-0.5,-0.5,-0.5,23.4,32.3,9.5,15.0,4.41,0.0,0.0,0.0,7.5,2.205,7.0,3.0,1.1,14.4,0.0
20,0,Dennis Schroder,0.0,OKC,WAS,-8.5,218.0,113.3,22,10.8,23.0,36.8,PG/SG,4800,1.0,25.0,13.0,104,111,5%,8,8,8,31,31,31,16.0,16.0,16.0,16.0,25.1,21.5,4.5,28.0,5.83,26.1,27.5,5.4,27.05,5.615,31.0,8.0,18.21,23.53333333333333,23.995967741935484
20,1,Coby White,0.0,CHI,MEM,-2.0,225.0,113.5,16,31.3,31.3,31.3,PG/SG,4500,1.0,0.0,0.0,99,106,-4%,13,13,13,27,27,27,31.3,31.3,31.3,31.3,30.3,37.5,8.3,23.3,5.17,23.5,26.0,5.2,23.4,5.1850000000000005,27.0,13.0,29.72,31.3,22.53333333333333
20,2,Marcus Morris,0.0,NY,BKN,8.0,229.0,110.5,27,30.8,35.6,40.5,SF/PF,5200,1.0,0.0,0.0,103,107,1%,18,18,18,39,39,39,39.5,39.5,39.5,39.5,33.3,16.5,3.2,26.5,5.1,27.3,32.5,5.3,26.9,5.199999999999999,39.0,18.0,36.980000000000004,35.63333333333333,22.416666666666668
20,3,Torrey Craig,0.0,DEN,PHO,-12.0,220.0,116.0,9,4.8,18.5,25.0,SG/SF,3200,1.0,13.0,10.0,103,112,7%,6,6,6,16,16,16,25.0,25.0,25.0,25.0,23.0,13.8,4.3,14.5,4.53,11.4,15.5,3.6,12.95,4.065,16.0,6.0,22.59,16.099999999999998,12.5453125
20,4,Luka Doncic,0.0,DAL,NO,2.0,227.0,112.5,19,38.0,54.4,65.5,PG/SG,9200,1.0,31.0,20.0,106,110,7%,19,19,19,34,34,34,52.8,52.8,52.8,52.8,37.7,61.0,6.6,52.3,5.68,51.7,34.0,5.6,52.0,5.64,34.0,19.0,52.64,52.63333333333333,52.0
20,5,Moritz Wagner,0.0,WAS,OKC,8.5,218.0,104.8,3,6.5,13.1,23.5,PF/C,3300,1.0,0.0,0.0,105,105,2%,5,5,5,17,17,17,14.5,14.5,14.5,14.5,16.6,18.8,5.7,14.8,4.47,14.9,17.5,4.5,14.850000000000001,4.484999999999999,17.0,5.0,14.569999999999999,14.366666666666667,15.286764705882355
20,6,Paul Millsap,0.0,DEN,PHO,-12.0,220.0,116.0,27,26.3,35.3,43.5,PF/C,5300,1.0,20.0,18.0,103,112,1%,8,8,8,32,32,32,30.8,30.8,30.8,30.8,21.6,17.5,3.3,30.5,5.75,29.1,28.0,5.5,29.8,5.625,32.0,8.0,30.6,35.03333333333333,26.075
20,7,Yogi Ferrell,0.0,SAC,POR,1.5,227.5,113.0,18,4.8,16.2,22.3,PG/SG,3000,1.0,17.0,13.0,102,108,-1%,2,2,2,4,4,4,4.8,4.8,4.8,4.8,2.6,7.0,2.3,14.5,4.83,0.0,0.0,0.0,7.25,2.415,4.0,2.0,5.29,14.433333333333332,0.0
21,0,Shabazz Napier,0.0,MIN,CHA,-5.5,226.0,115.8,20,0.0,21.5,36.8,PG/SG,3200,1.0,25.0,15.0,101,110,0%,7,7,7,21,21,21,16.3,16.3,16.3,16.3,20.8,31.5,9.8,16.0,5.0,16.1,16.5,5.0,16.05,5.0,21.0,7.0,16.25,19.433333333333334,12.610714285714288
21,1,Dwayne Bacon,0.0,CHA,MIN,5.5,226.0,110.3,14,17.3,23.4,36.8,SG/SF,5700,1.0,17.0,12.0,103,110,8%,21,21,21,33,33,33,36.8,36.8,36.8,36.8,20.9,15.5,2.7,26.8,4.69,28.6,33.5,5.0,27.700000000000003,4.845000000000001,33.0,21.0,34.98,25.833333333333332,28.11969696969697
21,2,Marcus Morris,0.0,NY,BKN,8.0,229.0,110.5,27,30.8,35.6,40.5,SF/PF,5200,1.0,0.0,0.0,103,107,1%,18,18,18,39,39,39,39.5,39.5,39.5,39.5,33.3,16.5,3.2,26.5,5.1,27.3,32.5,5.3,26.9,5.199999999999999,39.0,18.0,36.980000000000004,35.63333333333333,22.416666666666668
21,3,Kelly Oubre Jr.,0.0,PHO,DEN,12.0,220.0,104.0,4,27.0,37.7,45.5,SF/PF,5700,1.0,24.0,15.0,100,107,0%,17,17,17,30,30,30,39.3,39.3,39.3,39.3,36.9,40.5,7.1,29.0,5.09,29.0,31.5,5.1,29.0,5.095,30.0,17.0,37.239999999999995,36.733333333333334,30.45
21,4,Norman Powell,0.0,TOR,BOS,2.5,213.0,105.3,25,0.0,5.8,17.5,SG/SF,4400,2.0,19.0,13.0,102,105,-4%,7,7,7,29,29,29,17.5,17.5,17.5,17.5,21.8,13.0,3.0,19.5,4.43,21.3,27.5,4.8,20.4,4.615,29.0,7.0,18.080000000000002,7.766666666666667,19.344827586206897
21,5,OG Anunoby,0.0,TOR,BOS,2.5,213.0,105.3,25,5.0,14.3,23.8,SF/PF,4300,2.0,15.0,10.0,102,105,-4%,12,12,12,36,36,36,23.8,23.8,23.8,23.8,37.8,20.5,4.8,22.0,5.12,22.3,32.0,5.2,22.15,5.16,36.0,12.0,23.47,14.366666666666667,19.688888888888886
21,6,Nerlens Noel,0.0,OKC,WAS,-8.5,218.0,113.3,23,4.0,9.4,20.8,C,3200,1.0,14.0,19.0,104,111,3%,1,1,1,5,5,5,6.5,6.5,6.5,6.5,7.2,2.8,0.9,9.5,2.97,0.0,0.0,0.0,4.75,1.485,5.0,1.0,6.15,11.4,0.0
21,7,Skal Labissiere,0.0,POR,SAC,-1.5,227.5,114.5,23,0.0,15.0,56.8,PF/C,3200,1.0,0.0,0.0,106,109,2%,4,4,4,11,11,11,16.0,16.0,16.0,16.0,6.2,1.5,0.5,6.5,2.03,10.8,12.0,3.4,8.65,2.715,11.0,4.0,14.530000000000001,23.933333333333334,9.436363636363637
23,0,De'Aaron Fox,0.0,SAC,POR,1.5,227.5,113.0,18,8.3,30.3,57.0,PG,7900,1.0,26.0,18.0,102,108,-1%,7,7,7,27,27,27,14.3,14.3,14.3,14.3,34.1,43.0,5.4,34.8,4.4,41.0,33.0,5.2,37.9,4.800000000000001,27.0,7.0,19.02,31.866666666666664,46.32222222222222
23,1,Jamal Murray,0.0,DEN,PHO,-12.0,220.0,116.0,23,31.5,39.9,49.0,PG/SG,6300,1.0,26.0,16.0,103,112,5%,14,14,14,34,34,34,31.8,31.8,31.8,31.8,40.6,43.8,7.0,36.5,5.79,35.4,32.5,5.6,35.95,5.695,34.0,14.0,32.63,40.13333333333333,34.3639705882353
23,2,Nemanja Bjelica,0.0,SAC,POR,1.5,227.5,113.0,30,12.5,16.7,19.5,PF,3600,1.0,17.0,15.0,102,108,-1%,6,6,6,21,21,21,17.0,17.0,17.0,17.0,28.0,20.8,5.8,24.3,6.74,24.6,26.5,6.8,24.450000000000003,6.77,21.0,6.0,18.490000000000002,16.233333333333334,30.85357142857143
23,3,Mario Hezonja,0.0,POR,SAC,-1.5,227.5,114.5,20,7.0,34.7,55.5,SF/PF,3300,1.0,21.0,11.0,106,109,5%,3,3,3,18,18,18,7.0,7.0,7.0,7.0,17.5,11.0,3.3,15.5,4.7,15.0,18.0,4.5,15.25,4.6,18.0,3.0,8.65,32.4,15.25
23,4,Gary Harris,0.0,DEN,PHO,-12.0,220.0,116.0,9,13.8,25.5,32.8,SG,4700,1.0,20.0,12.0,103,112,7%,11,11,11,35,35,35,13.8,13.8,13.8,13.8,34.1,19.5,4.1,23.0,4.89,27.0,32.5,5.7,25.0,5.295,35.0,11.0,16.04,24.03333333333333,23.214285714285715
23,5,Harrison Barnes,0.0,SAC,POR,1.5,227.5,113.0,3,17.0,23.3,39.5,SF/PF,4800,1.0,23.0,13.0,102,108,4%,11,11,11,30,30,30,21.5,21.5,21.5,21.5,33.5,23.8,5.0,22.8,4.74,25.8,32.5,5.4,24.3,5.07,30.0,11.0,22.06,26.599999999999998,26.325000000000003
23,6,Anthony Davis,0.0,LAL,UTA,-3.5,216.0,109.8,2,31.0,39.7,48.3,PF/C,10000,2.0,29.0,30.0,103,103,-10%,21,21,21,37,37,37,51.0,51.0,51.0,51.0,32.3,45.3,4.5,45.0,4.5,55.1,36.0,5.5,50.05,5.0,37.0,21.0,50.81,39.666666666666664,48.69729729729729
23,7,Chris Paul,0.0,OKC,WAS,-8.5,218.0,113.3,22,30.0,38.9,51.8,PG,7200,1.0,25.0,20.0,104,111,5%,15,15,15,30,30,30,40.0,40.0,40.0,40.0,30.0,12.0,1.7,35.5,4.93,39.0,30.5,5.4,37.25,5.165,30.0,15.0,39.45,40.233333333333334,37.87083333333334
24,0,De'Aaron Fox,0.0,SAC,POR,1.5,227.5,113.0,18,8.3,30.3,57.0,PG,7900,1.0,26.0,18.0,102,108,-1%,7,7,7,27,27,27,14.3,14.3,14.3,14.3,34.1,43.0,5.4,34.8,4.4,41.0,33.0,5.2,37.9,4.800000000000001,27.0,7.0,19.02,31.866666666666664,46.32222222222222
24,1,Alex Caruso,0.0,LAL,UTA,-3.5,216.0,109.8,28,25.3,38.7,60.5,PG/SG,3100,2.0,20.0,14.0,103,103,-13%,0,0,0,0,0,0,0.0,0.0,0.0,0.0,20.4,3.0,1.0,7.8,2.5,0.0,0.0,0.0,3.9,1.25,0.0,0.0,0.78,41.5,0.0
24,2,Darius Bazley,0.0,OKC,WAS,-8.5,218.0,113.3,21,5.3,5.3,5.3,SF/PF,3200,1.0,0.0,0.0,104,111,9%,3,3,3,19,19,19,5.3,5.3,5.3,5.3,15.1,9.5,3.0,6.5,2.03,14.7,17.0,4.6,10.6,3.3149999999999995,19.0,3.0,6.359999999999999,5.3,9.484210526315788
24,3,Bogdan Bogdanovic,0.0,SAC,POR,1.5,227.5,113.0,21,7.0,21.6,34.5,SG/SF,4600,1.0,23.0,14.0,102,108,-8%,10,10,10,22,22,22,7.0,7.0,7.0,7.0,28.7,28.8,6.3,22.0,4.78,25.2,26.5,5.5,23.6,5.140000000000001,22.0,10.0,10.32,21.033333333333335,28.42727272727273
24,4,Delon Wright,0.0,DAL,NO,2.0,227.0,112.5,19,17.0,45.2,67.5,PG/SG,4800,1.0,18.0,16.0,106,110,7%,2,2,2,22,22,22,17.0,17.0,17.0,17.0,31.9,43.3,9.0,23.8,4.95,22.3,22.5,4.6,23.05,4.775,22.0,2.0,18.21,43.23333333333333,23.57386363636364
24,5,Derrick Favors,0.0,NO,DAL,-2.0,227.0,114.5,22,18.0,25.9,38.0,PF/C,5700,2.0,19.0,22.0,101,108,-1%,6,6,6,21,21,21,19.3,19.3,19.3,19.3,21.6,26.8,4.7,27.3,4.78,27.1,24.0,4.8,27.200000000000003,4.79,21.0,6.0,20.880000000000003,27.3,31.08571428571429
24,6,Nikola Jokic,0.0,DEN,PHO,-12.0,220.0,116.0,24,40.3,54.2,58.5,C,9300,1.0,29.0,26.0,103,112,12%,14,14,14,24,24,24,40.3,40.3,40.3,40.3,40.5,66.5,7.2,58.0,6.24,53.4,31.5,5.7,55.7,5.970000000000001,24.0,14.0,43.379999999999995,51.0,73.10625
24,7,Terrance Ferguson,0.0,OKC,WAS,-8.5,218.0,113.3,7,5.5,9.8,12.5,SG/SF,3200,1.0,11.0,6.0,104,111,-4%,0,0,0,24,24,24,5.5,5.5,5.5,5.5,22.1,6.5,2.0,8.8,2.73,13.7,25.0,4.3,11.25,3.5149999999999997,24.0,0.0,6.65,9.266666666666667,11.71875
26,0,Coby White,0.0,CHI,MEM,-2.0,225.0,113.5,16,31.3,31.3,31.3,PG/SG,4500,1.0,0.0,0.0,99,106,-4%,13,13,13,27,27,27,31.3,31.3,31.3,31.3,30.3,37.5,8.3,23.3,5.17,23.5,26.0,5.2,23.4,5.1850000000000005,27.0,13.0,29.72,31.3,22.53333333333333
26,1,Jrue Holiday,0.0,NO,DAL,-2.0,227.0,114.5,27,26.8,37.8,47.3,PG/SG,8500,2.0,27.0,19.0,101,108,4%,15,15,15,41,41,41,29.0,29.0,29.0,29.0,33.2,29.0,3.4,44.0,5.18,44.0,35.5,5.2,44.0,5.1899999999999995,41.0,15.0,32.0,37.3,38.09756097560976
26,2,Grant Williams,0.0,BOS,TOR,-2.5,213.0,107.8,2,1.3,1.3,1.3,SF/PF,3100,1.0,0.0,0.0,103,104,-4%,1,1,1,7,7,7,1.3,1.3,1.3,1.3,21.9,20.3,6.5,12.3,3.95,0.0,0.0,0.0,6.15,1.975,7.0,1.0,2.2700000000000005,1.3,0.0
26,3,Isaac Bonga,0.0,WAS,OKC,8.5,218.0,104.8,29,3.3,11.0,19.8,PG/SF,3400,1.0,0.0,0.0,105,105,-1%,5,5,5,23,23,23,19.8,19.8,19.8,19.8,24.0,20.5,6.0,15.0,4.41,21.4,24.5,6.3,18.2,5.355,23.0,5.0,19.48,11.366666666666667,19.38695652173913
26,4,Dillon Brooks,0.0,MEM,CHI,2.0,225.0,111.5,19,7.5,14.2,20.0,SG/SF,4000,1.0,0.0,0.0,101,111,-5%,7,7,7,18,18,18,18.3,18.3,18.3,18.3,29.7,16.8,4.2,18.3,4.56,18.5,24.5,4.6,18.4,4.58,18.0,7.0,18.32,13.9,25.044444444444444
26,5,Mason Plumlee,0.0,DEN,PHO,-12.0,220.0,116.0,27,10.5,16.6,21.8,PF/C,3500,1.0,17.0,18.0,103,112,12%,4,4,4,20,20,20,19.5,19.5,19.5,19.5,11.9,11.3,3.2,16.8,4.79,16.9,15.0,4.8,16.85,4.795,20.0,4.0,18.97,16.3,12.637500000000001
26,6,Paul Millsap,0.0,DEN,PHO,-12.0,220.0,116.0,27,26.3,35.3,43.5,PF/C,5300,1.0,20.0,18.0,103,112,1%,8,8,8,32,32,32,30.8,30.8,30.8,30.8,21.6,17.5,3.3,30.5,5.75,29.1,28.0,5.5,29.8,5.625,32.0,8.0,30.6,35.03333333333333,26.075
26,7,Caleb Swanigan,0.0,SAC,POR,1.5,227.5,113.0,30,2.0,8.5,23.3,PF/C,3000,1.0,0.0,0.0,102,108,-1%,0,0,0,2,2,2,5.0,5.0,5.0,5.0,2.6,2.0,0.7,6.5,2.17,0.0,0.0,0.0,3.25,1.085,2.0,0.0,4.65,11.266666666666666,0.0
27,0,Emmanuel Mudiay,0.0,UTA,LAL,3.5,216.0,106.3,11,16.5,29.6,43.3,PG,3500,1.0,26.0,15.0,106,107,1%,11,11,11,23,23,23,24.0,24.0,24.0,24.0,15.5,18.5,5.3,17.3,4.93,17.4,19.5,5.0,17.35,4.965,23.0,11.0,22.669999999999998,29.8,14.709782608695654
27,1,Shai Gilgeous-Alexander,0.0,OKC,WAS,-8.5,218.0,113.3,22,13.8,27.2,40.3,PG/SG,6500,1.0,19.0,13.0,104,111,-4%,23,23,23,37,37,37,33.0,33.0,33.0,33.0,36.1,52.8,8.1,31.3,4.81,34.3,35.0,5.3,32.8,5.055,37.0,23.0,32.96,27.099999999999998,31.027027027027025
27,2,Jerami Grant,0.0,DEN,PHO,-12.0,220.0,116.0,27,12.0,23.2,32.3,PF/C,4200,1.0,15.0,14.0,103,112,-3%,4,4,4,21,21,21,13.5,13.5,13.5,13.5,31.5,18.8,4.5,20.3,4.82,19.0,23.5,4.5,19.65,4.66,21.0,4.0,14.73,22.5,21.98928571428571
27,3,Marvin Williams,0.0,CHA,MIN,5.5,226.0,110.3,19,11.5,18.7,29.8,SF/PF,3400,1.0,15.0,13.0,103,110,1%,9,9,9,17,17,17,23.5,23.5,23.5,23.5,12.3,0.3,0.1,16.0,4.71,18.0,21.5,5.3,17.0,5.005,17.0,9.0,22.2,20.0,21.5
27,4,Andrew Wiggins,0.0,MIN,CHA,-5.5,226.0,115.8,16,23.5,32.3,40.8,SG/SF,6000,1.0,24.0,12.0,101,110,-1%,27,27,27,36,36,36,30.5,30.5,30.5,30.5,32.7,27.5,4.6,30.5,5.08,32.0,32.5,5.3,31.25,5.1899999999999995,36.0,27.0,30.65,32.199999999999996,28.211805555555557
27,5,Bogdan Bogdanovic,0.0,SAC,POR,1.5,227.5,113.0,21,7.0,21.6,34.5,SG/SF,4600,1.0,23.0,14.0,102,108,-8%,10,10,10,22,22,22,7.0,7.0,7.0,7.0,28.7,28.8,6.3,22.0,4.78,25.2,26.5,5.5,23.6,5.140000000000001,22.0,10.0,10.32,21.033333333333335,28.42727272727273
27,6,Taj Gibson,0.0,NY,BKN,8.0,229.0,110.5,1,1.3,15.0,31.5,PF/C,3400,1.0,17.0,18.0,103,107,1%,5,5,5,15,15,15,6.0,6.0,6.0,6.0,14.0,11.5,3.4,15.3,4.49,11.5,13.0,3.4,13.4,3.9450000000000003,15.0,5.0,7.4799999999999995,15.933333333333332,11.613333333333333
27,7,Anthony Tolliver,0.0,POR,SAC,-1.5,227.5,114.5,20,-0.5,11.9,21.5,SF/PF,3100,1.0,12.0,9.0,106,109,2%,1,1,1,13,13,13,-0.5,-0.5,-0.5,-0.5,11.2,4.0,1.3,14.0,4.52,8.3,12.0,2.7,11.15,3.61,13.0,1.0,1.83,10.966666666666667,10.292307692307693
28,0,Tyus Jones,0.0,MEM,CHI,2.0,225.0,111.5,4,21.3,29.7,37.3,PG,3600,1.0,16.0,14.0,101,111,5%,12,12,12,24,24,24,29.8,29.8,29.8,29.8,19.7,11.3,3.1,17.8,4.93,18.7,21.5,5.2,18.25,5.0649999999999995,24.0,12.0,27.49,29.433333333333334,16.348958333333332
28,1,Ryan Arcidiacono,0.0,CHI,MEM,-2.0,225.0,113.5,16,13.0,22.4,32.5,PG/SG,3200,1.0,13.0,12.0,99,106,-4%,3,3,3,11,11,11,14.3,14.3,14.3,14.3,14.7,3.8,1.2,5.8,1.8,7.9,11.0,2.5,6.85,2.15,11.0,3.0,12.809999999999999,22.633333333333336,6.85
28,2,Brandon Clarke,0.0,MEM,CHI,2.0,225.0,111.5,19,20.8,20.8,20.8,PF/C,4200,1.0,0.0,0.0,101,111,1%,6,6,6,23,23,23,20.8,20.8,20.8,20.8,25.3,29.8,7.1,20.3,4.82,22.7,21.0,5.4,21.5,5.11,23.0,6.0,20.94,20.8,19.630434782608695
28,3,Will Barton,0.0,DEN,PHO,-12.0,220.0,116.0,9,13.3,21.2,34.8,SG/SF,5200,1.0,21.0,11.0,103,112,7%,8,8,8,31,31,31,34.8,34.8,34.8,34.8,20.6,14.8,2.8,24.3,4.66,26.9,30.0,5.2,25.6,4.93,31.0,8.0,32.959999999999994,23.099999999999998,24.774193548387096
28,4,Terry Rozier,0.0,CHA,MIN,5.5,226.0,110.3,26,2.8,13.6,24.0,PG,6600,1.0,19.0,13.0,103,110,-1%,10,10,10,30,30,30,20.0,20.0,20.0,20.0,17.6,30.3,4.6,34.3,5.19,33.8,31.5,5.1,34.05,5.145,30.0,10.0,22.81,13.466666666666667,35.7525
28,5,Mike Muscala,0.0,OKC,WAS,-8.5,218.0,113.3,20,15.5,24.1,28.5,PF/C,3200,1.0,14.0,11.0,104,111,9%,4,4,4,16,16,16,15.5,15.5,15.5,15.5,11.6,7.3,2.3,12.8,3.98,11.4,13.5,3.6,12.100000000000001,3.79,16.0,4.0,14.819999999999999,22.7,10.209375000000001
28,6,DeAndre Jordan,0.0,BKN,NY,-8.0,229.0,118.5,14,6.8,23.2,50.3,C,4400,1.0,14.0,19.0,102,111,5%,1,1,1,17,17,17,6.8,6.8,6.8,6.8,22.8,22.8,5.2,21.0,4.77,21.0,18.5,4.8,21.0,4.785,17.0,1.0,9.64,26.766666666666666,22.85294117647059
28,7,Dewayne Dedmon,0.0,SAC,POR,1.5,227.5,113.0,1,13.0,27.4,39.3,C,4100,1.0,17.0,16.0,102,108,-6%,3,3,3,14,14,14,13.0,13.0,13.0,13.0,20.9,16.0,3.9,26.3,6.4,25.0,25.0,6.1,25.65,6.25,14.0,3.0,15.530000000000001,26.566666666666663,45.80357142857142
29,0,Chris Paul,0.0,OKC,WAS,-8.5,218.0,113.3,22,30.0,38.9,51.8,PG,7200,1.0,25.0,20.0,104,111,5%,15,15,15,30,30,30,40.0,40.0,40.0,40.0,30.0,12.0,1.7,35.5,4.93,39.0,30.5,5.4,37.25,5.165,30.0,15.0,39.45,40.233333333333334,37.87083333333334
29,1,Bogdan Bogdanovic,0.0,SAC,POR,1.5,227.5,113.0,21,7.0,21.6,34.5,SG/SF,4600,1.0,23.0,14.0,102,108,-8%,10,10,10,22,22,22,7.0,7.0,7.0,7.0,28.7,28.8,6.3,22.0,4.78,25.2,26.5,5.5,23.6,5.140000000000001,22.0,10.0,10.32,21.033333333333335,28.42727272727273
29,2,Brandon Ingram,0.0,NO,DAL,-2.0,227.0,114.5,17,34.8,42.2,49.5,SF/PF,7100,2.0,23.0,13.0,101,108,-1%,19,19,19,35,35,35,41.8,41.8,41.8,41.8,31.4,46.0,6.5,35.3,4.96,31.7,31.5,4.5,33.5,4.73,35.0,19.0,40.14,42.166666666666664,30.150000000000002
29,3,Royce O'Neale,0.0,UTA,LAL,3.5,216.0,106.3,30,13.0,24.0,29.8,SF,3700,1.0,11.0,9.0,106,107,3%,6,6,6,30,30,30,22.8,22.8,22.8,22.8,26.7,11.8,3.2,18.8,5.07,20.7,31.5,5.6,19.75,5.335,30.0,6.0,22.19,22.266666666666666,20.7375
29,4,Tomas Satoransky,0.0,CHI,MEM,-2.0,225.0,113.5,16,8.5,19.2,32.0,PG/SF,4700,1.0,16.0,14.0,99,106,-4%,5,5,5,24,24,24,8.5,8.5,8.5,8.5,21.9,25.3,5.4,22.0,4.68,22.0,27.0,4.7,22.0,4.6899999999999995,24.0,5.0,11.2,19.900000000000002,24.75
29,5,Lauri Markkanen,0.0,CHI,MEM,-2.0,225.0,113.5,10,26.3,43.8,62.8,PF/C,8000,1.0,24.0,17.0,99,106,-4%,25,25,25,34,34,34,62.8,62.8,62.8,62.8,31.8,27.3,3.4,42.3,5.28,39.9,34.0,5.0,41.099999999999994,5.140000000000001,34.0,25.0,58.459999999999994,44.29999999999999,41.099999999999994
29,6,Moritz Wagner,0.0,WAS,OKC,8.5,218.0,104.8,3,6.5,13.1,23.5,PF/C,3300,1.0,0.0,0.0,105,105,2%,5,5,5,17,17,17,14.5,14.5,14.5,14.5,16.6,18.8,5.7,14.8,4.47,14.9,17.5,4.5,14.850000000000001,4.484999999999999,17.0,5.0,14.569999999999999,14.366666666666667,15.286764705882355
29,7,Treveon Graham,0.0,MIN,CHA,-5.5,226.0,115.8,11,3.8,9.1,24.5,SF/PF,3300,1.0,13.0,6.0,101,110,-1%,13,13,13,35,35,35,24.5,24.5,24.5,24.5,23.0,15.0,4.5,14.0,4.24,16.6,26.0,5.0,15.3,4.62,35.0,13.0,22.66,12.466666666666667,11.365714285714287
30,0,Damian Lillard,0.0,POR,SAC,-1.5,227.5,114.5,24,30.5,44.4,52.5,PG,8800,1.0,31.0,24.0,106,109,5%,21,21,21,38,38,38,51.0,51.0,51.0,51.0,34.0,54.8,6.2,50.0,5.68,47.0,36.5,5.3,48.5,5.49,38.0,21.0,50.5,42.46666666666667,46.58552631578948
30,1,Kris Dunn,0.0,CHI,MEM,-2.0,225.0,113.5,16,17.3,29.1,59.0,PG/SG,3400,1.0,21.0,12.0,99,106,-4%,7,7,7,24,24,24,24.5,24.5,24.5,24.5,26.1,24.0,7.1,16.8,4.93,19.9,21.5,5.9,18.35,5.415,24.0,7.0,23.27,35.13333333333333,16.43854166666667
30,2,Mike Muscala,0.0,OKC,WAS,-8.5,218.0,113.3,20,15.5,24.1,28.5,PF/C,3200,1.0,14.0,11.0,104,111,9%,4,4,4,16,16,16,15.5,15.5,15.5,15.5,11.6,7.3,2.3,12.8,3.98,11.4,13.5,3.6,12.100000000000001,3.79,16.0,4.0,14.819999999999999,22.7,10.209375000000001
30,3,Anthony Tolliver,0.0,POR,SAC,-1.5,227.5,114.5,20,-0.5,11.9,21.5,SF/PF,3100,1.0,12.0,9.0,106,109,2%,1,1,1,13,13,13,-0.5,-0.5,-0.5,-0.5,11.2,4.0,1.3,14.0,4.52,8.3,12.0,2.7,11.15,3.61,13.0,1.0,1.83,10.966666666666667,10.292307692307693
30,4,Shai Gilgeous-Alexander,0.0,OKC,WAS,-8.5,218.0,113.3,22,13.8,27.2,40.3,PG/SG,6500,1.0,19.0,13.0,104,111,-4%,23,23,23,37,37,37,33.0,33.0,33.0,33.0,36.1,52.8,8.1,31.3,4.81,34.3,35.0,5.3,32.8,5.055,37.0,23.0,32.96,27.099999999999998,31.027027027027025
30,5,Torrey Craig,0.0,DEN,PHO,-12.0,220.0,116.0,9,4.8,18.5,25.0,SG/SF,3200,1.0,13.0,10.0,103,112,7%,6,6,6,16,16,16,25.0,25.0,25.0,25.0,23.0,13.8,4.3,14.5,4.53,11.4,15.5,3.6,12.95,4.065,16.0,6.0,22.59,16.099999999999998,12.5453125
30,6,Zach Collins,0.0,POR,SAC,-1.5,227.5,114.5,23,-1.0,13.6,21.0,PF/C,5400,1.0,17.0,14.0,106,109,5%,9,9,9,31,31,31,17.3,17.3,17.3,17.3,31.9,21.0,3.9,28.8,5.32,28.2,31.0,5.2,28.5,5.26,31.0,9.0,19.54,11.200000000000001,28.5
30,7,Jae Crowder,0.0,MEM,CHI,2.0,225.0,111.5,8,17.8,25.3,34.5,SF/PF,4800,1.0,19.0,12.0,101,111,1%,11,11,11,30,30,30,24.8,24.8,24.8,24.8,30.9,29.8,6.2,23.5,4.9,24.1,29.0,5.0,23.8,4.95,30.0,11.0,24.6,25.866666666666664,23.006666666666668
31,0,Shai Gilgeous-Alexander,0.0,OKC,WAS,-8.5,218.0,113.3,22,13.8,27.2,40.3,PG/SG,6500,1.0,19.0,13.0,104,111,-4%,23,23,23,37,37,37,33.0,33.0,33.0,33.0,36.1,52.8,8.1,31.3,4.81,34.3,35.0,5.3,32.8,5.055,37.0,23.0,32.96,27.099999999999998,31.027027027027025
31,1,Dillon Brooks,0.0,MEM,CHI,2.0,225.0,111.5,19,7.5,14.2,20.0,SG/SF,4000,1.0,0.0,0.0,101,111,-5%,7,7,7,18,18,18,18.3,18.3,18.3,18.3,29.7,16.8,4.2,18.3,4.56,18.5,24.5,4.6,18.4,4.58,18.0,7.0,18.32,13.9,25.044444444444444
31,2,Jake Layman,0.0,MIN,CHA,-5.5,226.0,115.8,11,0.0,5.0,17.0,SF/PF,3400,1.0,16.0,14.0,101,110,-1%,7,7,7,23,23,23,17.0,17.0,17.0,17.0,25.2,15.8,4.6,14.0,4.12,17.7,22.5,5.2,15.85,4.66,23.0,7.0,16.77,7.333333333333333,15.505434782608695
31,3,Courtney Lee,0.0,DAL,NO,2.0,227.0,112.5,17,4.8,16.6,43.5,SG/SF,3200,1.0,0.0,0.0,106,110,5%,5,5,5,16,16,16,5.3,5.3,5.3,5.3,5.7,2.0,0.6,10.3,3.2,11.6,16.0,3.6,10.95,3.4000000000000004,16.0,5.0,6.43,21.633333333333336,10.95
31,4,Bradley Beal,0.0,WAS,OKC,8.5,218.0,104.8,2,26.8,33.9,45.5,SG,8600,1.0,28.0,21.0,105,105,5%,25,25,25,32,32,32,45.5,45.5,45.5,45.5,34.5,33.0,3.8,45.8,5.32,46.5,35.0,5.4,46.15,5.36,32.0,25.0,45.63,35.4,50.4765625
31,5,Gorgui Dieng,0.0,MIN,CHA,-5.5,226.0,115.8,26,17.5,28.7,40.8,PF/C,3000,1.0,20.0,18.0,101,110,2%,0,0,0,0,0,0,0.0,0.0,0.0,0.0,6.3,4.0,1.3,4.8,1.58,0.0,0.0,0.0,2.4,0.79,0.0,0.0,0.48,29.0,0.0
31,6,Kristaps Porzingis,0.0,DAL,NO,2.0,227.0,112.5,28,19.0,33.0,50.0,PF/C,7600,1.0,0.0,0.0,106,110,6%,16,16,16,29,29,29,34.5,34.5,34.5,34.5,29.1,43.5,5.7,36.3,4.77,39.1,31.5,5.1,37.7,4.935,29.0,16.0,35.14,34.0,40.95
31,7,Caris LeVert,0.0,BKN,NY,-8.0,229.0,118.5,21,20.0,34.2,44.3,PG/SF,6500,1.0,25.0,15.0,102,111,8%,19,19,19,37,37,37,36.3,36.3,36.3,36.3,24.2,22.0,3.4,32.0,4.92,34.7,31.5,5.3,33.35,5.109999999999999,37.0,19.0,35.709999999999994,32.833333333333336,28.392567567567568
32,0,Jamal Murray,0.0,DEN,PHO,-12.0,220.0,116.0,23,31.5,39.9,49.0,PG/SG,6300,1.0,26.0,16.0,103,112,5%,14,14,14,34,34,34,31.8,31.8,31.8,31.8,40.6,43.8,7.0,36.5,5.79,35.4,32.5,5.6,35.95,5.695,34.0,14.0,32.63,40.13333333333333,34.3639705882353
32,1,Devonte' Graham,0.0,CHA,MIN,5.5,226.0,110.3,26,4.3,16.7,42.5,PG/SG,4600,1.0,18.0,10.0,103,110,-1%,9,9,9,27,27,27,42.5,42.5,42.5,42.5,27.9,34.0,7.4,21.3,4.62,23.5,26.0,5.1,22.4,4.859999999999999,27.0,9.0,38.480000000000004,21.166666666666668,21.57037037037037
32,2,Maxi Kleber,0.0,DAL,NO,2.0,227.0,112.5,28,13.8,18.0,26.3,PF/C,3700,1.0,13.0,13.0,106,110,6%,1,1,1,24,24,24,16.0,16.0,16.0,16.0,33.4,24.0,6.5,17.8,4.8,20.0,24.0,5.4,18.9,5.1,24.0,1.0,16.580000000000002,19.366666666666667,18.9
32,3,Hamidou Diallo,0.0,OKC,WAS,-8.5,218.0,113.3,7,0.0,5.1,16.3,SG/SF,3400,1.0,16.0,10.0,104,111,-4%,8,8,8,23,23,23,16.3,16.3,16.3,16.3,18.0,12.8,3.8,14.8,4.34,15.8,20.5,4.6,15.3,4.47,23.0,8.0,16.1,7.133333333333333,13.636956521739132
32,4,Tomas Satoransky,0.0,CHI,MEM,-2.0,225.0,113.5,16,8.5,19.2,32.0,PG/SF,4700,1.0,16.0,14.0,99,106,-4%,5,5,5,24,24,24,8.5,8.5,8.5,8.5,21.9,25.3,5.4,22.0,4.68,22.0,27.0,4.7,22.0,4.6899999999999995,24.0,5.0,11.2,19.900000000000002,24.75
32,5,David Nwaba,0.0,BKN,NY,-8.0,229.0,118.5,18,5.8,12.2,25.8,SG/SF,3100,1.0,15.0,13.0,102,111,8%,0,0,0,13,13,13,6.3,6.3,6.3,6.3,14.1,9.5,3.1,13.8,4.44,10.2,12.5,3.3,12.0,3.87,13.0,0.0,7.44,14.6,11.538461538461538
32,6,Richaun Holmes,0.0,SAC,POR,1.5,227.5,113.0,30,8.3,20.5,35.3,PF/C,3400,1.0,17.0,21.0,102,108,-1%,2,2,2,17,17,17,8.8,8.8,8.8,8.8,17.2,21.0,6.2,23.0,6.76,23.5,21.5,6.9,23.25,6.83,17.0,2.0,11.690000000000001,21.366666666666664,29.404411764705884
32,7,Garrett Temple,0.0,BKN,NY,-8.0,229.0,118.5,18,4.0,5.7,7.5,SG/SF,3500,1.0,11.0,8.0,102,111,8%,6,6,6,17,17,17,7.5,7.5,7.5,7.5,18.8,14.0,4.0,14.8,4.21,9.6,15.0,2.7,12.2,3.455,17.0,6.0,8.440000000000001,5.733333333333333,10.764705882352942
33,0,Isaac Bonga,0.0,WAS,OKC,8.5,218.0,104.8,29,3.3,11.0,19.8,PG/SF,3400,1.0,0.0,0.0,105,105,-1%,5,5,5,23,23,23,19.8,19.8,19.8,19.8,24.0,20.5,6.0,15.0,4.41,21.4,24.5,6.3,18.2,5.355,23.0,5.0,19.48,11.366666666666667,19.38695652173913
33,1,Buddy Hield,0.0,SAC,POR,1.5,227.5,113.0,21,16.8,29.2,38.5,SG/SF,6700,1.0,25.0,18.0,102,108,-8%,19,19,19,31,31,31,37.8,37.8,37.8,37.8,31.6,29.3,4.4,34.0,5.07,34.5,32.0,5.1,34.25,5.085,31.0,19.0,37.089999999999996,28.166666666666668,35.354838709677416
33,2,Kenrich Williams,0.0,NO,DAL,-2.0,227.0,114.5,17,20.5,27.3,36.8,SF/PF,3200,2.0,13.0,10.0,101,108,-1%,4,4,4,18,18,18,20.5,20.5,20.5,20.5,21.4,18.5,5.8,15.0,4.69,12.2,15.5,3.8,13.6,4.245,18.0,4.0,19.119999999999997,28.2,11.71111111111111
33,3,Mikal Bridges,0.0,PHO,DEN,12.0,220.0,104.0,12,16.3,21.3,31.0,SG/SF,3600,1.0,12.0,11.0,100,107,0%,4,4,4,23,23,23,16.3,16.3,16.3,16.3,12.6,7.0,1.9,17.8,4.93,18.4,27.0,5.1,18.1,5.015,23.0,4.0,16.660000000000004,22.866666666666664,21.247826086956522
33,4,Ricky Rubio,0.0,PHO,DEN,12.0,220.0,104.0,25,25.5,39.3,43.0,PG,5600,1.0,24.0,14.0,100,107,-8%,12,12,12,30,30,30,42.5,42.5,42.5,42.5,35.5,34.0,6.1,31.0,5.54,30.1,31.0,5.4,30.55,5.470000000000001,30.0,12.0,40.11,35.93333333333333,31.56833333333333
33,5,Brandon Clarke,0.0,MEM,CHI,2.0,225.0,111.5,19,20.8,20.8,20.8,PF/C,4200,1.0,0.0,0.0,101,111,1%,6,6,6,23,23,23,20.8,20.8,20.8,20.8,25.3,29.8,7.1,20.3,4.82,22.7,21.0,5.4,21.5,5.11,23.0,6.0,20.94,20.8,19.630434782608695
33,6,Moritz Wagner,0.0,WAS,OKC,8.5,218.0,104.8,3,6.5,13.1,23.5,PF/C,3300,1.0,0.0,0.0,105,105,2%,5,5,5,17,17,17,14.5,14.5,14.5,14.5,16.6,18.8,5.7,14.8,4.47,14.9,17.5,4.5,14.850000000000001,4.484999999999999,17.0,5.0,14.569999999999999,14.366666666666667,15.286764705882355
33,7,Alex Caruso,0.0,LAL,UTA,-3.5,216.0,109.8,28,25.3,38.7,60.5,PG/SG,3100,2.0,20.0,14.0,103,103,-13%,0,0,0,0,0,0,0.0,0.0,0.0,0.0,20.4,3.0,1.0,7.8,2.5,0.0,0.0,0.0,3.9,1.25,0.0,0.0,0.78,41.5,0.0
34,0,Marcus Smart,0.0,BOS,TOR,-2.5,213.0,107.8,30,8.8,16.4,20.5,PG/SG,4500,1.0,16.0,13.0,103,104,-1%,7,7,7,33,33,33,20.5,20.5,20.5,20.5,28.1,18.8,4.2,20.8,4.61,24.5,29.0,5.4,22.65,5.005000000000001,33.0,7.0,20.93,15.233333333333334,19.904545454545453
34,1,Jrue Holiday,0.0,NO,DAL,-2.0,227.0,114.5,27,26.8,37.8,47.3,PG/SG,8500,2.0,27.0,19.0,101,108,4%,15,15,15,41,41,41,29.0,29.0,29.0,29.0,33.2,29.0,3.4,44.0,5.18,44.0,35.5,5.2,44.0,5.1899999999999995,41.0,15.0,32.0,37.3,38.09756097560976
34,2,Rui Hachimura,0.0,WAS,OKC,8.5,218.0,104.8,3,28.0,28.0,28.0,PF,5000,1.0,0.0,0.0,105,105,2%,15,15,15,25,25,25,28.0,28.0,28.0,28.0,34.6,29.8,6.0,25.0,5.0,26.1,28.5,5.2,25.55,5.1,25.0,15.0,27.51,28.0,29.127
34,3,LeBron James,0.0,LAL,UTA,-3.5,216.0,109.8,28,43.3,54.3,67.8,PG/SF,9500,2.0,33.0,26.0,103,103,-3%,19,19,19,36,36,36,43.3,43.3,43.3,43.3,30.6,59.3,6.2,51.8,5.45,53.8,35.5,5.7,52.8,5.575,36.0,19.0,45.2,55.133333333333326,52.06666666666666
34,4,Ryan Arcidiacono,0.0,CHI,MEM,-2.0,225.0,113.5,16,13.0,22.4,32.5,PG/SG,3200,1.0,13.0,12.0,99,106,-4%,3,3,3,11,11,11,14.3,14.3,14.3,14.3,14.7,3.8,1.2,5.8,1.8,7.9,11.0,2.5,6.85,2.15,11.0,3.0,12.809999999999999,22.633333333333336,6.85
34,5,Brandon Clarke,0.0,MEM,CHI,2.0,225.0,111.5,19,20.8,20.8,20.8,PF/C,4200,1.0,0.0,0.0,101,111,1%,6,6,6,23,23,23,20.8,20.8,20.8,20.8,25.3,29.8,7.1,20.3,4.82,22.7,21.0,5.4,21.5,5.11,23.0,6.0,20.94,20.8,19.630434782608695
34,6,Skal Labissiere,0.0,POR,SAC,-1.5,227.5,114.5,23,0.0,15.0,56.8,PF/C,3200,1.0,0.0,0.0,106,109,2%,4,4,4,11,11,11,16.0,16.0,16.0,16.0,6.2,1.5,0.5,6.5,2.03,10.8,12.0,3.4,8.65,2.715,11.0,4.0,14.530000000000001,23.933333333333334,9.436363636363637
34,7,Nemanja Bjelica,0.0,SAC,POR,1.5,227.5,113.0,30,12.5,16.7,19.5,PF,3600,1.0,17.0,15.0,102,108,-1%,6,6,6,21,21,21,17.0,17.0,17.0,17.0,28.0,20.8,5.8,24.3,6.74,24.6,26.5,6.8,24.450000000000003,6.77,21.0,6.0,18.490000000000002,16.233333333333334,30.85357142857143
35,0,Isaac Bonga,0.0,WAS,OKC,8.5,218.0,104.8,29,3.3,11.0,19.8,PG/SF,3400,1.0,0.0,0.0,105,105,-1%,5,5,5,23,23,23,19.8,19.8,19.8,19.8,24.0,20.5,6.0,15.0,4.41,21.4,24.5,6.3,18.2,5.355,23.0,5.0,19.48,11.366666666666667,19.38695652173913
35,1,Brad Wanamaker,0.0,BOS,TOR,-2.5,213.0,107.8,30,-0.5,3.9,11.0,PG/SG,3000,1.0,0.0,0.0,103,104,-1%,2,2,2,6,6,6,1.5,1.5,1.5,1.5,9.6,11.3,3.8,12.5,4.17,0.0,0.0,0.0,6.25,2.085,6.0,2.0,2.45,4.8,0.0
35,2,Davis Bertans,0.0,WAS,OKC,8.5,218.0,104.8,22,0.0,7.9,14.5,SF/PF,3300,1.0,14.0,13.0,105,105,1%,8,8,8,29,29,29,14.5,14.5,14.5,14.5,27.5,22.3,6.8,21.5,6.52,20.1,25.0,6.1,20.8,6.31,29.0,8.0,15.76,7.466666666666666,17.93103448275862
35,3,Dillon Brooks,0.0,MEM,CHI,2.0,225.0,111.5,19,7.5,14.2,20.0,SG/SF,4000,1.0,0.0,0.0,101,111,-5%,7,7,7,18,18,18,18.3,18.3,18.3,18.3,29.7,16.8,4.2,18.3,4.56,18.5,24.5,4.6,18.4,4.58,18.0,7.0,18.32,13.9,25.044444444444444
35,4,Kyrie Irving,0.0,BKN,NY,-8.0,229.0,118.5,21,19.5,43.2,76.0,PG,9000,1.0,30.0,24.0,102,111,0%,33,33,33,38,38,38,76.0,76.0,76.0,76.0,31.2,41.0,4.6,48.8,5.42,48.3,33.0,5.4,48.55,5.41,38.0,33.0,70.51,46.23333333333333,42.16184210526316
35,5,Jaylen Brown,0.0,BOS,TOR,-2.5,213.0,107.8,24,18.3,25.3,34.3,SG/SF,5100,1.0,21.0,14.0,103,104,-3%,6,6,6,21,21,21,18.8,18.8,18.8,18.8,38.1,46.8,9.2,24.8,4.85,26.0,29.5,5.1,25.4,4.975,21.0,6.0,20.119999999999997,25.96666666666667,35.68095238095238
35,6,Marc Gasol,0.0,TOR,BOS,2.5,213.0,105.3,3,13.0,23.8,31.3,C,5300,2.0,17.0,17.0,102,105,-3%,9,9,9,32,32,32,13.0,13.0,13.0,13.0,25.2,13.3,2.5,29.3,5.52,27.2,27.5,5.1,28.25,5.31,32.0,9.0,16.05,22.7,24.27734375
35,7,Joe Ingles,0.0,UTA,LAL,3.5,216.0,106.3,30,13.5,23.1,39.0,SF/PF,4600,1.0,19.0,13.0,106,107,3%,8,8,8,33,33,33,13.5,13.5,13.5,13.5,28.4,10.8,2.3,29.3,6.36,28.1,33.0,6.1,28.700000000000003,6.23,33.0,8.0,16.54,25.2,28.700000000000003
36,0,Cory Joseph,0.0,SAC,POR,1.5,227.5,113.0,18,9.3,14.5,19.8,PG/SG,3300,1.0,15.0,11.0,102,108,-1%,6,6,6,21,21,21,19.8,19.8,19.8,19.8,14.5,13.5,4.1,15.5,4.7,14.7,19.0,4.5,15.1,4.6,21.0,6.0,18.86,14.533333333333333,13.661904761904761
36,1,Joe Harris,0.0,BKN,NY,-8.0,229.0,118.5,18,7.3,17.2,25.0,SG/SF,4700,1.0,17.0,14.0,102,111,2%,9,9,9,39,39,39,25.0,25.0,25.0,25.0,31.4,22.0,4.7,21.8,4.63,24.8,32.0,5.3,23.3,4.965,39.0,9.0,24.66,16.5,19.117948717948718
36,2,Julius Randle,0.0,NY,BKN,8.0,229.0,110.5,1,28.3,49.7,59.3,PF/C,8100,1.0,28.0,21.0,103,107,1%,18,18,18,35,35,35,55.3,55.3,55.3,55.3,38.6,32.3,4.0,43.5,5.37,43.0,33.5,5.3,43.25,5.335,35.0,18.0,52.89,45.76666666666667,41.39642857142857
36,3,Terrance Ferguson,0.0,OKC,WAS,-8.5,218.0,113.3,7,5.5,9.8,12.5,SG/SF,3200,1.0,11.0,6.0,104,111,-4%,0,0,0,24,24,24,5.5,5.5,5.5,5.5,22.1,6.5,2.0,8.8,2.73,13.7,25.0,4.3,11.25,3.5149999999999997,24.0,0.0,6.65,9.266666666666667,11.71875
36,4,Jrue Holiday,0.0,NO,DAL,-2.0,227.0,114.5,27,26.8,37.8,47.3,PG/SG,8500,2.0,27.0,19.0,101,108,4%,15,15,15,41,41,41,29.0,29.0,29.0,29.0,33.2,29.0,3.4,44.0,5.18,44.0,35.5,5.2,44.0,5.1899999999999995,41.0,15.0,32.0,37.3,38.09756097560976
36,5,Jeff Green,0.0,UTA,LAL,3.5,216.0,106.3,30,11.0,17.2,24.5,SF/PF,3400,1.0,17.0,14.0,106,107,3%,4,4,4,17,17,17,11.0,11.0,11.0,11.0,23.4,11.3,3.3,16.0,4.71,21.4,28.5,6.3,18.7,5.505,17.0,4.0,12.540000000000001,17.566666666666666,31.349999999999998
36,6,Jarrett Allen,0.0,BKN,NY,-8.0,229.0,118.5,6,20.8,28.3,40.0,PF/C,5700,1.0,16.0,19.0,102,111,5%,6,6,6,36,36,36,30.8,30.8,30.8,30.8,25.2,21.8,3.8,29.8,5.22,32.0,29.0,5.6,30.9,5.41,36.0,6.0,30.82,29.7,24.891666666666666
36,7,Stanley Johnson,0.0,TOR,BOS,2.5,213.0,105.3,25,8.5,18.2,25.0,SF/PF,3300,2.0,21.0,10.0,102,105,-4%,0,0,0,0,0,0,0.0,0.0,0.0,0.0,5.0,5.5,1.7,15.5,4.7,0.0,0.0,0.0,7.75,2.35,0.0,0.0,1.55,17.233333333333334,0.0
38,0,Kris Dunn,0.0,CHI,MEM,-2.0,225.0,113.5,16,17.3,29.1,59.0,PG/SG,3400,1.0,21.0,12.0,99,106,-4%,7,7,7,24,24,24,24.5,24.5,24.5,24.5,26.1,24.0,7.1,16.8,4.93,19.9,21.5,5.9,18.35,5.415,24.0,7.0,23.27,35.13333333333333,16.43854166666667
38,1,Devin Booker,0.0,PHO,DEN,12.0,220.0,104.0,25,9.5,48.2,73.0,PG/SG,8400,1.0,33.0,20.0,100,107,-6%,17,17,17,32,32,32,42.5,42.5,42.5,42.5,41.4,35.8,4.3,41.5,4.94,41.2,35.0,4.9,41.35,4.92,32.0,17.0,42.269999999999996,43.56666666666666,45.2265625
38,2,Mike Muscala,0.0,OKC,WAS,-8.5,218.0,113.3,20,15.5,24.1,28.5,PF/C,3200,1.0,14.0,11.0,104,111,9%,4,4,4,16,16,16,15.5,15.5,15.5,15.5,11.6,7.3,2.3,12.8,3.98,11.4,13.5,3.6,12.100000000000001,3.79,16.0,4.0,14.819999999999999,22.7,10.209375000000001
38,3,Anthony Tolliver,0.0,POR,SAC,-1.5,227.5,114.5,20,-0.5,11.9,21.5,SF/PF,3100,1.0,12.0,9.0,106,109,2%,1,1,1,13,13,13,-0.5,-0.5,-0.5,-0.5,11.2,4.0,1.3,14.0,4.52,8.3,12.0,2.7,11.15,3.61,13.0,1.0,1.83,10.966666666666667,10.292307692307693
38,4,Ryan Arcidiacono,0.0,CHI,MEM,-2.0,225.0,113.5,16,13.0,22.4,32.5,PG/SG,3200,1.0,13.0,12.0,99,106,-4%,3,3,3,11,11,11,14.3,14.3,14.3,14.3,14.7,3.8,1.2,5.8,1.8,7.9,11.0,2.5,6.85,2.15,11.0,3.0,12.809999999999999,22.633333333333336,6.85
38,5,Dario Saric,0.0,PHO,DEN,12.0,220.0,104.0,4,16.5,27.0,35.8,SF/PF,4700,1.0,18.0,13.0,100,107,0%,7,7,7,21,21,21,16.5,16.5,16.5,16.5,31.4,18.5,3.9,19.0,4.04,22.5,26.5,4.8,20.75,4.42,21.0,7.0,17.35,26.433333333333334,26.18452380952381
38,6,Anthony Davis,0.0,LAL,UTA,-3.5,216.0,109.8,2,31.0,39.7,48.3,PF/C,10000,2.0,29.0,30.0,103,103,-10%,21,21,21,37,37,37,51.0,51.0,51.0,51.0,32.3,45.3,4.5,45.0,4.5,55.1,36.0,5.5,50.05,5.0,37.0,21.0,50.81,39.666666666666664,48.69729729729729
38,7,Nickeil Alexander-Walker,0.0,NO,DAL,-2.0,227.0,114.5,27,15.0,15.0,15.0,PG/SG,3400,2.0,0.0,0.0,101,108,4%,10,10,10,12,12,12,15.0,15.0,15.0,15.0,14.8,16.8,4.9,16.0,4.71,12.2,12.5,3.6,14.1,4.155,12.0,10.0,14.819999999999999,15.0,14.6875
39,0,Isaac Bonga,0.0,WAS,OKC,8.5,218.0,104.8,29,3.3,11.0,19.8,PG/SF,3400,1.0,0.0,0.0,105,105,-1%,5,5,5,23,23,23,19.8,19.8,19.8,19.8,24.0,20.5,6.0,15.0,4.41,21.4,24.5,6.3,18.2,5.355,23.0,5.0,19.48,11.366666666666667,19.38695652173913
39,1,Jalen Brunson,0.0,DAL,NO,2.0,227.0,112.5,19,16.8,23.4,32.5,PG/SG,3500,1.0,20.0,13.0,106,110,7%,10,10,10,24,24,24,21.0,21.0,21.0,21.0,28.8,28.0,8.0,17.0,4.86,22.3,25.5,6.4,19.65,5.630000000000001,24.0,10.0,20.73,24.233333333333334,20.878125
39,2,Taurean Prince,0.0,BKN,NY,-8.0,229.0,118.5,6,17.3,27.4,40.3,SF/PF,5600,1.0,19.0,12.0,102,111,2%,13,13,13,41,41,41,40.3,40.3,40.3,40.3,32.9,20.5,3.7,27.0,4.82,29.2,32.5,5.2,28.1,5.01,41.0,13.0,37.86,28.333333333333332,22.27439024390244
39,3,Joe Harris,0.0,BKN,NY,-8.0,229.0,118.5,18,7.3,17.2,25.0,SG/SF,4700,1.0,17.0,14.0,102,111,2%,9,9,9,39,39,39,25.0,25.0,25.0,25.0,31.4,22.0,4.7,21.8,4.63,24.8,32.0,5.3,23.3,4.965,39.0,9.0,24.66,16.5,19.117948717948718
39,4,Wayne Ellington,0.0,NY,BKN,8.0,229.0,110.5,27,7.3,14.6,24.8,SG/SF,3200,1.0,18.0,12.0,103,107,-6%,4,4,4,13,13,13,7.3,7.3,7.3,7.3,11.2,12.0,3.8,10.8,3.36,9.3,13.5,2.9,10.05,3.13,13.0,4.0,7.85,15.566666666666668,10.436538461538461
39,5,Danny Green,0.0,LAL,UTA,-3.5,216.0,109.8,6,7.3,22.3,46.3,SG/SF,4600,2.0,14.0,13.0,103,103,-13%,14,14,14,32,32,32,46.3,46.3,46.3,46.3,28.3,24.0,5.2,21.5,4.67,22.7,31.5,4.9,22.1,4.785,32.0,14.0,41.459999999999994,25.3,21.754687500000003
39,6,PJ Washington,0.0,CHA,MIN,5.5,226.0,110.3,16,39.0,39.0,39.0,PF/C,6400,1.0,0.0,0.0,103,110,1%,17,17,17,38,38,38,39.0,39.0,39.0,39.0,29.3,27.0,4.2,30.0,4.69,34.9,35.0,5.5,32.45,5.095000000000001,38.0,17.0,37.69,39.0,29.888157894736842
39,7,Delon Wright,0.0,DAL,NO,2.0,227.0,112.5,19,17.0,45.2,67.5,PG/SG,4800,1.0,18.0,16.0,106,110,7%,2,2,2,22,22,22,17.0,17.0,17.0,17.0,31.9,43.3,9.0,23.8,4.95,22.3,22.5,4.6,23.05,4.775,22.0,2.0,18.21,43.23333333333333,23.57386363636364
40,0,LeBron James,0.0,LAL,UTA,-3.5,216.0,109.8,28,43.3,54.3,67.8,PG/SF,9500,2.0,33.0,26.0,103,103,-3%,19,19,19,36,36,36,43.3,43.3,43.3,43.3,30.6,59.3,6.2,51.8,5.45,53.8,35.5,5.7,52.8,5.575,36.0,19.0,45.2,55.133333333333326,52.06666666666666
40,1,Spencer Dinwiddie,0.0,BKN,NY,-8.0,229.0,118.5,21,11.8,20.2,25.5,PG/SG,4800,1.0,26.0,16.0,102,111,0%,13,13,13,19,19,19,18.8,18.8,18.8,18.8,26.9,32.0,6.7,22.5,4.69,25.5,24.0,5.3,24.0,4.995,19.0,13.0,19.84,19.166666666666668,30.31578947368421
40,2,Stanley Johnson,0.0,TOR,BOS,2.5,213.0,105.3,25,8.5,18.2,25.0,SF/PF,3300,2.0,21.0,10.0,102,105,-4%,0,0,0,0,0,0,0.0,0.0,0.0,0.0,5.0,5.5,1.7,15.5,4.7,0.0,0.0,0.0,7.75,2.35,0.0,0.0,1.55,17.233333333333334,0.0
40,3,Royce O'Neale,0.0,UTA,LAL,3.5,216.0,106.3,30,13.0,24.0,29.8,SF,3700,1.0,11.0,9.0,106,107,3%,6,6,6,30,30,30,22.8,22.8,22.8,22.8,26.7,11.8,3.2,18.8,5.07,20.7,31.5,5.6,19.75,5.335,30.0,6.0,22.19,22.266666666666666,20.7375
40,4,Garrett Temple,0.0,BKN,NY,-8.0,229.0,118.5,18,4.0,5.7,7.5,SG/SF,3500,1.0,11.0,8.0,102,111,8%,6,6,6,17,17,17,7.5,7.5,7.5,7.5,18.8,14.0,4.0,14.8,4.21,9.6,15.0,2.7,12.2,3.455,17.0,6.0,8.440000000000001,5.733333333333333,10.764705882352942
40,5,Serge Ibaka,0.0,TOR,BOS,2.5,213.0,105.3,15,19.8,25.5,30.5,PF/C,5600,2.0,22.0,19.0,102,105,-1%,10,10,10,26,26,26,19.8,19.8,19.8,19.8,24.2,30.0,5.4,27.8,4.96,27.0,26.0,4.8,27.4,4.88,26.0,10.0,21.32,25.266666666666666,27.400000000000002
40,6,Derrick Favors,0.0,NO,DAL,-2.0,227.0,114.5,22,18.0,25.9,38.0,PF/C,5700,2.0,19.0,22.0,101,108,-1%,6,6,6,21,21,21,19.3,19.3,19.3,19.3,21.6,26.8,4.7,27.3,4.78,27.1,24.0,4.8,27.200000000000003,4.79,21.0,6.0,20.880000000000003,27.3,31.08571428571429
40,7,Karl-Anthony Towns,0.0,MIN,CHA,-5.5,226.0,115.8,15,32.5,51.1,73.5,C,10800,1.0,29.0,26.0,101,110,2%,22,22,22,39,39,39,73.5,73.5,73.5,73.5,27.7,82.3,7.6,58.3,5.39,60.3,34.5,5.6,59.3,5.494999999999999,39.0,22.0,70.66,52.36666666666667,52.457692307692305
41,0,Yogi Ferrell,0.0,SAC,POR,1.5,227.5,113.0,18,4.8,16.2,22.3,PG/SG,3000,1.0,17.0,13.0,102,108,-1%,2,2,2,4,4,4,4.8,4.8,4.8,4.8,2.6,7.0,2.3,14.5,4.83,0.0,0.0,0.0,7.25,2.415,4.0,2.0,5.29,14.433333333333332,0.0
41,1,Bogdan Bogdanovic,0.0,SAC,POR,1.5,227.5,113.0,21,7.0,21.6,34.5,SG/SF,4600,1.0,23.0,14.0,102,108,-8%,10,10,10,22,22,22,7.0,7.0,7.0,7.0,28.7,28.8,6.3,22.0,4.78,25.2,26.5,5.5,23.6,5.140000000000001,22.0,10.0,10.32,21.033333333333335,28.42727272727273
41,2,Moritz Wagner,0.0,WAS,OKC,8.5,218.0,104.8,3,6.5,13.1,23.5,PF/C,3300,1.0,0.0,0.0,105,105,2%,5,5,5,17,17,17,14.5,14.5,14.5,14.5,16.6,18.8,5.7,14.8,4.47,14.9,17.5,4.5,14.850000000000001,4.484999999999999,17.0,5.0,14.569999999999999,14.366666666666667,15.286764705882355
41,3,Kyle Anderson,0.0,MEM,CHI,2.0,225.0,111.5,8,6.8,18.5,24.8,SF/PF,3800,1.0,13.0,13.0,101,111,-5%,4,4,4,21,21,21,15.5,15.5,15.5,15.5,20.2,27.3,7.2,18.5,4.87,18.4,22.5,4.8,18.45,4.835,21.0,4.0,16.09,16.7,19.767857142857142
41,4,Jrue Holiday,0.0,NO,DAL,-2.0,227.0,114.5,27,26.8,37.8,47.3,PG/SG,8500,2.0,27.0,19.0,101,108,4%,15,15,15,41,41,41,29.0,29.0,29.0,29.0,33.2,29.0,3.4,44.0,5.18,44.0,35.5,5.2,44.0,5.1899999999999995,41.0,15.0,32.0,37.3,38.09756097560976
41,5,Joe Ingles,0.0,UTA,LAL,3.5,216.0,106.3,30,13.5,23.1,39.0,SF/PF,4600,1.0,19.0,13.0,106,107,3%,8,8,8,33,33,33,13.5,13.5,13.5,13.5,28.4,10.8,2.3,29.3,6.36,28.1,33.0,6.1,28.700000000000003,6.23,33.0,8.0,16.54,25.2,28.700000000000003
41,6,Caleb Swanigan,0.0,SAC,POR,1.5,227.5,113.0,30,2.0,8.5,23.3,PF/C,3000,1.0,0.0,0.0,102,108,-1%,0,0,0,2,2,2,5.0,5.0,5.0,5.0,2.6,2.0,0.7,6.5,2.17,0.0,0.0,0.0,3.25,1.085,2.0,0.0,4.65,11.266666666666666,0.0
41,7,Shabazz Napier,0.0,MIN,CHA,-5.5,226.0,115.8,20,0.0,21.5,36.8,PG/SG,3200,1.0,25.0,15.0,101,110,0%,7,7,7,21,21,21,16.3,16.3,16.3,16.3,20.8,31.5,9.8,16.0,5.0,16.1,16.5,5.0,16.05,5.0,21.0,7.0,16.25,19.433333333333334,12.610714285714288
42,0,Kemba Walker,0.0,BOS,TOR,-2.5,213.0,107.8,30,16.5,43.6,58.0,PG,7800,1.0,32.0,22.0,103,104,-1%,18,18,18,34,34,34,16.5,16.5,16.5,16.5,36.2,40.5,5.2,41.5,5.32,40.9,34.0,5.2,41.2,5.26,34.0,18.0,21.44,39.36666666666667,41.2
42,1,Josh Hart,0.0,NO,DAL,-2.0,227.0,114.5,13,9.0,16.9,33.5,SG/SF,3200,2.0,13.0,9.0,101,108,1%,9,9,9,28,28,28,33.5,33.5,33.5,33.5,26.4,30.8,9.6,9.0,2.81,15.2,20.5,4.8,12.1,3.8049999999999997,28.0,9.0,29.22,19.8,8.85892857142857
42,2,Serge Ibaka,0.0,TOR,BOS,2.5,213.0,105.3,15,19.8,25.5,30.5,PF/C,5600,2.0,22.0,19.0,102,105,-1%,10,10,10,26,26,26,19.8,19.8,19.8,19.8,24.2,30.0,5.4,27.8,4.96,27.0,26.0,4.8,27.4,4.88,26.0,10.0,21.32,25.266666666666666,27.400000000000002
42,3,Jake Layman,0.0,MIN,CHA,-5.5,226.0,115.8,11,0.0,5.0,17.0,SF/PF,3400,1.0,16.0,14.0,101,110,-1%,7,7,7,23,23,23,17.0,17.0,17.0,17.0,25.2,15.8,4.6,14.0,4.12,17.7,22.5,5.2,15.85,4.66,23.0,7.0,16.77,7.333333333333333,15.505434782608695
42,4,David Nwaba,0.0,BKN,NY,-8.0,229.0,118.5,18,5.8,12.2,25.8,SG/SF,3100,1.0,15.0,13.0,102,111,8%,0,0,0,13,13,13,6.3,6.3,6.3,6.3,14.1,9.5,3.1,13.8,4.44,10.2,12.5,3.3,12.0,3.87,13.0,0.0,7.44,14.6,11.538461538461538
42,5,Taj Gibson,0.0,NY,BKN,8.0,229.0,110.5,1,1.3,15.0,31.5,PF/C,3400,1.0,17.0,18.0,103,107,1%,5,5,5,15,15,15,6.0,6.0,6.0,6.0,14.0,11.5,3.4,15.3,4.49,11.5,13.0,3.4,13.4,3.9450000000000003,15.0,5.0,7.4799999999999995,15.933333333333332,11.613333333333333
42,6,Luke Kornet,0.0,CHI,MEM,-2.0,225.0,113.5,10,4.5,24.6,48.8,PF/C,3100,1.0,18.0,15.0,99,106,-4%,3,3,3,7,7,7,4.5,4.5,4.5,4.5,8.7,8.0,2.6,6.8,2.18,0.0,0.0,0.0,3.4,1.09,7.0,3.0,4.279999999999999,25.96666666666667,0.0
42,7,JaVale McGee,0.0,LAL,UTA,-3.5,216.0,109.8,13,10.0,27.6,41.5,C,5200,2.0,19.0,22.0,103,103,1%,3,3,3,17,17,17,10.0,10.0,10.0,10.0,11.7,3.5,0.7,22.8,4.38,20.2,18.0,3.9,21.5,4.14,17.0,3.0,12.3,26.366666666666664,22.764705882352942
44,0,Allonzo Trier,0.0,NY,BKN,8.0,229.0,110.5,2,-0.5,11.7,32.0,PG/SG,3400,1.0,21.0,12.0,103,107,-4%,3,3,3,7,7,7,-0.5,-0.5,-0.5,-0.5,23.4,32.3,9.5,15.0,4.41,0.0,0.0,0.0,7.5,2.205,7.0,3.0,1.1,14.4,0.0
44,1,Troy Daniels,0.0,LAL,UTA,-3.5,216.0,109.8,6,2.0,10.4,20.5,SG,3000,2.0,17.0,10.0,103,103,-13%,6,6,6,16,16,16,7.5,7.5,7.5,7.5,21.4,22.3,7.4,13.3,4.42,10.2,15.5,3.4,11.75,3.91,16.0,6.0,8.35,10.966666666666667,11.3828125
44,2,Ed Davis,0.0,UTA,LAL,3.5,216.0,106.3,8,3.3,15.6,36.5,PF/C,3300,1.0,13.0,17.0,106,107,-3%,3,3,3,10,10,10,13.0,13.0,13.0,13.0,10.1,8.5,2.6,14.8,4.47,14.5,14.5,4.4,14.65,4.4350000000000005,10.0,3.0,13.330000000000002,18.466666666666665,21.2425
44,3,Jake Layman,0.0,MIN,CHA,-5.5,226.0,115.8,11,0.0,5.0,17.0,SF/PF,3400,1.0,16.0,14.0,101,110,-1%,7,7,7,23,23,23,17.0,17.0,17.0,17.0,25.2,15.8,4.6,14.0,4.12,17.7,22.5,5.2,15.85,4.66,23.0,7.0,16.77,7.333333333333333,15.505434782608695
44,4,Grayson Allen,0.0,MEM,CHI,2.0,225.0,111.5,4,0.0,16.3,59.8,PG/SG,3200,1.0,0.0,0.0,101,111,5%,6,6,6,21,21,21,8.8,8.8,8.8,8.8,18.4,12.3,3.8,7.0,2.19,15.3,19.5,4.8,11.15,3.495,21.0,6.0,9.27,25.366666666666664,10.353571428571428
44,5,Jared Dudley,0.0,LAL,UTA,-3.5,216.0,109.8,12,0.3,9.0,20.0,SF/PF,3100,2.0,11.0,8.0,103,103,-3%,2,2,2,13,13,13,7.0,7.0,7.0,7.0,5.3,1.3,0.4,13.5,4.35,7.3,13.0,2.4,10.4,3.375,13.0,2.0,7.68,9.766666666666667,10.4
44,6,Dwight Howard,0.0,LAL,UTA,-3.5,216.0,109.8,13,4.3,24.2,52.3,C,4200,2.0,0.0,0.0,103,103,1%,3,3,3,19,19,19,14.0,14.0,14.0,14.0,19.2,20.8,5.0,20.0,4.76,18.5,18.0,4.4,19.25,4.58,19.0,3.0,15.05,26.933333333333334,18.236842105263158
44,7,Kris Dunn,0.0,CHI,MEM,-2.0,225.0,113.5,16,17.3,29.1,59.0,PG/SG,3400,1.0,21.0,12.0,99,106,-4%,7,7,7,24,24,24,24.5,24.5,24.5,24.5,26.1,24.0,7.1,16.8,4.93,19.9,21.5,5.9,18.35,5.415,24.0,7.0,23.27,35.13333333333333,16.43854166666667
45,0,Caris LeVert,0.0,BKN,NY,-8.0,229.0,118.5,21,20.0,34.2,44.3,PG/SF,6500,1.0,25.0,15.0,102,111,8%,19,19,19,37,37,37,36.3,36.3,36.3,36.3,24.2,22.0,3.4,32.0,4.92,34.7,31.5,5.3,33.35,5.109999999999999,37.0,19.0,35.709999999999994,32.833333333333336,28.392567567567568
45,1,Malik Beasley,0.0,DEN,PHO,-12.0,220.0,116.0,23,0.0,7.7,14.3,PG/SG,3200,1.0,19.0,14.0,103,112,7%,6,6,6,13,13,13,10.8,10.8,10.8,10.8,28.7,26.0,8.1,9.3,2.89,12.1,14.5,3.8,10.7,3.3449999999999998,13.0,6.0,10.780000000000001,7.333333333333333,11.934615384615384
45,2,Jae Crowder,0.0,MEM,CHI,2.0,225.0,111.5,8,17.8,25.3,34.5,SF/PF,4800,1.0,19.0,12.0,101,111,1%,11,11,11,30,30,30,24.8,24.8,24.8,24.8,30.9,29.8,6.2,23.5,4.9,24.1,29.0,5.0,23.8,4.95,30.0,11.0,24.6,25.866666666666664,23.006666666666668
45,3,Dario Saric,0.0,PHO,DEN,12.0,220.0,104.0,4,16.5,27.0,35.8,SF/PF,4700,1.0,18.0,13.0,100,107,0%,7,7,7,21,21,21,16.5,16.5,16.5,16.5,31.4,18.5,3.9,19.0,4.04,22.5,26.5,4.8,20.75,4.42,21.0,7.0,17.35,26.433333333333334,26.18452380952381
45,4,Mike Conley,0.0,UTA,LAL,3.5,216.0,106.3,11,13.5,38.0,55.8,PG,6800,1.0,28.0,21.0,106,107,1%,16,16,16,27,27,27,13.5,13.5,13.5,13.5,31.3,21.0,3.1,33.5,4.93,33.5,31.0,4.9,33.5,4.915,27.0,16.0,17.5,35.766666666666666,38.46296296296296
45,5,Rodney Hood,0.0,POR,SAC,-1.5,227.5,114.5,3,5.0,16.9,24.8,SG/SF,3800,1.0,19.0,12.0,106,109,5%,10,10,10,31,31,31,20.8,20.8,20.8,20.8,30.4,19.5,5.1,18.0,4.74,21.1,30.5,5.6,19.55,5.17,31.0,10.0,20.55,15.566666666666668,19.23467741935484
45,6,Kristaps Porzingis,0.0,DAL,NO,2.0,227.0,112.5,28,19.0,33.0,50.0,PF/C,7600,1.0,0.0,0.0,106,110,6%,16,16,16,29,29,29,34.5,34.5,34.5,34.5,29.1,43.5,5.7,36.3,4.77,39.1,31.5,5.1,37.7,4.935,29.0,16.0,35.14,34.0,40.95
45,7,Andrew Wiggins,0.0,MIN,CHA,-5.5,226.0,115.8,16,23.5,32.3,40.8,SG/SF,6000,1.0,24.0,12.0,101,110,-1%,27,27,27,36,36,36,30.5,30.5,30.5,30.5,32.7,27.5,4.6,30.5,5.08,32.0,32.5,5.3,31.25,5.1899999999999995,36.0,27.0,30.65,32.199999999999996,28.211805555555557
46,0,Devin Booker,0.0,PHO,DEN,12.0,220.0,104.0,25,9.5,48.2,73.0,PG/SG,8400,1.0,33.0,20.0,100,107,-6%,17,17,17,32,32,32,42.5,42.5,42.5,42.5,41.4,35.8,4.3,41.5,4.94,41.2,35.0,4.9,41.35,4.92,32.0,17.0,42.269999999999996,43.56666666666666,45.2265625
46,1,Dennis Schroder,0.0,OKC,WAS,-8.5,218.0,113.3,22,10.8,23.0,36.8,PG/SG,4800,1.0,25.0,13.0,104,111,5%,8,8,8,31,31,31,16.0,16.0,16.0,16.0,25.1,21.5,4.5,28.0,5.83,26.1,27.5,5.4,27.05,5.615,31.0,8.0,18.21,23.53333333333333,23.995967741935484
46,2,Maxi Kleber,0.0,DAL,NO,2.0,227.0,112.5,28,13.8,18.0,26.3,PF/C,3700,1.0,13.0,13.0,106,110,6%,1,1,1,24,24,24,16.0,16.0,16.0,16.0,33.4,24.0,6.5,17.8,4.8,20.0,24.0,5.4,18.9,5.1,24.0,1.0,16.580000000000002,19.366666666666667,18.9
46,3,Caris LeVert,0.0,BKN,NY,-8.0,229.0,118.5,21,20.0,34.2,44.3,PG/SF,6500,1.0,25.0,15.0,102,111,8%,19,19,19,37,37,37,36.3,36.3,36.3,36.3,24.2,22.0,3.4,32.0,4.92,34.7,31.5,5.3,33.35,5.109999999999999,37.0,19.0,35.709999999999994,32.833333333333336,28.392567567567568
46,4,Monte Morris,0.0,DEN,PHO,-12.0,220.0,116.0,23,0.0,7.0,11.3,PG,3300,1.0,19.0,16.0,103,112,5%,6,6,6,14,14,14,11.3,11.3,11.3,11.3,12.4,3.0,0.9,14.0,4.24,14.2,15.5,4.3,14.1,4.27,14.0,6.0,11.860000000000001,6.1000000000000005,15.610714285714286
46,5,Frank Kaminsky,0.0,PHO,DEN,12.0,220.0,104.0,5,10.3,26.9,43.3,PF/C,3300,1.0,22.0,17.0,100,107,0%,7,7,7,19,19,19,17.0,17.0,17.0,17.0,32.6,34.8,10.5,21.8,6.59,20.3,22.0,6.2,21.05,6.395,19.0,7.0,17.81,26.833333333333332,24.373684210526317
46,6,Thomas Bryant,0.0,WAS,OKC,8.5,218.0,104.8,3,24.5,33.3,47.5,PF/C,6600,1.0,17.0,21.0,105,105,-3%,9,9,9,31,31,31,32.3,32.3,32.3,32.3,31.4,49.8,7.5,36.8,5.57,35.3,32.0,5.3,36.05,5.4350000000000005,31.0,9.0,33.05,35.1,37.21290322580645
46,7,Torrey Craig,0.0,DEN,PHO,-12.0,220.0,116.0,9,4.8,18.5,25.0,SG/SF,3200,1.0,13.0,10.0,103,112,7%,6,6,6,16,16,16,25.0,25.0,25.0,25.0,23.0,13.8,4.3,14.5,4.53,11.4,15.5,3.6,12.95,4.065,16.0,6.0,22.59,16.099999999999998,12.5453125
47,0,Devin Booker,0.0,PHO,DEN,12.0,220.0,104.0,25,9.5,48.2,73.0,PG/SG,8400,1.0,33.0,20.0,100,107,-6%,17,17,17,32,32,32,42.5,42.5,42.5,42.5,41.4,35.8,4.3,41.5,4.94,41.2,35.0,4.9,41.35,4.92,32.0,17.0,42.269999999999996,43.56666666666666,45.2265625
47,1,Wayne Ellington,0.0,NY,BKN,8.0,229.0,110.5,27,7.3,14.6,24.8,SG/SF,3200,1.0,18.0,12.0,103,107,-6%,4,4,4,13,13,13,7.3,7.3,7.3,7.3,11.2,12.0,3.8,10.8,3.36,9.3,13.5,2.9,10.05,3.13,13.0,4.0,7.85,15.566666666666668,10.436538461538461
47,2,Marvin Williams,0.0,CHA,MIN,5.5,226.0,110.3,19,11.5,18.7,29.8,SF/PF,3400,1.0,15.0,13.0,103,110,1%,9,9,9,17,17,17,23.5,23.5,23.5,23.5,12.3,0.3,0.1,16.0,4.71,18.0,21.5,5.3,17.0,5.005,17.0,9.0,22.2,20.0,21.5
47,3,Jae Crowder,0.0,MEM,CHI,2.0,225.0,111.5,8,17.8,25.3,34.5,SF/PF,4800,1.0,19.0,12.0,101,111,1%,11,11,11,30,30,30,24.8,24.8,24.8,24.8,30.9,29.8,6.2,23.5,4.9,24.1,29.0,5.0,23.8,4.95,30.0,11.0,24.6,25.866666666666664,23.006666666666668
47,4,Alex Caruso,0.0,LAL,UTA,-3.5,216.0,109.8,28,25.3,38.7,60.5,PG/SG,3100,2.0,20.0,14.0,103,103,-13%,0,0,0,0,0,0,0.0,0.0,0.0,0.0,20.4,3.0,1.0,7.8,2.5,0.0,0.0,0.0,3.9,1.25,0.0,0.0,0.78,41.5,0.0
47,5,Bogdan Bogdanovic,0.0,SAC,POR,1.5,227.5,113.0,21,7.0,21.6,34.5,SG/SF,4600,1.0,23.0,14.0,102,108,-8%,10,10,10,22,22,22,7.0,7.0,7.0,7.0,28.7,28.8,6.3,22.0,4.78,25.2,26.5,5.5,23.6,5.140000000000001,22.0,10.0,10.32,21.033333333333335,28.42727272727273
47,6,Paul Millsap,0.0,DEN,PHO,-12.0,220.0,116.0,27,26.3,35.3,43.5,PF/C,5300,1.0,20.0,18.0,103,112,1%,8,8,8,32,32,32,30.8,30.8,30.8,30.8,21.6,17.5,3.3,30.5,5.75,29.1,28.0,5.5,29.8,5.625,32.0,8.0,30.6,35.03333333333333,26.075
47,7,Coby White,0.0,CHI,MEM,-2.0,225.0,113.5,16,31.3,31.3,31.3,PG/SG,4500,1.0,0.0,0.0,99,106,-4%,13,13,13,27,27,27,31.3,31.3,31.3,31.3,30.3,37.5,8.3,23.3,5.17,23.5,26.0,5.2,23.4,5.1850000000000005,27.0,13.0,29.72,31.3,22.53333333333333
48,0,Tyler Johnson,0.0,PHO,DEN,12.0,220.0,104.0,25,21.5,26.5,35.3,PG/SG,3600,1.0,20.0,12.0,100,107,-6%,8,8,8,17,17,17,21.5,21.5,21.5,21.5,25.4,10.3,2.9,17.8,4.93,11.1,15.0,3.1,14.45,4.015,17.0,8.0,20.09,27.766666666666666,12.75
48,1,Nickeil Alexander-Walker,0.0,NO,DAL,-2.0,227.0,114.5,27,15.0,15.0,15.0,PG/SG,3400,2.0,0.0,0.0,101,108,4%,10,10,10,12,12,12,15.0,15.0,15.0,15.0,14.8,16.8,4.9,16.0,4.71,12.2,12.5,3.6,14.1,4.155,12.0,10.0,14.819999999999999,15.0,14.6875
48,2,Julius Randle,0.0,NY,BKN,8.0,229.0,110.5,1,28.3,49.7,59.3,PF/C,8100,1.0,28.0,21.0,103,107,1%,18,18,18,35,35,35,55.3,55.3,55.3,55.3,38.6,32.3,4.0,43.5,5.37,43.0,33.5,5.3,43.25,5.335,35.0,18.0,52.89,45.76666666666667,41.39642857142857
48,3,Thaddeus Young,0.0,CHI,MEM,-2.0,225.0,113.5,5,24.8,30.6,35.5,SF/PF,4400,1.0,18.0,16.0,99,106,-4%,11,11,11,25,25,25,26.8,26.8,26.8,26.8,21.1,14.3,3.3,23.5,5.34,23.5,25.5,5.3,23.5,5.32,25.0,11.0,26.139999999999997,30.3,23.97
48,4,Jevon Carter,0.0,PHO,DEN,12.0,220.0,104.0,25,13.8,23.0,45.5,PG/SG,3300,1.0,18.0,8.0,100,107,-8%,7,7,7,18,18,18,19.8,19.8,19.8,19.8,17.5,10.5,3.2,16.3,4.92,10.5,14.5,3.2,13.4,4.0600000000000005,18.0,7.0,18.520000000000003,27.433333333333334,10.794444444444444
48,5,David Nwaba,0.0,BKN,NY,-8.0,229.0,118.5,18,5.8,12.2,25.8,SG/SF,3100,1.0,15.0,13.0,102,111,8%,0,0,0,13,13,13,6.3,6.3,6.3,6.3,14.1,9.5,3.1,13.8,4.44,10.2,12.5,3.3,12.0,3.87,13.0,0.0,7.44,14.6,11.538461538461538
48,6,Jaren Jackson Jr.,0.0,MEM,CHI,2.0,225.0,111.5,19,16.3,24.5,37.8,PF/C,6600,1.0,22.0,16.0,101,111,1%,12,12,12,30,30,30,25.3,25.3,25.3,25.3,32.0,43.8,6.6,30.8,4.66,32.3,31.0,4.9,31.549999999999997,4.78,30.0,12.0,26.55,26.2,32.60166666666666
48,7,Dwight Howard,0.0,LAL,UTA,-3.5,216.0,109.8,13,4.3,24.2,52.3,C,4200,2.0,0.0,0.0,103,103,1%,3,3,3,19,19,19,14.0,14.0,14.0,14.0,19.2,20.8,5.0,20.0,4.76,18.5,18.0,4.4,19.25,4.58,19.0,3.0,15.05,26.933333333333334,18.236842105263158
49,0,Tomas Satoransky,0.0,CHI,MEM,-2.0,225.0,113.5,16,8.5,19.2,32.0,PG/SF,4700,1.0,16.0,14.0,99,106,-4%,5,5,5,24,24,24,8.5,8.5,8.5,8.5,21.9,25.3,5.4,22.0,4.68,22.0,27.0,4.7,22.0,4.6899999999999995,24.0,5.0,11.2,19.900000000000002,24.75
49,1,Dennis Schroder,0.0,OKC,WAS,-8.5,218.0,113.3,22,10.8,23.0,36.8,PG/SG,4800,1.0,25.0,13.0,104,111,5%,8,8,8,31,31,31,16.0,16.0,16.0,16.0,25.1,21.5,4.5,28.0,5.83,26.1,27.5,5.4,27.05,5.615,31.0,8.0,18.21,23.53333333333333,23.995967741935484
49,2,Richaun Holmes,0.0,SAC,POR,1.5,227.5,113.0,30,8.3,20.5,35.3,PF/C,3400,1.0,17.0,21.0,102,108,-1%,2,2,2,17,17,17,8.8,8.8,8.8,8.8,17.2,21.0,6.2,23.0,6.76,23.5,21.5,6.9,23.25,6.83,17.0,2.0,11.690000000000001,21.366666666666664,29.404411764705884
49,3,Tim Hardaway Jr.,0.0,DAL,NO,2.0,227.0,112.5,17,6.8,23.4,34.5,SG/SF,3500,1.0,23.0,14.0,106,110,5%,7,7,7,21,21,21,6.8,6.8,6.8,6.8,21.6,13.3,3.8,18.5,5.29,18.2,21.0,5.2,18.35,5.245,21.0,7.0,9.11,21.566666666666666,18.35
49,4,Ricky Rubio,0.0,PHO,DEN,12.0,220.0,104.0,25,25.5,39.3,43.0,PG,5600,1.0,24.0,14.0,100,107,-8%,12,12,12,30,30,30,42.5,42.5,42.5,42.5,35.5,34.0,6.1,31.0,5.54,30.1,31.0,5.4,30.55,5.470000000000001,30.0,12.0,40.11,35.93333333333333,31.56833333333333
49,5,Treveon Graham,0.0,MIN,CHA,-5.5,226.0,115.8,11,3.8,9.1,24.5,SF/PF,3300,1.0,13.0,6.0,101,110,-1%,13,13,13,35,35,35,24.5,24.5,24.5,24.5,23.0,15.0,4.5,14.0,4.24,16.6,26.0,5.0,15.3,4.62,35.0,13.0,22.66,12.466666666666667,11.365714285714287
49,6,Kristaps Porzingis,0.0,DAL,NO,2.0,227.0,112.5,28,19.0,33.0,50.0,PF/C,7600,1.0,0.0,0.0,106,110,6%,16,16,16,29,29,29,34.5,34.5,34.5,34.5,29.1,43.5,5.7,36.3,4.77,39.1,31.5,5.1,37.7,4.935,29.0,16.0,35.14,34.0,40.95
49,7,Davis Bertans,0.0,WAS,OKC,8.5,218.0,104.8,22,0.0,7.9,14.5,SF/PF,3300,1.0,14.0,13.0,105,105,1%,8,8,8,29,29,29,14.5,14.5,14.5,14.5,27.5,22.3,6.8,21.5,6.52,20.1,25.0,6.1,20.8,6.31,29.0,8.0,15.76,7.466666666666666,17.93103448275862
