Lineup Num,,Player Name,injury_status,team,opp,spread,over_under,implied_team_score,L5_dvp_rank,L5_ppg_floor,L5_ppg_avg,L5_ppg_max,Pos,Salary,Rest,USG,PER,Opp Pace,Opp DEff,Opp DvP,L2 FGA,L5 FGA,S FGA,L2 Min,L5 Min,S Min,L5 FP,S FP,Floor FP,Ceil FP,Actual Min,Actual FP,Actual Val,FantasyFuelPPGProj,FantasyFuelValueProj,DFN_PPGProj,DFN_MinProj,DFN_ValueProj,Avg Proj,Avg Value Proj,Avg Skewed Min,Avg Skewed FGA,Avg Skewed FP,Avg L5 PPG,Proj Min Enhanced
0,0,Cory Joseph,0.0,SAC,GS,-4.5,209.5,107.0,30,10.5,17.4,34.3,PG/SG,3900,1,15.0,9.0,103,110,6%,7,8,7,27,32,26,17.4,17.3,8.9,25.7,31.4,18.5,4.7,23.0,5.9,19.8,29.0,5.1,21.4,5.5,28.333333333333332,7.333333333333333,18.140000000000004,20.73333333333333,21.903529411764705
0,1,Spencer Dinwiddie,0.0,BKN,PHI,3.5,218.0,107.3,9,38.5,40.4,43.0,PG/SG,8200,0,31.0,19.0,102,102,-8%,17,17,16,33,34,31,40.4,37.2,26.0,48.4,29.7,34.5,4.2,36.8,4.48,41.1,33.5,5.0,38.95,4.74,32.666666666666664,16.666666666666668,38.19,40.63333333333333,39.943622448979596
0,2,Vince Carter,0.0,ATL,LAL,11.5,228.0,108.3,25,4.0,13.0,24.3,SF/PF,3000,1,17.0,7.0,103,101,2%,4,6,6,13,17,16,13.0,10.8,3.5,18.2,21.0,13.8,4.6,13.5,4.5,11.9,15.0,4.0,12.7,4.25,15.333333333333334,5.333333333333333,11.64,13.766666666666666,12.42391304347826
0,3,Marcus Morris Sr.,0.0,NY,DEN,10.0,207.5,98.8,22,12.8,30.3,62.5,SF/PF,6400,1,0.0,0.0,100,101,-6%,15,14,15,33,30,33,30.3,32.4,19.6,45.3,34.8,30.3,4.7,30.5,4.77,26.6,30.5,4.2,28.55,4.484999999999999,32.0,14.666666666666666,31.23,35.199999999999996,27.21171875
0,4,Cam Reddish,0.0,ATL,LAL,11.5,228.0,108.3,4,10.8,24.2,42.5,PG/SG,3800,1,19.0,6.0,103,101,-7%,9,11,9,30,30,26,24.4,18.4,10.1,26.6,29.3,19.3,5.1,17.8,4.67,20.9,28.0,5.5,19.35,5.085,28.666666666666668,9.666666666666666,19.77,25.833333333333332,18.900000000000002
0,5,Danny Green,0.0,LAL,ATL,-11.5,228.0,119.8,29,14.8,19.7,29.5,SG/SF,4300,1,14.0,11.0,105,112,9%,9,6,7,28,25,26,19.6,18.8,10.3,27.3,20.9,21.5,5.0,20.5,4.77,21.0,26.0,4.9,20.75,4.835,26.333333333333332,7.333333333333333,19.35,21.333333333333332,20.487341772151897
0,6,Nikola Jokic,0.0,DEN,NY,-10.0,207.5,108.8,4,43.3,52.1,68.5,C,8900,0,26.0,21.0,100,111,-2%,14,17,14,33,33,31,52.4,42.8,30.4,55.2,35.8,50.5,5.7,47.8,5.37,47.3,32.5,5.3,47.55,5.335,32.333333333333336,15.0,45.669999999999995,54.63333333333333,47.7951030927835
0,7,Julius Randle,0.0,NY,DEN,10.0,207.5,98.8,1,16.5,35.5,48.8,PF/C,7500,1,27.0,16.0,100,101,-6%,17,15,14,34,31,32,37.6,35.3,26.8,43.8,36.3,36.3,4.8,34.0,4.53,33.2,31.5,4.4,33.6,4.465,32.333333333333336,15.333333333333334,35.42,33.6,32.7340206185567
1,0,Elfrid Payton,0.0,NY,DEN,10.0,207.5,98.8,8,7.5,21.4,31.3,PG,4400,1,22.0,16.0,100,101,-10%,14,9,8,28,20,22,21.4,21.7,10.9,32.4,25.4,38.8,8.8,23.8,5.4,24.6,26.5,5.6,24.200000000000003,5.5,23.333333333333332,10.333333333333334,22.12,20.066666666666666,27.48428571428572
1,1,Alec Burks,0.0,GS,SAC,4.5,209.5,102.5,20,25.5,32.7,41.3,PG/SG,6100,1,22.0,16.0,100,108,3%,15,11,12,31,31,30,32.6,28.8,17.8,39.8,22.1,20.0,3.3,27.3,4.47,27.9,29.5,4.6,27.6,4.535,30.666666666666668,12.666666666666666,29.32,33.166666666666664,26.55
1,2,Marcus Morris Sr.,0.0,NY,DEN,10.0,207.5,98.8,22,12.8,30.3,62.5,SF/PF,6400,1,0.0,0.0,100,101,-6%,15,14,15,33,30,33,30.3,32.4,19.6,45.3,34.8,30.3,4.7,30.5,4.77,26.6,30.5,4.2,28.55,4.484999999999999,32.0,14.666666666666666,31.23,35.199999999999996,27.21171875
1,3,Rodions Kurucs,0.0,BKN,PHI,3.5,218.0,107.3,15,3.5,6.5,15.3,SF/PF,3000,0,0.0,0.0,102,102,-11%,3,2,2,10,8,11,6.5,6.6,1.3,11.9,4.3,8.8,2.9,5.3,1.75,8.8,11.5,2.9,7.050000000000001,2.325,9.666666666666666,2.3333333333333335,6.67,8.433333333333334,8.387068965517242
1,4,Buddy Hield,0.0,SAC,GS,-4.5,209.5,107.0,2,34.3,43.3,56.5,SG/SF,8400,1,28.0,17.0,103,110,9%,24,22,19,37,36,35,43.5,37.2,26.8,47.5,33.3,33.5,4.0,39.3,4.67,39.6,35.0,4.7,39.45,4.6850000000000005,36.0,21.666666666666668,38.89,44.699999999999996,38.35416666666667
1,5,Jared Dudley,0.0,LAL,ATL,-11.5,228.0,119.8,14,0.0,7.4,14.5,SF/PF,3100,1,0.0,0.0,105,112,21%,5,2,1,19,10,8,7.3,5.1,-0.4,10.6,16.8,2.0,0.6,6.3,2.02,10.5,16.5,3.4,8.4,2.71,12.333333333333334,2.6666666666666665,6.2,7.3,11.237837837837839
1,6,Damian Jones,0.0,ATL,LAL,11.5,228.0,108.3,21,5.5,18.8,33.0,C,3900,1,13.0,17.0,103,101,-16%,5,4,5,16,19,19,18.8,16.6,9.0,24.2,21.1,15.8,4.1,14.0,3.59,15.6,18.5,4.0,14.8,3.795,18.0,4.666666666666667,16.68,19.099999999999998,15.211111111111112
1,7,Allen Crabbe,0.0,ATL,LAL,11.5,228.0,108.3,13,11.0,14.5,20.0,SG/SF,3000,1,13.0,9.0,103,101,2%,6,6,6,23,23,21,14.2,13.2,9.3,17.1,18.2,9.0,3.0,14.3,4.75,16.2,23.0,5.4,15.25,5.075,22.333333333333332,6.0,13.809999999999999,15.166666666666666,15.705223880597016
2,0,Cam Reddish,0.0,ATL,LAL,11.5,228.0,108.3,4,10.8,24.2,42.5,PG/SG,3800,1,19.0,6.0,103,101,-7%,9,11,9,30,30,26,24.4,18.4,10.1,26.6,29.3,19.3,5.1,17.8,4.67,20.9,28.0,5.5,19.35,5.085,28.666666666666668,9.666666666666666,19.77,25.833333333333332,18.900000000000002
2,1,Joe Harris,0.0,BKN,PHI,3.5,218.0,107.3,4,19.0,24.8,35.8,SG/SF,4900,0,17.0,14.0,102,102,-3%,13,12,12,30,30,32,24.6,25.7,17.1,34.3,24.8,20.5,4.2,25.0,5.1,25.4,31.0,5.2,25.2,5.15,30.666666666666668,12.333333333333334,25.38,26.53333333333333,25.47391304347826
2,2,Marvin Bagley III,0.0,SAC,GS,-4.5,209.5,107.0,18,20.0,29.5,40.5,PF/C,5700,1,0.0,0.0,103,110,0%,12,13,13,22,24,24,24.4,24.4,18.2,30.6,22.1,27.0,4.7,29.0,5.09,27.6,24.0,4.8,28.3,4.945,23.333333333333332,12.666666666666666,25.18,30.0,29.10857142857143
2,3,Dzanan Musa,0.0,BKN,PHI,3.5,218.0,107.3,15,0.0,7.5,12.0,SF/PF,3500,0,18.0,6.0,102,102,-10%,2,4,5,9,11,15,7.5,10.1,3.1,17.1,4.6,2.0,0.6,14.8,4.21,0.0,0.0,0.0,7.4,2.105,11.666666666666666,3.6666666666666665,9.040000000000001,6.5,0.0
2,4,David Nwaba,0.0,BKN,PHI,3.5,218.0,107.3,4,8.3,16.0,23.5,SG/SF,3000,0,13.0,13.0,102,102,-10%,7,7,3,18,17,13,16.0,10.4,3.7,17.0,14.4,9.5,3.2,11.3,3.75,12.9,17.5,4.3,12.100000000000001,4.025,16.0,5.666666666666667,11.84,15.933333333333332,13.234375000000002
2,5,Ben Simmons,0.0,PHI,BKN,-3.5,218.0,110.8,27,25.5,41.2,55.3,PG/SF,9300,1,22.0,18.0,105,107,13%,11,10,11,37,35,36,41.6,41.2,32.7,49.6,28.8,36.3,3.9,45.3,4.87,47.1,36.0,5.1,46.2,4.984999999999999,36.0,10.666666666666666,42.260000000000005,40.666666666666664,46.2
2,6,Henry Ellenson,0.0,BKN,PHI,3.5,218.0,107.3,12,0.0,10.8,22.0,PF/C,3000,0,0.0,0.0,102,102,-11%,1,1,1,3,3,3,1.3,1.3,-0.5,3.0,4.3,4.5,1.5,7.5,2.5,0.0,0.0,0.0,3.75,1.25,3.0,1.0,1.77,10.933333333333332,0.0
2,7,Mason Plumlee,0.0,DEN,NY,-10.0,207.5,108.8,28,10.5,13.9,16.8,PF/C,3700,0,20.0,18.0,100,111,-2%,4,4,5,16,16,17,13.9,19.1,11.3,26.8,33.5,37.0,10.0,18.3,4.93,16.5,15.0,4.5,17.4,4.715,16.333333333333332,4.333333333333333,17.7,13.733333333333334,15.979591836734691
3,0,Cory Joseph,0.0,SAC,GS,-4.5,209.5,107.0,30,10.5,17.4,34.3,PG/SG,3900,1,15.0,9.0,103,110,6%,7,8,7,27,32,26,17.4,17.3,8.9,25.7,31.4,18.5,4.7,23.0,5.9,19.8,29.0,5.1,21.4,5.5,28.333333333333332,7.333333333333333,18.140000000000004,20.73333333333333,21.903529411764705
3,1,D'Angelo Russell,0.0,GS,SAC,4.5,209.5,102.5,20,22.3,32.9,50.8,PG/SG,7900,1,33.0,19.0,100,108,-5%,24,18,19,33,31,31,32.9,38.4,21.3,55.5,27.2,18.5,2.3,39.5,5.0,39.0,32.0,4.9,39.25,4.95,31.666666666666668,20.333333333333332,37.47,35.333333333333336,39.66315789473684
3,2,Trevor Ariza,0.0,SAC,GS,-4.5,209.5,107.0,28,6.3,19.6,31.8,SF/PF,3500,1,12.0,8.0,103,110,5%,4,6,5,27,27,24,19.6,14.7,6.2,23.3,26.4,18.8,5.4,18.3,5.21,15.6,23.5,4.5,16.95,4.855,26.0,5.0,16.15,19.233333333333334,15.320192307692308
3,3,Rodions Kurucs,0.0,BKN,PHI,3.5,218.0,107.3,15,3.5,6.5,15.3,SF/PF,3000,0,0.0,0.0,102,102,-11%,3,2,2,10,8,11,6.5,6.6,1.3,11.9,4.3,8.8,2.9,5.3,1.75,8.8,11.5,2.9,7.050000000000001,2.325,9.666666666666666,2.3333333333333335,6.67,8.433333333333334,8.387068965517242
3,4,Danny Green,0.0,LAL,ATL,-11.5,228.0,119.8,29,14.8,19.7,29.5,SG/SF,4300,1,14.0,11.0,105,112,9%,9,6,7,28,25,26,19.6,18.8,10.3,27.3,20.9,21.5,5.0,20.5,4.77,21.0,26.0,4.9,20.75,4.835,26.333333333333332,7.333333333333333,19.35,21.333333333333332,20.487341772151897
3,5,Tobias Harris,0.0,PHI,BKN,-3.5,218.0,110.8,1,24.0,39.4,50.0,SF/PF,7700,1,24.0,18.0,105,107,-15%,20,21,16,35,37,35,44.5,37.3,29.2,45.4,32.6,31.0,4.0,39.5,5.13,40.4,35.5,5.2,39.95,5.165,35.666666666666664,19.0,39.269999999999996,37.800000000000004,39.763317757009354
3,6,Jerami Grant,0.0,DEN,NY,-10.0,207.5,108.8,28,11.5,21.3,32.8,PF/C,4700,0,18.0,13.0,100,111,-2%,10,8,8,32,25,23,21.3,18.2,10.7,25.6,26.7,17.5,3.7,23.5,5.0,27.0,31.5,5.7,25.25,5.35,26.666666666666668,8.666666666666666,20.21,21.866666666666664,29.826562499999998
3,7,Furkan Korkmaz,0.0,PHI,BKN,-3.5,218.0,110.8,1,2.8,11.1,16.5,SG/SF,3100,1,15.0,9.0,105,107,-2%,4,4,7,12,17,22,11.1,14.3,6.8,21.8,14.6,12.8,4.1,14.0,4.52,9.7,14.0,3.1,11.85,3.8099999999999996,17.0,5.0,13.169999999999998,10.133333333333333,9.758823529411764
4,0,Will Barton,0.0,DEN,NY,-10.0,207.5,108.8,23,13.3,31.5,53.3,PG/SF,7100,0,20.0,17.0,100,111,-4%,13,12,13,32,32,33,31.5,32.9,23.1,42.7,34.8,39.3,5.5,31.8,4.47,32.9,33.5,4.6,32.35,4.535,32.333333333333336,12.666666666666666,32.510000000000005,32.699999999999996,33.51726804123712
4,1,Spencer Dinwiddie,0.0,BKN,PHI,3.5,218.0,107.3,9,38.5,40.4,43.0,PG/SG,8200,0,31.0,19.0,102,102,-8%,17,17,16,33,34,31,40.4,37.2,26.0,48.4,29.7,34.5,4.2,36.8,4.48,41.1,33.5,5.0,38.95,4.74,32.666666666666664,16.666666666666668,38.19,40.63333333333333,39.943622448979596
4,2,Wilson Chandler,0.0,BKN,PHI,3.5,218.0,107.3,15,3.3,6.4,9.0,SF/PF,3000,0,0.0,0.0,102,102,-3%,0,0,0,0,0,0,0.0,0.0,0.0,0.0,18.7,17.8,5.9,7.0,2.33,11.7,16.0,3.9,9.35,3.115,0.0,0.0,1.8699999999999999,6.233333333333333,0.0
4,3,Kentavious Caldwell-Pope,0.0,LAL,ATL,-11.5,228.0,119.8,29,15.0,19.7,24.3,SG/SF,3700,1,15.0,11.0,105,112,9%,10,7,7,31,28,26,19.7,17.0,10.8,23.3,26.9,19.3,5.2,21.8,5.88,21.2,28.0,5.7,21.5,5.79,28.333333333333332,8.0,18.46,19.666666666666668,21.247058823529414
4,4,Raul Neto,0.0,PHI,BKN,-3.5,218.0,110.8,27,2.3,9.0,22.0,PG,3000,1,16.0,11.0,105,107,13%,2,3,3,11,13,12,9.0,8.6,1.0,16.3,21.4,19.3,6.4,10.0,3.33,8.4,10.0,2.8,9.2,3.065,12.0,2.6666666666666665,8.820000000000002,11.1,7.666666666666666
4,5,Bobby Portis,0.0,NY,DEN,10.0,207.5,98.8,1,14.5,19.9,28.5,PF/C,3500,1,20.0,13.0,100,101,-6%,9,8,9,21,21,22,19.9,20.7,11.2,30.2,14.3,14.5,4.1,19.3,5.5,17.7,19.5,5.1,18.5,5.3,21.333333333333332,8.666666666666666,20.1,20.966666666666665,16.91015625
4,6,Kevon Looney,0.0,GS,SAC,4.5,209.5,102.5,15,3.3,7.1,12.3,PF/C,3000,1,0.0,0.0,100,108,4%,3,3,3,12,11,11,7.1,8.5,4.2,12.7,11.3,4.8,1.6,10.5,3.5,12.0,14.5,4.0,11.25,3.75,11.333333333333334,3.0,8.75,7.566666666666666,14.393382352941176
4,7,Kyle O'Quinn,0.0,PHI,BKN,-3.5,218.0,110.8,24,3.3,13.2,36.3,PF/C,3200,1,0.0,0.0,105,107,4%,2,3,3,9,12,10,13.2,12.0,2.5,21.4,4.9,3.0,0.9,18.0,5.63,13.5,11.0,4.2,15.75,4.915,10.333333333333334,2.6666666666666665,12.969999999999999,17.599999999999998,16.766129032258064
6,0,Cam Reddish,0.0,ATL,LAL,11.5,228.0,108.3,4,10.8,24.2,42.5,PG/SG,3800,1,19.0,6.0,103,101,-7%,9,11,9,30,30,26,24.4,18.4,10.1,26.6,29.3,19.3,5.1,17.8,4.67,20.9,28.0,5.5,19.35,5.085,28.666666666666668,9.666666666666666,19.77,25.833333333333332,18.900000000000002
6,1,Bogdan Bogdanovic,0.0,SAC,GS,-4.5,209.5,107.0,2,16.0,18.6,22.3,SG/SF,4400,1,25.0,15.0,103,110,9%,11,11,12,29,28,28,18.6,26.6,15.0,38.3,29.5,39.8,9.0,28.5,6.48,26.0,27.5,5.9,27.25,6.19,28.333333333333332,11.333333333333334,25.15,18.96666666666667,26.448529411764707
6,2,Rodions Kurucs,0.0,BKN,PHI,3.5,218.0,107.3,15,3.5,6.5,15.3,SF/PF,3000,0,0.0,0.0,102,102,-11%,3,2,2,10,8,11,6.5,6.6,1.3,11.9,4.3,8.8,2.9,5.3,1.75,8.8,11.5,2.9,7.050000000000001,2.325,9.666666666666666,2.3333333333333335,6.67,8.433333333333334,8.387068965517242
6,3,Kevin Huerter,0.0,ATL,LAL,11.5,228.0,108.3,13,8.3,19.9,28.0,SG/SF,4000,1,18.0,12.0,103,101,2%,8,6,7,27,24,23,19.9,19.8,14.0,25.5,23.5,16.0,4.0,24.5,6.13,25.3,28.5,6.3,24.9,6.215,24.666666666666668,7.0,20.82,18.733333333333334,28.76959459459459
6,4,Spencer Dinwiddie,0.0,BKN,PHI,3.5,218.0,107.3,9,38.5,40.4,43.0,PG/SG,8200,0,31.0,19.0,102,102,-8%,17,17,16,33,34,31,40.4,37.2,26.0,48.4,29.7,34.5,4.2,36.8,4.48,41.1,33.5,5.0,38.95,4.74,32.666666666666664,16.666666666666668,38.19,40.63333333333333,39.943622448979596
6,5,Marquese Chriss,0.0,GS,SAC,4.5,209.5,102.5,15,6.5,22.5,42.8,PF/C,5100,1,19.0,18.0,100,108,-11%,8,6,6,24,18,19,22.4,20.6,11.1,30.0,10.6,9.0,1.8,17.0,3.33,22.7,22.5,4.5,19.85,3.915,20.333333333333332,6.666666666666667,20.79,23.933333333333334,21.965163934426233
6,6,Jerami Grant,0.0,DEN,NY,-10.0,207.5,108.8,28,11.5,21.3,32.8,PF/C,4700,0,18.0,13.0,100,111,-2%,10,8,8,32,25,23,21.3,18.2,10.7,25.6,26.7,17.5,3.7,23.5,5.0,27.0,31.5,5.7,25.25,5.35,26.666666666666668,8.666666666666666,20.21,21.866666666666664,29.826562499999998
6,7,Furkan Korkmaz,0.0,PHI,BKN,-3.5,218.0,110.8,1,2.8,11.1,16.5,SG/SF,3100,1,15.0,9.0,105,107,-2%,4,4,7,12,17,22,11.1,14.3,6.8,21.8,14.6,12.8,4.1,14.0,4.52,9.7,14.0,3.1,11.85,3.8099999999999996,17.0,5.0,13.169999999999998,10.133333333333333,9.758823529411764
7,0,Ben Simmons,0.0,PHI,BKN,-3.5,218.0,110.8,27,25.5,41.2,55.3,PG/SF,9300,1,22.0,18.0,105,107,13%,11,10,11,37,35,36,41.6,41.2,32.7,49.6,28.8,36.3,3.9,45.3,4.87,47.1,36.0,5.1,46.2,4.984999999999999,36.0,10.666666666666666,42.260000000000005,40.666666666666664,46.2
7,1,Theo Pinson,0.0,BKN,PHI,3.5,218.0,107.3,9,7.5,12.9,20.8,PG/SG,3100,0,24.0,5.0,102,102,-8%,7,7,7,13,14,16,12.8,12.5,8.1,17.0,18.3,13.3,4.3,14.3,4.6,10.2,11.5,3.3,12.25,3.9499999999999997,14.333333333333334,7.0,12.53,13.733333333333334,9.828488372093023
7,2,Kevon Looney,0.0,GS,SAC,4.5,209.5,102.5,15,3.3,7.1,12.3,PF/C,3000,1,0.0,0.0,100,108,4%,3,3,3,12,11,11,7.1,8.5,4.2,12.7,11.3,4.8,1.6,10.5,3.5,12.0,14.5,4.0,11.25,3.75,11.333333333333334,3.0,8.75,7.566666666666666,14.393382352941176
7,3,Garrett Temple,0.0,BKN,PHI,3.5,218.0,107.3,4,19.5,26.5,38.5,SG/SF,5000,0,16.0,12.0,102,102,-10%,15,14,9,32,33,28,26.5,21.4,12.1,30.8,29.2,20.5,4.1,24.3,4.85,24.0,32.5,4.8,24.15,4.824999999999999,31.0,12.666666666666666,22.99,28.166666666666668,25.318548387096772
7,4,Torrey Craig,0.0,DEN,NY,-10.0,207.5,108.8,6,0.0,6.0,16.5,SG/SF,3000,0,12.0,8.0,100,111,-4%,6,3,3,19,10,14,6.0,9.6,1.5,17.8,11.8,6.8,2.3,15.5,5.17,12.1,17.0,4.0,13.8,4.585,14.333333333333334,4.0,9.74,7.5,16.367441860465117
7,5,Trevor Ariza,0.0,SAC,GS,-4.5,209.5,107.0,28,6.3,19.6,31.8,SF/PF,3500,1,12.0,8.0,103,110,5%,4,6,5,27,27,24,19.6,14.7,6.2,23.3,26.4,18.8,5.4,18.3,5.21,15.6,23.5,4.5,16.95,4.855,26.0,5.0,16.15,19.233333333333334,15.320192307692308
7,6,Willie Cauley-Stein,0.0,GS,SAC,4.5,209.5,102.5,6,17.3,23.5,35.5,C,4400,1,15.0,16.0,100,108,-5%,6,6,6,23,22,23,23.5,22.4,16.2,28.6,29.7,33.8,7.7,21.5,4.89,21.7,22.5,4.9,21.6,4.895,22.666666666666668,6.0,22.46,25.433333333333334,21.441176470588236
7,7,James Ennis III,0.0,PHI,BKN,-3.5,218.0,110.8,1,2.8,14.9,25.8,SF/PF,3500,1,16.0,15.0,105,107,-15%,5,6,5,17,19,17,14.6,14.5,6.8,22.2,19.6,12.3,3.5,12.8,3.64,13.2,16.5,3.8,13.0,3.7199999999999998,17.666666666666668,5.333333333333333,14.219999999999999,14.5,12.141509433962263
10,0,D'Angelo Russell,0.0,GS,SAC,4.5,209.5,102.5,20,22.3,32.9,50.8,PG/SG,7900,1,33.0,19.0,100,108,-5%,24,18,19,33,31,31,32.9,38.4,21.3,55.5,27.2,18.5,2.3,39.5,5.0,39.0,32.0,4.9,39.25,4.95,31.666666666666668,20.333333333333332,37.47,35.333333333333336,39.66315789473684
10,1,David Nwaba,0.0,BKN,PHI,3.5,218.0,107.3,4,8.3,16.0,23.5,SG/SF,3000,0,13.0,13.0,102,102,-10%,7,7,3,18,17,13,16.0,10.4,3.7,17.0,14.4,9.5,3.2,11.3,3.75,12.9,17.5,4.3,12.100000000000001,4.025,16.0,5.666666666666667,11.84,15.933333333333332,13.234375000000002
10,2,Wilson Chandler,0.0,BKN,PHI,3.5,218.0,107.3,15,3.3,6.4,9.0,SF/PF,3000,0,0.0,0.0,102,102,-3%,0,0,0,0,0,0,0.0,0.0,0.0,0.0,18.7,17.8,5.9,7.0,2.33,11.7,16.0,3.9,9.35,3.115,0.0,0.0,1.8699999999999999,6.233333333333333,0.0
10,3,Kevin Huerter,0.0,ATL,LAL,11.5,228.0,108.3,13,8.3,19.9,28.0,SG/SF,4000,1,18.0,12.0,103,101,2%,8,6,7,27,24,23,19.9,19.8,14.0,25.5,23.5,16.0,4.0,24.5,6.13,25.3,28.5,6.3,24.9,6.215,24.666666666666668,7.0,20.82,18.733333333333334,28.76959459459459
10,4,Danny Green,0.0,LAL,ATL,-11.5,228.0,119.8,29,14.8,19.7,29.5,SG/SF,4300,1,14.0,11.0,105,112,9%,9,6,7,28,25,26,19.6,18.8,10.3,27.3,20.9,21.5,5.0,20.5,4.77,21.0,26.0,4.9,20.75,4.835,26.333333333333332,7.333333333333333,19.35,21.333333333333332,20.487341772151897
10,5,Tobias Harris,0.0,PHI,BKN,-3.5,218.0,110.8,1,24.0,39.4,50.0,SF/PF,7700,1,24.0,18.0,105,107,-15%,20,21,16,35,37,35,44.5,37.3,29.2,45.4,32.6,31.0,4.0,39.5,5.13,40.4,35.5,5.2,39.95,5.165,35.666666666666664,19.0,39.269999999999996,37.800000000000004,39.763317757009354
10,6,Norvel Pelle,0.0,PHI,BKN,-3.5,218.0,110.8,28,14.0,16.9,20.3,C,3000,1,0.0,0.0,105,107,4%,4,2,2,12,12,12,16.9,16.9,13.8,20.1,20.7,10.0,3.3,6.5,2.17,0.0,0.0,0.0,3.25,1.085,12.0,2.6666666666666665,14.190000000000001,17.066666666666666,0.0
10,7,Harrison Barnes,0.0,SAC,GS,-4.5,209.5,107.0,28,14.8,29.8,40.5,SF/PF,5600,1,19.0,15.0,103,110,5%,12,13,12,36,37,36,29.8,28.8,21.4,36.1,33.8,28.3,5.1,27.8,4.96,26.0,34.5,4.6,26.9,4.779999999999999,36.333333333333336,12.333333333333334,28.6,28.366666666666664,25.542660550458713
11,0,Alex Caruso,0.0,LAL,ATL,-11.5,228.0,119.8,19,2.8,15.6,32.0,PG/SG,3700,1,13.0,9.0,105,112,9%,3,5,5,19,23,21,15.8,13.5,7.1,20.0,15.2,8.0,2.2,16.8,4.53,13.3,18.0,3.6,15.05,4.065,21.0,4.333333333333333,14.290000000000001,16.8,12.9
11,1,Cam Reddish,0.0,ATL,LAL,11.5,228.0,108.3,4,10.8,24.2,42.5,PG/SG,3800,1,19.0,6.0,103,101,-7%,9,11,9,30,30,26,24.4,18.4,10.1,26.6,29.3,19.3,5.1,17.8,4.67,20.9,28.0,5.5,19.35,5.085,28.666666666666668,9.666666666666666,19.77,25.833333333333332,18.900000000000002
11,2,Kevon Looney,0.0,GS,SAC,4.5,209.5,102.5,15,3.3,7.1,12.3,PF/C,3000,1,0.0,0.0,100,108,4%,3,3,3,12,11,11,7.1,8.5,4.2,12.7,11.3,4.8,1.6,10.5,3.5,12.0,14.5,4.0,11.25,3.75,11.333333333333334,3.0,8.75,7.566666666666666,14.393382352941176
11,3,Will Barton,0.0,DEN,NY,-10.0,207.5,108.8,23,13.3,31.5,53.3,PG/SF,7100,0,20.0,17.0,100,111,-4%,13,12,13,32,32,33,31.5,32.9,23.1,42.7,34.8,39.3,5.5,31.8,4.47,32.9,33.5,4.6,32.35,4.535,32.333333333333336,12.666666666666666,32.510000000000005,32.699999999999996,33.51726804123712
11,4,D'Angelo Russell,0.0,GS,SAC,4.5,209.5,102.5,20,22.3,32.9,50.8,PG/SG,7900,1,33.0,19.0,100,108,-5%,24,18,19,33,31,31,32.9,38.4,21.3,55.5,27.2,18.5,2.3,39.5,5.0,39.0,32.0,4.9,39.25,4.95,31.666666666666668,20.333333333333332,37.47,35.333333333333336,39.66315789473684
11,5,Danny Green,0.0,LAL,ATL,-11.5,228.0,119.8,29,14.8,19.7,29.5,SG/SF,4300,1,14.0,11.0,105,112,9%,9,6,7,28,25,26,19.6,18.8,10.3,27.3,20.9,21.5,5.0,20.5,4.77,21.0,26.0,4.9,20.75,4.835,26.333333333333332,7.333333333333333,19.35,21.333333333333332,20.487341772151897
11,6,Richaun Holmes,0.0,SAC,GS,-4.5,209.5,107.0,18,9.8,29.7,49.5,PF/C,4800,1,14.0,21.0,103,110,0%,5,7,8,26,33,29,29.6,28.7,16.6,40.8,25.9,19.8,4.1,28.8,5.99,26.9,26.5,5.6,27.85,5.795,29.333333333333332,6.666666666666667,28.709999999999997,29.666666666666668,25.159943181818186
11,7,RJ Barrett,0.0,NY,DEN,10.0,207.5,98.8,8,10.0,25.8,44.5,PG/SG,5400,1,24.0,11.0,100,101,-6%,15,12,13,39,31,32,25.8,28.2,17.0,39.3,35.8,11.8,2.2,26.0,4.81,26.4,31.5,4.9,26.2,4.855,34.0,13.333333333333334,27.3,26.766666666666666,24.273529411764702
12,0,Cory Joseph,0.0,SAC,GS,-4.5,209.5,107.0,30,10.5,17.4,34.3,PG/SG,3900,1,15.0,9.0,103,110,6%,7,8,7,27,32,26,17.4,17.3,8.9,25.7,31.4,18.5,4.7,23.0,5.9,19.8,29.0,5.1,21.4,5.5,28.333333333333332,7.333333333333333,18.140000000000004,20.73333333333333,21.903529411764705
12,1,Kentavious Caldwell-Pope,0.0,LAL,ATL,-11.5,228.0,119.8,29,15.0,19.7,24.3,SG/SF,3700,1,15.0,11.0,105,112,9%,10,7,7,31,28,26,19.7,17.0,10.8,23.3,26.9,19.3,5.2,21.8,5.88,21.2,28.0,5.7,21.5,5.79,28.333333333333332,8.0,18.46,19.666666666666668,21.247058823529414
12,2,Mason Plumlee,0.0,DEN,NY,-10.0,207.5,108.8,28,10.5,13.9,16.8,PF/C,3700,0,20.0,18.0,100,111,-2%,4,4,5,16,16,17,13.9,19.1,11.3,26.8,33.5,37.0,10.0,18.3,4.93,16.5,15.0,4.5,17.4,4.715,16.333333333333332,4.333333333333333,17.7,13.733333333333334,15.979591836734691
12,3,Vince Carter,0.0,ATL,LAL,11.5,228.0,108.3,25,4.0,13.0,24.3,SF/PF,3000,1,17.0,7.0,103,101,2%,4,6,6,13,17,16,13.0,10.8,3.5,18.2,21.0,13.8,4.6,13.5,4.5,11.9,15.0,4.0,12.7,4.25,15.333333333333334,5.333333333333333,11.64,13.766666666666666,12.42391304347826
12,4,Spencer Dinwiddie,0.0,BKN,PHI,3.5,218.0,107.3,9,38.5,40.4,43.0,PG/SG,8200,0,31.0,19.0,102,102,-8%,17,17,16,33,34,31,40.4,37.2,26.0,48.4,29.7,34.5,4.2,36.8,4.48,41.1,33.5,5.0,38.95,4.74,32.666666666666664,16.666666666666668,38.19,40.63333333333333,39.943622448979596
12,5,Tobias Harris,0.0,PHI,BKN,-3.5,218.0,110.8,1,24.0,39.4,50.0,SF/PF,7700,1,24.0,18.0,105,107,-15%,20,21,16,35,37,35,44.5,37.3,29.2,45.4,32.6,31.0,4.0,39.5,5.13,40.4,35.5,5.2,39.95,5.165,35.666666666666664,19.0,39.269999999999996,37.800000000000004,39.763317757009354
12,6,Norvel Pelle,0.0,PHI,BKN,-3.5,218.0,110.8,28,14.0,16.9,20.3,C,3000,1,0.0,0.0,105,107,4%,4,2,2,12,12,12,16.9,16.9,13.8,20.1,20.7,10.0,3.3,6.5,2.17,0.0,0.0,0.0,3.25,1.085,12.0,2.6666666666666665,14.190000000000001,17.066666666666666,0.0
12,7,Harrison Barnes,0.0,SAC,GS,-4.5,209.5,107.0,28,14.8,29.8,40.5,SF/PF,5600,1,19.0,15.0,103,110,5%,12,13,12,36,37,36,29.8,28.8,21.4,36.1,33.8,28.3,5.1,27.8,4.96,26.0,34.5,4.6,26.9,4.779999999999999,36.333333333333336,12.333333333333334,28.6,28.366666666666664,25.542660550458713
13,0,Draymond Green,0.0,GS,SAC,4.5,209.5,102.5,20,22.3,34.1,55.0,PG/SF,6500,1,19.0,14.0,100,108,-11%,12,8,8,36,30,29,34.4,30.4,17.7,43.0,26.2,15.5,2.4,30.8,4.73,34.3,33.0,5.3,32.55,5.015000000000001,31.666666666666668,9.333333333333334,31.610000000000003,37.13333333333333,33.92052631578947
13,1,David Nwaba,0.0,BKN,PHI,3.5,218.0,107.3,4,8.3,16.0,23.5,SG/SF,3000,0,13.0,13.0,102,102,-10%,7,7,3,18,17,13,16.0,10.4,3.7,17.0,14.4,9.5,3.2,11.3,3.75,12.9,17.5,4.3,12.100000000000001,4.025,16.0,5.666666666666667,11.84,15.933333333333332,13.234375000000002
13,2,Marvin Bagley III,0.0,SAC,GS,-4.5,209.5,107.0,18,20.0,29.5,40.5,PF/C,5700,1,0.0,0.0,103,110,0%,12,13,13,22,24,24,24.4,24.4,18.2,30.6,22.1,27.0,4.7,29.0,5.09,27.6,24.0,4.8,28.3,4.945,23.333333333333332,12.666666666666666,25.18,30.0,29.10857142857143
13,3,Dzanan Musa,0.0,BKN,PHI,3.5,218.0,107.3,15,0.0,7.5,12.0,SF/PF,3500,0,18.0,6.0,102,102,-10%,2,4,5,9,11,15,7.5,10.1,3.1,17.1,4.6,2.0,0.6,14.8,4.21,0.0,0.0,0.0,7.4,2.105,11.666666666666666,3.6666666666666665,9.040000000000001,6.5,0.0
13,4,Kevin Huerter,0.0,ATL,LAL,11.5,228.0,108.3,13,8.3,19.9,28.0,SG/SF,4000,1,18.0,12.0,103,101,2%,8,6,7,27,24,23,19.9,19.8,14.0,25.5,23.5,16.0,4.0,24.5,6.13,25.3,28.5,6.3,24.9,6.215,24.666666666666668,7.0,20.82,18.733333333333334,28.76959459459459
13,5,Mason Plumlee,0.0,DEN,NY,-10.0,207.5,108.8,28,10.5,13.9,16.8,PF/C,3700,0,20.0,18.0,100,111,-2%,4,4,5,16,16,17,13.9,19.1,11.3,26.8,33.5,37.0,10.0,18.3,4.93,16.5,15.0,4.5,17.4,4.715,16.333333333333332,4.333333333333333,17.7,13.733333333333334,15.979591836734691
13,6,Bobby Portis,0.0,NY,DEN,10.0,207.5,98.8,1,14.5,19.9,28.5,PF/C,3500,1,20.0,13.0,100,101,-6%,9,8,9,21,21,22,19.9,20.7,11.2,30.2,14.3,14.5,4.1,19.3,5.5,17.7,19.5,5.1,18.5,5.3,21.333333333333332,8.666666666666666,20.1,20.966666666666665,16.91015625
13,7,D'Angelo Russell,0.0,GS,SAC,4.5,209.5,102.5,20,22.3,32.9,50.8,PG/SG,7900,1,33.0,19.0,100,108,-5%,24,18,19,33,31,31,32.9,38.4,21.3,55.5,27.2,18.5,2.3,39.5,5.0,39.0,32.0,4.9,39.25,4.95,31.666666666666668,20.333333333333332,37.47,35.333333333333336,39.66315789473684
14,0,Spencer Dinwiddie,0.0,BKN,PHI,3.5,218.0,107.3,9,38.5,40.4,43.0,PG/SG,8200,0,31.0,19.0,102,102,-8%,17,17,16,33,34,31,40.4,37.2,26.0,48.4,29.7,34.5,4.2,36.8,4.48,41.1,33.5,5.0,38.95,4.74,32.666666666666664,16.666666666666668,38.19,40.63333333333333,39.943622448979596
14,1,Yogi Ferrell,0.0,SAC,GS,-4.5,209.5,107.0,30,6.3,12.3,23.0,PG/SG,3200,1,19.0,15.0,103,110,6%,4,6,5,13,16,14,12.3,11.0,4.7,17.3,10.2,6.5,2.0,11.8,3.67,10.0,13.0,3.1,10.9,3.385,14.333333333333334,5.0,11.24,13.866666666666667,9.886046511627907
14,2,Mike Scott,0.0,PHI,BKN,-3.5,218.0,110.8,1,12.3,20.3,33.0,SF/PF,3600,1,13.0,11.0,105,107,-1%,7,7,6,26,22,20,18.6,13.6,6.7,20.4,20.8,10.3,2.9,15.8,4.38,17.6,23.5,4.9,16.700000000000003,4.640000000000001,22.666666666666668,6.666666666666667,15.2,21.866666666666664,17.313970588235296
14,3,Harrison Barnes,0.0,SAC,GS,-4.5,209.5,107.0,28,14.8,29.8,40.5,SF/PF,5600,1,19.0,15.0,103,110,5%,12,13,12,36,37,36,29.8,28.8,21.4,36.1,33.8,28.3,5.1,27.8,4.96,26.0,34.5,4.6,26.9,4.779999999999999,36.333333333333336,12.333333333333334,28.6,28.366666666666664,25.542660550458713
14,4,Gary Harris,0.0,DEN,NY,-10.0,207.5,108.8,6,16.8,21.2,28.0,SG,4200,0,15.0,10.0,100,111,-4%,12,11,10,37,34,33,21.1,21.2,13.9,28.6,38.5,25.8,6.1,23.3,5.54,22.8,33.5,5.4,23.05,5.470000000000001,34.666666666666664,11.0,21.57,22.0,22.274278846153848
14,5,Glenn Robinson III,0.0,GS,SAC,4.5,209.5,102.5,14,10.5,22.8,32.8,SG/SF,4500,1,15.0,12.0,100,108,3%,12,11,10,34,33,33,22.8,23.2,14.8,31.6,24.4,11.3,2.5,22.3,4.94,23.3,32.0,5.2,22.8,5.07,33.333333333333336,11.0,23.04,22.03333333333333,21.887999999999998
14,6,Henry Ellenson,0.0,BKN,PHI,3.5,218.0,107.3,12,0.0,10.8,22.0,PF/C,3000,0,0.0,0.0,102,102,-11%,1,1,1,3,3,3,1.3,1.3,-0.5,3.0,4.3,4.5,1.5,7.5,2.5,0.0,0.0,0.0,3.75,1.25,3.0,1.0,1.77,10.933333333333332,0.0
14,7,Ben Simmons,0.0,PHI,BKN,-3.5,218.0,110.8,27,25.5,41.2,55.3,PG/SF,9300,1,22.0,18.0,105,107,13%,11,10,11,37,35,36,41.6,41.2,32.7,49.6,28.8,36.3,3.9,45.3,4.87,47.1,36.0,5.1,46.2,4.984999999999999,36.0,10.666666666666666,42.260000000000005,40.666666666666664,46.2
15,0,Cam Reddish,0.0,ATL,LAL,11.5,228.0,108.3,4,10.8,24.2,42.5,PG/SG,3800,1,19.0,6.0,103,101,-7%,9,11,9,30,30,26,24.4,18.4,10.1,26.6,29.3,19.3,5.1,17.8,4.67,20.9,28.0,5.5,19.35,5.085,28.666666666666668,9.666666666666666,19.77,25.833333333333332,18.900000000000002
15,1,RJ Barrett,0.0,NY,DEN,10.0,207.5,98.8,8,10.0,25.8,44.5,PG/SG,5400,1,24.0,11.0,100,101,-6%,15,12,13,39,31,32,25.8,28.2,17.0,39.3,35.8,11.8,2.2,26.0,4.81,26.4,31.5,4.9,26.2,4.855,34.0,13.333333333333334,27.3,26.766666666666666,24.273529411764702
15,2,Tobias Harris,0.0,PHI,BKN,-3.5,218.0,110.8,1,24.0,39.4,50.0,SF/PF,7700,1,24.0,18.0,105,107,-15%,20,21,16,35,37,35,44.5,37.3,29.2,45.4,32.6,31.0,4.0,39.5,5.13,40.4,35.5,5.2,39.95,5.165,35.666666666666664,19.0,39.269999999999996,37.800000000000004,39.763317757009354
15,3,De'Andre Hunter,0.0,ATL,LAL,11.5,228.0,108.3,25,13.0,27.6,42.0,SF/PF,4500,1,18.0,9.0,103,101,-3%,13,13,11,30,32,32,27.6,22.6,12.8,32.4,36.8,21.5,4.8,22.5,5.0,25.0,33.0,5.6,23.75,5.3,31.333333333333332,12.333333333333334,23.83,27.53333333333333,25.013297872340427
15,4,Alec Burks,0.0,GS,SAC,4.5,209.5,102.5,20,25.5,32.7,41.3,PG/SG,6100,1,22.0,16.0,100,108,3%,15,11,12,31,31,30,32.6,28.8,17.8,39.8,22.1,20.0,3.3,27.3,4.47,27.9,29.5,4.6,27.6,4.535,30.666666666666668,12.666666666666666,29.32,33.166666666666664,26.55
15,5,Taurean Prince,0.0,BKN,PHI,3.5,218.0,107.3,15,17.8,32.2,42.5,SF/PF,5800,0,20.0,11.0,102,102,-3%,13,13,12,32,32,31,32.1,28.2,17.7,38.8,25.0,24.0,4.1,25.8,4.44,28.6,32.0,4.9,27.200000000000003,4.67,31.666666666666668,12.666666666666666,28.8,30.833333333333332,27.486315789473686
15,6,Omari Spellman,0.0,GS,SAC,4.5,209.5,102.5,15,7.3,11.3,14.5,PF/C,3800,1,19.0,16.0,100,108,-11%,4,3,6,18,15,19,11.3,18.5,10.3,26.6,18.3,9.5,2.5,10.8,2.83,9.7,11.0,2.6,10.25,2.715,17.333333333333332,4.333333333333333,15.39,11.033333333333333,6.5048076923076925
15,7,Marcus Morris Sr.,0.0,NY,DEN,10.0,207.5,98.8,22,12.8,30.3,62.5,SF/PF,6400,1,0.0,0.0,100,101,-6%,15,14,15,33,30,33,30.3,32.4,19.6,45.3,34.8,30.3,4.7,30.5,4.77,26.6,30.5,4.2,28.55,4.484999999999999,32.0,14.666666666666666,31.23,35.199999999999996,27.21171875
16,0,Spencer Dinwiddie,0.0,BKN,PHI,3.5,218.0,107.3,9,38.5,40.4,43.0,PG/SG,8200,0,31.0,19.0,102,102,-8%,17,17,16,33,34,31,40.4,37.2,26.0,48.4,29.7,34.5,4.2,36.8,4.48,41.1,33.5,5.0,38.95,4.74,32.666666666666664,16.666666666666668,38.19,40.63333333333333,39.943622448979596
16,1,Cam Reddish,0.0,ATL,LAL,11.5,228.0,108.3,4,10.8,24.2,42.5,PG/SG,3800,1,19.0,6.0,103,101,-7%,9,11,9,30,30,26,24.4,18.4,10.1,26.6,29.3,19.3,5.1,17.8,4.67,20.9,28.0,5.5,19.35,5.085,28.666666666666668,9.666666666666666,19.77,25.833333333333332,18.900000000000002
16,2,Marquese Chriss,0.0,GS,SAC,4.5,209.5,102.5,15,6.5,22.5,42.8,PF/C,5100,1,19.0,18.0,100,108,-11%,8,6,6,24,18,19,22.4,20.6,11.1,30.0,10.6,9.0,1.8,17.0,3.33,22.7,22.5,4.5,19.85,3.915,20.333333333333332,6.666666666666667,20.79,23.933333333333334,21.965163934426233
16,3,Matisse Thybulle,0.0,PHI,BKN,-3.5,218.0,110.8,1,3.5,18.0,36.0,SG/SF,3600,1,13.0,11.0,105,107,13%,4,5,4,28,25,18,18.0,12.9,3.0,22.9,18.8,8.5,2.4,20.0,5.56,18.8,25.0,5.2,19.4,5.38,23.666666666666668,4.333333333333333,15.239999999999998,19.166666666666668,20.492957746478872
16,4,Kevin Huerter,0.0,ATL,LAL,11.5,228.0,108.3,13,8.3,19.9,28.0,SG/SF,4000,1,18.0,12.0,103,101,2%,8,6,7,27,24,23,19.9,19.8,14.0,25.5,23.5,16.0,4.0,24.5,6.13,25.3,28.5,6.3,24.9,6.215,24.666666666666668,7.0,20.82,18.733333333333334,28.76959459459459
16,5,Allen Crabbe,0.0,ATL,LAL,11.5,228.0,108.3,13,11.0,14.5,20.0,SG/SF,3000,1,13.0,9.0,103,101,2%,6,6,6,23,23,21,14.2,13.2,9.3,17.1,18.2,9.0,3.0,14.3,4.75,16.2,23.0,5.4,15.25,5.075,22.333333333333332,6.0,13.809999999999999,15.166666666666666,15.705223880597016
16,6,JaVale McGee,0.0,LAL,ATL,-11.5,228.0,119.8,20,12.3,20.3,35.0,C,4100,1,16.0,22.0,105,112,2%,4,5,5,16,15,16,20.3,19.5,8.6,30.3,15.4,12.3,3.0,19.5,4.76,18.6,16.0,4.5,19.05,4.63,15.666666666666666,4.666666666666667,19.549999999999997,22.53333333333333,19.455319148936173
16,7,Kentavious Caldwell-Pope,0.0,LAL,ATL,-11.5,228.0,119.8,29,15.0,19.7,24.3,SG/SF,3700,1,15.0,11.0,105,112,9%,10,7,7,31,28,26,19.7,17.0,10.8,23.3,26.9,19.3,5.2,21.8,5.88,21.2,28.0,5.7,21.5,5.79,28.333333333333332,8.0,18.46,19.666666666666668,21.247058823529414
17,0,D'Angelo Russell,0.0,GS,SAC,4.5,209.5,102.5,20,22.3,32.9,50.8,PG/SG,7900,1,33.0,19.0,100,108,-5%,24,18,19,33,31,31,32.9,38.4,21.3,55.5,27.2,18.5,2.3,39.5,5.0,39.0,32.0,4.9,39.25,4.95,31.666666666666668,20.333333333333332,37.47,35.333333333333336,39.66315789473684
17,1,Matisse Thybulle,0.0,PHI,BKN,-3.5,218.0,110.8,1,3.5,18.0,36.0,SG/SF,3600,1,13.0,11.0,105,107,13%,4,5,4,28,25,18,18.0,12.9,3.0,22.9,18.8,8.5,2.4,20.0,5.56,18.8,25.0,5.2,19.4,5.38,23.666666666666668,4.333333333333333,15.239999999999998,19.166666666666668,20.492957746478872
17,2,Mike Scott,0.0,PHI,BKN,-3.5,218.0,110.8,1,12.3,20.3,33.0,SF/PF,3600,1,13.0,11.0,105,107,-1%,7,7,6,26,22,20,18.6,13.6,6.7,20.4,20.8,10.3,2.9,15.8,4.38,17.6,23.5,4.9,16.700000000000003,4.640000000000001,22.666666666666668,6.666666666666667,15.2,21.866666666666664,17.313970588235296
17,3,Torrey Craig,0.0,DEN,NY,-10.0,207.5,108.8,6,0.0,6.0,16.5,SG/SF,3000,0,12.0,8.0,100,111,-4%,6,3,3,19,10,14,6.0,9.6,1.5,17.8,11.8,6.8,2.3,15.5,5.17,12.1,17.0,4.0,13.8,4.585,14.333333333333334,4.0,9.74,7.5,16.367441860465117
17,4,Buddy Hield,0.0,SAC,GS,-4.5,209.5,107.0,2,34.3,43.3,56.5,SG/SF,8400,1,28.0,17.0,103,110,9%,24,22,19,37,36,35,43.5,37.2,26.8,47.5,33.3,33.5,4.0,39.3,4.67,39.6,35.0,4.7,39.45,4.6850000000000005,36.0,21.666666666666668,38.89,44.699999999999996,38.35416666666667
17,5,Damion Lee,0.0,GS,SAC,4.5,209.5,102.5,14,7.3,15.0,26.3,SG/SF,3500,1,21.0,14.0,100,108,3%,9,9,9,21,23,23,14.9,19.9,9.1,30.7,34.5,27.8,7.9,13.3,3.79,19.8,24.5,5.7,16.55,4.745,22.333333333333332,9.0,18.229999999999997,16.2,18.155597014925373
17,6,Kyle O'Quinn,0.0,PHI,BKN,-3.5,218.0,110.8,24,3.3,13.2,36.3,PF/C,3200,1,0.0,0.0,105,107,4%,2,3,3,9,12,10,13.2,12.0,2.5,21.4,4.9,3.0,0.9,18.0,5.63,13.5,11.0,4.2,15.75,4.915,10.333333333333334,2.6666666666666665,12.969999999999999,17.599999999999998,16.766129032258064
17,7,Tobias Harris,0.0,PHI,BKN,-3.5,218.0,110.8,1,24.0,39.4,50.0,SF/PF,7700,1,24.0,18.0,105,107,-15%,20,21,16,35,37,35,44.5,37.3,29.2,45.4,32.6,31.0,4.0,39.5,5.13,40.4,35.5,5.2,39.95,5.165,35.666666666666664,19.0,39.269999999999996,37.800000000000004,39.763317757009354
18,0,Raul Neto,0.0,PHI,BKN,-3.5,218.0,110.8,27,2.3,9.0,22.0,PG,3000,1,16.0,11.0,105,107,13%,2,3,3,11,13,12,9.0,8.6,1.0,16.3,21.4,19.3,6.4,10.0,3.33,8.4,10.0,2.8,9.2,3.065,12.0,2.6666666666666665,8.820000000000002,11.1,7.666666666666666
18,1,Jordan Poole,0.0,GS,SAC,4.5,209.5,102.5,14,1.0,5.5,13.0,SG/SF,3000,1,21.0,4.0,100,108,-5%,3,6,10,10,17,24,10.3,15.7,8.8,22.7,16.3,10.5,3.5,5.0,1.67,0.0,0.0,0.0,2.5,0.835,17.0,6.333333333333333,12.0,6.5,0.0
18,2,James Ennis III,0.0,PHI,BKN,-3.5,218.0,110.8,1,2.8,14.9,25.8,SF/PF,3500,1,16.0,15.0,105,107,-15%,5,6,5,17,19,17,14.6,14.5,6.8,22.2,19.6,12.3,3.5,12.8,3.64,13.2,16.5,3.8,13.0,3.7199999999999998,17.666666666666668,5.333333333333333,14.219999999999999,14.5,12.141509433962263
18,3,Damion Lee,0.0,GS,SAC,4.5,209.5,102.5,14,7.3,15.0,26.3,SG/SF,3500,1,21.0,14.0,100,108,3%,9,9,9,21,23,23,14.9,19.9,9.1,30.7,34.5,27.8,7.9,13.3,3.79,19.8,24.5,5.7,16.55,4.745,22.333333333333332,9.0,18.229999999999997,16.2,18.155597014925373
18,4,Buddy Hield,0.0,SAC,GS,-4.5,209.5,107.0,2,34.3,43.3,56.5,SG/SF,8400,1,28.0,17.0,103,110,9%,24,22,19,37,36,35,43.5,37.2,26.8,47.5,33.3,33.5,4.0,39.3,4.67,39.6,35.0,4.7,39.45,4.6850000000000005,36.0,21.666666666666668,38.89,44.699999999999996,38.35416666666667
18,5,Henry Ellenson,0.0,BKN,PHI,3.5,218.0,107.3,12,0.0,10.8,22.0,PF/C,3000,0,0.0,0.0,102,102,-11%,1,1,1,3,3,3,1.3,1.3,-0.5,3.0,4.3,4.5,1.5,7.5,2.5,0.0,0.0,0.0,3.75,1.25,3.0,1.0,1.77,10.933333333333332,0.0
18,6,Mitchell Robinson,0.0,NY,DEN,10.0,207.5,98.8,27,21.8,28.8,33.8,C,5900,1,15.0,24.0,100,101,0%,8,8,6,28,28,23,28.8,24.4,17.1,31.6,24.6,20.3,3.4,28.5,4.83,27.4,26.0,4.6,27.95,4.715,26.333333333333332,7.333333333333333,25.97,28.133333333333336,27.596202531645574
18,7,Elfrid Payton,0.0,NY,DEN,10.0,207.5,98.8,8,7.5,21.4,31.3,PG,4400,1,22.0,16.0,100,101,-10%,14,9,8,28,20,22,21.4,21.7,10.9,32.4,25.4,38.8,8.8,23.8,5.4,24.6,26.5,5.6,24.200000000000003,5.5,23.333333333333332,10.333333333333334,22.12,20.066666666666666,27.48428571428572
19,0,RJ Barrett,0.0,NY,DEN,10.0,207.5,98.8,8,10.0,25.8,44.5,PG/SG,5400,1,24.0,11.0,100,101,-6%,15,12,13,39,31,32,25.8,28.2,17.0,39.3,35.8,11.8,2.2,26.0,4.81,26.4,31.5,4.9,26.2,4.855,34.0,13.333333333333334,27.3,26.766666666666666,24.273529411764702
19,1,Theo Pinson,0.0,BKN,PHI,3.5,218.0,107.3,9,7.5,12.9,20.8,PG/SG,3100,0,24.0,5.0,102,102,-8%,7,7,7,13,14,16,12.8,12.5,8.1,17.0,18.3,13.3,4.3,14.3,4.6,10.2,11.5,3.3,12.25,3.9499999999999997,14.333333333333334,7.0,12.53,13.733333333333334,9.828488372093023
19,2,Marcus Morris Sr.,0.0,NY,DEN,10.0,207.5,98.8,22,12.8,30.3,62.5,SF/PF,6400,1,0.0,0.0,100,101,-6%,15,14,15,33,30,33,30.3,32.4,19.6,45.3,34.8,30.3,4.7,30.5,4.77,26.6,30.5,4.2,28.55,4.484999999999999,32.0,14.666666666666666,31.23,35.199999999999996,27.21171875
19,3,Jared Dudley,0.0,LAL,ATL,-11.5,228.0,119.8,14,0.0,7.4,14.5,SF/PF,3100,1,0.0,0.0,105,112,21%,5,2,1,19,10,8,7.3,5.1,-0.4,10.6,16.8,2.0,0.6,6.3,2.02,10.5,16.5,3.4,8.4,2.71,12.333333333333334,2.6666666666666665,6.2,7.3,11.237837837837839
19,4,Trae Young,0.0,ATL,LAL,11.5,228.0,108.3,4,39.0,47.5,60.8,PG,9600,1,35.0,23.0,103,101,-3%,22,21,21,35,37,36,47.5,49.7,36.2,63.2,36.5,50.5,5.3,48.8,5.08,50.1,35.0,5.2,49.45,5.140000000000001,36.0,21.333333333333332,49.21,49.1,48.076388888888886
19,5,Allen Crabbe,0.0,ATL,LAL,11.5,228.0,108.3,13,11.0,14.5,20.0,SG/SF,3000,1,13.0,9.0,103,101,2%,6,6,6,23,23,21,14.2,13.2,9.3,17.1,18.2,9.0,3.0,14.3,4.75,16.2,23.0,5.4,15.25,5.075,22.333333333333332,6.0,13.809999999999999,15.166666666666666,15.705223880597016
19,6,Alex Len,0.0,ATL,LAL,11.5,228.0,108.3,21,20.8,31.0,37.3,C,4700,1,19.0,19.0,103,101,-16%,9,9,6,21,20,18,31.0,19.2,9.3,29.1,23.4,22.3,4.7,19.0,4.04,21.6,21.0,4.6,20.3,4.32,19.666666666666668,8.0,21.78,29.7,21.67627118644068
19,7,Bogdan Bogdanovic,0.0,SAC,GS,-4.5,209.5,107.0,2,16.0,18.6,22.3,SG/SF,4400,1,25.0,15.0,103,110,9%,11,11,12,29,28,28,18.6,26.6,15.0,38.3,29.5,39.8,9.0,28.5,6.48,26.0,27.5,5.9,27.25,6.19,28.333333333333332,11.333333333333334,25.15,18.96666666666667,26.448529411764707
20,0,Cory Joseph,0.0,SAC,GS,-4.5,209.5,107.0,30,10.5,17.4,34.3,PG/SG,3900,1,15.0,9.0,103,110,6%,7,8,7,27,32,26,17.4,17.3,8.9,25.7,31.4,18.5,4.7,23.0,5.9,19.8,29.0,5.1,21.4,5.5,28.333333333333332,7.333333333333333,18.140000000000004,20.73333333333333,21.903529411764705
20,1,Joe Harris,0.0,BKN,PHI,3.5,218.0,107.3,4,19.0,24.8,35.8,SG/SF,4900,0,17.0,14.0,102,102,-3%,13,12,12,30,30,32,24.6,25.7,17.1,34.3,24.8,20.5,4.2,25.0,5.1,25.4,31.0,5.2,25.2,5.15,30.666666666666668,12.333333333333334,25.38,26.53333333333333,25.47391304347826
20,2,Omari Spellman,0.0,GS,SAC,4.5,209.5,102.5,15,7.3,11.3,14.5,PF/C,3800,1,19.0,16.0,100,108,-11%,4,3,6,18,15,19,11.3,18.5,10.3,26.6,18.3,9.5,2.5,10.8,2.83,9.7,11.0,2.6,10.25,2.715,17.333333333333332,4.333333333333333,15.39,11.033333333333333,6.5048076923076925
20,3,Kentavious Caldwell-Pope,0.0,LAL,ATL,-11.5,228.0,119.8,29,15.0,19.7,24.3,SG/SF,3700,1,15.0,11.0,105,112,9%,10,7,7,31,28,26,19.7,17.0,10.8,23.3,26.9,19.3,5.2,21.8,5.88,21.2,28.0,5.7,21.5,5.79,28.333333333333332,8.0,18.46,19.666666666666668,21.247058823529414
20,4,Bogdan Bogdanovic,0.0,SAC,GS,-4.5,209.5,107.0,2,16.0,18.6,22.3,SG/SF,4400,1,25.0,15.0,103,110,9%,11,11,12,29,28,28,18.6,26.6,15.0,38.3,29.5,39.8,9.0,28.5,6.48,26.0,27.5,5.9,27.25,6.19,28.333333333333332,11.333333333333334,25.15,18.96666666666667,26.448529411764707
20,5,Mason Plumlee,0.0,DEN,NY,-10.0,207.5,108.8,28,10.5,13.9,16.8,PF/C,3700,0,20.0,18.0,100,111,-2%,4,4,5,16,16,17,13.9,19.1,11.3,26.8,33.5,37.0,10.0,18.3,4.93,16.5,15.0,4.5,17.4,4.715,16.333333333333332,4.333333333333333,17.7,13.733333333333334,15.979591836734691
20,6,Julius Randle,0.0,NY,DEN,10.0,207.5,98.8,1,16.5,35.5,48.8,PF/C,7500,1,27.0,16.0,100,101,-6%,17,15,14,34,31,32,37.6,35.3,26.8,43.8,36.3,36.3,4.8,34.0,4.53,33.2,31.5,4.4,33.6,4.465,32.333333333333336,15.333333333333334,35.42,33.6,32.7340206185567
20,7,Marquese Chriss,0.0,GS,SAC,4.5,209.5,102.5,15,6.5,22.5,42.8,PF/C,5100,1,19.0,18.0,100,108,-11%,8,6,6,24,18,19,22.4,20.6,11.1,30.0,10.6,9.0,1.8,17.0,3.33,22.7,22.5,4.5,19.85,3.915,20.333333333333332,6.666666666666667,20.79,23.933333333333334,21.965163934426233
21,0,Trae Young,0.0,ATL,LAL,11.5,228.0,108.3,4,39.0,47.5,60.8,PG,9600,1,35.0,23.0,103,101,-3%,22,21,21,35,37,36,47.5,49.7,36.2,63.2,36.5,50.5,5.3,48.8,5.08,50.1,35.0,5.2,49.45,5.140000000000001,36.0,21.333333333333332,49.21,49.1,48.076388888888886
21,1,Damion Lee,0.0,GS,SAC,4.5,209.5,102.5,14,7.3,15.0,26.3,SG/SF,3500,1,21.0,14.0,100,108,3%,9,9,9,21,23,23,14.9,19.9,9.1,30.7,34.5,27.8,7.9,13.3,3.79,19.8,24.5,5.7,16.55,4.745,22.333333333333332,9.0,18.229999999999997,16.2,18.155597014925373
21,2,James Ennis III,0.0,PHI,BKN,-3.5,218.0,110.8,1,2.8,14.9,25.8,SF/PF,3500,1,16.0,15.0,105,107,-15%,5,6,5,17,19,17,14.6,14.5,6.8,22.2,19.6,12.3,3.5,12.8,3.64,13.2,16.5,3.8,13.0,3.7199999999999998,17.666666666666668,5.333333333333333,14.219999999999999,14.5,12.141509433962263
21,3,Taurean Prince,0.0,BKN,PHI,3.5,218.0,107.3,15,17.8,32.2,42.5,SF/PF,5800,0,20.0,11.0,102,102,-3%,13,13,12,32,32,31,32.1,28.2,17.7,38.8,25.0,24.0,4.1,25.8,4.44,28.6,32.0,4.9,27.200000000000003,4.67,31.666666666666668,12.666666666666666,28.8,30.833333333333332,27.486315789473686
21,4,David Nwaba,0.0,BKN,PHI,3.5,218.0,107.3,4,8.3,16.0,23.5,SG/SF,3000,0,13.0,13.0,102,102,-10%,7,7,3,18,17,13,16.0,10.4,3.7,17.0,14.4,9.5,3.2,11.3,3.75,12.9,17.5,4.3,12.100000000000001,4.025,16.0,5.666666666666667,11.84,15.933333333333332,13.234375000000002
21,5,Marvin Bagley III,0.0,SAC,GS,-4.5,209.5,107.0,18,20.0,29.5,40.5,PF/C,5700,1,0.0,0.0,103,110,0%,12,13,13,22,24,24,24.4,24.4,18.2,30.6,22.1,27.0,4.7,29.0,5.09,27.6,24.0,4.8,28.3,4.945,23.333333333333332,12.666666666666666,25.18,30.0,29.10857142857143
21,6,Julius Randle,0.0,NY,DEN,10.0,207.5,98.8,1,16.5,35.5,48.8,PF/C,7500,1,27.0,16.0,100,101,-6%,17,15,14,34,31,32,37.6,35.3,26.8,43.8,36.3,36.3,4.8,34.0,4.53,33.2,31.5,4.4,33.6,4.465,32.333333333333336,15.333333333333334,35.42,33.6,32.7340206185567
21,7,Taj Gibson,0.0,NY,DEN,10.0,207.5,98.8,1,8.5,12.8,21.3,PF/C,3200,1,14.0,14.0,100,101,-6%,3,3,5,18,17,17,12.8,14.5,7.5,21.4,16.2,13.3,4.2,13.5,4.22,15.0,17.0,4.7,14.25,4.46,17.333333333333332,3.6666666666666665,14.09,14.200000000000001,13.97596153846154
22,0,Cam Reddish,0.0,ATL,LAL,11.5,228.0,108.3,4,10.8,24.2,42.5,PG/SG,3800,1,19.0,6.0,103,101,-7%,9,11,9,30,30,26,24.4,18.4,10.1,26.6,29.3,19.3,5.1,17.8,4.67,20.9,28.0,5.5,19.35,5.085,28.666666666666668,9.666666666666666,19.77,25.833333333333332,18.900000000000002
22,1,Gary Harris,0.0,DEN,NY,-10.0,207.5,108.8,6,16.8,21.2,28.0,SG,4200,0,15.0,10.0,100,111,-4%,12,11,10,37,34,33,21.1,21.2,13.9,28.6,38.5,25.8,6.1,23.3,5.54,22.8,33.5,5.4,23.05,5.470000000000001,34.666666666666664,11.0,21.57,22.0,22.274278846153848
22,2,Jared Dudley,0.0,LAL,ATL,-11.5,228.0,119.8,14,0.0,7.4,14.5,SF/PF,3100,1,0.0,0.0,105,112,21%,5,2,1,19,10,8,7.3,5.1,-0.4,10.6,16.8,2.0,0.6,6.3,2.02,10.5,16.5,3.4,8.4,2.71,12.333333333333334,2.6666666666666665,6.2,7.3,11.237837837837839
22,3,Damion Lee,0.0,GS,SAC,4.5,209.5,102.5,14,7.3,15.0,26.3,SG/SF,3500,1,21.0,14.0,100,108,3%,9,9,9,21,23,23,14.9,19.9,9.1,30.7,34.5,27.8,7.9,13.3,3.79,19.8,24.5,5.7,16.55,4.745,22.333333333333332,9.0,18.229999999999997,16.2,18.155597014925373
22,4,Ben Simmons,0.0,PHI,BKN,-3.5,218.0,110.8,27,25.5,41.2,55.3,PG/SF,9300,1,22.0,18.0,105,107,13%,11,10,11,37,35,36,41.6,41.2,32.7,49.6,28.8,36.3,3.9,45.3,4.87,47.1,36.0,5.1,46.2,4.984999999999999,36.0,10.666666666666666,42.260000000000005,40.666666666666664,46.2
22,5,Mike Scott,0.0,PHI,BKN,-3.5,218.0,110.8,1,12.3,20.3,33.0,SF/PF,3600,1,13.0,11.0,105,107,-1%,7,7,6,26,22,20,18.6,13.6,6.7,20.4,20.8,10.3,2.9,15.8,4.38,17.6,23.5,4.9,16.700000000000003,4.640000000000001,22.666666666666668,6.666666666666667,15.2,21.866666666666664,17.313970588235296
22,6,DeAndre Jordan,0.0,BKN,PHI,3.5,218.0,107.3,8,17.0,27.2,41.8,C,5200,0,14.0,22.0,102,102,-13%,8,5,5,21,21,21,27.1,25.7,15.6,35.8,21.7,32.3,6.2,22.3,4.28,22.6,20.5,4.3,22.450000000000003,4.29,21.0,6.0,25.33,28.666666666666668,21.915476190476195
22,7,Spencer Dinwiddie,0.0,BKN,PHI,3.5,218.0,107.3,9,38.5,40.4,43.0,PG/SG,8200,0,31.0,19.0,102,102,-8%,17,17,16,33,34,31,40.4,37.2,26.0,48.4,29.7,34.5,4.2,36.8,4.48,41.1,33.5,5.0,38.95,4.74,32.666666666666664,16.666666666666668,38.19,40.63333333333333,39.943622448979596
23,0,Ben Simmons,0.0,PHI,BKN,-3.5,218.0,110.8,27,25.5,41.2,55.3,PG/SF,9300,1,22.0,18.0,105,107,13%,11,10,11,37,35,36,41.6,41.2,32.7,49.6,28.8,36.3,3.9,45.3,4.87,47.1,36.0,5.1,46.2,4.984999999999999,36.0,10.666666666666666,42.260000000000005,40.666666666666664,46.2
23,1,Joe Harris,0.0,BKN,PHI,3.5,218.0,107.3,4,19.0,24.8,35.8,SG/SF,4900,0,17.0,14.0,102,102,-3%,13,12,12,30,30,32,24.6,25.7,17.1,34.3,24.8,20.5,4.2,25.0,5.1,25.4,31.0,5.2,25.2,5.15,30.666666666666668,12.333333333333334,25.38,26.53333333333333,25.47391304347826
23,2,Kyle O'Quinn,0.0,PHI,BKN,-3.5,218.0,110.8,24,3.3,13.2,36.3,PF/C,3200,1,0.0,0.0,105,107,4%,2,3,3,9,12,10,13.2,12.0,2.5,21.4,4.9,3.0,0.9,18.0,5.63,13.5,11.0,4.2,15.75,4.915,10.333333333333334,2.6666666666666665,12.969999999999999,17.599999999999998,16.766129032258064
23,3,Draymond Green,0.0,GS,SAC,4.5,209.5,102.5,20,22.3,34.1,55.0,PG/SF,6500,1,19.0,14.0,100,108,-11%,12,8,8,36,30,29,34.4,30.4,17.7,43.0,26.2,15.5,2.4,30.8,4.73,34.3,33.0,5.3,32.55,5.015000000000001,31.666666666666668,9.333333333333334,31.610000000000003,37.13333333333333,33.92052631578947
23,4,Raul Neto,0.0,PHI,BKN,-3.5,218.0,110.8,27,2.3,9.0,22.0,PG,3000,1,16.0,11.0,105,107,13%,2,3,3,11,13,12,9.0,8.6,1.0,16.3,21.4,19.3,6.4,10.0,3.33,8.4,10.0,2.8,9.2,3.065,12.0,2.6666666666666665,8.820000000000002,11.1,7.666666666666666
23,5,Dzanan Musa,0.0,BKN,PHI,3.5,218.0,107.3,15,0.0,7.5,12.0,SF/PF,3500,0,18.0,6.0,102,102,-10%,2,4,5,9,11,15,7.5,10.1,3.1,17.1,4.6,2.0,0.6,14.8,4.21,0.0,0.0,0.0,7.4,2.105,11.666666666666666,3.6666666666666665,9.040000000000001,6.5,0.0
23,6,Marvin Bagley III,0.0,SAC,GS,-4.5,209.5,107.0,18,20.0,29.5,40.5,PF/C,5700,1,0.0,0.0,103,110,0%,12,13,13,22,24,24,24.4,24.4,18.2,30.6,22.1,27.0,4.7,29.0,5.09,27.6,24.0,4.8,28.3,4.945,23.333333333333332,12.666666666666666,25.18,30.0,29.10857142857143
23,7,Cory Joseph,0.0,SAC,GS,-4.5,209.5,107.0,30,10.5,17.4,34.3,PG/SG,3900,1,15.0,9.0,103,110,6%,7,8,7,27,32,26,17.4,17.3,8.9,25.7,31.4,18.5,4.7,23.0,5.9,19.8,29.0,5.1,21.4,5.5,28.333333333333332,7.333333333333333,18.140000000000004,20.73333333333333,21.903529411764705
24,0,Spencer Dinwiddie,0.0,BKN,PHI,3.5,218.0,107.3,9,38.5,40.4,43.0,PG/SG,8200,0,31.0,19.0,102,102,-8%,17,17,16,33,34,31,40.4,37.2,26.0,48.4,29.7,34.5,4.2,36.8,4.48,41.1,33.5,5.0,38.95,4.74,32.666666666666664,16.666666666666668,38.19,40.63333333333333,39.943622448979596
24,1,Theo Pinson,0.0,BKN,PHI,3.5,218.0,107.3,9,7.5,12.9,20.8,PG/SG,3100,0,24.0,5.0,102,102,-8%,7,7,7,13,14,16,12.8,12.5,8.1,17.0,18.3,13.3,4.3,14.3,4.6,10.2,11.5,3.3,12.25,3.9499999999999997,14.333333333333334,7.0,12.53,13.733333333333334,9.828488372093023
24,2,Vince Carter,0.0,ATL,LAL,11.5,228.0,108.3,25,4.0,13.0,24.3,SF/PF,3000,1,17.0,7.0,103,101,2%,4,6,6,13,17,16,13.0,10.8,3.5,18.2,21.0,13.8,4.6,13.5,4.5,11.9,15.0,4.0,12.7,4.25,15.333333333333334,5.333333333333333,11.64,13.766666666666666,12.42391304347826
24,3,Furkan Korkmaz,0.0,PHI,BKN,-3.5,218.0,110.8,1,2.8,11.1,16.5,SG/SF,3100,1,15.0,9.0,105,107,-2%,4,4,7,12,17,22,11.1,14.3,6.8,21.8,14.6,12.8,4.1,14.0,4.52,9.7,14.0,3.1,11.85,3.8099999999999996,17.0,5.0,13.169999999999998,10.133333333333333,9.758823529411764
24,4,Kentavious Caldwell-Pope,0.0,LAL,ATL,-11.5,228.0,119.8,29,15.0,19.7,24.3,SG/SF,3700,1,15.0,11.0,105,112,9%,10,7,7,31,28,26,19.7,17.0,10.8,23.3,26.9,19.3,5.2,21.8,5.88,21.2,28.0,5.7,21.5,5.79,28.333333333333332,8.0,18.46,19.666666666666668,21.247058823529414
24,5,Taj Gibson,0.0,NY,DEN,10.0,207.5,98.8,1,8.5,12.8,21.3,PF/C,3200,1,14.0,14.0,100,101,-6%,3,3,5,18,17,17,12.8,14.5,7.5,21.4,16.2,13.3,4.2,13.5,4.22,15.0,17.0,4.7,14.25,4.46,17.333333333333332,3.6666666666666665,14.09,14.200000000000001,13.97596153846154
24,6,Julius Randle,0.0,NY,DEN,10.0,207.5,98.8,1,16.5,35.5,48.8,PF/C,7500,1,27.0,16.0,100,101,-6%,17,15,14,34,31,32,37.6,35.3,26.8,43.8,36.3,36.3,4.8,34.0,4.53,33.2,31.5,4.4,33.6,4.465,32.333333333333336,15.333333333333334,35.42,33.6,32.7340206185567
24,7,Omari Spellman,0.0,GS,SAC,4.5,209.5,102.5,15,7.3,11.3,14.5,PF/C,3800,1,19.0,16.0,100,108,-11%,4,3,6,18,15,19,11.3,18.5,10.3,26.6,18.3,9.5,2.5,10.8,2.83,9.7,11.0,2.6,10.25,2.715,17.333333333333332,4.333333333333333,15.39,11.033333333333333,6.5048076923076925
25,0,Cam Reddish,0.0,ATL,LAL,11.5,228.0,108.3,4,10.8,24.2,42.5,PG/SG,3800,1,19.0,6.0,103,101,-7%,9,11,9,30,30,26,24.4,18.4,10.1,26.6,29.3,19.3,5.1,17.8,4.67,20.9,28.0,5.5,19.35,5.085,28.666666666666668,9.666666666666666,19.77,25.833333333333332,18.900000000000002
25,1,Glenn Robinson III,0.0,GS,SAC,4.5,209.5,102.5,14,10.5,22.8,32.8,SG/SF,4500,1,15.0,12.0,100,108,3%,12,11,10,34,33,33,22.8,23.2,14.8,31.6,24.4,11.3,2.5,22.3,4.94,23.3,32.0,5.2,22.8,5.07,33.333333333333336,11.0,23.04,22.03333333333333,21.887999999999998
25,2,Mike Scott,0.0,PHI,BKN,-3.5,218.0,110.8,1,12.3,20.3,33.0,SF/PF,3600,1,13.0,11.0,105,107,-1%,7,7,6,26,22,20,18.6,13.6,6.7,20.4,20.8,10.3,2.9,15.8,4.38,17.6,23.5,4.9,16.700000000000003,4.640000000000001,22.666666666666668,6.666666666666667,15.2,21.866666666666664,17.313970588235296
25,3,Kevin Huerter,0.0,ATL,LAL,11.5,228.0,108.3,13,8.3,19.9,28.0,SG/SF,4000,1,18.0,12.0,103,101,2%,8,6,7,27,24,23,19.9,19.8,14.0,25.5,23.5,16.0,4.0,24.5,6.13,25.3,28.5,6.3,24.9,6.215,24.666666666666668,7.0,20.82,18.733333333333334,28.76959459459459
25,4,Trae Young,0.0,ATL,LAL,11.5,228.0,108.3,4,39.0,47.5,60.8,PG,9600,1,35.0,23.0,103,101,-3%,22,21,21,35,37,36,47.5,49.7,36.2,63.2,36.5,50.5,5.3,48.8,5.08,50.1,35.0,5.2,49.45,5.140000000000001,36.0,21.333333333333332,49.21,49.1,48.076388888888886
25,5,Taj Gibson,0.0,NY,DEN,10.0,207.5,98.8,1,8.5,12.8,21.3,PF/C,3200,1,14.0,14.0,100,101,-6%,3,3,5,18,17,17,12.8,14.5,7.5,21.4,16.2,13.3,4.2,13.5,4.22,15.0,17.0,4.7,14.25,4.46,17.333333333333332,3.6666666666666665,14.09,14.200000000000001,13.97596153846154
25,6,Mitchell Robinson,0.0,NY,DEN,10.0,207.5,98.8,27,21.8,28.8,33.8,C,5900,1,15.0,24.0,100,101,0%,8,8,6,28,28,23,28.8,24.4,17.1,31.6,24.6,20.3,3.4,28.5,4.83,27.4,26.0,4.6,27.95,4.715,26.333333333333332,7.333333333333333,25.97,28.133333333333336,27.596202531645574
25,7,Buddy Hield,0.0,SAC,GS,-4.5,209.5,107.0,2,34.3,43.3,56.5,SG/SF,8400,1,28.0,17.0,103,110,9%,24,22,19,37,36,35,43.5,37.2,26.8,47.5,33.3,33.5,4.0,39.3,4.67,39.6,35.0,4.7,39.45,4.6850000000000005,36.0,21.666666666666668,38.89,44.699999999999996,38.35416666666667
26,0,Cory Joseph,0.0,SAC,GS,-4.5,209.5,107.0,30,10.5,17.4,34.3,PG/SG,3900,1,15.0,9.0,103,110,6%,7,8,7,27,32,26,17.4,17.3,8.9,25.7,31.4,18.5,4.7,23.0,5.9,19.8,29.0,5.1,21.4,5.5,28.333333333333332,7.333333333333333,18.140000000000004,20.73333333333333,21.903529411764705
26,1,Cam Reddish,0.0,ATL,LAL,11.5,228.0,108.3,4,10.8,24.2,42.5,PG/SG,3800,1,19.0,6.0,103,101,-7%,9,11,9,30,30,26,24.4,18.4,10.1,26.6,29.3,19.3,5.1,17.8,4.67,20.9,28.0,5.5,19.35,5.085,28.666666666666668,9.666666666666666,19.77,25.833333333333332,18.900000000000002
26,2,Jared Dudley,0.0,LAL,ATL,-11.5,228.0,119.8,14,0.0,7.4,14.5,SF/PF,3100,1,0.0,0.0,105,112,21%,5,2,1,19,10,8,7.3,5.1,-0.4,10.6,16.8,2.0,0.6,6.3,2.02,10.5,16.5,3.4,8.4,2.71,12.333333333333334,2.6666666666666665,6.2,7.3,11.237837837837839
26,3,Jabari Parker,0.0,ATL,LAL,11.5,228.0,108.3,25,12.3,26.3,34.3,SF/PF,6000,1,24.0,18.0,103,101,-7%,12,11,13,24,27,28,26.3,30.3,18.1,42.6,26.8,24.3,4.0,28.8,4.79,29.7,28.0,4.9,29.25,4.845000000000001,26.333333333333332,12.0,29.310000000000002,24.3,31.101265822784814
26,4,Yogi Ferrell,0.0,SAC,GS,-4.5,209.5,107.0,30,6.3,12.3,23.0,PG/SG,3200,1,19.0,15.0,103,110,6%,4,6,5,13,16,14,12.3,11.0,4.7,17.3,10.2,6.5,2.0,11.8,3.67,10.0,13.0,3.1,10.9,3.385,14.333333333333334,5.0,11.24,13.866666666666667,9.886046511627907
26,5,Kentavious Caldwell-Pope,0.0,LAL,ATL,-11.5,228.0,119.8,29,15.0,19.7,24.3,SG/SF,3700,1,15.0,11.0,105,112,9%,10,7,7,31,28,26,19.7,17.0,10.8,23.3,26.9,19.3,5.2,21.8,5.88,21.2,28.0,5.7,21.5,5.79,28.333333333333332,8.0,18.46,19.666666666666668,21.247058823529414
26,6,Marvin Bagley III,0.0,SAC,GS,-4.5,209.5,107.0,18,20.0,29.5,40.5,PF/C,5700,1,0.0,0.0,103,110,0%,12,13,13,22,24,24,24.4,24.4,18.2,30.6,22.1,27.0,4.7,29.0,5.09,27.6,24.0,4.8,28.3,4.945,23.333333333333332,12.666666666666666,25.18,30.0,29.10857142857143
26,7,Trevor Ariza,0.0,SAC,GS,-4.5,209.5,107.0,28,6.3,19.6,31.8,SF/PF,3500,1,12.0,8.0,103,110,5%,4,6,5,27,27,24,19.6,14.7,6.2,23.3,26.4,18.8,5.4,18.3,5.21,15.6,23.5,4.5,16.95,4.855,26.0,5.0,16.15,19.233333333333334,15.320192307692308
27,0,Theo Pinson,0.0,BKN,PHI,3.5,218.0,107.3,9,7.5,12.9,20.8,PG/SG,3100,0,24.0,5.0,102,102,-8%,7,7,7,13,14,16,12.8,12.5,8.1,17.0,18.3,13.3,4.3,14.3,4.6,10.2,11.5,3.3,12.25,3.9499999999999997,14.333333333333334,7.0,12.53,13.733333333333334,9.828488372093023
27,1,Kevin Huerter,0.0,ATL,LAL,11.5,228.0,108.3,13,8.3,19.9,28.0,SG/SF,4000,1,18.0,12.0,103,101,2%,8,6,7,27,24,23,19.9,19.8,14.0,25.5,23.5,16.0,4.0,24.5,6.13,25.3,28.5,6.3,24.9,6.215,24.666666666666668,7.0,20.82,18.733333333333334,28.76959459459459
27,2,James Ennis III,0.0,PHI,BKN,-3.5,218.0,110.8,1,2.8,14.9,25.8,SF/PF,3500,1,16.0,15.0,105,107,-15%,5,6,5,17,19,17,14.6,14.5,6.8,22.2,19.6,12.3,3.5,12.8,3.64,13.2,16.5,3.8,13.0,3.7199999999999998,17.666666666666668,5.333333333333333,14.219999999999999,14.5,12.141509433962263
27,3,Rodions Kurucs,0.0,BKN,PHI,3.5,218.0,107.3,15,3.5,6.5,15.3,SF/PF,3000,0,0.0,0.0,102,102,-11%,3,2,2,10,8,11,6.5,6.6,1.3,11.9,4.3,8.8,2.9,5.3,1.75,8.8,11.5,2.9,7.050000000000001,2.325,9.666666666666666,2.3333333333333335,6.67,8.433333333333334,8.387068965517242
27,4,Kentavious Caldwell-Pope,0.0,LAL,ATL,-11.5,228.0,119.8,29,15.0,19.7,24.3,SG/SF,3700,1,15.0,11.0,105,112,9%,10,7,7,31,28,26,19.7,17.0,10.8,23.3,26.9,19.3,5.2,21.8,5.88,21.2,28.0,5.7,21.5,5.79,28.333333333333332,8.0,18.46,19.666666666666668,21.247058823529414
27,5,Danny Green,0.0,LAL,ATL,-11.5,228.0,119.8,29,14.8,19.7,29.5,SG/SF,4300,1,14.0,11.0,105,112,9%,9,6,7,28,25,26,19.6,18.8,10.3,27.3,20.9,21.5,5.0,20.5,4.77,21.0,26.0,4.9,20.75,4.835,26.333333333333332,7.333333333333333,19.35,21.333333333333332,20.487341772151897
27,6,Julius Randle,0.0,NY,DEN,10.0,207.5,98.8,1,16.5,35.5,48.8,PF/C,7500,1,27.0,16.0,100,101,-6%,17,15,14,34,31,32,37.6,35.3,26.8,43.8,36.3,36.3,4.8,34.0,4.53,33.2,31.5,4.4,33.6,4.465,32.333333333333336,15.333333333333334,35.42,33.6,32.7340206185567
27,7,Dzanan Musa,0.0,BKN,PHI,3.5,218.0,107.3,15,0.0,7.5,12.0,SF/PF,3500,0,18.0,6.0,102,102,-10%,2,4,5,9,11,15,7.5,10.1,3.1,17.1,4.6,2.0,0.6,14.8,4.21,0.0,0.0,0.0,7.4,2.105,11.666666666666666,3.6666666666666665,9.040000000000001,6.5,0.0
28,0,Cam Reddish,0.0,ATL,LAL,11.5,228.0,108.3,4,10.8,24.2,42.5,PG/SG,3800,1,19.0,6.0,103,101,-7%,9,11,9,30,30,26,24.4,18.4,10.1,26.6,29.3,19.3,5.1,17.8,4.67,20.9,28.0,5.5,19.35,5.085,28.666666666666668,9.666666666666666,19.77,25.833333333333332,18.900000000000002
28,1,Gary Harris,0.0,DEN,NY,-10.0,207.5,108.8,6,16.8,21.2,28.0,SG,4200,0,15.0,10.0,100,111,-4%,12,11,10,37,34,33,21.1,21.2,13.9,28.6,38.5,25.8,6.1,23.3,5.54,22.8,33.5,5.4,23.05,5.470000000000001,34.666666666666664,11.0,21.57,22.0,22.274278846153848
28,2,Marcus Morris Sr.,0.0,NY,DEN,10.0,207.5,98.8,22,12.8,30.3,62.5,SF/PF,6400,1,0.0,0.0,100,101,-6%,15,14,15,33,30,33,30.3,32.4,19.6,45.3,34.8,30.3,4.7,30.5,4.77,26.6,30.5,4.2,28.55,4.484999999999999,32.0,14.666666666666666,31.23,35.199999999999996,27.21171875
28,3,Timothe Luwawu-Cabarrot,0.0,BKN,PHI,3.5,218.0,107.3,4,0.0,9.5,22.5,SG/SF,3000,0,0.0,0.0,102,102,-10%,3,3,3,9,8,8,2.9,2.9,-1.3,7.1,23.0,16.8,5.6,6.8,2.25,0.0,0.0,0.0,3.4,1.125,8.333333333333334,3.0,2.9999999999999996,10.666666666666666,0.0
28,4,Monte Morris,0.0,DEN,NY,-10.0,207.5,108.8,23,8.8,17.1,27.3,PG,4100,0,21.0,15.0,100,111,3%,6,7,7,21,21,18,17.1,16.0,7.1,25.0,15.4,7.3,1.8,18.3,4.45,17.9,19.0,4.4,18.1,4.425000000000001,20.0,6.666666666666667,16.660000000000004,17.733333333333334,17.195
28,5,De'Andre Hunter,0.0,ATL,LAL,11.5,228.0,108.3,25,13.0,27.6,42.0,SF/PF,4500,1,18.0,9.0,103,101,-3%,13,13,11,30,32,32,27.6,22.6,12.8,32.4,36.8,21.5,4.8,22.5,5.0,25.0,33.0,5.6,23.75,5.3,31.333333333333332,12.333333333333334,23.83,27.53333333333333,25.013297872340427
28,6,Marquese Chriss,0.0,GS,SAC,4.5,209.5,102.5,15,6.5,22.5,42.8,PF/C,5100,1,19.0,18.0,100,108,-11%,8,6,6,24,18,19,22.4,20.6,11.1,30.0,10.6,9.0,1.8,17.0,3.33,22.7,22.5,4.5,19.85,3.915,20.333333333333332,6.666666666666667,20.79,23.933333333333334,21.965163934426233
28,7,Elfrid Payton,0.0,NY,DEN,10.0,207.5,98.8,8,7.5,21.4,31.3,PG,4400,1,22.0,16.0,100,101,-10%,14,9,8,28,20,22,21.4,21.7,10.9,32.4,25.4,38.8,8.8,23.8,5.4,24.6,26.5,5.6,24.200000000000003,5.5,23.333333333333332,10.333333333333334,22.12,20.066666666666666,27.48428571428572
29,0,Trae Young,0.0,ATL,LAL,11.5,228.0,108.3,4,39.0,47.5,60.8,PG,9600,1,35.0,23.0,103,101,-3%,22,21,21,35,37,36,47.5,49.7,36.2,63.2,36.5,50.5,5.3,48.8,5.08,50.1,35.0,5.2,49.45,5.140000000000001,36.0,21.333333333333332,49.21,49.1,48.076388888888886
29,1,Danny Green,0.0,LAL,ATL,-11.5,228.0,119.8,29,14.8,19.7,29.5,SG/SF,4300,1,14.0,11.0,105,112,9%,9,6,7,28,25,26,19.6,18.8,10.3,27.3,20.9,21.5,5.0,20.5,4.77,21.0,26.0,4.9,20.75,4.835,26.333333333333332,7.333333333333333,19.35,21.333333333333332,20.487341772151897
29,2,Richaun Holmes,0.0,SAC,GS,-4.5,209.5,107.0,18,9.8,29.7,49.5,PF/C,4800,1,14.0,21.0,103,110,0%,5,7,8,26,33,29,29.6,28.7,16.6,40.8,25.9,19.8,4.1,28.8,5.99,26.9,26.5,5.6,27.85,5.795,29.333333333333332,6.666666666666667,28.709999999999997,29.666666666666668,25.159943181818186
29,3,Damion Lee,0.0,GS,SAC,4.5,209.5,102.5,14,7.3,15.0,26.3,SG/SF,3500,1,21.0,14.0,100,108,3%,9,9,9,21,23,23,14.9,19.9,9.1,30.7,34.5,27.8,7.9,13.3,3.79,19.8,24.5,5.7,16.55,4.745,22.333333333333332,9.0,18.229999999999997,16.2,18.155597014925373
29,4,Bogdan Bogdanovic,0.0,SAC,GS,-4.5,209.5,107.0,2,16.0,18.6,22.3,SG/SF,4400,1,25.0,15.0,103,110,9%,11,11,12,29,28,28,18.6,26.6,15.0,38.3,29.5,39.8,9.0,28.5,6.48,26.0,27.5,5.9,27.25,6.19,28.333333333333332,11.333333333333334,25.15,18.96666666666667,26.448529411764707
29,5,Jordan Poole,0.0,GS,SAC,4.5,209.5,102.5,14,1.0,5.5,13.0,SG/SF,3000,1,21.0,4.0,100,108,-5%,3,6,10,10,17,24,10.3,15.7,8.8,22.7,16.3,10.5,3.5,5.0,1.67,0.0,0.0,0.0,2.5,0.835,17.0,6.333333333333333,12.0,6.5,0.0
29,6,Jarrett Allen,0.0,BKN,PHI,3.5,218.0,107.3,8,22.5,37.2,50.3,C,6900,0,16.0,24.0,102,102,-13%,6,9,8,26,26,27,37.2,32.7,21.9,43.6,22.0,19.5,2.8,28.0,4.06,29.6,26.5,4.3,28.8,4.18,26.333333333333332,7.666666666666667,32.84,36.666666666666664,28.98227848101266
29,7,Spencer Dinwiddie,0.0,BKN,PHI,3.5,218.0,107.3,9,38.5,40.4,43.0,PG/SG,8200,0,31.0,19.0,102,102,-8%,17,17,16,33,34,31,40.4,37.2,26.0,48.4,29.7,34.5,4.2,36.8,4.48,41.1,33.5,5.0,38.95,4.74,32.666666666666664,16.666666666666668,38.19,40.63333333333333,39.943622448979596
30,0,Elfrid Payton,0.0,NY,DEN,10.0,207.5,98.8,8,7.5,21.4,31.3,PG,4400,1,22.0,16.0,100,101,-10%,14,9,8,28,20,22,21.4,21.7,10.9,32.4,25.4,38.8,8.8,23.8,5.4,24.6,26.5,5.6,24.200000000000003,5.5,23.333333333333332,10.333333333333334,22.12,20.066666666666666,27.48428571428572
30,1,Yogi Ferrell,0.0,SAC,GS,-4.5,209.5,107.0,30,6.3,12.3,23.0,PG/SG,3200,1,19.0,15.0,103,110,6%,4,6,5,13,16,14,12.3,11.0,4.7,17.3,10.2,6.5,2.0,11.8,3.67,10.0,13.0,3.1,10.9,3.385,14.333333333333334,5.0,11.24,13.866666666666667,9.886046511627907
30,2,De'Andre Hunter,0.0,ATL,LAL,11.5,228.0,108.3,25,13.0,27.6,42.0,SF/PF,4500,1,18.0,9.0,103,101,-3%,13,13,11,30,32,32,27.6,22.6,12.8,32.4,36.8,21.5,4.8,22.5,5.0,25.0,33.0,5.6,23.75,5.3,31.333333333333332,12.333333333333334,23.83,27.53333333333333,25.013297872340427
30,3,Vince Carter,0.0,ATL,LAL,11.5,228.0,108.3,25,4.0,13.0,24.3,SF/PF,3000,1,17.0,7.0,103,101,2%,4,6,6,13,17,16,13.0,10.8,3.5,18.2,21.0,13.8,4.6,13.5,4.5,11.9,15.0,4.0,12.7,4.25,15.333333333333334,5.333333333333333,11.64,13.766666666666666,12.42391304347826
30,4,Spencer Dinwiddie,0.0,BKN,PHI,3.5,218.0,107.3,9,38.5,40.4,43.0,PG/SG,8200,0,31.0,19.0,102,102,-8%,17,17,16,33,34,31,40.4,37.2,26.0,48.4,29.7,34.5,4.2,36.8,4.48,41.1,33.5,5.0,38.95,4.74,32.666666666666664,16.666666666666668,38.19,40.63333333333333,39.943622448979596
30,5,Richaun Holmes,0.0,SAC,GS,-4.5,209.5,107.0,18,9.8,29.7,49.5,PF/C,4800,1,14.0,21.0,103,110,0%,5,7,8,26,33,29,29.6,28.7,16.6,40.8,25.9,19.8,4.1,28.8,5.99,26.9,26.5,5.6,27.85,5.795,29.333333333333332,6.666666666666667,28.709999999999997,29.666666666666668,25.159943181818186
30,6,Mitchell Robinson,0.0,NY,DEN,10.0,207.5,98.8,27,21.8,28.8,33.8,C,5900,1,15.0,24.0,100,101,0%,8,8,6,28,28,23,28.8,24.4,17.1,31.6,24.6,20.3,3.4,28.5,4.83,27.4,26.0,4.6,27.95,4.715,26.333333333333332,7.333333333333333,25.97,28.133333333333336,27.596202531645574
30,7,Joe Harris,0.0,BKN,PHI,3.5,218.0,107.3,4,19.0,24.8,35.8,SG/SF,4900,0,17.0,14.0,102,102,-3%,13,12,12,30,30,32,24.6,25.7,17.1,34.3,24.8,20.5,4.2,25.0,5.1,25.4,31.0,5.2,25.2,5.15,30.666666666666668,12.333333333333334,25.38,26.53333333333333,25.47391304347826
31,0,Monte Morris,0.0,DEN,NY,-10.0,207.5,108.8,23,8.8,17.1,27.3,PG,4100,0,21.0,15.0,100,111,3%,6,7,7,21,21,18,17.1,16.0,7.1,25.0,15.4,7.3,1.8,18.3,4.45,17.9,19.0,4.4,18.1,4.425000000000001,20.0,6.666666666666667,16.660000000000004,17.733333333333334,17.195
31,1,Garrett Temple,0.0,BKN,PHI,3.5,218.0,107.3,4,19.5,26.5,38.5,SG/SF,5000,0,16.0,12.0,102,102,-10%,15,14,9,32,33,28,26.5,21.4,12.1,30.8,29.2,20.5,4.1,24.3,4.85,24.0,32.5,4.8,24.15,4.824999999999999,31.0,12.666666666666666,22.99,28.166666666666668,25.318548387096772
31,2,Nemanja Bjelica,0.0,SAC,GS,-4.5,209.5,107.0,18,16.3,31.1,50.8,PF,5300,1,20.0,18.0,103,110,0%,9,12,9,25,26,26,31.1,27.3,17.0,37.5,22.6,12.8,2.4,26.3,4.95,26.6,26.0,5.0,26.450000000000003,4.975,25.666666666666668,10.0,27.870000000000005,32.733333333333334,26.793506493506495
31,3,Ben Simmons,0.0,PHI,BKN,-3.5,218.0,110.8,27,25.5,41.2,55.3,PG/SF,9300,1,22.0,18.0,105,107,13%,11,10,11,37,35,36,41.6,41.2,32.7,49.6,28.8,36.3,3.9,45.3,4.87,47.1,36.0,5.1,46.2,4.984999999999999,36.0,10.666666666666666,42.260000000000005,40.666666666666664,46.2
31,4,Bogdan Bogdanovic,0.0,SAC,GS,-4.5,209.5,107.0,2,16.0,18.6,22.3,SG/SF,4400,1,25.0,15.0,103,110,9%,11,11,12,29,28,28,18.6,26.6,15.0,38.3,29.5,39.8,9.0,28.5,6.48,26.0,27.5,5.9,27.25,6.19,28.333333333333332,11.333333333333334,25.15,18.96666666666667,26.448529411764707
31,5,Wilson Chandler,0.0,BKN,PHI,3.5,218.0,107.3,15,3.3,6.4,9.0,SF/PF,3000,0,0.0,0.0,102,102,-3%,0,0,0,0,0,0,0.0,0.0,0.0,0.0,18.7,17.8,5.9,7.0,2.33,11.7,16.0,3.9,9.35,3.115,0.0,0.0,1.8699999999999999,6.233333333333333,0.0
31,6,Dwight Howard,0.0,LAL,ATL,-11.5,228.0,119.8,20,13.0,17.9,26.3,C,4000,1,13.0,17.0,105,112,2%,4,3,4,18,20,20,17.9,20.0,12.0,27.9,22.5,19.3,4.8,21.5,5.38,19.2,19.0,4.8,20.35,5.09,19.333333333333332,3.6666666666666665,19.630000000000003,19.066666666666666,19.999137931034486
31,7,Dzanan Musa,0.0,BKN,PHI,3.5,218.0,107.3,15,0.0,7.5,12.0,SF/PF,3500,0,18.0,6.0,102,102,-10%,2,4,5,9,11,15,7.5,10.1,3.1,17.1,4.6,2.0,0.6,14.8,4.21,0.0,0.0,0.0,7.4,2.105,11.666666666666666,3.6666666666666665,9.040000000000001,6.5,0.0
32,0,Alec Burks,0.0,GS,SAC,4.5,209.5,102.5,20,25.5,32.7,41.3,PG/SG,6100,1,22.0,16.0,100,108,3%,15,11,12,31,31,30,32.6,28.8,17.8,39.8,22.1,20.0,3.3,27.3,4.47,27.9,29.5,4.6,27.6,4.535,30.666666666666668,12.666666666666666,29.32,33.166666666666664,26.55
32,1,Alex Caruso,0.0,LAL,ATL,-11.5,228.0,119.8,19,2.8,15.6,32.0,PG/SG,3700,1,13.0,9.0,105,112,9%,3,5,5,19,23,21,15.8,13.5,7.1,20.0,15.2,8.0,2.2,16.8,4.53,13.3,18.0,3.6,15.05,4.065,21.0,4.333333333333333,14.290000000000001,16.8,12.9
32,2,Marcus Morris Sr.,0.0,NY,DEN,10.0,207.5,98.8,22,12.8,30.3,62.5,SF/PF,6400,1,0.0,0.0,100,101,-6%,15,14,15,33,30,33,30.3,32.4,19.6,45.3,34.8,30.3,4.7,30.5,4.77,26.6,30.5,4.2,28.55,4.484999999999999,32.0,14.666666666666666,31.23,35.199999999999996,27.21171875
32,3,Furkan Korkmaz,0.0,PHI,BKN,-3.5,218.0,110.8,1,2.8,11.1,16.5,SG/SF,3100,1,15.0,9.0,105,107,-2%,4,4,7,12,17,22,11.1,14.3,6.8,21.8,14.6,12.8,4.1,14.0,4.52,9.7,14.0,3.1,11.85,3.8099999999999996,17.0,5.0,13.169999999999998,10.133333333333333,9.758823529411764
32,4,Jordan Poole,0.0,GS,SAC,4.5,209.5,102.5,14,1.0,5.5,13.0,SG/SF,3000,1,21.0,4.0,100,108,-5%,3,6,10,10,17,24,10.3,15.7,8.8,22.7,16.3,10.5,3.5,5.0,1.67,0.0,0.0,0.0,2.5,0.835,17.0,6.333333333333333,12.0,6.5,0.0
32,5,Joe Harris,0.0,BKN,PHI,3.5,218.0,107.3,4,19.0,24.8,35.8,SG/SF,4900,0,17.0,14.0,102,102,-3%,13,12,12,30,30,32,24.6,25.7,17.1,34.3,24.8,20.5,4.2,25.0,5.1,25.4,31.0,5.2,25.2,5.15,30.666666666666668,12.333333333333334,25.38,26.53333333333333,25.47391304347826
32,6,Damian Jones,0.0,ATL,LAL,11.5,228.0,108.3,21,5.5,18.8,33.0,C,3900,1,13.0,17.0,103,101,-16%,5,4,5,16,19,19,18.8,16.6,9.0,24.2,21.1,15.8,4.1,14.0,3.59,15.6,18.5,4.0,14.8,3.795,18.0,4.666666666666667,16.68,19.099999999999998,15.211111111111112
32,7,Theo Pinson,0.0,BKN,PHI,3.5,218.0,107.3,9,7.5,12.9,20.8,PG/SG,3100,0,24.0,5.0,102,102,-8%,7,7,7,13,14,16,12.8,12.5,8.1,17.0,18.3,13.3,4.3,14.3,4.6,10.2,11.5,3.3,12.25,3.9499999999999997,14.333333333333334,7.0,12.53,13.733333333333334,9.828488372093023
33,0,Yogi Ferrell,0.0,SAC,GS,-4.5,209.5,107.0,30,6.3,12.3,23.0,PG/SG,3200,1,19.0,15.0,103,110,6%,4,6,5,13,16,14,12.3,11.0,4.7,17.3,10.2,6.5,2.0,11.8,3.67,10.0,13.0,3.1,10.9,3.385,14.333333333333334,5.0,11.24,13.866666666666667,9.886046511627907
33,1,Timothe Luwawu-Cabarrot,0.0,BKN,PHI,3.5,218.0,107.3,4,0.0,9.5,22.5,SG/SF,3000,0,0.0,0.0,102,102,-10%,3,3,3,9,8,8,2.9,2.9,-1.3,7.1,23.0,16.8,5.6,6.8,2.25,0.0,0.0,0.0,3.4,1.125,8.333333333333334,3.0,2.9999999999999996,10.666666666666666,0.0
33,2,Mason Plumlee,0.0,DEN,NY,-10.0,207.5,108.8,28,10.5,13.9,16.8,PF/C,3700,0,20.0,18.0,100,111,-2%,4,4,5,16,16,17,13.9,19.1,11.3,26.8,33.5,37.0,10.0,18.3,4.93,16.5,15.0,4.5,17.4,4.715,16.333333333333332,4.333333333333333,17.7,13.733333333333334,15.979591836734691
33,3,Michael Porter Jr.,0.0,DEN,NY,-10.0,207.5,108.8,13,2.0,9.4,13.5,SF/PF,3300,0,0.0,0.0,100,111,6%,3,5,4,7,8,9,9.3,8.2,2.6,13.8,10.9,23.5,7.1,5.3,1.59,0.0,0.0,0.0,2.65,0.795,8.0,4.0,7.31,8.299999999999999,0.0
33,4,Elfrid Payton,0.0,NY,DEN,10.0,207.5,98.8,8,7.5,21.4,31.3,PG,4400,1,22.0,16.0,100,101,-10%,14,9,8,28,20,22,21.4,21.7,10.9,32.4,25.4,38.8,8.8,23.8,5.4,24.6,26.5,5.6,24.200000000000003,5.5,23.333333333333332,10.333333333333334,22.12,20.066666666666666,27.48428571428572
33,5,Richaun Holmes,0.0,SAC,GS,-4.5,209.5,107.0,18,9.8,29.7,49.5,PF/C,4800,1,14.0,21.0,103,110,0%,5,7,8,26,33,29,29.6,28.7,16.6,40.8,25.9,19.8,4.1,28.8,5.99,26.9,26.5,5.6,27.85,5.795,29.333333333333332,6.666666666666667,28.709999999999997,29.666666666666668,25.159943181818186
33,6,Damian Jones,0.0,ATL,LAL,11.5,228.0,108.3,21,5.5,18.8,33.0,C,3900,1,13.0,17.0,103,101,-16%,5,4,5,16,19,19,18.8,16.6,9.0,24.2,21.1,15.8,4.1,14.0,3.59,15.6,18.5,4.0,14.8,3.795,18.0,4.666666666666667,16.68,19.099999999999998,15.211111111111112
33,7,Jabari Parker,0.0,ATL,LAL,11.5,228.0,108.3,25,12.3,26.3,34.3,SF/PF,6000,1,24.0,18.0,103,101,-7%,12,11,13,24,27,28,26.3,30.3,18.1,42.6,26.8,24.3,4.0,28.8,4.79,29.7,28.0,4.9,29.25,4.845000000000001,26.333333333333332,12.0,29.310000000000002,24.3,31.101265822784814
34,0,Raul Neto,0.0,PHI,BKN,-3.5,218.0,110.8,27,2.3,9.0,22.0,PG,3000,1,16.0,11.0,105,107,13%,2,3,3,11,13,12,9.0,8.6,1.0,16.3,21.4,19.3,6.4,10.0,3.33,8.4,10.0,2.8,9.2,3.065,12.0,2.6666666666666665,8.820000000000002,11.1,7.666666666666666
34,1,Garrett Temple,0.0,BKN,PHI,3.5,218.0,107.3,4,19.5,26.5,38.5,SG/SF,5000,0,16.0,12.0,102,102,-10%,15,14,9,32,33,28,26.5,21.4,12.1,30.8,29.2,20.5,4.1,24.3,4.85,24.0,32.5,4.8,24.15,4.824999999999999,31.0,12.666666666666666,22.99,28.166666666666668,25.318548387096772
34,2,Dzanan Musa,0.0,BKN,PHI,3.5,218.0,107.3,15,0.0,7.5,12.0,SF/PF,3500,0,18.0,6.0,102,102,-10%,2,4,5,9,11,15,7.5,10.1,3.1,17.1,4.6,2.0,0.6,14.8,4.21,0.0,0.0,0.0,7.4,2.105,11.666666666666666,3.6666666666666665,9.040000000000001,6.5,0.0
34,3,Marcus Morris Sr.,0.0,NY,DEN,10.0,207.5,98.8,22,12.8,30.3,62.5,SF/PF,6400,1,0.0,0.0,100,101,-6%,15,14,15,33,30,33,30.3,32.4,19.6,45.3,34.8,30.3,4.7,30.5,4.77,26.6,30.5,4.2,28.55,4.484999999999999,32.0,14.666666666666666,31.23,35.199999999999996,27.21171875
34,4,Josh Richardson,0.0,PHI,BKN,-3.5,218.0,110.8,1,6.8,20.4,38.0,SG/SF,4600,1,22.0,14.0,105,107,-15%,11,13,13,26,27,31,26.1,27.8,17.7,37.9,24.1,16.5,3.6,28.8,6.25,28.0,29.0,6.1,28.4,6.175,28.0,12.333333333333334,27.580000000000002,21.733333333333334,29.41428571428571
34,5,Wilson Chandler,0.0,BKN,PHI,3.5,218.0,107.3,15,3.3,6.4,9.0,SF/PF,3000,0,0.0,0.0,102,102,-3%,0,0,0,0,0,0,0.0,0.0,0.0,0.0,18.7,17.8,5.9,7.0,2.33,11.7,16.0,3.9,9.35,3.115,0.0,0.0,1.8699999999999999,6.233333333333333,0.0
34,6,Kyle O'Quinn,0.0,PHI,BKN,-3.5,218.0,110.8,24,3.3,13.2,36.3,PF/C,3200,1,0.0,0.0,105,107,4%,2,3,3,9,12,10,13.2,12.0,2.5,21.4,4.9,3.0,0.9,18.0,5.63,13.5,11.0,4.2,15.75,4.915,10.333333333333334,2.6666666666666665,12.969999999999999,17.599999999999998,16.766129032258064
34,7,Alec Burks,0.0,GS,SAC,4.5,209.5,102.5,20,25.5,32.7,41.3,PG/SG,6100,1,22.0,16.0,100,108,3%,15,11,12,31,31,30,32.6,28.8,17.8,39.8,22.1,20.0,3.3,27.3,4.47,27.9,29.5,4.6,27.6,4.535,30.666666666666668,12.666666666666666,29.32,33.166666666666664,26.55
35,0,Ben Simmons,0.0,PHI,BKN,-3.5,218.0,110.8,27,25.5,41.2,55.3,PG/SF,9300,1,22.0,18.0,105,107,13%,11,10,11,37,35,36,41.6,41.2,32.7,49.6,28.8,36.3,3.9,45.3,4.87,47.1,36.0,5.1,46.2,4.984999999999999,36.0,10.666666666666666,42.260000000000005,40.666666666666664,46.2
35,1,Matisse Thybulle,0.0,PHI,BKN,-3.5,218.0,110.8,1,3.5,18.0,36.0,SG/SF,3600,1,13.0,11.0,105,107,13%,4,5,4,28,25,18,18.0,12.9,3.0,22.9,18.8,8.5,2.4,20.0,5.56,18.8,25.0,5.2,19.4,5.38,23.666666666666668,4.333333333333333,15.239999999999998,19.166666666666668,20.492957746478872
35,2,James Ennis III,0.0,PHI,BKN,-3.5,218.0,110.8,1,2.8,14.9,25.8,SF/PF,3500,1,16.0,15.0,105,107,-15%,5,6,5,17,19,17,14.6,14.5,6.8,22.2,19.6,12.3,3.5,12.8,3.64,13.2,16.5,3.8,13.0,3.7199999999999998,17.666666666666668,5.333333333333333,14.219999999999999,14.5,12.141509433962263
35,3,De'Andre Hunter,0.0,ATL,LAL,11.5,228.0,108.3,25,13.0,27.6,42.0,SF/PF,4500,1,18.0,9.0,103,101,-3%,13,13,11,30,32,32,27.6,22.6,12.8,32.4,36.8,21.5,4.8,22.5,5.0,25.0,33.0,5.6,23.75,5.3,31.333333333333332,12.333333333333334,23.83,27.53333333333333,25.013297872340427
35,4,Joe Harris,0.0,BKN,PHI,3.5,218.0,107.3,4,19.0,24.8,35.8,SG/SF,4900,0,17.0,14.0,102,102,-3%,13,12,12,30,30,32,24.6,25.7,17.1,34.3,24.8,20.5,4.2,25.0,5.1,25.4,31.0,5.2,25.2,5.15,30.666666666666668,12.333333333333334,25.38,26.53333333333333,25.47391304347826
35,5,Michael Porter Jr.,0.0,DEN,NY,-10.0,207.5,108.8,13,2.0,9.4,13.5,SF/PF,3300,0,0.0,0.0,100,111,6%,3,5,4,7,8,9,9.3,8.2,2.6,13.8,10.9,23.5,7.1,5.3,1.59,0.0,0.0,0.0,2.65,0.795,8.0,4.0,7.31,8.299999999999999,0.0
35,6,Jerami Grant,0.0,DEN,NY,-10.0,207.5,108.8,28,11.5,21.3,32.8,PF/C,4700,0,18.0,13.0,100,111,-2%,10,8,8,32,25,23,21.3,18.2,10.7,25.6,26.7,17.5,3.7,23.5,5.0,27.0,31.5,5.7,25.25,5.35,26.666666666666668,8.666666666666666,20.21,21.866666666666664,29.826562499999998
35,7,Cory Joseph,0.0,SAC,GS,-4.5,209.5,107.0,30,10.5,17.4,34.3,PG/SG,3900,1,15.0,9.0,103,110,6%,7,8,7,27,32,26,17.4,17.3,8.9,25.7,31.4,18.5,4.7,23.0,5.9,19.8,29.0,5.1,21.4,5.5,28.333333333333332,7.333333333333333,18.140000000000004,20.73333333333333,21.903529411764705
36,0,Elfrid Payton,0.0,NY,DEN,10.0,207.5,98.8,8,7.5,21.4,31.3,PG,4400,1,22.0,16.0,100,101,-10%,14,9,8,28,20,22,21.4,21.7,10.9,32.4,25.4,38.8,8.8,23.8,5.4,24.6,26.5,5.6,24.200000000000003,5.5,23.333333333333332,10.333333333333334,22.12,20.066666666666666,27.48428571428572
36,1,David Nwaba,0.0,BKN,PHI,3.5,218.0,107.3,4,8.3,16.0,23.5,SG/SF,3000,0,13.0,13.0,102,102,-10%,7,7,3,18,17,13,16.0,10.4,3.7,17.0,14.4,9.5,3.2,11.3,3.75,12.9,17.5,4.3,12.100000000000001,4.025,16.0,5.666666666666667,11.84,15.933333333333332,13.234375000000002
36,2,Nemanja Bjelica,0.0,SAC,GS,-4.5,209.5,107.0,18,16.3,31.1,50.8,PF,5300,1,20.0,18.0,103,110,0%,9,12,9,25,26,26,31.1,27.3,17.0,37.5,22.6,12.8,2.4,26.3,4.95,26.6,26.0,5.0,26.450000000000003,4.975,25.666666666666668,10.0,27.870000000000005,32.733333333333334,26.793506493506495
36,3,Vince Carter,0.0,ATL,LAL,11.5,228.0,108.3,25,4.0,13.0,24.3,SF/PF,3000,1,17.0,7.0,103,101,2%,4,6,6,13,17,16,13.0,10.8,3.5,18.2,21.0,13.8,4.6,13.5,4.5,11.9,15.0,4.0,12.7,4.25,15.333333333333334,5.333333333333333,11.64,13.766666666666666,12.42391304347826
36,4,Josh Richardson,0.0,PHI,BKN,-3.5,218.0,110.8,1,6.8,20.4,38.0,SG/SF,4600,1,22.0,14.0,105,107,-15%,11,13,13,26,27,31,26.1,27.8,17.7,37.9,24.1,16.5,3.6,28.8,6.25,28.0,29.0,6.1,28.4,6.175,28.0,12.333333333333334,27.580000000000002,21.733333333333334,29.41428571428571
36,5,Jabari Parker,0.0,ATL,LAL,11.5,228.0,108.3,25,12.3,26.3,34.3,SF/PF,6000,1,24.0,18.0,103,101,-7%,12,11,13,24,27,28,26.3,30.3,18.1,42.6,26.8,24.3,4.0,28.8,4.79,29.7,28.0,4.9,29.25,4.845000000000001,26.333333333333332,12.0,29.310000000000002,24.3,31.101265822784814
36,6,Norvel Pelle,0.0,PHI,BKN,-3.5,218.0,110.8,28,14.0,16.9,20.3,C,3000,1,0.0,0.0,105,107,4%,4,2,2,12,12,12,16.9,16.9,13.8,20.1,20.7,10.0,3.3,6.5,2.17,0.0,0.0,0.0,3.25,1.085,12.0,2.6666666666666665,14.190000000000001,17.066666666666666,0.0
36,7,Jordan Poole,0.0,GS,SAC,4.5,209.5,102.5,14,1.0,5.5,13.0,SG/SF,3000,1,21.0,4.0,100,108,-5%,3,6,10,10,17,24,10.3,15.7,8.8,22.7,16.3,10.5,3.5,5.0,1.67,0.0,0.0,0.0,2.5,0.835,17.0,6.333333333333333,12.0,6.5,0.0
37,0,Cory Joseph,0.0,SAC,GS,-4.5,209.5,107.0,30,10.5,17.4,34.3,PG/SG,3900,1,15.0,9.0,103,110,6%,7,8,7,27,32,26,17.4,17.3,8.9,25.7,31.4,18.5,4.7,23.0,5.9,19.8,29.0,5.1,21.4,5.5,28.333333333333332,7.333333333333333,18.140000000000004,20.73333333333333,21.903529411764705
37,1,Yogi Ferrell,0.0,SAC,GS,-4.5,209.5,107.0,30,6.3,12.3,23.0,PG/SG,3200,1,19.0,15.0,103,110,6%,4,6,5,13,16,14,12.3,11.0,4.7,17.3,10.2,6.5,2.0,11.8,3.67,10.0,13.0,3.1,10.9,3.385,14.333333333333334,5.0,11.24,13.866666666666667,9.886046511627907
37,2,De'Andre Hunter,0.0,ATL,LAL,11.5,228.0,108.3,25,13.0,27.6,42.0,SF/PF,4500,1,18.0,9.0,103,101,-3%,13,13,11,30,32,32,27.6,22.6,12.8,32.4,36.8,21.5,4.8,22.5,5.0,25.0,33.0,5.6,23.75,5.3,31.333333333333332,12.333333333333334,23.83,27.53333333333333,25.013297872340427
37,3,Kevin Knox,0.0,NY,DEN,10.0,207.5,98.8,22,9.8,11.8,15.5,SF/PF,3100,1,0.0,0.0,100,101,-10%,5,6,7,17,18,20,11.8,14.7,8.2,21.2,22.0,16.5,5.3,14.0,4.52,13.1,18.0,4.2,13.55,4.359999999999999,18.333333333333332,6.0,13.89,12.366666666666667,13.303636363636365
37,4,Trae Young,0.0,ATL,LAL,11.5,228.0,108.3,4,39.0,47.5,60.8,PG,9600,1,35.0,23.0,103,101,-3%,22,21,21,35,37,36,47.5,49.7,36.2,63.2,36.5,50.5,5.3,48.8,5.08,50.1,35.0,5.2,49.45,5.140000000000001,36.0,21.333333333333332,49.21,49.1,48.076388888888886
37,5,Rodions Kurucs,0.0,BKN,PHI,3.5,218.0,107.3,15,3.5,6.5,15.3,SF/PF,3000,0,0.0,0.0,102,102,-11%,3,2,2,10,8,11,6.5,6.6,1.3,11.9,4.3,8.8,2.9,5.3,1.75,8.8,11.5,2.9,7.050000000000001,2.325,9.666666666666666,2.3333333333333335,6.67,8.433333333333334,8.387068965517242
37,6,Mason Plumlee,0.0,DEN,NY,-10.0,207.5,108.8,28,10.5,13.9,16.8,PF/C,3700,0,20.0,18.0,100,111,-2%,4,4,5,16,16,17,13.9,19.1,11.3,26.8,33.5,37.0,10.0,18.3,4.93,16.5,15.0,4.5,17.4,4.715,16.333333333333332,4.333333333333333,17.7,13.733333333333334,15.979591836734691
37,7,Matisse Thybulle,0.0,PHI,BKN,-3.5,218.0,110.8,1,3.5,18.0,36.0,SG/SF,3600,1,13.0,11.0,105,107,13%,4,5,4,28,25,18,18.0,12.9,3.0,22.9,18.8,8.5,2.4,20.0,5.56,18.8,25.0,5.2,19.4,5.38,23.666666666666668,4.333333333333333,15.239999999999998,19.166666666666668,20.492957746478872
39,0,Frank Ntilikina,0.0,NY,DEN,10.0,207.5,98.8,8,1.5,7.6,12.5,PG/SG,3000,1,14.0,8.0,100,101,-10%,4,5,6,17,19,26,7.5,16.6,5.5,27.7,23.8,34.3,11.4,13.0,4.33,13.4,21.0,4.5,13.2,4.415,20.666666666666668,5.0,14.1,7.2,13.412903225806451
39,1,Kentavious Caldwell-Pope,0.0,LAL,ATL,-11.5,228.0,119.8,29,15.0,19.7,24.3,SG/SF,3700,1,15.0,11.0,105,112,9%,10,7,7,31,28,26,19.7,17.0,10.8,23.3,26.9,19.3,5.2,21.8,5.88,21.2,28.0,5.7,21.5,5.79,28.333333333333332,8.0,18.46,19.666666666666668,21.247058823529414
39,2,Rodions Kurucs,0.0,BKN,PHI,3.5,218.0,107.3,15,3.5,6.5,15.3,SF/PF,3000,0,0.0,0.0,102,102,-11%,3,2,2,10,8,11,6.5,6.6,1.3,11.9,4.3,8.8,2.9,5.3,1.75,8.8,11.5,2.9,7.050000000000001,2.325,9.666666666666666,2.3333333333333335,6.67,8.433333333333334,8.387068965517242
39,3,Kevin Huerter,0.0,ATL,LAL,11.5,228.0,108.3,13,8.3,19.9,28.0,SG/SF,4000,1,18.0,12.0,103,101,2%,8,6,7,27,24,23,19.9,19.8,14.0,25.5,23.5,16.0,4.0,24.5,6.13,25.3,28.5,6.3,24.9,6.215,24.666666666666668,7.0,20.82,18.733333333333334,28.76959459459459
39,4,Allen Crabbe,0.0,ATL,LAL,11.5,228.0,108.3,13,11.0,14.5,20.0,SG/SF,3000,1,13.0,9.0,103,101,2%,6,6,6,23,23,21,14.2,13.2,9.3,17.1,18.2,9.0,3.0,14.3,4.75,16.2,23.0,5.4,15.25,5.075,22.333333333333332,6.0,13.809999999999999,15.166666666666666,15.705223880597016
39,5,David Nwaba,0.0,BKN,PHI,3.5,218.0,107.3,4,8.3,16.0,23.5,SG/SF,3000,0,13.0,13.0,102,102,-10%,7,7,3,18,17,13,16.0,10.4,3.7,17.0,14.4,9.5,3.2,11.3,3.75,12.9,17.5,4.3,12.100000000000001,4.025,16.0,5.666666666666667,11.84,15.933333333333332,13.234375000000002
39,6,Mitchell Robinson,0.0,NY,DEN,10.0,207.5,98.8,27,21.8,28.8,33.8,C,5900,1,15.0,24.0,100,101,0%,8,8,6,28,28,23,28.8,24.4,17.1,31.6,24.6,20.3,3.4,28.5,4.83,27.4,26.0,4.6,27.95,4.715,26.333333333333332,7.333333333333333,25.97,28.133333333333336,27.596202531645574
39,7,Norvel Pelle,0.0,PHI,BKN,-3.5,218.0,110.8,28,14.0,16.9,20.3,C,3000,1,0.0,0.0,105,107,4%,4,2,2,12,12,12,16.9,16.9,13.8,20.1,20.7,10.0,3.3,6.5,2.17,0.0,0.0,0.0,3.25,1.085,12.0,2.6666666666666665,14.190000000000001,17.066666666666666,0.0
40,0,Raul Neto,0.0,PHI,BKN,-3.5,218.0,110.8,27,2.3,9.0,22.0,PG,3000,1,16.0,11.0,105,107,13%,2,3,3,11,13,12,9.0,8.6,1.0,16.3,21.4,19.3,6.4,10.0,3.33,8.4,10.0,2.8,9.2,3.065,12.0,2.6666666666666665,8.820000000000002,11.1,7.666666666666666
40,1,Buddy Hield,0.0,SAC,GS,-4.5,209.5,107.0,2,34.3,43.3,56.5,SG/SF,8400,1,28.0,17.0,103,110,9%,24,22,19,37,36,35,43.5,37.2,26.8,47.5,33.3,33.5,4.0,39.3,4.67,39.6,35.0,4.7,39.45,4.6850000000000005,36.0,21.666666666666668,38.89,44.699999999999996,38.35416666666667
40,2,Taj Gibson,0.0,NY,DEN,10.0,207.5,98.8,1,8.5,12.8,21.3,PF/C,3200,1,14.0,14.0,100,101,-6%,3,3,5,18,17,17,12.8,14.5,7.5,21.4,16.2,13.3,4.2,13.5,4.22,15.0,17.0,4.7,14.25,4.46,17.333333333333332,3.6666666666666665,14.09,14.200000000000001,13.97596153846154
40,3,Will Barton,0.0,DEN,NY,-10.0,207.5,108.8,23,13.3,31.5,53.3,PG/SF,7100,0,20.0,17.0,100,111,-4%,13,12,13,32,32,33,31.5,32.9,23.1,42.7,34.8,39.3,5.5,31.8,4.47,32.9,33.5,4.6,32.35,4.535,32.333333333333336,12.666666666666666,32.510000000000005,32.699999999999996,33.51726804123712
40,4,Glenn Robinson III,0.0,GS,SAC,4.5,209.5,102.5,14,10.5,22.8,32.8,SG/SF,4500,1,15.0,12.0,100,108,3%,12,11,10,34,33,33,22.8,23.2,14.8,31.6,24.4,11.3,2.5,22.3,4.94,23.3,32.0,5.2,22.8,5.07,33.333333333333336,11.0,23.04,22.03333333333333,21.887999999999998
40,5,Trevor Ariza,0.0,SAC,GS,-4.5,209.5,107.0,28,6.3,19.6,31.8,SF/PF,3500,1,12.0,8.0,103,110,5%,4,6,5,27,27,24,19.6,14.7,6.2,23.3,26.4,18.8,5.4,18.3,5.21,15.6,23.5,4.5,16.95,4.855,26.0,5.0,16.15,19.233333333333334,15.320192307692308
40,6,Omari Spellman,0.0,GS,SAC,4.5,209.5,102.5,15,7.3,11.3,14.5,PF/C,3800,1,19.0,16.0,100,108,-11%,4,3,6,18,15,19,11.3,18.5,10.3,26.6,18.3,9.5,2.5,10.8,2.83,9.7,11.0,2.6,10.25,2.715,17.333333333333332,4.333333333333333,15.39,11.033333333333333,6.5048076923076925
40,7,Joe Harris,0.0,BKN,PHI,3.5,218.0,107.3,4,19.0,24.8,35.8,SG/SF,4900,0,17.0,14.0,102,102,-3%,13,12,12,30,30,32,24.6,25.7,17.1,34.3,24.8,20.5,4.2,25.0,5.1,25.4,31.0,5.2,25.2,5.15,30.666666666666668,12.333333333333334,25.38,26.53333333333333,25.47391304347826
41,0,Alec Burks,0.0,GS,SAC,4.5,209.5,102.5,20,25.5,32.7,41.3,PG/SG,6100,1,22.0,16.0,100,108,3%,15,11,12,31,31,30,32.6,28.8,17.8,39.8,22.1,20.0,3.3,27.3,4.47,27.9,29.5,4.6,27.6,4.535,30.666666666666668,12.666666666666666,29.32,33.166666666666664,26.55
41,1,Danny Green,0.0,LAL,ATL,-11.5,228.0,119.8,29,14.8,19.7,29.5,SG/SF,4300,1,14.0,11.0,105,112,9%,9,6,7,28,25,26,19.6,18.8,10.3,27.3,20.9,21.5,5.0,20.5,4.77,21.0,26.0,4.9,20.75,4.835,26.333333333333332,7.333333333333333,19.35,21.333333333333332,20.487341772151897
41,2,Julius Randle,0.0,NY,DEN,10.0,207.5,98.8,1,16.5,35.5,48.8,PF/C,7500,1,27.0,16.0,100,101,-6%,17,15,14,34,31,32,37.6,35.3,26.8,43.8,36.3,36.3,4.8,34.0,4.53,33.2,31.5,4.4,33.6,4.465,32.333333333333336,15.333333333333334,35.42,33.6,32.7340206185567
41,3,Matisse Thybulle,0.0,PHI,BKN,-3.5,218.0,110.8,1,3.5,18.0,36.0,SG/SF,3600,1,13.0,11.0,105,107,13%,4,5,4,28,25,18,18.0,12.9,3.0,22.9,18.8,8.5,2.4,20.0,5.56,18.8,25.0,5.2,19.4,5.38,23.666666666666668,4.333333333333333,15.239999999999998,19.166666666666668,20.492957746478872
41,4,Spencer Dinwiddie,0.0,BKN,PHI,3.5,218.0,107.3,9,38.5,40.4,43.0,PG/SG,8200,0,31.0,19.0,102,102,-8%,17,17,16,33,34,31,40.4,37.2,26.0,48.4,29.7,34.5,4.2,36.8,4.48,41.1,33.5,5.0,38.95,4.74,32.666666666666664,16.666666666666668,38.19,40.63333333333333,39.943622448979596
41,5,David Nwaba,0.0,BKN,PHI,3.5,218.0,107.3,4,8.3,16.0,23.5,SG/SF,3000,0,13.0,13.0,102,102,-10%,7,7,3,18,17,13,16.0,10.4,3.7,17.0,14.4,9.5,3.2,11.3,3.75,12.9,17.5,4.3,12.100000000000001,4.025,16.0,5.666666666666667,11.84,15.933333333333332,13.234375000000002
41,6,Alex Len,0.0,ATL,LAL,11.5,228.0,108.3,21,20.8,31.0,37.3,C,4700,1,19.0,19.0,103,101,-16%,9,9,6,21,20,18,31.0,19.2,9.3,29.1,23.4,22.3,4.7,19.0,4.04,21.6,21.0,4.6,20.3,4.32,19.666666666666668,8.0,21.78,29.7,21.67627118644068
41,7,Frank Ntilikina,0.0,NY,DEN,10.0,207.5,98.8,8,1.5,7.6,12.5,PG/SG,3000,1,14.0,8.0,100,101,-10%,4,5,6,17,19,26,7.5,16.6,5.5,27.7,23.8,34.3,11.4,13.0,4.33,13.4,21.0,4.5,13.2,4.415,20.666666666666668,5.0,14.1,7.2,13.412903225806451
44,0,Alec Burks,0.0,GS,SAC,4.5,209.5,102.5,20,25.5,32.7,41.3,PG/SG,6100,1,22.0,16.0,100,108,3%,15,11,12,31,31,30,32.6,28.8,17.8,39.8,22.1,20.0,3.3,27.3,4.47,27.9,29.5,4.6,27.6,4.535,30.666666666666668,12.666666666666666,29.32,33.166666666666664,26.55
44,1,Danny Green,0.0,LAL,ATL,-11.5,228.0,119.8,29,14.8,19.7,29.5,SG/SF,4300,1,14.0,11.0,105,112,9%,9,6,7,28,25,26,19.6,18.8,10.3,27.3,20.9,21.5,5.0,20.5,4.77,21.0,26.0,4.9,20.75,4.835,26.333333333333332,7.333333333333333,19.35,21.333333333333332,20.487341772151897
44,2,Mason Plumlee,0.0,DEN,NY,-10.0,207.5,108.8,28,10.5,13.9,16.8,PF/C,3700,0,20.0,18.0,100,111,-2%,4,4,5,16,16,17,13.9,19.1,11.3,26.8,33.5,37.0,10.0,18.3,4.93,16.5,15.0,4.5,17.4,4.715,16.333333333333332,4.333333333333333,17.7,13.733333333333334,15.979591836734691
44,3,Tobias Harris,0.0,PHI,BKN,-3.5,218.0,110.8,1,24.0,39.4,50.0,SF/PF,7700,1,24.0,18.0,105,107,-15%,20,21,16,35,37,35,44.5,37.3,29.2,45.4,32.6,31.0,4.0,39.5,5.13,40.4,35.5,5.2,39.95,5.165,35.666666666666664,19.0,39.269999999999996,37.800000000000004,39.763317757009354
44,4,Garrett Temple,0.0,BKN,PHI,3.5,218.0,107.3,4,19.5,26.5,38.5,SG/SF,5000,0,16.0,12.0,102,102,-10%,15,14,9,32,33,28,26.5,21.4,12.1,30.8,29.2,20.5,4.1,24.3,4.85,24.0,32.5,4.8,24.15,4.824999999999999,31.0,12.666666666666666,22.99,28.166666666666668,25.318548387096772
44,5,Vince Carter,0.0,ATL,LAL,11.5,228.0,108.3,25,4.0,13.0,24.3,SF/PF,3000,1,17.0,7.0,103,101,2%,4,6,6,13,17,16,13.0,10.8,3.5,18.2,21.0,13.8,4.6,13.5,4.5,11.9,15.0,4.0,12.7,4.25,15.333333333333334,5.333333333333333,11.64,13.766666666666666,12.42391304347826
44,6,Henry Ellenson,0.0,BKN,PHI,3.5,218.0,107.3,12,0.0,10.8,22.0,PF/C,3000,0,0.0,0.0,102,102,-11%,1,1,1,3,3,3,1.3,1.3,-0.5,3.0,4.3,4.5,1.5,7.5,2.5,0.0,0.0,0.0,3.75,1.25,3.0,1.0,1.77,10.933333333333332,0.0
44,7,Nikola Jokic,0.0,DEN,NY,-10.0,207.5,108.8,4,43.3,52.1,68.5,C,8900,0,26.0,21.0,100,111,-2%,14,17,14,33,33,31,52.4,42.8,30.4,55.2,35.8,50.5,5.7,47.8,5.37,47.3,32.5,5.3,47.55,5.335,32.333333333333336,15.0,45.669999999999995,54.63333333333333,47.7951030927835
46,0,Raul Neto,0.0,PHI,BKN,-3.5,218.0,110.8,27,2.3,9.0,22.0,PG,3000,1,16.0,11.0,105,107,13%,2,3,3,11,13,12,9.0,8.6,1.0,16.3,21.4,19.3,6.4,10.0,3.33,8.4,10.0,2.8,9.2,3.065,12.0,2.6666666666666665,8.820000000000002,11.1,7.666666666666666
46,1,Glenn Robinson III,0.0,GS,SAC,4.5,209.5,102.5,14,10.5,22.8,32.8,SG/SF,4500,1,15.0,12.0,100,108,3%,12,11,10,34,33,33,22.8,23.2,14.8,31.6,24.4,11.3,2.5,22.3,4.94,23.3,32.0,5.2,22.8,5.07,33.333333333333336,11.0,23.04,22.03333333333333,21.887999999999998
46,2,Taj Gibson,0.0,NY,DEN,10.0,207.5,98.8,1,8.5,12.8,21.3,PF/C,3200,1,14.0,14.0,100,101,-6%,3,3,5,18,17,17,12.8,14.5,7.5,21.4,16.2,13.3,4.2,13.5,4.22,15.0,17.0,4.7,14.25,4.46,17.333333333333332,3.6666666666666665,14.09,14.200000000000001,13.97596153846154
46,3,Matisse Thybulle,0.0,PHI,BKN,-3.5,218.0,110.8,1,3.5,18.0,36.0,SG/SF,3600,1,13.0,11.0,105,107,13%,4,5,4,28,25,18,18.0,12.9,3.0,22.9,18.8,8.5,2.4,20.0,5.56,18.8,25.0,5.2,19.4,5.38,23.666666666666668,4.333333333333333,15.239999999999998,19.166666666666668,20.492957746478872
46,4,David Nwaba,0.0,BKN,PHI,3.5,218.0,107.3,4,8.3,16.0,23.5,SG/SF,3000,0,13.0,13.0,102,102,-10%,7,7,3,18,17,13,16.0,10.4,3.7,17.0,14.4,9.5,3.2,11.3,3.75,12.9,17.5,4.3,12.100000000000001,4.025,16.0,5.666666666666667,11.84,15.933333333333332,13.234375000000002
46,5,Marcus Morris Sr.,0.0,NY,DEN,10.0,207.5,98.8,22,12.8,30.3,62.5,SF/PF,6400,1,0.0,0.0,100,101,-6%,15,14,15,33,30,33,30.3,32.4,19.6,45.3,34.8,30.3,4.7,30.5,4.77,26.6,30.5,4.2,28.55,4.484999999999999,32.0,14.666666666666666,31.23,35.199999999999996,27.21171875
46,6,DeAndre Jordan,0.0,BKN,PHI,3.5,218.0,107.3,8,17.0,27.2,41.8,C,5200,0,14.0,22.0,102,102,-13%,8,5,5,21,21,21,27.1,25.7,15.6,35.8,21.7,32.3,6.2,22.3,4.28,22.6,20.5,4.3,22.450000000000003,4.29,21.0,6.0,25.33,28.666666666666668,21.915476190476195
46,7,Damian Jones,0.0,ATL,LAL,11.5,228.0,108.3,21,5.5,18.8,33.0,C,3900,1,13.0,17.0,103,101,-16%,5,4,5,16,19,19,18.8,16.6,9.0,24.2,21.1,15.8,4.1,14.0,3.59,15.6,18.5,4.0,14.8,3.795,18.0,4.666666666666667,16.68,19.099999999999998,15.211111111111112
47,0,Alex Caruso,0.0,LAL,ATL,-11.5,228.0,119.8,19,2.8,15.6,32.0,PG/SG,3700,1,13.0,9.0,105,112,9%,3,5,5,19,23,21,15.8,13.5,7.1,20.0,15.2,8.0,2.2,16.8,4.53,13.3,18.0,3.6,15.05,4.065,21.0,4.333333333333333,14.290000000000001,16.8,12.9
47,1,Kevin Huerter,0.0,ATL,LAL,11.5,228.0,108.3,13,8.3,19.9,28.0,SG/SF,4000,1,18.0,12.0,103,101,2%,8,6,7,27,24,23,19.9,19.8,14.0,25.5,23.5,16.0,4.0,24.5,6.13,25.3,28.5,6.3,24.9,6.215,24.666666666666668,7.0,20.82,18.733333333333334,28.76959459459459
47,2,Jerami Grant,0.0,DEN,NY,-10.0,207.5,108.8,28,11.5,21.3,32.8,PF/C,4700,0,18.0,13.0,100,111,-2%,10,8,8,32,25,23,21.3,18.2,10.7,25.6,26.7,17.5,3.7,23.5,5.0,27.0,31.5,5.7,25.25,5.35,26.666666666666668,8.666666666666666,20.21,21.866666666666664,29.826562499999998
47,3,James Ennis III,0.0,PHI,BKN,-3.5,218.0,110.8,1,2.8,14.9,25.8,SF/PF,3500,1,16.0,15.0,105,107,-15%,5,6,5,17,19,17,14.6,14.5,6.8,22.2,19.6,12.3,3.5,12.8,3.64,13.2,16.5,3.8,13.0,3.7199999999999998,17.666666666666668,5.333333333333333,14.219999999999999,14.5,12.141509433962263
47,4,David Nwaba,0.0,BKN,PHI,3.5,218.0,107.3,4,8.3,16.0,23.5,SG/SF,3000,0,13.0,13.0,102,102,-10%,7,7,3,18,17,13,16.0,10.4,3.7,17.0,14.4,9.5,3.2,11.3,3.75,12.9,17.5,4.3,12.100000000000001,4.025,16.0,5.666666666666667,11.84,15.933333333333332,13.234375000000002
47,5,Jabari Parker,0.0,ATL,LAL,11.5,228.0,108.3,25,12.3,26.3,34.3,SF/PF,6000,1,24.0,18.0,103,101,-7%,12,11,13,24,27,28,26.3,30.3,18.1,42.6,26.8,24.3,4.0,28.8,4.79,29.7,28.0,4.9,29.25,4.845000000000001,26.333333333333332,12.0,29.310000000000002,24.3,31.101265822784814
47,6,Mitchell Robinson,0.0,NY,DEN,10.0,207.5,98.8,27,21.8,28.8,33.8,C,5900,1,15.0,24.0,100,101,0%,8,8,6,28,28,23,28.8,24.4,17.1,31.6,24.6,20.3,3.4,28.5,4.83,27.4,26.0,4.6,27.95,4.715,26.333333333333332,7.333333333333333,25.97,28.133333333333336,27.596202531645574
47,7,Will Barton,0.0,DEN,NY,-10.0,207.5,108.8,23,13.3,31.5,53.3,PG/SF,7100,0,20.0,17.0,100,111,-4%,13,12,13,32,32,33,31.5,32.9,23.1,42.7,34.8,39.3,5.5,31.8,4.47,32.9,33.5,4.6,32.35,4.535,32.333333333333336,12.666666666666666,32.510000000000005,32.699999999999996,33.51726804123712
48,0,Spencer Dinwiddie,0.0,BKN,PHI,3.5,218.0,107.3,9,38.5,40.4,43.0,PG/SG,8200,0,31.0,19.0,102,102,-8%,17,17,16,33,34,31,40.4,37.2,26.0,48.4,29.7,34.5,4.2,36.8,4.48,41.1,33.5,5.0,38.95,4.74,32.666666666666664,16.666666666666668,38.19,40.63333333333333,39.943622448979596
48,1,Frank Ntilikina,0.0,NY,DEN,10.0,207.5,98.8,8,1.5,7.6,12.5,PG/SG,3000,1,14.0,8.0,100,101,-10%,4,5,6,17,19,26,7.5,16.6,5.5,27.7,23.8,34.3,11.4,13.0,4.33,13.4,21.0,4.5,13.2,4.415,20.666666666666668,5.0,14.1,7.2,13.412903225806451
48,2,Kevin Knox,0.0,NY,DEN,10.0,207.5,98.8,22,9.8,11.8,15.5,SF/PF,3100,1,0.0,0.0,100,101,-10%,5,6,7,17,18,20,11.8,14.7,8.2,21.2,22.0,16.5,5.3,14.0,4.52,13.1,18.0,4.2,13.55,4.359999999999999,18.333333333333332,6.0,13.89,12.366666666666667,13.303636363636365
48,3,Wilson Chandler,0.0,BKN,PHI,3.5,218.0,107.3,15,3.3,6.4,9.0,SF/PF,3000,0,0.0,0.0,102,102,-3%,0,0,0,0,0,0,0.0,0.0,0.0,0.0,18.7,17.8,5.9,7.0,2.33,11.7,16.0,3.9,9.35,3.115,0.0,0.0,1.8699999999999999,6.233333333333333,0.0
48,4,D'Angelo Russell,0.0,GS,SAC,4.5,209.5,102.5,20,22.3,32.9,50.8,PG/SG,7900,1,33.0,19.0,100,108,-5%,24,18,19,33,31,31,32.9,38.4,21.3,55.5,27.2,18.5,2.3,39.5,5.0,39.0,32.0,4.9,39.25,4.95,31.666666666666668,20.333333333333332,37.47,35.333333333333336,39.66315789473684
48,5,Garrett Temple,0.0,BKN,PHI,3.5,218.0,107.3,4,19.5,26.5,38.5,SG/SF,5000,0,16.0,12.0,102,102,-10%,15,14,9,32,33,28,26.5,21.4,12.1,30.8,29.2,20.5,4.1,24.3,4.85,24.0,32.5,4.8,24.15,4.824999999999999,31.0,12.666666666666666,22.99,28.166666666666668,25.318548387096772
48,6,Kyle O'Quinn,0.0,PHI,BKN,-3.5,218.0,110.8,24,3.3,13.2,36.3,PF/C,3200,1,0.0,0.0,105,107,4%,2,3,3,9,12,10,13.2,12.0,2.5,21.4,4.9,3.0,0.9,18.0,5.63,13.5,11.0,4.2,15.75,4.915,10.333333333333334,2.6666666666666665,12.969999999999999,17.599999999999998,16.766129032258064
48,7,Richaun Holmes,0.0,SAC,GS,-4.5,209.5,107.0,18,9.8,29.7,49.5,PF/C,4800,1,14.0,21.0,103,110,0%,5,7,8,26,33,29,29.6,28.7,16.6,40.8,25.9,19.8,4.1,28.8,5.99,26.9,26.5,5.6,27.85,5.795,29.333333333333332,6.666666666666667,28.709999999999997,29.666666666666668,25.159943181818186
49,0,Trae Young,0.0,ATL,LAL,11.5,228.0,108.3,4,39.0,47.5,60.8,PG,9600,1,35.0,23.0,103,101,-3%,22,21,21,35,37,36,47.5,49.7,36.2,63.2,36.5,50.5,5.3,48.8,5.08,50.1,35.0,5.2,49.45,5.140000000000001,36.0,21.333333333333332,49.21,49.1,48.076388888888886
49,1,Spencer Dinwiddie,0.0,BKN,PHI,3.5,218.0,107.3,9,38.5,40.4,43.0,PG/SG,8200,0,31.0,19.0,102,102,-8%,17,17,16,33,34,31,40.4,37.2,26.0,48.4,29.7,34.5,4.2,36.8,4.48,41.1,33.5,5.0,38.95,4.74,32.666666666666664,16.666666666666668,38.19,40.63333333333333,39.943622448979596
49,2,Mike Scott,0.0,PHI,BKN,-3.5,218.0,110.8,1,12.3,20.3,33.0,SF/PF,3600,1,13.0,11.0,105,107,-1%,7,7,6,26,22,20,18.6,13.6,6.7,20.4,20.8,10.3,2.9,15.8,4.38,17.6,23.5,4.9,16.700000000000003,4.640000000000001,22.666666666666668,6.666666666666667,15.2,21.866666666666664,17.313970588235296
49,3,Harrison Barnes,0.0,SAC,GS,-4.5,209.5,107.0,28,14.8,29.8,40.5,SF/PF,5600,1,19.0,15.0,103,110,5%,12,13,12,36,37,36,29.8,28.8,21.4,36.1,33.8,28.3,5.1,27.8,4.96,26.0,34.5,4.6,26.9,4.779999999999999,36.333333333333336,12.333333333333334,28.6,28.366666666666664,25.542660550458713
49,4,Matisse Thybulle,0.0,PHI,BKN,-3.5,218.0,110.8,1,3.5,18.0,36.0,SG/SF,3600,1,13.0,11.0,105,107,13%,4,5,4,28,25,18,18.0,12.9,3.0,22.9,18.8,8.5,2.4,20.0,5.56,18.8,25.0,5.2,19.4,5.38,23.666666666666668,4.333333333333333,15.239999999999998,19.166666666666668,20.492957746478872
49,5,De'Andre Hunter,0.0,ATL,LAL,11.5,228.0,108.3,25,13.0,27.6,42.0,SF/PF,4500,1,18.0,9.0,103,101,-3%,13,13,11,30,32,32,27.6,22.6,12.8,32.4,36.8,21.5,4.8,22.5,5.0,25.0,33.0,5.6,23.75,5.3,31.333333333333332,12.333333333333334,23.83,27.53333333333333,25.013297872340427
49,6,Henry Ellenson,0.0,BKN,PHI,3.5,218.0,107.3,12,0.0,10.8,22.0,PF/C,3000,0,0.0,0.0,102,102,-11%,1,1,1,3,3,3,1.3,1.3,-0.5,3.0,4.3,4.5,1.5,7.5,2.5,0.0,0.0,0.0,3.75,1.25,3.0,1.0,1.77,10.933333333333332,0.0
49,7,Damion Lee,0.0,GS,SAC,4.5,209.5,102.5,14,7.3,15.0,26.3,SG/SF,3500,1,21.0,14.0,100,108,3%,9,9,9,21,23,23,14.9,19.9,9.1,30.7,34.5,27.8,7.9,13.3,3.79,19.8,24.5,5.7,16.55,4.745,22.333333333333332,9.0,18.229999999999997,16.2,18.155597014925373
