Lineup Num,,Player Name,injury_status,team,opp,spread,over_under,implied_team_score,L5_dvp_rank,L5_ppg_floor,L5_ppg_avg,L5_ppg_max,Pos,Salary,Rest,USG,PER,Opp Pace,Opp DEff,Opp DvP,L2 FGA,L5 FGA,S FGA,L2 Min,L5 Min,S Min,L5 FP,S FP,Floor FP,Ceil FP,Actual Min,Actual FP,Actual Val,FantasyFuelPPGProj,FantasyFuelValueProj,DFN_PPGProj,DFN_MinProj,DFN_ValueProj,Avg Proj,Avg Value Proj,Avg Skewed Min,Avg Skewed FGA,Avg Skewed FP,Avg L5 PPG,Proj Min Enhanced
0,0,Langston Galloway,0.0,DET,PHI,6.0,216.0,105.0,1,12.3,15.7,19.0,PG/SG,3800,1,16.0,13.0,102,102,-5%,8,8,9,21,23,27,15.7,18.8,11.8,25.7,31.2,14.8,3.9,20.5,5.39,17.6,27.0,4.6,19.05,4.994999999999999,23.666666666666668,8.333333333333334,18.21,15.666666666666666,21.733098591549297
0,1,Ben McLemore,0.0,HOU,SAC,-6.0,230.5,118.3,5,14.0,19.7,26.3,SG/SF,3800,1,16.0,12.0,99,108,4%,7,8,9,25,28,25,19.6,19.0,8.5,29.5,23.6,15.8,4.2,18.3,4.8,20.9,27.0,5.5,19.6,5.15,26.0,8.0,19.24,20.0,20.353846153846156
0,2,Mike Scott,0.0,PHI,DET,-6.0,216.0,111.0,18,6.3,13.0,19.0,SF/PF,3200,1,13.0,11.0,102,109,4%,5,5,6,17,18,20,13.3,13.3,6.7,20.0,16.3,8.8,2.8,12.5,3.91,11.3,16.5,3.5,11.9,3.705,18.333333333333332,5.333333333333333,13.040000000000001,12.766666666666666,10.71
0,3,Tomas Satoransky,0.0,CHI,ORL,5.0,207.0,101.0,27,14.3,29.2,36.5,PG/SF,5600,1,18.0,14.0,100,106,-3%,11,9,8,36,32,28,29.1,25.6,15.4,35.7,33.4,35.5,6.3,27.5,4.91,25.5,31.5,4.6,26.5,4.755,32.0,9.333333333333334,26.46,26.666666666666668,26.0859375
0,4,Patrick McCaw,0.0,TOR,IND,7.0,211.0,102.0,15,8.5,13.9,21.0,PG/SF,4000,0,0.0,0.0,102,102,-4%,7,5,4,30,27,23,13.8,11.7,5.1,18.3,20.4,7.5,1.9,15.3,3.81,14.9,30.5,3.7,15.100000000000001,3.755,26.666666666666668,5.333333333333333,12.8,14.466666666666667,17.270625000000003
0,5,Robert Covington,0.0,MIN,GS,-1.5,222.5,112.0,30,12.3,25.0,35.8,SF/PF,5300,1,17.0,13.0,103,110,3%,8,11,10,27,29,28,25.0,25.7,17.1,34.2,12.3,10.5,2.0,29.5,5.57,28.5,30.0,5.4,29.0,5.485,28.0,9.666666666666666,26.2,24.366666666666664,31.071428571428573
0,6,Kevin Love,0.0,CLE,ATL,-1.0,229.5,115.3,20,22.8,41.0,56.8,PF/C,7400,2,23.0,18.0,106,112,6%,11,13,12,30,30,31,41.0,37.2,24.5,49.8,34.4,40.5,5.5,36.5,4.93,37.5,29.5,5.1,37.0,5.015,30.333333333333332,12.0,37.9,40.199999999999996,35.98351648351649
0,7,Julius Randle,0.0,NY,WAS,-3.5,228.0,115.8,28,25.5,34.8,43.8,PF/C,6700,1,27.0,16.0,106,114,-1%,14,16,14,27,29,32,34.8,34.9,26.8,43.0,37.1,50.8,7.6,41.8,6.23,42.0,34.5,6.3,41.9,6.265000000000001,29.333333333333332,14.666666666666666,36.28,34.699999999999996,49.28011363636364
2,0,Aaron Holiday,0.0,IND,TOR,-7.0,211.0,109.0,6,19.5,23.8,33.5,PG/SG,4400,0,21.0,13.0,104,101,-1%,9,9,9,31,27,23,23.8,19.9,8.7,31.1,30.9,42.8,9.7,29.8,6.76,27.6,30.5,6.3,28.700000000000003,6.529999999999999,27.0,9.0,22.440000000000005,25.599999999999998,32.42037037037038
2,1,Evan Fournier,0.0,ORL,CHI,-5.0,207.0,106.0,19,22.8,28.0,39.0,SG/SF,6000,2,26.0,19.0,103,104,-1%,14,15,15,30,29,31,27.9,30.5,21.9,39.1,31.9,19.0,3.2,28.8,4.79,28.1,31.5,4.7,28.450000000000003,4.745,30.0,14.666666666666666,29.570000000000004,29.933333333333334,29.872500000000006
2,2,Derrick Favors,0.0,NO,POR,5.5,230.0,112.3,3,15.8,22.4,29.0,PF/C,5200,2,16.0,18.0,105,108,0%,5,6,6,24,21,21,22.4,23.6,11.0,36.1,30.2,37.8,7.3,30.0,5.77,29.7,26.5,5.7,29.85,5.734999999999999,22.0,5.666666666666667,24.589999999999996,22.400000000000002,35.95568181818182
2,3,Jabari Parker,0.0,ATL,CLE,1.0,229.5,114.3,5,11.0,26.1,43.3,SF/PF,5200,1,24.0,18.0,101,113,4%,13,12,13,22,24,27,28.5,30.3,18.3,42.3,15.3,6.0,1.2,20.0,3.85,19.5,17.5,3.8,19.75,3.825,24.333333333333332,12.666666666666666,27.829999999999995,26.8,14.203767123287673
2,4,Tyus Jones,0.0,MEM,SA,1.0,229.0,114.0,14,8.3,18.2,27.8,PG/SG,3300,1,18.0,12.0,104,110,6%,5,4,6,19,18,20,18.1,17.1,8.7,25.4,17.6,20.8,6.3,15.5,4.7,13.8,15.5,4.2,14.65,4.45,19.0,5.0,16.79,18.099999999999998,11.951315789473686
2,5,Trey Lyles,0.0,SA,MEM,-1.0,229.0,115.0,13,5.5,10.2,17.3,PF/C,3000,1,12.0,12.0,106,109,3%,3,4,4,12,13,17,10.2,14.6,7.5,21.7,25.1,36.5,12.2,13.3,4.42,11.9,13.5,4.0,12.600000000000001,4.21,14.0,3.6666666666666665,13.319999999999999,11.0,12.150000000000002
2,6,Myles Turner,0.0,IND,TOR,-7.0,211.0,109.0,26,17.8,29.4,41.5,C,5100,0,17.0,14.0,104,101,-7%,9,10,10,23,26,30,29.4,27.3,18.1,36.5,36.1,42.3,8.3,26.0,5.1,25.5,27.0,5.0,25.75,5.05,26.333333333333332,9.666666666666666,27.410000000000004,29.566666666666666,26.401898734177216
2,7,Vince Carter,0.0,ATL,CLE,1.0,229.5,114.3,5,1.3,10.3,22.5,SF/PF,3300,1,17.0,7.0,101,113,10%,6,6,6,16,16,16,10.3,11.1,3.5,18.6,15.0,13.3,4.0,5.5,1.67,0.0,0.0,0.0,2.75,0.835,16.0,6.0,9.25,11.366666666666667,0.0
3,0,Devin Booker,0.0,PHO,DEN,2.5,218.5,108.0,17,27.5,39.6,50.0,PG/SG,7900,1,28.0,20.0,100,101,-8%,14,17,17,31,35,36,39.3,40.1,28.0,52.2,34.4,25.3,3.2,38.5,4.87,36.4,35.0,4.6,37.45,4.734999999999999,34.0,16.0,39.410000000000004,39.03333333333333,38.5514705882353
3,1,Marco Belinelli,0.0,SA,MEM,-1.0,229.0,115.0,26,4.0,12.0,22.5,SG/SF,3000,1,17.0,8.0,106,109,8%,8,5,6,25,18,17,12.0,11.1,6.0,16.2,20.6,13.5,4.5,13.5,4.5,13.2,17.0,4.4,13.35,4.45,20.0,6.333333333333333,11.73,12.833333333333334,11.3475
3,2,Kevon Looney,0.0,GS,MIN,1.5,222.5,110.5,4,4.8,6.0,8.0,PF/C,3000,2,0.0,0.0,106,110,7%,4,3,3,9,10,11,6.0,7.7,3.7,11.7,8.7,6.8,2.3,11.0,3.67,0.0,0.0,0.0,5.5,1.835,10.0,3.3333333333333335,6.919999999999999,6.266666666666667,0.0
3,3,Tobias Harris,0.0,PHI,DET,-6.0,216.0,111.0,18,12.0,29.4,40.8,SF/PF,7200,1,24.0,17.0,102,109,1%,11,15,16,32,35,35,29.4,35.8,26.8,44.8,34.3,54.3,7.5,34.5,4.79,35.6,34.5,4.9,35.05,4.845000000000001,34.0,14.0,34.36999999999999,27.399999999999995,35.565441176470586
3,4,Lonnie Walker IV,0.0,SA,MEM,-1.0,229.0,115.0,26,1.5,12.6,21.8,SG/SF,3100,1,22.0,11.0,106,109,8%,7,5,4,16,17,10,12.6,8.5,-2.0,18.9,3.5,1.5,0.5,14.0,4.52,10.3,12.5,3.3,12.15,3.9099999999999997,14.333333333333334,5.333333333333333,10.03,11.966666666666667,10.59593023255814
3,5,Kevin Porter Jr.,0.0,CLE,ATL,-1.0,229.5,115.3,15,11.0,14.9,20.0,SG/SF,3700,2,19.0,10.0,106,112,0%,7,7,7,19,21,21,14.9,16.3,8.7,23.8,23.3,29.8,8.1,18.0,4.86,22.3,24.0,6.0,20.15,5.43,20.333333333333332,7.0,16.77,15.299999999999999,23.78360655737705
3,6,Bam Adebayo,0.0,MIA,UTA,-4.5,213.0,108.8,6,34.5,45.3,57.3,C,8700,2,21.0,20.0,102,104,0%,13,12,10,32,36,34,45.5,40.8,29.2,52.5,38.1,55.0,6.3,38.8,4.45,41.5,35.5,4.8,40.15,4.625,34.0,11.666666666666666,41.63,45.699999999999996,41.921323529411765
3,7,Andre Drummond,0.0,DET,PHI,6.0,216.0,105.0,16,26.5,45.1,52.8,C,10100,1,24.0,23.0,102,102,-13%,14,14,14,34,33,34,45.3,49.5,37.0,61.9,32.5,44.3,4.4,46.0,4.55,46.3,32.5,4.6,46.15,4.574999999999999,33.666666666666664,14.0,47.97,41.46666666666666,44.55074257425743
6,0,Fred VanVleet,0.0,TOR,IND,7.0,211.0,102.0,15,7.8,29.2,43.5,PG/SG,7600,0,23.0,17.0,102,102,-2%,16,14,15,31,35,37,37.6,38.3,28.0,48.6,41.2,48.5,6.4,33.8,4.44,34.9,35.0,4.6,34.349999999999994,4.52,34.333333333333336,15.0,37.37,26.833333333333332,35.01699029126213
6,1,Ben McLemore,0.0,HOU,SAC,-6.0,230.5,118.3,5,14.0,19.7,26.3,SG/SF,3800,1,16.0,12.0,99,108,4%,7,8,9,25,28,25,19.6,19.0,8.5,29.5,23.6,15.8,4.2,18.3,4.8,20.9,27.0,5.5,19.6,5.15,26.0,8.0,19.24,20.0,20.353846153846156
6,2,Doug McDermott,0.0,IND,TOR,-7.0,211.0,109.0,8,10.5,18.3,23.5,SF/PF,3500,0,18.0,13.0,104,101,3%,9,7,8,24,23,21,18.3,16.2,8.6,23.7,23.1,18.0,5.1,13.5,3.86,16.6,21.5,4.7,15.05,4.28,22.666666666666668,8.0,16.369999999999997,17.433333333333334,14.275367647058824
6,3,Buddy Hield,0.0,SAC,HOU,6.0,230.5,112.3,17,18.0,31.6,56.5,SG/SF,6700,1,27.0,15.0,106,107,11%,17,16,19,33,33,35,31.8,35.5,24.9,46.1,27.5,19.8,3.0,34.8,5.19,35.4,32.5,5.3,35.099999999999994,5.245,33.666666666666664,17.333333333333332,34.68,35.36666666666667,33.88366336633663
6,4,Kendrick Nunn,0.0,MIA,UTA,-4.5,213.0,108.8,22,24.5,30.7,42.0,PG/SG,6000,2,24.0,14.0,102,104,-1%,16,15,14,32,33,31,30.7,27.9,18.5,37.3,29.2,15.5,2.6,23.8,3.96,23.7,28.5,3.9,23.75,3.9299999999999997,32.0,15.0,27.629999999999995,32.4,21.15234375
6,5,Aaron Gordon,0.0,ORL,CHI,-5.0,207.0,106.0,27,14.8,25.7,35.0,SF/PF,6100,2,21.0,14.0,103,104,7%,16,14,13,32,32,32,25.6,29.9,20.7,39.1,31.4,44.8,7.3,33.0,5.41,31.2,32.5,5.1,32.1,5.255,32.0,14.333333333333334,29.48,25.166666666666668,32.6015625
6,6,Trey Lyles,0.0,SA,MEM,-1.0,229.0,115.0,13,5.5,10.2,17.3,PF/C,3000,1,12.0,12.0,106,109,3%,3,4,4,12,13,17,10.2,14.6,7.5,21.7,25.1,36.5,12.2,13.3,4.42,11.9,13.5,4.0,12.600000000000001,4.21,14.0,3.6666666666666665,13.319999999999999,11.0,12.150000000000002
6,7,Nassir Little,0.0,POR,NO,-5.5,230.0,117.8,24,5.8,10.6,16.5,SF/PF,3000,1,14.0,10.0,106,111,3%,3,4,4,11,11,15,10.6,11.3,2.5,20.1,7.7,3.5,1.2,7.5,2.5,0.0,0.0,0.0,3.75,1.25,12.333333333333334,3.6666666666666665,9.65,10.966666666666667,0.0
7,0,Grayson Allen,0.0,MEM,SA,1.0,229.0,114.0,14,11.3,19.3,24.8,PG/SG,3400,1,19.0,11.0,104,110,3%,7,7,7,16,19,19,19.3,15.1,9.2,21.1,17.6,11.5,3.4,12.5,3.68,11.4,15.0,3.4,11.95,3.54,18.0,7.0,15.330000000000002,18.46666666666667,9.958333333333332
7,1,Andrew Wiggins,0.0,MIN,GS,-1.5,222.5,112.0,11,34.8,41.5,47.5,SG/SF,8400,1,29.0,19.0,103,110,3%,21,22,21,36,38,36,41.5,40.2,30.9,49.4,38.6,33.8,4.0,36.0,4.29,42.3,36.0,5.0,39.15,4.645,36.666666666666664,21.333333333333332,40.230000000000004,41.266666666666666,38.438181818181825
7,2,John Collins,0.0,ATL,CLE,1.0,229.5,114.3,19,30.3,36.9,50.8,PF/C,7600,1,0.0,0.0,101,113,4%,14,12,12,34,32,32,36.9,36.9,28.2,45.6,34.8,50.0,6.6,36.8,4.84,35.8,30.5,4.7,36.3,4.77,32.666666666666664,12.666666666666666,36.779999999999994,39.333333333333336,33.8923469387755
7,3,Will Barton,0.0,DEN,PHO,-2.5,218.5,110.5,29,19.0,32.1,42.8,PG/SF,6200,0,20.0,16.0,105,108,6%,12,13,13,33,34,33,32.0,32.8,23.1,42.5,34.4,31.0,5.0,30.8,4.96,32.0,34.0,5.2,31.4,5.08,33.333333333333336,12.666666666666666,32.36,31.3,32.02799999999999
7,4,Devin Booker,0.0,PHO,DEN,2.5,218.5,108.0,17,27.5,39.6,50.0,PG/SG,7900,1,28.0,20.0,100,101,-8%,14,17,17,31,35,36,39.3,40.1,28.0,52.2,34.4,25.3,3.2,38.5,4.87,36.4,35.0,4.6,37.45,4.734999999999999,34.0,16.0,39.410000000000004,39.03333333333333,38.5514705882353
7,5,Thaddeus Young,0.0,CHI,ORL,5.0,207.0,101.0,7,11.3,18.9,28.0,SF/PF,3800,1,21.0,11.0,100,106,1%,10,10,9,22,22,22,18.9,19.3,11.8,26.8,22.0,23.3,6.1,18.3,4.8,18.1,21.5,4.8,18.200000000000003,4.8,22.0,9.666666666666666,19.0,19.400000000000002,17.78636363636364
7,6,Mohamed Bamba,0.0,ORL,CHI,-5.0,207.0,106.0,20,14.5,19.3,23.0,C,3400,2,0.0,0.0,103,104,13%,6,6,5,14,15,16,19.3,16.4,8.4,24.4,17.0,16.0,4.7,16.5,4.85,17.4,15.5,5.1,16.95,4.975,15.0,5.666666666666667,17.09,18.933333333333334,17.514999999999997
7,7,LaMarcus Aldridge,0.0,SA,MEM,-1.0,229.0,115.0,13,23.5,38.4,48.0,PF/C,7300,1,23.0,20.0,106,109,3%,16,17,15,35,36,34,42.0,36.8,26.1,47.4,31.8,65.8,9.0,36.3,4.97,37.3,33.0,5.1,36.8,5.035,35.0,16.0,37.81999999999999,36.63333333333333,34.69714285714286
9,0,Tyus Jones,0.0,MEM,SA,1.0,229.0,114.0,14,8.3,18.2,27.8,PG/SG,3300,1,18.0,12.0,104,110,6%,5,4,6,19,18,20,18.1,17.1,8.7,25.4,17.6,20.8,6.3,15.5,4.7,13.8,15.5,4.2,14.65,4.45,19.0,5.0,16.79,18.099999999999998,11.951315789473686
9,1,Kevin Huerter,0.0,ATL,CLE,1.0,229.5,114.3,16,16.0,25.0,33.8,PG/SG,5100,1,18.0,11.0,101,113,10%,13,11,8,34,31,25,25.0,21.2,14.6,27.8,31.7,32.5,6.4,27.0,5.29,28.0,32.0,5.5,27.5,5.395,30.0,10.666666666666666,23.22,24.933333333333334,29.333333333333332
9,2,Michael Porter Jr.,0.0,DEN,PHO,-2.5,218.5,110.5,16,2.0,10.5,23.5,SF/PF,3100,0,0.0,0.0,105,108,-2%,4,4,4,8,8,9,10.4,9.1,2.9,15.3,6.2,4.3,1.4,13.5,4.35,10.5,10.5,3.4,12.0,3.875,8.333333333333334,4.0,9.94,12.0,15.12
9,3,Aaron Gordon,0.0,ORL,CHI,-5.0,207.0,106.0,27,14.8,25.7,35.0,SF/PF,6100,2,21.0,14.0,103,104,7%,16,14,13,32,32,32,25.6,29.9,20.7,39.1,31.4,44.8,7.3,33.0,5.41,31.2,32.5,5.1,32.1,5.255,32.0,14.333333333333334,29.48,25.166666666666668,32.6015625
9,4,Troy Brown,0.0,WAS,NY,3.5,228.0,112.3,29,19.3,24.3,27.0,SG/SF,4800,1,16.0,14.0,101,112,3%,13,10,7,29,28,23,23.9,20.9,13.0,28.7,32.3,52.8,11.0,27.8,5.78,28.3,30.5,5.9,28.05,5.84,26.666666666666668,10.0,22.91,23.53333333333333,32.082187499999996
9,5,Trey Lyles,0.0,SA,MEM,-1.0,229.0,115.0,13,5.5,10.2,17.3,PF/C,3000,1,12.0,12.0,106,109,3%,3,4,4,12,13,17,10.2,14.6,7.5,21.7,25.1,36.5,12.2,13.3,4.42,11.9,13.5,4.0,12.600000000000001,4.21,14.0,3.6666666666666665,13.319999999999999,11.0,12.150000000000002
9,6,Derrick Favors,0.0,NO,POR,5.5,230.0,112.3,3,15.8,22.4,29.0,PF/C,5200,2,16.0,18.0,105,108,0%,5,6,6,24,21,21,22.4,23.6,11.0,36.1,30.2,37.8,7.3,30.0,5.77,29.7,26.5,5.7,29.85,5.734999999999999,22.0,5.666666666666667,24.589999999999996,22.400000000000002,35.95568181818182
9,7,Julius Randle,0.0,NY,WAS,-3.5,228.0,115.8,28,25.5,34.8,43.8,PF/C,6700,1,27.0,16.0,106,114,-1%,14,16,14,27,29,32,34.8,34.9,26.8,43.0,37.1,50.8,7.6,41.8,6.23,42.0,34.5,6.3,41.9,6.265000000000001,29.333333333333332,14.666666666666666,36.28,34.699999999999996,49.28011363636364
10,0,Kevin Huerter,0.0,ATL,CLE,1.0,229.5,114.3,16,16.0,25.0,33.8,PG/SG,5100,1,18.0,11.0,101,113,10%,13,11,8,34,31,25,25.0,21.2,14.6,27.8,31.7,32.5,6.4,27.0,5.29,28.0,32.0,5.5,27.5,5.395,30.0,10.666666666666666,23.22,24.933333333333334,29.333333333333332
10,1,Bradley Beal,0.0,WAS,NY,3.5,228.0,112.3,29,45.3,55.6,60.0,SG,9300,1,32.0,21.0,101,112,-4%,24,23,22,39,38,37,55.5,48.1,36.4,59.8,36.5,47.0,5.1,48.0,5.16,53.9,38.5,5.8,50.95,5.48,38.0,23.0,50.15,53.63333333333333,51.62039473684211
10,2,Harrison Barnes,0.0,SAC,HOU,6.0,230.5,112.3,29,7.8,24.9,39.5,SF/PF,5500,1,19.0,15.0,106,107,13%,13,13,12,32,34,36,24.9,28.1,19.8,36.4,30.3,15.0,2.7,26.5,4.82,25.8,33.0,4.7,26.15,4.76,34.0,12.666666666666666,27.07,24.066666666666663,25.380882352941175
10,3,Kris Dunn,0.0,CHI,ORL,5.0,207.0,101.0,27,14.8,26.0,36.3,PG/SF,5000,1,16.0,12.0,100,106,-3%,9,7,7,35,30,24,25.9,20.9,13.0,28.7,31.6,30.8,6.2,25.8,5.15,24.4,30.5,4.9,25.1,5.025,29.666666666666668,7.666666666666667,22.72,25.7,25.80505617977528
10,4,Will Barton,0.0,DEN,PHO,-2.5,218.5,110.5,29,19.0,32.1,42.8,PG/SF,6200,0,20.0,16.0,105,108,6%,12,13,13,33,34,33,32.0,32.8,23.1,42.5,34.4,31.0,5.0,30.8,4.96,32.0,34.0,5.2,31.4,5.08,33.333333333333336,12.666666666666666,32.36,31.3,32.02799999999999
10,5,Solomon Hill,0.0,MEM,SA,1.0,229.0,114.0,26,10.8,16.4,21.8,SF/PF,3400,1,15.0,11.0,104,110,5%,7,6,6,21,19,20,16.4,15.6,8.6,22.6,12.3,11.5,3.4,16.0,4.71,9.6,13.0,2.8,12.8,3.755,20.0,6.333333333333333,15.2,16.333333333333332,8.32
10,6,Paul Millsap,0.0,DEN,PHO,-2.5,218.5,110.5,5,13.3,24.0,34.0,PF/C,4200,0,20.0,18.0,105,108,-2%,11,9,9,23,23,25,24.0,25.4,16.5,34.3,28.1,23.5,5.6,24.5,5.83,23.3,24.0,5.5,23.9,5.665,23.666666666666668,9.666666666666666,24.82,23.766666666666666,24.23661971830986
10,7,Alec Burks,0.0,GS,MIN,1.5,222.5,110.5,12,20.0,32.1,40.0,PG/SG,5300,2,23.0,16.0,106,110,4%,17,14,13,32,30,30,32.1,29.8,19.5,40.1,34.4,48.5,9.2,30.8,5.8,33.3,33.5,6.3,32.05,6.05,30.666666666666668,14.666666666666666,30.71,30.7,35.011141304347824
11,0,Devin Booker,0.0,PHO,DEN,2.5,218.5,108.0,17,27.5,39.6,50.0,PG/SG,7900,1,28.0,20.0,100,101,-8%,14,17,17,31,35,36,39.3,40.1,28.0,52.2,34.4,25.3,3.2,38.5,4.87,36.4,35.0,4.6,37.45,4.734999999999999,34.0,16.0,39.410000000000004,39.03333333333333,38.5514705882353
11,1,Gary Harris,0.0,DEN,PHO,-2.5,218.5,110.5,9,20.5,25.8,36.3,SG,4500,0,16.0,10.0,105,108,6%,10,10,10,33,35,34,25.8,22.7,15.4,30.0,35.0,15.5,3.4,22.3,4.94,22.8,33.5,5.1,22.55,5.02,34.0,10.0,23.29,27.53333333333333,22.218382352941177
11,2,Jeff Green,0.0,UTA,MIA,4.5,213.0,104.3,2,6.3,10.0,13.3,SF/PF,3200,1,19.0,10.0,102,104,-5%,6,6,6,15,16,18,10.0,13.7,7.4,19.9,18.4,15.3,4.8,10.8,3.36,11.5,16.5,3.6,11.15,3.48,16.333333333333332,6.0,12.429999999999998,9.866666666666667,11.263775510204082
11,3,Kenrich Williams,0.0,NO,POR,5.5,230.0,112.3,13,3.3,13.0,22.5,SF/PF,3300,2,10.0,8.0,105,108,0%,5,5,5,24,25,27,13.2,18.5,9.4,27.5,19.4,9.3,2.8,18.8,5.68,12.5,19.0,3.8,15.65,4.74,25.333333333333332,5.0,16.85,12.933333333333332,11.7375
11,4,Bradley Beal,0.0,WAS,NY,3.5,228.0,112.3,29,45.3,55.6,60.0,SG,9300,1,32.0,21.0,101,112,-4%,24,23,22,39,38,37,55.5,48.1,36.4,59.8,36.5,47.0,5.1,48.0,5.16,53.9,38.5,5.8,50.95,5.48,38.0,23.0,50.15,53.63333333333333,51.62039473684211
11,5,Buddy Hield,0.0,SAC,HOU,6.0,230.5,112.3,17,18.0,31.6,56.5,SG/SF,6700,1,27.0,15.0,106,107,11%,17,16,19,33,33,35,31.8,35.5,24.9,46.1,27.5,19.8,3.0,34.8,5.19,35.4,32.5,5.3,35.099999999999994,5.245,33.666666666666664,17.333333333333332,34.68,35.36666666666667,33.88366336633663
11,6,Hassan Whiteside,0.0,POR,NO,-5.5,230.0,117.8,28,35.0,50.0,63.0,C,7900,1,20.0,26.0,106,111,1%,9,12,11,35,34,29,50.0,40.9,30.1,51.7,32.1,44.0,5.6,46.8,5.92,47.5,32.5,6.0,47.15,5.96,32.666666666666664,10.666666666666666,43.970000000000006,49.333333333333336,46.9094387755102
11,7,Omari Spellman,0.0,GS,MIN,1.5,222.5,110.5,4,2.5,9.5,14.5,PF/C,3200,2,19.0,16.0,106,110,-3%,3,3,6,9,15,18,9.4,17.4,9.0,25.9,4.5,5.8,1.8,13.0,4.06,0.0,0.0,0.0,6.5,2.03,14.0,4.0,13.639999999999997,8.833333333333334,0.0
12,0,Matthew Dellavedova,0.0,CLE,ATL,-1.0,229.5,115.3,23,3.5,9.5,15.5,PG/SG,3100,2,15.0,6.0,106,112,0%,2,2,3,14,12,13,9.4,8.4,4.2,12.7,18.9,18.8,6.1,11.5,3.71,9.8,13.5,3.2,10.65,3.455,13.0,2.3333333333333335,9.07,9.5,11.059615384615384
12,1,Jrue Holiday,0.0,NO,POR,5.5,230.0,112.3,19,30.8,40.4,50.0,PG/SG,7800,2,27.0,16.0,105,108,3%,21,22,18,35,37,37,40.4,41.0,31.4,50.6,37.5,39.0,5.0,40.3,5.16,38.4,35.5,4.9,39.349999999999994,5.03,36.333333333333336,20.333333333333332,40.55,40.4,38.44747706422017
12,2,Julius Randle,0.0,NY,WAS,-3.5,228.0,115.8,28,25.5,34.8,43.8,PF/C,6700,1,27.0,16.0,106,114,-1%,14,16,14,27,29,32,34.8,34.9,26.8,43.0,37.1,50.8,7.6,41.8,6.23,42.0,34.5,6.3,41.9,6.265000000000001,29.333333333333332,14.666666666666666,36.28,34.699999999999996,49.28011363636364
12,3,Robert Covington,0.0,MIN,GS,-1.5,222.5,112.0,30,12.3,25.0,35.8,SF/PF,5300,1,17.0,13.0,103,110,3%,8,11,10,27,29,28,25.0,25.7,17.1,34.2,12.3,10.5,2.0,29.5,5.57,28.5,30.0,5.4,29.0,5.485,28.0,9.666666666666666,26.2,24.366666666666664,31.071428571428573
12,4,Ish Smith,0.0,WAS,NY,3.5,228.0,112.3,2,3.8,24.2,36.3,PG,4500,1,18.0,13.0,101,112,2%,8,9,9,25,27,26,24.6,21.8,11.7,31.9,25.2,30.5,6.8,32.3,7.17,31.1,33.5,6.9,31.7,7.035,26.0,8.666666666666666,24.340000000000003,21.433333333333334,40.84423076923076
12,5,Brandon Clarke,0.0,MEM,SA,1.0,229.0,114.0,23,11.3,25.1,36.3,PF/C,5400,1,20.0,23.0,104,110,1%,6,11,9,18,22,22,25.1,25.2,18.5,31.9,21.1,16.0,3.0,26.3,4.86,23.4,21.0,4.3,24.85,4.58,20.666666666666668,8.666666666666666,25.109999999999996,24.233333333333334,25.250806451612902
12,6,Trey Lyles,0.0,SA,MEM,-1.0,229.0,115.0,13,5.5,10.2,17.3,PF/C,3000,1,12.0,12.0,106,109,3%,3,4,4,12,13,17,10.2,14.6,7.5,21.7,25.1,36.5,12.2,13.3,4.42,11.9,13.5,4.0,12.600000000000001,4.21,14.0,3.6666666666666665,13.319999999999999,11.0,12.150000000000002
12,7,Markelle Fultz,0.0,ORL,CHI,-5.0,207.0,106.0,4,16.8,21.7,26.5,PG/SG,5200,2,23.0,15.0,103,104,-14%,9,9,10,28,27,26,21.7,23.8,18.0,29.5,27.0,26.5,5.1,24.3,4.66,24.7,28.5,4.8,24.5,4.73,27.0,9.333333333333334,23.5,21.666666666666668,25.86111111111111
14,0,Goran Dragic,0.0,MIA,UTA,-4.5,213.0,108.8,22,19.0,29.8,36.5,PG,5600,2,25.0,17.0,102,104,-1%,15,12,12,28,29,29,29.8,30.5,23.5,37.5,29.9,27.0,4.8,25.5,4.55,24.9,25.5,4.4,25.2,4.475,28.666666666666668,13.0,29.3,28.433333333333334,22.41627906976744
14,1,Justin Holiday,0.0,IND,TOR,-7.0,211.0,109.0,28,9.0,15.7,23.3,SG/SF,4400,0,13.0,12.0,104,101,0%,7,7,7,24,23,25,15.7,18.5,10.8,26.2,20.2,10.0,2.3,18.0,4.09,18.1,25.0,4.1,18.05,4.095,24.0,7.0,17.85,16.0,18.802083333333332
14,2,Kevon Looney,0.0,GS,MIN,1.5,222.5,110.5,4,4.8,6.0,8.0,PF/C,3000,2,0.0,0.0,106,110,7%,4,3,3,9,10,11,6.0,7.7,3.7,11.7,8.7,6.8,2.3,11.0,3.67,0.0,0.0,0.0,5.5,1.835,10.0,3.3333333333333335,6.919999999999999,6.266666666666667,0.0
14,3,Dario Saric,0.0,PHO,DEN,2.5,218.5,108.0,10,17.5,28.7,47.3,SF/PF,4900,1,17.0,14.0,100,101,-7%,10,11,10,26,29,29,28.6,27.1,15.7,38.5,16.6,24.0,4.9,24.0,4.9,25.2,28.0,5.1,24.6,5.0,28.0,10.333333333333334,26.9,31.166666666666668,24.6
14,4,Troy Brown,0.0,WAS,NY,3.5,228.0,112.3,29,19.3,24.3,27.0,SG/SF,4800,1,16.0,14.0,101,112,3%,13,10,7,29,28,23,23.9,20.9,13.0,28.7,32.3,52.8,11.0,27.8,5.78,28.3,30.5,5.9,28.05,5.84,26.666666666666668,10.0,22.91,23.53333333333333,32.082187499999996
14,5,Meyers Leonard,0.0,MIA,UTA,-4.5,213.0,108.8,6,6.5,16.3,26.3,PF/C,3600,2,12.0,12.0,102,104,0%,6,5,4,25,19,18,16.3,14.3,5.2,23.3,21.8,24.5,6.8,17.0,4.72,13.9,18.0,3.9,15.45,4.31,20.666666666666668,5.0,14.910000000000002,16.366666666666667,13.456451612903223
14,6,Kelly Olynyk,0.0,MIA,UTA,-4.5,213.0,108.8,6,5.3,19.9,32.0,PF/C,3700,2,16.0,13.0,102,104,0%,5,6,7,22,22,24,20.4,20.9,11.4,30.4,7.9,5.8,1.6,19.8,5.34,17.3,20.0,4.7,18.55,5.02,22.666666666666668,6.0,20.33,19.066666666666666,16.36764705882353
14,7,Solomon Hill,0.0,MEM,SA,1.0,229.0,114.0,26,10.8,16.4,21.8,SF/PF,3400,1,15.0,11.0,104,110,5%,7,6,6,21,19,20,16.4,15.6,8.6,22.6,12.3,11.5,3.4,16.0,4.71,9.6,13.0,2.8,12.8,3.755,20.0,6.333333333333333,15.2,16.333333333333332,8.32
15,0,Kyle Lowry,0.0,TOR,IND,7.0,211.0,102.0,15,37.0,48.7,60.5,PG,8800,0,23.0,17.0,102,102,-2%,19,16,15,41,40,39,49.0,42.7,33.6,51.7,43.8,53.0,6.0,39.8,4.52,42.3,39.0,4.8,41.05,4.66,40.0,16.666666666666668,43.61,48.73333333333333,40.02374999999999
15,1,Malik Beasley,0.0,DEN,PHO,-2.5,218.5,110.5,29,6.0,11.5,25.0,PG/SG,3000,0,20.0,8.0,105,108,6%,8,5,6,18,15,16,11.5,11.3,3.8,18.7,20.4,10.8,3.6,13.5,4.5,11.1,14.5,3.7,12.3,4.1,16.333333333333332,6.333333333333333,11.52,14.166666666666666,10.919387755102044
15,2,John Collins,0.0,ATL,CLE,1.0,229.5,114.3,19,30.3,36.9,50.8,PF/C,7600,1,0.0,0.0,101,113,4%,14,12,12,34,32,32,36.9,36.9,28.2,45.6,34.8,50.0,6.6,36.8,4.84,35.8,30.5,4.7,36.3,4.77,32.666666666666664,12.666666666666666,36.779999999999994,39.333333333333336,33.8923469387755
15,3,Jeff Green,0.0,UTA,MIA,4.5,213.0,104.3,2,6.3,10.0,13.3,SF/PF,3200,1,19.0,10.0,102,104,-5%,6,6,6,15,16,18,10.0,13.7,7.4,19.9,18.4,15.3,4.8,10.8,3.36,11.5,16.5,3.6,11.15,3.48,16.333333333333332,6.0,12.429999999999998,9.866666666666667,11.263775510204082
15,4,Patty Mills,0.0,SA,MEM,-1.0,229.0,115.0,5,6.3,22.2,39.8,PG/SG,4100,1,19.0,15.0,106,109,3%,11,11,9,23,25,24,22.1,19.6,9.9,29.2,18.0,17.8,4.3,19.8,4.82,18.9,22.5,4.6,19.35,4.71,24.0,10.333333333333334,20.03,22.766666666666666,18.140625
15,5,Edmond Sumner,0.0,IND,TOR,-7.0,211.0,109.0,28,3.0,8.8,16.8,SG/SF,3000,0,0.0,0.0,104,101,-1%,4,4,4,18,15,16,8.5,10.1,4.5,15.8,13.6,13.0,4.3,10.8,3.58,12.4,15.0,4.1,11.600000000000001,3.84,16.333333333333332,4.0,10.100000000000001,9.533333333333333,10.653061224489798
15,6,Alex Len,0.0,ATL,CLE,1.0,229.5,114.3,4,13.8,26.7,47.5,C,5300,1,18.0,18.0,101,113,-1%,9,8,7,21,23,19,26.6,19.9,9.2,30.7,6.5,5.0,0.9,25.5,4.81,18.5,17.0,3.5,22.0,4.154999999999999,21.0,8.0,21.68,29.333333333333332,17.80952380952381
15,7,Ian Mahinmi,0.0,WAS,NY,3.5,228.0,112.3,13,10.8,19.6,24.0,C,4400,1,0.0,0.0,101,112,-3%,6,6,6,17,20,19,19.8,19.3,14.2,24.4,28.2,26.3,6.0,21.0,4.77,22.2,24.0,5.0,21.6,4.885,18.666666666666668,6.0,19.860000000000003,18.133333333333336,27.771428571428572
16,0,Ben Simmons,0.0,PHI,DET,-6.0,216.0,111.0,26,35.0,42.3,55.3,PG/SF,8500,1,22.0,18.0,102,109,8%,10,12,11,34,36,36,42.3,40.9,32.8,48.9,37.3,60.3,7.1,41.5,4.88,41.4,35.5,4.9,41.45,4.890000000000001,35.333333333333336,11.0,41.269999999999996,44.199999999999996,41.64551886792452
16,1,Kent Bazemore,0.0,POR,NO,-5.5,230.0,117.8,25,10.3,21.1,34.5,SG/SF,4700,1,17.0,9.0,106,111,2%,10,9,8,33,31,24,21.1,19.0,11.0,26.9,31.3,5.3,1.1,29.5,6.28,23.5,31.0,5.0,26.5,5.640000000000001,29.333333333333332,9.0,20.9,21.96666666666667,28.00568181818182
16,2,Trevor Ariza,0.0,SAC,HOU,6.0,230.5,112.3,29,6.3,17.8,33.5,SF/PF,3800,1,12.0,9.0,106,107,13%,8,5,5,24,25,24,18.1,15.9,7.0,24.9,35.0,24.5,6.4,18.0,4.74,13.4,19.0,3.5,15.7,4.12,24.333333333333332,6.0,16.32,19.2,12.25890410958904
16,3,Solomon Hill,0.0,MEM,SA,1.0,229.0,114.0,26,10.8,16.4,21.8,SF/PF,3400,1,15.0,11.0,104,110,5%,7,6,6,21,19,20,16.4,15.6,8.6,22.6,12.3,11.5,3.4,16.0,4.71,9.6,13.0,2.8,12.8,3.755,20.0,6.333333333333333,15.2,16.333333333333332,8.32
16,4,D.J. Augustin,0.0,ORL,CHI,-5.0,207.0,106.0,4,15.5,28.3,36.0,PG,4600,2,20.0,15.0,103,104,-14%,13,10,9,29,27,26,28.3,22.0,14.3,29.6,21.0,12.0,2.6,22.8,4.95,22.5,27.5,4.9,22.65,4.925000000000001,27.333333333333332,10.666666666666666,23.369999999999997,26.599999999999998,22.78810975609756
16,5,Vince Carter,0.0,ATL,CLE,1.0,229.5,114.3,5,1.3,10.3,22.5,SF/PF,3300,1,17.0,7.0,101,113,10%,6,6,6,16,16,16,10.3,11.1,3.5,18.6,15.0,13.3,4.0,5.5,1.67,0.0,0.0,0.0,2.75,0.835,16.0,6.0,9.25,11.366666666666667,0.0
16,6,Tristan Thompson,0.0,CLE,ATL,-1.0,229.5,115.3,24,14.8,29.4,35.3,C,6300,2,20.0,18.0,106,112,3%,12,11,11,34,31,32,29.4,34.1,25.1,43.1,32.5,24.0,3.8,34.8,5.52,34.1,32.5,5.4,34.45,5.46,32.333333333333336,11.333333333333334,33.23,26.5,34.62757731958763
16,7,Tyus Jones,0.0,MEM,SA,1.0,229.0,114.0,14,8.3,18.2,27.8,PG/SG,3300,1,18.0,12.0,104,110,6%,5,4,6,19,18,20,18.1,17.1,8.7,25.4,17.6,20.8,6.3,15.5,4.7,13.8,15.5,4.2,14.65,4.45,19.0,5.0,16.79,18.099999999999998,11.951315789473686
17,0,D'Angelo Russell,0.0,GS,MIN,1.5,222.5,110.5,12,18.5,38.2,50.8,PG/SG,7500,2,33.0,18.0,106,110,7%,22,20,19,33,32,32,38.2,39.7,24.4,54.9,33.4,42.0,5.6,43.0,5.73,44.2,33.0,5.9,43.6,5.815,32.333333333333336,20.333333333333332,40.160000000000004,35.833333333333336,44.49896907216495
17,1,Derrick White,0.0,SA,MEM,-1.0,229.0,115.0,5,9.3,23.2,31.3,PG/SG,4000,1,18.0,14.0,106,109,3%,8,7,8,21,24,24,23.1,20.4,12.6,28.2,19.8,25.0,6.3,20.0,5.0,19.2,21.5,4.8,19.6,4.9,23.0,7.666666666666667,20.78,21.266666666666666,18.321739130434786
17,2,Chris Boucher,0.0,TOR,IND,7.0,211.0,102.0,21,2.0,14.4,41.3,PF/C,3500,0,18.0,19.0,102,102,-7%,8,4,4,19,12,12,14.4,13.8,1.6,26.0,13.8,16.0,4.6,19.0,5.43,18.2,16.0,5.2,18.6,5.3149999999999995,14.333333333333334,5.333333333333333,14.88,19.23333333333333,20.76279069767442
17,3,Solomon Hill,0.0,MEM,SA,1.0,229.0,114.0,26,10.8,16.4,21.8,SF/PF,3400,1,15.0,11.0,104,110,5%,7,6,6,21,19,20,16.4,15.6,8.6,22.6,12.3,11.5,3.4,16.0,4.71,9.6,13.0,2.8,12.8,3.755,20.0,6.333333333333333,15.2,16.333333333333332,8.32
17,4,Patty Mills,0.0,SA,MEM,-1.0,229.0,115.0,5,6.3,22.2,39.8,PG/SG,4100,1,19.0,15.0,106,109,3%,11,11,9,23,25,24,22.1,19.6,9.9,29.2,18.0,17.8,4.3,19.8,4.82,18.9,22.5,4.6,19.35,4.71,24.0,10.333333333333334,20.03,22.766666666666666,18.140625
17,5,Isaac Bonga,0.0,WAS,NY,3.5,228.0,112.3,20,3.3,10.3,22.0,SF,3600,1,10.0,9.0,101,112,2%,1,2,3,14,19,17,10.4,10.6,4.4,16.9,11.4,9.0,2.5,16.3,4.51,17.0,24.5,4.7,16.65,4.605,16.666666666666668,2.0,11.79,11.866666666666667,24.475499999999997
17,6,John Collins,0.0,ATL,CLE,1.0,229.5,114.3,19,30.3,36.9,50.8,PF/C,7600,1,0.0,0.0,101,113,4%,14,12,12,34,32,32,36.9,36.9,28.2,45.6,34.8,50.0,6.6,36.8,4.84,35.8,30.5,4.7,36.3,4.77,32.666666666666664,12.666666666666666,36.779999999999994,39.333333333333336,33.8923469387755
17,7,Evan Fournier,0.0,ORL,CHI,-5.0,207.0,106.0,19,22.8,28.0,39.0,SG/SF,6000,2,26.0,19.0,103,104,-1%,14,15,15,30,29,31,27.9,30.5,21.9,39.1,31.9,19.0,3.2,28.8,4.79,28.1,31.5,4.7,28.450000000000003,4.745,30.0,14.666666666666666,29.570000000000004,29.933333333333334,29.872500000000006
19,0,Darius Garland,0.0,CLE,ATL,-1.0,229.5,115.3,23,16.3,23.5,35.5,PG,4600,2,22.0,8.0,106,112,0%,10,11,11,28,30,28,23.1,19.0,11.8,26.2,26.2,24.3,5.3,24.5,5.33,22.2,29.0,4.8,23.35,5.0649999999999995,28.666666666666668,10.666666666666666,20.689999999999998,25.099999999999998,23.62151162790698
19,1,Allonzo Trier,0.0,NY,WAS,-3.5,228.0,115.8,28,8.0,11.1,16.5,PG/SG,3000,1,0.0,0.0,106,114,10%,1,4,4,11,11,13,11.1,11.9,3.1,20.7,19.6,15.0,5.0,13.5,4.5,12.6,14.0,4.2,13.05,4.35,11.666666666666666,3.0,11.970000000000002,11.866666666666667,15.660000000000004
19,2,Rondae Hollis-Jefferson,0.0,TOR,IND,7.0,211.0,102.0,4,6.0,18.9,34.3,SF/PF,4500,0,19.0,17.0,102,102,-25%,11,7,7,24,16,20,18.9,20.4,11.3,29.4,37.6,34.3,7.6,21.3,4.72,19.3,22.5,4.3,20.3,4.51,20.0,8.333333333333334,20.059999999999995,19.73333333333333,22.837500000000002
19,3,De'Andre Hunter,0.0,ATL,CLE,1.0,229.5,114.3,5,7.5,24.2,33.3,SF/PF,4700,1,18.0,9.0,101,113,7%,9,13,11,31,33,32,24.2,22.5,12.8,32.3,39.3,30.3,6.4,23.3,4.95,24.1,33.0,5.1,23.700000000000003,5.025,32.0,11.0,23.1,21.666666666666668,24.440625000000004
19,4,Kevin Huerter,0.0,ATL,CLE,1.0,229.5,114.3,16,16.0,25.0,33.8,PG/SG,5100,1,18.0,11.0,101,113,10%,13,11,8,34,31,25,25.0,21.2,14.6,27.8,31.7,32.5,6.4,27.0,5.29,28.0,32.0,5.5,27.5,5.395,30.0,10.666666666666666,23.22,24.933333333333334,29.333333333333332
19,5,Dario Saric,0.0,PHO,DEN,2.5,218.5,108.0,10,17.5,28.7,47.3,SF/PF,4900,1,17.0,14.0,100,101,-7%,10,11,10,26,29,29,28.6,27.1,15.7,38.5,16.6,24.0,4.9,24.0,4.9,25.2,28.0,5.1,24.6,5.0,28.0,10.333333333333334,26.9,31.166666666666668,24.6
19,6,Nikola Vucevic,0.0,ORL,CHI,-5.0,207.0,106.0,20,19.3,37.1,57.0,C,8200,2,25.0,22.0,103,104,13%,18,16,16,33,32,32,46.0,42.3,31.2,53.4,31.0,37.3,4.5,46.5,5.67,46.1,32.5,5.6,46.3,5.635,32.333333333333336,16.666666666666668,43.839999999999996,37.800000000000004,46.538659793814425
19,7,Collin Sexton,0.0,CLE,ATL,-1.0,229.5,115.3,23,16.5,27.7,36.3,PG/SG,5400,2,27.0,15.0,106,112,0%,13,14,15,28,30,30,28.1,26.6,19.8,33.4,35.8,38.0,7.0,28.5,5.28,29.4,30.5,5.4,28.95,5.34,29.333333333333332,14.0,27.369999999999997,26.833333333333332,30.101420454545455
20,0,Darius Garland,0.0,CLE,ATL,-1.0,229.5,115.3,23,16.3,23.5,35.5,PG,4600,2,22.0,8.0,106,112,0%,10,11,11,28,30,28,23.1,19.0,11.8,26.2,26.2,24.3,5.3,24.5,5.33,22.2,29.0,4.8,23.35,5.0649999999999995,28.666666666666668,10.666666666666666,20.689999999999998,25.099999999999998,23.62151162790698
20,1,Terrence Ross,0.0,ORL,CHI,-5.0,207.0,106.0,19,12.5,17.1,24.3,SG/SF,4400,2,22.0,13.0,103,104,-3%,10,9,11,22,24,25,17.1,20.3,13.5,27.1,31.4,36.0,8.2,20.3,4.6,21.3,25.0,4.8,20.8,4.699999999999999,23.666666666666668,10.0,19.759999999999998,17.96666666666667,21.971830985915492
20,2,Thon Maker,0.0,DET,PHI,6.0,216.0,105.0,2,2.5,13.6,24.8,PF/C,3100,1,13.0,12.0,102,102,-13%,6,3,2,18,17,11,13.6,8.4,2.0,14.9,9.7,7.3,2.4,8.3,2.66,9.6,12.5,3.1,8.95,2.88,15.333333333333334,3.6666666666666665,9.569999999999999,13.633333333333335,7.296195652173912
20,3,Kent Bazemore,0.0,POR,NO,-5.5,230.0,117.8,25,10.3,21.1,34.5,SG/SF,4700,1,17.0,9.0,106,111,2%,10,9,8,33,31,24,21.1,19.0,11.0,26.9,31.3,5.3,1.1,29.5,6.28,23.5,31.0,5.0,26.5,5.640000000000001,29.333333333333332,9.0,20.9,21.96666666666667,28.00568181818182
20,4,Terence Davis,0.0,TOR,IND,7.0,211.0,102.0,15,4.3,12.3,21.3,PG/SG,3700,0,17.0,14.0,102,102,-7%,4,4,5,20,17,17,12.3,15.2,6.0,24.5,19.9,15.3,4.1,16.5,4.46,15.3,18.5,4.1,15.9,4.279999999999999,18.0,4.333333333333333,14.780000000000001,12.633333333333335,16.341666666666665
20,5,Tobias Harris,0.0,PHI,DET,-6.0,216.0,111.0,18,12.0,29.4,40.8,SF/PF,7200,1,24.0,17.0,102,109,1%,11,15,16,32,35,35,29.4,35.8,26.8,44.8,34.3,54.3,7.5,34.5,4.79,35.6,34.5,4.9,35.05,4.845000000000001,34.0,14.0,34.36999999999999,27.399999999999995,35.565441176470586
20,6,Omari Spellman,0.0,GS,MIN,1.5,222.5,110.5,4,2.5,9.5,14.5,PF/C,3200,2,19.0,16.0,106,110,-3%,3,3,6,9,15,18,9.4,17.4,9.0,25.9,4.5,5.8,1.8,13.0,4.06,0.0,0.0,0.0,6.5,2.03,14.0,4.0,13.639999999999997,8.833333333333334,0.0
20,7,Hassan Whiteside,0.0,POR,NO,-5.5,230.0,117.8,28,35.0,50.0,63.0,C,7900,1,20.0,26.0,106,111,1%,9,12,11,35,34,29,50.0,40.9,30.1,51.7,32.1,44.0,5.6,46.8,5.92,47.5,32.5,6.0,47.15,5.96,32.666666666666664,10.666666666666666,43.970000000000006,49.333333333333336,46.9094387755102
21,0,D.J. Augustin,0.0,ORL,CHI,-5.0,207.0,106.0,4,15.5,28.3,36.0,PG,4600,2,20.0,15.0,103,104,-14%,13,10,9,29,27,26,28.3,22.0,14.3,29.6,21.0,12.0,2.6,22.8,4.95,22.5,27.5,4.9,22.65,4.925000000000001,27.333333333333332,10.666666666666666,23.369999999999997,26.599999999999998,22.78810975609756
21,1,Terence Davis,0.0,TOR,IND,7.0,211.0,102.0,15,4.3,12.3,21.3,PG/SG,3700,0,17.0,14.0,102,102,-7%,4,4,5,20,17,17,12.3,15.2,6.0,24.5,19.9,15.3,4.1,16.5,4.46,15.3,18.5,4.1,15.9,4.279999999999999,18.0,4.333333333333333,14.780000000000001,12.633333333333335,16.341666666666665
21,2,Jerami Grant,0.0,DEN,PHO,-2.5,218.5,110.5,5,10.3,16.0,22.5,PF/C,3900,0,18.0,12.0,105,108,0%,6,7,8,23,25,23,15.9,17.6,10.5,24.7,19.9,14.8,3.8,18.0,4.62,18.0,22.5,4.6,18.0,4.609999999999999,23.666666666666668,7.0,17.34,16.266666666666666,17.112676056338028
21,3,DeMar DeRozan,0.0,SA,MEM,-1.0,229.0,115.0,26,23.8,29.4,35.5,SG/SF,6800,1,27.0,18.0,106,109,8%,14,15,16,32,35,35,31.9,36.5,29.4,43.6,29.0,51.3,7.5,34.3,5.04,35.9,33.0,5.3,35.099999999999994,5.17,34.0,15.0,35.3,29.566666666666666,34.067647058823525
21,4,Langston Galloway,0.0,DET,PHI,6.0,216.0,105.0,1,12.3,15.7,19.0,PG/SG,3800,1,16.0,13.0,102,102,-5%,8,8,9,21,23,27,15.7,18.8,11.8,25.7,31.2,14.8,3.9,20.5,5.39,17.6,27.0,4.6,19.05,4.994999999999999,23.666666666666668,8.333333333333334,18.21,15.666666666666666,21.733098591549297
21,5,Rondae Hollis-Jefferson,0.0,TOR,IND,7.0,211.0,102.0,4,6.0,18.9,34.3,SF/PF,4500,0,19.0,17.0,102,102,-25%,11,7,7,24,16,20,18.9,20.4,11.3,29.4,37.6,34.3,7.6,21.3,4.72,19.3,22.5,4.3,20.3,4.51,20.0,8.333333333333334,20.059999999999995,19.73333333333333,22.837500000000002
21,6,Tristan Thompson,0.0,CLE,ATL,-1.0,229.5,115.3,24,14.8,29.4,35.3,C,6300,2,20.0,18.0,106,112,3%,12,11,11,34,31,32,29.4,34.1,25.1,43.1,32.5,24.0,3.8,34.8,5.52,34.1,32.5,5.4,34.45,5.46,32.333333333333336,11.333333333333334,33.23,26.5,34.62757731958763
21,7,Kevin Porter Jr.,0.0,CLE,ATL,-1.0,229.5,115.3,15,11.0,14.9,20.0,SG/SF,3700,2,19.0,10.0,106,112,0%,7,7,7,19,21,21,14.9,16.3,8.7,23.8,23.3,29.8,8.1,18.0,4.86,22.3,24.0,6.0,20.15,5.43,20.333333333333332,7.0,16.77,15.299999999999999,23.78360655737705
22,0,Terence Davis,0.0,TOR,IND,7.0,211.0,102.0,15,4.3,12.3,21.3,PG/SG,3700,0,17.0,14.0,102,102,-7%,4,4,5,20,17,17,12.3,15.2,6.0,24.5,19.9,15.3,4.1,16.5,4.46,15.3,18.5,4.1,15.9,4.279999999999999,18.0,4.333333333333333,14.780000000000001,12.633333333333335,16.341666666666665
22,1,Gary Trent Jr.,0.0,POR,NO,-5.5,230.0,117.8,25,1.3,7.1,15.8,SG,3000,1,0.0,0.0,106,111,2%,4,4,3,16,14,10,7.0,6.9,0.3,13.4,16.7,8.0,2.7,12.8,4.25,7.1,11.0,2.4,9.95,3.325,13.333333333333334,3.6666666666666665,7.51,8.066666666666668,8.20875
22,2,Alfonzo McKinnie,0.0,CLE,ATL,-1.0,229.5,115.3,22,1.3,3.9,8.8,SF/PF,3000,2,15.0,6.0,106,112,23%,2,3,3,4,7,10,3.9,6.5,-0.1,13.2,5.3,2.0,0.7,7.0,2.33,7.9,10.5,2.6,7.45,2.465,7.0,2.6666666666666665,6.1899999999999995,4.666666666666667,11.175
22,3,Cam Reddish,0.0,ATL,CLE,1.0,229.5,114.3,24,12.0,17.9,26.0,SG/SF,4200,1,19.0,6.0,101,113,4%,10,9,9,31,30,26,17.9,18.3,10.5,26.1,23.1,16.8,4.0,19.8,4.7,18.1,24.0,4.3,18.950000000000003,4.5,29.0,9.333333333333334,18.35,18.633333333333333,15.682758620689658
22,4,Donovan Mitchell,0.0,UTA,MIA,4.5,213.0,104.3,9,40.3,43.0,47.3,PG/SG,8300,1,31.0,20.0,102,104,-3%,21,21,21,36,36,35,43.0,40.2,32.1,48.3,38.8,31.8,3.8,38.0,4.58,39.0,35.0,4.7,38.5,4.640000000000001,35.666666666666664,21.0,40.42,43.53333333333333,37.780373831775705
22,5,Jonathan Isaac,0.0,ORL,CHI,-5.0,207.0,106.0,27,12.3,24.4,46.8,SF/PF,6000,2,18.0,17.0,103,104,7%,8,10,11,31,31,31,29.0,31.4,20.7,42.0,33.2,45.3,7.5,31.8,5.29,31.3,31.5,5.2,31.55,5.245,31.0,9.666666666666666,30.93,27.833333333333332,32.05887096774194
22,6,Gorgui Dieng,0.0,MIN,GS,-1.5,222.5,112.0,10,3.5,22.9,41.0,C,4600,1,18.0,17.0,103,110,0%,12,7,5,30,22,14,22.9,16.3,5.3,27.3,29.8,30.5,6.6,13.3,2.88,32.4,28.0,7.0,22.85,4.9399999999999995,22.0,8.0,18.93,22.46666666666667,29.081818181818186
22,7,Aron Baynes,0.0,PHO,DEN,2.5,218.5,108.0,18,7.0,19.3,26.0,C,4700,1,21.0,18.0,100,101,0%,12,9,10,29,23,24,19.3,26.5,15.1,38.0,29.9,21.5,4.6,25.3,5.37,29.2,29.0,6.2,27.25,5.785,25.333333333333332,10.333333333333334,25.229999999999997,17.433333333333334,31.194078947368425
23,0,Tim Frazier,0.0,DET,PHI,6.0,216.0,105.0,1,4.3,12.2,31.0,PG,3300,1,0.0,0.0,102,102,-8%,4,2,3,18,9,11,11.8,10.3,2.4,18.1,22.7,17.3,5.2,14.5,4.39,14.7,19.0,4.5,14.6,4.445,12.666666666666666,3.0,11.440000000000001,15.833333333333334,21.900000000000002
23,1,Jrue Holiday,0.0,NO,POR,5.5,230.0,112.3,19,30.8,40.4,50.0,PG/SG,7800,2,27.0,16.0,105,108,3%,21,22,18,35,37,37,40.4,41.0,31.4,50.6,37.5,39.0,5.0,40.3,5.16,38.4,35.5,4.9,39.349999999999994,5.03,36.333333333333336,20.333333333333332,40.55,40.4,38.44747706422017
23,2,Rondae Hollis-Jefferson,0.0,TOR,IND,7.0,211.0,102.0,4,6.0,18.9,34.3,SF/PF,4500,0,19.0,17.0,102,102,-25%,11,7,7,24,16,20,18.9,20.4,11.3,29.4,37.6,34.3,7.6,21.3,4.72,19.3,22.5,4.3,20.3,4.51,20.0,8.333333333333334,20.059999999999995,19.73333333333333,22.837500000000002
23,3,Bojan Bogdanovic,0.0,UTA,MIA,4.5,213.0,104.3,2,20.3,35.0,48.3,SF/PF,6900,1,25.0,16.0,102,104,-5%,14,16,15,37,36,34,35.0,32.1,22.1,42.1,29.2,28.5,4.1,33.5,4.86,33.2,36.0,4.8,33.35,4.83,35.666666666666664,15.0,32.92999999999999,34.53333333333333,33.66168224299066
23,4,Patty Mills,0.0,SA,MEM,-1.0,229.0,115.0,5,6.3,22.2,39.8,PG/SG,4100,1,19.0,15.0,106,109,3%,11,11,9,23,25,24,22.1,19.6,9.9,29.2,18.0,17.8,4.3,19.8,4.82,18.9,22.5,4.6,19.35,4.71,24.0,10.333333333333334,20.03,22.766666666666666,18.140625
23,5,Brandon Clarke,0.0,MEM,SA,1.0,229.0,114.0,23,11.3,25.1,36.3,PF/C,5400,1,20.0,23.0,104,110,1%,6,11,9,18,22,22,25.1,25.2,18.5,31.9,21.1,16.0,3.0,26.3,4.86,23.4,21.0,4.3,24.85,4.58,20.666666666666668,8.666666666666666,25.109999999999996,24.233333333333334,25.250806451612902
23,6,Kevin Love,0.0,CLE,ATL,-1.0,229.5,115.3,20,22.8,41.0,56.8,PF/C,7400,2,23.0,18.0,106,112,6%,11,13,12,30,30,31,41.0,37.2,24.5,49.8,34.4,40.5,5.5,36.5,4.93,37.5,29.5,5.1,37.0,5.015,30.333333333333332,12.0,37.9,40.199999999999996,35.98351648351649
23,7,DeAndre' Bembry,0.0,ATL,CLE,1.0,229.5,114.3,16,4.3,9.4,16.5,PG/SF,3400,1,14.0,11.0,101,113,5%,8,4,6,21,15,24,9.4,18.6,8.1,29.0,19.3,10.3,3.0,10.8,3.16,11.7,14.5,3.4,11.25,3.2800000000000002,20.0,6.0,15.27,10.066666666666666,8.15625
24,0,Kyle Lowry,0.0,TOR,IND,7.0,211.0,102.0,15,37.0,48.7,60.5,PG,8800,0,23.0,17.0,102,102,-2%,19,16,15,41,40,39,49.0,42.7,33.6,51.7,43.8,53.0,6.0,39.8,4.52,42.3,39.0,4.8,41.05,4.66,40.0,16.666666666666668,43.61,48.73333333333333,40.02374999999999
24,1,Ty Jerome,0.0,PHO,DEN,2.5,218.5,108.0,17,1.3,11.5,25.0,PG/SG,3100,1,0.0,0.0,100,101,-8%,7,6,5,17,15,14,11.5,12.9,4.7,21.0,5.0,1.0,0.3,11.0,3.55,0.0,0.0,0.0,5.5,1.775,15.333333333333334,6.0,11.120000000000001,12.6,0.0
24,2,Solomon Hill,0.0,MEM,SA,1.0,229.0,114.0,26,10.8,16.4,21.8,SF/PF,3400,1,15.0,11.0,104,110,5%,7,6,6,21,19,20,16.4,15.6,8.6,22.6,12.3,11.5,3.4,16.0,4.71,9.6,13.0,2.8,12.8,3.755,20.0,6.333333333333333,15.2,16.333333333333332,8.32
24,3,Cam Reddish,0.0,ATL,CLE,1.0,229.5,114.3,24,12.0,17.9,26.0,SG/SF,4200,1,19.0,6.0,101,113,4%,10,9,9,31,30,26,17.9,18.3,10.5,26.1,23.1,16.8,4.0,19.8,4.7,18.1,24.0,4.3,18.950000000000003,4.5,29.0,9.333333333333334,18.35,18.633333333333333,15.682758620689658
24,4,Austin Rivers,0.0,HOU,SAC,-6.0,230.5,118.3,21,3.0,14.8,32.3,PG/SG,3100,1,15.0,10.0,99,108,-6%,7,7,7,20,19,24,15.2,15.7,7.5,24.0,16.4,7.5,2.4,10.3,3.31,13.1,20.0,4.2,11.7,3.755,21.0,7.0,14.819999999999999,16.7,11.142857142857142
24,5,Mason Plumlee,0.0,DEN,PHO,-2.5,218.5,110.5,5,12.5,21.4,37.0,PF/C,4300,0,19.0,19.0,105,108,3%,4,5,5,17,20,17,21.4,19.7,11.6,27.8,17.1,13.8,3.2,20.3,4.71,17.3,16.0,4.0,18.8,4.355,18.0,4.666666666666667,19.859999999999996,23.633333333333336,16.711111111111112
24,6,Gorgui Dieng,0.0,MIN,GS,-1.5,222.5,112.0,10,3.5,22.9,41.0,C,4600,1,18.0,17.0,103,110,0%,12,7,5,30,22,14,22.9,16.3,5.3,27.3,29.8,30.5,6.6,13.3,2.88,32.4,28.0,7.0,22.85,4.9399999999999995,22.0,8.0,18.93,22.46666666666667,29.081818181818186
24,7,Bryn Forbes,0.0,SA,MEM,-1.0,229.0,115.0,5,5.5,10.0,24.0,PG/SG,3300,1,19.0,11.0,106,109,8%,6,7,10,21,21,26,9.9,18.9,10.1,27.7,24.9,18.0,5.5,17.3,5.23,18.5,24.0,5.6,17.9,5.415,22.666666666666668,7.666666666666667,16.9,13.166666666666666,18.952941176470585
25,0,Kevin Huerter,0.0,ATL,CLE,1.0,229.5,114.3,16,16.0,25.0,33.8,PG/SG,5100,1,18.0,11.0,101,113,10%,13,11,8,34,31,25,25.0,21.2,14.6,27.8,31.7,32.5,6.4,27.0,5.29,28.0,32.0,5.5,27.5,5.395,30.0,10.666666666666666,23.22,24.933333333333334,29.333333333333332
25,1,Cory Joseph,0.0,SAC,HOU,6.0,230.5,112.3,20,13.0,16.2,18.5,PG/SG,3200,1,15.0,8.0,106,107,-5%,6,5,6,27,27,26,16.2,17.1,9.3,25.0,28.1,19.0,5.9,16.8,5.23,11.7,17.5,3.7,14.25,4.465,26.666666666666668,5.666666666666667,16.369999999999997,15.9,9.351562499999998
25,2,Danuel House Jr.,0.0,HOU,SAC,-6.0,230.5,118.3,25,9.3,16.3,23.8,SF/PF,3900,1,13.0,13.0,99,108,-13%,8,7,9,32,32,31,16.3,22.3,14.0,30.6,32.0,20.0,5.1,18.3,4.68,21.1,31.5,5.4,19.700000000000003,5.04,31.666666666666668,8.0,20.580000000000002,16.46666666666667,19.59631578947369
25,3,DeAndre' Bembry,0.0,ATL,CLE,1.0,229.5,114.3,16,4.3,9.4,16.5,PG/SF,3400,1,14.0,11.0,101,113,5%,8,4,6,21,15,24,9.4,18.6,8.1,29.0,19.3,10.3,3.0,10.8,3.16,11.7,14.5,3.4,11.25,3.2800000000000002,20.0,6.0,15.27,10.066666666666666,8.15625
25,4,Russell Westbrook,0.0,HOU,SAC,-6.0,230.5,118.3,21,40.3,51.6,60.5,PG,8900,1,34.0,19.0,99,108,-6%,26,23,20,36,37,35,51.6,48.4,35.8,61.0,40.1,47.8,5.4,48.8,5.48,49.2,36.0,5.5,49.0,5.49,36.0,23.0,49.160000000000004,50.800000000000004,49.0
25,5,Marquese Chriss,0.0,GS,MIN,1.5,222.5,110.5,4,7.8,25.5,42.8,PF/C,3900,2,19.0,18.0,106,110,-3%,3,5,5,15,17,18,25.7,19.6,10.0,29.2,11.9,17.8,4.6,13.8,3.53,14.0,12.5,3.6,13.9,3.565,16.666666666666668,4.333333333333333,19.68,25.366666666666664,10.424999999999999
25,6,Trey Lyles,0.0,SA,MEM,-1.0,229.0,115.0,13,5.5,10.2,17.3,PF/C,3000,1,12.0,12.0,106,109,3%,3,4,4,12,13,17,10.2,14.6,7.5,21.7,25.1,36.5,12.2,13.3,4.42,11.9,13.5,4.0,12.600000000000001,4.21,14.0,3.6666666666666665,13.319999999999999,11.0,12.150000000000002
25,7,Mitchell Robinson,0.0,NY,WAS,-3.5,228.0,115.8,7,15.3,27.3,45.3,C,5800,1,15.0,24.0,106,114,10%,7,8,6,25,26,23,27.3,24.8,16.7,33.0,22.9,34.3,5.9,37.8,6.51,36.3,30.0,6.3,37.05,6.404999999999999,24.666666666666668,7.0,27.77,29.3,45.06081081081081
26,0,Kevin Huerter,0.0,ATL,CLE,1.0,229.5,114.3,16,16.0,25.0,33.8,PG/SG,5100,1,18.0,11.0,101,113,10%,13,11,8,34,31,25,25.0,21.2,14.6,27.8,31.7,32.5,6.4,27.0,5.29,28.0,32.0,5.5,27.5,5.395,30.0,10.666666666666666,23.22,24.933333333333334,29.333333333333332
26,1,Marco Belinelli,0.0,SA,MEM,-1.0,229.0,115.0,26,4.0,12.0,22.5,SG/SF,3000,1,17.0,8.0,106,109,8%,8,5,6,25,18,17,12.0,11.1,6.0,16.2,20.6,13.5,4.5,13.5,4.5,13.2,17.0,4.4,13.35,4.45,20.0,6.333333333333333,11.73,12.833333333333334,11.3475
26,2,Cedi Osman,0.0,CLE,ATL,-1.0,229.5,115.3,22,15.5,21.4,28.3,SF/PF,4000,2,16.0,10.0,106,112,23%,11,11,8,27,28,29,21.4,19.7,11.1,28.3,33.5,27.0,6.8,22.5,5.63,21.8,29.5,5.5,22.15,5.5649999999999995,28.0,10.0,20.529999999999994,21.733333333333334,23.33660714285714
26,3,Duncan Robinson,0.0,MIA,UTA,-4.5,213.0,108.8,23,14.3,20.6,26.3,SG/SF,4700,2,14.0,14.0,102,104,-1%,11,9,9,30,31,28,20.6,21.2,11.0,31.4,20.3,11.5,2.4,18.3,3.88,17.8,26.5,3.8,18.05,3.84,29.666666666666668,9.666666666666666,20.449999999999996,20.400000000000002,16.123314606741573
26,4,Damyean Dotson,0.0,NY,WAS,-3.5,228.0,115.8,7,0.0,11.4,22.8,SG/SF,3200,1,17.0,11.0,106,114,11%,6,5,6,17,16,16,11.4,11.2,4.4,18.0,27.2,28.5,8.9,17.5,5.47,17.5,22.5,5.5,17.5,5.484999999999999,16.333333333333332,5.666666666666667,12.5,11.4,24.107142857142858
26,5,Furkan Korkmaz,0.0,PHI,DET,-6.0,216.0,111.0,14,2.8,8.1,12.8,SG/SF,3600,1,15.0,9.0,102,109,-3%,5,4,7,16,14,21,8.1,13.2,5.7,20.7,21.7,33.5,9.3,12.0,3.33,12.4,18.5,3.4,12.2,3.365,17.0,5.333333333333333,11.98,7.8999999999999995,13.276470588235295
26,6,Marvin Bagley III,0.0,SAC,HOU,6.0,230.5,112.3,14,21.8,27.3,32.3,PF/C,5700,1,0.0,0.0,106,107,5%,12,12,13,27,24,24,27.3,26.9,22.0,31.7,23.0,19.5,3.4,33.5,5.88,32.0,27.5,5.6,32.75,5.74,25.0,12.333333333333334,28.130000000000003,27.133333333333336,36.025
26,7,Elfrid Payton,0.0,NY,WAS,-3.5,228.0,115.8,28,16.8,28.0,38.8,PG,5100,1,22.0,16.0,106,114,10%,6,9,8,23,24,22,27.9,23.5,12.9,34.1,30.2,35.3,6.9,29.3,5.74,30.6,27.0,6.0,29.950000000000003,5.87,23.0,7.666666666666667,25.670000000000005,27.866666666666664,35.15869565217392
27,0,Kris Dunn,0.0,CHI,ORL,5.0,207.0,101.0,27,14.8,26.0,36.3,PG/SF,5000,1,16.0,12.0,100,106,-3%,9,7,7,35,30,24,25.9,20.9,13.0,28.7,31.6,30.8,6.2,25.8,5.15,24.4,30.5,4.9,25.1,5.025,29.666666666666668,7.666666666666667,22.72,25.7,25.80505617977528
27,1,Duncan Robinson,0.0,MIA,UTA,-4.5,213.0,108.8,23,14.3,20.6,26.3,SG/SF,4700,2,14.0,14.0,102,104,-1%,11,9,9,30,31,28,20.6,21.2,11.0,31.4,20.3,11.5,2.4,18.3,3.88,17.8,26.5,3.8,18.05,3.84,29.666666666666668,9.666666666666666,20.449999999999996,20.400000000000002,16.123314606741573
27,2,Cameron Johnson,0.0,PHO,DEN,2.5,218.5,108.0,10,11.3,18.2,24.8,SF/PF,3400,1,16.0,13.0,100,101,-8%,7,7,7,20,25,21,18.1,17.0,8.6,25.4,18.7,22.8,6.7,16.3,4.78,15.4,22.5,4.5,15.850000000000001,4.640000000000001,22.0,7.0,16.99,18.099999999999998,16.210227272727277
27,3,Aaron Gordon,0.0,ORL,CHI,-5.0,207.0,106.0,27,14.8,25.7,35.0,SF/PF,6100,2,21.0,14.0,103,104,7%,16,14,13,32,32,32,25.6,29.9,20.7,39.1,31.4,44.8,7.3,33.0,5.41,31.2,32.5,5.1,32.1,5.255,32.0,14.333333333333334,29.48,25.166666666666668,32.6015625
27,4,DeMar DeRozan,0.0,SA,MEM,-1.0,229.0,115.0,26,23.8,29.4,35.5,SG/SF,6800,1,27.0,18.0,106,109,8%,14,15,16,32,35,35,31.9,36.5,29.4,43.6,29.0,51.3,7.5,34.3,5.04,35.9,33.0,5.3,35.099999999999994,5.17,34.0,15.0,35.3,29.566666666666666,34.067647058823525
27,5,Doug McDermott,0.0,IND,TOR,-7.0,211.0,109.0,8,10.5,18.3,23.5,SF/PF,3500,0,18.0,13.0,104,101,3%,9,7,8,24,23,21,18.3,16.2,8.6,23.7,23.1,18.0,5.1,13.5,3.86,16.6,21.5,4.7,15.05,4.28,22.666666666666668,8.0,16.369999999999997,17.433333333333334,14.275367647058824
27,6,Paul Millsap,0.0,DEN,PHO,-2.5,218.5,110.5,5,13.3,24.0,34.0,PF/C,4200,0,20.0,18.0,105,108,-2%,11,9,9,23,23,25,24.0,25.4,16.5,34.3,28.1,23.5,5.6,24.5,5.83,23.3,24.0,5.5,23.9,5.665,23.666666666666668,9.666666666666666,24.82,23.766666666666666,24.23661971830986
27,7,Allonzo Trier,0.0,NY,WAS,-3.5,228.0,115.8,28,8.0,11.1,16.5,PG/SG,3000,1,0.0,0.0,106,114,10%,1,4,4,11,11,13,11.1,11.9,3.1,20.7,19.6,15.0,5.0,13.5,4.5,12.6,14.0,4.2,13.05,4.35,11.666666666666666,3.0,11.970000000000002,11.866666666666667,15.660000000000004
28,0,Ricky Rubio,0.0,PHO,DEN,2.5,218.5,108.0,17,21.3,40.0,53.8,PG,7000,1,24.0,17.0,100,101,-8%,12,14,13,27,32,33,40.3,38.1,28.2,47.9,34.2,43.3,6.2,34.5,4.93,34.9,33.0,5.0,34.7,4.965,30.666666666666668,13.0,37.839999999999996,38.36666666666667,37.34021739130435
28,1,Jaylen Nowell,0.0,MIN,GS,-1.5,222.5,112.0,8,0.0,4.6,8.3,PG/SG,3000,1,0.0,0.0,103,110,6%,4,3,3,14,11,11,4.6,4.6,1.1,8.1,16.1,10.3,3.4,4.3,1.42,10.2,15.0,3.4,7.25,2.41,12.0,3.3333333333333335,5.13,4.3,9.0625
28,2,Doug McDermott,0.0,IND,TOR,-7.0,211.0,109.0,8,10.5,18.3,23.5,SF/PF,3500,0,18.0,13.0,104,101,3%,9,7,8,24,23,21,18.3,16.2,8.6,23.7,23.1,18.0,5.1,13.5,3.86,16.6,21.5,4.7,15.05,4.28,22.666666666666668,8.0,16.369999999999997,17.433333333333334,14.275367647058824
28,3,Derrick Jones Jr.,0.0,MIA,UTA,-4.5,213.0,108.8,12,23.0,26.4,33.0,SF/PF,4600,2,14.0,15.0,102,104,-5%,8,7,5,29,29,21,26.4,16.6,6.8,26.4,31.7,17.0,3.7,20.5,4.46,21.0,25.5,4.6,20.75,4.529999999999999,26.333333333333332,6.666666666666667,19.39,27.46666666666667,20.093354430379748
28,4,Dennis Smith Jr.,0.0,NY,WAS,-3.5,228.0,115.8,28,7.3,14.6,24.8,PG,3200,1,23.0,7.0,106,114,10%,7,6,6,13,13,17,14.6,13.7,4.6,22.7,7.0,1.3,0.4,14.3,4.45,11.4,11.5,3.6,12.850000000000001,4.025,14.333333333333334,6.333333333333333,13.690000000000001,15.566666666666668,10.309883720930234
28,5,Cam Reddish,0.0,ATL,CLE,1.0,229.5,114.3,24,12.0,17.9,26.0,SG/SF,4200,1,19.0,6.0,101,113,4%,10,9,9,31,30,26,17.9,18.3,10.5,26.1,23.1,16.8,4.0,19.8,4.7,18.1,24.0,4.3,18.950000000000003,4.5,29.0,9.333333333333334,18.35,18.633333333333333,15.682758620689658
28,6,Brandon Clarke,0.0,MEM,SA,1.0,229.0,114.0,23,11.3,25.1,36.3,PF/C,5400,1,20.0,23.0,104,110,1%,6,11,9,18,22,22,25.1,25.2,18.5,31.9,21.1,16.0,3.0,26.3,4.86,23.4,21.0,4.3,24.85,4.58,20.666666666666668,8.666666666666666,25.109999999999996,24.233333333333334,25.250806451612902
28,7,Bam Adebayo,0.0,MIA,UTA,-4.5,213.0,108.8,6,34.5,45.3,57.3,C,8700,2,21.0,20.0,102,104,0%,13,12,10,32,36,34,45.5,40.8,29.2,52.5,38.1,55.0,6.3,38.8,4.45,41.5,35.5,4.8,40.15,4.625,34.0,11.666666666666666,41.63,45.699999999999996,41.921323529411765
29,0,DeAndre' Bembry,0.0,ATL,CLE,1.0,229.5,114.3,16,4.3,9.4,16.5,PG/SF,3400,1,14.0,11.0,101,113,5%,8,4,6,21,15,24,9.4,18.6,8.1,29.0,19.3,10.3,3.0,10.8,3.16,11.7,14.5,3.4,11.25,3.2800000000000002,20.0,6.0,15.27,10.066666666666666,8.15625
29,1,Damyean Dotson,0.0,NY,WAS,-3.5,228.0,115.8,7,0.0,11.4,22.8,SG/SF,3200,1,17.0,11.0,106,114,11%,6,5,6,17,16,16,11.4,11.2,4.4,18.0,27.2,28.5,8.9,17.5,5.47,17.5,22.5,5.5,17.5,5.484999999999999,16.333333333333332,5.666666666666667,12.5,11.4,24.107142857142858
29,2,Bojan Bogdanovic,0.0,UTA,MIA,4.5,213.0,104.3,2,20.3,35.0,48.3,SF/PF,6900,1,25.0,16.0,102,104,-5%,14,16,15,37,36,34,35.0,32.1,22.1,42.1,29.2,28.5,4.1,33.5,4.86,33.2,36.0,4.8,33.35,4.83,35.666666666666664,15.0,32.92999999999999,34.53333333333333,33.66168224299066
29,3,Duncan Robinson,0.0,MIA,UTA,-4.5,213.0,108.8,23,14.3,20.6,26.3,SG/SF,4700,2,14.0,14.0,102,104,-1%,11,9,9,30,31,28,20.6,21.2,11.0,31.4,20.3,11.5,2.4,18.3,3.88,17.8,26.5,3.8,18.05,3.84,29.666666666666668,9.666666666666666,20.449999999999996,20.400000000000002,16.123314606741573
29,4,D'Angelo Russell,0.0,GS,MIN,1.5,222.5,110.5,12,18.5,38.2,50.8,PG/SG,7500,2,33.0,18.0,106,110,7%,22,20,19,33,32,32,38.2,39.7,24.4,54.9,33.4,42.0,5.6,43.0,5.73,44.2,33.0,5.9,43.6,5.815,32.333333333333336,20.333333333333332,40.160000000000004,35.833333333333336,44.49896907216495
29,5,Jaren Jackson Jr.,0.0,MEM,SA,1.0,229.0,114.0,23,15.8,30.1,41.8,PF/C,6600,1,24.0,17.0,104,110,1%,15,13,14,33,28,28,30.1,30.4,19.6,41.3,31.6,30.0,4.5,31.8,4.81,33.5,30.5,5.1,32.65,4.955,29.666666666666668,14.0,30.810000000000002,29.233333333333334,33.56713483146067
29,6,Thon Maker,0.0,DET,PHI,6.0,216.0,105.0,2,2.5,13.6,24.8,PF/C,3100,1,13.0,12.0,102,102,-13%,6,3,2,18,17,11,13.6,8.4,2.0,14.9,9.7,7.3,2.4,8.3,2.66,9.6,12.5,3.1,8.95,2.88,15.333333333333334,3.6666666666666665,9.569999999999999,13.633333333333335,7.296195652173912
29,7,Justin Robinson,0.0,WAS,NY,3.5,228.0,112.3,2,0.0,3.7,11.3,PG,3000,1,0.0,0.0,101,112,2%,1,1,1,4,4,3,3.0,2.5,-2.1,7.0,15.7,8.3,2.8,8.0,2.67,0.0,0.0,0.0,4.0,1.335,3.6666666666666665,1.0,2.88,5.0,0.0
30,0,Collin Sexton,0.0,CLE,ATL,-1.0,229.5,115.3,23,16.5,27.7,36.3,PG/SG,5400,2,27.0,15.0,106,112,0%,13,14,15,28,30,30,28.1,26.6,19.8,33.4,35.8,38.0,7.0,28.5,5.28,29.4,30.5,5.4,28.95,5.34,29.333333333333332,14.0,27.369999999999997,26.833333333333332,30.101420454545455
30,1,Gary Harris,0.0,DEN,PHO,-2.5,218.5,110.5,9,20.5,25.8,36.3,SG,4500,0,16.0,10.0,105,108,6%,10,10,10,33,35,34,25.8,22.7,15.4,30.0,35.0,15.5,3.4,22.3,4.94,22.8,33.5,5.1,22.55,5.02,34.0,10.0,23.29,27.53333333333333,22.218382352941177
30,2,Skal Labissiere,0.0,POR,NO,-5.5,230.0,117.8,1,10.8,19.0,28.0,PF/C,3100,1,14.0,16.0,106,111,3%,7,4,5,25,20,18,18.7,16.4,6.2,26.6,18.5,19.3,6.2,14.8,4.76,12.8,15.5,4.1,13.8,4.43,21.0,5.333333333333333,16.339999999999996,19.266666666666666,10.185714285714285
30,3,Ben Simmons,0.0,PHI,DET,-6.0,216.0,111.0,26,35.0,42.3,55.3,PG/SF,8500,1,22.0,18.0,102,109,8%,10,12,11,34,36,36,42.3,40.9,32.8,48.9,37.3,60.3,7.1,41.5,4.88,41.4,35.5,4.9,41.45,4.890000000000001,35.333333333333336,11.0,41.269999999999996,44.199999999999996,41.64551886792452
30,4,Patty Mills,0.0,SA,MEM,-1.0,229.0,115.0,5,6.3,22.2,39.8,PG/SG,4100,1,19.0,15.0,106,109,3%,11,11,9,23,25,24,22.1,19.6,9.9,29.2,18.0,17.8,4.3,19.8,4.82,18.9,22.5,4.6,19.35,4.71,24.0,10.333333333333334,20.03,22.766666666666666,18.140625
30,5,Thon Maker,0.0,DET,PHI,6.0,216.0,105.0,2,2.5,13.6,24.8,PF/C,3100,1,13.0,12.0,102,102,-13%,6,3,2,18,17,11,13.6,8.4,2.0,14.9,9.7,7.3,2.4,8.3,2.66,9.6,12.5,3.1,8.95,2.88,15.333333333333334,3.6666666666666665,9.569999999999999,13.633333333333335,7.296195652173912
30,6,Jakob Poeltl,0.0,SA,MEM,-1.0,229.0,115.0,22,8.5,19.6,26.8,C,3700,1,14.0,19.0,106,109,1%,4,3,4,16,16,18,19.6,19.5,11.2,27.7,12.7,4.0,1.1,18.3,4.93,16.5,15.5,4.5,17.4,4.715,16.666666666666668,3.6666666666666665,19.080000000000002,18.3,16.182
30,7,Terrence Ross,0.0,ORL,CHI,-5.0,207.0,106.0,19,12.5,17.1,24.3,SG/SF,4400,2,22.0,13.0,103,104,-3%,10,9,11,22,24,25,17.1,20.3,13.5,27.1,31.4,36.0,8.2,20.3,4.6,21.3,25.0,4.8,20.8,4.699999999999999,23.666666666666668,10.0,19.759999999999998,17.96666666666667,21.971830985915492
32,0,Cory Joseph,0.0,SAC,HOU,6.0,230.5,112.3,20,13.0,16.2,18.5,PG/SG,3200,1,15.0,8.0,106,107,-5%,6,5,6,27,27,26,16.2,17.1,9.3,25.0,28.1,19.0,5.9,16.8,5.23,11.7,17.5,3.7,14.25,4.465,26.666666666666668,5.666666666666667,16.369999999999997,15.9,9.351562499999998
32,1,Aaron Holiday,0.0,IND,TOR,-7.0,211.0,109.0,6,19.5,23.8,33.5,PG/SG,4400,0,21.0,13.0,104,101,-1%,9,9,9,31,27,23,23.8,19.9,8.7,31.1,30.9,42.8,9.7,29.8,6.76,27.6,30.5,6.3,28.700000000000003,6.529999999999999,27.0,9.0,22.440000000000005,25.599999999999998,32.42037037037038
32,2,Marvin Bagley III,0.0,SAC,HOU,6.0,230.5,112.3,14,21.8,27.3,32.3,PF/C,5700,1,0.0,0.0,106,107,5%,12,12,13,27,24,24,27.3,26.9,22.0,31.7,23.0,19.5,3.4,33.5,5.88,32.0,27.5,5.6,32.75,5.74,25.0,12.333333333333334,28.130000000000003,27.133333333333336,36.025
32,3,Kenrich Williams,0.0,NO,POR,5.5,230.0,112.3,13,3.3,13.0,22.5,SF/PF,3300,2,10.0,8.0,105,108,0%,5,5,5,24,25,27,13.2,18.5,9.4,27.5,19.4,9.3,2.8,18.8,5.68,12.5,19.0,3.8,15.65,4.74,25.333333333333332,5.0,16.85,12.933333333333332,11.7375
32,4,Trey Burke,0.0,PHI,DET,-6.0,216.0,111.0,26,0.0,17.4,44.0,PG/SG,3100,1,0.0,0.0,102,109,8%,6,6,6,14,13,15,17.1,15.5,4.0,26.9,10.7,1.0,0.3,14.3,4.6,10.9,12.0,3.5,12.600000000000001,4.05,14.0,6.0,15.219999999999999,20.466666666666665,10.8
32,5,John Collins,0.0,ATL,CLE,1.0,229.5,114.3,19,30.3,36.9,50.8,PF/C,7600,1,0.0,0.0,101,113,4%,14,12,12,34,32,32,36.9,36.9,28.2,45.6,34.8,50.0,6.6,36.8,4.84,35.8,30.5,4.7,36.3,4.77,32.666666666666664,12.666666666666666,36.779999999999994,39.333333333333336,33.8923469387755
32,6,Julius Randle,0.0,NY,WAS,-3.5,228.0,115.8,28,25.5,34.8,43.8,PF/C,6700,1,27.0,16.0,106,114,-1%,14,16,14,27,29,32,34.8,34.9,26.8,43.0,37.1,50.8,7.6,41.8,6.23,42.0,34.5,6.3,41.9,6.265000000000001,29.333333333333332,14.666666666666666,36.28,34.699999999999996,49.28011363636364
32,7,Furkan Korkmaz,0.0,PHI,DET,-6.0,216.0,111.0,14,2.8,8.1,12.8,SG/SF,3600,1,15.0,9.0,102,109,-3%,5,4,7,16,14,21,8.1,13.2,5.7,20.7,21.7,33.5,9.3,12.0,3.33,12.4,18.5,3.4,12.2,3.365,17.0,5.333333333333333,11.98,7.8999999999999995,13.276470588235295
33,0,Dejounte Murray,0.0,SA,MEM,-1.0,229.0,115.0,5,26.0,32.5,39.8,PG,5900,1,23.0,18.0,106,109,3%,7,9,9,25,25,23,32.5,27.6,18.0,37.1,28.2,29.0,4.9,30.0,5.08,31.6,27.0,5.4,30.8,5.24,24.333333333333332,8.333333333333334,29.2,32.766666666666666,34.17534246575343
33,1,Jordan Poole,0.0,GS,MIN,1.5,222.5,110.5,22,1.0,6.4,10.5,SG/SF,3100,2,21.0,4.0,106,110,7%,4,4,9,11,12,23,6.5,14.8,7.6,22.0,6.8,1.3,0.4,6.0,1.94,0.0,0.0,0.0,3.0,0.97,15.333333333333334,5.666666666666667,10.78,5.966666666666666,0.0
33,2,Bojan Bogdanovic,0.0,UTA,MIA,4.5,213.0,104.3,2,20.3,35.0,48.3,SF/PF,6900,1,25.0,16.0,102,104,-5%,14,16,15,37,36,34,35.0,32.1,22.1,42.1,29.2,28.5,4.1,33.5,4.86,33.2,36.0,4.8,33.35,4.83,35.666666666666664,15.0,32.92999999999999,34.53333333333333,33.66168224299066
33,3,Robert Covington,0.0,MIN,GS,-1.5,222.5,112.0,30,12.3,25.0,35.8,SF/PF,5300,1,17.0,13.0,103,110,3%,8,11,10,27,29,28,25.0,25.7,17.1,34.2,12.3,10.5,2.0,29.5,5.57,28.5,30.0,5.4,29.0,5.485,28.0,9.666666666666666,26.2,24.366666666666664,31.071428571428573
33,4,Kent Bazemore,0.0,POR,NO,-5.5,230.0,117.8,25,10.3,21.1,34.5,SG/SF,4700,1,17.0,9.0,106,111,2%,10,9,8,33,31,24,21.1,19.0,11.0,26.9,31.3,5.3,1.1,29.5,6.28,23.5,31.0,5.0,26.5,5.640000000000001,29.333333333333332,9.0,20.9,21.96666666666667,28.00568181818182
33,5,Serge Ibaka,0.0,TOR,IND,7.0,211.0,102.0,21,15.3,33.7,48.3,PF/C,7700,0,25.0,18.0,102,102,-7%,11,11,11,30,26,23,33.6,27.2,17.6,36.9,41.7,38.3,5.0,37.3,4.84,39.3,32.5,5.1,38.3,4.97,26.333333333333332,11.0,30.71999999999999,32.43333333333333,47.26898734177215
33,6,Hassan Whiteside,0.0,POR,NO,-5.5,230.0,117.8,28,35.0,50.0,63.0,C,7900,1,20.0,26.0,106,111,1%,9,12,11,35,34,29,50.0,40.9,30.1,51.7,32.1,44.0,5.6,46.8,5.92,47.5,32.5,6.0,47.15,5.96,32.666666666666664,10.666666666666666,43.970000000000006,49.333333333333336,46.9094387755102
33,7,Paul Millsap,0.0,DEN,PHO,-2.5,218.5,110.5,5,13.3,24.0,34.0,PF/C,4200,0,20.0,18.0,105,108,-2%,11,9,9,23,23,25,24.0,25.4,16.5,34.3,28.1,23.5,5.6,24.5,5.83,23.3,24.0,5.5,23.9,5.665,23.666666666666668,9.666666666666666,24.82,23.766666666666666,24.23661971830986
35,0,Alec Burks,0.0,GS,MIN,1.5,222.5,110.5,12,20.0,32.1,40.0,PG/SG,5300,2,23.0,16.0,106,110,4%,17,14,13,32,30,30,32.1,29.8,19.5,40.1,34.4,48.5,9.2,30.8,5.8,33.3,33.5,6.3,32.05,6.05,30.666666666666668,14.666666666666666,30.71,30.7,35.011141304347824
35,1,Terrence Ross,0.0,ORL,CHI,-5.0,207.0,106.0,19,12.5,17.1,24.3,SG/SF,4400,2,22.0,13.0,103,104,-3%,10,9,11,22,24,25,17.1,20.3,13.5,27.1,31.4,36.0,8.2,20.3,4.6,21.3,25.0,4.8,20.8,4.699999999999999,23.666666666666668,10.0,19.759999999999998,17.96666666666667,21.971830985915492
35,2,P.J. Tucker,0.0,HOU,SAC,-6.0,230.5,118.3,25,12.8,24.4,34.5,PF/C,4600,1,10.0,11.0,99,108,5%,6,6,7,35,37,36,24.5,25.4,16.0,34.8,39.8,30.0,6.5,22.5,4.89,23.6,36.5,5.1,23.05,4.994999999999999,36.0,6.333333333333333,24.749999999999996,23.900000000000002,23.370138888888892
35,3,Will Barton,0.0,DEN,PHO,-2.5,218.5,110.5,29,19.0,32.1,42.8,PG/SF,6200,0,20.0,16.0,105,108,6%,12,13,13,33,34,33,32.0,32.8,23.1,42.5,34.4,31.0,5.0,30.8,4.96,32.0,34.0,5.2,31.4,5.08,33.333333333333336,12.666666666666666,32.36,31.3,32.02799999999999
35,4,Allonzo Trier,0.0,NY,WAS,-3.5,228.0,115.8,28,8.0,11.1,16.5,PG/SG,3000,1,0.0,0.0,106,114,10%,1,4,4,11,11,13,11.1,11.9,3.1,20.7,19.6,15.0,5.0,13.5,4.5,12.6,14.0,4.2,13.05,4.35,11.666666666666666,3.0,11.970000000000002,11.866666666666667,15.660000000000004
35,5,Rudy Gay,0.0,SA,MEM,-1.0,229.0,115.0,21,7.0,22.1,37.0,SF/PF,4200,1,21.0,15.0,106,109,7%,6,8,9,17,22,23,22.1,23.1,15.1,31.1,19.8,12.0,2.9,20.0,4.76,20.8,20.5,5.0,20.4,4.88,20.666666666666668,7.666666666666667,22.360000000000003,22.03333333333333,20.235483870967737
35,6,Nikola Jokic,0.0,DEN,PHO,-2.5,218.5,110.5,9,37.0,52.9,68.5,C,9100,0,27.0,22.0,105,108,3%,12,15,14,30,32,31,53.5,43.8,31.7,55.8,30.9,59.5,6.5,52.8,5.8,47.1,32.5,5.2,49.95,5.5,31.0,13.666666666666666,46.95,52.800000000000004,52.36693548387097
35,7,John Collins,0.0,ATL,CLE,1.0,229.5,114.3,19,30.3,36.9,50.8,PF/C,7600,1,0.0,0.0,101,113,4%,14,12,12,34,32,32,36.9,36.9,28.2,45.6,34.8,50.0,6.6,36.8,4.84,35.8,30.5,4.7,36.3,4.77,32.666666666666664,12.666666666666666,36.779999999999994,39.333333333333336,33.8923469387755
36,0,James Harden,0.0,HOU,SAC,-6.0,230.5,118.3,21,51.3,63.5,84.3,PG/SG,11000,1,39.0,32.0,99,108,-6%,22,27,25,35,36,38,63.8,64.0,51.5,76.4,37.7,54.3,4.9,58.8,5.34,61.6,37.0,5.6,60.2,5.47,36.333333333333336,24.666666666666668,63.17999999999999,66.36666666666666,61.3045871559633
36,1,Terence Davis,0.0,TOR,IND,7.0,211.0,102.0,15,4.3,12.3,21.3,PG/SG,3700,0,17.0,14.0,102,102,-7%,4,4,5,20,17,17,12.3,15.2,6.0,24.5,19.9,15.3,4.1,16.5,4.46,15.3,18.5,4.1,15.9,4.279999999999999,18.0,4.333333333333333,14.780000000000001,12.633333333333335,16.341666666666665
36,2,Tobias Harris,0.0,PHI,DET,-6.0,216.0,111.0,18,12.0,29.4,40.8,SF/PF,7200,1,24.0,17.0,102,109,1%,11,15,16,32,35,35,29.4,35.8,26.8,44.8,34.3,54.3,7.5,34.5,4.79,35.6,34.5,4.9,35.05,4.845000000000001,34.0,14.0,34.36999999999999,27.399999999999995,35.565441176470586
36,3,Tony Snell,0.0,DET,PHI,6.0,216.0,105.0,30,11.5,18.7,26.8,SG/SF,3600,1,11.0,10.0,102,102,-5%,7,8,7,32,30,27,18.7,15.4,8.6,22.1,31.6,10.5,2.9,17.3,4.79,16.7,31.0,4.6,17.0,4.695,29.666666666666668,7.333333333333333,16.36,19.0,17.764044943820224
36,4,Elfrid Payton,0.0,NY,WAS,-3.5,228.0,115.8,28,16.8,28.0,38.8,PG,5100,1,22.0,16.0,106,114,10%,6,9,8,23,24,22,27.9,23.5,12.9,34.1,30.2,35.3,6.9,29.3,5.74,30.6,27.0,6.0,29.950000000000003,5.87,23.0,7.666666666666667,25.670000000000005,27.866666666666664,35.15869565217392
36,5,Kevon Looney,0.0,GS,MIN,1.5,222.5,110.5,4,4.8,6.0,8.0,PF/C,3000,2,0.0,0.0,106,110,7%,4,3,3,9,10,11,6.0,7.7,3.7,11.7,8.7,6.8,2.3,11.0,3.67,0.0,0.0,0.0,5.5,1.835,10.0,3.3333333333333335,6.919999999999999,6.266666666666667,0.0
36,6,Skal Labissiere,0.0,POR,NO,-5.5,230.0,117.8,1,10.8,19.0,28.0,PF/C,3100,1,14.0,16.0,106,111,3%,7,4,5,25,20,18,18.7,16.4,6.2,26.6,18.5,19.3,6.2,14.8,4.76,12.8,15.5,4.1,13.8,4.43,21.0,5.333333333333333,16.339999999999996,19.266666666666666,10.185714285714285
36,7,Justin Robinson,0.0,WAS,NY,3.5,228.0,112.3,2,0.0,3.7,11.3,PG,3000,1,0.0,0.0,101,112,2%,1,1,1,4,4,3,3.0,2.5,-2.1,7.0,15.7,8.3,2.8,8.0,2.67,0.0,0.0,0.0,4.0,1.335,3.6666666666666665,1.0,2.88,5.0,0.0
37,0,Damian Lillard,0.0,POR,NO,-5.5,230.0,117.8,11,35.3,46.3,61.8,PG,8300,1,30.0,25.0,106,111,12%,23,21,19,37,37,37,46.3,47.2,37.0,57.3,36.9,34.8,4.2,51.3,6.17,49.7,37.0,6.0,50.5,6.085,37.0,21.0,47.660000000000004,47.79999999999999,50.5
37,1,Cory Joseph,0.0,SAC,HOU,6.0,230.5,112.3,20,13.0,16.2,18.5,PG/SG,3200,1,15.0,8.0,106,107,-5%,6,5,6,27,27,26,16.2,17.1,9.3,25.0,28.1,19.0,5.9,16.8,5.23,11.7,17.5,3.7,14.25,4.465,26.666666666666668,5.666666666666667,16.369999999999997,15.9,9.351562499999998
37,2,Jonathan Isaac,0.0,ORL,CHI,-5.0,207.0,106.0,27,12.3,24.4,46.8,SF/PF,6000,2,18.0,17.0,103,104,7%,8,10,11,31,31,31,29.0,31.4,20.7,42.0,33.2,45.3,7.5,31.8,5.29,31.3,31.5,5.2,31.55,5.245,31.0,9.666666666666666,30.93,27.833333333333332,32.05887096774194
37,3,Jeff Green,0.0,UTA,MIA,4.5,213.0,104.3,2,6.3,10.0,13.3,SF/PF,3200,1,19.0,10.0,102,104,-5%,6,6,6,15,16,18,10.0,13.7,7.4,19.9,18.4,15.3,4.8,10.8,3.36,11.5,16.5,3.6,11.15,3.48,16.333333333333332,6.0,12.429999999999998,9.866666666666667,11.263775510204082
37,4,Marco Belinelli,0.0,SA,MEM,-1.0,229.0,115.0,26,4.0,12.0,22.5,SG/SF,3000,1,17.0,8.0,106,109,8%,8,5,6,25,18,17,12.0,11.1,6.0,16.2,20.6,13.5,4.5,13.5,4.5,13.2,17.0,4.4,13.35,4.45,20.0,6.333333333333333,11.73,12.833333333333334,11.3475
37,5,Damyean Dotson,0.0,NY,WAS,-3.5,228.0,115.8,7,0.0,11.4,22.8,SG/SF,3200,1,17.0,11.0,106,114,11%,6,5,6,17,16,16,11.4,11.2,4.4,18.0,27.2,28.5,8.9,17.5,5.47,17.5,22.5,5.5,17.5,5.484999999999999,16.333333333333332,5.666666666666667,12.5,11.4,24.107142857142858
37,6,Bruno Caboclo,0.0,MEM,SA,1.0,229.0,114.0,23,2.5,6.6,13.0,PF/C,3000,1,16.0,13.0,104,110,5%,2,2,4,5,8,10,6.5,9.4,-0.4,19.1,3.1,5.0,1.7,5.5,1.83,0.0,0.0,0.0,2.75,0.915,7.666666666666667,2.6666666666666665,7.470000000000001,7.366666666666667,0.0
37,7,Jeff Teague,0.0,MIN,GS,-1.5,222.5,112.0,8,20.5,34.0,52.0,PG,5700,1,22.0,18.0,103,110,6%,10,11,10,27,31,30,34.0,30.3,19.0,41.6,19.3,20.3,3.6,31.0,5.44,34.5,32.5,6.1,32.75,5.77,29.333333333333332,10.333333333333334,31.53,35.5,36.28551136363636
39,0,Monte Morris,0.0,DEN,PHO,-2.5,218.5,110.5,29,7.3,13.1,22.8,PG,3300,0,21.0,15.0,105,108,5%,8,6,7,17,17,18,13.1,15.8,7.2,24.3,12.8,12.5,3.8,15.0,4.55,14.1,15.5,4.3,14.55,4.425,17.333333333333332,7.0,14.99,14.4,13.011057692307695
39,1,Josh Hart,0.0,NO,POR,5.5,230.0,112.3,18,19.3,25.6,32.8,SG/SF,5100,2,16.0,12.0,105,108,-2%,8,10,9,28,32,29,25.6,25.5,16.6,34.4,17.3,7.8,1.5,21.8,4.26,22.5,28.5,4.4,22.15,4.33,29.666666666666668,9.0,24.85,25.900000000000002,21.27893258426966
39,2,Jaren Jackson Jr.,0.0,MEM,SA,1.0,229.0,114.0,23,15.8,30.1,41.8,PF/C,6600,1,24.0,17.0,104,110,1%,15,13,14,33,28,28,30.1,30.4,19.6,41.3,31.6,30.0,4.5,31.8,4.81,33.5,30.5,5.1,32.65,4.955,29.666666666666668,14.0,30.810000000000002,29.233333333333334,33.56713483146067
39,3,Kevin Porter Jr.,0.0,CLE,ATL,-1.0,229.5,115.3,15,11.0,14.9,20.0,SG/SF,3700,2,19.0,10.0,106,112,0%,7,7,7,19,21,21,14.9,16.3,8.7,23.8,23.3,29.8,8.1,18.0,4.86,22.3,24.0,6.0,20.15,5.43,20.333333333333332,7.0,16.77,15.299999999999999,23.78360655737705
39,4,Patty Mills,0.0,SA,MEM,-1.0,229.0,115.0,5,6.3,22.2,39.8,PG/SG,4100,1,19.0,15.0,106,109,3%,11,11,9,23,25,24,22.1,19.6,9.9,29.2,18.0,17.8,4.3,19.8,4.82,18.9,22.5,4.6,19.35,4.71,24.0,10.333333333333334,20.03,22.766666666666666,18.140625
39,5,Brandon Ingram,0.0,NO,POR,5.5,230.0,112.3,13,37.8,43.0,56.0,SF/PF,8400,2,29.0,21.0,105,108,7%,20,19,19,35,34,35,42.8,43.7,35.3,52.2,37.1,45.8,5.5,41.8,4.97,42.7,35.5,5.1,42.25,5.035,34.666666666666664,19.333333333333332,43.25,45.6,43.265625
39,6,Jakob Poeltl,0.0,SA,MEM,-1.0,229.0,115.0,22,8.5,19.6,26.8,C,3700,1,14.0,19.0,106,109,1%,4,3,4,16,16,18,19.6,19.5,11.2,27.7,12.7,4.0,1.1,18.3,4.93,16.5,15.5,4.5,17.4,4.715,16.666666666666668,3.6666666666666665,19.080000000000002,18.3,16.182
39,7,Lonnie Walker IV,0.0,SA,MEM,-1.0,229.0,115.0,26,1.5,12.6,21.8,SG/SF,3100,1,22.0,11.0,106,109,8%,7,5,4,16,17,10,12.6,8.5,-2.0,18.9,3.5,1.5,0.5,14.0,4.52,10.3,12.5,3.3,12.15,3.9099999999999997,14.333333333333334,5.333333333333333,10.03,11.966666666666667,10.59593023255814
40,0,Draymond Green,0.0,GS,MIN,1.5,222.5,110.5,12,15.5,31.3,55.0,PG/SF,5900,2,18.0,14.0,106,110,-3%,6,9,8,30,32,29,31.6,29.2,17.1,41.3,32.9,36.5,6.2,33.3,5.64,34.2,32.0,5.8,33.75,5.72,30.333333333333332,7.666666666666667,30.589999999999996,33.93333333333333,35.604395604395606
40,1,Terrence Ross,0.0,ORL,CHI,-5.0,207.0,106.0,19,12.5,17.1,24.3,SG/SF,4400,2,22.0,13.0,103,104,-3%,10,9,11,22,24,25,17.1,20.3,13.5,27.1,31.4,36.0,8.2,20.3,4.6,21.3,25.0,4.8,20.8,4.699999999999999,23.666666666666668,10.0,19.759999999999998,17.96666666666667,21.971830985915492
40,2,Thaddeus Young,0.0,CHI,ORL,5.0,207.0,101.0,7,11.3,18.9,28.0,SF/PF,3800,1,21.0,11.0,100,106,1%,10,10,9,22,22,22,18.9,19.3,11.8,26.8,22.0,23.3,6.1,18.3,4.8,18.1,21.5,4.8,18.200000000000003,4.8,22.0,9.666666666666666,19.0,19.400000000000002,17.78636363636364
40,3,Cameron Johnson,0.0,PHO,DEN,2.5,218.5,108.0,10,11.3,18.2,24.8,SF/PF,3400,1,16.0,13.0,100,101,-8%,7,7,7,20,25,21,18.1,17.0,8.6,25.4,18.7,22.8,6.7,16.3,4.78,15.4,22.5,4.5,15.850000000000001,4.640000000000001,22.0,7.0,16.99,18.099999999999998,16.210227272727277
40,4,Mikal Bridges,0.0,PHO,DEN,2.5,218.5,108.0,4,6.0,17.7,31.0,SG/SF,4000,1,13.0,13.0,100,101,-9%,3,4,5,14,24,22,17.6,16.7,7.6,25.7,28.3,21.8,5.5,12.0,3.0,11.7,16.5,2.9,11.85,2.95,20.0,4.0,15.889999999999997,18.233333333333334,9.776250000000001
40,5,Buddy Hield,0.0,SAC,HOU,6.0,230.5,112.3,17,18.0,31.6,56.5,SG/SF,6700,1,27.0,15.0,106,107,11%,17,16,19,33,33,35,31.8,35.5,24.9,46.1,27.5,19.8,3.0,34.8,5.19,35.4,32.5,5.3,35.099999999999994,5.245,33.666666666666664,17.333333333333332,34.68,35.36666666666667,33.88366336633663
40,6,Willie Cauley-Stein,0.0,GS,MIN,1.5,222.5,110.5,23,17.3,23.9,33.8,C,4600,2,15.0,17.0,106,110,1%,7,7,7,25,25,23,23.9,23.0,16.8,29.2,30.3,32.3,7.0,22.5,4.89,23.5,24.0,5.1,23.0,4.994999999999999,24.333333333333332,7.0,23.18,25.0,22.684931506849317
40,7,Justin Robinson,0.0,WAS,NY,3.5,228.0,112.3,2,0.0,3.7,11.3,PG,3000,1,0.0,0.0,101,112,2%,1,1,1,4,4,3,3.0,2.5,-2.1,7.0,15.7,8.3,2.8,8.0,2.67,0.0,0.0,0.0,4.0,1.335,3.6666666666666665,1.0,2.88,5.0,0.0
41,0,Frank Ntilikina,0.0,NY,WAS,-3.5,228.0,115.8,28,3.8,13.2,34.3,PG/SG,3100,1,15.0,9.0,106,114,10%,4,4,6,13,18,24,13.2,16.3,5.1,27.5,10.8,12.8,4.1,13.8,4.44,9.8,13.5,3.2,11.8,3.8200000000000003,18.333333333333332,4.666666666666667,14.780000000000001,17.099999999999998,8.68909090909091
41,1,Jamal Murray,0.0,DEN,PHO,-2.5,218.5,110.5,29,18.3,33.9,49.0,PG/SG,7200,0,26.0,17.0,105,108,5%,15,16,16,34,34,33,33.9,33.9,22.9,44.9,35.1,46.3,6.4,36.0,5.0,34.8,34.0,4.8,35.4,4.9,33.666666666666664,15.666666666666666,34.2,33.733333333333334,35.75049504950495
41,2,Omari Spellman,0.0,GS,MIN,1.5,222.5,110.5,4,2.5,9.5,14.5,PF/C,3200,2,19.0,16.0,106,110,-3%,3,3,6,9,15,18,9.4,17.4,9.0,25.9,4.5,5.8,1.8,13.0,4.06,0.0,0.0,0.0,6.5,2.03,14.0,4.0,13.639999999999997,8.833333333333334,0.0
41,3,Ben Simmons,0.0,PHI,DET,-6.0,216.0,111.0,26,35.0,42.3,55.3,PG/SF,8500,1,22.0,18.0,102,109,8%,10,12,11,34,36,36,42.3,40.9,32.8,48.9,37.3,60.3,7.1,41.5,4.88,41.4,35.5,4.9,41.45,4.890000000000001,35.333333333333336,11.0,41.269999999999996,44.199999999999996,41.64551886792452
41,4,Devin Booker,0.0,PHO,DEN,2.5,218.5,108.0,17,27.5,39.6,50.0,PG/SG,7900,1,28.0,20.0,100,101,-8%,14,17,17,31,35,36,39.3,40.1,28.0,52.2,34.4,25.3,3.2,38.5,4.87,36.4,35.0,4.6,37.45,4.734999999999999,34.0,16.0,39.410000000000004,39.03333333333333,38.5514705882353
41,5,Lonnie Walker IV,0.0,SA,MEM,-1.0,229.0,115.0,26,1.5,12.6,21.8,SG/SF,3100,1,22.0,11.0,106,109,8%,7,5,4,16,17,10,12.6,8.5,-2.0,18.9,3.5,1.5,0.5,14.0,4.52,10.3,12.5,3.3,12.15,3.9099999999999997,14.333333333333334,5.333333333333333,10.03,11.966666666666667,10.59593023255814
41,6,Serge Ibaka,0.0,TOR,IND,7.0,211.0,102.0,21,15.3,33.7,48.3,PF/C,7700,0,25.0,18.0,102,102,-7%,11,11,11,30,26,23,33.6,27.2,17.6,36.9,41.7,38.3,5.0,37.3,4.84,39.3,32.5,5.1,38.3,4.97,26.333333333333332,11.0,30.71999999999999,32.43333333333333,47.26898734177215
41,7,Nemanja Bjelica,0.0,SAC,HOU,6.0,230.5,112.3,14,12.8,23.6,29.3,PF,5100,1,19.0,17.0,106,107,5%,12,9,9,28,27,26,23.6,26.6,16.6,36.5,29.5,20.0,3.9,29.5,5.78,25.5,25.0,5.0,27.5,5.390000000000001,27.0,10.0,26.160000000000004,21.900000000000002,25.462962962962965
42,0,Damian Lillard,0.0,POR,NO,-5.5,230.0,117.8,11,35.3,46.3,61.8,PG,8300,1,30.0,25.0,106,111,12%,23,21,19,37,37,37,46.3,47.2,37.0,57.3,36.9,34.8,4.2,51.3,6.17,49.7,37.0,6.0,50.5,6.085,37.0,21.0,47.660000000000004,47.79999999999999,50.5
42,1,Austin Rivers,0.0,HOU,SAC,-6.0,230.5,118.3,21,3.0,14.8,32.3,PG/SG,3100,1,15.0,10.0,99,108,-6%,7,7,7,20,19,24,15.2,15.7,7.5,24.0,16.4,7.5,2.4,10.3,3.31,13.1,20.0,4.2,11.7,3.755,21.0,7.0,14.819999999999999,16.7,11.142857142857142
42,2,Bojan Bogdanovic,0.0,UTA,MIA,4.5,213.0,104.3,2,20.3,35.0,48.3,SF/PF,6900,1,25.0,16.0,102,104,-5%,14,16,15,37,36,34,35.0,32.1,22.1,42.1,29.2,28.5,4.1,33.5,4.86,33.2,36.0,4.8,33.35,4.83,35.666666666666664,15.0,32.92999999999999,34.53333333333333,33.66168224299066
42,3,JJ Redick,0.0,NO,POR,5.5,230.0,112.3,18,16.5,27.9,36.8,SG/SF,4800,2,19.0,15.0,105,108,7%,10,13,12,32,33,30,27.9,26.1,16.9,35.3,25.0,21.5,4.5,26.8,5.57,25.5,31.5,5.3,26.15,5.4350000000000005,31.666666666666668,11.666666666666666,26.47,27.066666666666663,26.012368421052628
42,4,Alec Burks,0.0,GS,MIN,1.5,222.5,110.5,12,20.0,32.1,40.0,PG/SG,5300,2,23.0,16.0,106,110,4%,17,14,13,32,30,30,32.1,29.8,19.5,40.1,34.4,48.5,9.2,30.8,5.8,33.3,33.5,6.3,32.05,6.05,30.666666666666668,14.666666666666666,30.71,30.7,35.011141304347824
42,5,Meyers Leonard,0.0,MIA,UTA,-4.5,213.0,108.8,6,6.5,16.3,26.3,PF/C,3600,2,12.0,12.0,102,104,0%,6,5,4,25,19,18,16.3,14.3,5.2,23.3,21.8,24.5,6.8,17.0,4.72,13.9,18.0,3.9,15.45,4.31,20.666666666666668,5.0,14.910000000000002,16.366666666666667,13.456451612903223
42,6,Paul Millsap,0.0,DEN,PHO,-2.5,218.5,110.5,5,13.3,24.0,34.0,PF/C,4200,0,20.0,18.0,105,108,-2%,11,9,9,23,23,25,24.0,25.4,16.5,34.3,28.1,23.5,5.6,24.5,5.83,23.3,24.0,5.5,23.9,5.665,23.666666666666668,9.666666666666666,24.82,23.766666666666666,24.23661971830986
42,7,Trey Lyles,0.0,SA,MEM,-1.0,229.0,115.0,13,5.5,10.2,17.3,PF/C,3000,1,12.0,12.0,106,109,3%,3,4,4,12,13,17,10.2,14.6,7.5,21.7,25.1,36.5,12.2,13.3,4.42,11.9,13.5,4.0,12.600000000000001,4.21,14.0,3.6666666666666665,13.319999999999999,11.0,12.150000000000002
43,0,Elfrid Payton,0.0,NY,WAS,-3.5,228.0,115.8,28,16.8,28.0,38.8,PG,5100,1,22.0,16.0,106,114,10%,6,9,8,23,24,22,27.9,23.5,12.9,34.1,30.2,35.3,6.9,29.3,5.74,30.6,27.0,6.0,29.950000000000003,5.87,23.0,7.666666666666667,25.670000000000005,27.866666666666664,35.15869565217392
43,1,Joe Ingles,0.0,UTA,MIA,4.5,213.0,104.3,6,25.0,33.8,40.0,SG/SF,6000,1,16.0,11.0,102,104,-5%,10,10,8,38,36,30,33.8,23.4,13.7,33.1,37.8,39.5,6.6,29.8,4.96,28.3,35.5,4.7,29.05,4.83,34.666666666666664,9.333333333333334,26.610000000000003,32.93333333333333,29.74831730769231
43,2,Mike Scott,0.0,PHI,DET,-6.0,216.0,111.0,18,6.3,13.0,19.0,SF/PF,3200,1,13.0,11.0,102,109,4%,5,5,6,17,18,20,13.3,13.3,6.7,20.0,16.3,8.8,2.8,12.5,3.91,11.3,16.5,3.5,11.9,3.705,18.333333333333332,5.333333333333333,13.040000000000001,12.766666666666666,10.71
43,3,Kris Dunn,0.0,CHI,ORL,5.0,207.0,101.0,27,14.8,26.0,36.3,PG/SF,5000,1,16.0,12.0,100,106,-3%,9,7,7,35,30,24,25.9,20.9,13.0,28.7,31.6,30.8,6.2,25.8,5.15,24.4,30.5,4.9,25.1,5.025,29.666666666666668,7.666666666666667,22.72,25.7,25.80505617977528
43,4,Kent Bazemore,0.0,POR,NO,-5.5,230.0,117.8,25,10.3,21.1,34.5,SG/SF,4700,1,17.0,9.0,106,111,2%,10,9,8,33,31,24,21.1,19.0,11.0,26.9,31.3,5.3,1.1,29.5,6.28,23.5,31.0,5.0,26.5,5.640000000000001,29.333333333333332,9.0,20.9,21.96666666666667,28.00568181818182
43,5,John Collins,0.0,ATL,CLE,1.0,229.5,114.3,19,30.3,36.9,50.8,PF/C,7600,1,0.0,0.0,101,113,4%,14,12,12,34,32,32,36.9,36.9,28.2,45.6,34.8,50.0,6.6,36.8,4.84,35.8,30.5,4.7,36.3,4.77,32.666666666666664,12.666666666666666,36.779999999999994,39.333333333333336,33.8923469387755
43,6,Serge Ibaka,0.0,TOR,IND,7.0,211.0,102.0,21,15.3,33.7,48.3,PF/C,7700,0,25.0,18.0,102,102,-7%,11,11,11,30,26,23,33.6,27.2,17.6,36.9,41.7,38.3,5.0,37.3,4.84,39.3,32.5,5.1,38.3,4.97,26.333333333333332,11.0,30.71999999999999,32.43333333333333,47.26898734177215
43,7,Jaxson Hayes,0.0,NO,POR,5.5,230.0,112.3,21,9.5,19.3,27.8,C,4200,2,15.0,17.0,105,108,0%,3,4,6,17,22,22,19.5,20.3,13.4,27.2,17.2,17.5,4.2,20.0,4.76,19.3,21.0,4.6,19.65,4.68,20.333333333333332,4.333333333333333,20.01,18.866666666666667,20.294262295081968
45,0,Darius Garland,0.0,CLE,ATL,-1.0,229.5,115.3,23,16.3,23.5,35.5,PG,4600,2,22.0,8.0,106,112,0%,10,11,11,28,30,28,23.1,19.0,11.8,26.2,26.2,24.3,5.3,24.5,5.33,22.2,29.0,4.8,23.35,5.0649999999999995,28.666666666666668,10.666666666666666,20.689999999999998,25.099999999999998,23.62151162790698
45,1,Damyean Dotson,0.0,NY,WAS,-3.5,228.0,115.8,7,0.0,11.4,22.8,SG/SF,3200,1,17.0,11.0,106,114,11%,6,5,6,17,16,16,11.4,11.2,4.4,18.0,27.2,28.5,8.9,17.5,5.47,17.5,22.5,5.5,17.5,5.484999999999999,16.333333333333332,5.666666666666667,12.5,11.4,24.107142857142858
45,2,Doug McDermott,0.0,IND,TOR,-7.0,211.0,109.0,8,10.5,18.3,23.5,SF/PF,3500,0,18.0,13.0,104,101,3%,9,7,8,24,23,21,18.3,16.2,8.6,23.7,23.1,18.0,5.1,13.5,3.86,16.6,21.5,4.7,15.05,4.28,22.666666666666668,8.0,16.369999999999997,17.433333333333334,14.275367647058824
45,3,Thaddeus Young,0.0,CHI,ORL,5.0,207.0,101.0,7,11.3,18.9,28.0,SF/PF,3800,1,21.0,11.0,100,106,1%,10,10,9,22,22,22,18.9,19.3,11.8,26.8,22.0,23.3,6.1,18.3,4.8,18.1,21.5,4.8,18.200000000000003,4.8,22.0,9.666666666666666,19.0,19.400000000000002,17.78636363636364
45,4,Grayson Allen,0.0,MEM,SA,1.0,229.0,114.0,14,11.3,19.3,24.8,PG/SG,3400,1,19.0,11.0,104,110,3%,7,7,7,16,19,19,19.3,15.1,9.2,21.1,17.6,11.5,3.4,12.5,3.68,11.4,15.0,3.4,11.95,3.54,18.0,7.0,15.330000000000002,18.46666666666667,9.958333333333332
45,5,Marvin Bagley III,0.0,SAC,HOU,6.0,230.5,112.3,14,21.8,27.3,32.3,PF/C,5700,1,0.0,0.0,106,107,5%,12,12,13,27,24,24,27.3,26.9,22.0,31.7,23.0,19.5,3.4,33.5,5.88,32.0,27.5,5.6,32.75,5.74,25.0,12.333333333333334,28.130000000000003,27.133333333333336,36.025
45,6,Paul Millsap,0.0,DEN,PHO,-2.5,218.5,110.5,5,13.3,24.0,34.0,PF/C,4200,0,20.0,18.0,105,108,-2%,11,9,9,23,23,25,24.0,25.4,16.5,34.3,28.1,23.5,5.6,24.5,5.83,23.3,24.0,5.5,23.9,5.665,23.666666666666668,9.666666666666666,24.82,23.766666666666666,24.23661971830986
45,7,Tim Frazier,0.0,DET,PHI,6.0,216.0,105.0,1,4.3,12.2,31.0,PG,3300,1,0.0,0.0,102,102,-8%,4,2,3,18,9,11,11.8,10.3,2.4,18.1,22.7,17.3,5.2,14.5,4.39,14.7,19.0,4.5,14.6,4.445,12.666666666666666,3.0,11.440000000000001,15.833333333333334,21.900000000000002
46,0,Terence Davis,0.0,TOR,IND,7.0,211.0,102.0,15,4.3,12.3,21.3,PG/SG,3700,0,17.0,14.0,102,102,-7%,4,4,5,20,17,17,12.3,15.2,6.0,24.5,19.9,15.3,4.1,16.5,4.46,15.3,18.5,4.1,15.9,4.279999999999999,18.0,4.333333333333333,14.780000000000001,12.633333333333335,16.341666666666665
46,1,Ben McLemore,0.0,HOU,SAC,-6.0,230.5,118.3,5,14.0,19.7,26.3,SG/SF,3800,1,16.0,12.0,99,108,4%,7,8,9,25,28,25,19.6,19.0,8.5,29.5,23.6,15.8,4.2,18.3,4.8,20.9,27.0,5.5,19.6,5.15,26.0,8.0,19.24,20.0,20.353846153846156
46,2,Brandon Ingram,0.0,NO,POR,5.5,230.0,112.3,13,37.8,43.0,56.0,SF/PF,8400,2,29.0,21.0,105,108,7%,20,19,19,35,34,35,42.8,43.7,35.3,52.2,37.1,45.8,5.5,41.8,4.97,42.7,35.5,5.1,42.25,5.035,34.666666666666664,19.333333333333332,43.25,45.6,43.265625
46,3,Draymond Green,0.0,GS,MIN,1.5,222.5,110.5,12,15.5,31.3,55.0,PG/SF,5900,2,18.0,14.0,106,110,-3%,6,9,8,30,32,29,31.6,29.2,17.1,41.3,32.9,36.5,6.2,33.3,5.64,34.2,32.0,5.8,33.75,5.72,30.333333333333332,7.666666666666667,30.589999999999996,33.93333333333333,35.604395604395606
46,4,Lonzo Ball,0.0,NO,POR,5.5,230.0,112.3,19,15.0,24.9,32.3,PG,4900,2,21.0,11.0,105,108,3%,11,9,10,21,26,28,24.9,26.9,16.8,37.1,17.9,25.3,5.2,23.8,4.85,26.9,28.0,5.5,25.35,5.175,25.0,10.0,26.21,24.066666666666663,28.392
46,5,John Collins,0.0,ATL,CLE,1.0,229.5,114.3,19,30.3,36.9,50.8,PF/C,7600,1,0.0,0.0,101,113,4%,14,12,12,34,32,32,36.9,36.9,28.2,45.6,34.8,50.0,6.6,36.8,4.84,35.8,30.5,4.7,36.3,4.77,32.666666666666664,12.666666666666666,36.779999999999994,39.333333333333336,33.8923469387755
46,6,Brandon Clarke,0.0,MEM,SA,1.0,229.0,114.0,23,11.3,25.1,36.3,PF/C,5400,1,20.0,23.0,104,110,1%,6,11,9,18,22,22,25.1,25.2,18.5,31.9,21.1,16.0,3.0,26.3,4.86,23.4,21.0,4.3,24.85,4.58,20.666666666666668,8.666666666666666,25.109999999999996,24.233333333333334,25.250806451612902
46,7,Aaron Gordon,0.0,ORL,CHI,-5.0,207.0,106.0,27,14.8,25.7,35.0,SF/PF,6100,2,21.0,14.0,103,104,7%,16,14,13,32,32,32,25.6,29.9,20.7,39.1,31.4,44.8,7.3,33.0,5.41,31.2,32.5,5.1,32.1,5.255,32.0,14.333333333333334,29.48,25.166666666666668,32.6015625
49,0,Aaron Holiday,0.0,IND,TOR,-7.0,211.0,109.0,6,19.5,23.8,33.5,PG/SG,4400,0,21.0,13.0,104,101,-1%,9,9,9,31,27,23,23.8,19.9,8.7,31.1,30.9,42.8,9.7,29.8,6.76,27.6,30.5,6.3,28.700000000000003,6.529999999999999,27.0,9.0,22.440000000000005,25.599999999999998,32.42037037037038
49,1,Josh Richardson,0.0,PHI,DET,-6.0,216.0,111.0,14,13.8,23.9,34.8,SG/SF,6200,1,22.0,13.0,102,109,1%,13,13,13,32,30,32,23.9,28.5,20.0,37.1,33.0,20.5,3.3,28.0,4.52,28.5,33.0,4.6,28.25,4.56,31.333333333333332,13.0,27.55,24.166666666666668,29.752659574468087
49,2,Michael Porter Jr.,0.0,DEN,PHO,-2.5,218.5,110.5,16,2.0,10.5,23.5,SF/PF,3100,0,0.0,0.0,105,108,-2%,4,4,4,8,8,9,10.4,9.1,2.9,15.3,6.2,4.3,1.4,13.5,4.35,10.5,10.5,3.4,12.0,3.875,8.333333333333334,4.0,9.94,12.0,15.12
49,3,Cedi Osman,0.0,CLE,ATL,-1.0,229.5,115.3,22,15.5,21.4,28.3,SF/PF,4000,2,16.0,10.0,106,112,23%,11,11,8,27,28,29,21.4,19.7,11.1,28.3,33.5,27.0,6.8,22.5,5.63,21.8,29.5,5.5,22.15,5.5649999999999995,28.0,10.0,20.529999999999994,21.733333333333334,23.33660714285714
49,4,D'Angelo Russell,0.0,GS,MIN,1.5,222.5,110.5,12,18.5,38.2,50.8,PG/SG,7500,2,33.0,18.0,106,110,7%,22,20,19,33,32,32,38.2,39.7,24.4,54.9,33.4,42.0,5.6,43.0,5.73,44.2,33.0,5.9,43.6,5.815,32.333333333333336,20.333333333333332,40.160000000000004,35.833333333333336,44.49896907216495
49,5,Cam Reddish,0.0,ATL,CLE,1.0,229.5,114.3,24,12.0,17.9,26.0,SG/SF,4200,1,19.0,6.0,101,113,4%,10,9,9,31,30,26,17.9,18.3,10.5,26.1,23.1,16.8,4.0,19.8,4.7,18.1,24.0,4.3,18.950000000000003,4.5,29.0,9.333333333333334,18.35,18.633333333333333,15.682758620689658
49,6,Al Horford,0.0,PHI,DET,-6.0,216.0,111.0,18,17.5,26.9,36.3,PF/C,6300,1,20.0,17.0,102,109,4%,12,13,12,27,29,31,26.9,32.0,23.6,40.3,30.9,27.0,4.3,30.0,4.76,30.1,30.5,4.8,30.05,4.779999999999999,29.0,12.333333333333334,30.57,26.899999999999995,31.604310344827585
49,7,Bryn Forbes,0.0,SA,MEM,-1.0,229.0,115.0,5,5.5,10.0,24.0,PG/SG,3300,1,19.0,11.0,106,109,8%,6,7,10,21,21,26,9.9,18.9,10.1,27.7,24.9,18.0,5.5,17.3,5.23,18.5,24.0,5.6,17.9,5.415,22.666666666666668,7.666666666666667,16.9,13.166666666666666,18.952941176470585
