Lineup Num,,Player Name,injury_status,team,opp,spread,over_under,implied_team_score,L5_dvp_rank,L5_ppg_floor,L5_ppg_avg,L5_ppg_max,Pos,Salary,Rest,USG,PER,Opp Pace,Opp DEff,Opp DvP,L2 FGA,L5 FGA,S FGA,L2 Min,L5 Min,S Min,L5 FP,S FP,Floor FP,Ceil FP,Actual Min,Actual FP,Actual Val,FantasyFuelPPGProj,FantasyFuelValueProj,DFN_PPGProj,DFN_MinProj,DFN_ValueProj,Avg Proj,Avg Value Proj,Avg Skewed Min,Avg Skewed FGA,Avg Skewed FP,Avg L5 PPG,Proj Min Enhanced
0,0,Alex Caruso,0.0,LAL,OKC,-11.0,211.0,111.0,11,10.5,15.9,22.5,PG/SG,4000,1,15.0,9.0,102,103,-8%,9,6,5,25,24,20,15.8,13.8,8.4,19.2,19.9,14.3,3.6,18.5,4.63,14.4,20.5,3.6,16.45,4.115,23.0,6.666666666666667,14.729999999999999,16.3,14.66195652173913
0,1,Kentavious Caldwell-Pope,0.0,LAL,OKC,-11.0,211.0,111.0,13,1.3,11.1,22.8,SG/SF,3900,1,17.0,8.0,102,103,-8%,9,7,7,23,18,21,13.1,13.4,6.0,20.7,33.0,22.5,5.8,17.5,4.49,15.7,23.5,4.0,16.6,4.245,20.666666666666668,7.666666666666667,13.960000000000003,11.733333333333334,18.875806451612902
0,2,Eric Paschall,0.0,GS,MEM,6.0,221.0,107.5,9,13.3,24.0,42.3,SF/PF,5900,1,20.0,16.0,107,109,-1%,16,13,12,34,33,31,23.9,26.0,13.0,38.9,24.4,28.8,4.9,30.0,5.08,29.3,34.0,5.0,29.65,5.04,32.666666666666664,13.666666666666666,26.29,26.53333333333333,30.860204081632656
0,3,Kent Bazemore,0.0,POR,NO,-1.0,229.5,115.3,24,10.5,22.9,31.5,SG/SF,3600,0,18.0,9.0,108,109,8%,10,10,8,19,25,24,22.9,20.1,13.0,27.1,28.0,20.8,5.8,23.8,6.6,23.1,25.5,6.4,23.450000000000003,6.5,22.666666666666668,9.333333333333334,21.31,21.633333333333336,26.38125
0,4,JJ Redick,0.0,NO,POR,1.0,229.5,114.3,15,5.8,27.7,36.8,SG/SF,5100,1,20.0,13.0,106,107,10%,15,12,10,35,31,27,27.7,21.4,10.7,32.0,32.4,29.3,5.7,25.3,4.95,26.3,32.5,5.2,25.8,5.075,31.0,12.333333333333334,23.52,23.433333333333334,27.048387096774196
0,5,Solomon Hill,0.0,MEM,GS,-6.0,221.0,113.5,23,9.0,13.6,19.8,SF/PF,3300,1,15.0,12.0,105,113,4%,4,4,5,18,17,17,13.6,14.0,8.1,20.0,22.0,9.0,2.7,10.8,3.26,11.6,16.5,3.5,11.2,3.38,17.333333333333332,4.333333333333333,13.38,14.133333333333335,10.661538461538463
0,6,Marquese Chriss,0.0,GS,MEM,6.0,221.0,107.5,8,6.0,17.0,24.3,PF/C,4100,1,19.0,15.0,107,109,-1%,5,6,5,16,18,16,16.9,15.8,9.1,22.5,21.2,34.5,8.4,17.3,4.21,16.6,16.0,4.0,16.950000000000003,4.105,16.666666666666668,5.333333333333333,16.25,15.766666666666666,16.272000000000002
0,7,Brandon Clarke,0.0,MEM,GS,-6.0,221.0,113.5,2,18.0,23.5,27.3,PF/C,4700,1,18.0,23.0,105,113,7%,8,9,8,21,21,22,23.4,24.9,18.0,31.7,25.7,31.8,6.8,22.8,4.84,23.0,20.5,4.9,22.9,4.87,21.333333333333332,8.333333333333334,24.18,22.933333333333334,22.005468750000002
2,0,Rajon Rondo,0.0,LAL,OKC,-11.0,211.0,111.0,11,10.8,24.6,40.5,PG,4500,1,0.0,0.0,102,103,2%,6,6,6,21,19,19,19.4,19.4,11.9,26.9,27.5,24.5,5.4,17.8,3.94,20.9,24.0,4.6,19.35,4.27,19.666666666666668,6.0,19.389999999999997,25.3,23.613559322033897
2,1,Dillon Brooks,0.0,MEM,GS,-6.0,221.0,113.5,7,5.5,23.2,32.0,SG/SF,4500,1,21.0,13.0,105,113,4%,10,12,12,25,27,27,23.2,23.9,14.1,33.7,32.3,29.3,6.5,23.8,5.28,23.9,28.0,5.3,23.85,5.29,26.333333333333332,11.333333333333334,23.75,20.233333333333334,25.359493670886078
2,2,Kenrich Williams,0.0,NO,POR,1.0,229.5,114.3,8,20.3,27.3,33.3,SF/PF,5700,1,12.0,12.0,106,107,-5%,9,8,6,38,35,24,27.3,19.8,9.1,30.4,34.0,33.8,5.9,27.5,4.82,25.7,31.0,4.5,26.6,4.66,32.333333333333336,7.666666666666667,22.639999999999997,26.96666666666667,25.503092783505153
2,3,Kyle Kuzma,0.0,LAL,OKC,-11.0,211.0,111.0,25,21.3,26.7,31.0,SF/PF,5300,1,25.0,13.0,102,103,-15%,12,13,12,26,26,24,26.7,21.2,13.3,29.1,9.0,5.0,0.9,22.8,4.29,22.9,26.5,4.3,22.85,4.295,25.333333333333332,12.333333333333334,22.630000000000003,26.333333333333332,23.902302631578948
2,4,Cory Joseph,0.0,SAC,PHO,-2.5,218.5,110.5,18,8.0,18.0,24.5,PG/SG,4300,1,18.0,7.0,107,102,-4%,7,7,6,25,27,20,17.9,13.5,6.4,20.7,39.3,38.3,8.9,20.3,4.71,21.3,27.5,5.0,20.8,4.855,24.0,6.666666666666667,15.86,16.833333333333332,23.833333333333336
2,5,Kentavious Caldwell-Pope,0.0,LAL,OKC,-11.0,211.0,111.0,13,1.3,11.1,22.8,SG/SF,3900,1,17.0,8.0,102,103,-8%,9,7,7,23,18,21,13.1,13.4,6.0,20.7,33.0,22.5,5.8,17.5,4.49,15.7,23.5,4.0,16.6,4.245,20.666666666666668,7.666666666666667,13.960000000000003,11.733333333333334,18.875806451612902
2,6,Brandon Clarke,0.0,MEM,GS,-6.0,221.0,113.5,2,18.0,23.5,27.3,PF/C,4700,1,18.0,23.0,105,113,7%,8,9,8,21,21,22,23.4,24.9,18.0,31.7,25.7,31.8,6.8,22.8,4.84,23.0,20.5,4.9,22.9,4.87,21.333333333333332,8.333333333333334,24.18,22.933333333333334,22.005468750000002
2,7,Mario Hezonja,0.0,POR,NO,-1.0,229.5,115.3,15,7.8,12.6,19.5,SF/PF,3400,0,14.0,8.0,108,109,8%,3,4,5,12,17,21,12.6,15.8,7.3,24.2,12.8,12.5,3.7,10.3,3.01,10.3,12.0,3.0,10.3,3.005,16.666666666666668,4.0,14.039999999999997,13.299999999999999,7.416
4,0,De'Anthony Melton,0.0,MEM,GS,-6.0,221.0,113.5,27,0.0,10.6,23.0,PG/SG,3300,1,0.0,0.0,105,113,3%,8,4,4,16,9,9,10.6,10.6,-0.1,21.3,5.5,1.5,0.5,14.5,4.39,0.0,0.0,0.0,7.25,2.195,11.333333333333334,5.333333333333333,9.93,11.200000000000001,0.0
4,1,Bogdan Bogdanovic,0.0,SAC,PHO,-2.5,218.5,110.5,21,33.3,39.3,53.3,SG/SF,7100,1,24.0,17.0,107,102,-12%,14,14,12,34,32,27,39.3,27.6,15.0,40.1,35.8,53.0,7.5,32.5,4.58,35.0,34.0,4.9,33.75,4.74,31.0,13.333333333333334,31.15,41.96666666666666,37.016129032258064
4,2,Abdel Nader,0.0,OKC,LAL,11.0,211.0,100.0,21,4.8,9.4,13.8,PF,3200,0,19.0,0.0,103,97,1%,4,4,4,16,14,13,9.3,8.0,3.9,12.1,10.1,8.3,2.6,10.0,3.13,9.1,14.0,2.8,9.55,2.965,14.333333333333334,4.0,8.569999999999999,9.333333333333334,9.327906976744186
4,3,Cameron Johnson,0.0,PHO,SAC,2.5,218.5,108.0,5,12.8,20.8,32.5,SF/PF,3700,0,18.0,14.0,100,108,5%,9,8,6,22,22,17,20.8,14.7,5.8,23.6,26.3,32.0,8.6,16.0,4.32,16.4,23.0,4.4,16.2,4.36,20.333333333333332,7.666666666666667,16.220000000000002,22.03333333333333,18.324590163934424
4,4,Rajon Rondo,0.0,LAL,OKC,-11.0,211.0,111.0,11,10.8,24.6,40.5,PG,4500,1,0.0,0.0,102,103,2%,6,6,6,21,19,19,19.4,19.4,11.9,26.9,27.5,24.5,5.4,17.8,3.94,20.9,24.0,4.6,19.35,4.27,19.666666666666668,6.0,19.389999999999997,25.3,23.613559322033897
4,5,Terrance Ferguson,0.0,OKC,LAL,11.0,211.0,100.0,12,10.3,16.4,27.8,SG/SF,3900,0,9.0,8.0,103,97,1%,7,6,4,37,28,27,16.4,12.9,5.8,20.0,30.6,8.3,2.1,14.0,3.59,14.4,30.5,3.7,14.2,3.645,30.666666666666668,5.666666666666667,13.86,18.166666666666668,14.12282608695652
4,6,Steven Adams,0.0,OKC,LAL,11.0,211.0,100.0,3,19.0,26.1,33.5,C,4900,0,16.0,15.0,103,97,-18%,7,7,7,29,27,27,28.8,26.9,21.8,31.9,24.1,14.5,3.0,25.0,5.1,25.0,27.0,5.1,25.0,5.1,27.666666666666668,7.0,26.879999999999995,26.2,24.39759036144578
4,7,Ja Morant,0.0,MEM,GS,-6.0,221.0,113.5,27,18.0,29.0,42.8,PG,6700,1,33.0,18.0,105,113,3%,16,14,15,26,26,27,29.4,32.3,21.6,43.0,34.6,34.5,5.1,34.3,5.11,37.4,29.5,5.6,35.849999999999994,5.355,26.333333333333332,15.0,32.42999999999999,29.933333333333334,40.16107594936709
5,0,CJ McCollum,0.0,POR,NO,-1.0,229.5,115.3,13,33.8,42.5,54.0,PG/SG,7800,0,26.0,13.0,108,109,8%,22,21,20,38,38,38,42.5,34.9,23.5,46.2,35.3,42.0,5.4,38.5,4.94,42.2,39.0,5.4,40.35,5.17,38.0,21.0,37.49,43.43333333333334,41.41184210526316
5,1,Danny Green,0.0,LAL,OKC,-11.0,211.0,111.0,13,9.3,18.0,32.5,SG/SF,4600,1,14.0,12.0,102,103,-8%,8,6,7,25,24,26,17.8,18.9,8.1,29.6,20.8,15.8,3.4,17.5,3.8,18.1,26.5,3.9,17.8,3.8499999999999996,25.0,7.0,18.44,19.933333333333334,18.868000000000002
5,2,Jaren Jackson Jr.,0.0,MEM,GS,-6.0,221.0,113.5,2,23.3,31.9,44.0,PF/C,5600,1,22.0,14.0,105,113,7%,13,14,11,26,30,27,31.5,25.9,14.8,37.0,18.5,8.0,1.4,27.8,4.96,30.7,29.5,5.5,29.25,5.23,27.666666666666668,12.666666666666666,27.689999999999998,33.06666666666667,31.188253012048193
5,3,Rodney Hood,0.0,POR,NO,-1.0,229.5,115.3,24,1.3,16.2,30.5,SG/SF,4800,0,14.0,14.0,108,109,8%,8,9,9,32,32,32,18.4,21.5,13.5,29.6,31.7,21.8,4.5,25.3,5.26,24.8,32.5,5.2,25.05,5.23,32.0,8.666666666666666,21.61,16.0,25.44140625
5,4,Quinn Cook,0.0,LAL,OKC,-11.0,211.0,111.0,11,4.5,9.3,15.8,PG,3100,1,20.0,11.0,102,103,2%,2,5,5,5,11,15,9.3,10.8,1.1,20.4,15.4,6.0,1.9,3.5,1.13,0.0,0.0,0.0,1.75,0.565,10.333333333333334,4.0,8.67,9.866666666666667,0.0
5,5,Richaun Holmes,0.0,SAC,PHO,-2.5,218.5,110.5,6,16.8,25.2,32.5,PF/C,5800,1,15.0,19.0,107,102,6%,9,7,7,28,30,26,25.2,25.0,13.5,36.5,34.4,45.3,7.8,31.0,5.34,30.3,29.0,5.2,30.65,5.27,28.0,7.666666666666667,26.169999999999998,24.833333333333332,31.744642857142853
5,6,JaVale McGee,0.0,LAL,OKC,-11.0,211.0,111.0,9,12.3,24.1,54.8,C,5000,1,17.0,22.0,102,103,3%,4,7,5,14,16,16,24.1,19.0,5.9,32.1,22.8,25.5,5.1,16.3,3.25,16.8,15.0,3.4,16.55,3.325,15.333333333333334,5.333333333333333,19.53,30.400000000000002,16.190217391304348
5,7,Mario Hezonja,0.0,POR,NO,-1.0,229.5,115.3,15,7.8,12.6,19.5,SF/PF,3400,0,14.0,8.0,108,109,8%,3,4,5,12,17,21,12.6,15.8,7.3,24.2,12.8,12.5,3.7,10.3,3.01,10.3,12.0,3.0,10.3,3.005,16.666666666666668,4.0,14.039999999999997,13.299999999999999,7.416
7,0,Ja Morant,0.0,MEM,GS,-6.0,221.0,113.5,27,18.0,29.0,42.8,PG,6700,1,33.0,18.0,105,113,3%,16,14,15,26,26,27,29.4,32.3,21.6,43.0,34.6,34.5,5.1,34.3,5.11,37.4,29.5,5.6,35.849999999999994,5.355,26.333333333333332,15.0,32.42999999999999,29.933333333333334,40.16107594936709
7,1,Jrue Holiday,0.0,NO,POR,1.0,229.5,114.3,19,25.5,45.1,63.8,PG/SG,8800,1,26.0,15.0,106,107,7%,18,18,16,37,37,36,45.2,39.4,28.2,50.7,34.8,42.8,4.9,44.3,5.03,42.9,36.0,4.9,43.599999999999994,4.965,36.666666666666664,17.333333333333332,41.42,44.79999999999999,42.807272727272725
7,2,Nemanja Bjelica,0.0,SAC,PHO,-2.5,218.5,110.5,6,11.5,27.2,43.0,PF,5500,1,16.0,19.0,107,102,6%,9,9,8,27,25,25,27.2,24.6,14.3,34.8,30.6,31.5,5.7,24.5,4.45,27.9,29.0,5.1,26.2,4.775,25.666666666666668,8.666666666666666,25.419999999999998,27.233333333333334,29.602597402597404
7,3,Kent Bazemore,0.0,POR,NO,-1.0,229.5,115.3,24,10.5,22.9,31.5,SG/SF,3600,0,18.0,9.0,108,109,8%,10,10,8,19,25,24,22.9,20.1,13.0,27.1,28.0,20.8,5.8,23.8,6.6,23.1,25.5,6.4,23.450000000000003,6.5,22.666666666666668,9.333333333333334,21.31,21.633333333333336,26.38125
7,4,Anfernee Simons,0.0,POR,NO,-1.0,229.5,115.3,13,10.0,17.6,31.3,PG/SG,4400,0,21.0,15.0,108,109,8%,9,10,9,19,24,21,17.6,17.1,9.4,24.8,36.0,24.3,5.5,30.3,6.88,30.1,33.0,6.8,30.200000000000003,6.84,21.333333333333332,9.333333333333334,19.82,19.633333333333336,46.715625
7,5,Mario Hezonja,0.0,POR,NO,-1.0,229.5,115.3,15,7.8,12.6,19.5,SF/PF,3400,0,14.0,8.0,108,109,8%,3,4,5,12,17,21,12.6,15.8,7.3,24.2,12.8,12.5,3.7,10.3,3.01,10.3,12.0,3.0,10.3,3.005,16.666666666666668,4.0,14.039999999999997,13.299999999999999,7.416
7,6,Jaren Jackson Jr.,0.0,MEM,GS,-6.0,221.0,113.5,2,23.3,31.9,44.0,PF/C,5600,1,22.0,14.0,105,113,7%,13,14,11,26,30,27,31.5,25.9,14.8,37.0,18.5,8.0,1.4,27.8,4.96,30.7,29.5,5.5,29.25,5.23,27.666666666666668,12.666666666666666,27.689999999999998,33.06666666666667,31.188253012048193
7,7,Kenrich Williams,0.0,NO,POR,1.0,229.5,114.3,8,20.3,27.3,33.3,SF/PF,5700,1,12.0,12.0,106,107,-5%,9,8,6,38,35,24,27.3,19.8,9.1,30.4,34.0,33.8,5.9,27.5,4.82,25.7,31.0,4.5,26.6,4.66,32.333333333333336,7.666666666666667,22.639999999999997,26.96666666666667,25.503092783505153
8,0,Draymond Green,0.0,GS,MEM,6.0,221.0,107.5,30,18.3,26.6,37.8,PG/SF,6200,1,17.0,12.0,107,109,-1%,8,8,8,33,30,29,26.6,28.4,15.5,41.3,34.6,42.0,6.8,36.5,5.89,35.9,33.0,5.8,36.2,5.845,30.666666666666668,8.0,29.6,27.566666666666666,38.95434782608695
8,1,Buddy Hield,0.0,SAC,PHO,-2.5,218.5,110.5,21,26.0,38.1,57.5,SG/SF,7500,1,28.0,15.0,107,102,-12%,20,19,18,38,34,33,38.0,34.0,24.3,43.8,28.7,26.3,3.5,39.5,5.27,40.5,37.0,5.4,40.0,5.335,35.0,19.0,36.019999999999996,40.53333333333333,42.285714285714285
8,2,Brandon Clarke,0.0,MEM,GS,-6.0,221.0,113.5,2,18.0,23.5,27.3,PF/C,4700,1,18.0,23.0,105,113,7%,8,9,8,21,21,22,23.4,24.9,18.0,31.7,25.7,31.8,6.8,22.8,4.84,23.0,20.5,4.9,22.9,4.87,21.333333333333332,8.333333333333334,24.18,22.933333333333334,22.005468750000002
8,3,Kelly Oubre Jr.,0.0,PHO,SAC,2.5,218.5,108.0,5,6.5,26.6,47.3,SF/PF,6400,0,22.0,17.0,100,108,4%,16,11,12,34,29,30,26.6,29.3,18.6,40.0,37.5,43.0,6.7,30.5,4.77,31.3,33.0,4.9,30.9,4.835,31.0,13.0,29.080000000000002,26.8,32.89354838709677
8,4,Yogi Ferrell,0.0,SAC,PHO,-2.5,218.5,110.5,18,0.0,9.1,20.3,PG/SG,3900,1,18.0,15.0,107,102,-4%,7,4,4,23,14,11,9.1,8.3,1.3,15.3,18.0,11.3,2.9,15.8,4.04,18.7,22.0,4.8,17.25,4.42,16.0,5.0,10.25,9.799999999999999,23.71875
8,5,Marquese Chriss,0.0,GS,MEM,6.0,221.0,107.5,8,6.0,17.0,24.3,PF/C,4100,1,19.0,15.0,107,109,-1%,5,6,5,16,18,16,16.9,15.8,9.1,22.5,21.2,34.5,8.4,17.3,4.21,16.6,16.0,4.0,16.950000000000003,4.105,16.666666666666668,5.333333333333333,16.25,15.766666666666666,16.272000000000002
8,6,Nerlens Noel,0.0,OKC,LAL,11.0,211.0,100.0,3,6.8,20.4,31.5,C,4000,0,16.0,20.0,103,97,-18%,3,4,4,19,19,18,20.4,19.9,9.2,30.7,23.9,32.0,8.0,18.0,4.5,17.6,18.5,4.4,17.8,4.45,18.666666666666668,3.6666666666666665,19.6,19.566666666666666,17.64107142857143
8,7,Kyle Anderson,0.0,MEM,GS,-6.0,221.0,113.5,23,12.8,22.3,27.3,SF/PF,4200,1,15.0,15.0,105,113,4%,8,6,6,23,22,21,22.3,19.8,13.0,26.5,20.8,15.8,3.8,18.0,4.29,17.7,20.0,4.2,17.85,4.245,22.0,6.666666666666667,19.889999999999997,20.8,16.227272727272727
9,0,Ja Morant,0.0,MEM,GS,-6.0,221.0,113.5,27,18.0,29.0,42.8,PG,6700,1,33.0,18.0,105,113,3%,16,14,15,26,26,27,29.4,32.3,21.6,43.0,34.6,34.5,5.1,34.3,5.11,37.4,29.5,5.6,35.849999999999994,5.355,26.333333333333332,15.0,32.42999999999999,29.933333333333334,40.16107594936709
9,1,E'Twaun Moore,0.0,NO,POR,1.0,229.5,114.3,15,5.5,21.1,34.5,SG/SF,4600,1,21.0,11.0,106,107,-8%,15,12,10,32,26,22,21.1,18.1,9.0,27.1,21.4,18.0,3.9,22.0,4.78,14.8,19.0,3.2,18.4,3.99,26.666666666666668,12.333333333333334,18.740000000000002,20.366666666666667,13.11
9,2,Danilo Gallinari,0.0,OKC,LAL,11.0,211.0,100.0,11,21.0,29.8,39.8,SF/PF,6500,0,23.0,21.0,103,97,1%,12,12,13,34,31,30,29.8,29.9,23.4,36.3,30.5,34.0,5.2,31.3,4.81,30.4,30.0,4.7,30.85,4.755,31.666666666666668,12.333333333333334,30.05,30.2,29.226315789473684
9,3,Jae Crowder,0.0,MEM,GS,-6.0,221.0,113.5,23,9.3,26.4,40.5,SF/PF,5200,1,15.0,11.0,105,113,7%,7,7,8,29,30,30,26.4,24.3,15.4,33.2,33.1,37.3,7.2,26.3,5.05,24.1,30.5,4.6,25.200000000000003,4.824999999999999,29.666666666666668,7.333333333333333,24.900000000000002,25.400000000000002,25.907865168539328
9,4,CJ McCollum,0.0,POR,NO,-1.0,229.5,115.3,13,33.8,42.5,54.0,PG/SG,7800,0,26.0,13.0,108,109,8%,22,21,20,38,38,38,42.5,34.9,23.5,46.2,35.3,42.0,5.4,38.5,4.94,42.2,39.0,5.4,40.35,5.17,38.0,21.0,37.49,43.43333333333334,41.41184210526316
9,5,Danny Green,0.0,LAL,OKC,-11.0,211.0,111.0,13,9.3,18.0,32.5,SG/SF,4600,1,14.0,12.0,102,103,-8%,8,6,7,25,24,26,17.8,18.9,8.1,29.6,20.8,15.8,3.4,17.5,3.8,18.1,26.5,3.9,17.8,3.8499999999999996,25.0,7.0,18.44,19.933333333333334,18.868000000000002
9,6,Dwight Howard,0.0,LAL,OKC,-11.0,211.0,111.0,9,14.3,21.2,30.0,C,4700,1,12.0,18.0,102,103,3%,1,4,4,23,21,21,21.1,21.8,12.8,30.9,17.4,16.0,3.4,22.3,4.73,23.0,22.0,4.9,22.65,4.815,21.666666666666668,3.0,21.85,21.833333333333332,22.998461538461537
9,7,Dewayne Dedmon,0.0,SAC,PHO,-2.5,218.5,110.5,22,7.3,10.1,13.5,C,3200,1,20.0,7.0,107,102,3%,5,4,5,13,12,16,10.1,12.8,6.7,18.9,12.7,10.8,3.4,12.8,3.98,11.3,11.5,3.5,12.05,3.74,13.666666666666666,4.666666666666667,12.11,10.299999999999999,10.139634146341464
11,0,CJ McCollum,0.0,POR,NO,-1.0,229.5,115.3,13,33.8,42.5,54.0,PG/SG,7800,0,26.0,13.0,108,109,8%,22,21,20,38,38,38,42.5,34.9,23.5,46.2,35.3,42.0,5.4,38.5,4.94,42.2,39.0,5.4,40.35,5.17,38.0,21.0,37.49,43.43333333333334,41.41184210526316
11,1,Tyler Johnson,0.0,PHO,SAC,2.5,218.5,108.0,21,7.8,13.0,18.5,PG/SG,3500,0,17.0,9.0,100,108,-1%,4,7,6,23,19,19,12.9,12.9,7.3,18.5,17.8,9.8,2.8,16.0,4.57,13.9,19.5,4.0,14.95,4.285,20.333333333333332,5.666666666666667,13.309999999999999,13.1,14.337295081967213
11,2,Nassir Little,0.0,POR,NO,-1.0,229.5,115.3,15,0.0,12.0,23.8,SF/PF,3500,0,14.0,4.0,108,109,5%,9,6,5,31,19,17,12.0,10.8,1.1,20.6,22.5,35.3,10.1,15.5,4.43,17.5,22.0,5.0,16.5,4.715,22.333333333333332,6.666666666666667,12.200000000000001,11.933333333333332,16.253731343283583
11,3,Terrance Ferguson,0.0,OKC,LAL,11.0,211.0,100.0,12,10.3,16.4,27.8,SG/SF,3900,0,9.0,8.0,103,97,1%,7,6,4,37,28,27,16.4,12.9,5.8,20.0,30.6,8.3,2.1,14.0,3.59,14.4,30.5,3.7,14.2,3.645,30.666666666666668,5.666666666666667,13.86,18.166666666666668,14.12282608695652
11,4,Bogdan Bogdanovic,0.0,SAC,PHO,-2.5,218.5,110.5,21,33.3,39.3,53.3,SG/SF,7100,1,24.0,17.0,107,102,-12%,14,14,12,34,32,27,39.3,27.6,15.0,40.1,35.8,53.0,7.5,32.5,4.58,35.0,34.0,4.9,33.75,4.74,31.0,13.333333333333334,31.15,41.96666666666666,37.016129032258064
11,5,JJ Redick,0.0,NO,POR,1.0,229.5,114.3,15,5.8,27.7,36.8,SG/SF,5100,1,20.0,13.0,106,107,10%,15,12,10,35,31,27,27.7,21.4,10.7,32.0,32.4,29.3,5.7,25.3,4.95,26.3,32.5,5.2,25.8,5.075,31.0,12.333333333333334,23.52,23.433333333333334,27.048387096774196
11,6,Jonas Valanciunas,0.0,MEM,GS,-6.0,221.0,113.5,28,19.8,30.2,39.0,C,6800,1,23.0,18.0,105,113,12%,8,11,10,26,25,23,30.3,29.2,20.4,37.9,26.5,18.5,2.7,39.8,5.85,38.7,27.5,5.7,39.25,5.775,24.666666666666668,9.666666666666666,31.410000000000004,29.666666666666668,43.758445945945944
11,7,Harrison Barnes,0.0,SAC,PHO,-2.5,218.5,110.5,14,24.3,30.0,39.5,SF/PF,6000,1,18.0,16.0,107,102,-2%,10,11,12,35,35,35,30.3,28.9,22.5,35.4,37.2,22.5,3.8,29.0,4.83,28.8,35.0,4.8,28.9,4.8149999999999995,35.0,11.0,29.2,31.266666666666666,28.9
12,0,Alec Burks,0.0,GS,MEM,6.0,221.0,107.5,30,16.8,24.7,38.8,PG/SG,5000,1,21.0,16.0,107,109,11%,12,11,10,30,28,26,24.7,24.0,12.3,35.6,35.7,44.5,8.9,27.8,5.55,30.9,30.5,6.2,29.35,5.875,28.0,11.0,25.190000000000005,26.766666666666666,31.970535714285717
12,1,Tyler Johnson,0.0,PHO,SAC,2.5,218.5,108.0,21,7.8,13.0,18.5,PG/SG,3500,0,17.0,9.0,100,108,-1%,4,7,6,23,19,19,12.9,12.9,7.3,18.5,17.8,9.8,2.8,16.0,4.57,13.9,19.5,4.0,14.95,4.285,20.333333333333332,5.666666666666667,13.309999999999999,13.1,14.337295081967213
12,2,Kyle Kuzma,0.0,LAL,OKC,-11.0,211.0,111.0,25,21.3,26.7,31.0,SF/PF,5300,1,25.0,13.0,102,103,-15%,12,13,12,26,26,24,26.7,21.2,13.3,29.1,9.0,5.0,0.9,22.8,4.29,22.9,26.5,4.3,22.85,4.295,25.333333333333332,12.333333333333334,22.630000000000003,26.333333333333332,23.902302631578948
12,3,Jae Crowder,0.0,MEM,GS,-6.0,221.0,113.5,23,9.3,26.4,40.5,SF/PF,5200,1,15.0,11.0,105,113,7%,7,7,8,29,30,30,26.4,24.3,15.4,33.2,33.1,37.3,7.2,26.3,5.05,24.1,30.5,4.6,25.200000000000003,4.824999999999999,29.666666666666668,7.333333333333333,24.900000000000002,25.400000000000002,25.907865168539328
12,4,Ja Morant,0.0,MEM,GS,-6.0,221.0,113.5,27,18.0,29.0,42.8,PG,6700,1,33.0,18.0,105,113,3%,16,14,15,26,26,27,29.4,32.3,21.6,43.0,34.6,34.5,5.1,34.3,5.11,37.4,29.5,5.6,35.849999999999994,5.355,26.333333333333332,15.0,32.42999999999999,29.933333333333334,40.16107594936709
12,5,Rodney Hood,0.0,POR,NO,-1.0,229.5,115.3,24,1.3,16.2,30.5,SG/SF,4800,0,14.0,14.0,108,109,8%,8,9,9,32,32,32,18.4,21.5,13.5,29.6,31.7,21.8,4.5,25.3,5.26,24.8,32.5,5.2,25.05,5.23,32.0,8.666666666666666,21.61,16.0,25.44140625
12,6,Jaren Jackson Jr.,0.0,MEM,GS,-6.0,221.0,113.5,2,23.3,31.9,44.0,PF/C,5600,1,22.0,14.0,105,113,7%,13,14,11,26,30,27,31.5,25.9,14.8,37.0,18.5,8.0,1.4,27.8,4.96,30.7,29.5,5.5,29.25,5.23,27.666666666666668,12.666666666666666,27.689999999999998,33.06666666666667,31.188253012048193
12,7,Danny Green,0.0,LAL,OKC,-11.0,211.0,111.0,13,9.3,18.0,32.5,SG/SF,4600,1,14.0,12.0,102,103,-8%,8,6,7,25,24,26,17.8,18.9,8.1,29.6,20.8,15.8,3.4,17.5,3.8,18.1,26.5,3.9,17.8,3.8499999999999996,25.0,7.0,18.44,19.933333333333334,18.868000000000002
13,0,Anfernee Simons,0.0,POR,NO,-1.0,229.5,115.3,13,10.0,17.6,31.3,PG/SG,4400,0,21.0,15.0,108,109,8%,9,10,9,19,24,21,17.6,17.1,9.4,24.8,36.0,24.3,5.5,30.3,6.88,30.1,33.0,6.8,30.200000000000003,6.84,21.333333333333332,9.333333333333334,19.82,19.633333333333336,46.715625
13,1,Alec Burks,0.0,GS,MEM,6.0,221.0,107.5,30,16.8,24.7,38.8,PG/SG,5000,1,21.0,16.0,107,109,11%,12,11,10,30,28,26,24.7,24.0,12.3,35.6,35.7,44.5,8.9,27.8,5.55,30.9,30.5,6.2,29.35,5.875,28.0,11.0,25.190000000000005,26.766666666666666,31.970535714285717
13,2,Kelly Oubre Jr.,0.0,PHO,SAC,2.5,218.5,108.0,5,6.5,26.6,47.3,SF/PF,6400,0,22.0,17.0,100,108,4%,16,11,12,34,29,30,26.6,29.3,18.6,40.0,37.5,43.0,6.7,30.5,4.77,31.3,33.0,4.9,30.9,4.835,31.0,13.0,29.080000000000002,26.8,32.89354838709677
13,3,Glenn Robinson III,0.0,GS,MEM,6.0,221.0,107.5,3,15.0,21.7,27.5,SG/SF,4800,1,14.0,13.0,107,109,11%,12,10,9,34,31,31,21.7,22.6,15.1,30.1,33.7,25.8,5.4,22.8,4.74,24.7,34.0,5.1,23.75,4.92,32.0,10.333333333333334,22.65,21.400000000000002,25.234375
13,4,CJ McCollum,0.0,POR,NO,-1.0,229.5,115.3,13,33.8,42.5,54.0,PG/SG,7800,0,26.0,13.0,108,109,8%,22,21,20,38,38,38,42.5,34.9,23.5,46.2,35.3,42.0,5.4,38.5,4.94,42.2,39.0,5.4,40.35,5.17,38.0,21.0,37.49,43.43333333333334,41.41184210526316
13,5,Marko Guduric,0.0,MEM,GS,-6.0,221.0,113.5,7,1.0,15.6,27.8,SG/SF,3200,1,17.0,9.0,105,113,3%,8,7,6,17,19,18,15.6,12.8,5.1,20.6,6.2,0.3,0.1,14.0,4.38,13.4,17.5,4.2,13.7,4.29,18.0,7.0,13.559999999999999,14.800000000000002,13.319444444444443
13,6,Steven Adams,0.0,OKC,LAL,11.0,211.0,100.0,3,19.0,26.1,33.5,C,4900,0,16.0,15.0,103,97,-18%,7,7,7,29,27,27,28.8,26.9,21.8,31.9,24.1,14.5,3.0,25.0,5.1,25.0,27.0,5.1,25.0,5.1,27.666666666666668,7.0,26.879999999999995,26.2,24.39759036144578
13,7,Buddy Hield,0.0,SAC,PHO,-2.5,218.5,110.5,21,26.0,38.1,57.5,SG/SF,7500,1,28.0,15.0,107,102,-12%,20,19,18,38,34,33,38.0,34.0,24.3,43.8,28.7,26.3,3.5,39.5,5.27,40.5,37.0,5.4,40.0,5.335,35.0,19.0,36.019999999999996,40.53333333333333,42.285714285714285
14,0,Ja Morant,0.0,MEM,GS,-6.0,221.0,113.5,27,18.0,29.0,42.8,PG,6700,1,33.0,18.0,105,113,3%,16,14,15,26,26,27,29.4,32.3,21.6,43.0,34.6,34.5,5.1,34.3,5.11,37.4,29.5,5.6,35.849999999999994,5.355,26.333333333333332,15.0,32.42999999999999,29.933333333333334,40.16107594936709
14,1,Gary Trent Jr.,0.0,POR,NO,-1.0,229.5,115.3,24,4.8,8.0,15.3,SG,3000,0,0.0,0.0,108,109,8%,4,4,3,9,10,8,8.0,5.2,-0.1,10.4,2.1,3.0,1.0,6.3,2.08,0.0,0.0,0.0,3.15,1.04,9.0,3.6666666666666665,5.33,9.366666666666667,0.0
14,2,Mario Hezonja,0.0,POR,NO,-1.0,229.5,115.3,15,7.8,12.6,19.5,SF/PF,3400,0,14.0,8.0,108,109,8%,3,4,5,12,17,21,12.6,15.8,7.3,24.2,12.8,12.5,3.7,10.3,3.01,10.3,12.0,3.0,10.3,3.005,16.666666666666668,4.0,14.039999999999997,13.299999999999999,7.416
14,3,Kent Bazemore,0.0,POR,NO,-1.0,229.5,115.3,24,10.5,22.9,31.5,SG/SF,3600,0,18.0,9.0,108,109,8%,10,10,8,19,25,24,22.9,20.1,13.0,27.1,28.0,20.8,5.8,23.8,6.6,23.1,25.5,6.4,23.450000000000003,6.5,22.666666666666668,9.333333333333334,21.31,21.633333333333336,26.38125
14,4,Shai Gilgeous-Alexander,0.0,OKC,LAL,11.0,211.0,100.0,9,12.3,26.2,43.5,PG/SG,6100,0,25.0,18.0,103,97,1%,15,15,16,36,35,35,26.1,32.8,21.5,44.1,36.1,32.3,5.3,32.5,5.33,33.4,35.5,5.5,32.95,5.415,35.333333333333336,15.333333333333334,31.49,27.333333333333332,33.10542452830189
14,5,Richaun Holmes,0.0,SAC,PHO,-2.5,218.5,110.5,6,16.8,25.2,32.5,PF/C,5800,1,15.0,19.0,107,102,6%,9,7,7,28,30,26,25.2,25.0,13.5,36.5,34.4,45.3,7.8,31.0,5.34,30.3,29.0,5.2,30.65,5.27,28.0,7.666666666666667,26.169999999999998,24.833333333333332,31.744642857142853
14,6,Jaxson Hayes,0.0,NO,POR,1.0,229.5,114.3,11,1.5,16.7,31.0,C,4900,1,16.0,19.0,106,107,-5%,6,4,5,28,18,17,16.6,16.3,7.4,25.1,20.6,27.8,5.7,30.8,6.28,29.3,30.0,6.0,30.05,6.140000000000001,21.0,5.0,19.09,16.400000000000002,42.92857142857143
14,7,Jonas Valanciunas,0.0,MEM,GS,-6.0,221.0,113.5,28,19.8,30.2,39.0,C,6800,1,23.0,18.0,105,113,12%,8,11,10,26,25,23,30.3,29.2,20.4,37.9,26.5,18.5,2.7,39.8,5.85,38.7,27.5,5.7,39.25,5.775,24.666666666666668,9.666666666666666,31.410000000000004,29.666666666666668,43.758445945945944
16,0,Tyus Jones,0.0,MEM,GS,-6.0,221.0,113.5,27,4.3,17.5,30.0,PG/SG,3700,1,20.0,12.0,105,113,3%,7,7,7,18,21,21,17.5,18.1,10.3,26.0,13.4,14.5,3.9,17.3,4.66,16.7,19.0,4.5,17.0,4.58,20.0,7.0,17.78,17.266666666666666,16.15
16,1,Alec Burks,0.0,GS,MEM,6.0,221.0,107.5,30,16.8,24.7,38.8,PG/SG,5000,1,21.0,16.0,107,109,11%,12,11,10,30,28,26,24.7,24.0,12.3,35.6,35.7,44.5,8.9,27.8,5.55,30.9,30.5,6.2,29.35,5.875,28.0,11.0,25.190000000000005,26.766666666666666,31.970535714285717
16,2,Skal Labissiere,0.0,POR,NO,-1.0,229.5,115.3,25,12.0,17.2,28.5,PF/C,3300,0,16.0,12.0,108,109,5%,6,4,4,17,18,15,17.1,14.4,6.9,21.8,18.7,8.5,2.6,15.5,4.7,14.7,16.5,4.5,15.1,4.6,16.666666666666668,4.666666666666667,15.059999999999999,19.233333333333334,14.948999999999998
16,3,Kenrich Williams,0.0,NO,POR,1.0,229.5,114.3,8,20.3,27.3,33.3,SF/PF,5700,1,12.0,12.0,106,107,-5%,9,8,6,38,35,24,27.3,19.8,9.1,30.4,34.0,33.8,5.9,27.5,4.82,25.7,31.0,4.5,26.6,4.66,32.333333333333336,7.666666666666667,22.639999999999997,26.96666666666667,25.503092783505153
16,4,Rodney Hood,0.0,POR,NO,-1.0,229.5,115.3,24,1.3,16.2,30.5,SG/SF,4800,0,14.0,14.0,108,109,8%,8,9,9,32,32,32,18.4,21.5,13.5,29.6,31.7,21.8,4.5,25.3,5.26,24.8,32.5,5.2,25.05,5.23,32.0,8.666666666666666,21.61,16.0,25.44140625
16,5,Buddy Hield,0.0,SAC,PHO,-2.5,218.5,110.5,21,26.0,38.1,57.5,SG/SF,7500,1,28.0,15.0,107,102,-12%,20,19,18,38,34,33,38.0,34.0,24.3,43.8,28.7,26.3,3.5,39.5,5.27,40.5,37.0,5.4,40.0,5.335,35.0,19.0,36.019999999999996,40.53333333333333,42.285714285714285
16,6,Dewayne Dedmon,0.0,SAC,PHO,-2.5,218.5,110.5,22,7.3,10.1,13.5,C,3200,1,20.0,7.0,107,102,3%,5,4,5,13,12,16,10.1,12.8,6.7,18.9,12.7,10.8,3.4,12.8,3.98,11.3,11.5,3.5,12.05,3.74,13.666666666666666,4.666666666666667,12.11,10.299999999999999,10.139634146341464
16,7,Jordan Poole,0.0,GS,MEM,6.0,221.0,107.5,3,9.8,16.1,21.0,SG/SF,3900,1,20.0,3.0,107,109,6%,8,9,10,22,29,27,16.1,16.7,11.1,22.3,16.5,15.8,4.1,18.0,4.62,17.6,24.5,4.5,17.8,4.5600000000000005,26.0,9.0,16.799999999999997,15.633333333333335,16.773076923076925
18,0,Anfernee Simons,0.0,POR,NO,-1.0,229.5,115.3,13,10.0,17.6,31.3,PG/SG,4400,0,21.0,15.0,108,109,8%,9,10,9,19,24,21,17.6,17.1,9.4,24.8,36.0,24.3,5.5,30.3,6.88,30.1,33.0,6.8,30.200000000000003,6.84,21.333333333333332,9.333333333333334,19.82,19.633333333333336,46.715625
18,1,Shai Gilgeous-Alexander,0.0,OKC,LAL,11.0,211.0,100.0,9,12.3,26.2,43.5,PG/SG,6100,0,25.0,18.0,103,97,1%,15,15,16,36,35,35,26.1,32.8,21.5,44.1,36.1,32.3,5.3,32.5,5.33,33.4,35.5,5.5,32.95,5.415,35.333333333333336,15.333333333333334,31.49,27.333333333333332,33.10542452830189
18,2,Jaren Jackson Jr.,0.0,MEM,GS,-6.0,221.0,113.5,2,23.3,31.9,44.0,PF/C,5600,1,22.0,14.0,105,113,7%,13,14,11,26,30,27,31.5,25.9,14.8,37.0,18.5,8.0,1.4,27.8,4.96,30.7,29.5,5.5,29.25,5.23,27.666666666666668,12.666666666666666,27.689999999999998,33.06666666666667,31.188253012048193
18,3,Nassir Little,0.0,POR,NO,-1.0,229.5,115.3,15,0.0,12.0,23.8,SF/PF,3500,0,14.0,4.0,108,109,5%,9,6,5,31,19,17,12.0,10.8,1.1,20.6,22.5,35.3,10.1,15.5,4.43,17.5,22.0,5.0,16.5,4.715,22.333333333333332,6.666666666666667,12.200000000000001,11.933333333333332,16.253731343283583
18,4,Marko Guduric,0.0,MEM,GS,-6.0,221.0,113.5,7,1.0,15.6,27.8,SG/SF,3200,1,17.0,9.0,105,113,3%,8,7,6,17,19,18,15.6,12.8,5.1,20.6,6.2,0.3,0.1,14.0,4.38,13.4,17.5,4.2,13.7,4.29,18.0,7.0,13.559999999999999,14.800000000000002,13.319444444444443
18,5,JJ Redick,0.0,NO,POR,1.0,229.5,114.3,15,5.8,27.7,36.8,SG/SF,5100,1,20.0,13.0,106,107,10%,15,12,10,35,31,27,27.7,21.4,10.7,32.0,32.4,29.3,5.7,25.3,4.95,26.3,32.5,5.2,25.8,5.075,31.0,12.333333333333334,23.52,23.433333333333334,27.048387096774196
18,6,Jaxson Hayes,0.0,NO,POR,1.0,229.5,114.3,11,1.5,16.7,31.0,C,4900,1,16.0,19.0,106,107,-5%,6,4,5,28,18,17,16.6,16.3,7.4,25.1,20.6,27.8,5.7,30.8,6.28,29.3,30.0,6.0,30.05,6.140000000000001,21.0,5.0,19.09,16.400000000000002,42.92857142857143
18,7,Alex Caruso,0.0,LAL,OKC,-11.0,211.0,111.0,11,10.5,15.9,22.5,PG/SG,4000,1,15.0,9.0,102,103,-8%,9,6,5,25,24,20,15.8,13.8,8.4,19.2,19.9,14.3,3.6,18.5,4.63,14.4,20.5,3.6,16.45,4.115,23.0,6.666666666666667,14.729999999999999,16.3,14.66195652173913
20,0,De'Anthony Melton,0.0,MEM,GS,-6.0,221.0,113.5,27,0.0,10.6,23.0,PG/SG,3300,1,0.0,0.0,105,113,3%,8,4,4,16,9,9,10.6,10.6,-0.1,21.3,5.5,1.5,0.5,14.5,4.39,0.0,0.0,0.0,7.25,2.195,11.333333333333334,5.333333333333333,9.93,11.200000000000001,0.0
20,1,CJ McCollum,0.0,POR,NO,-1.0,229.5,115.3,13,33.8,42.5,54.0,PG/SG,7800,0,26.0,13.0,108,109,8%,22,21,20,38,38,38,42.5,34.9,23.5,46.2,35.3,42.0,5.4,38.5,4.94,42.2,39.0,5.4,40.35,5.17,38.0,21.0,37.49,43.43333333333334,41.41184210526316
20,2,Eric Paschall,0.0,GS,MEM,6.0,221.0,107.5,9,13.3,24.0,42.3,SF/PF,5900,1,20.0,16.0,107,109,-1%,16,13,12,34,33,31,23.9,26.0,13.0,38.9,24.4,28.8,4.9,30.0,5.08,29.3,34.0,5.0,29.65,5.04,32.666666666666664,13.666666666666666,26.29,26.53333333333333,30.860204081632656
20,3,JJ Redick,0.0,NO,POR,1.0,229.5,114.3,15,5.8,27.7,36.8,SG/SF,5100,1,20.0,13.0,106,107,10%,15,12,10,35,31,27,27.7,21.4,10.7,32.0,32.4,29.3,5.7,25.3,4.95,26.3,32.5,5.2,25.8,5.075,31.0,12.333333333333334,23.52,23.433333333333334,27.048387096774196
20,4,Dillon Brooks,0.0,MEM,GS,-6.0,221.0,113.5,7,5.5,23.2,32.0,SG/SF,4500,1,21.0,13.0,105,113,4%,10,12,12,25,27,27,23.2,23.9,14.1,33.7,32.3,29.3,6.5,23.8,5.28,23.9,28.0,5.3,23.85,5.29,26.333333333333332,11.333333333333334,23.75,20.233333333333334,25.359493670886078
20,5,Kyle Anderson,0.0,MEM,GS,-6.0,221.0,113.5,23,12.8,22.3,27.3,SF/PF,4200,1,15.0,15.0,105,113,4%,8,6,6,23,22,21,22.3,19.8,13.0,26.5,20.8,15.8,3.8,18.0,4.29,17.7,20.0,4.2,17.85,4.245,22.0,6.666666666666667,19.889999999999997,20.8,16.227272727272727
20,6,Jonas Valanciunas,0.0,MEM,GS,-6.0,221.0,113.5,28,19.8,30.2,39.0,C,6800,1,23.0,18.0,105,113,12%,8,11,10,26,25,23,30.3,29.2,20.4,37.9,26.5,18.5,2.7,39.8,5.85,38.7,27.5,5.7,39.25,5.775,24.666666666666668,9.666666666666666,31.410000000000004,29.666666666666668,43.758445945945944
20,7,Willie Cauley-Stein,0.0,GS,MEM,6.0,221.0,107.5,18,22.0,25.4,30.3,C,5000,1,15.0,19.0,107,109,0%,6,7,6,25,24,21,25.4,21.9,16.7,27.1,26.4,30.0,6.0,27.5,5.5,27.2,25.0,5.4,27.35,5.45,23.333333333333332,6.333333333333333,23.690000000000005,25.900000000000002,29.30357142857143
21,0,Cory Joseph,0.0,SAC,PHO,-2.5,218.5,110.5,18,8.0,18.0,24.5,PG/SG,4300,1,18.0,7.0,107,102,-4%,7,7,6,25,27,20,17.9,13.5,6.4,20.7,39.3,38.3,8.9,20.3,4.71,21.3,27.5,5.0,20.8,4.855,24.0,6.666666666666667,15.86,16.833333333333332,23.833333333333336
21,1,De'Anthony Melton,0.0,MEM,GS,-6.0,221.0,113.5,27,0.0,10.6,23.0,PG/SG,3300,1,0.0,0.0,105,113,3%,8,4,4,16,9,9,10.6,10.6,-0.1,21.3,5.5,1.5,0.5,14.5,4.39,0.0,0.0,0.0,7.25,2.195,11.333333333333334,5.333333333333333,9.93,11.200000000000001,0.0
21,2,Omari Spellman,0.0,GS,MEM,6.0,221.0,107.5,8,6.0,13.9,19.0,PF/C,3400,1,21.0,18.0,107,109,-1%,5,6,6,13,14,16,13.8,17.6,10.0,25.3,22.8,20.0,5.9,15.5,4.56,14.7,14.5,4.3,15.1,4.43,14.333333333333334,5.666666666666667,16.36,12.966666666666667,15.275581395348837
21,3,Cameron Johnson,0.0,PHO,SAC,2.5,218.5,108.0,5,12.8,20.8,32.5,SF/PF,3700,0,18.0,14.0,100,108,5%,9,8,6,22,22,17,20.8,14.7,5.8,23.6,26.3,32.0,8.6,16.0,4.32,16.4,23.0,4.4,16.2,4.36,20.333333333333332,7.666666666666667,16.220000000000002,22.03333333333333,18.324590163934424
21,4,Jordan Poole,0.0,GS,MEM,6.0,221.0,107.5,3,9.8,16.1,21.0,SG/SF,3900,1,20.0,3.0,107,109,6%,8,9,10,22,29,27,16.1,16.7,11.1,22.3,16.5,15.8,4.1,18.0,4.62,17.6,24.5,4.5,17.8,4.5600000000000005,26.0,9.0,16.799999999999997,15.633333333333335,16.773076923076925
21,5,Kent Bazemore,0.0,POR,NO,-1.0,229.5,115.3,24,10.5,22.9,31.5,SG/SF,3600,0,18.0,9.0,108,109,8%,10,10,8,19,25,24,22.9,20.1,13.0,27.1,28.0,20.8,5.8,23.8,6.6,23.1,25.5,6.4,23.450000000000003,6.5,22.666666666666668,9.333333333333334,21.31,21.633333333333336,26.38125
21,6,Willie Cauley-Stein,0.0,GS,MEM,6.0,221.0,107.5,18,22.0,25.4,30.3,C,5000,1,15.0,19.0,107,109,0%,6,7,6,25,24,21,25.4,21.9,16.7,27.1,26.4,30.0,6.0,27.5,5.5,27.2,25.0,5.4,27.35,5.45,23.333333333333332,6.333333333333333,23.690000000000005,25.900000000000002,29.30357142857143
21,7,Chris Paul,0.0,OKC,LAL,11.0,211.0,100.0,9,28.5,37.6,45.0,PG,7000,0,24.0,20.0,103,97,-6%,12,10,12,36,32,31,37.9,34.5,25.9,43.1,30.2,32.8,4.7,34.5,4.93,32.8,31.0,4.7,33.65,4.8149999999999995,33.0,11.333333333333334,35.010000000000005,37.03333333333333,31.610606060606056
22,0,Anfernee Simons,0.0,POR,NO,-1.0,229.5,115.3,13,10.0,17.6,31.3,PG/SG,4400,0,21.0,15.0,108,109,8%,9,10,9,19,24,21,17.6,17.1,9.4,24.8,36.0,24.3,5.5,30.3,6.88,30.1,33.0,6.8,30.200000000000003,6.84,21.333333333333332,9.333333333333334,19.82,19.633333333333336,46.715625
22,1,Shai Gilgeous-Alexander,0.0,OKC,LAL,11.0,211.0,100.0,9,12.3,26.2,43.5,PG/SG,6100,0,25.0,18.0,103,97,1%,15,15,16,36,35,35,26.1,32.8,21.5,44.1,36.1,32.3,5.3,32.5,5.33,33.4,35.5,5.5,32.95,5.415,35.333333333333336,15.333333333333334,31.49,27.333333333333332,33.10542452830189
22,2,Omari Spellman,0.0,GS,MEM,6.0,221.0,107.5,8,6.0,13.9,19.0,PF/C,3400,1,21.0,18.0,107,109,-1%,5,6,6,13,14,16,13.8,17.6,10.0,25.3,22.8,20.0,5.9,15.5,4.56,14.7,14.5,4.3,15.1,4.43,14.333333333333334,5.666666666666667,16.36,12.966666666666667,15.275581395348837
22,3,Kenrich Williams,0.0,NO,POR,1.0,229.5,114.3,8,20.3,27.3,33.3,SF/PF,5700,1,12.0,12.0,106,107,-5%,9,8,6,38,35,24,27.3,19.8,9.1,30.4,34.0,33.8,5.9,27.5,4.82,25.7,31.0,4.5,26.6,4.66,32.333333333333336,7.666666666666667,22.639999999999997,26.96666666666667,25.503092783505153
22,4,Buddy Hield,0.0,SAC,PHO,-2.5,218.5,110.5,21,26.0,38.1,57.5,SG/SF,7500,1,28.0,15.0,107,102,-12%,20,19,18,38,34,33,38.0,34.0,24.3,43.8,28.7,26.3,3.5,39.5,5.27,40.5,37.0,5.4,40.0,5.335,35.0,19.0,36.019999999999996,40.53333333333333,42.285714285714285
22,5,Bogdan Bogdanovic,0.0,SAC,PHO,-2.5,218.5,110.5,21,33.3,39.3,53.3,SG/SF,7100,1,24.0,17.0,107,102,-12%,14,14,12,34,32,27,39.3,27.6,15.0,40.1,35.8,53.0,7.5,32.5,4.58,35.0,34.0,4.9,33.75,4.74,31.0,13.333333333333334,31.15,41.96666666666666,37.016129032258064
22,6,Jaxson Hayes,0.0,NO,POR,1.0,229.5,114.3,11,1.5,16.7,31.0,C,4900,1,16.0,19.0,106,107,-5%,6,4,5,28,18,17,16.6,16.3,7.4,25.1,20.6,27.8,5.7,30.8,6.28,29.3,30.0,6.0,30.05,6.140000000000001,21.0,5.0,19.09,16.400000000000002,42.92857142857143
22,7,Deonte Burton,0.0,OKC,LAL,11.0,211.0,100.0,12,1.3,6.7,19.3,SG/SF,3000,0,0.0,0.0,103,97,-6%,7,3,3,10,7,7,6.5,5.6,-1.6,12.8,10.9,4.0,1.3,0.5,0.17,0.0,0.0,0.0,0.25,0.085,8.0,4.333333333333333,4.709999999999999,9.1,0.0
23,0,Anfernee Simons,0.0,POR,NO,-1.0,229.5,115.3,13,10.0,17.6,31.3,PG/SG,4400,0,21.0,15.0,108,109,8%,9,10,9,19,24,21,17.6,17.1,9.4,24.8,36.0,24.3,5.5,30.3,6.88,30.1,33.0,6.8,30.200000000000003,6.84,21.333333333333332,9.333333333333334,19.82,19.633333333333336,46.715625
23,1,Bogdan Bogdanovic,0.0,SAC,PHO,-2.5,218.5,110.5,21,33.3,39.3,53.3,SG/SF,7100,1,24.0,17.0,107,102,-12%,14,14,12,34,32,27,39.3,27.6,15.0,40.1,35.8,53.0,7.5,32.5,4.58,35.0,34.0,4.9,33.75,4.74,31.0,13.333333333333334,31.15,41.96666666666666,37.016129032258064
23,2,Brandon Clarke,0.0,MEM,GS,-6.0,221.0,113.5,2,18.0,23.5,27.3,PF/C,4700,1,18.0,23.0,105,113,7%,8,9,8,21,21,22,23.4,24.9,18.0,31.7,25.7,31.8,6.8,22.8,4.84,23.0,20.5,4.9,22.9,4.87,21.333333333333332,8.333333333333334,24.18,22.933333333333334,22.005468750000002
23,3,Rodney Hood,0.0,POR,NO,-1.0,229.5,115.3,24,1.3,16.2,30.5,SG/SF,4800,0,14.0,14.0,108,109,8%,8,9,9,32,32,32,18.4,21.5,13.5,29.6,31.7,21.8,4.5,25.3,5.26,24.8,32.5,5.2,25.05,5.23,32.0,8.666666666666666,21.61,16.0,25.44140625
23,4,Kent Bazemore,0.0,POR,NO,-1.0,229.5,115.3,24,10.5,22.9,31.5,SG/SF,3600,0,18.0,9.0,108,109,8%,10,10,8,19,25,24,22.9,20.1,13.0,27.1,28.0,20.8,5.8,23.8,6.6,23.1,25.5,6.4,23.450000000000003,6.5,22.666666666666668,9.333333333333334,21.31,21.633333333333336,26.38125
23,5,Glenn Robinson III,0.0,GS,MEM,6.0,221.0,107.5,3,15.0,21.7,27.5,SG/SF,4800,1,14.0,13.0,107,109,11%,12,10,9,34,31,31,21.7,22.6,15.1,30.1,33.7,25.8,5.4,22.8,4.74,24.7,34.0,5.1,23.75,4.92,32.0,10.333333333333334,22.65,21.400000000000002,25.234375
23,6,JaVale McGee,0.0,LAL,OKC,-11.0,211.0,111.0,9,12.3,24.1,54.8,C,5000,1,17.0,22.0,102,103,3%,4,7,5,14,16,16,24.1,19.0,5.9,32.1,22.8,25.5,5.1,16.3,3.25,16.8,15.0,3.4,16.55,3.325,15.333333333333334,5.333333333333333,19.53,30.400000000000002,16.190217391304348
23,7,Nerlens Noel,0.0,OKC,LAL,11.0,211.0,100.0,3,6.8,20.4,31.5,C,4000,0,16.0,20.0,103,97,-18%,3,4,4,19,19,18,20.4,19.9,9.2,30.7,23.9,32.0,8.0,18.0,4.5,17.6,18.5,4.4,17.8,4.45,18.666666666666668,3.6666666666666665,19.6,19.566666666666666,17.64107142857143
24,0,Rajon Rondo,0.0,LAL,OKC,-11.0,211.0,111.0,11,10.8,24.6,40.5,PG,4500,1,0.0,0.0,102,103,2%,6,6,6,21,19,19,19.4,19.4,11.9,26.9,27.5,24.5,5.4,17.8,3.94,20.9,24.0,4.6,19.35,4.27,19.666666666666668,6.0,19.389999999999997,25.3,23.613559322033897
24,1,Bogdan Bogdanovic,0.0,SAC,PHO,-2.5,218.5,110.5,21,33.3,39.3,53.3,SG/SF,7100,1,24.0,17.0,107,102,-12%,14,14,12,34,32,27,39.3,27.6,15.0,40.1,35.8,53.0,7.5,32.5,4.58,35.0,34.0,4.9,33.75,4.74,31.0,13.333333333333334,31.15,41.96666666666666,37.016129032258064
24,2,Skal Labissiere,0.0,POR,NO,-1.0,229.5,115.3,25,12.0,17.2,28.5,PF/C,3300,0,16.0,12.0,108,109,5%,6,4,4,17,18,15,17.1,14.4,6.9,21.8,18.7,8.5,2.6,15.5,4.7,14.7,16.5,4.5,15.1,4.6,16.666666666666668,4.666666666666667,15.059999999999999,19.233333333333334,14.948999999999998
24,3,Deonte Burton,0.0,OKC,LAL,11.0,211.0,100.0,12,1.3,6.7,19.3,SG/SF,3000,0,0.0,0.0,103,97,-6%,7,3,3,10,7,7,6.5,5.6,-1.6,12.8,10.9,4.0,1.3,0.5,0.17,0.0,0.0,0.0,0.25,0.085,8.0,4.333333333333333,4.709999999999999,9.1,0.0
24,4,Cory Joseph,0.0,SAC,PHO,-2.5,218.5,110.5,18,8.0,18.0,24.5,PG/SG,4300,1,18.0,7.0,107,102,-4%,7,7,6,25,27,20,17.9,13.5,6.4,20.7,39.3,38.3,8.9,20.3,4.71,21.3,27.5,5.0,20.8,4.855,24.0,6.666666666666667,15.86,16.833333333333332,23.833333333333336
24,5,Danilo Gallinari,0.0,OKC,LAL,11.0,211.0,100.0,11,21.0,29.8,39.8,SF/PF,6500,0,23.0,21.0,103,97,1%,12,12,13,34,31,30,29.8,29.9,23.4,36.3,30.5,34.0,5.2,31.3,4.81,30.4,30.0,4.7,30.85,4.755,31.666666666666668,12.333333333333334,30.05,30.2,29.226315789473684
24,6,Willie Cauley-Stein,0.0,GS,MEM,6.0,221.0,107.5,18,22.0,25.4,30.3,C,5000,1,15.0,19.0,107,109,0%,6,7,6,25,24,21,25.4,21.9,16.7,27.1,26.4,30.0,6.0,27.5,5.5,27.2,25.0,5.4,27.35,5.45,23.333333333333332,6.333333333333333,23.690000000000005,25.900000000000002,29.30357142857143
24,7,Marko Guduric,0.0,MEM,GS,-6.0,221.0,113.5,7,1.0,15.6,27.8,SG/SF,3200,1,17.0,9.0,105,113,3%,8,7,6,17,19,18,15.6,12.8,5.1,20.6,6.2,0.3,0.1,14.0,4.38,13.4,17.5,4.2,13.7,4.29,18.0,7.0,13.559999999999999,14.800000000000002,13.319444444444443
25,0,CJ McCollum,0.0,POR,NO,-1.0,229.5,115.3,13,33.8,42.5,54.0,PG/SG,7800,0,26.0,13.0,108,109,8%,22,21,20,38,38,38,42.5,34.9,23.5,46.2,35.3,42.0,5.4,38.5,4.94,42.2,39.0,5.4,40.35,5.17,38.0,21.0,37.49,43.43333333333334,41.41184210526316
25,1,Terrance Ferguson,0.0,OKC,LAL,11.0,211.0,100.0,12,10.3,16.4,27.8,SG/SF,3900,0,9.0,8.0,103,97,1%,7,6,4,37,28,27,16.4,12.9,5.8,20.0,30.6,8.3,2.1,14.0,3.59,14.4,30.5,3.7,14.2,3.645,30.666666666666668,5.666666666666667,13.86,18.166666666666668,14.12282608695652
25,2,Kyle Anderson,0.0,MEM,GS,-6.0,221.0,113.5,23,12.8,22.3,27.3,SF/PF,4200,1,15.0,15.0,105,113,4%,8,6,6,23,22,21,22.3,19.8,13.0,26.5,20.8,15.8,3.8,18.0,4.29,17.7,20.0,4.2,17.85,4.245,22.0,6.666666666666667,19.889999999999997,20.8,16.227272727272727
25,3,Cameron Johnson,0.0,PHO,SAC,2.5,218.5,108.0,5,12.8,20.8,32.5,SF/PF,3700,0,18.0,14.0,100,108,5%,9,8,6,22,22,17,20.8,14.7,5.8,23.6,26.3,32.0,8.6,16.0,4.32,16.4,23.0,4.4,16.2,4.36,20.333333333333332,7.666666666666667,16.220000000000002,22.03333333333333,18.324590163934424
25,4,Rajon Rondo,0.0,LAL,OKC,-11.0,211.0,111.0,11,10.8,24.6,40.5,PG,4500,1,0.0,0.0,102,103,2%,6,6,6,21,19,19,19.4,19.4,11.9,26.9,27.5,24.5,5.4,17.8,3.94,20.9,24.0,4.6,19.35,4.27,19.666666666666668,6.0,19.389999999999997,25.3,23.613559322033897
25,5,Draymond Green,0.0,GS,MEM,6.0,221.0,107.5,30,18.3,26.6,37.8,PG/SF,6200,1,17.0,12.0,107,109,-1%,8,8,8,33,30,29,26.6,28.4,15.5,41.3,34.6,42.0,6.8,36.5,5.89,35.9,33.0,5.8,36.2,5.845,30.666666666666668,8.0,29.6,27.566666666666666,38.95434782608695
25,6,Dwight Howard,0.0,LAL,OKC,-11.0,211.0,111.0,9,14.3,21.2,30.0,C,4700,1,12.0,18.0,102,103,3%,1,4,4,23,21,21,21.1,21.8,12.8,30.9,17.4,16.0,3.4,22.3,4.73,23.0,22.0,4.9,22.65,4.815,21.666666666666668,3.0,21.85,21.833333333333332,22.998461538461537
25,7,Anfernee Simons,0.0,POR,NO,-1.0,229.5,115.3,13,10.0,17.6,31.3,PG/SG,4400,0,21.0,15.0,108,109,8%,9,10,9,19,24,21,17.6,17.1,9.4,24.8,36.0,24.3,5.5,30.3,6.88,30.1,33.0,6.8,30.200000000000003,6.84,21.333333333333332,9.333333333333334,19.82,19.633333333333336,46.715625
26,0,Elie Okobo,0.0,PHO,SAC,2.5,218.5,108.0,21,0.0,3.8,9.0,PG/SG,3000,0,0.0,0.0,100,108,5%,2,1,1,6,4,4,3.8,4.4,1.0,7.7,18.3,13.5,4.5,1.3,0.42,0.0,0.0,0.0,0.65,0.21,4.666666666666667,1.3333333333333333,3.5099999999999993,4.266666666666667,0.0
26,1,Buddy Hield,0.0,SAC,PHO,-2.5,218.5,110.5,21,26.0,38.1,57.5,SG/SF,7500,1,28.0,15.0,107,102,-12%,20,19,18,38,34,33,38.0,34.0,24.3,43.8,28.7,26.3,3.5,39.5,5.27,40.5,37.0,5.4,40.0,5.335,35.0,19.0,36.019999999999996,40.53333333333333,42.285714285714285
26,2,Brandon Clarke,0.0,MEM,GS,-6.0,221.0,113.5,2,18.0,23.5,27.3,PF/C,4700,1,18.0,23.0,105,113,7%,8,9,8,21,21,22,23.4,24.9,18.0,31.7,25.7,31.8,6.8,22.8,4.84,23.0,20.5,4.9,22.9,4.87,21.333333333333332,8.333333333333334,24.18,22.933333333333334,22.005468750000002
26,3,Kyle Kuzma,0.0,LAL,OKC,-11.0,211.0,111.0,25,21.3,26.7,31.0,SF/PF,5300,1,25.0,13.0,102,103,-15%,12,13,12,26,26,24,26.7,21.2,13.3,29.1,9.0,5.0,0.9,22.8,4.29,22.9,26.5,4.3,22.85,4.295,25.333333333333332,12.333333333333334,22.630000000000003,26.333333333333332,23.902302631578948
26,4,Draymond Green,0.0,GS,MEM,6.0,221.0,107.5,30,18.3,26.6,37.8,PG/SF,6200,1,17.0,12.0,107,109,-1%,8,8,8,33,30,29,26.6,28.4,15.5,41.3,34.6,42.0,6.8,36.5,5.89,35.9,33.0,5.8,36.2,5.845,30.666666666666668,8.0,29.6,27.566666666666666,38.95434782608695
26,5,Mikal Bridges,0.0,PHO,SAC,2.5,218.5,108.0,10,10.5,15.0,21.5,SG/SF,3600,0,11.0,10.0,100,108,4%,4,5,4,15,18,19,14.9,14.0,7.9,20.1,25.8,30.8,8.6,12.0,3.33,12.4,18.0,3.4,12.2,3.365,17.333333333333332,4.333333333333333,13.819999999999999,15.666666666666666,12.66923076923077
26,6,Steven Adams,0.0,OKC,LAL,11.0,211.0,100.0,3,19.0,26.1,33.5,C,4900,0,16.0,15.0,103,97,-18%,7,7,7,29,27,27,28.8,26.9,21.8,31.9,24.1,14.5,3.0,25.0,5.1,25.0,27.0,5.1,25.0,5.1,27.666666666666668,7.0,26.879999999999995,26.2,24.39759036144578
26,7,Alex Caruso,0.0,LAL,OKC,-11.0,211.0,111.0,11,10.5,15.9,22.5,PG/SG,4000,1,15.0,9.0,102,103,-8%,9,6,5,25,24,20,15.8,13.8,8.4,19.2,19.9,14.3,3.6,18.5,4.63,14.4,20.5,3.6,16.45,4.115,23.0,6.666666666666667,14.729999999999999,16.3,14.66195652173913
27,0,Draymond Green,0.0,GS,MEM,6.0,221.0,107.5,30,18.3,26.6,37.8,PG/SF,6200,1,17.0,12.0,107,109,-1%,8,8,8,33,30,29,26.6,28.4,15.5,41.3,34.6,42.0,6.8,36.5,5.89,35.9,33.0,5.8,36.2,5.845,30.666666666666668,8.0,29.6,27.566666666666666,38.95434782608695
27,1,Tyler Johnson,0.0,PHO,SAC,2.5,218.5,108.0,21,7.8,13.0,18.5,PG/SG,3500,0,17.0,9.0,100,108,-1%,4,7,6,23,19,19,12.9,12.9,7.3,18.5,17.8,9.8,2.8,16.0,4.57,13.9,19.5,4.0,14.95,4.285,20.333333333333332,5.666666666666667,13.309999999999999,13.1,14.337295081967213
27,2,Richaun Holmes,0.0,SAC,PHO,-2.5,218.5,110.5,6,16.8,25.2,32.5,PF/C,5800,1,15.0,19.0,107,102,6%,9,7,7,28,30,26,25.2,25.0,13.5,36.5,34.4,45.3,7.8,31.0,5.34,30.3,29.0,5.2,30.65,5.27,28.0,7.666666666666667,26.169999999999998,24.833333333333332,31.744642857142853
27,3,Glenn Robinson III,0.0,GS,MEM,6.0,221.0,107.5,3,15.0,21.7,27.5,SG/SF,4800,1,14.0,13.0,107,109,11%,12,10,9,34,31,31,21.7,22.6,15.1,30.1,33.7,25.8,5.4,22.8,4.74,24.7,34.0,5.1,23.75,4.92,32.0,10.333333333333334,22.65,21.400000000000002,25.234375
27,4,Alex Caruso,0.0,LAL,OKC,-11.0,211.0,111.0,11,10.5,15.9,22.5,PG/SG,4000,1,15.0,9.0,102,103,-8%,9,6,5,25,24,20,15.8,13.8,8.4,19.2,19.9,14.3,3.6,18.5,4.63,14.4,20.5,3.6,16.45,4.115,23.0,6.666666666666667,14.729999999999999,16.3,14.66195652173913
27,5,Kelly Oubre Jr.,0.0,PHO,SAC,2.5,218.5,108.0,5,6.5,26.6,47.3,SF/PF,6400,0,22.0,17.0,100,108,4%,16,11,12,34,29,30,26.6,29.3,18.6,40.0,37.5,43.0,6.7,30.5,4.77,31.3,33.0,4.9,30.9,4.835,31.0,13.0,29.080000000000002,26.8,32.89354838709677
27,6,Jonas Valanciunas,0.0,MEM,GS,-6.0,221.0,113.5,28,19.8,30.2,39.0,C,6800,1,23.0,18.0,105,113,12%,8,11,10,26,25,23,30.3,29.2,20.4,37.9,26.5,18.5,2.7,39.8,5.85,38.7,27.5,5.7,39.25,5.775,24.666666666666668,9.666666666666666,31.410000000000004,29.666666666666668,43.758445945945944
27,7,LeBron James,0.0,LAL,OKC,-11.0,211.0,111.0,11,45.8,56.1,68.3,PG/SF,11100,1,33.0,29.0,102,103,-3%,21,19,19,36,34,35,56.4,56.4,41.4,71.3,37.1,59.8,5.4,54.3,4.89,54.6,35.0,4.9,54.45,4.895,35.0,19.666666666666668,55.989999999999995,56.73333333333333,54.45
28,0,Elie Okobo,0.0,PHO,SAC,2.5,218.5,108.0,21,0.0,3.8,9.0,PG/SG,3000,0,0.0,0.0,100,108,5%,2,1,1,6,4,4,3.8,4.4,1.0,7.7,18.3,13.5,4.5,1.3,0.42,0.0,0.0,0.0,0.65,0.21,4.666666666666667,1.3333333333333333,3.5099999999999993,4.266666666666667,0.0
28,1,Alec Burks,0.0,GS,MEM,6.0,221.0,107.5,30,16.8,24.7,38.8,PG/SG,5000,1,21.0,16.0,107,109,11%,12,11,10,30,28,26,24.7,24.0,12.3,35.6,35.7,44.5,8.9,27.8,5.55,30.9,30.5,6.2,29.35,5.875,28.0,11.0,25.190000000000005,26.766666666666666,31.970535714285717
28,2,Darius Bazley,0.0,OKC,LAL,11.0,211.0,100.0,11,2.5,9.8,16.0,SF/PF,3400,0,13.0,9.0,103,97,-18%,3,4,4,16,18,18,9.8,11.3,3.6,18.9,13.4,7.3,2.1,13.5,3.97,12.5,18.0,3.7,13.0,3.835,17.333333333333332,3.6666666666666665,11.32,9.433333333333334,13.5
28,3,Solomon Hill,0.0,MEM,GS,-6.0,221.0,113.5,23,9.0,13.6,19.8,SF/PF,3300,1,15.0,12.0,105,113,4%,4,4,5,18,17,17,13.6,14.0,8.1,20.0,22.0,9.0,2.7,10.8,3.26,11.6,16.5,3.5,11.2,3.38,17.333333333333332,4.333333333333333,13.38,14.133333333333335,10.661538461538463
28,4,Ja Morant,0.0,MEM,GS,-6.0,221.0,113.5,27,18.0,29.0,42.8,PG,6700,1,33.0,18.0,105,113,3%,16,14,15,26,26,27,29.4,32.3,21.6,43.0,34.6,34.5,5.1,34.3,5.11,37.4,29.5,5.6,35.849999999999994,5.355,26.333333333333332,15.0,32.42999999999999,29.933333333333334,40.16107594936709
28,5,Cameron Johnson,0.0,PHO,SAC,2.5,218.5,108.0,5,12.8,20.8,32.5,SF/PF,3700,0,18.0,14.0,100,108,5%,9,8,6,22,22,17,20.8,14.7,5.8,23.6,26.3,32.0,8.6,16.0,4.32,16.4,23.0,4.4,16.2,4.36,20.333333333333332,7.666666666666667,16.220000000000002,22.03333333333333,18.324590163934424
28,6,Brandon Clarke,0.0,MEM,GS,-6.0,221.0,113.5,2,18.0,23.5,27.3,PF/C,4700,1,18.0,23.0,105,113,7%,8,9,8,21,21,22,23.4,24.9,18.0,31.7,25.7,31.8,6.8,22.8,4.84,23.0,20.5,4.9,22.9,4.87,21.333333333333332,8.333333333333334,24.18,22.933333333333334,22.005468750000002
28,7,Jordan Poole,0.0,GS,MEM,6.0,221.0,107.5,3,9.8,16.1,21.0,SG/SF,3900,1,20.0,3.0,107,109,6%,8,9,10,22,29,27,16.1,16.7,11.1,22.3,16.5,15.8,4.1,18.0,4.62,17.6,24.5,4.5,17.8,4.5600000000000005,26.0,9.0,16.799999999999997,15.633333333333335,16.773076923076925
29,0,Devin Booker,0.0,PHO,SAC,2.5,218.5,108.0,21,25.8,36.6,44.0,PG/SG,8400,0,29.0,21.0,100,108,-1%,15,15,17,33,35,35,36.1,38.2,29.0,47.3,38.8,51.8,6.2,40.3,4.79,39.0,34.5,4.6,39.65,4.695,34.333333333333336,15.666666666666666,38.050000000000004,35.46666666666667,39.842475728155335
29,1,Kent Bazemore,0.0,POR,NO,-1.0,229.5,115.3,24,10.5,22.9,31.5,SG/SF,3600,0,18.0,9.0,108,109,8%,10,10,8,19,25,24,22.9,20.1,13.0,27.1,28.0,20.8,5.8,23.8,6.6,23.1,25.5,6.4,23.450000000000003,6.5,22.666666666666668,9.333333333333334,21.31,21.633333333333336,26.38125
29,2,Harrison Barnes,0.0,SAC,PHO,-2.5,218.5,110.5,14,24.3,30.0,39.5,SF/PF,6000,1,18.0,16.0,107,102,-2%,10,11,12,35,35,35,30.3,28.9,22.5,35.4,37.2,22.5,3.8,29.0,4.83,28.8,35.0,4.8,28.9,4.8149999999999995,35.0,11.0,29.2,31.266666666666666,28.9
29,3,Dillon Brooks,0.0,MEM,GS,-6.0,221.0,113.5,7,5.5,23.2,32.0,SG/SF,4500,1,21.0,13.0,105,113,4%,10,12,12,25,27,27,23.2,23.9,14.1,33.7,32.3,29.3,6.5,23.8,5.28,23.9,28.0,5.3,23.85,5.29,26.333333333333332,11.333333333333334,23.75,20.233333333333334,25.359493670886078
29,4,Tyler Johnson,0.0,PHO,SAC,2.5,218.5,108.0,21,7.8,13.0,18.5,PG/SG,3500,0,17.0,9.0,100,108,-1%,4,7,6,23,19,19,12.9,12.9,7.3,18.5,17.8,9.8,2.8,16.0,4.57,13.9,19.5,4.0,14.95,4.285,20.333333333333332,5.666666666666667,13.309999999999999,13.1,14.337295081967213
29,5,Marquese Chriss,0.0,GS,MEM,6.0,221.0,107.5,8,6.0,17.0,24.3,PF/C,4100,1,19.0,15.0,107,109,-1%,5,6,5,16,18,16,16.9,15.8,9.1,22.5,21.2,34.5,8.4,17.3,4.21,16.6,16.0,4.0,16.950000000000003,4.105,16.666666666666668,5.333333333333333,16.25,15.766666666666666,16.272000000000002
29,6,Jaren Jackson Jr.,0.0,MEM,GS,-6.0,221.0,113.5,2,23.3,31.9,44.0,PF/C,5600,1,22.0,14.0,105,113,7%,13,14,11,26,30,27,31.5,25.9,14.8,37.0,18.5,8.0,1.4,27.8,4.96,30.7,29.5,5.5,29.25,5.23,27.666666666666668,12.666666666666666,27.689999999999998,33.06666666666667,31.188253012048193
29,7,Willie Cauley-Stein,0.0,GS,MEM,6.0,221.0,107.5,18,22.0,25.4,30.3,C,5000,1,15.0,19.0,107,109,0%,6,7,6,25,24,21,25.4,21.9,16.7,27.1,26.4,30.0,6.0,27.5,5.5,27.2,25.0,5.4,27.35,5.45,23.333333333333332,6.333333333333333,23.690000000000005,25.900000000000002,29.30357142857143
30,0,Anfernee Simons,0.0,POR,NO,-1.0,229.5,115.3,13,10.0,17.6,31.3,PG/SG,4400,0,21.0,15.0,108,109,8%,9,10,9,19,24,21,17.6,17.1,9.4,24.8,36.0,24.3,5.5,30.3,6.88,30.1,33.0,6.8,30.200000000000003,6.84,21.333333333333332,9.333333333333334,19.82,19.633333333333336,46.715625
30,1,Glenn Robinson III,0.0,GS,MEM,6.0,221.0,107.5,3,15.0,21.7,27.5,SG/SF,4800,1,14.0,13.0,107,109,11%,12,10,9,34,31,31,21.7,22.6,15.1,30.1,33.7,25.8,5.4,22.8,4.74,24.7,34.0,5.1,23.75,4.92,32.0,10.333333333333334,22.65,21.400000000000002,25.234375
30,2,Nassir Little,0.0,POR,NO,-1.0,229.5,115.3,15,0.0,12.0,23.8,SF/PF,3500,0,14.0,4.0,108,109,5%,9,6,5,31,19,17,12.0,10.8,1.1,20.6,22.5,35.3,10.1,15.5,4.43,17.5,22.0,5.0,16.5,4.715,22.333333333333332,6.666666666666667,12.200000000000001,11.933333333333332,16.253731343283583
30,3,Draymond Green,0.0,GS,MEM,6.0,221.0,107.5,30,18.3,26.6,37.8,PG/SF,6200,1,17.0,12.0,107,109,-1%,8,8,8,33,30,29,26.6,28.4,15.5,41.3,34.6,42.0,6.8,36.5,5.89,35.9,33.0,5.8,36.2,5.845,30.666666666666668,8.0,29.6,27.566666666666666,38.95434782608695
30,4,Kentavious Caldwell-Pope,0.0,LAL,OKC,-11.0,211.0,111.0,13,1.3,11.1,22.8,SG/SF,3900,1,17.0,8.0,102,103,-8%,9,7,7,23,18,21,13.1,13.4,6.0,20.7,33.0,22.5,5.8,17.5,4.49,15.7,23.5,4.0,16.6,4.245,20.666666666666668,7.666666666666667,13.960000000000003,11.733333333333334,18.875806451612902
30,5,Richaun Holmes,0.0,SAC,PHO,-2.5,218.5,110.5,6,16.8,25.2,32.5,PF/C,5800,1,15.0,19.0,107,102,6%,9,7,7,28,30,26,25.2,25.0,13.5,36.5,34.4,45.3,7.8,31.0,5.34,30.3,29.0,5.2,30.65,5.27,28.0,7.666666666666667,26.169999999999998,24.833333333333332,31.744642857142853
30,6,Brandon Clarke,0.0,MEM,GS,-6.0,221.0,113.5,2,18.0,23.5,27.3,PF/C,4700,1,18.0,23.0,105,113,7%,8,9,8,21,21,22,23.4,24.9,18.0,31.7,25.7,31.8,6.8,22.8,4.84,23.0,20.5,4.9,22.9,4.87,21.333333333333332,8.333333333333334,24.18,22.933333333333334,22.005468750000002
30,7,Tyus Jones,0.0,MEM,GS,-6.0,221.0,113.5,27,4.3,17.5,30.0,PG/SG,3700,1,20.0,12.0,105,113,3%,7,7,7,18,21,21,17.5,18.1,10.3,26.0,13.4,14.5,3.9,17.3,4.66,16.7,19.0,4.5,17.0,4.58,20.0,7.0,17.78,17.266666666666666,16.15
31,0,Nickeil Alexander-Walker,0.0,NO,POR,1.0,229.5,114.3,19,3.0,18.9,38.0,PG/SG,4900,1,25.0,9.0,106,107,7%,18,10,8,33,21,16,18.9,15.6,2.2,29.0,15.6,9.0,1.8,20.5,4.18,17.5,19.5,3.6,19.0,3.8899999999999997,23.333333333333332,12.0,16.94,19.966666666666665,15.878571428571428
31,1,Anfernee Simons,0.0,POR,NO,-1.0,229.5,115.3,13,10.0,17.6,31.3,PG/SG,4400,0,21.0,15.0,108,109,8%,9,10,9,19,24,21,17.6,17.1,9.4,24.8,36.0,24.3,5.5,30.3,6.88,30.1,33.0,6.8,30.200000000000003,6.84,21.333333333333332,9.333333333333334,19.82,19.633333333333336,46.715625
31,2,Harrison Barnes,0.0,SAC,PHO,-2.5,218.5,110.5,14,24.3,30.0,39.5,SF/PF,6000,1,18.0,16.0,107,102,-2%,10,11,12,35,35,35,30.3,28.9,22.5,35.4,37.2,22.5,3.8,29.0,4.83,28.8,35.0,4.8,28.9,4.8149999999999995,35.0,11.0,29.2,31.266666666666666,28.9
31,3,Danilo Gallinari,0.0,OKC,LAL,11.0,211.0,100.0,11,21.0,29.8,39.8,SF/PF,6500,0,23.0,21.0,103,97,1%,12,12,13,34,31,30,29.8,29.9,23.4,36.3,30.5,34.0,5.2,31.3,4.81,30.4,30.0,4.7,30.85,4.755,31.666666666666668,12.333333333333334,30.05,30.2,29.226315789473684
31,4,Jordan Poole,0.0,GS,MEM,6.0,221.0,107.5,3,9.8,16.1,21.0,SG/SF,3900,1,20.0,3.0,107,109,6%,8,9,10,22,29,27,16.1,16.7,11.1,22.3,16.5,15.8,4.1,18.0,4.62,17.6,24.5,4.5,17.8,4.5600000000000005,26.0,9.0,16.799999999999997,15.633333333333335,16.773076923076925
31,5,LeBron James,0.0,LAL,OKC,-11.0,211.0,111.0,11,45.8,56.1,68.3,PG/SF,11100,1,33.0,29.0,102,103,-3%,21,19,19,36,34,35,56.4,56.4,41.4,71.3,37.1,59.8,5.4,54.3,4.89,54.6,35.0,4.9,54.45,4.895,35.0,19.666666666666668,55.989999999999995,56.73333333333333,54.45
31,6,Hassan Whiteside,0.0,POR,NO,-1.0,229.5,115.3,20,26.8,34.3,44.0,C,6300,0,20.0,24.0,108,109,-5%,11,11,11,31,30,28,34.3,35.6,26.2,45.1,29.3,33.0,5.2,43.0,6.83,41.3,29.0,6.6,42.15,6.715,29.666666666666668,11.0,36.67,35.03333333333333,41.20280898876404
31,7,Cameron Johnson,0.0,PHO,SAC,2.5,218.5,108.0,5,12.8,20.8,32.5,SF/PF,3700,0,18.0,14.0,100,108,5%,9,8,6,22,22,17,20.8,14.7,5.8,23.6,26.3,32.0,8.6,16.0,4.32,16.4,23.0,4.4,16.2,4.36,20.333333333333332,7.666666666666667,16.220000000000002,22.03333333333333,18.324590163934424
32,0,Devin Booker,0.0,PHO,SAC,2.5,218.5,108.0,21,25.8,36.6,44.0,PG/SG,8400,0,29.0,21.0,100,108,-1%,15,15,17,33,35,35,36.1,38.2,29.0,47.3,38.8,51.8,6.2,40.3,4.79,39.0,34.5,4.6,39.65,4.695,34.333333333333336,15.666666666666666,38.050000000000004,35.46666666666667,39.842475728155335
32,1,Glenn Robinson III,0.0,GS,MEM,6.0,221.0,107.5,3,15.0,21.7,27.5,SG/SF,4800,1,14.0,13.0,107,109,11%,12,10,9,34,31,31,21.7,22.6,15.1,30.1,33.7,25.8,5.4,22.8,4.74,24.7,34.0,5.1,23.75,4.92,32.0,10.333333333333334,22.65,21.400000000000002,25.234375
32,2,Jae Crowder,0.0,MEM,GS,-6.0,221.0,113.5,23,9.3,26.4,40.5,SF/PF,5200,1,15.0,11.0,105,113,7%,7,7,8,29,30,30,26.4,24.3,15.4,33.2,33.1,37.3,7.2,26.3,5.05,24.1,30.5,4.6,25.200000000000003,4.824999999999999,29.666666666666668,7.333333333333333,24.900000000000002,25.400000000000002,25.907865168539328
32,3,JJ Redick,0.0,NO,POR,1.0,229.5,114.3,15,5.8,27.7,36.8,SG/SF,5100,1,20.0,13.0,106,107,10%,15,12,10,35,31,27,27.7,21.4,10.7,32.0,32.4,29.3,5.7,25.3,4.95,26.3,32.5,5.2,25.8,5.075,31.0,12.333333333333334,23.52,23.433333333333334,27.048387096774196
32,4,Bogdan Bogdanovic,0.0,SAC,PHO,-2.5,218.5,110.5,21,33.3,39.3,53.3,SG/SF,7100,1,24.0,17.0,107,102,-12%,14,14,12,34,32,27,39.3,27.6,15.0,40.1,35.8,53.0,7.5,32.5,4.58,35.0,34.0,4.9,33.75,4.74,31.0,13.333333333333334,31.15,41.96666666666666,37.016129032258064
32,5,Kelly Oubre Jr.,0.0,PHO,SAC,2.5,218.5,108.0,5,6.5,26.6,47.3,SF/PF,6400,0,22.0,17.0,100,108,4%,16,11,12,34,29,30,26.6,29.3,18.6,40.0,37.5,43.0,6.7,30.5,4.77,31.3,33.0,4.9,30.9,4.835,31.0,13.0,29.080000000000002,26.8,32.89354838709677
32,6,Marquese Chriss,0.0,GS,MEM,6.0,221.0,107.5,8,6.0,17.0,24.3,PF/C,4100,1,19.0,15.0,107,109,-1%,5,6,5,16,18,16,16.9,15.8,9.1,22.5,21.2,34.5,8.4,17.3,4.21,16.6,16.0,4.0,16.950000000000003,4.105,16.666666666666668,5.333333333333333,16.25,15.766666666666666,16.272000000000002
32,7,Kentavious Caldwell-Pope,0.0,LAL,OKC,-11.0,211.0,111.0,13,1.3,11.1,22.8,SG/SF,3900,1,17.0,8.0,102,103,-8%,9,7,7,23,18,21,13.1,13.4,6.0,20.7,33.0,22.5,5.8,17.5,4.49,15.7,23.5,4.0,16.6,4.245,20.666666666666668,7.666666666666667,13.960000000000003,11.733333333333334,18.875806451612902
33,0,Quinn Cook,0.0,LAL,OKC,-11.0,211.0,111.0,11,4.5,9.3,15.8,PG,3100,1,20.0,11.0,102,103,2%,2,5,5,5,11,15,9.3,10.8,1.1,20.4,15.4,6.0,1.9,3.5,1.13,0.0,0.0,0.0,1.75,0.565,10.333333333333334,4.0,8.67,9.866666666666667,0.0
33,1,Cory Joseph,0.0,SAC,PHO,-2.5,218.5,110.5,18,8.0,18.0,24.5,PG/SG,4300,1,18.0,7.0,107,102,-4%,7,7,6,25,27,20,17.9,13.5,6.4,20.7,39.3,38.3,8.9,20.3,4.71,21.3,27.5,5.0,20.8,4.855,24.0,6.666666666666667,15.86,16.833333333333332,23.833333333333336
33,2,Jaren Jackson Jr.,0.0,MEM,GS,-6.0,221.0,113.5,2,23.3,31.9,44.0,PF/C,5600,1,22.0,14.0,105,113,7%,13,14,11,26,30,27,31.5,25.9,14.8,37.0,18.5,8.0,1.4,27.8,4.96,30.7,29.5,5.5,29.25,5.23,27.666666666666668,12.666666666666666,27.689999999999998,33.06666666666667,31.188253012048193
33,3,Darius Bazley,0.0,OKC,LAL,11.0,211.0,100.0,11,2.5,9.8,16.0,SF/PF,3400,0,13.0,9.0,103,97,-18%,3,4,4,16,18,18,9.8,11.3,3.6,18.9,13.4,7.3,2.1,13.5,3.97,12.5,18.0,3.7,13.0,3.835,17.333333333333332,3.6666666666666665,11.32,9.433333333333334,13.5
33,4,LeBron James,0.0,LAL,OKC,-11.0,211.0,111.0,11,45.8,56.1,68.3,PG/SF,11100,1,33.0,29.0,102,103,-3%,21,19,19,36,34,35,56.4,56.4,41.4,71.3,37.1,59.8,5.4,54.3,4.89,54.6,35.0,4.9,54.45,4.895,35.0,19.666666666666668,55.989999999999995,56.73333333333333,54.45
33,5,Mario Hezonja,0.0,POR,NO,-1.0,229.5,115.3,15,7.8,12.6,19.5,SF/PF,3400,0,14.0,8.0,108,109,8%,3,4,5,12,17,21,12.6,15.8,7.3,24.2,12.8,12.5,3.7,10.3,3.01,10.3,12.0,3.0,10.3,3.005,16.666666666666668,4.0,14.039999999999997,13.299999999999999,7.416
33,6,Steven Adams,0.0,OKC,LAL,11.0,211.0,100.0,3,19.0,26.1,33.5,C,4900,0,16.0,15.0,103,97,-18%,7,7,7,29,27,27,28.8,26.9,21.8,31.9,24.1,14.5,3.0,25.0,5.1,25.0,27.0,5.1,25.0,5.1,27.666666666666668,7.0,26.879999999999995,26.2,24.39759036144578
33,7,Harrison Barnes,0.0,SAC,PHO,-2.5,218.5,110.5,14,24.3,30.0,39.5,SF/PF,6000,1,18.0,16.0,107,102,-2%,10,11,12,35,35,35,30.3,28.9,22.5,35.4,37.2,22.5,3.8,29.0,4.83,28.8,35.0,4.8,28.9,4.8149999999999995,35.0,11.0,29.2,31.266666666666666,28.9
34,0,Nickeil Alexander-Walker,0.0,NO,POR,1.0,229.5,114.3,19,3.0,18.9,38.0,PG/SG,4900,1,25.0,9.0,106,107,7%,18,10,8,33,21,16,18.9,15.6,2.2,29.0,15.6,9.0,1.8,20.5,4.18,17.5,19.5,3.6,19.0,3.8899999999999997,23.333333333333332,12.0,16.94,19.966666666666665,15.878571428571428
34,1,JJ Redick,0.0,NO,POR,1.0,229.5,114.3,15,5.8,27.7,36.8,SG/SF,5100,1,20.0,13.0,106,107,10%,15,12,10,35,31,27,27.7,21.4,10.7,32.0,32.4,29.3,5.7,25.3,4.95,26.3,32.5,5.2,25.8,5.075,31.0,12.333333333333334,23.52,23.433333333333334,27.048387096774196
34,2,Nassir Little,0.0,POR,NO,-1.0,229.5,115.3,15,0.0,12.0,23.8,SF/PF,3500,0,14.0,4.0,108,109,5%,9,6,5,31,19,17,12.0,10.8,1.1,20.6,22.5,35.3,10.1,15.5,4.43,17.5,22.0,5.0,16.5,4.715,22.333333333333332,6.666666666666667,12.200000000000001,11.933333333333332,16.253731343283583
34,3,Eric Paschall,0.0,GS,MEM,6.0,221.0,107.5,9,13.3,24.0,42.3,SF/PF,5900,1,20.0,16.0,107,109,-1%,16,13,12,34,33,31,23.9,26.0,13.0,38.9,24.4,28.8,4.9,30.0,5.08,29.3,34.0,5.0,29.65,5.04,32.666666666666664,13.666666666666666,26.29,26.53333333333333,30.860204081632656
34,4,Yogi Ferrell,0.0,SAC,PHO,-2.5,218.5,110.5,18,0.0,9.1,20.3,PG/SG,3900,1,18.0,15.0,107,102,-4%,7,4,4,23,14,11,9.1,8.3,1.3,15.3,18.0,11.3,2.9,15.8,4.04,18.7,22.0,4.8,17.25,4.42,16.0,5.0,10.25,9.799999999999999,23.71875
34,5,Bogdan Bogdanovic,0.0,SAC,PHO,-2.5,218.5,110.5,21,33.3,39.3,53.3,SG/SF,7100,1,24.0,17.0,107,102,-12%,14,14,12,34,32,27,39.3,27.6,15.0,40.1,35.8,53.0,7.5,32.5,4.58,35.0,34.0,4.9,33.75,4.74,31.0,13.333333333333334,31.15,41.96666666666666,37.016129032258064
34,6,Jaren Jackson Jr.,0.0,MEM,GS,-6.0,221.0,113.5,2,23.3,31.9,44.0,PF/C,5600,1,22.0,14.0,105,113,7%,13,14,11,26,30,27,31.5,25.9,14.8,37.0,18.5,8.0,1.4,27.8,4.96,30.7,29.5,5.5,29.25,5.23,27.666666666666668,12.666666666666666,27.689999999999998,33.06666666666667,31.188253012048193
34,7,Mario Hezonja,0.0,POR,NO,-1.0,229.5,115.3,15,7.8,12.6,19.5,SF/PF,3400,0,14.0,8.0,108,109,8%,3,4,5,12,17,21,12.6,15.8,7.3,24.2,12.8,12.5,3.7,10.3,3.01,10.3,12.0,3.0,10.3,3.005,16.666666666666668,4.0,14.039999999999997,13.299999999999999,7.416
35,0,Shai Gilgeous-Alexander,0.0,OKC,LAL,11.0,211.0,100.0,9,12.3,26.2,43.5,PG/SG,6100,0,25.0,18.0,103,97,1%,15,15,16,36,35,35,26.1,32.8,21.5,44.1,36.1,32.3,5.3,32.5,5.33,33.4,35.5,5.5,32.95,5.415,35.333333333333336,15.333333333333334,31.49,27.333333333333332,33.10542452830189
35,1,Kent Bazemore,0.0,POR,NO,-1.0,229.5,115.3,24,10.5,22.9,31.5,SG/SF,3600,0,18.0,9.0,108,109,8%,10,10,8,19,25,24,22.9,20.1,13.0,27.1,28.0,20.8,5.8,23.8,6.6,23.1,25.5,6.4,23.450000000000003,6.5,22.666666666666668,9.333333333333334,21.31,21.633333333333336,26.38125
35,2,Jaren Jackson Jr.,0.0,MEM,GS,-6.0,221.0,113.5,2,23.3,31.9,44.0,PF/C,5600,1,22.0,14.0,105,113,7%,13,14,11,26,30,27,31.5,25.9,14.8,37.0,18.5,8.0,1.4,27.8,4.96,30.7,29.5,5.5,29.25,5.23,27.666666666666668,12.666666666666666,27.689999999999998,33.06666666666667,31.188253012048193
35,3,Eric Paschall,0.0,GS,MEM,6.0,221.0,107.5,9,13.3,24.0,42.3,SF/PF,5900,1,20.0,16.0,107,109,-1%,16,13,12,34,33,31,23.9,26.0,13.0,38.9,24.4,28.8,4.9,30.0,5.08,29.3,34.0,5.0,29.65,5.04,32.666666666666664,13.666666666666666,26.29,26.53333333333333,30.860204081632656
35,4,Rajon Rondo,0.0,LAL,OKC,-11.0,211.0,111.0,11,10.8,24.6,40.5,PG,4500,1,0.0,0.0,102,103,2%,6,6,6,21,19,19,19.4,19.4,11.9,26.9,27.5,24.5,5.4,17.8,3.94,20.9,24.0,4.6,19.35,4.27,19.666666666666668,6.0,19.389999999999997,25.3,23.613559322033897
35,5,Danilo Gallinari,0.0,OKC,LAL,11.0,211.0,100.0,11,21.0,29.8,39.8,SF/PF,6500,0,23.0,21.0,103,97,1%,12,12,13,34,31,30,29.8,29.9,23.4,36.3,30.5,34.0,5.2,31.3,4.81,30.4,30.0,4.7,30.85,4.755,31.666666666666668,12.333333333333334,30.05,30.2,29.226315789473684
35,6,Hassan Whiteside,0.0,POR,NO,-1.0,229.5,115.3,20,26.8,34.3,44.0,C,6300,0,20.0,24.0,108,109,-5%,11,11,11,31,30,28,34.3,35.6,26.2,45.1,29.3,33.0,5.2,43.0,6.83,41.3,29.0,6.6,42.15,6.715,29.666666666666668,11.0,36.67,35.03333333333333,41.20280898876404
35,7,JaVale McGee,0.0,LAL,OKC,-11.0,211.0,111.0,9,12.3,24.1,54.8,C,5000,1,17.0,22.0,102,103,3%,4,7,5,14,16,16,24.1,19.0,5.9,32.1,22.8,25.5,5.1,16.3,3.25,16.8,15.0,3.4,16.55,3.325,15.333333333333334,5.333333333333333,19.53,30.400000000000002,16.190217391304348
36,0,Anfernee Simons,0.0,POR,NO,-1.0,229.5,115.3,13,10.0,17.6,31.3,PG/SG,4400,0,21.0,15.0,108,109,8%,9,10,9,19,24,21,17.6,17.1,9.4,24.8,36.0,24.3,5.5,30.3,6.88,30.1,33.0,6.8,30.200000000000003,6.84,21.333333333333332,9.333333333333334,19.82,19.633333333333336,46.715625
36,1,Kent Bazemore,0.0,POR,NO,-1.0,229.5,115.3,24,10.5,22.9,31.5,SG/SF,3600,0,18.0,9.0,108,109,8%,10,10,8,19,25,24,22.9,20.1,13.0,27.1,28.0,20.8,5.8,23.8,6.6,23.1,25.5,6.4,23.450000000000003,6.5,22.666666666666668,9.333333333333334,21.31,21.633333333333336,26.38125
36,2,Darius Bazley,0.0,OKC,LAL,11.0,211.0,100.0,11,2.5,9.8,16.0,SF/PF,3400,0,13.0,9.0,103,97,-18%,3,4,4,16,18,18,9.8,11.3,3.6,18.9,13.4,7.3,2.1,13.5,3.97,12.5,18.0,3.7,13.0,3.835,17.333333333333332,3.6666666666666665,11.32,9.433333333333334,13.5
36,3,Draymond Green,0.0,GS,MEM,6.0,221.0,107.5,30,18.3,26.6,37.8,PG/SF,6200,1,17.0,12.0,107,109,-1%,8,8,8,33,30,29,26.6,28.4,15.5,41.3,34.6,42.0,6.8,36.5,5.89,35.9,33.0,5.8,36.2,5.845,30.666666666666668,8.0,29.6,27.566666666666666,38.95434782608695
36,4,Devin Booker,0.0,PHO,SAC,2.5,218.5,108.0,21,25.8,36.6,44.0,PG/SG,8400,0,29.0,21.0,100,108,-1%,15,15,17,33,35,35,36.1,38.2,29.0,47.3,38.8,51.8,6.2,40.3,4.79,39.0,34.5,4.6,39.65,4.695,34.333333333333336,15.666666666666666,38.050000000000004,35.46666666666667,39.842475728155335
36,5,Richaun Holmes,0.0,SAC,PHO,-2.5,218.5,110.5,6,16.8,25.2,32.5,PF/C,5800,1,15.0,19.0,107,102,6%,9,7,7,28,30,26,25.2,25.0,13.5,36.5,34.4,45.3,7.8,31.0,5.34,30.3,29.0,5.2,30.65,5.27,28.0,7.666666666666667,26.169999999999998,24.833333333333332,31.744642857142853
36,6,Jonas Valanciunas,0.0,MEM,GS,-6.0,221.0,113.5,28,19.8,30.2,39.0,C,6800,1,23.0,18.0,105,113,12%,8,11,10,26,25,23,30.3,29.2,20.4,37.9,26.5,18.5,2.7,39.8,5.85,38.7,27.5,5.7,39.25,5.775,24.666666666666668,9.666666666666666,31.410000000000004,29.666666666666668,43.758445945945944
36,7,Quinn Cook,0.0,LAL,OKC,-11.0,211.0,111.0,11,4.5,9.3,15.8,PG,3100,1,20.0,11.0,102,103,2%,2,5,5,5,11,15,9.3,10.8,1.1,20.4,15.4,6.0,1.9,3.5,1.13,0.0,0.0,0.0,1.75,0.565,10.333333333333334,4.0,8.67,9.866666666666667,0.0
37,0,LeBron James,0.0,LAL,OKC,-11.0,211.0,111.0,11,45.8,56.1,68.3,PG/SF,11100,1,33.0,29.0,102,103,-3%,21,19,19,36,34,35,56.4,56.4,41.4,71.3,37.1,59.8,5.4,54.3,4.89,54.6,35.0,4.9,54.45,4.895,35.0,19.666666666666668,55.989999999999995,56.73333333333333,54.45
37,1,Nickeil Alexander-Walker,0.0,NO,POR,1.0,229.5,114.3,19,3.0,18.9,38.0,PG/SG,4900,1,25.0,9.0,106,107,7%,18,10,8,33,21,16,18.9,15.6,2.2,29.0,15.6,9.0,1.8,20.5,4.18,17.5,19.5,3.6,19.0,3.8899999999999997,23.333333333333332,12.0,16.94,19.966666666666665,15.878571428571428
37,2,Brandon Clarke,0.0,MEM,GS,-6.0,221.0,113.5,2,18.0,23.5,27.3,PF/C,4700,1,18.0,23.0,105,113,7%,8,9,8,21,21,22,23.4,24.9,18.0,31.7,25.7,31.8,6.8,22.8,4.84,23.0,20.5,4.9,22.9,4.87,21.333333333333332,8.333333333333334,24.18,22.933333333333334,22.005468750000002
37,3,Glenn Robinson III,0.0,GS,MEM,6.0,221.0,107.5,3,15.0,21.7,27.5,SG/SF,4800,1,14.0,13.0,107,109,11%,12,10,9,34,31,31,21.7,22.6,15.1,30.1,33.7,25.8,5.4,22.8,4.74,24.7,34.0,5.1,23.75,4.92,32.0,10.333333333333334,22.65,21.400000000000002,25.234375
37,4,Chris Paul,0.0,OKC,LAL,11.0,211.0,100.0,9,28.5,37.6,45.0,PG,7000,0,24.0,20.0,103,97,-6%,12,10,12,36,32,31,37.9,34.5,25.9,43.1,30.2,32.8,4.7,34.5,4.93,32.8,31.0,4.7,33.65,4.8149999999999995,33.0,11.333333333333334,35.010000000000005,37.03333333333333,31.610606060606056
37,5,Kenrich Williams,0.0,NO,POR,1.0,229.5,114.3,8,20.3,27.3,33.3,SF/PF,5700,1,12.0,12.0,106,107,-5%,9,8,6,38,35,24,27.3,19.8,9.1,30.4,34.0,33.8,5.9,27.5,4.82,25.7,31.0,4.5,26.6,4.66,32.333333333333336,7.666666666666667,22.639999999999997,26.96666666666667,25.503092783505153
37,6,Skal Labissiere,0.0,POR,NO,-1.0,229.5,115.3,25,12.0,17.2,28.5,PF/C,3300,0,16.0,12.0,108,109,5%,6,4,4,17,18,15,17.1,14.4,6.9,21.8,18.7,8.5,2.6,15.5,4.7,14.7,16.5,4.5,15.1,4.6,16.666666666666668,4.666666666666667,15.059999999999999,19.233333333333334,14.948999999999998
37,7,Kent Bazemore,0.0,POR,NO,-1.0,229.5,115.3,24,10.5,22.9,31.5,SG/SF,3600,0,18.0,9.0,108,109,8%,10,10,8,19,25,24,22.9,20.1,13.0,27.1,28.0,20.8,5.8,23.8,6.6,23.1,25.5,6.4,23.450000000000003,6.5,22.666666666666668,9.333333333333334,21.31,21.633333333333336,26.38125
38,0,Draymond Green,0.0,GS,MEM,6.0,221.0,107.5,30,18.3,26.6,37.8,PG/SF,6200,1,17.0,12.0,107,109,-1%,8,8,8,33,30,29,26.6,28.4,15.5,41.3,34.6,42.0,6.8,36.5,5.89,35.9,33.0,5.8,36.2,5.845,30.666666666666668,8.0,29.6,27.566666666666666,38.95434782608695
38,1,Elie Okobo,0.0,PHO,SAC,2.5,218.5,108.0,21,0.0,3.8,9.0,PG/SG,3000,0,0.0,0.0,100,108,5%,2,1,1,6,4,4,3.8,4.4,1.0,7.7,18.3,13.5,4.5,1.3,0.42,0.0,0.0,0.0,0.65,0.21,4.666666666666667,1.3333333333333333,3.5099999999999993,4.266666666666667,0.0
38,2,Kenrich Williams,0.0,NO,POR,1.0,229.5,114.3,8,20.3,27.3,33.3,SF/PF,5700,1,12.0,12.0,106,107,-5%,9,8,6,38,35,24,27.3,19.8,9.1,30.4,34.0,33.8,5.9,27.5,4.82,25.7,31.0,4.5,26.6,4.66,32.333333333333336,7.666666666666667,22.639999999999997,26.96666666666667,25.503092783505153
38,3,Deonte Burton,0.0,OKC,LAL,11.0,211.0,100.0,12,1.3,6.7,19.3,SG/SF,3000,0,0.0,0.0,103,97,-6%,7,3,3,10,7,7,6.5,5.6,-1.6,12.8,10.9,4.0,1.3,0.5,0.17,0.0,0.0,0.0,0.25,0.085,8.0,4.333333333333333,4.709999999999999,9.1,0.0
38,4,Jordan Poole,0.0,GS,MEM,6.0,221.0,107.5,3,9.8,16.1,21.0,SG/SF,3900,1,20.0,3.0,107,109,6%,8,9,10,22,29,27,16.1,16.7,11.1,22.3,16.5,15.8,4.1,18.0,4.62,17.6,24.5,4.5,17.8,4.5600000000000005,26.0,9.0,16.799999999999997,15.633333333333335,16.773076923076925
38,5,LeBron James,0.0,LAL,OKC,-11.0,211.0,111.0,11,45.8,56.1,68.3,PG/SF,11100,1,33.0,29.0,102,103,-3%,21,19,19,36,34,35,56.4,56.4,41.4,71.3,37.1,59.8,5.4,54.3,4.89,54.6,35.0,4.9,54.45,4.895,35.0,19.666666666666668,55.989999999999995,56.73333333333333,54.45
38,6,Richaun Holmes,0.0,SAC,PHO,-2.5,218.5,110.5,6,16.8,25.2,32.5,PF/C,5800,1,15.0,19.0,107,102,6%,9,7,7,28,30,26,25.2,25.0,13.5,36.5,34.4,45.3,7.8,31.0,5.34,30.3,29.0,5.2,30.65,5.27,28.0,7.666666666666667,26.169999999999998,24.833333333333332,31.744642857142853
38,7,Nerlens Noel,0.0,OKC,LAL,11.0,211.0,100.0,3,6.8,20.4,31.5,C,4000,0,16.0,20.0,103,97,-18%,3,4,4,19,19,18,20.4,19.9,9.2,30.7,23.9,32.0,8.0,18.0,4.5,17.6,18.5,4.4,17.8,4.45,18.666666666666668,3.6666666666666665,19.6,19.566666666666666,17.64107142857143
39,0,Rajon Rondo,0.0,LAL,OKC,-11.0,211.0,111.0,11,10.8,24.6,40.5,PG,4500,1,0.0,0.0,102,103,2%,6,6,6,21,19,19,19.4,19.4,11.9,26.9,27.5,24.5,5.4,17.8,3.94,20.9,24.0,4.6,19.35,4.27,19.666666666666668,6.0,19.389999999999997,25.3,23.613559322033897
39,1,Rodney Hood,0.0,POR,NO,-1.0,229.5,115.3,24,1.3,16.2,30.5,SG/SF,4800,0,14.0,14.0,108,109,8%,8,9,9,32,32,32,18.4,21.5,13.5,29.6,31.7,21.8,4.5,25.3,5.26,24.8,32.5,5.2,25.05,5.23,32.0,8.666666666666666,21.61,16.0,25.44140625
39,2,Skal Labissiere,0.0,POR,NO,-1.0,229.5,115.3,25,12.0,17.2,28.5,PF/C,3300,0,16.0,12.0,108,109,5%,6,4,4,17,18,15,17.1,14.4,6.9,21.8,18.7,8.5,2.6,15.5,4.7,14.7,16.5,4.5,15.1,4.6,16.666666666666668,4.666666666666667,15.059999999999999,19.233333333333334,14.948999999999998
39,3,Danilo Gallinari,0.0,OKC,LAL,11.0,211.0,100.0,11,21.0,29.8,39.8,SF/PF,6500,0,23.0,21.0,103,97,1%,12,12,13,34,31,30,29.8,29.9,23.4,36.3,30.5,34.0,5.2,31.3,4.81,30.4,30.0,4.7,30.85,4.755,31.666666666666668,12.333333333333334,30.05,30.2,29.226315789473684
39,4,Jordan Poole,0.0,GS,MEM,6.0,221.0,107.5,3,9.8,16.1,21.0,SG/SF,3900,1,20.0,3.0,107,109,6%,8,9,10,22,29,27,16.1,16.7,11.1,22.3,16.5,15.8,4.1,18.0,4.62,17.6,24.5,4.5,17.8,4.5600000000000005,26.0,9.0,16.799999999999997,15.633333333333335,16.773076923076925
39,5,Kenrich Williams,0.0,NO,POR,1.0,229.5,114.3,8,20.3,27.3,33.3,SF/PF,5700,1,12.0,12.0,106,107,-5%,9,8,6,38,35,24,27.3,19.8,9.1,30.4,34.0,33.8,5.9,27.5,4.82,25.7,31.0,4.5,26.6,4.66,32.333333333333336,7.666666666666667,22.639999999999997,26.96666666666667,25.503092783505153
39,6,Brandon Clarke,0.0,MEM,GS,-6.0,221.0,113.5,2,18.0,23.5,27.3,PF/C,4700,1,18.0,23.0,105,113,7%,8,9,8,21,21,22,23.4,24.9,18.0,31.7,25.7,31.8,6.8,22.8,4.84,23.0,20.5,4.9,22.9,4.87,21.333333333333332,8.333333333333334,24.18,22.933333333333334,22.005468750000002
39,7,Eric Paschall,0.0,GS,MEM,6.0,221.0,107.5,9,13.3,24.0,42.3,SF/PF,5900,1,20.0,16.0,107,109,-1%,16,13,12,34,33,31,23.9,26.0,13.0,38.9,24.4,28.8,4.9,30.0,5.08,29.3,34.0,5.0,29.65,5.04,32.666666666666664,13.666666666666666,26.29,26.53333333333333,30.860204081632656
40,0,Nickeil Alexander-Walker,0.0,NO,POR,1.0,229.5,114.3,19,3.0,18.9,38.0,PG/SG,4900,1,25.0,9.0,106,107,7%,18,10,8,33,21,16,18.9,15.6,2.2,29.0,15.6,9.0,1.8,20.5,4.18,17.5,19.5,3.6,19.0,3.8899999999999997,23.333333333333332,12.0,16.94,19.966666666666665,15.878571428571428
40,1,Elie Okobo,0.0,PHO,SAC,2.5,218.5,108.0,21,0.0,3.8,9.0,PG/SG,3000,0,0.0,0.0,100,108,5%,2,1,1,6,4,4,3.8,4.4,1.0,7.7,18.3,13.5,4.5,1.3,0.42,0.0,0.0,0.0,0.65,0.21,4.666666666666667,1.3333333333333333,3.5099999999999993,4.266666666666667,0.0
40,2,Kenrich Williams,0.0,NO,POR,1.0,229.5,114.3,8,20.3,27.3,33.3,SF/PF,5700,1,12.0,12.0,106,107,-5%,9,8,6,38,35,24,27.3,19.8,9.1,30.4,34.0,33.8,5.9,27.5,4.82,25.7,31.0,4.5,26.6,4.66,32.333333333333336,7.666666666666667,22.639999999999997,26.96666666666667,25.503092783505153
40,3,Eric Paschall,0.0,GS,MEM,6.0,221.0,107.5,9,13.3,24.0,42.3,SF/PF,5900,1,20.0,16.0,107,109,-1%,16,13,12,34,33,31,23.9,26.0,13.0,38.9,24.4,28.8,4.9,30.0,5.08,29.3,34.0,5.0,29.65,5.04,32.666666666666664,13.666666666666666,26.29,26.53333333333333,30.860204081632656
40,4,Dennis Schroder,0.0,OKC,LAL,11.0,211.0,100.0,9,14.3,26.3,45.5,PG/SG,4800,0,26.0,13.0,103,97,-6%,13,12,13,27,28,29,26.3,27.3,14.7,39.9,30.2,36.5,7.6,26.8,5.57,25.8,28.5,5.4,26.3,5.485,28.0,12.666666666666666,26.9,28.7,26.769642857142856
40,5,Draymond Green,0.0,GS,MEM,6.0,221.0,107.5,30,18.3,26.6,37.8,PG/SF,6200,1,17.0,12.0,107,109,-1%,8,8,8,33,30,29,26.6,28.4,15.5,41.3,34.6,42.0,6.8,36.5,5.89,35.9,33.0,5.8,36.2,5.845,30.666666666666668,8.0,29.6,27.566666666666666,38.95434782608695
40,6,Willie Cauley-Stein,0.0,GS,MEM,6.0,221.0,107.5,18,22.0,25.4,30.3,C,5000,1,15.0,19.0,107,109,0%,6,7,6,25,24,21,25.4,21.9,16.7,27.1,26.4,30.0,6.0,27.5,5.5,27.2,25.0,5.4,27.35,5.45,23.333333333333332,6.333333333333333,23.690000000000005,25.900000000000002,29.30357142857143
40,7,Tyler Johnson,0.0,PHO,SAC,2.5,218.5,108.0,21,7.8,13.0,18.5,PG/SG,3500,0,17.0,9.0,100,108,-1%,4,7,6,23,19,19,12.9,12.9,7.3,18.5,17.8,9.8,2.8,16.0,4.57,13.9,19.5,4.0,14.95,4.285,20.333333333333332,5.666666666666667,13.309999999999999,13.1,14.337295081967213
41,0,Cory Joseph,0.0,SAC,PHO,-2.5,218.5,110.5,18,8.0,18.0,24.5,PG/SG,4300,1,18.0,7.0,107,102,-4%,7,7,6,25,27,20,17.9,13.5,6.4,20.7,39.3,38.3,8.9,20.3,4.71,21.3,27.5,5.0,20.8,4.855,24.0,6.666666666666667,15.86,16.833333333333332,23.833333333333336
41,1,Dillon Brooks,0.0,MEM,GS,-6.0,221.0,113.5,7,5.5,23.2,32.0,SG/SF,4500,1,21.0,13.0,105,113,4%,10,12,12,25,27,27,23.2,23.9,14.1,33.7,32.3,29.3,6.5,23.8,5.28,23.9,28.0,5.3,23.85,5.29,26.333333333333332,11.333333333333334,23.75,20.233333333333334,25.359493670886078
41,2,Cameron Johnson,0.0,PHO,SAC,2.5,218.5,108.0,5,12.8,20.8,32.5,SF/PF,3700,0,18.0,14.0,100,108,5%,9,8,6,22,22,17,20.8,14.7,5.8,23.6,26.3,32.0,8.6,16.0,4.32,16.4,23.0,4.4,16.2,4.36,20.333333333333332,7.666666666666667,16.220000000000002,22.03333333333333,18.324590163934424
41,3,Bogdan Bogdanovic,0.0,SAC,PHO,-2.5,218.5,110.5,21,33.3,39.3,53.3,SG/SF,7100,1,24.0,17.0,107,102,-12%,14,14,12,34,32,27,39.3,27.6,15.0,40.1,35.8,53.0,7.5,32.5,4.58,35.0,34.0,4.9,33.75,4.74,31.0,13.333333333333334,31.15,41.96666666666666,37.016129032258064
41,4,Anfernee Simons,0.0,POR,NO,-1.0,229.5,115.3,13,10.0,17.6,31.3,PG/SG,4400,0,21.0,15.0,108,109,8%,9,10,9,19,24,21,17.6,17.1,9.4,24.8,36.0,24.3,5.5,30.3,6.88,30.1,33.0,6.8,30.200000000000003,6.84,21.333333333333332,9.333333333333334,19.82,19.633333333333336,46.715625
41,5,Mikal Bridges,0.0,PHO,SAC,2.5,218.5,108.0,10,10.5,15.0,21.5,SG/SF,3600,0,11.0,10.0,100,108,4%,4,5,4,15,18,19,14.9,14.0,7.9,20.1,25.8,30.8,8.6,12.0,3.33,12.4,18.0,3.4,12.2,3.365,17.333333333333332,4.333333333333333,13.819999999999999,15.666666666666666,12.66923076923077
41,6,Nerlens Noel,0.0,OKC,LAL,11.0,211.0,100.0,3,6.8,20.4,31.5,C,4000,0,16.0,20.0,103,97,-18%,3,4,4,19,19,18,20.4,19.9,9.2,30.7,23.9,32.0,8.0,18.0,4.5,17.6,18.5,4.4,17.8,4.45,18.666666666666668,3.6666666666666665,19.6,19.566666666666666,17.64107142857143
41,7,LeBron James,0.0,LAL,OKC,-11.0,211.0,111.0,11,45.8,56.1,68.3,PG/SF,11100,1,33.0,29.0,102,103,-3%,21,19,19,36,34,35,56.4,56.4,41.4,71.3,37.1,59.8,5.4,54.3,4.89,54.6,35.0,4.9,54.45,4.895,35.0,19.666666666666668,55.989999999999995,56.73333333333333,54.45
42,0,CJ McCollum,0.0,POR,NO,-1.0,229.5,115.3,13,33.8,42.5,54.0,PG/SG,7800,0,26.0,13.0,108,109,8%,22,21,20,38,38,38,42.5,34.9,23.5,46.2,35.3,42.0,5.4,38.5,4.94,42.2,39.0,5.4,40.35,5.17,38.0,21.0,37.49,43.43333333333334,41.41184210526316
42,1,Anfernee Simons,0.0,POR,NO,-1.0,229.5,115.3,13,10.0,17.6,31.3,PG/SG,4400,0,21.0,15.0,108,109,8%,9,10,9,19,24,21,17.6,17.1,9.4,24.8,36.0,24.3,5.5,30.3,6.88,30.1,33.0,6.8,30.200000000000003,6.84,21.333333333333332,9.333333333333334,19.82,19.633333333333336,46.715625
42,2,Skal Labissiere,0.0,POR,NO,-1.0,229.5,115.3,25,12.0,17.2,28.5,PF/C,3300,0,16.0,12.0,108,109,5%,6,4,4,17,18,15,17.1,14.4,6.9,21.8,18.7,8.5,2.6,15.5,4.7,14.7,16.5,4.5,15.1,4.6,16.666666666666668,4.666666666666667,15.059999999999999,19.233333333333334,14.948999999999998
42,3,Danilo Gallinari,0.0,OKC,LAL,11.0,211.0,100.0,11,21.0,29.8,39.8,SF/PF,6500,0,23.0,21.0,103,97,1%,12,12,13,34,31,30,29.8,29.9,23.4,36.3,30.5,34.0,5.2,31.3,4.81,30.4,30.0,4.7,30.85,4.755,31.666666666666668,12.333333333333334,30.05,30.2,29.226315789473684
42,4,Alec Burks,0.0,GS,MEM,6.0,221.0,107.5,30,16.8,24.7,38.8,PG/SG,5000,1,21.0,16.0,107,109,11%,12,11,10,30,28,26,24.7,24.0,12.3,35.6,35.7,44.5,8.9,27.8,5.55,30.9,30.5,6.2,29.35,5.875,28.0,11.0,25.190000000000005,26.766666666666666,31.970535714285717
42,5,Nassir Little,0.0,POR,NO,-1.0,229.5,115.3,15,0.0,12.0,23.8,SF/PF,3500,0,14.0,4.0,108,109,5%,9,6,5,31,19,17,12.0,10.8,1.1,20.6,22.5,35.3,10.1,15.5,4.43,17.5,22.0,5.0,16.5,4.715,22.333333333333332,6.666666666666667,12.200000000000001,11.933333333333332,16.253731343283583
42,6,Omari Spellman,0.0,GS,MEM,6.0,221.0,107.5,8,6.0,13.9,19.0,PF/C,3400,1,21.0,18.0,107,109,-1%,5,6,6,13,14,16,13.8,17.6,10.0,25.3,22.8,20.0,5.9,15.5,4.56,14.7,14.5,4.3,15.1,4.43,14.333333333333334,5.666666666666667,16.36,12.966666666666667,15.275581395348837
42,7,Jonas Valanciunas,0.0,MEM,GS,-6.0,221.0,113.5,28,19.8,30.2,39.0,C,6800,1,23.0,18.0,105,113,12%,8,11,10,26,25,23,30.3,29.2,20.4,37.9,26.5,18.5,2.7,39.8,5.85,38.7,27.5,5.7,39.25,5.775,24.666666666666668,9.666666666666666,31.410000000000004,29.666666666666668,43.758445945945944
43,0,Draymond Green,0.0,GS,MEM,6.0,221.0,107.5,30,18.3,26.6,37.8,PG/SF,6200,1,17.0,12.0,107,109,-1%,8,8,8,33,30,29,26.6,28.4,15.5,41.3,34.6,42.0,6.8,36.5,5.89,35.9,33.0,5.8,36.2,5.845,30.666666666666668,8.0,29.6,27.566666666666666,38.95434782608695
43,1,Devin Booker,0.0,PHO,SAC,2.5,218.5,108.0,21,25.8,36.6,44.0,PG/SG,8400,0,29.0,21.0,100,108,-1%,15,15,17,33,35,35,36.1,38.2,29.0,47.3,38.8,51.8,6.2,40.3,4.79,39.0,34.5,4.6,39.65,4.695,34.333333333333336,15.666666666666666,38.050000000000004,35.46666666666667,39.842475728155335
43,2,Danilo Gallinari,0.0,OKC,LAL,11.0,211.0,100.0,11,21.0,29.8,39.8,SF/PF,6500,0,23.0,21.0,103,97,1%,12,12,13,34,31,30,29.8,29.9,23.4,36.3,30.5,34.0,5.2,31.3,4.81,30.4,30.0,4.7,30.85,4.755,31.666666666666668,12.333333333333334,30.05,30.2,29.226315789473684
43,3,E'Twaun Moore,0.0,NO,POR,1.0,229.5,114.3,15,5.5,21.1,34.5,SG/SF,4600,1,21.0,11.0,106,107,-8%,15,12,10,32,26,22,21.1,18.1,9.0,27.1,21.4,18.0,3.9,22.0,4.78,14.8,19.0,3.2,18.4,3.99,26.666666666666668,12.333333333333334,18.740000000000002,20.366666666666667,13.11
43,4,Danny Green,0.0,LAL,OKC,-11.0,211.0,111.0,13,9.3,18.0,32.5,SG/SF,4600,1,14.0,12.0,102,103,-8%,8,6,7,25,24,26,17.8,18.9,8.1,29.6,20.8,15.8,3.4,17.5,3.8,18.1,26.5,3.9,17.8,3.8499999999999996,25.0,7.0,18.44,19.933333333333334,18.868000000000002
43,5,Cameron Johnson,0.0,PHO,SAC,2.5,218.5,108.0,5,12.8,20.8,32.5,SF/PF,3700,0,18.0,14.0,100,108,5%,9,8,6,22,22,17,20.8,14.7,5.8,23.6,26.3,32.0,8.6,16.0,4.32,16.4,23.0,4.4,16.2,4.36,20.333333333333332,7.666666666666667,16.220000000000002,22.03333333333333,18.324590163934424
43,6,Omari Spellman,0.0,GS,MEM,6.0,221.0,107.5,8,6.0,13.9,19.0,PF/C,3400,1,21.0,18.0,107,109,-1%,5,6,6,13,14,16,13.8,17.6,10.0,25.3,22.8,20.0,5.9,15.5,4.56,14.7,14.5,4.3,15.1,4.43,14.333333333333334,5.666666666666667,16.36,12.966666666666667,15.275581395348837
43,7,Marquese Chriss,0.0,GS,MEM,6.0,221.0,107.5,8,6.0,17.0,24.3,PF/C,4100,1,19.0,15.0,107,109,-1%,5,6,5,16,18,16,16.9,15.8,9.1,22.5,21.2,34.5,8.4,17.3,4.21,16.6,16.0,4.0,16.950000000000003,4.105,16.666666666666668,5.333333333333333,16.25,15.766666666666666,16.272000000000002
44,0,Anfernee Simons,0.0,POR,NO,-1.0,229.5,115.3,13,10.0,17.6,31.3,PG/SG,4400,0,21.0,15.0,108,109,8%,9,10,9,19,24,21,17.6,17.1,9.4,24.8,36.0,24.3,5.5,30.3,6.88,30.1,33.0,6.8,30.200000000000003,6.84,21.333333333333332,9.333333333333334,19.82,19.633333333333336,46.715625
44,1,JJ Redick,0.0,NO,POR,1.0,229.5,114.3,15,5.8,27.7,36.8,SG/SF,5100,1,20.0,13.0,106,107,10%,15,12,10,35,31,27,27.7,21.4,10.7,32.0,32.4,29.3,5.7,25.3,4.95,26.3,32.5,5.2,25.8,5.075,31.0,12.333333333333334,23.52,23.433333333333334,27.048387096774196
44,2,Kenrich Williams,0.0,NO,POR,1.0,229.5,114.3,8,20.3,27.3,33.3,SF/PF,5700,1,12.0,12.0,106,107,-5%,9,8,6,38,35,24,27.3,19.8,9.1,30.4,34.0,33.8,5.9,27.5,4.82,25.7,31.0,4.5,26.6,4.66,32.333333333333336,7.666666666666667,22.639999999999997,26.96666666666667,25.503092783505153
44,3,Jordan Poole,0.0,GS,MEM,6.0,221.0,107.5,3,9.8,16.1,21.0,SG/SF,3900,1,20.0,3.0,107,109,6%,8,9,10,22,29,27,16.1,16.7,11.1,22.3,16.5,15.8,4.1,18.0,4.62,17.6,24.5,4.5,17.8,4.5600000000000005,26.0,9.0,16.799999999999997,15.633333333333335,16.773076923076925
44,4,Draymond Green,0.0,GS,MEM,6.0,221.0,107.5,30,18.3,26.6,37.8,PG/SF,6200,1,17.0,12.0,107,109,-1%,8,8,8,33,30,29,26.6,28.4,15.5,41.3,34.6,42.0,6.8,36.5,5.89,35.9,33.0,5.8,36.2,5.845,30.666666666666668,8.0,29.6,27.566666666666666,38.95434782608695
44,5,Kyle Kuzma,0.0,LAL,OKC,-11.0,211.0,111.0,25,21.3,26.7,31.0,SF/PF,5300,1,25.0,13.0,102,103,-15%,12,13,12,26,26,24,26.7,21.2,13.3,29.1,9.0,5.0,0.9,22.8,4.29,22.9,26.5,4.3,22.85,4.295,25.333333333333332,12.333333333333334,22.630000000000003,26.333333333333332,23.902302631578948
44,6,Steven Adams,0.0,OKC,LAL,11.0,211.0,100.0,3,19.0,26.1,33.5,C,4900,0,16.0,15.0,103,97,-18%,7,7,7,29,27,27,28.8,26.9,21.8,31.9,24.1,14.5,3.0,25.0,5.1,25.0,27.0,5.1,25.0,5.1,27.666666666666668,7.0,26.879999999999995,26.2,24.39759036144578
44,7,Harrison Barnes,0.0,SAC,PHO,-2.5,218.5,110.5,14,24.3,30.0,39.5,SF/PF,6000,1,18.0,16.0,107,102,-2%,10,11,12,35,35,35,30.3,28.9,22.5,35.4,37.2,22.5,3.8,29.0,4.83,28.8,35.0,4.8,28.9,4.8149999999999995,35.0,11.0,29.2,31.266666666666666,28.9
45,0,Dennis Schroder,0.0,OKC,LAL,11.0,211.0,100.0,9,14.3,26.3,45.5,PG/SG,4800,0,26.0,13.0,103,97,-6%,13,12,13,27,28,29,26.3,27.3,14.7,39.9,30.2,36.5,7.6,26.8,5.57,25.8,28.5,5.4,26.3,5.485,28.0,12.666666666666666,26.9,28.7,26.769642857142856
45,1,De'Anthony Melton,0.0,MEM,GS,-6.0,221.0,113.5,27,0.0,10.6,23.0,PG/SG,3300,1,0.0,0.0,105,113,3%,8,4,4,16,9,9,10.6,10.6,-0.1,21.3,5.5,1.5,0.5,14.5,4.39,0.0,0.0,0.0,7.25,2.195,11.333333333333334,5.333333333333333,9.93,11.200000000000001,0.0
45,2,Brandon Clarke,0.0,MEM,GS,-6.0,221.0,113.5,2,18.0,23.5,27.3,PF/C,4700,1,18.0,23.0,105,113,7%,8,9,8,21,21,22,23.4,24.9,18.0,31.7,25.7,31.8,6.8,22.8,4.84,23.0,20.5,4.9,22.9,4.87,21.333333333333332,8.333333333333334,24.18,22.933333333333334,22.005468750000002
45,3,LeBron James,0.0,LAL,OKC,-11.0,211.0,111.0,11,45.8,56.1,68.3,PG/SF,11100,1,33.0,29.0,102,103,-3%,21,19,19,36,34,35,56.4,56.4,41.4,71.3,37.1,59.8,5.4,54.3,4.89,54.6,35.0,4.9,54.45,4.895,35.0,19.666666666666668,55.989999999999995,56.73333333333333,54.45
45,4,Ky Bowman,0.0,GS,MEM,6.0,221.0,107.5,30,8.3,15.6,31.0,PG,4700,1,18.0,12.0,107,109,6%,12,7,7,21,17,19,15.6,14.4,2.8,26.1,24.7,15.0,3.2,21.3,4.52,24.2,28.0,5.1,22.75,4.81,19.0,8.666666666666666,16.330000000000002,18.3,33.526315789473685
45,5,Terrance Ferguson,0.0,OKC,LAL,11.0,211.0,100.0,12,10.3,16.4,27.8,SG/SF,3900,0,9.0,8.0,103,97,1%,7,6,4,37,28,27,16.4,12.9,5.8,20.0,30.6,8.3,2.1,14.0,3.59,14.4,30.5,3.7,14.2,3.645,30.666666666666668,5.666666666666667,13.86,18.166666666666668,14.12282608695652
45,6,Willie Cauley-Stein,0.0,GS,MEM,6.0,221.0,107.5,18,22.0,25.4,30.3,C,5000,1,15.0,19.0,107,109,0%,6,7,6,25,24,21,25.4,21.9,16.7,27.1,26.4,30.0,6.0,27.5,5.5,27.2,25.0,5.4,27.35,5.45,23.333333333333332,6.333333333333333,23.690000000000005,25.900000000000002,29.30357142857143
45,7,Abdel Nader,0.0,OKC,LAL,11.0,211.0,100.0,21,4.8,9.4,13.8,PF,3200,0,19.0,0.0,103,97,1%,4,4,4,16,14,13,9.3,8.0,3.9,12.1,10.1,8.3,2.6,10.0,3.13,9.1,14.0,2.8,9.55,2.965,14.333333333333334,4.0,8.569999999999999,9.333333333333334,9.327906976744186
46,0,Cory Joseph,0.0,SAC,PHO,-2.5,218.5,110.5,18,8.0,18.0,24.5,PG/SG,4300,1,18.0,7.0,107,102,-4%,7,7,6,25,27,20,17.9,13.5,6.4,20.7,39.3,38.3,8.9,20.3,4.71,21.3,27.5,5.0,20.8,4.855,24.0,6.666666666666667,15.86,16.833333333333332,23.833333333333336
46,1,Kentavious Caldwell-Pope,0.0,LAL,OKC,-11.0,211.0,111.0,13,1.3,11.1,22.8,SG/SF,3900,1,17.0,8.0,102,103,-8%,9,7,7,23,18,21,13.1,13.4,6.0,20.7,33.0,22.5,5.8,17.5,4.49,15.7,23.5,4.0,16.6,4.245,20.666666666666668,7.666666666666667,13.960000000000003,11.733333333333334,18.875806451612902
46,2,Danilo Gallinari,0.0,OKC,LAL,11.0,211.0,100.0,11,21.0,29.8,39.8,SF/PF,6500,0,23.0,21.0,103,97,1%,12,12,13,34,31,30,29.8,29.9,23.4,36.3,30.5,34.0,5.2,31.3,4.81,30.4,30.0,4.7,30.85,4.755,31.666666666666668,12.333333333333334,30.05,30.2,29.226315789473684
46,3,Harrison Barnes,0.0,SAC,PHO,-2.5,218.5,110.5,14,24.3,30.0,39.5,SF/PF,6000,1,18.0,16.0,107,102,-2%,10,11,12,35,35,35,30.3,28.9,22.5,35.4,37.2,22.5,3.8,29.0,4.83,28.8,35.0,4.8,28.9,4.8149999999999995,35.0,11.0,29.2,31.266666666666666,28.9
46,4,Deonte Burton,0.0,OKC,LAL,11.0,211.0,100.0,12,1.3,6.7,19.3,SG/SF,3000,0,0.0,0.0,103,97,-6%,7,3,3,10,7,7,6.5,5.6,-1.6,12.8,10.9,4.0,1.3,0.5,0.17,0.0,0.0,0.0,0.25,0.085,8.0,4.333333333333333,4.709999999999999,9.1,0.0
46,5,Eric Paschall,0.0,GS,MEM,6.0,221.0,107.5,9,13.3,24.0,42.3,SF/PF,5900,1,20.0,16.0,107,109,-1%,16,13,12,34,33,31,23.9,26.0,13.0,38.9,24.4,28.8,4.9,30.0,5.08,29.3,34.0,5.0,29.65,5.04,32.666666666666664,13.666666666666666,26.29,26.53333333333333,30.860204081632656
46,6,Nerlens Noel,0.0,OKC,LAL,11.0,211.0,100.0,3,6.8,20.4,31.5,C,4000,0,16.0,20.0,103,97,-18%,3,4,4,19,19,18,20.4,19.9,9.2,30.7,23.9,32.0,8.0,18.0,4.5,17.6,18.5,4.4,17.8,4.45,18.666666666666668,3.6666666666666665,19.6,19.566666666666666,17.64107142857143
46,7,Elie Okobo,0.0,PHO,SAC,2.5,218.5,108.0,21,0.0,3.8,9.0,PG/SG,3000,0,0.0,0.0,100,108,5%,2,1,1,6,4,4,3.8,4.4,1.0,7.7,18.3,13.5,4.5,1.3,0.42,0.0,0.0,0.0,0.65,0.21,4.666666666666667,1.3333333333333333,3.5099999999999993,4.266666666666667,0.0
47,0,Ja Morant,0.0,MEM,GS,-6.0,221.0,113.5,27,18.0,29.0,42.8,PG,6700,1,33.0,18.0,105,113,3%,16,14,15,26,26,27,29.4,32.3,21.6,43.0,34.6,34.5,5.1,34.3,5.11,37.4,29.5,5.6,35.849999999999994,5.355,26.333333333333332,15.0,32.42999999999999,29.933333333333334,40.16107594936709
47,1,Devin Booker,0.0,PHO,SAC,2.5,218.5,108.0,21,25.8,36.6,44.0,PG/SG,8400,0,29.0,21.0,100,108,-1%,15,15,17,33,35,35,36.1,38.2,29.0,47.3,38.8,51.8,6.2,40.3,4.79,39.0,34.5,4.6,39.65,4.695,34.333333333333336,15.666666666666666,38.050000000000004,35.46666666666667,39.842475728155335
47,2,Eric Paschall,0.0,GS,MEM,6.0,221.0,107.5,9,13.3,24.0,42.3,SF/PF,5900,1,20.0,16.0,107,109,-1%,16,13,12,34,33,31,23.9,26.0,13.0,38.9,24.4,28.8,4.9,30.0,5.08,29.3,34.0,5.0,29.65,5.04,32.666666666666664,13.666666666666666,26.29,26.53333333333333,30.860204081632656
47,3,Harrison Barnes,0.0,SAC,PHO,-2.5,218.5,110.5,14,24.3,30.0,39.5,SF/PF,6000,1,18.0,16.0,107,102,-2%,10,11,12,35,35,35,30.3,28.9,22.5,35.4,37.2,22.5,3.8,29.0,4.83,28.8,35.0,4.8,28.9,4.8149999999999995,35.0,11.0,29.2,31.266666666666666,28.9
47,4,Buddy Hield,0.0,SAC,PHO,-2.5,218.5,110.5,21,26.0,38.1,57.5,SG/SF,7500,1,28.0,15.0,107,102,-12%,20,19,18,38,34,33,38.0,34.0,24.3,43.8,28.7,26.3,3.5,39.5,5.27,40.5,37.0,5.4,40.0,5.335,35.0,19.0,36.019999999999996,40.53333333333333,42.285714285714285
47,5,Draymond Green,0.0,GS,MEM,6.0,221.0,107.5,30,18.3,26.6,37.8,PG/SF,6200,1,17.0,12.0,107,109,-1%,8,8,8,33,30,29,26.6,28.4,15.5,41.3,34.6,42.0,6.8,36.5,5.89,35.9,33.0,5.8,36.2,5.845,30.666666666666668,8.0,29.6,27.566666666666666,38.95434782608695
47,6,Willie Cauley-Stein,0.0,GS,MEM,6.0,221.0,107.5,18,22.0,25.4,30.3,C,5000,1,15.0,19.0,107,109,0%,6,7,6,25,24,21,25.4,21.9,16.7,27.1,26.4,30.0,6.0,27.5,5.5,27.2,25.0,5.4,27.35,5.45,23.333333333333332,6.333333333333333,23.690000000000005,25.900000000000002,29.30357142857143
47,7,De'Anthony Melton,0.0,MEM,GS,-6.0,221.0,113.5,27,0.0,10.6,23.0,PG/SG,3300,1,0.0,0.0,105,113,3%,8,4,4,16,9,9,10.6,10.6,-0.1,21.3,5.5,1.5,0.5,14.5,4.39,0.0,0.0,0.0,7.25,2.195,11.333333333333334,5.333333333333333,9.93,11.200000000000001,0.0
48,0,Tyus Jones,0.0,MEM,GS,-6.0,221.0,113.5,27,4.3,17.5,30.0,PG/SG,3700,1,20.0,12.0,105,113,3%,7,7,7,18,21,21,17.5,18.1,10.3,26.0,13.4,14.5,3.9,17.3,4.66,16.7,19.0,4.5,17.0,4.58,20.0,7.0,17.78,17.266666666666666,16.15
48,1,Dillon Brooks,0.0,MEM,GS,-6.0,221.0,113.5,7,5.5,23.2,32.0,SG/SF,4500,1,21.0,13.0,105,113,4%,10,12,12,25,27,27,23.2,23.9,14.1,33.7,32.3,29.3,6.5,23.8,5.28,23.9,28.0,5.3,23.85,5.29,26.333333333333332,11.333333333333334,23.75,20.233333333333334,25.359493670886078
48,2,Marquese Chriss,0.0,GS,MEM,6.0,221.0,107.5,8,6.0,17.0,24.3,PF/C,4100,1,19.0,15.0,107,109,-1%,5,6,5,16,18,16,16.9,15.8,9.1,22.5,21.2,34.5,8.4,17.3,4.21,16.6,16.0,4.0,16.950000000000003,4.105,16.666666666666668,5.333333333333333,16.25,15.766666666666666,16.272000000000002
48,3,Kyle Anderson,0.0,MEM,GS,-6.0,221.0,113.5,23,12.8,22.3,27.3,SF/PF,4200,1,15.0,15.0,105,113,4%,8,6,6,23,22,21,22.3,19.8,13.0,26.5,20.8,15.8,3.8,18.0,4.29,17.7,20.0,4.2,17.85,4.245,22.0,6.666666666666667,19.889999999999997,20.8,16.227272727272727
48,4,Quinn Cook,0.0,LAL,OKC,-11.0,211.0,111.0,11,4.5,9.3,15.8,PG,3100,1,20.0,11.0,102,103,2%,2,5,5,5,11,15,9.3,10.8,1.1,20.4,15.4,6.0,1.9,3.5,1.13,0.0,0.0,0.0,1.75,0.565,10.333333333333334,4.0,8.67,9.866666666666667,0.0
48,5,Kelly Oubre Jr.,0.0,PHO,SAC,2.5,218.5,108.0,5,6.5,26.6,47.3,SF/PF,6400,0,22.0,17.0,100,108,4%,16,11,12,34,29,30,26.6,29.3,18.6,40.0,37.5,43.0,6.7,30.5,4.77,31.3,33.0,4.9,30.9,4.835,31.0,13.0,29.080000000000002,26.8,32.89354838709677
48,6,Skal Labissiere,0.0,POR,NO,-1.0,229.5,115.3,25,12.0,17.2,28.5,PF/C,3300,0,16.0,12.0,108,109,5%,6,4,4,17,18,15,17.1,14.4,6.9,21.8,18.7,8.5,2.6,15.5,4.7,14.7,16.5,4.5,15.1,4.6,16.666666666666668,4.666666666666667,15.059999999999999,19.233333333333334,14.948999999999998
48,7,Kenrich Williams,0.0,NO,POR,1.0,229.5,114.3,8,20.3,27.3,33.3,SF/PF,5700,1,12.0,12.0,106,107,-5%,9,8,6,38,35,24,27.3,19.8,9.1,30.4,34.0,33.8,5.9,27.5,4.82,25.7,31.0,4.5,26.6,4.66,32.333333333333336,7.666666666666667,22.639999999999997,26.96666666666667,25.503092783505153
