Lineup Num,,Player Name,injury_status,team,opp,spread,over_under,implied_team_score,L5_dvp_rank,L5_ppg_floor,L5_ppg_avg,L5_ppg_max,Pos,Salary,Rest,USG,PER,Opp Pace,Opp DEff,Opp DvP,L2 FGA,L5 FGA,S FGA,L2 Min,L5 Min,S Min,L5 FP,S FP,Floor FP,Ceil FP,Actual Min,Actual FP,Actual Val,FantasyFuelPPGProj,FantasyFuelValueProj,DFN_PPGProj,DFN_MinProj,DFN_ValueProj,Avg Proj,Avg Value Proj,Avg Skewed Min,Avg Skewed FGA,Avg Skewed FP,Avg L5 PPG,Proj Min Enhanced
0,0,Monte Morris,0.0,DEN,POR,-7.0,216.5,111.8,14,10.5,19.2,35.8,PG,3900,1,21.0,14.0,105,108,3%,9,7,7,23,20,18,19.1,15.9,7.0,24.7,19.8,27.3,7.0,15.5,3.97,15.8,17.0,4.1,15.65,4.035,20.333333333333332,7.666666666666667,16.470000000000002,21.833333333333332,13.084426229508198
0,1,Collin Sexton,0.0,CLE,SA,12.0,218.5,103.3,13,14.5,23.2,34.5,PG/SG,5400,0,26.0,14.0,103,111,5%,14,15,16,29,29,30,23.2,26.3,19.8,32.7,35.1,35.5,6.6,25.5,4.72,25.9,30.5,4.8,25.7,4.76,29.333333333333332,15.0,25.54,24.066666666666666,26.72215909090909
0,2,Cedi Osman,0.0,CLE,SA,12.0,218.5,103.3,16,3.5,15.4,36.8,SF/PF,3800,0,15.0,10.0,103,111,7%,5,6,8,22,24,29,15.4,19.4,10.2,28.6,37.5,24.5,6.4,20.5,5.39,16.8,26.0,4.4,18.65,4.895,25.0,6.333333333333333,18.45,18.566666666666666,19.396
0,3,Tony Snell,0.0,DET,DAL,7.5,217.0,104.8,22,5.8,9.5,13.8,SG/SF,3100,2,11.0,10.0,102,106,-1%,4,4,6,25,23,26,9.5,14.5,7.5,21.4,28.3,15.3,4.9,14.8,4.76,13.4,25.0,4.3,14.100000000000001,4.529999999999999,24.666666666666668,4.666666666666667,13.4,9.700000000000001,14.290540540540542
0,4,Lonnie Walker IV,0.0,SA,CLE,-12.0,218.5,115.3,11,0.0,17.1,42.0,SG/SF,4200,5,0.0,0.0,101,112,7%,12,9,4,23,16,8,16.9,7.2,-3.7,18.1,24.1,16.0,3.8,11.5,2.74,12.7,13.5,3.0,12.1,2.87,15.666666666666666,8.333333333333334,10.120000000000001,19.7,10.426595744680851
0,5,Jordan Clarkson,0.0,CLE,SA,12.0,218.5,103.3,30,12.3,20.8,33.0,SG/SF,4400,0,27.0,18.0,103,111,5%,15,12,11,27,22,23,20.8,22.4,13.7,31.1,30.5,37.0,8.4,20.8,4.72,21.3,22.5,4.8,21.05,4.76,24.0,12.666666666666666,21.810000000000002,22.03333333333333,19.734375
0,6,Maxi Kleber,0.0,DAL,DET,-7.5,217.0,112.3,18,9.3,17.1,23.3,PF/C,3700,3,13.0,13.0,101,107,10%,6,5,6,15,20,24,17.4,18.8,11.8,25.8,18.3,10.3,2.8,17.5,4.73,16.9,22.0,4.6,17.2,4.665,19.666666666666668,5.666666666666667,18.2,16.566666666666666,19.240677966101693
0,7,Gary Trent Jr.,0.0,POR,DEN,7.0,216.5,104.8,16,3.0,9.0,24.8,SG,3000,1,0.0,0.0,100,100,-4%,5,4,3,9,9,9,8.9,6.8,-0.3,13.9,4.7,1.3,0.4,2.8,0.92,0.0,0.0,0.0,1.4,0.46,9.0,4.0,6.14,12.266666666666666,0.0
1,0,Derrick Rose,0.0,DET,DAL,7.5,217.0,104.8,2,25.5,29.7,33.5,PG/SG,5700,2,32.0,22.0,102,106,-12%,17,14,13,27,24,24,30.4,28.9,21.1,36.8,25.8,30.0,5.3,28.0,4.91,26.3,25.5,4.6,27.15,4.755,25.0,14.666666666666666,28.869999999999997,29.566666666666666,27.692999999999998
1,1,Tony Snell,0.0,DET,DAL,7.5,217.0,104.8,22,5.8,9.5,13.8,SG/SF,3100,2,11.0,10.0,102,106,-1%,4,4,6,25,23,26,9.5,14.5,7.5,21.4,28.3,15.3,4.9,14.8,4.76,13.4,25.0,4.3,14.100000000000001,4.529999999999999,24.666666666666668,4.666666666666667,13.4,9.700000000000001,14.290540540540542
1,2,Jayson Tatum,0.0,BOS,PHI,-1.0,212.5,106.8,3,31.5,43.6,58.0,SF/PF,7100,0,28.0,18.0,102,101,-4%,14,18,18,33,34,35,43.6,38.4,29.6,47.2,33.9,27.8,3.9,35.0,4.93,35.2,34.0,5.0,35.1,4.965,34.0,16.666666666666668,38.779999999999994,44.36666666666667,35.1
1,3,Torrey Craig,0.0,DEN,POR,-7.0,216.5,111.8,7,0.0,6.1,23.8,SG/SF,3000,1,12.0,8.0,105,108,1%,1,2,3,7,8,13,6.1,9.3,0.8,17.7,14.3,8.0,2.7,5.0,1.67,0.0,0.0,0.0,2.5,0.835,9.333333333333334,2.0,7.279999999999999,9.966666666666667,0.0
1,4,Gary Trent Jr.,0.0,POR,DEN,7.0,216.5,104.8,16,3.0,9.0,24.8,SG,3000,1,0.0,0.0,100,100,-4%,5,4,3,9,9,9,8.9,6.8,-0.3,13.9,4.7,1.3,0.4,2.8,0.92,0.0,0.0,0.0,1.4,0.46,9.0,4.0,6.14,12.266666666666666,0.0
1,5,Luka Doncic,0.0,DAL,DET,-7.5,217.0,112.3,6,37.8,51.5,65.0,PG/SF,11400,3,39.0,32.0,101,107,2%,20,20,20,31,31,34,51.5,59.2,45.5,72.9,33.6,78.5,6.9,55.3,4.85,60.1,35.0,5.3,57.7,5.074999999999999,32.0,20.0,57.36,51.43333333333334,63.109375
1,6,Joel Embiid,0.0,PHI,BOS,1.0,212.5,105.8,8,29.5,46.8,60.8,C,9500,1,31.0,24.0,102,101,-6%,13,13,16,31,32,31,46.4,47.3,34.5,60.2,36.1,66.8,7.0,51.8,5.45,51.3,32.5,5.4,51.55,5.425000000000001,31.333333333333332,14.0,47.989999999999995,45.699999999999996,53.46941489361702
1,7,Cedi Osman,0.0,CLE,SA,12.0,218.5,103.3,16,3.5,15.4,36.8,SF/PF,3800,0,15.0,10.0,103,111,7%,5,6,8,22,24,29,15.4,19.4,10.2,28.6,37.5,24.5,6.4,20.5,5.39,16.8,26.0,4.4,18.65,4.895,25.0,6.333333333333333,18.45,18.566666666666666,19.396
2,0,Darius Garland,0.0,CLE,SA,12.0,218.5,103.3,13,7.8,16.1,28.3,PG,4300,0,22.0,7.0,103,111,5%,10,11,11,23,27,28,16.1,18.2,11.2,25.2,25.1,17.8,4.1,19.8,4.59,19.0,27.5,4.4,19.4,4.495,26.0,10.666666666666666,18.02,17.400000000000002,20.519230769230766
2,1,Bruce Brown Jr.,0.0,DET,DAL,7.5,217.0,104.8,2,8.3,19.9,26.3,PG/SG,3900,2,17.0,10.0,102,106,-1%,7,7,7,25,23,26,19.8,20.3,9.7,30.9,22.2,19.5,5.0,19.3,4.94,16.1,24.0,4.1,17.700000000000003,4.52,24.666666666666668,7.0,19.68,18.166666666666668,17.221621621621622
2,2,Jerami Grant,0.0,DEN,POR,-7.0,216.5,111.8,30,11.5,17.3,22.5,PF/C,3900,1,18.0,12.0,105,108,5%,7,6,8,22,20,22,17.3,17.3,10.3,24.3,31.3,32.8,8.4,17.8,4.55,19.1,22.5,4.9,18.450000000000003,4.725,21.333333333333332,7.0,17.53,17.099999999999998,19.458984375000004
2,3,Matisse Thybulle,0.0,PHI,BOS,1.0,212.5,105.8,19,3.5,21.6,36.0,SG/SF,4000,1,13.0,12.0,102,101,-12%,9,6,4,29,25,17,21.6,12.9,2.6,23.2,29.7,17.3,4.3,18.0,4.5,19.2,26.0,4.8,18.6,4.65,23.666666666666668,6.333333333333333,15.780000000000001,20.366666666666667,20.43380281690141
2,4,Collin Sexton,0.0,CLE,SA,12.0,218.5,103.3,13,14.5,23.2,34.5,PG/SG,5400,0,26.0,14.0,103,111,5%,14,15,16,29,29,30,23.2,26.3,19.8,32.7,35.1,35.5,6.6,25.5,4.72,25.9,30.5,4.8,25.7,4.76,29.333333333333332,15.0,25.54,24.066666666666666,26.72215909090909
2,5,Svi Mykhailiuk,0.0,DET,DAL,7.5,217.0,104.8,22,4.3,15.3,25.5,SG/SF,3300,2,14.0,9.0,102,106,5%,4,7,5,14,21,17,15.3,10.4,3.7,17.1,12.1,2.8,0.8,8.5,2.58,8.4,14.5,2.5,8.45,2.54,17.333333333333332,5.333333333333333,10.99,15.033333333333333,7.06875
2,6,Kevin Love,0.0,CLE,SA,12.0,218.5,103.3,13,15.3,26.3,37.8,PF/C,6200,0,23.0,18.0,103,111,2%,13,11,12,29,27,31,26.6,36.2,23.5,48.8,38.6,56.8,9.2,31.8,5.12,31.3,28.5,5.0,31.55,5.0600000000000005,29.0,12.0,33.33,26.46666666666667,31.006034482758622
2,7,Tobias Harris,0.0,PHI,BOS,1.0,212.5,105.8,1,24.0,39.6,49.3,SF/PF,6900,1,24.0,17.0,102,101,-2%,20,21,16,37,37,35,41.0,36.6,28.8,44.3,32.8,50.0,7.2,34.0,4.93,35.9,35.5,5.2,34.95,5.0649999999999995,36.333333333333336,19.0,37.129999999999995,37.63333333333333,34.148394495412845
3,0,Seth Curry,0.0,DAL,DET,-7.5,217.0,112.3,6,4.3,16.8,27.5,PG/SG,3400,3,16.0,12.0,101,107,-8%,5,7,6,20,22,22,16.8,15.2,6.9,23.5,33.5,50.3,14.8,13.5,3.97,13.2,19.5,3.9,13.35,3.935,21.333333333333332,6.0,15.15,16.2,12.202734375000002
3,1,Luke Kennard,0.0,DET,DAL,7.5,217.0,104.8,22,20.8,26.3,32.8,SG/SF,5500,2,21.0,16.0,102,106,-1%,10,12,13,29,31,33,25.9,29.0,20.3,37.7,33.6,17.0,3.1,26.5,4.82,25.9,31.5,4.7,26.2,4.76,31.0,11.666666666666666,27.82,26.633333333333336,26.62258064516129
3,2,Thon Maker,0.0,DET,DAL,7.5,217.0,104.8,8,2.0,3.1,5.5,PF/C,3000,2,13.0,11.0,102,106,-4%,0,1,2,5,4,10,3.1,7.6,1.9,13.3,1.6,2.0,0.7,3.0,1.0,0.0,0.0,0.0,1.5,0.5,6.333333333333333,1.0,5.4799999999999995,3.533333333333333,0.0
3,3,Lonnie Walker IV,0.0,SA,CLE,-12.0,218.5,115.3,11,0.0,17.1,42.0,SG/SF,4200,5,0.0,0.0,101,112,7%,12,9,4,23,16,8,16.9,7.2,-3.7,18.1,24.1,16.0,3.8,11.5,2.74,12.7,13.5,3.0,12.1,2.87,15.666666666666666,8.333333333333334,10.120000000000001,19.7,10.426595744680851
3,4,Langston Galloway,0.0,DET,DAL,7.5,217.0,104.8,2,12.0,19.4,24.8,PG/SG,3700,2,16.0,14.0,102,106,-1%,9,8,9,24,26,28,18.7,20.0,13.1,26.9,20.3,4.8,1.3,16.0,4.32,14.8,22.5,4.0,15.4,4.16,26.0,8.666666666666666,18.82,18.733333333333334,13.326923076923077
3,5,Michael Porter Jr.,0.0,DEN,POR,-7.0,216.5,111.8,5,3.5,10.7,13.5,SF/PF,3200,1,0.0,0.0,105,108,2%,7,5,4,11,9,9,10.7,8.8,3.0,14.5,10.0,6.8,2.1,7.5,2.34,11.7,12.0,3.7,9.6,3.02,9.666666666666666,5.333333333333333,9.32,9.233333333333333,11.917241379310344
3,6,Kristaps Porzingis,0.0,DAL,DET,-7.5,217.0,112.3,18,24.5,26.3,29.5,PF/C,6400,3,25.0,16.0,101,107,10%,12,11,15,28,30,31,26.7,35.5,24.5,46.5,29.5,37.5,5.9,34.0,5.31,36.6,32.5,5.7,35.3,5.505,29.666666666666668,12.666666666666666,33.7,26.766666666666666,38.67134831460674
3,7,Marco Belinelli,0.0,SA,CLE,-12.0,218.5,115.3,11,4.8,12.7,18.0,SG/SF,3200,5,18.0,7.0,101,112,7%,4,5,6,17,16,17,14.3,10.8,6.3,15.4,20.3,10.8,3.4,8.5,2.66,8.5,11.0,2.7,8.5,2.68,16.666666666666668,5.0,11.059999999999999,11.833333333333334,5.61
4,0,Patty Mills,0.0,SA,CLE,-12.0,218.5,115.3,23,5.5,18.3,26.0,PG/SG,4100,5,19.0,15.0,101,112,9%,10,9,9,34,27,23,18.3,19.0,10.4,27.6,28.3,17.3,4.2,19.8,4.82,19.5,24.0,4.8,19.65,4.8100000000000005,28.0,9.333333333333334,18.990000000000002,16.599999999999998,16.84285714285714
4,1,Josh Richardson,0.0,PHI,BOS,1.0,212.5,105.8,19,6.8,24.1,44.3,SG/SF,5300,1,22.0,14.0,102,101,-2%,17,15,13,31,31,33,34.1,30.1,21.6,38.6,25.9,28.0,5.3,23.5,4.43,21.2,24.5,4.0,22.35,4.215,31.666666666666668,15.0,29.35,25.066666666666666,17.291842105263157
4,2,Kristaps Porzingis,0.0,DAL,DET,-7.5,217.0,112.3,18,24.5,26.3,29.5,PF/C,6400,3,25.0,16.0,101,107,10%,12,11,15,28,30,31,26.7,35.5,24.5,46.5,29.5,37.5,5.9,34.0,5.31,36.6,32.5,5.7,35.3,5.505,29.666666666666668,12.666666666666666,33.7,26.766666666666666,38.67134831460674
4,3,Semi Ojeleye,0.0,BOS,PHI,-1.0,212.5,106.8,3,4.3,11.0,15.8,SF/PF,3100,0,8.0,7.0,102,101,-10%,1,2,2,24,24,15,10.9,6.8,1.2,12.5,23.5,11.0,3.5,12.5,4.03,12.1,24.0,3.9,12.3,3.965,21.0,1.6666666666666667,8.74,10.366666666666667,14.057142857142857
4,4,Langston Galloway,0.0,DET,DAL,7.5,217.0,104.8,2,12.0,19.4,24.8,PG/SG,3700,2,16.0,14.0,102,106,-1%,9,8,9,24,26,28,18.7,20.0,13.1,26.9,20.3,4.8,1.3,16.0,4.32,14.8,22.5,4.0,15.4,4.16,26.0,8.666666666666666,18.82,18.733333333333334,13.326923076923077
4,5,Ben Simmons,0.0,PHI,BOS,1.0,212.5,105.8,3,28.8,42.3,54.3,PG/SF,7600,1,22.0,19.0,102,101,-12%,9,10,11,38,34,35,42.7,41.3,33.7,48.8,36.5,25.5,3.4,40.8,5.36,40.3,36.0,5.3,40.55,5.33,35.666666666666664,10.0,41.410000000000004,41.8,40.92897196261682
4,6,Hassan Whiteside,0.0,POR,DEN,7.0,216.5,104.8,20,35.8,45.6,59.0,C,8100,1,20.0,26.0,100,100,-1%,10,11,10,29,30,28,45.6,38.8,29.1,48.5,35.1,59.8,7.4,40.3,4.97,41.1,30.5,5.1,40.7,5.035,29.0,10.333333333333334,40.54,46.800000000000004,42.8051724137931
4,7,Mario Hezonja,0.0,POR,DEN,7.0,216.5,104.8,13,3.5,9.5,20.5,SF/PF,3300,1,14.0,8.0,100,100,-4%,4,3,4,16,13,17,9.4,13.1,4.9,21.4,13.8,2.5,0.8,9.8,2.95,8.7,12.0,2.6,9.25,2.7750000000000004,15.333333333333334,3.6666666666666665,11.61,11.166666666666666,7.239130434782609
5,0,Dejounte Murray,0.0,SA,CLE,-12.0,218.5,115.3,23,15.8,21.6,31.3,PG,5600,5,23.0,17.0,101,112,9%,9,8,8,25,23,23,21.8,26.3,16.2,36.4,17.0,26.0,4.6,30.5,5.45,29.7,26.0,5.3,30.1,5.375,23.666666666666668,8.333333333333334,26.160000000000004,22.900000000000002,33.06760563380282
5,1,Luke Kennard,0.0,DET,DAL,7.5,217.0,104.8,22,20.8,26.3,32.8,SG/SF,5500,2,21.0,16.0,102,106,-1%,10,12,13,29,31,33,25.9,29.0,20.3,37.7,33.6,17.0,3.1,26.5,4.82,25.9,31.5,4.7,26.2,4.76,31.0,11.666666666666666,27.82,26.633333333333336,26.62258064516129
5,2,Blake Griffin,0.0,DET,DAL,7.5,217.0,104.8,8,11.5,28.3,42.8,PF,6700,2,29.0,15.0,102,106,0%,13,14,14,33,29,29,28.3,30.4,22.0,38.7,29.6,21.8,3.3,36.8,5.49,35.8,32.5,5.3,36.3,5.395,30.333333333333332,13.666666666666666,31.139999999999997,27.53333333333333,38.89285714285714
5,3,Kevin Porter Jr.,0.0,CLE,SA,12.0,218.5,103.3,30,18.0,24.3,39.0,SG/SF,3600,0,18.0,8.0,103,111,5%,12,9,7,26,24,21,24.3,16.6,8.4,24.7,15.5,12.5,3.5,19.0,5.28,19.7,26.5,5.5,19.35,5.390000000000001,23.666666666666668,9.333333333333334,18.670000000000005,27.099999999999998,21.666549295774647
5,4,Bruce Brown Jr.,0.0,DET,DAL,7.5,217.0,104.8,2,8.3,19.9,26.3,PG/SG,3900,2,17.0,10.0,102,106,-1%,7,7,7,25,23,26,19.8,20.3,9.7,30.9,22.2,19.5,5.0,19.3,4.94,16.1,24.0,4.1,17.700000000000003,4.52,24.666666666666668,7.0,19.68,18.166666666666668,17.221621621621622
5,5,Will Barton,0.0,DEN,POR,-7.0,216.5,111.8,14,13.3,27.0,53.3,PG/SF,6300,1,20.0,17.0,105,108,1%,13,11,13,34,32,33,26.9,32.7,22.5,42.9,34.9,39.3,6.2,32.0,5.08,31.0,32.5,4.9,31.5,4.99,33.0,12.333333333333334,31.3,31.2,31.022727272727273
5,6,Skal Labissiere,0.0,POR,DEN,7.0,216.5,104.8,7,8.0,11.8,22.8,PF/C,3300,1,15.0,15.0,100,100,-7%,2,3,5,19,17,17,11.8,16.0,5.1,26.8,23.2,10.8,3.3,15.8,4.77,14.3,17.0,4.3,15.05,4.535,17.666666666666668,3.3333333333333335,14.95,14.200000000000001,14.482075471698113
5,7,Jalen Brunson,0.0,DAL,DET,-7.5,217.0,112.3,6,0.0,12.2,26.5,PG/SG,3300,3,21.0,17.0,101,107,2%,4,4,6,11,11,16,12.2,15.1,5.7,24.5,15.2,14.3,4.3,13.5,4.09,11.3,12.5,3.4,12.4,3.745,12.666666666666666,4.666666666666667,13.98,12.9,12.23684210526316
6,0,Damian Lillard,0.0,POR,DEN,7.0,216.5,104.8,7,31.0,43.6,51.5,PG,8500,1,29.0,25.0,100,100,-10%,20,17,19,34,35,37,43.6,47.3,37.4,57.2,37.5,35.5,4.2,44.0,5.18,41.3,36.5,4.9,42.65,5.04,35.333333333333336,18.666666666666668,45.63000000000001,42.03333333333333,44.05825471698113
6,1,Luke Kennard,0.0,DET,DAL,7.5,217.0,104.8,22,20.8,26.3,32.8,SG/SF,5500,2,21.0,16.0,102,106,-1%,10,12,13,29,31,33,25.9,29.0,20.3,37.7,33.6,17.0,3.1,26.5,4.82,25.9,31.5,4.7,26.2,4.76,31.0,11.666666666666666,27.82,26.633333333333336,26.62258064516129
6,2,Trey Lyles,0.0,SA,CLE,-12.0,218.5,115.3,15,5.3,15.1,28.8,PF/C,3900,5,12.0,12.0,101,112,4%,5,5,4,17,15,18,15.1,15.6,8.5,22.8,5.0,5.5,1.4,13.0,3.33,12.1,14.5,3.1,12.55,3.215,16.666666666666668,4.666666666666667,14.91,16.400000000000002,10.9185
6,3,Matisse Thybulle,0.0,PHI,BOS,1.0,212.5,105.8,19,3.5,21.6,36.0,SG/SF,4000,1,13.0,12.0,102,101,-12%,9,6,4,29,25,17,21.6,12.9,2.6,23.2,29.7,17.3,4.3,18.0,4.5,19.2,26.0,4.8,18.6,4.65,23.666666666666668,6.333333333333333,15.780000000000001,20.366666666666667,20.43380281690141
6,4,Lonnie Walker IV,0.0,SA,CLE,-12.0,218.5,115.3,11,0.0,17.1,42.0,SG/SF,4200,5,0.0,0.0,101,112,7%,12,9,4,23,16,8,16.9,7.2,-3.7,18.1,24.1,16.0,3.8,11.5,2.74,12.7,13.5,3.0,12.1,2.87,15.666666666666666,8.333333333333334,10.120000000000001,19.7,10.426595744680851
6,5,Luka Doncic,0.0,DAL,DET,-7.5,217.0,112.3,6,37.8,51.5,65.0,PG/SF,11400,3,39.0,32.0,101,107,2%,20,20,20,31,31,34,51.5,59.2,45.5,72.9,33.6,78.5,6.9,55.3,4.85,60.1,35.0,5.3,57.7,5.074999999999999,32.0,20.0,57.36,51.43333333333334,63.109375
6,6,Mason Plumlee,0.0,DEN,POR,-7.0,216.5,111.8,30,10.5,19.9,41.8,PF/C,3800,1,20.0,19.0,105,108,7%,4,4,5,15,16,17,19.9,19.5,11.5,27.4,17.8,16.8,4.4,17.8,4.67,17.2,15.0,4.5,17.5,4.585,16.0,4.333333333333333,19.16,24.066666666666663,16.40625
6,7,Derrick White,0.0,SA,CLE,-12.0,218.5,115.3,23,3.8,17.4,26.8,PG/SG,4100,5,18.0,13.0,101,112,9%,8,8,8,24,24,24,17.1,19.7,12.1,27.3,31.7,27.0,6.6,20.5,5.0,19.1,22.0,4.7,19.8,4.85,24.0,8.0,19.199999999999996,16.0,18.150000000000002
7,0,Matthew Dellavedova,0.0,CLE,SA,12.0,218.5,103.3,13,2.0,8.1,14.0,PG/SG,3100,0,15.0,6.0,103,111,5%,3,3,3,17,12,13,8.1,8.2,3.9,12.5,15.3,12.0,3.9,7.8,2.5,8.7,12.5,2.8,8.25,2.65,14.0,3.0,8.19,8.033333333333333,7.366071428571429
7,1,Torrey Craig,0.0,DEN,POR,-7.0,216.5,111.8,7,0.0,6.1,23.8,SG/SF,3000,1,12.0,8.0,105,108,1%,1,2,3,7,8,13,6.1,9.3,0.8,17.7,14.3,8.0,2.7,5.0,1.67,0.0,0.0,0.0,2.5,0.835,9.333333333333334,2.0,7.279999999999999,9.966666666666667,0.0
7,2,Justin Jackson,0.0,DAL,DET,-7.5,217.0,112.3,8,7.3,12.8,17.8,SF/PF,3200,3,17.0,14.0,101,107,0%,8,8,5,21,18,14,12.8,11.2,3.7,18.7,20.6,6.0,1.9,11.0,3.44,11.3,15.0,3.5,11.15,3.4699999999999998,17.666666666666668,7.0,11.510000000000002,12.633333333333335,9.466981132075473
7,3,Matisse Thybulle,0.0,PHI,BOS,1.0,212.5,105.8,19,3.5,21.6,36.0,SG/SF,4000,1,13.0,12.0,102,101,-12%,9,6,4,29,25,17,21.6,12.9,2.6,23.2,29.7,17.3,4.3,18.0,4.5,19.2,26.0,4.8,18.6,4.65,23.666666666666668,6.333333333333333,15.780000000000001,20.366666666666667,20.43380281690141
7,4,Josh Richardson,0.0,PHI,BOS,1.0,212.5,105.8,19,6.8,24.1,44.3,SG/SF,5300,1,22.0,14.0,102,101,-2%,17,15,13,31,31,33,34.1,30.1,21.6,38.6,25.9,28.0,5.3,23.5,4.43,21.2,24.5,4.0,22.35,4.215,31.666666666666668,15.0,29.35,25.066666666666666,17.291842105263157
7,5,Lonnie Walker IV,0.0,SA,CLE,-12.0,218.5,115.3,11,0.0,17.1,42.0,SG/SF,4200,5,0.0,0.0,101,112,7%,12,9,4,23,16,8,16.9,7.2,-3.7,18.1,24.1,16.0,3.8,11.5,2.74,12.7,13.5,3.0,12.1,2.87,15.666666666666666,8.333333333333334,10.120000000000001,19.7,10.426595744680851
7,6,Joel Embiid,0.0,PHI,BOS,1.0,212.5,105.8,8,29.5,46.8,60.8,C,9500,1,31.0,24.0,102,101,-6%,13,13,16,31,32,31,46.4,47.3,34.5,60.2,36.1,66.8,7.0,51.8,5.45,51.3,32.5,5.4,51.55,5.425000000000001,31.333333333333332,14.0,47.989999999999995,45.699999999999996,53.46941489361702
7,7,Will Barton,0.0,DEN,POR,-7.0,216.5,111.8,14,13.3,27.0,53.3,PG/SF,6300,1,20.0,17.0,105,108,1%,13,11,13,34,32,33,26.9,32.7,22.5,42.9,34.9,39.3,6.2,32.0,5.08,31.0,32.5,4.9,31.5,4.99,33.0,12.333333333333334,31.3,31.2,31.022727272727273
8,0,Bruce Brown Jr.,0.0,DET,DAL,7.5,217.0,104.8,2,8.3,19.9,26.3,PG/SG,3900,2,17.0,10.0,102,106,-1%,7,7,7,25,23,26,19.8,20.3,9.7,30.9,22.2,19.5,5.0,19.3,4.94,16.1,24.0,4.1,17.700000000000003,4.52,24.666666666666668,7.0,19.68,18.166666666666668,17.221621621621622
8,1,Gary Harris,0.0,DEN,POR,-7.0,216.5,111.8,7,12.3,18.7,28.0,SG,4600,1,16.0,10.0,105,108,1%,11,9,10,33,31,33,18.6,21.3,13.6,29.0,36.8,20.3,4.4,22.3,4.84,21.4,32.5,4.7,21.85,4.77,32.333333333333336,10.0,20.869999999999997,19.666666666666668,21.962628865979383
8,2,Maxi Kleber,0.0,DAL,DET,-7.5,217.0,112.3,18,9.3,17.1,23.3,PF/C,3700,3,13.0,13.0,101,107,10%,6,5,6,15,20,24,17.4,18.8,11.8,25.8,18.3,10.3,2.8,17.5,4.73,16.9,22.0,4.6,17.2,4.665,19.666666666666668,5.666666666666667,18.2,16.566666666666666,19.240677966101693
8,3,Jayson Tatum,0.0,BOS,PHI,-1.0,212.5,106.8,3,31.5,43.6,58.0,SF/PF,7100,0,28.0,18.0,102,101,-4%,14,18,18,33,34,35,43.6,38.4,29.6,47.2,33.9,27.8,3.9,35.0,4.93,35.2,34.0,5.0,35.1,4.965,34.0,16.666666666666668,38.779999999999994,44.36666666666667,35.1
8,4,Josh Richardson,0.0,PHI,BOS,1.0,212.5,105.8,19,6.8,24.1,44.3,SG/SF,5300,1,22.0,14.0,102,101,-2%,17,15,13,31,31,33,34.1,30.1,21.6,38.6,25.9,28.0,5.3,23.5,4.43,21.2,24.5,4.0,22.35,4.215,31.666666666666668,15.0,29.35,25.066666666666666,17.291842105263157
8,5,Kevin Love,0.0,CLE,SA,12.0,218.5,103.3,13,15.3,26.3,37.8,PF/C,6200,0,23.0,18.0,103,111,2%,13,11,12,29,27,31,26.6,36.2,23.5,48.8,38.6,56.8,9.2,31.8,5.12,31.3,28.5,5.0,31.55,5.0600000000000005,29.0,12.0,33.33,26.46666666666667,31.006034482758622
8,6,Kristaps Porzingis,0.0,DAL,DET,-7.5,217.0,112.3,18,24.5,26.3,29.5,PF/C,6400,3,25.0,16.0,101,107,10%,12,11,15,28,30,31,26.7,35.5,24.5,46.5,29.5,37.5,5.9,34.0,5.31,36.6,32.5,5.7,35.3,5.505,29.666666666666668,12.666666666666666,33.7,26.766666666666666,38.67134831460674
8,7,Jalen Brunson,0.0,DAL,DET,-7.5,217.0,112.3,6,0.0,12.2,26.5,PG/SG,3300,3,21.0,17.0,101,107,2%,4,4,6,11,11,16,12.2,15.1,5.7,24.5,15.2,14.3,4.3,13.5,4.09,11.3,12.5,3.4,12.4,3.745,12.666666666666666,4.666666666666667,13.98,12.9,12.23684210526316
9,0,Ben Simmons,0.0,PHI,BOS,1.0,212.5,105.8,3,28.8,42.3,54.3,PG/SF,7600,1,22.0,19.0,102,101,-12%,9,10,11,38,34,35,42.7,41.3,33.7,48.8,36.5,25.5,3.4,40.8,5.36,40.3,36.0,5.3,40.55,5.33,35.666666666666664,10.0,41.410000000000004,41.8,40.92897196261682
9,1,Torrey Craig,0.0,DEN,POR,-7.0,216.5,111.8,7,0.0,6.1,23.8,SG/SF,3000,1,12.0,8.0,105,108,1%,1,2,3,7,8,13,6.1,9.3,0.8,17.7,14.3,8.0,2.7,5.0,1.67,0.0,0.0,0.0,2.5,0.835,9.333333333333334,2.0,7.279999999999999,9.966666666666667,0.0
9,2,Kevin Love,0.0,CLE,SA,12.0,218.5,103.3,13,15.3,26.3,37.8,PF/C,6200,0,23.0,18.0,103,111,2%,13,11,12,29,27,31,26.6,36.2,23.5,48.8,38.6,56.8,9.2,31.8,5.12,31.3,28.5,5.0,31.55,5.0600000000000005,29.0,12.0,33.33,26.46666666666667,31.006034482758622
9,3,Tony Snell,0.0,DET,DAL,7.5,217.0,104.8,22,5.8,9.5,13.8,SG/SF,3100,2,11.0,10.0,102,106,-1%,4,4,6,25,23,26,9.5,14.5,7.5,21.4,28.3,15.3,4.9,14.8,4.76,13.4,25.0,4.3,14.100000000000001,4.529999999999999,24.666666666666668,4.666666666666667,13.4,9.700000000000001,14.290540540540542
9,4,Luka Doncic,0.0,DAL,DET,-7.5,217.0,112.3,6,37.8,51.5,65.0,PG/SF,11400,3,39.0,32.0,101,107,2%,20,20,20,31,31,34,51.5,59.2,45.5,72.9,33.6,78.5,6.9,55.3,4.85,60.1,35.0,5.3,57.7,5.074999999999999,32.0,20.0,57.36,51.43333333333334,63.109375
9,5,Skal Labissiere,0.0,POR,DEN,7.0,216.5,104.8,7,8.0,11.8,22.8,PF/C,3300,1,15.0,15.0,100,100,-7%,2,3,5,19,17,17,11.8,16.0,5.1,26.8,23.2,10.8,3.3,15.8,4.77,14.3,17.0,4.3,15.05,4.535,17.666666666666668,3.3333333333333335,14.95,14.200000000000001,14.482075471698113
9,6,Tristan Thompson,0.0,CLE,SA,12.0,218.5,103.3,16,20.8,29.1,36.3,C,6100,0,20.0,20.0,103,111,-1%,11,11,12,35,32,32,31.9,35.3,26.3,44.2,26.0,14.8,2.4,32.5,5.33,30.2,32.0,5.0,31.35,5.165,33.0,11.333333333333334,33.809999999999995,28.733333333333334,30.400000000000002
9,7,Collin Sexton,0.0,CLE,SA,12.0,218.5,103.3,13,14.5,23.2,34.5,PG/SG,5400,0,26.0,14.0,103,111,5%,14,15,16,29,29,30,23.2,26.3,19.8,32.7,35.1,35.5,6.6,25.5,4.72,25.9,30.5,4.8,25.7,4.76,29.333333333333332,15.0,25.54,24.066666666666666,26.72215909090909
10,0,Brad Wanamaker,0.0,BOS,PHI,-1.0,212.5,106.8,11,6.5,16.0,24.0,PG/SG,3100,0,19.0,16.0,102,101,-8%,8,6,5,23,21,19,15.9,16.5,9.0,23.9,15.2,6.5,2.1,18.8,6.05,17.1,21.5,5.5,17.950000000000003,5.775,21.0,6.333333333333333,16.65,15.5,18.377380952380957
10,1,Bryn Forbes,0.0,SA,CLE,-12.0,218.5,115.3,23,10.0,19.0,35.0,PG/SG,4000,5,19.0,13.0,101,112,7%,11,10,11,28,25,27,18.9,20.9,13.0,28.7,16.6,5.5,1.4,18.8,4.69,19.0,24.0,4.8,18.9,4.745,26.666666666666668,10.666666666666666,20.080000000000002,21.333333333333332,17.009999999999998
10,2,Dorian Finney-Smith,0.0,DAL,DET,-7.5,217.0,112.3,8,13.3,18.7,29.5,SF/PF,4000,3,13.0,12.0,101,107,0%,7,7,7,28,28,27,18.6,18.8,11.8,25.8,31.1,17.8,4.5,19.8,4.94,20.8,30.5,5.2,20.3,5.07,27.666666666666668,7.0,19.06,20.5,22.378915662650602
10,3,Luka Doncic,0.0,DAL,DET,-7.5,217.0,112.3,6,37.8,51.5,65.0,PG/SF,11400,3,39.0,32.0,101,107,2%,20,20,20,31,31,34,51.5,59.2,45.5,72.9,33.6,78.5,6.9,55.3,4.85,60.1,35.0,5.3,57.7,5.074999999999999,32.0,20.0,57.36,51.43333333333334,63.109375
10,4,Raul Neto,0.0,PHI,BOS,1.0,212.5,105.8,3,3.3,11.0,22.0,PG,3000,1,17.0,12.0,102,101,-12%,2,4,4,11,14,12,11.0,9.0,1.2,16.8,11.5,2.3,0.8,7.8,2.58,7.7,10.5,2.6,7.75,2.59,12.333333333333334,3.3333333333333335,9.15,12.1,6.597972972972973
10,5,Ben Simmons,0.0,PHI,BOS,1.0,212.5,105.8,3,28.8,42.3,54.3,PG/SF,7600,1,22.0,19.0,102,101,-12%,9,10,11,38,34,35,42.7,41.3,33.7,48.8,36.5,25.5,3.4,40.8,5.36,40.3,36.0,5.3,40.55,5.33,35.666666666666664,10.0,41.410000000000004,41.8,40.92897196261682
10,6,LaMarcus Aldridge,0.0,SA,CLE,-12.0,218.5,115.3,15,32.5,40.2,47.5,PF/C,7000,5,23.0,21.0,101,112,4%,16,17,16,33,34,34,40.2,37.1,27.3,47.0,39.2,37.0,5.3,37.8,5.39,37.4,32.5,5.3,37.599999999999994,5.345,33.666666666666664,16.333333333333332,37.84,40.06666666666667,36.29702970297029
10,7,Trey Lyles,0.0,SA,CLE,-12.0,218.5,115.3,15,5.3,15.1,28.8,PF/C,3900,5,12.0,12.0,101,112,4%,5,5,4,17,15,18,15.1,15.6,8.5,22.8,5.0,5.5,1.4,13.0,3.33,12.1,14.5,3.1,12.55,3.215,16.666666666666668,4.666666666666667,14.91,16.400000000000002,10.9185
11,0,Derrick Rose,0.0,DET,DAL,7.5,217.0,104.8,2,25.5,29.7,33.5,PG/SG,5700,2,32.0,22.0,102,106,-12%,17,14,13,27,24,24,30.4,28.9,21.1,36.8,25.8,30.0,5.3,28.0,4.91,26.3,25.5,4.6,27.15,4.755,25.0,14.666666666666666,28.869999999999997,29.566666666666666,27.692999999999998
11,1,Jalen Brunson,0.0,DAL,DET,-7.5,217.0,112.3,6,0.0,12.2,26.5,PG/SG,3300,3,21.0,17.0,101,107,2%,4,4,6,11,11,16,12.2,15.1,5.7,24.5,15.2,14.3,4.3,13.5,4.09,11.3,12.5,3.4,12.4,3.745,12.666666666666666,4.666666666666667,13.98,12.9,12.23684210526316
11,2,Semi Ojeleye,0.0,BOS,PHI,-1.0,212.5,106.8,3,4.3,11.0,15.8,SF/PF,3100,0,8.0,7.0,102,101,-10%,1,2,2,24,24,15,10.9,6.8,1.2,12.5,23.5,11.0,3.5,12.5,4.03,12.1,24.0,3.9,12.3,3.965,21.0,1.6666666666666667,8.74,10.366666666666667,14.057142857142857
11,3,Will Barton,0.0,DEN,POR,-7.0,216.5,111.8,14,13.3,27.0,53.3,PG/SF,6300,1,20.0,17.0,105,108,1%,13,11,13,34,32,33,26.9,32.7,22.5,42.9,34.9,39.3,6.2,32.0,5.08,31.0,32.5,4.9,31.5,4.99,33.0,12.333333333333334,31.3,31.2,31.022727272727273
11,4,Gary Trent Jr.,0.0,POR,DEN,7.0,216.5,104.8,16,3.0,9.0,24.8,SG,3000,1,0.0,0.0,100,100,-4%,5,4,3,9,9,9,8.9,6.8,-0.3,13.9,4.7,1.3,0.4,2.8,0.92,0.0,0.0,0.0,1.4,0.46,9.0,4.0,6.14,12.266666666666666,0.0
11,5,Rudy Gay,0.0,SA,CLE,-12.0,218.5,115.3,24,16.0,22.8,30.3,SF/PF,4700,5,22.0,16.0,101,112,8%,11,11,9,22,25,23,22.8,23.3,16.1,30.5,21.3,18.8,4.0,22.8,4.84,22.2,22.0,4.7,22.5,4.77,23.333333333333332,10.333333333333334,23.04,23.03333333333333,21.214285714285715
11,6,Larry Nance Jr.,0.0,CLE,SA,12.0,218.5,103.3,13,6.5,16.1,23.5,PF/C,4100,0,15.0,17.0,103,111,2%,3,5,7,19,24,26,16.1,23.7,14.1,33.3,28.9,14.8,3.6,21.0,5.12,19.0,20.0,4.6,20.0,4.859999999999999,23.0,5.0,21.439999999999998,15.366666666666667,17.391304347826086
11,7,Joel Embiid,0.0,PHI,BOS,1.0,212.5,105.8,8,29.5,46.8,60.8,C,9500,1,31.0,24.0,102,101,-6%,13,13,16,31,32,31,46.4,47.3,34.5,60.2,36.1,66.8,7.0,51.8,5.45,51.3,32.5,5.4,51.55,5.425000000000001,31.333333333333332,14.0,47.989999999999995,45.699999999999996,53.46941489361702
12,0,Ben Simmons,0.0,PHI,BOS,1.0,212.5,105.8,3,28.8,42.3,54.3,PG/SF,7600,1,22.0,19.0,102,101,-12%,9,10,11,38,34,35,42.7,41.3,33.7,48.8,36.5,25.5,3.4,40.8,5.36,40.3,36.0,5.3,40.55,5.33,35.666666666666664,10.0,41.410000000000004,41.8,40.92897196261682
12,1,Luke Kennard,0.0,DET,DAL,7.5,217.0,104.8,22,20.8,26.3,32.8,SG/SF,5500,2,21.0,16.0,102,106,-1%,10,12,13,29,31,33,25.9,29.0,20.3,37.7,33.6,17.0,3.1,26.5,4.82,25.9,31.5,4.7,26.2,4.76,31.0,11.666666666666666,27.82,26.633333333333336,26.62258064516129
12,2,Cedi Osman,0.0,CLE,SA,12.0,218.5,103.3,16,3.5,15.4,36.8,SF/PF,3800,0,15.0,10.0,103,111,7%,5,6,8,22,24,29,15.4,19.4,10.2,28.6,37.5,24.5,6.4,20.5,5.39,16.8,26.0,4.4,18.65,4.895,25.0,6.333333333333333,18.45,18.566666666666666,19.396
12,3,Lonnie Walker IV,0.0,SA,CLE,-12.0,218.5,115.3,11,0.0,17.1,42.0,SG/SF,4200,5,0.0,0.0,101,112,7%,12,9,4,23,16,8,16.9,7.2,-3.7,18.1,24.1,16.0,3.8,11.5,2.74,12.7,13.5,3.0,12.1,2.87,15.666666666666666,8.333333333333334,10.120000000000001,19.7,10.426595744680851
12,4,Bruce Brown Jr.,0.0,DET,DAL,7.5,217.0,104.8,2,8.3,19.9,26.3,PG/SG,3900,2,17.0,10.0,102,106,-1%,7,7,7,25,23,26,19.8,20.3,9.7,30.9,22.2,19.5,5.0,19.3,4.94,16.1,24.0,4.1,17.700000000000003,4.52,24.666666666666668,7.0,19.68,18.166666666666668,17.221621621621622
12,5,Kevin Love,0.0,CLE,SA,12.0,218.5,103.3,13,15.3,26.3,37.8,PF/C,6200,0,23.0,18.0,103,111,2%,13,11,12,29,27,31,26.6,36.2,23.5,48.8,38.6,56.8,9.2,31.8,5.12,31.3,28.5,5.0,31.55,5.0600000000000005,29.0,12.0,33.33,26.46666666666667,31.006034482758622
12,6,Jakob Poeltl,0.0,SA,CLE,-12.0,218.5,115.3,13,21.0,27.2,43.3,C,5100,5,14.0,19.0,101,112,2%,6,5,4,30,25,19,27.6,19.5,10.8,28.1,22.5,17.3,3.4,21.5,4.22,18.0,17.0,3.5,19.75,3.86,24.666666666666668,5.0,21.15,30.5,13.611486486486486
12,7,Hassan Whiteside,0.0,POR,DEN,7.0,216.5,104.8,20,35.8,45.6,59.0,C,8100,1,20.0,26.0,100,100,-1%,10,11,10,29,30,28,45.6,38.8,29.1,48.5,35.1,59.8,7.4,40.3,4.97,41.1,30.5,5.1,40.7,5.035,29.0,10.333333333333334,40.54,46.800000000000004,42.8051724137931
13,0,Will Barton,0.0,DEN,POR,-7.0,216.5,111.8,14,13.3,27.0,53.3,PG/SF,6300,1,20.0,17.0,105,108,1%,13,11,13,34,32,33,26.9,32.7,22.5,42.9,34.9,39.3,6.2,32.0,5.08,31.0,32.5,4.9,31.5,4.99,33.0,12.333333333333334,31.3,31.2,31.022727272727273
13,1,CJ McCollum,0.0,POR,DEN,7.0,216.5,104.8,7,24.0,34.9,55.5,PG/SG,6800,1,26.0,16.0,100,100,-4%,18,17,20,35,36,37,35.4,36.9,24.5,49.2,36.6,20.5,3.0,33.0,4.85,33.4,36.5,4.9,33.2,4.875,36.0,18.333333333333332,35.839999999999996,38.13333333333333,33.66111111111111
13,2,Thon Maker,0.0,DET,DAL,7.5,217.0,104.8,8,2.0,3.1,5.5,PF/C,3000,2,13.0,11.0,102,106,-4%,0,1,2,5,4,10,3.1,7.6,1.9,13.3,1.6,2.0,0.7,3.0,1.0,0.0,0.0,0.0,1.5,0.5,6.333333333333333,1.0,5.4799999999999995,3.533333333333333,0.0
13,3,Justin Jackson,0.0,DAL,DET,-7.5,217.0,112.3,8,7.3,12.8,17.8,SF/PF,3200,3,17.0,14.0,101,107,0%,8,8,5,21,18,14,12.8,11.2,3.7,18.7,20.6,6.0,1.9,11.0,3.44,11.3,15.0,3.5,11.15,3.4699999999999998,17.666666666666668,7.0,11.510000000000002,12.633333333333335,9.466981132075473
13,4,Bruce Brown Jr.,0.0,DET,DAL,7.5,217.0,104.8,2,8.3,19.9,26.3,PG/SG,3900,2,17.0,10.0,102,106,-1%,7,7,7,25,23,26,19.8,20.3,9.7,30.9,22.2,19.5,5.0,19.3,4.94,16.1,24.0,4.1,17.700000000000003,4.52,24.666666666666668,7.0,19.68,18.166666666666668,17.221621621621622
13,5,Ben Simmons,0.0,PHI,BOS,1.0,212.5,105.8,3,28.8,42.3,54.3,PG/SF,7600,1,22.0,19.0,102,101,-12%,9,10,11,38,34,35,42.7,41.3,33.7,48.8,36.5,25.5,3.4,40.8,5.36,40.3,36.0,5.3,40.55,5.33,35.666666666666664,10.0,41.410000000000004,41.8,40.92897196261682
13,6,Christian Wood,0.0,DET,DAL,7.5,217.0,104.8,8,13.0,22.4,49.0,PF/C,4000,2,21.0,24.0,102,106,0%,5,7,5,16,18,15,22.8,17.8,4.9,30.7,13.6,21.5,5.4,16.8,4.19,14.1,13.0,3.5,15.45,3.845,16.333333333333332,5.666666666666667,18.330000000000002,28.133333333333336,12.296938775510204
13,7,Jalen Brunson,0.0,DAL,DET,-7.5,217.0,112.3,6,0.0,12.2,26.5,PG/SG,3300,3,21.0,17.0,101,107,2%,4,4,6,11,11,16,12.2,15.1,5.7,24.5,15.2,14.3,4.3,13.5,4.09,11.3,12.5,3.4,12.4,3.745,12.666666666666666,4.666666666666667,13.98,12.9,12.23684210526316
15,0,Monte Morris,0.0,DEN,POR,-7.0,216.5,111.8,14,10.5,19.2,35.8,PG,3900,1,21.0,14.0,105,108,3%,9,7,7,23,20,18,19.1,15.9,7.0,24.7,19.8,27.3,7.0,15.5,3.97,15.8,17.0,4.1,15.65,4.035,20.333333333333332,7.666666666666667,16.470000000000002,21.833333333333332,13.084426229508198
15,1,Bruce Brown Jr.,0.0,DET,DAL,7.5,217.0,104.8,2,8.3,19.9,26.3,PG/SG,3900,2,17.0,10.0,102,106,-1%,7,7,7,25,23,26,19.8,20.3,9.7,30.9,22.2,19.5,5.0,19.3,4.94,16.1,24.0,4.1,17.700000000000003,4.52,24.666666666666668,7.0,19.68,18.166666666666668,17.221621621621622
15,2,Blake Griffin,0.0,DET,DAL,7.5,217.0,104.8,8,11.5,28.3,42.8,PF,6700,2,29.0,15.0,102,106,0%,13,14,14,33,29,29,28.3,30.4,22.0,38.7,29.6,21.8,3.3,36.8,5.49,35.8,32.5,5.3,36.3,5.395,30.333333333333332,13.666666666666666,31.139999999999997,27.53333333333333,38.89285714285714
15,3,Tim Hardaway Jr.,0.0,DAL,DET,-7.5,217.0,112.3,21,11.3,22.8,39.8,SG/SF,5200,3,20.0,16.0,101,107,0%,12,10,10,28,28,25,22.8,20.9,10.4,31.5,25.4,7.3,1.4,24.5,4.71,25.2,31.0,4.8,24.85,4.755,27.0,10.666666666666666,22.090000000000003,24.633333333333336,28.53148148148148
15,4,Patty Mills,0.0,SA,CLE,-12.0,218.5,115.3,23,5.5,18.3,26.0,PG/SG,4100,5,19.0,15.0,101,112,9%,10,9,9,34,27,23,18.3,19.0,10.4,27.6,28.3,17.3,4.2,19.8,4.82,19.5,24.0,4.8,19.65,4.8100000000000005,28.0,9.333333333333334,18.990000000000002,16.599999999999998,16.84285714285714
15,5,Rudy Gay,0.0,SA,CLE,-12.0,218.5,115.3,24,16.0,22.8,30.3,SF/PF,4700,5,22.0,16.0,101,112,8%,11,11,9,22,25,23,22.8,23.3,16.1,30.5,21.3,18.8,4.0,22.8,4.84,22.2,22.0,4.7,22.5,4.77,23.333333333333332,10.333333333333334,23.04,23.03333333333333,21.214285714285715
15,6,Joel Embiid,0.0,PHI,BOS,1.0,212.5,105.8,8,29.5,46.8,60.8,C,9500,1,31.0,24.0,102,101,-6%,13,13,16,31,32,31,46.4,47.3,34.5,60.2,36.1,66.8,7.0,51.8,5.45,51.3,32.5,5.4,51.55,5.425000000000001,31.333333333333332,14.0,47.989999999999995,45.699999999999996,53.46941489361702
15,7,Daniel Theis,0.0,BOS,PHI,-1.0,212.5,106.8,17,9.0,18.4,31.0,PF/C,4000,0,14.0,15.0,102,101,-10%,7,5,6,24,21,23,18.1,21.4,13.2,29.5,23.7,26.3,6.6,19.3,4.81,19.5,24.0,4.9,19.4,4.855,22.666666666666668,6.0,20.32,19.466666666666665,20.541176470588233
16,0,Monte Morris,0.0,DEN,POR,-7.0,216.5,111.8,14,10.5,19.2,35.8,PG,3900,1,21.0,14.0,105,108,3%,9,7,7,23,20,18,19.1,15.9,7.0,24.7,19.8,27.3,7.0,15.5,3.97,15.8,17.0,4.1,15.65,4.035,20.333333333333332,7.666666666666667,16.470000000000002,21.833333333333332,13.084426229508198
16,1,Jordan Clarkson,0.0,CLE,SA,12.0,218.5,103.3,30,12.3,20.8,33.0,SG/SF,4400,0,27.0,18.0,103,111,5%,15,12,11,27,22,23,20.8,22.4,13.7,31.1,30.5,37.0,8.4,20.8,4.72,21.3,22.5,4.8,21.05,4.76,24.0,12.666666666666666,21.810000000000002,22.03333333333333,19.734375
16,2,Tobias Harris,0.0,PHI,BOS,1.0,212.5,105.8,1,24.0,39.6,49.3,SF/PF,6900,1,24.0,17.0,102,101,-2%,20,21,16,37,37,35,41.0,36.6,28.8,44.3,32.8,50.0,7.2,34.0,4.93,35.9,35.5,5.2,34.95,5.0649999999999995,36.333333333333336,19.0,37.129999999999995,37.63333333333333,34.148394495412845
16,3,Furkan Korkmaz,0.0,PHI,BOS,1.0,212.5,105.8,19,9.0,12.4,16.5,SG/SF,3400,1,16.0,9.0,102,101,-5%,5,5,7,22,21,23,12.4,14.9,7.5,22.3,8.4,11.3,3.3,12.3,3.6,11.7,18.5,3.4,12.0,3.5,22.0,5.666666666666667,13.819999999999999,12.633333333333333,10.09090909090909
16,4,Kent Bazemore,0.0,POR,DEN,7.0,216.5,104.8,16,9.3,18.8,27.5,SG/SF,4800,1,17.0,9.0,100,100,-4%,8,8,7,29,25,23,18.8,18.5,10.8,26.3,30.0,15.8,3.3,23.0,4.79,21.9,30.5,4.6,22.45,4.695,25.666666666666668,7.666666666666667,19.369999999999997,18.533333333333335,26.6775974025974
16,5,Marco Belinelli,0.0,SA,CLE,-12.0,218.5,115.3,11,4.8,12.7,18.0,SG/SF,3200,5,18.0,7.0,101,112,7%,4,5,6,17,16,17,14.3,10.8,6.3,15.4,20.3,10.8,3.4,8.5,2.66,8.5,11.0,2.7,8.5,2.68,16.666666666666668,5.0,11.059999999999999,11.833333333333334,5.61
16,6,Dwight Powell,0.0,DAL,DET,-7.5,217.0,112.3,12,13.0,23.2,43.3,C,4500,3,12.0,14.0,101,107,10%,3,6,5,22,26,27,23.1,19.1,10.3,28.0,31.1,27.0,6.0,21.5,4.78,19.6,25.5,4.4,20.55,4.59,25.0,4.666666666666667,20.21,26.5,20.961000000000002
16,7,Derrick White,0.0,SA,CLE,-12.0,218.5,115.3,23,3.8,17.4,26.8,PG/SG,4100,5,18.0,13.0,101,112,9%,8,8,8,24,24,24,17.1,19.7,12.1,27.3,31.7,27.0,6.6,20.5,5.0,19.1,22.0,4.7,19.8,4.85,24.0,8.0,19.199999999999996,16.0,18.150000000000002
17,0,Damian Lillard,0.0,POR,DEN,7.0,216.5,104.8,7,31.0,43.6,51.5,PG,8500,1,29.0,25.0,100,100,-10%,20,17,19,34,35,37,43.6,47.3,37.4,57.2,37.5,35.5,4.2,44.0,5.18,41.3,36.5,4.9,42.65,5.04,35.333333333333336,18.666666666666668,45.63000000000001,42.03333333333333,44.05825471698113
17,1,Brad Wanamaker,0.0,BOS,PHI,-1.0,212.5,106.8,11,6.5,16.0,24.0,PG/SG,3100,0,19.0,16.0,102,101,-8%,8,6,5,23,21,19,15.9,16.5,9.0,23.9,15.2,6.5,2.1,18.8,6.05,17.1,21.5,5.5,17.950000000000003,5.775,21.0,6.333333333333333,16.65,15.5,18.377380952380957
17,2,Dorian Finney-Smith,0.0,DAL,DET,-7.5,217.0,112.3,8,13.3,18.7,29.5,SF/PF,4000,3,13.0,12.0,101,107,0%,7,7,7,28,28,27,18.6,18.8,11.8,25.8,31.1,17.8,4.5,19.8,4.94,20.8,30.5,5.2,20.3,5.07,27.666666666666668,7.0,19.06,20.5,22.378915662650602
17,3,Torrey Craig,0.0,DEN,POR,-7.0,216.5,111.8,7,0.0,6.1,23.8,SG/SF,3000,1,12.0,8.0,105,108,1%,1,2,3,7,8,13,6.1,9.3,0.8,17.7,14.3,8.0,2.7,5.0,1.67,0.0,0.0,0.0,2.5,0.835,9.333333333333334,2.0,7.279999999999999,9.966666666666667,0.0
17,4,Josh Richardson,0.0,PHI,BOS,1.0,212.5,105.8,19,6.8,24.1,44.3,SG/SF,5300,1,22.0,14.0,102,101,-2%,17,15,13,31,31,33,34.1,30.1,21.6,38.6,25.9,28.0,5.3,23.5,4.43,21.2,24.5,4.0,22.35,4.215,31.666666666666668,15.0,29.35,25.066666666666666,17.291842105263157
17,5,Luke Kennard,0.0,DET,DAL,7.5,217.0,104.8,22,20.8,26.3,32.8,SG/SF,5500,2,21.0,16.0,102,106,-1%,10,12,13,29,31,33,25.9,29.0,20.3,37.7,33.6,17.0,3.1,26.5,4.82,25.9,31.5,4.7,26.2,4.76,31.0,11.666666666666666,27.82,26.633333333333336,26.62258064516129
17,6,Enes Kanter,0.0,BOS,PHI,-1.0,212.5,106.8,10,3.3,15.6,27.8,C,3700,0,18.0,23.0,102,101,-15%,5,4,5,16,14,16,15.6,17.9,10.2,25.7,24.3,39.3,10.6,17.5,4.73,14.9,15.5,4.0,16.2,4.365,15.333333333333334,4.666666666666667,17.12,15.566666666666668,16.37608695652174
17,7,Jerami Grant,0.0,DEN,POR,-7.0,216.5,111.8,30,11.5,17.3,22.5,PF/C,3900,1,18.0,12.0,105,108,5%,7,6,8,22,20,22,17.3,17.3,10.3,24.3,31.3,32.8,8.4,17.8,4.55,19.1,22.5,4.9,18.450000000000003,4.725,21.333333333333332,7.0,17.53,17.099999999999998,19.458984375000004
18,0,Anfernee Simons,0.0,POR,DEN,7.0,216.5,104.8,7,8.0,18.8,28.8,PG/SG,3900,1,20.0,12.0,100,100,-4%,8,8,9,26,22,22,18.8,16.5,8.8,24.3,22.3,14.5,3.7,16.0,4.1,16.8,24.5,4.3,16.4,4.199999999999999,23.333333333333332,8.333333333333334,16.959999999999997,18.533333333333335,17.22
18,1,Jalen Brunson,0.0,DAL,DET,-7.5,217.0,112.3,6,0.0,12.2,26.5,PG/SG,3300,3,21.0,17.0,101,107,2%,4,4,6,11,11,16,12.2,15.1,5.7,24.5,15.2,14.3,4.3,13.5,4.09,11.3,12.5,3.4,12.4,3.745,12.666666666666666,4.666666666666667,13.98,12.9,12.23684210526316
18,2,Jerami Grant,0.0,DEN,POR,-7.0,216.5,111.8,30,11.5,17.3,22.5,PF/C,3900,1,18.0,12.0,105,108,5%,7,6,8,22,20,22,17.3,17.3,10.3,24.3,31.3,32.8,8.4,17.8,4.55,19.1,22.5,4.9,18.450000000000003,4.725,21.333333333333332,7.0,17.53,17.099999999999998,19.458984375000004
18,3,Carmelo Anthony,0.0,POR,DEN,7.0,216.5,104.8,13,19.5,24.9,28.8,SF/PF,5800,1,24.0,12.0,100,100,-7%,16,14,15,30,32,31,24.9,27.7,18.3,37.1,36.7,40.8,7.0,27.3,4.7,28.0,34.5,4.8,27.65,4.75,31.0,15.0,27.129999999999995,24.400000000000002,30.771774193548385
18,4,Josh Richardson,0.0,PHI,BOS,1.0,212.5,105.8,19,6.8,24.1,44.3,SG/SF,5300,1,22.0,14.0,102,101,-2%,17,15,13,31,31,33,34.1,30.1,21.6,38.6,25.9,28.0,5.3,23.5,4.43,21.2,24.5,4.0,22.35,4.215,31.666666666666668,15.0,29.35,25.066666666666666,17.291842105263157
18,5,Ben Simmons,0.0,PHI,BOS,1.0,212.5,105.8,3,28.8,42.3,54.3,PG/SF,7600,1,22.0,19.0,102,101,-12%,9,10,11,38,34,35,42.7,41.3,33.7,48.8,36.5,25.5,3.4,40.8,5.36,40.3,36.0,5.3,40.55,5.33,35.666666666666664,10.0,41.410000000000004,41.8,40.92897196261682
18,6,Kevin Love,0.0,CLE,SA,12.0,218.5,103.3,13,15.3,26.3,37.8,PF/C,6200,0,23.0,18.0,103,111,2%,13,11,12,29,27,31,26.6,36.2,23.5,48.8,38.6,56.8,9.2,31.8,5.12,31.3,28.5,5.0,31.55,5.0600000000000005,29.0,12.0,33.33,26.46666666666667,31.006034482758622
18,7,Jaylen Brown,0.0,BOS,PHI,-1.0,212.5,106.8,10,33.8,38.5,41.5,SG/SF,6600,0,23.0,19.0,102,101,-9%,14,16,15,33,34,34,38.5,36.1,27.0,45.3,41.0,17.8,2.7,31.5,4.77,32.6,34.5,4.9,32.05,4.835,33.666666666666664,15.0,35.79,37.93333333333333,32.84331683168317
19,0,Derrick Rose,0.0,DET,DAL,7.5,217.0,104.8,2,25.5,29.7,33.5,PG/SG,5700,2,32.0,22.0,102,106,-12%,17,14,13,27,24,24,30.4,28.9,21.1,36.8,25.8,30.0,5.3,28.0,4.91,26.3,25.5,4.6,27.15,4.755,25.0,14.666666666666666,28.869999999999997,29.566666666666666,27.692999999999998
19,1,Bruce Brown Jr.,0.0,DET,DAL,7.5,217.0,104.8,2,8.3,19.9,26.3,PG/SG,3900,2,17.0,10.0,102,106,-1%,7,7,7,25,23,26,19.8,20.3,9.7,30.9,22.2,19.5,5.0,19.3,4.94,16.1,24.0,4.1,17.700000000000003,4.52,24.666666666666668,7.0,19.68,18.166666666666668,17.221621621621622
19,2,Carmelo Anthony,0.0,POR,DEN,7.0,216.5,104.8,13,19.5,24.9,28.8,SF/PF,5800,1,24.0,12.0,100,100,-7%,16,14,15,30,32,31,24.9,27.7,18.3,37.1,36.7,40.8,7.0,27.3,4.7,28.0,34.5,4.8,27.65,4.75,31.0,15.0,27.129999999999995,24.400000000000002,30.771774193548385
19,3,Ben Simmons,0.0,PHI,BOS,1.0,212.5,105.8,3,28.8,42.3,54.3,PG/SF,7600,1,22.0,19.0,102,101,-12%,9,10,11,38,34,35,42.7,41.3,33.7,48.8,36.5,25.5,3.4,40.8,5.36,40.3,36.0,5.3,40.55,5.33,35.666666666666664,10.0,41.410000000000004,41.8,40.92897196261682
19,4,Kent Bazemore,0.0,POR,DEN,7.0,216.5,104.8,16,9.3,18.8,27.5,SG/SF,4800,1,17.0,9.0,100,100,-4%,8,8,7,29,25,23,18.8,18.5,10.8,26.3,30.0,15.8,3.3,23.0,4.79,21.9,30.5,4.6,22.45,4.695,25.666666666666668,7.666666666666667,19.369999999999997,18.533333333333335,26.6775974025974
19,5,Kevin Love,0.0,CLE,SA,12.0,218.5,103.3,13,15.3,26.3,37.8,PF/C,6200,0,23.0,18.0,103,111,2%,13,11,12,29,27,31,26.6,36.2,23.5,48.8,38.6,56.8,9.2,31.8,5.12,31.3,28.5,5.0,31.55,5.0600000000000005,29.0,12.0,33.33,26.46666666666667,31.006034482758622
19,6,Kristaps Porzingis,0.0,DAL,DET,-7.5,217.0,112.3,18,24.5,26.3,29.5,PF/C,6400,3,25.0,16.0,101,107,10%,12,11,15,28,30,31,26.7,35.5,24.5,46.5,29.5,37.5,5.9,34.0,5.31,36.6,32.5,5.7,35.3,5.505,29.666666666666668,12.666666666666666,33.7,26.766666666666666,38.67134831460674
19,7,Matthew Dellavedova,0.0,CLE,SA,12.0,218.5,103.3,13,2.0,8.1,14.0,PG/SG,3100,0,15.0,6.0,103,111,5%,3,3,3,17,12,13,8.1,8.2,3.9,12.5,15.3,12.0,3.9,7.8,2.5,8.7,12.5,2.8,8.25,2.65,14.0,3.0,8.19,8.033333333333333,7.366071428571429
21,0,Seth Curry,0.0,DAL,DET,-7.5,217.0,112.3,6,4.3,16.8,27.5,PG/SG,3400,3,16.0,12.0,101,107,-8%,5,7,6,20,22,22,16.8,15.2,6.9,23.5,33.5,50.3,14.8,13.5,3.97,13.2,19.5,3.9,13.35,3.935,21.333333333333332,6.0,15.15,16.2,12.202734375000002
21,1,Tim Hardaway Jr.,0.0,DAL,DET,-7.5,217.0,112.3,21,11.3,22.8,39.8,SG/SF,5200,3,20.0,16.0,101,107,0%,12,10,10,28,28,25,22.8,20.9,10.4,31.5,25.4,7.3,1.4,24.5,4.71,25.2,31.0,4.8,24.85,4.755,27.0,10.666666666666666,22.090000000000003,24.633333333333336,28.53148148148148
21,2,Mario Hezonja,0.0,POR,DEN,7.0,216.5,104.8,13,3.5,9.5,20.5,SF/PF,3300,1,14.0,8.0,100,100,-4%,4,3,4,16,13,17,9.4,13.1,4.9,21.4,13.8,2.5,0.8,9.8,2.95,8.7,12.0,2.6,9.25,2.7750000000000004,15.333333333333334,3.6666666666666665,11.61,11.166666666666666,7.239130434782609
21,3,Furkan Korkmaz,0.0,PHI,BOS,1.0,212.5,105.8,19,9.0,12.4,16.5,SG/SF,3400,1,16.0,9.0,102,101,-5%,5,5,7,22,21,23,12.4,14.9,7.5,22.3,8.4,11.3,3.3,12.3,3.6,11.7,18.5,3.4,12.0,3.5,22.0,5.666666666666667,13.819999999999999,12.633333333333333,10.09090909090909
21,4,Luka Doncic,0.0,DAL,DET,-7.5,217.0,112.3,6,37.8,51.5,65.0,PG/SF,11400,3,39.0,32.0,101,107,2%,20,20,20,31,31,34,51.5,59.2,45.5,72.9,33.6,78.5,6.9,55.3,4.85,60.1,35.0,5.3,57.7,5.074999999999999,32.0,20.0,57.36,51.43333333333334,63.109375
21,5,Carmelo Anthony,0.0,POR,DEN,7.0,216.5,104.8,13,19.5,24.9,28.8,SF/PF,5800,1,24.0,12.0,100,100,-7%,16,14,15,30,32,31,24.9,27.7,18.3,37.1,36.7,40.8,7.0,27.3,4.7,28.0,34.5,4.8,27.65,4.75,31.0,15.0,27.129999999999995,24.400000000000002,30.771774193548385
21,6,LaMarcus Aldridge,0.0,SA,CLE,-12.0,218.5,115.3,15,32.5,40.2,47.5,PF/C,7000,5,23.0,21.0,101,112,4%,16,17,16,33,34,34,40.2,37.1,27.3,47.0,39.2,37.0,5.3,37.8,5.39,37.4,32.5,5.3,37.599999999999994,5.345,33.666666666666664,16.333333333333332,37.84,40.06666666666667,36.29702970297029
21,7,Gary Trent Jr.,0.0,POR,DEN,7.0,216.5,104.8,16,3.0,9.0,24.8,SG,3000,1,0.0,0.0,100,100,-4%,5,4,3,9,9,9,8.9,6.8,-0.3,13.9,4.7,1.3,0.4,2.8,0.92,0.0,0.0,0.0,1.4,0.46,9.0,4.0,6.14,12.266666666666666,0.0
22,0,Darius Garland,0.0,CLE,SA,12.0,218.5,103.3,13,7.8,16.1,28.3,PG,4300,0,22.0,7.0,103,111,5%,10,11,11,23,27,28,16.1,18.2,11.2,25.2,25.1,17.8,4.1,19.8,4.59,19.0,27.5,4.4,19.4,4.495,26.0,10.666666666666666,18.02,17.400000000000002,20.519230769230766
22,1,Tony Snell,0.0,DET,DAL,7.5,217.0,104.8,22,5.8,9.5,13.8,SG/SF,3100,2,11.0,10.0,102,106,-1%,4,4,6,25,23,26,9.5,14.5,7.5,21.4,28.3,15.3,4.9,14.8,4.76,13.4,25.0,4.3,14.100000000000001,4.529999999999999,24.666666666666668,4.666666666666667,13.4,9.700000000000001,14.290540540540542
22,2,Rudy Gay,0.0,SA,CLE,-12.0,218.5,115.3,24,16.0,22.8,30.3,SF/PF,4700,5,22.0,16.0,101,112,8%,11,11,9,22,25,23,22.8,23.3,16.1,30.5,21.3,18.8,4.0,22.8,4.84,22.2,22.0,4.7,22.5,4.77,23.333333333333332,10.333333333333334,23.04,23.03333333333333,21.214285714285715
22,3,Justin Jackson,0.0,DAL,DET,-7.5,217.0,112.3,8,7.3,12.8,17.8,SF/PF,3200,3,17.0,14.0,101,107,0%,8,8,5,21,18,14,12.8,11.2,3.7,18.7,20.6,6.0,1.9,11.0,3.44,11.3,15.0,3.5,11.15,3.4699999999999998,17.666666666666668,7.0,11.510000000000002,12.633333333333335,9.466981132075473
22,4,Tim Hardaway Jr.,0.0,DAL,DET,-7.5,217.0,112.3,21,11.3,22.8,39.8,SG/SF,5200,3,20.0,16.0,101,107,0%,12,10,10,28,28,25,22.8,20.9,10.4,31.5,25.4,7.3,1.4,24.5,4.71,25.2,31.0,4.8,24.85,4.755,27.0,10.666666666666666,22.090000000000003,24.633333333333336,28.53148148148148
22,5,Tobias Harris,0.0,PHI,BOS,1.0,212.5,105.8,1,24.0,39.6,49.3,SF/PF,6900,1,24.0,17.0,102,101,-2%,20,21,16,37,37,35,41.0,36.6,28.8,44.3,32.8,50.0,7.2,34.0,4.93,35.9,35.5,5.2,34.95,5.0649999999999995,36.333333333333336,19.0,37.129999999999995,37.63333333333333,34.148394495412845
22,6,Christian Wood,0.0,DET,DAL,7.5,217.0,104.8,8,13.0,22.4,49.0,PF/C,4000,2,21.0,24.0,102,106,0%,5,7,5,16,18,15,22.8,17.8,4.9,30.7,13.6,21.5,5.4,16.8,4.19,14.1,13.0,3.5,15.45,3.845,16.333333333333332,5.666666666666667,18.330000000000002,28.133333333333336,12.296938775510204
22,7,Kemba Walker,0.0,BOS,PHI,-1.0,212.5,106.8,11,33.5,45.8,64.8,PG,7700,0,29.0,22.0,102,101,-8%,21,18,18,32,32,33,45.8,41.4,29.7,53.0,36.3,46.3,6.0,38.3,4.97,37.4,33.0,4.9,37.849999999999994,4.9350000000000005,32.333333333333336,19.0,41.55,48.03333333333333,38.630412371134014
24,0,Darius Garland,0.0,CLE,SA,12.0,218.5,103.3,13,7.8,16.1,28.3,PG,4300,0,22.0,7.0,103,111,5%,10,11,11,23,27,28,16.1,18.2,11.2,25.2,25.1,17.8,4.1,19.8,4.59,19.0,27.5,4.4,19.4,4.495,26.0,10.666666666666666,18.02,17.400000000000002,20.519230769230766
24,1,Gary Trent Jr.,0.0,POR,DEN,7.0,216.5,104.8,16,3.0,9.0,24.8,SG,3000,1,0.0,0.0,100,100,-4%,5,4,3,9,9,9,8.9,6.8,-0.3,13.9,4.7,1.3,0.4,2.8,0.92,0.0,0.0,0.0,1.4,0.46,9.0,4.0,6.14,12.266666666666666,0.0
24,2,Mario Hezonja,0.0,POR,DEN,7.0,216.5,104.8,13,3.5,9.5,20.5,SF/PF,3300,1,14.0,8.0,100,100,-4%,4,3,4,16,13,17,9.4,13.1,4.9,21.4,13.8,2.5,0.8,9.8,2.95,8.7,12.0,2.6,9.25,2.7750000000000004,15.333333333333334,3.6666666666666665,11.61,11.166666666666666,7.239130434782609
24,3,Carmelo Anthony,0.0,POR,DEN,7.0,216.5,104.8,13,19.5,24.9,28.8,SF/PF,5800,1,24.0,12.0,100,100,-7%,16,14,15,30,32,31,24.9,27.7,18.3,37.1,36.7,40.8,7.0,27.3,4.7,28.0,34.5,4.8,27.65,4.75,31.0,15.0,27.129999999999995,24.400000000000002,30.771774193548385
24,4,Langston Galloway,0.0,DET,DAL,7.5,217.0,104.8,2,12.0,19.4,24.8,PG/SG,3700,2,16.0,14.0,102,106,-1%,9,8,9,24,26,28,18.7,20.0,13.1,26.9,20.3,4.8,1.3,16.0,4.32,14.8,22.5,4.0,15.4,4.16,26.0,8.666666666666666,18.82,18.733333333333334,13.326923076923077
24,5,Daniel Theis,0.0,BOS,PHI,-1.0,212.5,106.8,17,9.0,18.4,31.0,PF/C,4000,0,14.0,15.0,102,101,-10%,7,5,6,24,21,23,18.1,21.4,13.2,29.5,23.7,26.3,6.6,19.3,4.81,19.5,24.0,4.9,19.4,4.855,22.666666666666668,6.0,20.32,19.466666666666665,20.541176470588233
24,6,Joel Embiid,0.0,PHI,BOS,1.0,212.5,105.8,8,29.5,46.8,60.8,C,9500,1,31.0,24.0,102,101,-6%,13,13,16,31,32,31,46.4,47.3,34.5,60.2,36.1,66.8,7.0,51.8,5.45,51.3,32.5,5.4,51.55,5.425000000000001,31.333333333333332,14.0,47.989999999999995,45.699999999999996,53.46941489361702
24,7,Svi Mykhailiuk,0.0,DET,DAL,7.5,217.0,104.8,22,4.3,15.3,25.5,SG/SF,3300,2,14.0,9.0,102,106,5%,4,7,5,14,21,17,15.3,10.4,3.7,17.1,12.1,2.8,0.8,8.5,2.58,8.4,14.5,2.5,8.45,2.54,17.333333333333332,5.333333333333333,10.99,15.033333333333333,7.06875
25,0,Derrick White,0.0,SA,CLE,-12.0,218.5,115.3,23,3.8,17.4,26.8,PG/SG,4100,5,18.0,13.0,101,112,9%,8,8,8,24,24,24,17.1,19.7,12.1,27.3,31.7,27.0,6.6,20.5,5.0,19.1,22.0,4.7,19.8,4.85,24.0,8.0,19.199999999999996,16.0,18.150000000000002
25,1,Jaylen Brown,0.0,BOS,PHI,-1.0,212.5,106.8,10,33.8,38.5,41.5,SG/SF,6600,0,23.0,19.0,102,101,-9%,14,16,15,33,34,34,38.5,36.1,27.0,45.3,41.0,17.8,2.7,31.5,4.77,32.6,34.5,4.9,32.05,4.835,33.666666666666664,15.0,35.79,37.93333333333333,32.84331683168317
25,2,LaMarcus Aldridge,0.0,SA,CLE,-12.0,218.5,115.3,15,32.5,40.2,47.5,PF/C,7000,5,23.0,21.0,101,112,4%,16,17,16,33,34,34,40.2,37.1,27.3,47.0,39.2,37.0,5.3,37.8,5.39,37.4,32.5,5.3,37.599999999999994,5.345,33.666666666666664,16.333333333333332,37.84,40.06666666666667,36.29702970297029
25,3,Luke Kennard,0.0,DET,DAL,7.5,217.0,104.8,22,20.8,26.3,32.8,SG/SF,5500,2,21.0,16.0,102,106,-1%,10,12,13,29,31,33,25.9,29.0,20.3,37.7,33.6,17.0,3.1,26.5,4.82,25.9,31.5,4.7,26.2,4.76,31.0,11.666666666666666,27.82,26.633333333333336,26.62258064516129
25,4,Brad Wanamaker,0.0,BOS,PHI,-1.0,212.5,106.8,11,6.5,16.0,24.0,PG/SG,3100,0,19.0,16.0,102,101,-8%,8,6,5,23,21,19,15.9,16.5,9.0,23.9,15.2,6.5,2.1,18.8,6.05,17.1,21.5,5.5,17.950000000000003,5.775,21.0,6.333333333333333,16.65,15.5,18.377380952380957
25,5,Carmelo Anthony,0.0,POR,DEN,7.0,216.5,104.8,13,19.5,24.9,28.8,SF/PF,5800,1,24.0,12.0,100,100,-7%,16,14,15,30,32,31,24.9,27.7,18.3,37.1,36.7,40.8,7.0,27.3,4.7,28.0,34.5,4.8,27.65,4.75,31.0,15.0,27.129999999999995,24.400000000000002,30.771774193548385
25,6,Kristaps Porzingis,0.0,DAL,DET,-7.5,217.0,112.3,18,24.5,26.3,29.5,PF/C,6400,3,25.0,16.0,101,107,10%,12,11,15,28,30,31,26.7,35.5,24.5,46.5,29.5,37.5,5.9,34.0,5.31,36.6,32.5,5.7,35.3,5.505,29.666666666666668,12.666666666666666,33.7,26.766666666666666,38.67134831460674
25,7,Collin Sexton,0.0,CLE,SA,12.0,218.5,103.3,13,14.5,23.2,34.5,PG/SG,5400,0,26.0,14.0,103,111,5%,14,15,16,29,29,30,23.2,26.3,19.8,32.7,35.1,35.5,6.6,25.5,4.72,25.9,30.5,4.8,25.7,4.76,29.333333333333332,15.0,25.54,24.066666666666666,26.72215909090909
26,0,Darius Garland,0.0,CLE,SA,12.0,218.5,103.3,13,7.8,16.1,28.3,PG,4300,0,22.0,7.0,103,111,5%,10,11,11,23,27,28,16.1,18.2,11.2,25.2,25.1,17.8,4.1,19.8,4.59,19.0,27.5,4.4,19.4,4.495,26.0,10.666666666666666,18.02,17.400000000000002,20.519230769230766
26,1,Patty Mills,0.0,SA,CLE,-12.0,218.5,115.3,23,5.5,18.3,26.0,PG/SG,4100,5,19.0,15.0,101,112,9%,10,9,9,34,27,23,18.3,19.0,10.4,27.6,28.3,17.3,4.2,19.8,4.82,19.5,24.0,4.8,19.65,4.8100000000000005,28.0,9.333333333333334,18.990000000000002,16.599999999999998,16.84285714285714
26,2,Jerami Grant,0.0,DEN,POR,-7.0,216.5,111.8,30,11.5,17.3,22.5,PF/C,3900,1,18.0,12.0,105,108,5%,7,6,8,22,20,22,17.3,17.3,10.3,24.3,31.3,32.8,8.4,17.8,4.55,19.1,22.5,4.9,18.450000000000003,4.725,21.333333333333332,7.0,17.53,17.099999999999998,19.458984375000004
26,3,Jaylen Brown,0.0,BOS,PHI,-1.0,212.5,106.8,10,33.8,38.5,41.5,SG/SF,6600,0,23.0,19.0,102,101,-9%,14,16,15,33,34,34,38.5,36.1,27.0,45.3,41.0,17.8,2.7,31.5,4.77,32.6,34.5,4.9,32.05,4.835,33.666666666666664,15.0,35.79,37.93333333333333,32.84331683168317
26,4,Anfernee Simons,0.0,POR,DEN,7.0,216.5,104.8,7,8.0,18.8,28.8,PG/SG,3900,1,20.0,12.0,100,100,-4%,8,8,9,26,22,22,18.8,16.5,8.8,24.3,22.3,14.5,3.7,16.0,4.1,16.8,24.5,4.3,16.4,4.199999999999999,23.333333333333332,8.333333333333334,16.959999999999997,18.533333333333335,17.22
26,5,Ben Simmons,0.0,PHI,BOS,1.0,212.5,105.8,3,28.8,42.3,54.3,PG/SF,7600,1,22.0,19.0,102,101,-12%,9,10,11,38,34,35,42.7,41.3,33.7,48.8,36.5,25.5,3.4,40.8,5.36,40.3,36.0,5.3,40.55,5.33,35.666666666666664,10.0,41.410000000000004,41.8,40.92897196261682
26,6,LaMarcus Aldridge,0.0,SA,CLE,-12.0,218.5,115.3,15,32.5,40.2,47.5,PF/C,7000,5,23.0,21.0,101,112,4%,16,17,16,33,34,34,40.2,37.1,27.3,47.0,39.2,37.0,5.3,37.8,5.39,37.4,32.5,5.3,37.599999999999994,5.345,33.666666666666664,16.333333333333332,37.84,40.06666666666667,36.29702970297029
26,7,Dejounte Murray,0.0,SA,CLE,-12.0,218.5,115.3,23,15.8,21.6,31.3,PG,5600,5,23.0,17.0,101,112,9%,9,8,8,25,23,23,21.8,26.3,16.2,36.4,17.0,26.0,4.6,30.5,5.45,29.7,26.0,5.3,30.1,5.375,23.666666666666668,8.333333333333334,26.160000000000004,22.900000000000002,33.06760563380282
27,0,Derrick White,0.0,SA,CLE,-12.0,218.5,115.3,23,3.8,17.4,26.8,PG/SG,4100,5,18.0,13.0,101,112,9%,8,8,8,24,24,24,17.1,19.7,12.1,27.3,31.7,27.0,6.6,20.5,5.0,19.1,22.0,4.7,19.8,4.85,24.0,8.0,19.199999999999996,16.0,18.150000000000002
27,1,Jaylen Brown,0.0,BOS,PHI,-1.0,212.5,106.8,10,33.8,38.5,41.5,SG/SF,6600,0,23.0,19.0,102,101,-9%,14,16,15,33,34,34,38.5,36.1,27.0,45.3,41.0,17.8,2.7,31.5,4.77,32.6,34.5,4.9,32.05,4.835,33.666666666666664,15.0,35.79,37.93333333333333,32.84331683168317
27,2,LaMarcus Aldridge,0.0,SA,CLE,-12.0,218.5,115.3,15,32.5,40.2,47.5,PF/C,7000,5,23.0,21.0,101,112,4%,16,17,16,33,34,34,40.2,37.1,27.3,47.0,39.2,37.0,5.3,37.8,5.39,37.4,32.5,5.3,37.599999999999994,5.345,33.666666666666664,16.333333333333332,37.84,40.06666666666667,36.29702970297029
27,3,Kevin Porter Jr.,0.0,CLE,SA,12.0,218.5,103.3,30,18.0,24.3,39.0,SG/SF,3600,0,18.0,8.0,103,111,5%,12,9,7,26,24,21,24.3,16.6,8.4,24.7,15.5,12.5,3.5,19.0,5.28,19.7,26.5,5.5,19.35,5.390000000000001,23.666666666666668,9.333333333333334,18.670000000000005,27.099999999999998,21.666549295774647
27,4,Patty Mills,0.0,SA,CLE,-12.0,218.5,115.3,23,5.5,18.3,26.0,PG/SG,4100,5,19.0,15.0,101,112,9%,10,9,9,34,27,23,18.3,19.0,10.4,27.6,28.3,17.3,4.2,19.8,4.82,19.5,24.0,4.8,19.65,4.8100000000000005,28.0,9.333333333333334,18.990000000000002,16.599999999999998,16.84285714285714
27,5,Tobias Harris,0.0,PHI,BOS,1.0,212.5,105.8,1,24.0,39.6,49.3,SF/PF,6900,1,24.0,17.0,102,101,-2%,20,21,16,37,37,35,41.0,36.6,28.8,44.3,32.8,50.0,7.2,34.0,4.93,35.9,35.5,5.2,34.95,5.0649999999999995,36.333333333333336,19.0,37.129999999999995,37.63333333333333,34.148394495412845
27,6,Hassan Whiteside,0.0,POR,DEN,7.0,216.5,104.8,20,35.8,45.6,59.0,C,8100,1,20.0,26.0,100,100,-1%,10,11,10,29,30,28,45.6,38.8,29.1,48.5,35.1,59.8,7.4,40.3,4.97,41.1,30.5,5.1,40.7,5.035,29.0,10.333333333333334,40.54,46.800000000000004,42.8051724137931
27,7,Damian Lillard,0.0,POR,DEN,7.0,216.5,104.8,7,31.0,43.6,51.5,PG,8500,1,29.0,25.0,100,100,-10%,20,17,19,34,35,37,43.6,47.3,37.4,57.2,37.5,35.5,4.2,44.0,5.18,41.3,36.5,4.9,42.65,5.04,35.333333333333336,18.666666666666668,45.63000000000001,42.03333333333333,44.05825471698113
28,0,CJ McCollum,0.0,POR,DEN,7.0,216.5,104.8,7,24.0,34.9,55.5,PG/SG,6800,1,26.0,16.0,100,100,-4%,18,17,20,35,36,37,35.4,36.9,24.5,49.2,36.6,20.5,3.0,33.0,4.85,33.4,36.5,4.9,33.2,4.875,36.0,18.333333333333332,35.839999999999996,38.13333333333333,33.66111111111111
28,1,Brad Wanamaker,0.0,BOS,PHI,-1.0,212.5,106.8,11,6.5,16.0,24.0,PG/SG,3100,0,19.0,16.0,102,101,-8%,8,6,5,23,21,19,15.9,16.5,9.0,23.9,15.2,6.5,2.1,18.8,6.05,17.1,21.5,5.5,17.950000000000003,5.775,21.0,6.333333333333333,16.65,15.5,18.377380952380957
28,2,LaMarcus Aldridge,0.0,SA,CLE,-12.0,218.5,115.3,15,32.5,40.2,47.5,PF/C,7000,5,23.0,21.0,101,112,4%,16,17,16,33,34,34,40.2,37.1,27.3,47.0,39.2,37.0,5.3,37.8,5.39,37.4,32.5,5.3,37.599999999999994,5.345,33.666666666666664,16.333333333333332,37.84,40.06666666666667,36.29702970297029
28,3,Luka Doncic,0.0,DAL,DET,-7.5,217.0,112.3,6,37.8,51.5,65.0,PG/SF,11400,3,39.0,32.0,101,107,2%,20,20,20,31,31,34,51.5,59.2,45.5,72.9,33.6,78.5,6.9,55.3,4.85,60.1,35.0,5.3,57.7,5.074999999999999,32.0,20.0,57.36,51.43333333333334,63.109375
28,4,Monte Morris,0.0,DEN,POR,-7.0,216.5,111.8,14,10.5,19.2,35.8,PG,3900,1,21.0,14.0,105,108,3%,9,7,7,23,20,18,19.1,15.9,7.0,24.7,19.8,27.3,7.0,15.5,3.97,15.8,17.0,4.1,15.65,4.035,20.333333333333332,7.666666666666667,16.470000000000002,21.833333333333332,13.084426229508198
28,5,Jaylen Brown,0.0,BOS,PHI,-1.0,212.5,106.8,10,33.8,38.5,41.5,SG/SF,6600,0,23.0,19.0,102,101,-9%,14,16,15,33,34,34,38.5,36.1,27.0,45.3,41.0,17.8,2.7,31.5,4.77,32.6,34.5,4.9,32.05,4.835,33.666666666666664,15.0,35.79,37.93333333333333,32.84331683168317
28,6,Dwight Powell,0.0,DAL,DET,-7.5,217.0,112.3,12,13.0,23.2,43.3,C,4500,3,12.0,14.0,101,107,10%,3,6,5,22,26,27,23.1,19.1,10.3,28.0,31.1,27.0,6.0,21.5,4.78,19.6,25.5,4.4,20.55,4.59,25.0,4.666666666666667,20.21,26.5,20.961000000000002
28,7,Michael Porter Jr.,0.0,DEN,POR,-7.0,216.5,111.8,5,3.5,10.7,13.5,SF/PF,3200,1,0.0,0.0,105,108,2%,7,5,4,11,9,9,10.7,8.8,3.0,14.5,10.0,6.8,2.1,7.5,2.34,11.7,12.0,3.7,9.6,3.02,9.666666666666666,5.333333333333333,9.32,9.233333333333333,11.917241379310344
29,0,Collin Sexton,0.0,CLE,SA,12.0,218.5,103.3,13,14.5,23.2,34.5,PG/SG,5400,0,26.0,14.0,103,111,5%,14,15,16,29,29,30,23.2,26.3,19.8,32.7,35.1,35.5,6.6,25.5,4.72,25.9,30.5,4.8,25.7,4.76,29.333333333333332,15.0,25.54,24.066666666666666,26.72215909090909
29,1,Gary Harris,0.0,DEN,POR,-7.0,216.5,111.8,7,12.3,18.7,28.0,SG,4600,1,16.0,10.0,105,108,1%,11,9,10,33,31,33,18.6,21.3,13.6,29.0,36.8,20.3,4.4,22.3,4.84,21.4,32.5,4.7,21.85,4.77,32.333333333333336,10.0,20.869999999999997,19.666666666666668,21.962628865979383
29,2,Skal Labissiere,0.0,POR,DEN,7.0,216.5,104.8,7,8.0,11.8,22.8,PF/C,3300,1,15.0,15.0,100,100,-7%,2,3,5,19,17,17,11.8,16.0,5.1,26.8,23.2,10.8,3.3,15.8,4.77,14.3,17.0,4.3,15.05,4.535,17.666666666666668,3.3333333333333335,14.95,14.200000000000001,14.482075471698113
29,3,Torrey Craig,0.0,DEN,POR,-7.0,216.5,111.8,7,0.0,6.1,23.8,SG/SF,3000,1,12.0,8.0,105,108,1%,1,2,3,7,8,13,6.1,9.3,0.8,17.7,14.3,8.0,2.7,5.0,1.67,0.0,0.0,0.0,2.5,0.835,9.333333333333334,2.0,7.279999999999999,9.966666666666667,0.0
29,4,Kent Bazemore,0.0,POR,DEN,7.0,216.5,104.8,16,9.3,18.8,27.5,SG/SF,4800,1,17.0,9.0,100,100,-4%,8,8,7,29,25,23,18.8,18.5,10.8,26.3,30.0,15.8,3.3,23.0,4.79,21.9,30.5,4.6,22.45,4.695,25.666666666666668,7.666666666666667,19.369999999999997,18.533333333333335,26.6775974025974
29,5,DeMar DeRozan,0.0,SA,CLE,-12.0,218.5,115.3,11,30.5,39.1,43.5,SG/SF,7300,5,27.0,20.0,101,112,7%,20,18,16,40,37,35,40.6,37.8,31.2,44.5,39.1,35.5,4.9,39.8,5.45,38.6,33.5,5.3,39.2,5.375,37.333333333333336,18.0,38.660000000000004,37.699999999999996,35.175000000000004
29,6,LaMarcus Aldridge,0.0,SA,CLE,-12.0,218.5,115.3,15,32.5,40.2,47.5,PF/C,7000,5,23.0,21.0,101,112,4%,16,17,16,33,34,34,40.2,37.1,27.3,47.0,39.2,37.0,5.3,37.8,5.39,37.4,32.5,5.3,37.599999999999994,5.345,33.666666666666664,16.333333333333332,37.84,40.06666666666667,36.29702970297029
29,7,Cedi Osman,0.0,CLE,SA,12.0,218.5,103.3,16,3.5,15.4,36.8,SF/PF,3800,0,15.0,10.0,103,111,7%,5,6,8,22,24,29,15.4,19.4,10.2,28.6,37.5,24.5,6.4,20.5,5.39,16.8,26.0,4.4,18.65,4.895,25.0,6.333333333333333,18.45,18.566666666666666,19.396
30,0,Monte Morris,0.0,DEN,POR,-7.0,216.5,111.8,14,10.5,19.2,35.8,PG,3900,1,21.0,14.0,105,108,3%,9,7,7,23,20,18,19.1,15.9,7.0,24.7,19.8,27.3,7.0,15.5,3.97,15.8,17.0,4.1,15.65,4.035,20.333333333333332,7.666666666666667,16.470000000000002,21.833333333333332,13.084426229508198
30,1,Luke Kennard,0.0,DET,DAL,7.5,217.0,104.8,22,20.8,26.3,32.8,SG/SF,5500,2,21.0,16.0,102,106,-1%,10,12,13,29,31,33,25.9,29.0,20.3,37.7,33.6,17.0,3.1,26.5,4.82,25.9,31.5,4.7,26.2,4.76,31.0,11.666666666666666,27.82,26.633333333333336,26.62258064516129
30,2,Kevin Love,0.0,CLE,SA,12.0,218.5,103.3,13,15.3,26.3,37.8,PF/C,6200,0,23.0,18.0,103,111,2%,13,11,12,29,27,31,26.6,36.2,23.5,48.8,38.6,56.8,9.2,31.8,5.12,31.3,28.5,5.0,31.55,5.0600000000000005,29.0,12.0,33.33,26.46666666666667,31.006034482758622
30,3,Luka Doncic,0.0,DAL,DET,-7.5,217.0,112.3,6,37.8,51.5,65.0,PG/SF,11400,3,39.0,32.0,101,107,2%,20,20,20,31,31,34,51.5,59.2,45.5,72.9,33.6,78.5,6.9,55.3,4.85,60.1,35.0,5.3,57.7,5.074999999999999,32.0,20.0,57.36,51.43333333333334,63.109375
30,4,Lonnie Walker IV,0.0,SA,CLE,-12.0,218.5,115.3,11,0.0,17.1,42.0,SG/SF,4200,5,0.0,0.0,101,112,7%,12,9,4,23,16,8,16.9,7.2,-3.7,18.1,24.1,16.0,3.8,11.5,2.74,12.7,13.5,3.0,12.1,2.87,15.666666666666666,8.333333333333334,10.120000000000001,19.7,10.426595744680851
30,5,Jerami Grant,0.0,DEN,POR,-7.0,216.5,111.8,30,11.5,17.3,22.5,PF/C,3900,1,18.0,12.0,105,108,5%,7,6,8,22,20,22,17.3,17.3,10.3,24.3,31.3,32.8,8.4,17.8,4.55,19.1,22.5,4.9,18.450000000000003,4.725,21.333333333333332,7.0,17.53,17.099999999999998,19.458984375000004
30,6,Joel Embiid,0.0,PHI,BOS,1.0,212.5,105.8,8,29.5,46.8,60.8,C,9500,1,31.0,24.0,102,101,-6%,13,13,16,31,32,31,46.4,47.3,34.5,60.2,36.1,66.8,7.0,51.8,5.45,51.3,32.5,5.4,51.55,5.425000000000001,31.333333333333332,14.0,47.989999999999995,45.699999999999996,53.46941489361702
30,7,Raul Neto,0.0,PHI,BOS,1.0,212.5,105.8,3,3.3,11.0,22.0,PG,3000,1,17.0,12.0,102,101,-12%,2,4,4,11,14,12,11.0,9.0,1.2,16.8,11.5,2.3,0.8,7.8,2.58,7.7,10.5,2.6,7.75,2.59,12.333333333333334,3.3333333333333335,9.15,12.1,6.597972972972973
31,0,Collin Sexton,0.0,CLE,SA,12.0,218.5,103.3,13,14.5,23.2,34.5,PG/SG,5400,0,26.0,14.0,103,111,5%,14,15,16,29,29,30,23.2,26.3,19.8,32.7,35.1,35.5,6.6,25.5,4.72,25.9,30.5,4.8,25.7,4.76,29.333333333333332,15.0,25.54,24.066666666666666,26.72215909090909
31,1,Anfernee Simons,0.0,POR,DEN,7.0,216.5,104.8,7,8.0,18.8,28.8,PG/SG,3900,1,20.0,12.0,100,100,-4%,8,8,9,26,22,22,18.8,16.5,8.8,24.3,22.3,14.5,3.7,16.0,4.1,16.8,24.5,4.3,16.4,4.199999999999999,23.333333333333332,8.333333333333334,16.959999999999997,18.533333333333335,17.22
31,2,Carmelo Anthony,0.0,POR,DEN,7.0,216.5,104.8,13,19.5,24.9,28.8,SF/PF,5800,1,24.0,12.0,100,100,-7%,16,14,15,30,32,31,24.9,27.7,18.3,37.1,36.7,40.8,7.0,27.3,4.7,28.0,34.5,4.8,27.65,4.75,31.0,15.0,27.129999999999995,24.400000000000002,30.771774193548385
31,3,Jordan Clarkson,0.0,CLE,SA,12.0,218.5,103.3,30,12.3,20.8,33.0,SG/SF,4400,0,27.0,18.0,103,111,5%,15,12,11,27,22,23,20.8,22.4,13.7,31.1,30.5,37.0,8.4,20.8,4.72,21.3,22.5,4.8,21.05,4.76,24.0,12.666666666666666,21.810000000000002,22.03333333333333,19.734375
31,4,Monte Morris,0.0,DEN,POR,-7.0,216.5,111.8,14,10.5,19.2,35.8,PG,3900,1,21.0,14.0,105,108,3%,9,7,7,23,20,18,19.1,15.9,7.0,24.7,19.8,27.3,7.0,15.5,3.97,15.8,17.0,4.1,15.65,4.035,20.333333333333332,7.666666666666667,16.470000000000002,21.833333333333332,13.084426229508198
31,5,Maxi Kleber,0.0,DAL,DET,-7.5,217.0,112.3,18,9.3,17.1,23.3,PF/C,3700,3,13.0,13.0,101,107,10%,6,5,6,15,20,24,17.4,18.8,11.8,25.8,18.3,10.3,2.8,17.5,4.73,16.9,22.0,4.6,17.2,4.665,19.666666666666668,5.666666666666667,18.2,16.566666666666666,19.240677966101693
31,6,Enes Kanter,0.0,BOS,PHI,-1.0,212.5,106.8,10,3.3,15.6,27.8,C,3700,0,18.0,23.0,102,101,-15%,5,4,5,16,14,16,15.6,17.9,10.2,25.7,24.3,39.3,10.6,17.5,4.73,14.9,15.5,4.0,16.2,4.365,15.333333333333334,4.666666666666667,17.12,15.566666666666668,16.37608695652174
31,7,Dwight Powell,0.0,DAL,DET,-7.5,217.0,112.3,12,13.0,23.2,43.3,C,4500,3,12.0,14.0,101,107,10%,3,6,5,22,26,27,23.1,19.1,10.3,28.0,31.1,27.0,6.0,21.5,4.78,19.6,25.5,4.4,20.55,4.59,25.0,4.666666666666667,20.21,26.5,20.961000000000002
32,0,Anfernee Simons,0.0,POR,DEN,7.0,216.5,104.8,7,8.0,18.8,28.8,PG/SG,3900,1,20.0,12.0,100,100,-4%,8,8,9,26,22,22,18.8,16.5,8.8,24.3,22.3,14.5,3.7,16.0,4.1,16.8,24.5,4.3,16.4,4.199999999999999,23.333333333333332,8.333333333333334,16.959999999999997,18.533333333333335,17.22
32,1,Brad Wanamaker,0.0,BOS,PHI,-1.0,212.5,106.8,11,6.5,16.0,24.0,PG/SG,3100,0,19.0,16.0,102,101,-8%,8,6,5,23,21,19,15.9,16.5,9.0,23.9,15.2,6.5,2.1,18.8,6.05,17.1,21.5,5.5,17.950000000000003,5.775,21.0,6.333333333333333,16.65,15.5,18.377380952380957
32,2,Larry Nance Jr.,0.0,CLE,SA,12.0,218.5,103.3,13,6.5,16.1,23.5,PF/C,4100,0,15.0,17.0,103,111,2%,3,5,7,19,24,26,16.1,23.7,14.1,33.3,28.9,14.8,3.6,21.0,5.12,19.0,20.0,4.6,20.0,4.859999999999999,23.0,5.0,21.439999999999998,15.366666666666667,17.391304347826086
32,3,Kevin Porter Jr.,0.0,CLE,SA,12.0,218.5,103.3,30,18.0,24.3,39.0,SG/SF,3600,0,18.0,8.0,103,111,5%,12,9,7,26,24,21,24.3,16.6,8.4,24.7,15.5,12.5,3.5,19.0,5.28,19.7,26.5,5.5,19.35,5.390000000000001,23.666666666666668,9.333333333333334,18.670000000000005,27.099999999999998,21.666549295774647
32,4,Will Barton,0.0,DEN,POR,-7.0,216.5,111.8,14,13.3,27.0,53.3,PG/SF,6300,1,20.0,17.0,105,108,1%,13,11,13,34,32,33,26.9,32.7,22.5,42.9,34.9,39.3,6.2,32.0,5.08,31.0,32.5,4.9,31.5,4.99,33.0,12.333333333333334,31.3,31.2,31.022727272727273
32,5,Tony Snell,0.0,DET,DAL,7.5,217.0,104.8,22,5.8,9.5,13.8,SG/SF,3100,2,11.0,10.0,102,106,-1%,4,4,6,25,23,26,9.5,14.5,7.5,21.4,28.3,15.3,4.9,14.8,4.76,13.4,25.0,4.3,14.100000000000001,4.529999999999999,24.666666666666668,4.666666666666667,13.4,9.700000000000001,14.290540540540542
32,6,Nikola Jokic,0.0,DEN,POR,-7.0,216.5,111.8,6,32.5,42.9,56.0,C,9000,1,26.0,20.0,105,108,7%,17,15,14,33,31,31,42.9,41.5,30.1,53.0,31.0,44.8,5.0,45.0,5.0,48.0,32.5,5.3,46.5,5.15,31.666666666666668,15.333333333333334,42.8,43.800000000000004,47.723684210526315
32,7,Langston Galloway,0.0,DET,DAL,7.5,217.0,104.8,2,12.0,19.4,24.8,PG/SG,3700,2,16.0,14.0,102,106,-1%,9,8,9,24,26,28,18.7,20.0,13.1,26.9,20.3,4.8,1.3,16.0,4.32,14.8,22.5,4.0,15.4,4.16,26.0,8.666666666666666,18.82,18.733333333333334,13.326923076923077
33,0,Collin Sexton,0.0,CLE,SA,12.0,218.5,103.3,13,14.5,23.2,34.5,PG/SG,5400,0,26.0,14.0,103,111,5%,14,15,16,29,29,30,23.2,26.3,19.8,32.7,35.1,35.5,6.6,25.5,4.72,25.9,30.5,4.8,25.7,4.76,29.333333333333332,15.0,25.54,24.066666666666666,26.72215909090909
33,1,Seth Curry,0.0,DAL,DET,-7.5,217.0,112.3,6,4.3,16.8,27.5,PG/SG,3400,3,16.0,12.0,101,107,-8%,5,7,6,20,22,22,16.8,15.2,6.9,23.5,33.5,50.3,14.8,13.5,3.97,13.2,19.5,3.9,13.35,3.935,21.333333333333332,6.0,15.15,16.2,12.202734375000002
33,2,Larry Nance Jr.,0.0,CLE,SA,12.0,218.5,103.3,13,6.5,16.1,23.5,PF/C,4100,0,15.0,17.0,103,111,2%,3,5,7,19,24,26,16.1,23.7,14.1,33.3,28.9,14.8,3.6,21.0,5.12,19.0,20.0,4.6,20.0,4.859999999999999,23.0,5.0,21.439999999999998,15.366666666666667,17.391304347826086
33,3,Josh Richardson,0.0,PHI,BOS,1.0,212.5,105.8,19,6.8,24.1,44.3,SG/SF,5300,1,22.0,14.0,102,101,-2%,17,15,13,31,31,33,34.1,30.1,21.6,38.6,25.9,28.0,5.3,23.5,4.43,21.2,24.5,4.0,22.35,4.215,31.666666666666668,15.0,29.35,25.066666666666666,17.291842105263157
33,4,CJ McCollum,0.0,POR,DEN,7.0,216.5,104.8,7,24.0,34.9,55.5,PG/SG,6800,1,26.0,16.0,100,100,-4%,18,17,20,35,36,37,35.4,36.9,24.5,49.2,36.6,20.5,3.0,33.0,4.85,33.4,36.5,4.9,33.2,4.875,36.0,18.333333333333332,35.839999999999996,38.13333333333333,33.66111111111111
33,5,Torrey Craig,0.0,DEN,POR,-7.0,216.5,111.8,7,0.0,6.1,23.8,SG/SF,3000,1,12.0,8.0,105,108,1%,1,2,3,7,8,13,6.1,9.3,0.8,17.7,14.3,8.0,2.7,5.0,1.67,0.0,0.0,0.0,2.5,0.835,9.333333333333334,2.0,7.279999999999999,9.966666666666667,0.0
33,6,Thon Maker,0.0,DET,DAL,7.5,217.0,104.8,8,2.0,3.1,5.5,PF/C,3000,2,13.0,11.0,102,106,-4%,0,1,2,5,4,10,3.1,7.6,1.9,13.3,1.6,2.0,0.7,3.0,1.0,0.0,0.0,0.0,1.5,0.5,6.333333333333333,1.0,5.4799999999999995,3.533333333333333,0.0
33,7,DeMar DeRozan,0.0,SA,CLE,-12.0,218.5,115.3,11,30.5,39.1,43.5,SG/SF,7300,5,27.0,20.0,101,112,7%,20,18,16,40,37,35,40.6,37.8,31.2,44.5,39.1,35.5,4.9,39.8,5.45,38.6,33.5,5.3,39.2,5.375,37.333333333333336,18.0,38.660000000000004,37.699999999999996,35.175000000000004
34,0,Collin Sexton,0.0,CLE,SA,12.0,218.5,103.3,13,14.5,23.2,34.5,PG/SG,5400,0,26.0,14.0,103,111,5%,14,15,16,29,29,30,23.2,26.3,19.8,32.7,35.1,35.5,6.6,25.5,4.72,25.9,30.5,4.8,25.7,4.76,29.333333333333332,15.0,25.54,24.066666666666666,26.72215909090909
34,1,Patty Mills,0.0,SA,CLE,-12.0,218.5,115.3,23,5.5,18.3,26.0,PG/SG,4100,5,19.0,15.0,101,112,9%,10,9,9,34,27,23,18.3,19.0,10.4,27.6,28.3,17.3,4.2,19.8,4.82,19.5,24.0,4.8,19.65,4.8100000000000005,28.0,9.333333333333334,18.990000000000002,16.599999999999998,16.84285714285714
34,2,Blake Griffin,0.0,DET,DAL,7.5,217.0,104.8,8,11.5,28.3,42.8,PF,6700,2,29.0,15.0,102,106,0%,13,14,14,33,29,29,28.3,30.4,22.0,38.7,29.6,21.8,3.3,36.8,5.49,35.8,32.5,5.3,36.3,5.395,30.333333333333332,13.666666666666666,31.139999999999997,27.53333333333333,38.89285714285714
34,3,Marco Belinelli,0.0,SA,CLE,-12.0,218.5,115.3,11,4.8,12.7,18.0,SG/SF,3200,5,18.0,7.0,101,112,7%,4,5,6,17,16,17,14.3,10.8,6.3,15.4,20.3,10.8,3.4,8.5,2.66,8.5,11.0,2.7,8.5,2.68,16.666666666666668,5.0,11.059999999999999,11.833333333333334,5.61
34,4,Lonnie Walker IV,0.0,SA,CLE,-12.0,218.5,115.3,11,0.0,17.1,42.0,SG/SF,4200,5,0.0,0.0,101,112,7%,12,9,4,23,16,8,16.9,7.2,-3.7,18.1,24.1,16.0,3.8,11.5,2.74,12.7,13.5,3.0,12.1,2.87,15.666666666666666,8.333333333333334,10.120000000000001,19.7,10.426595744680851
34,5,Svi Mykhailiuk,0.0,DET,DAL,7.5,217.0,104.8,22,4.3,15.3,25.5,SG/SF,3300,2,14.0,9.0,102,106,5%,4,7,5,14,21,17,15.3,10.4,3.7,17.1,12.1,2.8,0.8,8.5,2.58,8.4,14.5,2.5,8.45,2.54,17.333333333333332,5.333333333333333,10.99,15.033333333333333,7.06875
34,6,Skal Labissiere,0.0,POR,DEN,7.0,216.5,104.8,7,8.0,11.8,22.8,PF/C,3300,1,15.0,15.0,100,100,-7%,2,3,5,19,17,17,11.8,16.0,5.1,26.8,23.2,10.8,3.3,15.8,4.77,14.3,17.0,4.3,15.05,4.535,17.666666666666668,3.3333333333333335,14.95,14.200000000000001,14.482075471698113
34,7,DeMar DeRozan,0.0,SA,CLE,-12.0,218.5,115.3,11,30.5,39.1,43.5,SG/SF,7300,5,27.0,20.0,101,112,7%,20,18,16,40,37,35,40.6,37.8,31.2,44.5,39.1,35.5,4.9,39.8,5.45,38.6,33.5,5.3,39.2,5.375,37.333333333333336,18.0,38.660000000000004,37.699999999999996,35.175000000000004
35,0,Damian Lillard,0.0,POR,DEN,7.0,216.5,104.8,7,31.0,43.6,51.5,PG,8500,1,29.0,25.0,100,100,-10%,20,17,19,34,35,37,43.6,47.3,37.4,57.2,37.5,35.5,4.2,44.0,5.18,41.3,36.5,4.9,42.65,5.04,35.333333333333336,18.666666666666668,45.63000000000001,42.03333333333333,44.05825471698113
35,1,Tony Snell,0.0,DET,DAL,7.5,217.0,104.8,22,5.8,9.5,13.8,SG/SF,3100,2,11.0,10.0,102,106,-1%,4,4,6,25,23,26,9.5,14.5,7.5,21.4,28.3,15.3,4.9,14.8,4.76,13.4,25.0,4.3,14.100000000000001,4.529999999999999,24.666666666666668,4.666666666666667,13.4,9.700000000000001,14.290540540540542
35,2,LaMarcus Aldridge,0.0,SA,CLE,-12.0,218.5,115.3,15,32.5,40.2,47.5,PF/C,7000,5,23.0,21.0,101,112,4%,16,17,16,33,34,34,40.2,37.1,27.3,47.0,39.2,37.0,5.3,37.8,5.39,37.4,32.5,5.3,37.599999999999994,5.345,33.666666666666664,16.333333333333332,37.84,40.06666666666667,36.29702970297029
35,3,Ben Simmons,0.0,PHI,BOS,1.0,212.5,105.8,3,28.8,42.3,54.3,PG/SF,7600,1,22.0,19.0,102,101,-12%,9,10,11,38,34,35,42.7,41.3,33.7,48.8,36.5,25.5,3.4,40.8,5.36,40.3,36.0,5.3,40.55,5.33,35.666666666666664,10.0,41.410000000000004,41.8,40.92897196261682
35,4,Furkan Korkmaz,0.0,PHI,BOS,1.0,212.5,105.8,19,9.0,12.4,16.5,SG/SF,3400,1,16.0,9.0,102,101,-5%,5,5,7,22,21,23,12.4,14.9,7.5,22.3,8.4,11.3,3.3,12.3,3.6,11.7,18.5,3.4,12.0,3.5,22.0,5.666666666666667,13.819999999999999,12.633333333333333,10.09090909090909
35,5,Maxi Kleber,0.0,DAL,DET,-7.5,217.0,112.3,18,9.3,17.1,23.3,PF/C,3700,3,13.0,13.0,101,107,10%,6,5,6,15,20,24,17.4,18.8,11.8,25.8,18.3,10.3,2.8,17.5,4.73,16.9,22.0,4.6,17.2,4.665,19.666666666666668,5.666666666666667,18.2,16.566666666666666,19.240677966101693
35,6,John Henson,0.0,CLE,SA,12.0,218.5,103.3,16,11.0,13.0,19.3,C,3000,0,0.0,0.0,103,111,2%,5,5,4,11,13,12,13.0,13.2,10.0,16.4,12.6,5.0,1.7,14.0,4.67,12.5,13.5,4.2,13.25,4.4350000000000005,12.0,4.666666666666667,13.169999999999998,14.433333333333332,14.906250000000002
35,7,Kevin Porter Jr.,0.0,CLE,SA,12.0,218.5,103.3,30,18.0,24.3,39.0,SG/SF,3600,0,18.0,8.0,103,111,5%,12,9,7,26,24,21,24.3,16.6,8.4,24.7,15.5,12.5,3.5,19.0,5.28,19.7,26.5,5.5,19.35,5.390000000000001,23.666666666666668,9.333333333333334,18.670000000000005,27.099999999999998,21.666549295774647
38,0,Matthew Dellavedova,0.0,CLE,SA,12.0,218.5,103.3,13,2.0,8.1,14.0,PG/SG,3100,0,15.0,6.0,103,111,5%,3,3,3,17,12,13,8.1,8.2,3.9,12.5,15.3,12.0,3.9,7.8,2.5,8.7,12.5,2.8,8.25,2.65,14.0,3.0,8.19,8.033333333333333,7.366071428571429
38,1,Kevin Porter Jr.,0.0,CLE,SA,12.0,218.5,103.3,30,18.0,24.3,39.0,SG/SF,3600,0,18.0,8.0,103,111,5%,12,9,7,26,24,21,24.3,16.6,8.4,24.7,15.5,12.5,3.5,19.0,5.28,19.7,26.5,5.5,19.35,5.390000000000001,23.666666666666668,9.333333333333334,18.670000000000005,27.099999999999998,21.666549295774647
38,2,Jerami Grant,0.0,DEN,POR,-7.0,216.5,111.8,30,11.5,17.3,22.5,PF/C,3900,1,18.0,12.0,105,108,5%,7,6,8,22,20,22,17.3,17.3,10.3,24.3,31.3,32.8,8.4,17.8,4.55,19.1,22.5,4.9,18.450000000000003,4.725,21.333333333333332,7.0,17.53,17.099999999999998,19.458984375000004
38,3,Svi Mykhailiuk,0.0,DET,DAL,7.5,217.0,104.8,22,4.3,15.3,25.5,SG/SF,3300,2,14.0,9.0,102,106,5%,4,7,5,14,21,17,15.3,10.4,3.7,17.1,12.1,2.8,0.8,8.5,2.58,8.4,14.5,2.5,8.45,2.54,17.333333333333332,5.333333333333333,10.99,15.033333333333333,7.06875
38,4,Torrey Craig,0.0,DEN,POR,-7.0,216.5,111.8,7,0.0,6.1,23.8,SG/SF,3000,1,12.0,8.0,105,108,1%,1,2,3,7,8,13,6.1,9.3,0.8,17.7,14.3,8.0,2.7,5.0,1.67,0.0,0.0,0.0,2.5,0.835,9.333333333333334,2.0,7.279999999999999,9.966666666666667,0.0
38,5,Luka Doncic,0.0,DAL,DET,-7.5,217.0,112.3,6,37.8,51.5,65.0,PG/SF,11400,3,39.0,32.0,101,107,2%,20,20,20,31,31,34,51.5,59.2,45.5,72.9,33.6,78.5,6.9,55.3,4.85,60.1,35.0,5.3,57.7,5.074999999999999,32.0,20.0,57.36,51.43333333333334,63.109375
38,6,Larry Nance Jr.,0.0,CLE,SA,12.0,218.5,103.3,13,6.5,16.1,23.5,PF/C,4100,0,15.0,17.0,103,111,2%,3,5,7,19,24,26,16.1,23.7,14.1,33.3,28.9,14.8,3.6,21.0,5.12,19.0,20.0,4.6,20.0,4.859999999999999,23.0,5.0,21.439999999999998,15.366666666666667,17.391304347826086
38,7,James Ennis III,0.0,PHI,BOS,1.0,212.5,105.8,1,6.5,15.6,25.8,SF/PF,3500,1,16.0,16.0,102,101,-2%,7,6,5,20,21,18,15.3,14.8,7.2,22.3,18.4,2.8,0.8,13.0,3.71,14.3,19.0,4.1,13.65,3.905,19.666666666666668,6.0,14.650000000000002,15.966666666666669,13.18728813559322
39,0,Dejounte Murray,0.0,SA,CLE,-12.0,218.5,115.3,23,15.8,21.6,31.3,PG,5600,5,23.0,17.0,101,112,9%,9,8,8,25,23,23,21.8,26.3,16.2,36.4,17.0,26.0,4.6,30.5,5.45,29.7,26.0,5.3,30.1,5.375,23.666666666666668,8.333333333333334,26.160000000000004,22.900000000000002,33.06760563380282
39,1,Gary Trent Jr.,0.0,POR,DEN,7.0,216.5,104.8,16,3.0,9.0,24.8,SG,3000,1,0.0,0.0,100,100,-4%,5,4,3,9,9,9,8.9,6.8,-0.3,13.9,4.7,1.3,0.4,2.8,0.92,0.0,0.0,0.0,1.4,0.46,9.0,4.0,6.14,12.266666666666666,0.0
39,2,Justin Jackson,0.0,DAL,DET,-7.5,217.0,112.3,8,7.3,12.8,17.8,SF/PF,3200,3,17.0,14.0,101,107,0%,8,8,5,21,18,14,12.8,11.2,3.7,18.7,20.6,6.0,1.9,11.0,3.44,11.3,15.0,3.5,11.15,3.4699999999999998,17.666666666666668,7.0,11.510000000000002,12.633333333333335,9.466981132075473
39,3,Matisse Thybulle,0.0,PHI,BOS,1.0,212.5,105.8,19,3.5,21.6,36.0,SG/SF,4000,1,13.0,12.0,102,101,-12%,9,6,4,29,25,17,21.6,12.9,2.6,23.2,29.7,17.3,4.3,18.0,4.5,19.2,26.0,4.8,18.6,4.65,23.666666666666668,6.333333333333333,15.780000000000001,20.366666666666667,20.43380281690141
39,4,Derrick Rose,0.0,DET,DAL,7.5,217.0,104.8,2,25.5,29.7,33.5,PG/SG,5700,2,32.0,22.0,102,106,-12%,17,14,13,27,24,24,30.4,28.9,21.1,36.8,25.8,30.0,5.3,28.0,4.91,26.3,25.5,4.6,27.15,4.755,25.0,14.666666666666666,28.869999999999997,29.566666666666666,27.692999999999998
39,5,Luke Kennard,0.0,DET,DAL,7.5,217.0,104.8,22,20.8,26.3,32.8,SG/SF,5500,2,21.0,16.0,102,106,-1%,10,12,13,29,31,33,25.9,29.0,20.3,37.7,33.6,17.0,3.1,26.5,4.82,25.9,31.5,4.7,26.2,4.76,31.0,11.666666666666666,27.82,26.633333333333336,26.62258064516129
39,6,Skal Labissiere,0.0,POR,DEN,7.0,216.5,104.8,7,8.0,11.8,22.8,PF/C,3300,1,15.0,15.0,100,100,-7%,2,3,5,19,17,17,11.8,16.0,5.1,26.8,23.2,10.8,3.3,15.8,4.77,14.3,17.0,4.3,15.05,4.535,17.666666666666668,3.3333333333333335,14.95,14.200000000000001,14.482075471698113
39,7,Carmelo Anthony,0.0,POR,DEN,7.0,216.5,104.8,13,19.5,24.9,28.8,SF/PF,5800,1,24.0,12.0,100,100,-7%,16,14,15,30,32,31,24.9,27.7,18.3,37.1,36.7,40.8,7.0,27.3,4.7,28.0,34.5,4.8,27.65,4.75,31.0,15.0,27.129999999999995,24.400000000000002,30.771774193548385
40,0,Jalen Brunson,0.0,DAL,DET,-7.5,217.0,112.3,6,0.0,12.2,26.5,PG/SG,3300,3,21.0,17.0,101,107,2%,4,4,6,11,11,16,12.2,15.1,5.7,24.5,15.2,14.3,4.3,13.5,4.09,11.3,12.5,3.4,12.4,3.745,12.666666666666666,4.666666666666667,13.98,12.9,12.23684210526316
40,1,Gary Harris,0.0,DEN,POR,-7.0,216.5,111.8,7,12.3,18.7,28.0,SG,4600,1,16.0,10.0,105,108,1%,11,9,10,33,31,33,18.6,21.3,13.6,29.0,36.8,20.3,4.4,22.3,4.84,21.4,32.5,4.7,21.85,4.77,32.333333333333336,10.0,20.869999999999997,19.666666666666668,21.962628865979383
40,2,Rudy Gay,0.0,SA,CLE,-12.0,218.5,115.3,24,16.0,22.8,30.3,SF/PF,4700,5,22.0,16.0,101,112,8%,11,11,9,22,25,23,22.8,23.3,16.1,30.5,21.3,18.8,4.0,22.8,4.84,22.2,22.0,4.7,22.5,4.77,23.333333333333332,10.333333333333334,23.04,23.03333333333333,21.214285714285715
40,3,Jordan Clarkson,0.0,CLE,SA,12.0,218.5,103.3,30,12.3,20.8,33.0,SG/SF,4400,0,27.0,18.0,103,111,5%,15,12,11,27,22,23,20.8,22.4,13.7,31.1,30.5,37.0,8.4,20.8,4.72,21.3,22.5,4.8,21.05,4.76,24.0,12.666666666666666,21.810000000000002,22.03333333333333,19.734375
40,4,Will Barton,0.0,DEN,POR,-7.0,216.5,111.8,14,13.3,27.0,53.3,PG/SF,6300,1,20.0,17.0,105,108,1%,13,11,13,34,32,33,26.9,32.7,22.5,42.9,34.9,39.3,6.2,32.0,5.08,31.0,32.5,4.9,31.5,4.99,33.0,12.333333333333334,31.3,31.2,31.022727272727273
40,5,Josh Richardson,0.0,PHI,BOS,1.0,212.5,105.8,19,6.8,24.1,44.3,SG/SF,5300,1,22.0,14.0,102,101,-2%,17,15,13,31,31,33,34.1,30.1,21.6,38.6,25.9,28.0,5.3,23.5,4.43,21.2,24.5,4.0,22.35,4.215,31.666666666666668,15.0,29.35,25.066666666666666,17.291842105263157
40,6,Kevin Love,0.0,CLE,SA,12.0,218.5,103.3,13,15.3,26.3,37.8,PF/C,6200,0,23.0,18.0,103,111,2%,13,11,12,29,27,31,26.6,36.2,23.5,48.8,38.6,56.8,9.2,31.8,5.12,31.3,28.5,5.0,31.55,5.0600000000000005,29.0,12.0,33.33,26.46666666666667,31.006034482758622
40,7,Daniel Theis,0.0,BOS,PHI,-1.0,212.5,106.8,17,9.0,18.4,31.0,PF/C,4000,0,14.0,15.0,102,101,-10%,7,5,6,24,21,23,18.1,21.4,13.2,29.5,23.7,26.3,6.6,19.3,4.81,19.5,24.0,4.9,19.4,4.855,22.666666666666668,6.0,20.32,19.466666666666665,20.541176470588233
41,0,Langston Galloway,0.0,DET,DAL,7.5,217.0,104.8,2,12.0,19.4,24.8,PG/SG,3700,2,16.0,14.0,102,106,-1%,9,8,9,24,26,28,18.7,20.0,13.1,26.9,20.3,4.8,1.3,16.0,4.32,14.8,22.5,4.0,15.4,4.16,26.0,8.666666666666666,18.82,18.733333333333334,13.326923076923077
41,1,Jaylen Brown,0.0,BOS,PHI,-1.0,212.5,106.8,10,33.8,38.5,41.5,SG/SF,6600,0,23.0,19.0,102,101,-9%,14,16,15,33,34,34,38.5,36.1,27.0,45.3,41.0,17.8,2.7,31.5,4.77,32.6,34.5,4.9,32.05,4.835,33.666666666666664,15.0,35.79,37.93333333333333,32.84331683168317
41,2,Markieff Morris,0.0,DET,DAL,7.5,217.0,104.8,8,9.8,16.9,22.8,PF/C,3200,2,20.0,12.0,102,106,0%,6,6,8,17,18,23,16.5,19.3,12.0,26.5,16.7,22.3,7.0,14.0,4.38,12.5,16.0,3.9,13.25,4.14,19.333333333333332,6.666666666666667,17.509999999999998,16.5,10.965517241379311
41,3,Cedi Osman,0.0,CLE,SA,12.0,218.5,103.3,16,3.5,15.4,36.8,SF/PF,3800,0,15.0,10.0,103,111,7%,5,6,8,22,24,29,15.4,19.4,10.2,28.6,37.5,24.5,6.4,20.5,5.39,16.8,26.0,4.4,18.65,4.895,25.0,6.333333333333333,18.45,18.566666666666666,19.396
41,4,Svi Mykhailiuk,0.0,DET,DAL,7.5,217.0,104.8,22,4.3,15.3,25.5,SG/SF,3300,2,14.0,9.0,102,106,5%,4,7,5,14,21,17,15.3,10.4,3.7,17.1,12.1,2.8,0.8,8.5,2.58,8.4,14.5,2.5,8.45,2.54,17.333333333333332,5.333333333333333,10.99,15.033333333333333,7.06875
41,5,Kevin Porter Jr.,0.0,CLE,SA,12.0,218.5,103.3,30,18.0,24.3,39.0,SG/SF,3600,0,18.0,8.0,103,111,5%,12,9,7,26,24,21,24.3,16.6,8.4,24.7,15.5,12.5,3.5,19.0,5.28,19.7,26.5,5.5,19.35,5.390000000000001,23.666666666666668,9.333333333333334,18.670000000000005,27.099999999999998,21.666549295774647
41,6,Dwight Powell,0.0,DAL,DET,-7.5,217.0,112.3,12,13.0,23.2,43.3,C,4500,3,12.0,14.0,101,107,10%,3,6,5,22,26,27,23.1,19.1,10.3,28.0,31.1,27.0,6.0,21.5,4.78,19.6,25.5,4.4,20.55,4.59,25.0,4.666666666666667,20.21,26.5,20.961000000000002
41,7,LaMarcus Aldridge,0.0,SA,CLE,-12.0,218.5,115.3,15,32.5,40.2,47.5,PF/C,7000,5,23.0,21.0,101,112,4%,16,17,16,33,34,34,40.2,37.1,27.3,47.0,39.2,37.0,5.3,37.8,5.39,37.4,32.5,5.3,37.599999999999994,5.345,33.666666666666664,16.333333333333332,37.84,40.06666666666667,36.29702970297029
42,0,Langston Galloway,0.0,DET,DAL,7.5,217.0,104.8,2,12.0,19.4,24.8,PG/SG,3700,2,16.0,14.0,102,106,-1%,9,8,9,24,26,28,18.7,20.0,13.1,26.9,20.3,4.8,1.3,16.0,4.32,14.8,22.5,4.0,15.4,4.16,26.0,8.666666666666666,18.82,18.733333333333334,13.326923076923077
42,1,Kevin Porter Jr.,0.0,CLE,SA,12.0,218.5,103.3,30,18.0,24.3,39.0,SG/SF,3600,0,18.0,8.0,103,111,5%,12,9,7,26,24,21,24.3,16.6,8.4,24.7,15.5,12.5,3.5,19.0,5.28,19.7,26.5,5.5,19.35,5.390000000000001,23.666666666666668,9.333333333333334,18.670000000000005,27.099999999999998,21.666549295774647
42,2,Maxi Kleber,0.0,DAL,DET,-7.5,217.0,112.3,18,9.3,17.1,23.3,PF/C,3700,3,13.0,13.0,101,107,10%,6,5,6,15,20,24,17.4,18.8,11.8,25.8,18.3,10.3,2.8,17.5,4.73,16.9,22.0,4.6,17.2,4.665,19.666666666666668,5.666666666666667,18.2,16.566666666666666,19.240677966101693
42,3,Josh Richardson,0.0,PHI,BOS,1.0,212.5,105.8,19,6.8,24.1,44.3,SG/SF,5300,1,22.0,14.0,102,101,-2%,17,15,13,31,31,33,34.1,30.1,21.6,38.6,25.9,28.0,5.3,23.5,4.43,21.2,24.5,4.0,22.35,4.215,31.666666666666668,15.0,29.35,25.066666666666666,17.291842105263157
42,4,Jordan Clarkson,0.0,CLE,SA,12.0,218.5,103.3,30,12.3,20.8,33.0,SG/SF,4400,0,27.0,18.0,103,111,5%,15,12,11,27,22,23,20.8,22.4,13.7,31.1,30.5,37.0,8.4,20.8,4.72,21.3,22.5,4.8,21.05,4.76,24.0,12.666666666666666,21.810000000000002,22.03333333333333,19.734375
42,5,Tony Snell,0.0,DET,DAL,7.5,217.0,104.8,22,5.8,9.5,13.8,SG/SF,3100,2,11.0,10.0,102,106,-1%,4,4,6,25,23,26,9.5,14.5,7.5,21.4,28.3,15.3,4.9,14.8,4.76,13.4,25.0,4.3,14.100000000000001,4.529999999999999,24.666666666666668,4.666666666666667,13.4,9.700000000000001,14.290540540540542
42,6,Nikola Jokic,0.0,DEN,POR,-7.0,216.5,111.8,6,32.5,42.9,56.0,C,9000,1,26.0,20.0,105,108,7%,17,15,14,33,31,31,42.9,41.5,30.1,53.0,31.0,44.8,5.0,45.0,5.0,48.0,32.5,5.3,46.5,5.15,31.666666666666668,15.333333333333334,42.8,43.800000000000004,47.723684210526315
42,7,Trey Lyles,0.0,SA,CLE,-12.0,218.5,115.3,15,5.3,15.1,28.8,PF/C,3900,5,12.0,12.0,101,112,4%,5,5,4,17,15,18,15.1,15.6,8.5,22.8,5.0,5.5,1.4,13.0,3.33,12.1,14.5,3.1,12.55,3.215,16.666666666666668,4.666666666666667,14.91,16.400000000000002,10.9185
43,0,Derrick White,0.0,SA,CLE,-12.0,218.5,115.3,23,3.8,17.4,26.8,PG/SG,4100,5,18.0,13.0,101,112,9%,8,8,8,24,24,24,17.1,19.7,12.1,27.3,31.7,27.0,6.6,20.5,5.0,19.1,22.0,4.7,19.8,4.85,24.0,8.0,19.199999999999996,16.0,18.150000000000002
43,1,Langston Galloway,0.0,DET,DAL,7.5,217.0,104.8,2,12.0,19.4,24.8,PG/SG,3700,2,16.0,14.0,102,106,-1%,9,8,9,24,26,28,18.7,20.0,13.1,26.9,20.3,4.8,1.3,16.0,4.32,14.8,22.5,4.0,15.4,4.16,26.0,8.666666666666666,18.82,18.733333333333334,13.326923076923077
43,2,Mario Hezonja,0.0,POR,DEN,7.0,216.5,104.8,13,3.5,9.5,20.5,SF/PF,3300,1,14.0,8.0,100,100,-4%,4,3,4,16,13,17,9.4,13.1,4.9,21.4,13.8,2.5,0.8,9.8,2.95,8.7,12.0,2.6,9.25,2.7750000000000004,15.333333333333334,3.6666666666666665,11.61,11.166666666666666,7.239130434782609
43,3,Kevin Porter Jr.,0.0,CLE,SA,12.0,218.5,103.3,30,18.0,24.3,39.0,SG/SF,3600,0,18.0,8.0,103,111,5%,12,9,7,26,24,21,24.3,16.6,8.4,24.7,15.5,12.5,3.5,19.0,5.28,19.7,26.5,5.5,19.35,5.390000000000001,23.666666666666668,9.333333333333334,18.670000000000005,27.099999999999998,21.666549295774647
43,4,Seth Curry,0.0,DAL,DET,-7.5,217.0,112.3,6,4.3,16.8,27.5,PG/SG,3400,3,16.0,12.0,101,107,-8%,5,7,6,20,22,22,16.8,15.2,6.9,23.5,33.5,50.3,14.8,13.5,3.97,13.2,19.5,3.9,13.35,3.935,21.333333333333332,6.0,15.15,16.2,12.202734375000002
43,5,Tim Hardaway Jr.,0.0,DAL,DET,-7.5,217.0,112.3,21,11.3,22.8,39.8,SG/SF,5200,3,20.0,16.0,101,107,0%,12,10,10,28,28,25,22.8,20.9,10.4,31.5,25.4,7.3,1.4,24.5,4.71,25.2,31.0,4.8,24.85,4.755,27.0,10.666666666666666,22.090000000000003,24.633333333333336,28.53148148148148
43,6,Jerami Grant,0.0,DEN,POR,-7.0,216.5,111.8,30,11.5,17.3,22.5,PF/C,3900,1,18.0,12.0,105,108,5%,7,6,8,22,20,22,17.3,17.3,10.3,24.3,31.3,32.8,8.4,17.8,4.55,19.1,22.5,4.9,18.450000000000003,4.725,21.333333333333332,7.0,17.53,17.099999999999998,19.458984375000004
43,7,Jayson Tatum,0.0,BOS,PHI,-1.0,212.5,106.8,3,31.5,43.6,58.0,SF/PF,7100,0,28.0,18.0,102,101,-4%,14,18,18,33,34,35,43.6,38.4,29.6,47.2,33.9,27.8,3.9,35.0,4.93,35.2,34.0,5.0,35.1,4.965,34.0,16.666666666666668,38.779999999999994,44.36666666666667,35.1
44,0,CJ McCollum,0.0,POR,DEN,7.0,216.5,104.8,7,24.0,34.9,55.5,PG/SG,6800,1,26.0,16.0,100,100,-4%,18,17,20,35,36,37,35.4,36.9,24.5,49.2,36.6,20.5,3.0,33.0,4.85,33.4,36.5,4.9,33.2,4.875,36.0,18.333333333333332,35.839999999999996,38.13333333333333,33.66111111111111
44,1,Brad Wanamaker,0.0,BOS,PHI,-1.0,212.5,106.8,11,6.5,16.0,24.0,PG/SG,3100,0,19.0,16.0,102,101,-8%,8,6,5,23,21,19,15.9,16.5,9.0,23.9,15.2,6.5,2.1,18.8,6.05,17.1,21.5,5.5,17.950000000000003,5.775,21.0,6.333333333333333,16.65,15.5,18.377380952380957
44,2,Tobias Harris,0.0,PHI,BOS,1.0,212.5,105.8,1,24.0,39.6,49.3,SF/PF,6900,1,24.0,17.0,102,101,-2%,20,21,16,37,37,35,41.0,36.6,28.8,44.3,32.8,50.0,7.2,34.0,4.93,35.9,35.5,5.2,34.95,5.0649999999999995,36.333333333333336,19.0,37.129999999999995,37.63333333333333,34.148394495412845
44,3,Mike Scott,0.0,PHI,BOS,1.0,212.5,105.8,1,6.0,14.6,33.0,SF/PF,3200,1,13.0,10.0,102,101,0%,10,6,6,19,19,19,12.8,12.9,6.2,19.7,28.9,22.5,7.0,17.0,5.31,16.0,24.0,5.0,16.5,5.154999999999999,19.0,7.333333333333333,13.620000000000001,17.866666666666667,20.842105263157897
44,4,Marco Belinelli,0.0,SA,CLE,-12.0,218.5,115.3,11,4.8,12.7,18.0,SG/SF,3200,5,18.0,7.0,101,112,7%,4,5,6,17,16,17,14.3,10.8,6.3,15.4,20.3,10.8,3.4,8.5,2.66,8.5,11.0,2.7,8.5,2.68,16.666666666666668,5.0,11.059999999999999,11.833333333333334,5.61
44,5,Dorian Finney-Smith,0.0,DAL,DET,-7.5,217.0,112.3,8,13.3,18.7,29.5,SF/PF,4000,3,13.0,12.0,101,107,0%,7,7,7,28,28,27,18.6,18.8,11.8,25.8,31.1,17.8,4.5,19.8,4.94,20.8,30.5,5.2,20.3,5.07,27.666666666666668,7.0,19.06,20.5,22.378915662650602
44,6,Jerami Grant,0.0,DEN,POR,-7.0,216.5,111.8,30,11.5,17.3,22.5,PF/C,3900,1,18.0,12.0,105,108,5%,7,6,8,22,20,22,17.3,17.3,10.3,24.3,31.3,32.8,8.4,17.8,4.55,19.1,22.5,4.9,18.450000000000003,4.725,21.333333333333332,7.0,17.53,17.099999999999998,19.458984375000004
44,7,Cedi Osman,0.0,CLE,SA,12.0,218.5,103.3,16,3.5,15.4,36.8,SF/PF,3800,0,15.0,10.0,103,111,7%,5,6,8,22,24,29,15.4,19.4,10.2,28.6,37.5,24.5,6.4,20.5,5.39,16.8,26.0,4.4,18.65,4.895,25.0,6.333333333333333,18.45,18.566666666666666,19.396
45,0,Dejounte Murray,0.0,SA,CLE,-12.0,218.5,115.3,23,15.8,21.6,31.3,PG,5600,5,23.0,17.0,101,112,9%,9,8,8,25,23,23,21.8,26.3,16.2,36.4,17.0,26.0,4.6,30.5,5.45,29.7,26.0,5.3,30.1,5.375,23.666666666666668,8.333333333333334,26.160000000000004,22.900000000000002,33.06760563380282
45,1,Luke Kennard,0.0,DET,DAL,7.5,217.0,104.8,22,20.8,26.3,32.8,SG/SF,5500,2,21.0,16.0,102,106,-1%,10,12,13,29,31,33,25.9,29.0,20.3,37.7,33.6,17.0,3.1,26.5,4.82,25.9,31.5,4.7,26.2,4.76,31.0,11.666666666666666,27.82,26.633333333333336,26.62258064516129
45,2,Skal Labissiere,0.0,POR,DEN,7.0,216.5,104.8,7,8.0,11.8,22.8,PF/C,3300,1,15.0,15.0,100,100,-7%,2,3,5,19,17,17,11.8,16.0,5.1,26.8,23.2,10.8,3.3,15.8,4.77,14.3,17.0,4.3,15.05,4.535,17.666666666666668,3.3333333333333335,14.95,14.200000000000001,14.482075471698113
45,3,Carmelo Anthony,0.0,POR,DEN,7.0,216.5,104.8,13,19.5,24.9,28.8,SF/PF,5800,1,24.0,12.0,100,100,-7%,16,14,15,30,32,31,24.9,27.7,18.3,37.1,36.7,40.8,7.0,27.3,4.7,28.0,34.5,4.8,27.65,4.75,31.0,15.0,27.129999999999995,24.400000000000002,30.771774193548385
45,4,Langston Galloway,0.0,DET,DAL,7.5,217.0,104.8,2,12.0,19.4,24.8,PG/SG,3700,2,16.0,14.0,102,106,-1%,9,8,9,24,26,28,18.7,20.0,13.1,26.9,20.3,4.8,1.3,16.0,4.32,14.8,22.5,4.0,15.4,4.16,26.0,8.666666666666666,18.82,18.733333333333334,13.326923076923077
45,5,Rudy Gay,0.0,SA,CLE,-12.0,218.5,115.3,24,16.0,22.8,30.3,SF/PF,4700,5,22.0,16.0,101,112,8%,11,11,9,22,25,23,22.8,23.3,16.1,30.5,21.3,18.8,4.0,22.8,4.84,22.2,22.0,4.7,22.5,4.77,23.333333333333332,10.333333333333334,23.04,23.03333333333333,21.214285714285715
45,6,Jerami Grant,0.0,DEN,POR,-7.0,216.5,111.8,30,11.5,17.3,22.5,PF/C,3900,1,18.0,12.0,105,108,5%,7,6,8,22,20,22,17.3,17.3,10.3,24.3,31.3,32.8,8.4,17.8,4.55,19.1,22.5,4.9,18.450000000000003,4.725,21.333333333333332,7.0,17.53,17.099999999999998,19.458984375000004
45,7,Svi Mykhailiuk,0.0,DET,DAL,7.5,217.0,104.8,22,4.3,15.3,25.5,SG/SF,3300,2,14.0,9.0,102,106,5%,4,7,5,14,21,17,15.3,10.4,3.7,17.1,12.1,2.8,0.8,8.5,2.58,8.4,14.5,2.5,8.45,2.54,17.333333333333332,5.333333333333333,10.99,15.033333333333333,7.06875
46,0,Dejounte Murray,0.0,SA,CLE,-12.0,218.5,115.3,23,15.8,21.6,31.3,PG,5600,5,23.0,17.0,101,112,9%,9,8,8,25,23,23,21.8,26.3,16.2,36.4,17.0,26.0,4.6,30.5,5.45,29.7,26.0,5.3,30.1,5.375,23.666666666666668,8.333333333333334,26.160000000000004,22.900000000000002,33.06760563380282
46,1,Luke Kennard,0.0,DET,DAL,7.5,217.0,104.8,22,20.8,26.3,32.8,SG/SF,5500,2,21.0,16.0,102,106,-1%,10,12,13,29,31,33,25.9,29.0,20.3,37.7,33.6,17.0,3.1,26.5,4.82,25.9,31.5,4.7,26.2,4.76,31.0,11.666666666666666,27.82,26.633333333333336,26.62258064516129
46,2,Kristaps Porzingis,0.0,DAL,DET,-7.5,217.0,112.3,18,24.5,26.3,29.5,PF/C,6400,3,25.0,16.0,101,107,10%,12,11,15,28,30,31,26.7,35.5,24.5,46.5,29.5,37.5,5.9,34.0,5.31,36.6,32.5,5.7,35.3,5.505,29.666666666666668,12.666666666666666,33.7,26.766666666666666,38.67134831460674
46,3,Marco Belinelli,0.0,SA,CLE,-12.0,218.5,115.3,11,4.8,12.7,18.0,SG/SF,3200,5,18.0,7.0,101,112,7%,4,5,6,17,16,17,14.3,10.8,6.3,15.4,20.3,10.8,3.4,8.5,2.66,8.5,11.0,2.7,8.5,2.68,16.666666666666668,5.0,11.059999999999999,11.833333333333334,5.61
46,4,Bryn Forbes,0.0,SA,CLE,-12.0,218.5,115.3,23,10.0,19.0,35.0,PG/SG,4000,5,19.0,13.0,101,112,7%,11,10,11,28,25,27,18.9,20.9,13.0,28.7,16.6,5.5,1.4,18.8,4.69,19.0,24.0,4.8,18.9,4.745,26.666666666666668,10.666666666666666,20.080000000000002,21.333333333333332,17.009999999999998
46,5,Semi Ojeleye,0.0,BOS,PHI,-1.0,212.5,106.8,3,4.3,11.0,15.8,SF/PF,3100,0,8.0,7.0,102,101,-10%,1,2,2,24,24,15,10.9,6.8,1.2,12.5,23.5,11.0,3.5,12.5,4.03,12.1,24.0,3.9,12.3,3.965,21.0,1.6666666666666667,8.74,10.366666666666667,14.057142857142857
46,6,Enes Kanter,0.0,BOS,PHI,-1.0,212.5,106.8,10,3.3,15.6,27.8,C,3700,0,18.0,23.0,102,101,-15%,5,4,5,16,14,16,15.6,17.9,10.2,25.7,24.3,39.3,10.6,17.5,4.73,14.9,15.5,4.0,16.2,4.365,15.333333333333334,4.666666666666667,17.12,15.566666666666668,16.37608695652174
46,7,Jayson Tatum,0.0,BOS,PHI,-1.0,212.5,106.8,3,31.5,43.6,58.0,SF/PF,7100,0,28.0,18.0,102,101,-4%,14,18,18,33,34,35,43.6,38.4,29.6,47.2,33.9,27.8,3.9,35.0,4.93,35.2,34.0,5.0,35.1,4.965,34.0,16.666666666666668,38.779999999999994,44.36666666666667,35.1
47,0,Langston Galloway,0.0,DET,DAL,7.5,217.0,104.8,2,12.0,19.4,24.8,PG/SG,3700,2,16.0,14.0,102,106,-1%,9,8,9,24,26,28,18.7,20.0,13.1,26.9,20.3,4.8,1.3,16.0,4.32,14.8,22.5,4.0,15.4,4.16,26.0,8.666666666666666,18.82,18.733333333333334,13.326923076923077
47,1,Derrick White,0.0,SA,CLE,-12.0,218.5,115.3,23,3.8,17.4,26.8,PG/SG,4100,5,18.0,13.0,101,112,9%,8,8,8,24,24,24,17.1,19.7,12.1,27.3,31.7,27.0,6.6,20.5,5.0,19.1,22.0,4.7,19.8,4.85,24.0,8.0,19.199999999999996,16.0,18.150000000000002
47,2,Kristaps Porzingis,0.0,DAL,DET,-7.5,217.0,112.3,18,24.5,26.3,29.5,PF/C,6400,3,25.0,16.0,101,107,10%,12,11,15,28,30,31,26.7,35.5,24.5,46.5,29.5,37.5,5.9,34.0,5.31,36.6,32.5,5.7,35.3,5.505,29.666666666666668,12.666666666666666,33.7,26.766666666666666,38.67134831460674
47,3,James Ennis III,0.0,PHI,BOS,1.0,212.5,105.8,1,6.5,15.6,25.8,SF/PF,3500,1,16.0,16.0,102,101,-2%,7,6,5,20,21,18,15.3,14.8,7.2,22.3,18.4,2.8,0.8,13.0,3.71,14.3,19.0,4.1,13.65,3.905,19.666666666666668,6.0,14.650000000000002,15.966666666666669,13.18728813559322
47,4,DeMar DeRozan,0.0,SA,CLE,-12.0,218.5,115.3,11,30.5,39.1,43.5,SG/SF,7300,5,27.0,20.0,101,112,7%,20,18,16,40,37,35,40.6,37.8,31.2,44.5,39.1,35.5,4.9,39.8,5.45,38.6,33.5,5.3,39.2,5.375,37.333333333333336,18.0,38.660000000000004,37.699999999999996,35.175000000000004
47,5,Maxi Kleber,0.0,DAL,DET,-7.5,217.0,112.3,18,9.3,17.1,23.3,PF/C,3700,3,13.0,13.0,101,107,10%,6,5,6,15,20,24,17.4,18.8,11.8,25.8,18.3,10.3,2.8,17.5,4.73,16.9,22.0,4.6,17.2,4.665,19.666666666666668,5.666666666666667,18.2,16.566666666666666,19.240677966101693
47,6,Daniel Theis,0.0,BOS,PHI,-1.0,212.5,106.8,17,9.0,18.4,31.0,PF/C,4000,0,14.0,15.0,102,101,-10%,7,5,6,24,21,23,18.1,21.4,13.2,29.5,23.7,26.3,6.6,19.3,4.81,19.5,24.0,4.9,19.4,4.855,22.666666666666668,6.0,20.32,19.466666666666665,20.541176470588233
47,7,Svi Mykhailiuk,0.0,DET,DAL,7.5,217.0,104.8,22,4.3,15.3,25.5,SG/SF,3300,2,14.0,9.0,102,106,5%,4,7,5,14,21,17,15.3,10.4,3.7,17.1,12.1,2.8,0.8,8.5,2.58,8.4,14.5,2.5,8.45,2.54,17.333333333333332,5.333333333333333,10.99,15.033333333333333,7.06875
49,0,Derrick White,0.0,SA,CLE,-12.0,218.5,115.3,23,3.8,17.4,26.8,PG/SG,4100,5,18.0,13.0,101,112,9%,8,8,8,24,24,24,17.1,19.7,12.1,27.3,31.7,27.0,6.6,20.5,5.0,19.1,22.0,4.7,19.8,4.85,24.0,8.0,19.199999999999996,16.0,18.150000000000002
49,1,DeMar DeRozan,0.0,SA,CLE,-12.0,218.5,115.3,11,30.5,39.1,43.5,SG/SF,7300,5,27.0,20.0,101,112,7%,20,18,16,40,37,35,40.6,37.8,31.2,44.5,39.1,35.5,4.9,39.8,5.45,38.6,33.5,5.3,39.2,5.375,37.333333333333336,18.0,38.660000000000004,37.699999999999996,35.175000000000004
49,2,Christian Wood,0.0,DET,DAL,7.5,217.0,104.8,8,13.0,22.4,49.0,PF/C,4000,2,21.0,24.0,102,106,0%,5,7,5,16,18,15,22.8,17.8,4.9,30.7,13.6,21.5,5.4,16.8,4.19,14.1,13.0,3.5,15.45,3.845,16.333333333333332,5.666666666666667,18.330000000000002,28.133333333333336,12.296938775510204
49,3,James Ennis III,0.0,PHI,BOS,1.0,212.5,105.8,1,6.5,15.6,25.8,SF/PF,3500,1,16.0,16.0,102,101,-2%,7,6,5,20,21,18,15.3,14.8,7.2,22.3,18.4,2.8,0.8,13.0,3.71,14.3,19.0,4.1,13.65,3.905,19.666666666666668,6.0,14.650000000000002,15.966666666666669,13.18728813559322
49,4,Damian Lillard,0.0,POR,DEN,7.0,216.5,104.8,7,31.0,43.6,51.5,PG,8500,1,29.0,25.0,100,100,-10%,20,17,19,34,35,37,43.6,47.3,37.4,57.2,37.5,35.5,4.2,44.0,5.18,41.3,36.5,4.9,42.65,5.04,35.333333333333336,18.666666666666668,45.63000000000001,42.03333333333333,44.05825471698113
49,5,Rudy Gay,0.0,SA,CLE,-12.0,218.5,115.3,24,16.0,22.8,30.3,SF/PF,4700,5,22.0,16.0,101,112,8%,11,11,9,22,25,23,22.8,23.3,16.1,30.5,21.3,18.8,4.0,22.8,4.84,22.2,22.0,4.7,22.5,4.77,23.333333333333332,10.333333333333334,23.04,23.03333333333333,21.214285714285715
49,6,Jerami Grant,0.0,DEN,POR,-7.0,216.5,111.8,30,11.5,17.3,22.5,PF/C,3900,1,18.0,12.0,105,108,5%,7,6,8,22,20,22,17.3,17.3,10.3,24.3,31.3,32.8,8.4,17.8,4.55,19.1,22.5,4.9,18.450000000000003,4.725,21.333333333333332,7.0,17.53,17.099999999999998,19.458984375000004
49,7,Mason Plumlee,0.0,DEN,POR,-7.0,216.5,111.8,30,10.5,19.9,41.8,PF/C,3800,1,20.0,19.0,105,108,7%,4,4,5,15,16,17,19.9,19.5,11.5,27.4,17.8,16.8,4.4,17.8,4.67,17.2,15.0,4.5,17.5,4.585,16.0,4.333333333333333,19.16,24.066666666666663,16.40625
