Lineup Num,,Player Name,injury_status,team,opp,spread,over_under,implied_team_score,L5_dvp_rank,L5_ppg_floor,L5_ppg_avg,L5_ppg_max,Pos,Salary,Rest,USG,PER,Opp Pace,Opp DEff,Opp DvP,L2 FGA,L5 FGA,S FGA,L2 Min,L5 Min,S Min,L5 FP,S FP,Floor FP,Ceil FP,Actual Min,Actual FP,Actual Val,FantasyFuelPPGProj,FantasyFuelValueProj,DFN_PPGProj,DFN_MinProj,DFN_ValueProj,Avg Proj,Avg Value Proj,Avg Skewed Min,Avg Skewed FGA,Avg Skewed FP,Avg L5 PPG,Proj Min Enhanced
1,0,Patrick Beverley,0.0,LAC,MIL,6.5,228.0,110.8,5,12.8,20.8,25.3,PG/SG,4900,2,15.0,7.0,108,100,9%,7,9,8,33,30,30,20.8,21.8,17.4,26.2,35.1,44.5,9.1,28.0,5.71,28.5,31.5,5.8,28.25,5.755,31.0,8.0,22.889999999999997,19.633333333333336,28.70564516129032
1,1,Pat Connaughton,0.0,MIL,LAC,-6.5,228.0,117.3,9,4.0,13.0,30.0,SG/SF,3100,1,16.0,11.0,103,104,-1%,6,6,6,16,18,17,13.0,14.3,4.7,24.0,14.0,4.0,1.3,12.8,4.11,13.7,16.5,4.4,13.25,4.255000000000001,17.0,6.0,13.85,15.666666666666666,12.86029411764706
1,2,Al-Farouq Aminu,0.0,ORL,DAL,6.5,207.5,100.5,2,12.3,21.2,29.8,SF/PF,3600,0,12.0,8.0,103,107,7%,5,5,5,26,24,24,21.1,18.2,10.3,26.2,14.4,5.3,1.5,18.8,5.21,17.7,24.0,4.9,18.25,5.055,24.666666666666668,5.0,18.81,21.099999999999998,17.756756756756754
1,3,Ben McLemore,0.0,HOU,GS,-15.5,231.0,123.3,8,0.0,11.3,19.5,SG/SF,3300,1,15.0,11.0,105,115,6%,9,5,5,25,17,15,11.3,9.2,1.2,17.2,19.7,4.8,1.5,16.0,4.85,19.1,26.5,5.8,17.55,5.324999999999999,19.0,6.333333333333333,11.290000000000001,10.266666666666667,24.477631578947367
1,4,Luka Doncic,0.0,DAL,ORL,-6.5,207.5,107.0,6,27.0,59.3,73.8,PG/SG,9800,2,34.0,28.0,100,98,-1%,20,19,19,36,36,36,60.1,58.9,41.2,76.6,37.4,43.8,4.5,49.0,5.0,53.7,34.5,5.5,51.35,5.25,36.0,19.333333333333332,57.63000000000001,53.36666666666667,49.21041666666667
1,5,Bruce Brown Jr.,0.0,DET,NY,-3.5,207.0,105.3,14,9.3,24.1,41.8,SG/SF,5300,1,18.0,7.0,101,108,7%,16,9,7,39,29,26,24.1,18.2,3.5,32.9,34.2,23.8,4.5,25.0,4.72,27.6,35.0,5.2,26.3,4.96,31.333333333333332,10.666666666666666,20.999999999999996,25.066666666666666,29.377659574468087
1,6,Joel Embiid,0.0,PHI,UTA,2.5,209.0,103.3,1,32.3,45.8,66.8,C,9500,1,35.0,34.0,101,95,-7%,17,16,16,26,25,25,47.6,47.6,30.0,65.1,35.8,56.0,5.9,48.0,5.05,49.5,32.0,5.2,48.75,5.125,25.333333333333332,16.333333333333332,47.81,48.29999999999999,61.578947368421055
1,7,Tony Snell,0.0,DET,NY,-3.5,207.0,105.3,14,11.0,13.7,20.0,SG/SF,3400,1,12.0,9.0,101,108,7%,12,8,8,32,27,28,13.7,15.0,11.6,18.4,32.4,33.3,9.8,19.5,5.74,17.9,31.0,5.3,18.7,5.52,29.0,9.333333333333334,15.479999999999999,14.9,19.98965517241379
2,0,Coby White,0.0,CHI,ATL,-1.0,222.0,111.5,4,8.0,15.5,31.8,PG/SG,3600,0,25.0,10.0,103,101,-15%,11,10,12,24,21,23,15.4,20.7,9.3,32.0,29.5,17.5,4.9,20.3,5.63,21.2,23.0,5.9,20.75,5.765000000000001,22.666666666666668,11.0,19.63,18.433333333333334,21.05514705882353
2,1,Lou Williams,0.0,LAC,MIL,6.5,228.0,110.8,5,21.5,28.8,35.5,PG/SG,6500,2,31.0,18.0,108,100,2%,19,18,16,32,30,31,28.8,31.9,25.1,38.8,39.3,58.5,9.0,39.0,6.0,39.5,32.0,6.1,39.25,6.05,31.0,17.666666666666668,32.769999999999996,28.599999999999998,40.516129032258064
2,2,Kyle Anderson,0.0,MEM,MIN,3.0,224.5,110.8,10,8.3,20.4,27.5,SF/PF,4000,1,15.0,16.0,111,103,14%,8,6,6,22,21,21,20.4,19.5,12.2,26.8,18.9,16.3,4.1,19.3,4.81,18.8,21.5,4.7,19.05,4.755,21.333333333333332,6.666666666666667,19.59,18.733333333333334,19.198828125000002
2,3,Justin Holiday,0.0,IND,WAS,-4.0,224.5,114.3,24,10.8,16.2,21.5,SG/SF,3400,0,12.0,9.0,108,109,17%,7,6,6,26,24,23,16.2,15.8,9.0,22.5,16.5,9.0,2.6,19.3,5.66,17.2,24.5,5.1,18.25,5.38,24.333333333333332,6.333333333333333,16.35,16.166666666666668,18.375
2,4,DeAndre' Bembry,0.0,ATL,CHI,1.0,222.0,110.5,14,15.0,24.5,46.0,PG/SG,4800,0,18.0,19.0,104,107,-1%,9,8,8,24,24,24,24.4,23.5,12.3,34.7,25.6,16.8,3.5,22.8,4.74,18.4,19.0,3.8,20.6,4.27,24.0,8.333333333333334,23.1,28.5,16.308333333333334
2,5,Marcus Morris,0.0,NY,DET,3.5,207.0,101.8,6,20.3,31.9,50.8,SF/PF,5900,2,0.0,0.0,103,108,10%,16,13,13,37,33,34,31.9,30.8,17.7,43.9,33.0,30.5,5.2,28.3,4.79,28.5,34.0,4.8,28.4,4.795,34.666666666666664,14.0,30.54,34.333333333333336,27.853846153846153
2,6,Rudy Gobert,0.0,UTA,PHI,-2.5,209.0,105.8,18,16.5,32.8,46.0,C,7600,2,14.0,14.0,109,100,-14%,7,6,6,36,33,34,31.9,30.1,20.5,39.7,36.1,48.0,6.3,41.5,5.46,37.2,34.0,4.9,39.35,5.18,34.333333333333336,6.333333333333333,32.31,31.766666666666666,38.96796116504854
2,7,Danuel House Jr.,0.0,HOU,GS,-15.5,231.0,123.3,23,13.3,25.4,35.8,SF/PF,5100,1,14.0,15.0,105,115,15%,11,10,9,28,31,30,25.4,25.0,16.6,33.5,38.7,28.5,5.6,24.5,4.8,26.1,33.0,5.1,25.3,4.949999999999999,29.666666666666668,10.0,25.16,24.833333333333332,28.142696629213486
3,0,Malcolm Brogdon,0.0,IND,WAS,-4.0,224.5,114.3,24,36.3,46.8,57.5,PG/SG,8100,0,30.0,28.0,108,109,2%,17,17,17,35,34,34,46.8,47.8,40.9,54.6,35.0,38.3,4.7,45.8,5.65,46.0,34.5,5.7,45.9,5.675000000000001,34.333333333333336,17.0,47.2,46.86666666666667,46.12281553398058
3,1,Dillon Brooks,0.0,MEM,MIN,3.0,224.5,110.8,26,16.8,24.7,33.8,SG/SF,4900,1,20.0,12.0,111,103,14%,15,13,12,28,29,27,24.6,23.6,16.8,30.4,30.4,40.0,8.2,23.0,4.69,23.2,29.0,4.7,23.1,4.695,28.0,13.333333333333334,23.7,25.099999999999998,23.925
3,2,Serge Ibaka,0.0,TOR,SAC,-7.5,218.5,113.0,2,20.0,28.0,32.5,PF/C,5700,3,24.0,17.0,102,108,-15%,13,10,10,27,24,25,27.9,26.6,20.7,32.4,23.6,35.5,6.2,27.8,4.87,26.5,23.5,4.6,27.15,4.734999999999999,25.333333333333332,11.0,26.95,26.833333333333332,25.185197368421054
3,3,Otto Porter Jr.,0.0,CHI,ATL,-1.0,222.0,111.5,19,11.3,22.8,38.0,SF/PF,4500,0,18.0,10.0,103,101,11%,11,11,10,27,29,27,22.8,20.1,11.0,29.2,11.8,28.5,6.3,21.8,4.83,23.4,27.5,5.2,22.6,5.015000000000001,27.666666666666668,10.666666666666666,21.140000000000004,24.03333333333333,22.46385542168675
3,4,Andrew Wiggins,0.0,MIN,MEM,-3.0,224.5,113.8,15,27.5,33.3,39.8,SG/SF,6600,1,26.0,17.0,109,105,22%,19,17,19,29,32,32,33.3,32.8,28.7,36.9,34.3,47.5,7.2,32.3,4.89,34.2,33.5,5.2,33.25,5.045,31.0,18.333333333333332,32.989999999999995,33.53333333333333,35.931451612903224
3,5,Ben Simmons,0.0,PHI,UTA,2.5,209.0,103.3,1,31.5,39.2,47.8,PG/SF,7700,1,24.0,16.0,101,95,-21%,12,12,13,36,36,36,39.1,40.2,33.1,47.3,10.1,8.3,1.1,39.8,5.16,39.3,35.0,5.1,39.55,5.13,36.0,12.333333333333334,39.85,39.5,38.451388888888886
3,6,Montrezl Harrell,0.0,LAC,MIL,6.5,228.0,110.8,19,14.0,31.1,43.3,PF/C,6200,2,24.0,28.0,108,100,-6%,11,10,10,30,27,28,31.1,31.0,22.0,39.9,39.5,62.8,10.1,32.0,5.16,36.6,29.5,5.9,34.3,5.53,28.333333333333332,10.333333333333334,31.660000000000004,29.46666666666667,35.71235294117647
3,7,Jordan Poole,0.0,GS,HOU,15.5,231.0,107.8,30,9.3,19.8,29.8,SG/SF,4500,1,22.0,5.0,111,112,-1%,13,11,11,31,28,26,19.6,17.4,10.2,24.7,26.6,17.5,3.9,25.3,5.61,23.8,30.5,5.3,24.55,5.455,28.333333333333332,11.666666666666666,19.29,19.633333333333336,26.427352941176473
4,0,Isaac Bonga,0.0,WAS,IND,4.0,224.5,110.3,17,10.3,14.8,20.5,PG/SF,3200,1,11.0,10.0,103,100,-11%,5,4,5,20,23,23,14.8,15.6,10.8,20.4,10.5,4.8,1.5,13.3,4.14,13.2,18.0,4.1,13.25,4.119999999999999,22.0,4.666666666666667,14.969999999999999,15.200000000000001,10.840909090909092
4,1,DeAndre' Bembry,0.0,ATL,CHI,1.0,222.0,110.5,14,15.0,24.5,46.0,PG/SG,4800,0,18.0,19.0,104,107,-1%,9,8,8,24,24,24,24.4,23.5,12.3,34.7,25.6,16.8,3.5,22.8,4.74,18.4,19.0,3.8,20.6,4.27,24.0,8.333333333333334,23.1,28.5,16.308333333333334
4,2,Luke Kornet,0.0,CHI,ATL,-1.0,222.0,111.5,26,6.3,10.9,18.5,PF/C,3100,0,18.0,12.0,103,101,-25%,5,4,5,13,14,13,10.9,9.9,5.3,14.5,6.4,7.5,2.4,11.8,3.79,12.6,14.0,4.1,12.2,3.945,13.333333333333334,4.666666666666667,10.559999999999999,11.9,12.809999999999999
4,3,Bogdan Bogdanovic,0.0,SAC,TOR,7.5,218.5,105.5,16,16.0,19.8,25.0,SG/SF,4300,2,23.0,9.0,105,100,-7%,8,10,10,22,23,23,19.8,19.3,12.1,26.4,31.6,34.5,8.0,22.5,5.23,21.2,24.0,4.9,21.85,5.065,22.666666666666668,9.333333333333334,19.889999999999997,20.266666666666666,23.13529411764706
4,4,Yogi Ferrell,0.0,SAC,TOR,7.5,218.5,105.5,12,0.0,8.7,22.3,PG/SG,3000,2,0.0,0.0,105,100,-10%,4,3,3,7,5,5,5.3,5.3,1.3,9.2,4.8,3.3,1.1,0.8,0.25,0.0,0.0,0.0,0.4,0.125,5.666666666666667,3.3333333333333335,4.299999999999999,10.333333333333334,0.0
4,5,Marko Guduric,0.0,MEM,MIN,3.0,224.5,110.8,26,2.8,8.8,15.0,SG/SF,3000,1,18.0,2.0,111,103,21%,5,5,5,15,15,17,8.8,9.5,4.8,14.1,16.5,18.0,6.0,10.0,3.33,11.0,15.5,3.7,10.5,3.515,15.666666666666666,5.0,9.54,8.866666666666667,10.388297872340425
4,6,Andre Drummond,0.0,DET,NY,-3.5,207.0,105.3,2,44.5,59.7,74.5,C,10800,1,26.0,27.0,101,108,-2%,18,17,16,39,37,36,59.7,57.4,42.2,72.6,34.9,54.0,5.0,53.5,4.95,58.6,36.5,5.4,56.05,5.175000000000001,37.333333333333336,17.0,57.589999999999996,59.56666666666666,54.79888392857142
4,7,Tim Hardaway Jr.,0.0,DAL,ORL,-6.5,207.5,107.0,6,12.8,18.0,24.8,SG/SF,3900,2,19.0,10.0,100,98,-5%,12,9,9,24,23,23,17.9,16.1,9.7,22.5,26.5,20.8,5.3,15.5,3.97,15.8,21.5,4.1,15.65,4.035,23.333333333333332,10.0,16.37,18.533333333333335,14.420357142857146
5,0,Fred VanVleet,0.0,TOR,SAC,-7.5,218.5,113.0,18,26.3,31.1,34.3,PG/SG,6300,3,20.0,15.0,102,108,6%,10,12,13,36,37,38,31.1,35.3,24.6,45.9,35.1,24.5,3.9,33.5,5.32,34.6,36.0,5.5,34.05,5.41,37.0,11.666666666666666,34.19,30.566666666666666,33.129729729729725
5,1,Troy Brown,0.0,WAS,IND,4.0,224.5,110.3,5,12.0,24.8,39.5,SG/SF,4500,1,16.0,24.0,103,100,-29%,7,7,7,26,23,23,26.3,26.3,14.8,37.8,17.2,9.5,2.1,21.8,4.83,20.6,24.0,4.6,21.200000000000003,4.715,24.0,7.0,25.28,25.433333333333334,21.200000000000003
5,2,Giannis Antetokounmpo,0.0,MIL,LAC,-6.5,228.0,117.3,24,41.5,58.3,77.3,SF/PF,11700,1,35.0,34.0,103,104,-11%,20,17,17,32,31,32,58.3,61.9,49.6,74.3,35.7,81.5,7.0,55.3,4.72,59.1,32.5,5.1,57.2,4.91,31.666666666666668,18.0,60.260000000000005,59.03333333333333,58.70526315789474
5,3,Glenn Robinson III,0.0,GS,HOU,15.5,231.0,107.8,9,10.5,23.8,36.8,SF/PF,4800,1,14.0,14.0,111,112,32%,9,8,8,34,31,30,23.8,22.2,12.9,31.5,33.7,32.3,6.7,25.3,5.26,26.4,33.5,5.5,25.85,5.38,31.666666666666668,8.333333333333334,23.25,23.7,27.34657894736842
5,4,Damyean Dotson,0.0,NY,DET,3.5,207.0,101.8,23,-0.5,9.3,24.3,SG/SF,3000,2,0.0,0.0,103,108,-3%,1,1,1,9,7,7,3.3,3.3,-0.4,7.1,3.7,2.0,0.7,2.0,0.67,0.0,0.0,0.0,1.0,0.335,7.666666666666667,1.0,2.86,11.033333333333333,0.0
5,5,Thaddeus Young,0.0,CHI,ATL,-1.0,222.0,111.5,19,18.3,23.7,30.8,SF/PF,4500,0,21.0,16.0,103,101,-25%,10,10,10,21,23,22,23.7,20.8,13.4,28.3,19.2,9.3,2.1,23.0,5.11,21.5,23.0,4.8,22.25,4.955,22.0,10.0,21.69,24.266666666666666,23.26136363636364
5,6,Richaun Holmes,0.0,SAC,TOR,7.5,218.5,105.5,5,9.8,28.9,45.8,PF/C,5800,2,17.0,22.0,105,100,24%,7,9,7,25,26,24,28.9,24.9,10.0,39.7,30.8,24.0,4.1,28.3,4.87,28.5,28.0,4.9,28.4,4.885,25.0,7.666666666666667,26.380000000000003,28.166666666666668,31.807999999999996
5,7,JaMychal Green,0.0,LAC,MIL,6.5,228.0,110.8,20,9.5,20.0,37.0,SF/PF,3900,2,15.0,19.0,108,100,-6%,5,6,6,23,22,21,19.9,18.9,9.3,28.4,32.3,18.3,4.7,26.5,6.79,23.6,23.5,6.1,25.05,6.445,22.0,5.666666666666667,20.309999999999995,22.166666666666668,26.757954545454545
6,0,Patrick Beverley,0.0,LAC,MIL,6.5,228.0,110.8,5,12.8,20.8,25.3,PG/SG,4900,2,15.0,7.0,108,100,9%,7,9,8,33,30,30,20.8,21.8,17.4,26.2,35.1,44.5,9.1,28.0,5.71,28.5,31.5,5.8,28.25,5.755,31.0,8.0,22.889999999999997,19.633333333333336,28.70564516129032
6,1,Ben McLemore,0.0,HOU,GS,-15.5,231.0,123.3,8,0.0,11.3,19.5,SG/SF,3300,1,15.0,11.0,105,115,6%,9,5,5,25,17,15,11.3,9.2,1.2,17.2,19.7,4.8,1.5,16.0,4.85,19.1,26.5,5.8,17.55,5.324999999999999,19.0,6.333333333333333,11.290000000000001,10.266666666666667,24.477631578947367
6,2,Harrison Barnes,0.0,SAC,TOR,7.5,218.5,105.5,30,14.3,27.2,38.3,SF/PF,5200,2,17.0,16.0,105,100,-2%,13,12,12,36,33,33,27.2,25.9,18.0,33.8,38.5,41.0,7.9,25.3,4.86,25.7,34.0,4.9,25.5,4.880000000000001,34.0,12.333333333333334,26.079999999999995,26.599999999999998,25.5
6,3,Pat Connaughton,0.0,MIL,LAC,-6.5,228.0,117.3,9,4.0,13.0,30.0,SG/SF,3100,1,16.0,11.0,103,104,-1%,6,6,6,16,18,17,13.0,14.3,4.7,24.0,14.0,4.0,1.3,12.8,4.11,13.7,16.5,4.4,13.25,4.255000000000001,17.0,6.0,13.85,15.666666666666666,12.86029411764706
6,4,Raul Neto,0.0,PHI,UTA,2.5,209.0,103.3,1,0.0,5.2,11.5,PG,3000,1,0.0,0.0,101,95,-21%,3,2,2,9,6,6,5.2,5.2,0.4,9.9,30.2,25.3,8.4,2.5,0.83,0.0,0.0,0.0,1.25,0.415,7.0,2.3333333333333335,4.39,5.566666666666666,0.0
6,5,Rui Hachimura,0.0,WAS,IND,4.0,224.5,110.3,16,6.0,24.6,33.5,PF,5500,1,21.0,15.0,103,100,1%,9,13,14,19,29,29,24.6,25.2,15.2,35.1,20.8,11.0,2.0,23.8,4.32,25.5,28.5,4.6,24.65,4.46,25.666666666666668,12.0,24.95,21.366666666666664,27.371103896103893
6,6,Thomas Bryant,0.0,WAS,IND,4.0,224.5,110.3,16,23.8,34.0,49.8,PF/C,6800,1,19.0,18.0,103,100,14%,8,11,10,23,29,29,34.0,33.7,22.0,45.3,34.2,38.3,5.6,32.5,4.78,33.8,30.0,5.0,33.15,4.890000000000001,27.0,9.666666666666666,33.63,35.86666666666667,36.83333333333333
6,7,Mike Scott,0.0,PHI,UTA,2.5,209.0,103.3,21,1.3,12.7,24.8,SF/PF,3100,1,15.0,14.0,101,95,-9%,7,5,6,17,17,17,12.7,13.1,5.5,20.7,18.3,7.5,2.4,11.0,3.55,10.3,15.5,3.3,10.65,3.425,17.0,6.0,12.53,12.933333333333332,9.71029411764706
8,0,De'Aaron Fox,0.0,SAC,TOR,7.5,218.5,105.5,12,18.8,35.9,45.3,PG,7400,2,30.0,16.0,105,100,-10%,18,15,15,36,33,32,35.9,33.8,21.6,46.0,33.8,40.3,5.4,36.3,4.9,39.8,35.0,5.4,38.05,5.15,33.666666666666664,16.0,35.06999999999999,33.333333333333336,39.556930693069305
8,1,C.J. Miles,0.0,WAS,IND,4.0,224.5,110.3,5,3.3,17.9,39.8,SG/SF,3100,1,0.0,0.0,103,100,-29%,8,8,8,19,19,19,18.5,18.5,18.5,18.5,23.3,27.5,8.9,8.3,2.66,8.2,11.0,2.6,8.25,2.63,19.0,8.0,16.45,20.333333333333332,4.776315789473684
8,2,Danuel House Jr.,0.0,HOU,GS,-15.5,231.0,123.3,23,13.3,25.4,35.8,SF/PF,5100,1,14.0,15.0,105,115,15%,11,10,9,28,31,30,25.4,25.0,16.6,33.5,38.7,28.5,5.6,24.5,4.8,26.1,33.0,5.1,25.3,4.949999999999999,29.666666666666668,10.0,25.16,24.833333333333332,28.142696629213486
8,3,Vince Carter,0.0,ATL,CHI,1.0,222.0,110.5,8,3.3,8.5,11.5,SF/PF,3100,0,16.0,2.0,104,107,-2%,6,6,5,16,15,14,8.4,7.2,2.9,11.5,16.5,24.8,8.0,13.3,4.27,13.8,16.5,4.5,13.55,4.385,15.0,5.666666666666667,8.709999999999999,7.766666666666667,14.905000000000001
8,4,D.J. Augustin,0.0,ORL,DAL,6.5,207.5,100.5,25,8.8,14.6,17.3,PG,4000,0,18.0,11.0,103,107,-1%,8,7,8,26,26,25,14.6,16.5,12.0,21.1,28.5,25.0,6.3,20.3,5.06,18.8,24.5,4.7,19.55,4.88,25.666666666666668,7.666666666666667,16.75,13.566666666666668,18.661363636363635
8,5,Dorian Finney-Smith,0.0,DAL,ORL,-6.5,207.5,107.0,14,14.3,18.9,25.5,SF/PF,3800,2,14.0,13.0,100,98,-5%,8,7,7,27,26,27,18.9,19.7,15.4,24.0,28.6,13.0,3.4,17.8,4.67,18.4,25.0,4.8,18.1,4.734999999999999,26.666666666666668,7.333333333333333,19.22,19.566666666666666,16.968750000000004
8,6,Dwight Powell,0.0,DAL,ORL,-6.5,207.5,107.0,14,8.5,20.4,35.3,C,4000,2,17.0,11.0,100,98,14%,8,6,6,26,22,22,14.3,14.3,8.8,19.7,33.9,26.5,6.6,22.0,5.5,22.7,27.5,5.7,22.35,5.6,23.333333333333332,6.666666666666667,15.889999999999997,21.399999999999995,26.341071428571432
8,7,JaMychal Green,0.0,LAC,MIL,6.5,228.0,110.8,20,9.5,20.0,37.0,SF/PF,3900,2,15.0,19.0,108,100,-6%,5,6,6,23,22,21,19.9,18.9,9.3,28.4,32.3,18.3,4.7,26.5,6.79,23.6,23.5,6.1,25.05,6.445,22.0,5.666666666666667,20.309999999999995,22.166666666666668,26.757954545454545
9,0,Isaiah Thomas,0.0,WAS,IND,4.0,224.5,110.3,17,18.5,28.3,36.5,PG,5300,1,32.0,21.0,103,100,-11%,13,10,10,22,18,18,24.6,24.6,10.1,39.0,19.7,15.5,2.9,24.0,4.53,28.6,26.0,5.4,26.3,4.965,19.333333333333332,11.0,24.919999999999998,27.766666666666666,35.368965517241385
9,1,Bogdan Bogdanovic,0.0,SAC,TOR,7.5,218.5,105.5,16,16.0,19.8,25.0,SG/SF,4300,2,23.0,9.0,105,100,-7%,8,10,10,22,23,23,19.8,19.3,12.1,26.4,31.6,34.5,8.0,22.5,5.23,21.2,24.0,4.9,21.85,5.065,22.666666666666668,9.333333333333334,19.889999999999997,20.266666666666666,23.13529411764706
9,2,Solomon Hill,0.0,MEM,MIN,3.0,224.5,110.8,10,3.5,15.9,23.8,SF/PF,3100,1,17.0,12.0,111,103,14%,5,5,5,19,19,19,15.6,15.6,6.7,24.5,12.9,15.3,4.9,10.5,3.39,9.8,15.0,3.2,10.15,3.295,19.0,5.0,14.510000000000002,14.4,8.013157894736842
9,3,Ben Simmons,0.0,PHI,UTA,2.5,209.0,103.3,1,31.5,39.2,47.8,PG/SF,7700,1,24.0,16.0,101,95,-21%,12,12,13,36,36,36,39.1,40.2,33.1,47.3,10.1,8.3,1.1,39.8,5.16,39.3,35.0,5.1,39.55,5.13,36.0,12.333333333333334,39.85,39.5,38.451388888888886
9,4,Zach LaVine,0.0,CHI,ATL,-1.0,222.0,111.5,4,22.5,34.5,49.3,PG/SG,7200,0,30.0,17.0,103,101,-15%,19,18,18,33,33,32,34.8,36.1,22.7,49.6,30.9,32.0,4.4,35.0,4.86,37.6,32.5,5.2,36.3,5.03,32.666666666666664,18.333333333333332,35.9,35.43333333333333,36.11479591836734
9,5,Dillon Brooks,0.0,MEM,MIN,3.0,224.5,110.8,26,16.8,24.7,33.8,SG/SF,4900,1,20.0,12.0,111,103,14%,15,13,12,28,29,27,24.6,23.6,16.8,30.4,30.4,40.0,8.2,23.0,4.69,23.2,29.0,4.7,23.1,4.695,28.0,13.333333333333334,23.7,25.099999999999998,23.925
9,6,Serge Ibaka,0.0,TOR,SAC,-7.5,218.5,113.0,2,20.0,28.0,32.5,PF/C,5700,3,24.0,17.0,102,108,-15%,13,10,10,27,24,25,27.9,26.6,20.7,32.4,23.6,35.5,6.2,27.8,4.87,26.5,23.5,4.6,27.15,4.734999999999999,25.333333333333332,11.0,26.95,26.833333333333332,25.185197368421054
9,7,Patrick Patterson,0.0,LAC,MIL,6.5,228.0,110.8,19,2.3,11.9,17.8,PF/C,3100,2,11.0,7.0,108,100,-6%,3,4,5,16,23,23,11.8,13.6,5.5,21.7,13.4,7.8,2.5,18.8,6.05,17.4,26.5,5.6,18.1,5.824999999999999,20.666666666666668,4.0,14.139999999999997,10.666666666666666,23.208870967741937
10,0,Luka Doncic,0.0,DAL,ORL,-6.5,207.5,107.0,6,27.0,59.3,73.8,PG/SG,9800,2,34.0,28.0,100,98,-1%,20,19,19,36,36,36,60.1,58.9,41.2,76.6,37.4,43.8,4.5,49.0,5.0,53.7,34.5,5.5,51.35,5.25,36.0,19.333333333333332,57.63000000000001,53.36666666666667,49.21041666666667
10,1,Aaron Holiday,0.0,IND,WAS,-4.0,224.5,114.3,24,5.5,11.0,19.5,PG/SG,3100,0,25.0,1.0,108,109,2%,7,6,6,20,14,14,11.0,11.0,4.3,17.7,30.9,23.5,7.6,19.8,6.37,23.1,25.0,7.5,21.450000000000003,6.9350000000000005,16.0,6.333333333333333,13.09,12.0,33.51562500000001
10,2,Richaun Holmes,0.0,SAC,TOR,7.5,218.5,105.5,5,9.8,28.9,45.8,PF/C,5800,2,17.0,22.0,105,100,24%,7,9,7,25,26,24,28.9,24.9,10.0,39.7,30.8,24.0,4.1,28.3,4.87,28.5,28.0,4.9,28.4,4.885,25.0,7.666666666666667,26.380000000000003,28.166666666666668,31.807999999999996
10,3,Jordan Poole,0.0,GS,HOU,15.5,231.0,107.8,30,9.3,19.8,29.8,SG/SF,4500,1,22.0,5.0,111,112,-1%,13,11,11,31,28,26,19.6,17.4,10.2,24.7,26.6,17.5,3.9,25.3,5.61,23.8,30.5,5.3,24.55,5.455,28.333333333333332,11.666666666666666,19.29,19.633333333333336,26.427352941176473
10,4,Josh Okogie,0.0,MIN,MEM,-3.0,224.5,113.8,15,12.8,20.2,24.5,SG/SF,4000,1,17.0,14.0,109,105,-2%,6,6,6,26,24,22,20.1,20.4,16.2,24.7,20.4,15.0,3.8,19.3,4.81,23.1,27.5,5.8,21.200000000000003,5.305,24.0,6.0,20.520000000000003,19.166666666666668,24.291666666666668
10,5,Furkan Korkmaz,0.0,PHI,UTA,2.5,209.0,103.3,4,1.0,16.2,30.3,SG/SF,3600,1,18.0,12.0,101,95,-23%,11,8,7,27,19,19,16.1,14.9,3.3,26.4,24.8,10.8,3.0,12.0,3.33,14.9,21.0,4.1,13.45,3.715,21.666666666666668,8.666666666666666,14.829999999999998,15.833333333333334,13.036153846153846
10,6,Patrick Patterson,0.0,LAC,MIL,6.5,228.0,110.8,19,2.3,11.9,17.8,PF/C,3100,2,11.0,7.0,108,100,-6%,3,4,5,16,23,23,11.8,13.6,5.5,21.7,13.4,7.8,2.5,18.8,6.05,17.4,26.5,5.6,18.1,5.824999999999999,20.666666666666668,4.0,14.139999999999997,10.666666666666666,23.208870967741937
10,7,JaMychal Green,0.0,LAC,MIL,6.5,228.0,110.8,20,9.5,20.0,37.0,SF/PF,3900,2,15.0,19.0,108,100,-6%,5,6,6,23,22,21,19.9,18.9,9.3,28.4,32.3,18.3,4.7,26.5,6.79,23.6,23.5,6.1,25.05,6.445,22.0,5.666666666666667,20.309999999999995,22.166666666666668,26.757954545454545
11,0,Frank Ntilikina,0.0,NY,DET,3.5,207.0,101.8,11,1.0,12.0,25.3,PG/SG,4000,2,14.0,4.0,103,108,9%,6,5,5,26,21,18,11.8,10.0,-0.3,20.2,38.6,25.8,6.5,14.3,3.56,17.7,27.0,4.4,16.0,3.9800000000000004,21.666666666666668,5.333333333333333,11.540000000000001,12.766666666666666,19.938461538461535
11,1,Alec Burks,0.0,GS,HOU,15.5,231.0,107.8,8,4.0,12.6,20.5,PG/SG,4000,1,18.0,9.0,111,112,32%,8,8,8,26,22,22,14.8,14.8,10.2,19.3,31.4,47.0,11.8,26.0,6.5,23.4,27.0,5.8,24.7,6.15,23.333333333333332,8.0,16.76,12.366666666666667,28.58142857142857
11,2,Kristaps Porzingis,0.0,DAL,ORL,-6.5,207.5,107.0,13,26.8,41.5,56.3,PF/C,7700,2,28.0,19.0,100,98,14%,15,17,17,34,33,32,41.5,40.3,30.2,50.3,33.8,21.0,2.7,36.0,4.68,38.1,32.5,4.9,37.05,4.79,33.0,16.333333333333332,39.86999999999999,41.53333333333333,36.48863636363636
11,3,Treveon Graham,0.0,MIN,MEM,-3.0,224.5,113.8,3,9.3,12.3,15.0,SF/PF,3100,1,14.0,7.0,109,105,22%,6,6,7,19,20,23,12.3,14.3,8.7,19.9,31.7,28.0,9.0,14.3,4.6,13.1,20.0,4.2,13.7,4.4,20.666666666666668,6.333333333333333,13.780000000000001,12.200000000000001,13.258064516129032
11,4,Andrew Wiggins,0.0,MIN,MEM,-3.0,224.5,113.8,15,27.5,33.3,39.8,SG/SF,6600,1,26.0,17.0,109,105,22%,19,17,19,29,32,32,33.3,32.8,28.7,36.9,34.3,47.5,7.2,32.3,4.89,34.2,33.5,5.2,33.25,5.045,31.0,18.333333333333332,32.989999999999995,33.53333333333333,35.931451612903224
11,5,Jonathan Isaac,0.0,ORL,DAL,6.5,207.5,100.5,2,25.8,31.9,44.8,SF/PF,5600,0,17.0,16.0,103,107,7%,11,10,9,33,32,30,31.9,29.0,20.9,37.1,31.8,53.0,9.5,27.8,4.96,28.5,31.0,5.1,28.15,5.029999999999999,31.666666666666668,10.0,29.410000000000004,34.166666666666664,27.55736842105263
11,6,Noah Vonleh,0.0,MIN,MEM,-3.0,224.5,113.8,27,5.5,12.8,15.8,PF/C,3500,1,14.0,14.0,109,105,-6%,5,4,4,15,14,14,12.8,12.6,8.9,16.3,15.8,18.0,5.1,16.0,4.57,12.5,13.0,3.6,14.25,4.085,14.333333333333334,4.333333333333333,12.969999999999999,11.366666666666667,12.924418604651162
11,7,Coby White,0.0,CHI,ATL,-1.0,222.0,111.5,4,8.0,15.5,31.8,PG/SG,3600,0,25.0,10.0,103,101,-15%,11,10,12,24,21,23,15.4,20.7,9.3,32.0,29.5,17.5,4.9,20.3,5.63,21.2,23.0,5.9,20.75,5.765000000000001,22.666666666666668,11.0,19.63,18.433333333333334,21.05514705882353
12,0,Raul Neto,0.0,PHI,UTA,2.5,209.0,103.3,1,0.0,5.2,11.5,PG,3000,1,0.0,0.0,101,95,-21%,3,2,2,9,6,6,5.2,5.2,0.4,9.9,30.2,25.3,8.4,2.5,0.83,0.0,0.0,0.0,1.25,0.415,7.0,2.3333333333333335,4.39,5.566666666666666,0.0
12,1,Tim Hardaway Jr.,0.0,DAL,ORL,-6.5,207.5,107.0,6,12.8,18.0,24.8,SG/SF,3900,2,19.0,10.0,100,98,-5%,12,9,9,24,23,23,17.9,16.1,9.7,22.5,26.5,20.8,5.3,15.5,3.97,15.8,21.5,4.1,15.65,4.035,23.333333333333332,10.0,16.37,18.533333333333335,14.420357142857146
12,2,Christian Wood,0.0,DET,NY,-3.5,207.0,105.3,23,-0.5,18.8,38.5,PF/C,3600,1,19.0,25.0,101,108,0%,3,5,5,14,16,15,18.8,15.8,1.6,30.0,18.6,22.5,6.3,18.0,5.0,17.7,15.0,4.9,17.85,4.95,15.0,4.333333333333333,16.809999999999995,18.933333333333334,17.85
12,3,Norman Powell,0.0,TOR,SAC,-7.5,218.5,113.0,7,5.8,16.7,25.8,SG/SF,4000,3,16.0,8.0,102,108,7%,8,7,7,24,23,24,16.6,16.8,9.5,24.1,18.9,12.0,3.0,20.8,5.19,18.6,23.0,4.7,19.700000000000003,4.945,23.666666666666668,7.333333333333333,17.34,16.099999999999998,19.145070422535213
12,4,Patrick Beverley,0.0,LAC,MIL,6.5,228.0,110.8,5,12.8,20.8,25.3,PG/SG,4900,2,15.0,7.0,108,100,9%,7,9,8,33,30,30,20.8,21.8,17.4,26.2,35.1,44.5,9.1,28.0,5.71,28.5,31.5,5.8,28.25,5.755,31.0,8.0,22.889999999999997,19.633333333333336,28.70564516129032
12,5,Eric Paschall,0.0,GS,HOU,15.5,231.0,107.8,9,11.0,28.8,55.3,SF/PF,6500,1,19.0,21.0,111,112,23%,19,11,10,37,30,30,28.8,26.6,11.1,42.1,33.7,31.5,4.8,32.8,5.04,33.4,35.0,5.1,33.099999999999994,5.07,32.333333333333336,13.333333333333334,28.339999999999996,31.7,35.82989690721649
12,6,Nikola Vucevic,0.0,ORL,DAL,6.5,207.5,100.5,9,23.5,34.8,49.3,C,7900,0,26.0,20.0,103,107,-10%,16,15,15,34,30,31,34.5,35.1,27.1,43.1,33.4,48.3,6.1,42.5,5.38,40.4,32.0,5.1,41.45,5.24,31.666666666666668,15.333333333333334,36.25,35.86666666666667,41.886315789473684
12,7,Jeff Green,0.0,UTA,PHI,-2.5,209.0,105.8,22,5.3,12.0,18.3,SF/PF,3100,2,16.0,8.0,109,100,-3%,5,5,5,21,19,19,12.0,11.8,7.6,15.9,18.6,10.5,3.4,14.8,4.76,16.1,22.5,5.2,15.450000000000001,4.98,19.666666666666668,5.0,12.55,11.866666666666667,17.675847457627118
14,0,Trae Young,0.0,ATL,CHI,1.0,222.0,110.5,14,12.0,47.6,65.3,PG,9100,0,38.0,29.0,104,107,-13%,14,19,19,20,30,30,47.6,47.6,25.6,69.6,29.2,15.3,1.7,44.8,4.92,48.2,33.5,5.3,46.5,5.109999999999999,26.666666666666668,17.333333333333332,47.38,41.63333333333333,58.415625
14,1,Dillon Brooks,0.0,MEM,MIN,3.0,224.5,110.8,26,16.8,24.7,33.8,SG/SF,4900,1,20.0,12.0,111,103,14%,15,13,12,28,29,27,24.6,23.6,16.8,30.4,30.4,40.0,8.2,23.0,4.69,23.2,29.0,4.7,23.1,4.695,28.0,13.333333333333334,23.7,25.099999999999998,23.925
14,2,Eric Paschall,0.0,GS,HOU,15.5,231.0,107.8,9,11.0,28.8,55.3,SF/PF,6500,1,19.0,21.0,111,112,23%,19,11,10,37,30,30,28.8,26.6,11.1,42.1,33.7,31.5,4.8,32.8,5.04,33.4,35.0,5.1,33.099999999999994,5.07,32.333333333333336,13.333333333333334,28.339999999999996,31.7,35.82989690721649
14,3,Solomon Hill,0.0,MEM,MIN,3.0,224.5,110.8,10,3.5,15.9,23.8,SF/PF,3100,1,17.0,12.0,111,103,14%,5,5,5,19,19,19,15.6,15.6,6.7,24.5,12.9,15.3,4.9,10.5,3.39,9.8,15.0,3.2,10.15,3.295,19.0,5.0,14.510000000000002,14.4,8.013157894736842
14,4,George Hill,0.0,MIL,LAC,-6.5,228.0,117.3,22,9.8,20.5,38.0,PG/SG,3600,1,15.0,20.0,103,104,-2%,4,7,6,22,20,23,20.5,20.5,11.6,29.4,24.1,32.8,9.1,16.5,4.58,16.0,20.0,4.4,16.25,4.49,21.666666666666668,5.666666666666667,19.65,22.766666666666666,15.0
14,5,Treveon Graham,0.0,MIN,MEM,-3.0,224.5,113.8,3,9.3,12.3,15.0,SF/PF,3100,1,14.0,7.0,109,105,22%,6,6,7,19,20,23,12.3,14.3,8.7,19.9,31.7,28.0,9.0,14.3,4.6,13.1,20.0,4.2,13.7,4.4,20.666666666666668,6.333333333333333,13.780000000000001,12.200000000000001,13.258064516129032
14,6,Andre Drummond,0.0,DET,NY,-3.5,207.0,105.3,2,44.5,59.7,74.5,C,10800,1,26.0,27.0,101,108,-2%,18,17,16,39,37,36,59.7,57.4,42.2,72.6,34.9,54.0,5.0,53.5,4.95,58.6,36.5,5.4,56.05,5.175000000000001,37.333333333333336,17.0,57.589999999999996,59.56666666666666,54.79888392857142
14,7,Brook Lopez,0.0,MIL,LAC,-6.5,228.0,117.3,19,5.0,20.8,34.8,C,5200,1,16.0,12.0,103,104,-4%,9,8,8,26,26,28,20.6,22.2,13.0,31.4,32.0,44.5,8.6,23.8,4.57,25.1,27.0,4.8,24.450000000000003,4.6850000000000005,26.666666666666668,8.333333333333334,22.33,20.2,24.755625000000002
15,0,Tyrone Wallace,0.0,ATL,CHI,1.0,222.0,110.5,14,2.0,8.9,17.3,PG/SG,3300,0,23.0,18.0,104,107,-2%,7,5,5,13,13,13,11.8,11.8,4.3,19.2,16.1,6.5,2.0,7.3,2.2,0.0,0.0,0.0,3.65,1.1,13.0,5.666666666666667,10.149999999999999,9.4,0.0
15,1,Damion Lee,0.0,GS,HOU,15.5,231.0,107.8,30,7.8,25.3,42.3,SG/SF,4300,1,22.0,19.0,111,112,32%,10,9,7,28,24,20,25.3,20.6,7.3,33.9,27.9,25.5,5.9,25.0,5.81,25.3,27.5,5.9,25.15,5.855,24.0,8.666666666666666,22.45,25.133333333333336,28.817708333333332
15,2,Jonathan Isaac,0.0,ORL,DAL,6.5,207.5,100.5,2,25.8,31.9,44.8,SF/PF,5600,0,17.0,16.0,103,107,7%,11,10,9,33,32,30,31.9,29.0,20.9,37.1,31.8,53.0,9.5,27.8,4.96,28.5,31.0,5.1,28.15,5.029999999999999,31.666666666666668,10.0,29.410000000000004,34.166666666666664,27.55736842105263
15,3,Terence Davis,0.0,TOR,SAC,-7.5,218.5,113.0,7,0.0,8.7,18.8,SG/SF,3000,3,15.0,14.0,102,108,-15%,1,1,2,5,6,8,5.0,7.3,0.0,14.5,7.3,2.3,0.8,7.0,2.33,0.0,0.0,0.0,3.5,1.165,6.333333333333333,1.3333333333333333,6.0600000000000005,9.166666666666666,0.0
15,4,Donovan Mitchell,0.0,UTA,PHI,-2.5,209.0,105.8,16,25.3,38.2,55.0,PG/SG,7800,2,29.0,28.0,109,100,-9%,20,18,18,35,33,34,38.2,41.2,30.4,51.9,35.4,42.8,5.5,40.8,5.22,38.9,35.0,5.0,39.849999999999994,5.109999999999999,34.0,18.666666666666668,40.31,39.5,41.022058823529406
15,5,Jabari Parker,0.0,ATL,CHI,1.0,222.0,110.5,8,11.0,23.6,36.5,SF/PF,6700,0,24.0,18.0,104,107,17%,14,10,11,29,24,24,23.6,23.0,13.3,32.6,29.1,30.3,4.5,31.5,4.7,33.9,30.5,5.1,32.7,4.9,25.666666666666668,11.666666666666666,25.04,23.7,38.85779220779221
15,6,Chris Boucher,0.0,TOR,SAC,-7.5,218.5,113.0,2,1.3,3.8,8.0,PF/C,3000,3,0.0,0.0,102,108,-15%,1,1,1,4,4,4,4.4,4.4,1.6,7.3,5.3,3.5,1.2,5.0,1.67,0.0,0.0,0.0,2.5,0.835,4.0,1.0,4.040000000000001,4.366666666666666,0.0
15,7,Eric Bledsoe,0.0,MIL,LAC,-6.5,228.0,117.3,22,20.3,33.3,43.3,PG,6300,1,26.0,17.0,103,104,-2%,13,13,12,24,26,26,33.5,29.4,19.3,39.5,26.3,34.5,5.5,29.3,4.64,31.0,27.0,4.9,30.15,4.77,25.333333333333332,12.666666666666666,30.369999999999997,32.3,32.133552631578944
16,0,Allonzo Trier,0.0,NY,DET,3.5,207.0,101.8,11,-0.5,18.3,32.3,PG/SG,3400,2,23.0,10.0,103,108,9%,7,6,6,22,19,19,14.9,14.9,-0.7,30.4,3.7,6.8,2.0,15.5,4.56,11.9,17.0,3.5,13.7,4.029999999999999,20.0,6.333333333333333,14.64,16.7,11.645
16,1,Kris Dunn,0.0,CHI,ATL,-1.0,222.0,111.5,4,7.8,14.7,20.5,PG/SG,3500,0,16.0,10.0,103,101,-15%,5,5,6,18,19,20,14.7,16.5,10.1,23.0,20.2,27.3,7.8,17.0,4.86,15.8,18.0,4.5,16.4,4.68,19.0,5.333333333333333,16.139999999999997,14.333333333333334,15.536842105263156
16,2,Wendell Carter Jr.,0.0,CHI,ATL,-1.0,222.0,111.5,26,27.3,34.0,44.5,PF/C,5900,0,19.0,22.0,103,101,-25%,10,9,9,30,30,28,34.0,30.3,22.8,37.9,13.3,7.5,1.3,29.5,5.0,29.6,29.0,5.0,29.55,5.0,29.333333333333332,9.333333333333334,30.909999999999997,35.266666666666666,29.21420454545455
16,3,T.J. Warren,0.0,IND,WAS,-4.0,224.5,114.3,13,6.8,32.3,48.5,SF/PF,5800,0,20.0,10.0,108,109,7%,17,16,15,39,36,36,32.3,26.8,11.0,42.7,32.0,31.0,5.3,32.8,5.65,30.7,34.5,5.3,31.75,5.475,37.0,16.0,28.910000000000004,29.2,29.60472972972973
16,4,Yogi Ferrell,0.0,SAC,TOR,7.5,218.5,105.5,12,0.0,8.7,22.3,PG/SG,3000,2,0.0,0.0,105,100,-10%,4,3,3,7,5,5,5.3,5.3,1.3,9.2,4.8,3.3,1.1,0.8,0.25,0.0,0.0,0.0,0.4,0.125,5.666666666666667,3.3333333333333335,4.299999999999999,10.333333333333334,0.0
16,5,Justin Jackson,0.0,DAL,ORL,-6.5,207.5,107.0,14,0.0,7.3,12.5,SF/PF,3000,2,15.0,15.0,100,98,-5%,1,3,4,4,12,13,7.3,9.0,3.0,15.1,16.7,18.0,6.0,7.8,2.58,0.0,0.0,0.0,3.9,1.29,9.666666666666666,2.6666666666666665,7.659999999999999,6.6000000000000005,0.0
16,6,Julius Randle,0.0,NY,DET,3.5,207.0,101.8,30,19.3,30.3,41.0,PF/C,6800,2,25.0,12.0,103,108,10%,10,11,13,30,32,33,30.1,34.0,22.4,45.6,32.3,30.3,4.5,39.5,5.81,35.8,33.0,5.3,37.65,5.555,31.666666666666668,11.333333333333334,33.95,30.2,39.235263157894735
16,7,RJ Barrett,0.0,NY,DET,3.5,207.0,101.8,11,14.0,34.2,47.8,PG/SG,6700,2,25.0,14.0,103,108,10%,19,17,16,40,37,37,33.9,33.9,23.8,44.0,33.7,37.5,5.6,33.0,4.93,33.6,36.5,5.0,33.3,4.965,38.0,17.333333333333332,33.779999999999994,32.0,31.98552631578947
17,0,D.J. Augustin,0.0,ORL,DAL,6.5,207.5,100.5,25,8.8,14.6,17.3,PG,4000,0,18.0,11.0,103,107,-1%,8,7,8,26,26,25,14.6,16.5,12.0,21.1,28.5,25.0,6.3,20.3,5.06,18.8,24.5,4.7,19.55,4.88,25.666666666666668,7.666666666666667,16.75,13.566666666666668,18.661363636363635
17,1,James Harden,0.0,HOU,GS,-15.5,231.0,123.3,23,39.0,60.4,79.3,PG/SG,11200,1,42.0,27.0,105,115,7%,21,25,24,32,35,35,60.5,56.3,40.9,71.6,35.3,74.5,6.7,60.8,5.42,61.4,35.5,5.5,61.099999999999994,5.46,34.0,23.333333333333332,58.08,59.56666666666666,63.79558823529411
17,2,Bojan Bogdanovic,0.0,UTA,PHI,-2.5,209.0,105.8,22,21.0,33.0,43.8,SF/PF,5700,2,26.0,19.0,109,100,-3%,15,14,14,35,33,31,33.0,31.2,22.6,39.8,35.5,38.5,6.8,28.5,5.0,27.7,33.5,4.9,28.1,4.95,33.0,14.333333333333334,30.939999999999998,32.6,28.525757575757577
17,3,Jake Layman,0.0,MIN,MEM,-3.0,224.5,113.8,3,13.5,15.5,20.3,SF/PF,3400,1,16.0,7.0,109,105,22%,10,10,9,27,26,25,15.1,15.4,12.4,18.4,22.3,17.5,5.1,17.0,5.0,17.3,23.5,5.1,17.15,5.05,26.0,9.666666666666666,15.689999999999998,16.433333333333334,15.500961538461539
17,4,Zach LaVine,0.0,CHI,ATL,-1.0,222.0,111.5,4,22.5,34.5,49.3,PG/SG,7200,0,30.0,17.0,103,101,-15%,19,18,18,33,33,32,34.8,36.1,22.7,49.6,30.9,32.0,4.4,35.0,4.86,37.6,32.5,5.2,36.3,5.03,32.666666666666664,18.333333333333332,35.9,35.43333333333333,36.11479591836734
17,5,Thaddeus Young,0.0,CHI,ATL,-1.0,222.0,111.5,19,18.3,23.7,30.8,SF/PF,4500,0,21.0,16.0,103,101,-25%,10,10,10,21,23,22,23.7,20.8,13.4,28.3,19.2,9.3,2.1,23.0,5.11,21.5,23.0,4.8,22.25,4.955,22.0,10.0,21.69,24.266666666666666,23.26136363636364
17,6,Alex Len,0.0,ATL,CHI,1.0,222.0,110.5,28,10.0,13.3,19.0,C,4200,0,17.0,7.0,104,107,27%,4,5,5,14,17,18,13.3,14.1,10.1,18.1,11.2,15.0,3.6,21.5,5.12,20.4,19.0,4.9,20.95,5.01,16.333333333333332,4.666666666666667,15.309999999999999,14.1,24.370408163265306
17,7,Omari Spellman,0.0,GS,HOU,15.5,231.0,107.8,20,6.0,14.1,20.0,PF/C,3300,1,19.0,14.0,111,112,23%,4,4,5,17,16,16,13.9,16.9,8.5,25.3,18.3,30.3,9.2,15.0,4.55,15.7,17.0,4.8,15.35,4.675,16.333333333333332,4.333333333333333,15.989999999999998,13.366666666666667,15.976530612244899
18,0,Tomas Satoransky,0.0,CHI,ATL,-1.0,222.0,111.5,4,14.5,21.1,30.0,PG/SF,4600,0,16.0,12.0,103,101,-15%,6,5,6,27,27,26,21.1,19.8,12.8,26.7,30.0,49.8,10.8,21.8,4.73,21.4,26.5,4.7,21.6,4.715,26.666666666666668,5.666666666666667,20.4,21.866666666666664,21.465
18,1,Justin Holiday,0.0,IND,WAS,-4.0,224.5,114.3,24,10.8,16.2,21.5,SG/SF,3400,0,12.0,9.0,108,109,17%,7,6,6,26,24,23,16.2,15.8,9.0,22.5,16.5,9.0,2.6,19.3,5.66,17.2,24.5,5.1,18.25,5.38,24.333333333333332,6.333333333333333,16.35,16.166666666666668,18.375
18,2,Justin Jackson,0.0,DAL,ORL,-6.5,207.5,107.0,14,0.0,7.3,12.5,SF/PF,3000,2,15.0,15.0,100,98,-5%,1,3,4,4,12,13,7.3,9.0,3.0,15.1,16.7,18.0,6.0,7.8,2.58,0.0,0.0,0.0,3.9,1.29,9.666666666666666,2.6666666666666665,7.659999999999999,6.6000000000000005,0.0
18,3,Markieff Morris,0.0,DET,NY,-3.5,207.0,105.3,29,5.5,16.5,25.3,SF/PF,3800,1,20.0,7.0,101,108,0%,8,9,9,24,28,27,16.5,18.5,10.3,26.7,29.4,39.0,10.3,27.0,7.11,24.9,31.0,6.6,25.95,6.855,26.333333333333332,8.666666666666666,19.59,15.766666666666666,30.54873417721519
18,4,Terence Davis,0.0,TOR,SAC,-7.5,218.5,113.0,7,0.0,8.7,18.8,SG/SF,3000,3,15.0,14.0,102,108,-15%,1,1,2,5,6,8,5.0,7.3,0.0,14.5,7.3,2.3,0.8,7.0,2.33,0.0,0.0,0.0,3.5,1.165,6.333333333333333,1.3333333333333333,6.0600000000000005,9.166666666666666,0.0
18,5,Jordan Poole,0.0,GS,HOU,15.5,231.0,107.8,30,9.3,19.8,29.8,SG/SF,4500,1,22.0,5.0,111,112,-1%,13,11,11,31,28,26,19.6,17.4,10.2,24.7,26.6,17.5,3.9,25.3,5.61,23.8,30.5,5.3,24.55,5.455,28.333333333333332,11.666666666666666,19.29,19.633333333333336,26.427352941176473
18,6,Willie Cauley-Stein,0.0,GS,HOU,15.5,231.0,107.8,11,14.3,19.1,25.0,C,4800,1,17.0,26.0,111,112,2%,6,6,6,18,17,17,20.3,20.3,15.8,24.8,20.0,12.0,2.5,24.3,5.05,22.9,20.5,4.8,23.6,4.925,17.333333333333332,6.0,20.96,19.46666666666667,27.911538461538466
18,7,Marcus Morris,0.0,NY,DET,3.5,207.0,101.8,6,20.3,31.9,50.8,SF/PF,5900,2,0.0,0.0,103,108,10%,16,13,13,37,33,34,31.9,30.8,17.7,43.9,33.0,30.5,5.2,28.3,4.79,28.5,34.0,4.8,28.4,4.795,34.666666666666664,14.0,30.54,34.333333333333336,27.853846153846153
21,0,Ja Morant,0.0,MEM,MIN,3.0,224.5,110.8,19,25.3,35.9,50.0,PG,7100,1,31.0,20.0,111,103,21%,16,15,15,29,29,28,35.9,34.3,24.1,44.4,25.7,35.5,5.0,34.5,4.86,36.8,28.5,5.2,35.65,5.03,28.666666666666668,15.333333333333334,34.87,37.06666666666667,35.44273255813953
21,1,Wesley Matthews,0.0,MIL,LAC,-6.5,228.0,117.3,9,2.0,11.6,23.8,SG/SF,3500,1,13.0,11.0,103,104,-1%,4,5,7,16,22,24,11.6,15.1,5.8,24.4,18.1,1.3,0.4,16.0,4.57,14.2,22.0,4.1,15.1,4.335,20.666666666666668,5.333333333333333,14.399999999999997,12.466666666666667,16.074193548387097
21,2,Marquese Chriss,0.0,GS,HOU,15.5,231.0,107.8,20,4.8,14.6,26.0,PF/C,3300,1,18.0,15.0,111,112,23%,3,4,4,11,15,15,14.5,14.8,6.9,22.6,12.7,16.3,4.9,11.0,3.33,10.8,10.5,3.3,10.9,3.315,13.666666666666666,3.6666666666666665,13.940000000000001,15.133333333333333,8.37439024390244
21,3,Jake Layman,0.0,MIN,MEM,-3.0,224.5,113.8,3,13.5,15.5,20.3,SF/PF,3400,1,16.0,7.0,109,105,22%,10,10,9,27,26,25,15.1,15.4,12.4,18.4,22.3,17.5,5.1,17.0,5.0,17.3,23.5,5.1,17.15,5.05,26.0,9.666666666666666,15.689999999999998,16.433333333333334,15.500961538461539
21,4,Cory Joseph,0.0,SAC,TOR,7.5,218.5,105.5,12,2.0,7.9,13.3,PG/SG,3100,2,21.0,9.0,105,100,-10%,6,5,5,11,15,15,7.9,10.4,4.4,16.4,18.1,24.5,7.9,10.3,3.31,8.9,12.0,2.9,9.600000000000001,3.105,13.666666666666666,5.333333333333333,9.74,7.733333333333334,8.429268292682929
21,5,Joe Ingles,0.0,UTA,PHI,-2.5,209.0,105.8,22,13.5,22.2,27.5,SF/PF,4800,2,13.0,8.0,109,100,-3%,8,7,6,29,28,29,22.2,19.3,12.8,25.9,29.2,22.5,4.7,23.8,4.95,22.7,29.0,4.7,23.25,4.825,28.666666666666668,7.0,20.69,21.066666666666666,23.5203488372093
21,6,Nikola Vucevic,0.0,ORL,DAL,6.5,207.5,100.5,9,23.5,34.8,49.3,C,7900,0,26.0,20.0,103,107,-10%,16,15,15,34,30,31,34.5,35.1,27.1,43.1,33.4,48.3,6.1,42.5,5.38,40.4,32.0,5.1,41.45,5.24,31.666666666666668,15.333333333333334,36.25,35.86666666666667,41.886315789473684
21,7,Kyle Korver,0.0,MIL,LAC,-6.5,228.0,117.3,9,5.5,11.0,16.8,SG/SF,3200,1,17.0,12.0,103,104,-1%,5,6,6,16,17,17,10.9,11.8,7.4,16.2,15.6,17.3,5.4,9.3,2.89,9.5,13.0,3.0,9.4,2.9450000000000003,16.666666666666668,5.666666666666667,11.14,11.1,7.331999999999999
23,0,Aaron Holiday,0.0,IND,WAS,-4.0,224.5,114.3,24,5.5,11.0,19.5,PG/SG,3100,0,25.0,1.0,108,109,2%,7,6,6,20,14,14,11.0,11.0,4.3,17.7,30.9,23.5,7.6,19.8,6.37,23.1,25.0,7.5,21.450000000000003,6.9350000000000005,16.0,6.333333333333333,13.09,12.0,33.51562500000001
23,1,Frank Ntilikina,0.0,NY,DET,3.5,207.0,101.8,11,1.0,12.0,25.3,PG/SG,4000,2,14.0,4.0,103,108,9%,6,5,5,26,21,18,11.8,10.0,-0.3,20.2,38.6,25.8,6.5,14.3,3.56,17.7,27.0,4.4,16.0,3.9800000000000004,21.666666666666668,5.333333333333333,11.540000000000001,12.766666666666666,19.938461538461535
23,2,Jae Crowder,0.0,MEM,MIN,3.0,224.5,110.8,10,11.0,21.4,29.8,SF/PF,4800,1,16.0,7.0,111,103,2%,8,9,9,28,30,30,21.4,22.0,14.6,29.4,33.9,32.3,6.7,26.8,5.57,24.2,29.0,5.0,25.5,5.285,29.333333333333332,8.666666666666666,22.58,20.733333333333334,25.210227272727273
23,3,Royce O'Neale,0.0,UTA,PHI,-2.5,209.0,105.8,22,8.0,15.1,22.5,SF,3500,2,10.0,8.0,109,100,-3%,5,4,5,29,27,28,15.1,15.7,9.7,21.7,28.2,15.5,4.4,16.3,4.64,18.2,29.5,5.2,17.25,4.92,28.0,4.666666666666667,15.89,15.200000000000001,18.174107142857142
23,4,James Harden,0.0,HOU,GS,-15.5,231.0,123.3,23,39.0,60.4,79.3,PG/SG,11200,1,42.0,27.0,105,115,7%,21,25,24,32,35,35,60.5,56.3,40.9,71.6,35.3,74.5,6.7,60.8,5.42,61.4,35.5,5.5,61.099999999999994,5.46,34.0,23.333333333333332,58.08,59.56666666666666,63.79558823529411
23,5,De'Andre Hunter,0.0,ATL,CHI,1.0,222.0,110.5,8,11.8,19.0,28.5,SF/PF,4300,0,17.0,6.0,104,107,-13%,11,9,9,32,29,28,19.0,18.6,11.0,26.1,26.7,13.0,3.0,25.5,5.93,25.4,33.5,5.9,25.45,5.915,29.666666666666668,9.666666666666666,20.03,19.766666666666666,28.738483146067416
23,6,Jonas Valanciunas,0.0,MEM,MIN,3.0,224.5,110.8,17,23.8,31.3,44.8,C,6100,1,24.0,19.0,111,103,-13%,10,10,10,24,22,21,31.3,28.1,17.5,38.7,27.2,33.5,5.5,37.8,6.19,31.4,24.0,5.1,34.599999999999994,5.645,22.333333333333332,10.0,30.04,33.300000000000004,37.18208955223881
23,7,Al Horford,0.0,PHI,UTA,2.5,209.0,103.3,4,29.3,42.6,51.8,PF/C,6400,1,22.0,22.0,101,95,-9%,22,16,15,33,33,33,42.6,39.7,29.1,50.3,28.6,21.0,3.3,30.5,4.77,30.5,31.0,4.8,30.5,4.785,33.0,17.666666666666668,38.440000000000005,41.233333333333334,28.65151515151515
24,0,Coby White,0.0,CHI,ATL,-1.0,222.0,111.5,4,8.0,15.5,31.8,PG/SG,3600,0,25.0,10.0,103,101,-15%,11,10,12,24,21,23,15.4,20.7,9.3,32.0,29.5,17.5,4.9,20.3,5.63,21.2,23.0,5.9,20.75,5.765000000000001,22.666666666666668,11.0,19.63,18.433333333333334,21.05514705882353
24,1,Tony Snell,0.0,DET,NY,-3.5,207.0,105.3,14,11.0,13.7,20.0,SG/SF,3400,1,12.0,9.0,101,108,7%,12,8,8,32,27,28,13.7,15.0,11.6,18.4,32.4,33.3,9.8,19.5,5.74,17.9,31.0,5.3,18.7,5.52,29.0,9.333333333333334,15.479999999999999,14.9,19.98965517241379
24,2,Bojan Bogdanovic,0.0,UTA,PHI,-2.5,209.0,105.8,22,21.0,33.0,43.8,SF/PF,5700,2,26.0,19.0,109,100,-3%,15,14,14,35,33,31,33.0,31.2,22.6,39.8,35.5,38.5,6.8,28.5,5.0,27.7,33.5,4.9,28.1,4.95,33.0,14.333333333333334,30.939999999999998,32.6,28.525757575757577
24,3,Davis Bertans,0.0,WAS,IND,4.0,224.5,110.3,1,15.3,23.1,31.5,SF/PF,3900,1,15.0,15.0,103,100,-29%,9,9,9,25,27,28,23.1,21.7,13.8,29.5,28.6,22.0,5.6,16.8,4.29,18.5,24.0,4.7,17.65,4.495,26.666666666666668,9.0,21.15,23.3,15.884999999999998
24,4,Ja Morant,0.0,MEM,MIN,3.0,224.5,110.8,19,25.3,35.9,50.0,PG,7100,1,31.0,20.0,111,103,21%,16,15,15,29,29,28,35.9,34.3,24.1,44.4,25.7,35.5,5.0,34.5,4.86,36.8,28.5,5.2,35.65,5.03,28.666666666666668,15.333333333333334,34.87,37.06666666666667,35.44273255813953
24,5,Jarrett Culver,0.0,MIN,MEM,-3.0,224.5,113.8,15,4.3,12.8,28.8,SG/SF,3200,1,22.0,2.0,109,105,15%,14,8,8,25,19,18,12.8,11.9,2.5,21.3,30.0,32.8,10.2,16.5,5.16,25.0,30.0,7.8,20.75,6.48,20.666666666666668,10.0,13.85,15.300000000000002,30.12096774193548
24,6,Lauri Markkanen,0.0,CHI,ATL,-1.0,222.0,111.5,26,14.3,25.7,33.5,PF/C,6400,0,25.0,17.0,103,101,-25%,9,10,13,30,28,30,25.7,30.3,15.5,45.0,34.4,36.3,5.7,32.3,5.04,32.6,29.5,5.1,32.45,5.07,29.333333333333332,10.666666666666666,29.79,24.5,32.634375000000006
24,7,Solomon Hill,0.0,MEM,MIN,3.0,224.5,110.8,10,3.5,15.9,23.8,SF/PF,3100,1,17.0,12.0,111,103,14%,5,5,5,19,19,19,15.6,15.6,6.7,24.5,12.9,15.3,4.9,10.5,3.39,9.8,15.0,3.2,10.15,3.295,19.0,5.0,14.510000000000002,14.4,8.013157894736842
25,0,Zach LaVine,0.0,CHI,ATL,-1.0,222.0,111.5,4,22.5,34.5,49.3,PG/SG,7200,0,30.0,17.0,103,101,-15%,19,18,18,33,33,32,34.8,36.1,22.7,49.6,30.9,32.0,4.4,35.0,4.86,37.6,32.5,5.2,36.3,5.03,32.666666666666664,18.333333333333332,35.9,35.43333333333333,36.11479591836734
25,1,Aaron Holiday,0.0,IND,WAS,-4.0,224.5,114.3,24,5.5,11.0,19.5,PG/SG,3100,0,25.0,1.0,108,109,2%,7,6,6,20,14,14,11.0,11.0,4.3,17.7,30.9,23.5,7.6,19.8,6.37,23.1,25.0,7.5,21.450000000000003,6.9350000000000005,16.0,6.333333333333333,13.09,12.0,33.51562500000001
25,2,Mike Scott,0.0,PHI,UTA,2.5,209.0,103.3,21,1.3,12.7,24.8,SF/PF,3100,1,15.0,14.0,101,95,-9%,7,5,6,17,17,17,12.7,13.1,5.5,20.7,18.3,7.5,2.4,11.0,3.55,10.3,15.5,3.3,10.65,3.425,17.0,6.0,12.53,12.933333333333332,9.71029411764706
25,3,Marko Guduric,0.0,MEM,MIN,3.0,224.5,110.8,26,2.8,8.8,15.0,SG/SF,3000,1,18.0,2.0,111,103,21%,5,5,5,15,15,17,8.8,9.5,4.8,14.1,16.5,18.0,6.0,10.0,3.33,11.0,15.5,3.7,10.5,3.515,15.666666666666666,5.0,9.54,8.866666666666667,10.388297872340425
25,4,Ish Smith,0.0,WAS,IND,4.0,224.5,110.3,17,11.3,19.5,33.8,PG,3900,1,17.0,10.0,103,100,-11%,9,9,9,26,27,27,19.4,19.3,11.4,27.1,28.3,24.3,6.2,17.3,4.42,16.5,21.0,4.2,16.9,4.3100000000000005,26.666666666666668,9.0,18.820000000000004,21.53333333333333,13.308749999999998
25,5,Danuel House Jr.,0.0,HOU,GS,-15.5,231.0,123.3,23,13.3,25.4,35.8,SF/PF,5100,1,14.0,15.0,105,115,15%,11,10,9,28,31,30,25.4,25.0,16.6,33.5,38.7,28.5,5.6,24.5,4.8,26.1,33.0,5.1,25.3,4.949999999999999,29.666666666666668,10.0,25.16,24.833333333333332,28.142696629213486
25,6,Bobby Portis,0.0,NY,DET,3.5,207.0,101.8,30,12.0,27.8,52.3,PF/C,5000,2,21.0,16.0,103,108,10%,11,11,10,20,25,24,27.8,24.6,9.8,39.3,20.5,10.8,2.2,24.0,4.8,23.0,23.5,4.6,23.5,4.699999999999999,23.0,10.666666666666666,25.0,30.7,24.010869565217394
25,7,Kris Dunn,0.0,CHI,ATL,-1.0,222.0,111.5,4,7.8,14.7,20.5,PG/SG,3500,0,16.0,10.0,103,101,-15%,5,5,6,18,19,20,14.7,16.5,10.1,23.0,20.2,27.3,7.8,17.0,4.86,15.8,18.0,4.5,16.4,4.68,19.0,5.333333333333333,16.139999999999997,14.333333333333334,15.536842105263156
26,0,Ryan Arcidiacono,0.0,CHI,ATL,-1.0,222.0,111.5,4,0.0,8.3,14.5,PG/SG,3100,0,11.0,13.0,103,101,-15%,2,3,3,9,13,14,8.3,9.5,3.3,15.8,18.3,8.8,2.8,13.5,4.35,0.0,0.0,0.0,6.75,2.175,12.0,2.6666666666666665,8.73,7.6000000000000005,0.0
26,1,Landry Shamet,0.0,LAC,MIL,6.5,228.0,110.8,11,9.8,15.0,26.5,SG/SF,3900,2,14.0,7.0,108,100,2%,10,9,8,26,31,31,14.9,15.6,10.0,21.1,29.2,18.8,4.8,24.5,6.28,21.7,32.0,5.6,23.1,5.9399999999999995,29.333333333333332,9.0,16.94,17.099999999999998,25.200000000000003
26,2,Thomas Bryant,0.0,WAS,IND,4.0,224.5,110.3,16,23.8,34.0,49.8,PF/C,6800,1,19.0,18.0,103,100,14%,8,11,10,23,29,29,34.0,33.7,22.0,45.3,34.2,38.3,5.6,32.5,4.78,33.8,30.0,5.0,33.15,4.890000000000001,27.0,9.666666666666666,33.63,35.86666666666667,36.83333333333333
26,3,Kevin Huerter,0.0,ATL,CHI,1.0,222.0,110.5,10,14.0,18.1,21.0,SG/SF,3900,0,19.0,9.0,104,107,-2%,9,7,7,25,22,21,18.1,16.9,13.0,20.8,23.9,21.5,5.5,23.5,6.03,22.7,26.0,5.8,23.1,5.915,22.666666666666668,7.666666666666667,18.380000000000003,17.7,26.49705882352941
26,4,Norman Powell,0.0,TOR,SAC,-7.5,218.5,113.0,7,5.8,16.7,25.8,SG/SF,4000,3,16.0,8.0,102,108,7%,8,7,7,24,23,24,16.6,16.8,9.5,24.1,18.9,12.0,3.0,20.8,5.19,18.6,23.0,4.7,19.700000000000003,4.945,23.666666666666668,7.333333333333333,17.34,16.099999999999998,19.145070422535213
26,5,Harrison Barnes,0.0,SAC,TOR,7.5,218.5,105.5,30,14.3,27.2,38.3,SF/PF,5200,2,17.0,16.0,105,100,-2%,13,12,12,36,33,33,27.2,25.9,18.0,33.8,38.5,41.0,7.9,25.3,4.86,25.7,34.0,4.9,25.5,4.880000000000001,34.0,12.333333333333334,26.079999999999995,26.599999999999998,25.5
26,6,Andre Drummond,0.0,DET,NY,-3.5,207.0,105.3,2,44.5,59.7,74.5,C,10800,1,26.0,27.0,101,108,-2%,18,17,16,39,37,36,59.7,57.4,42.2,72.6,34.9,54.0,5.0,53.5,4.95,58.6,36.5,5.4,56.05,5.175000000000001,37.333333333333336,17.0,57.589999999999996,59.56666666666666,54.79888392857142
26,7,Georges Niang,0.0,UTA,PHI,-2.5,209.0,105.8,22,0.0,7.2,17.8,SF/PF,3000,2,16.0,11.0,109,100,-3%,0,3,3,4,11,10,7.2,6.2,-1.4,13.8,10.8,3.5,1.2,6.5,2.17,0.0,0.0,0.0,3.25,1.085,8.333333333333334,2.0,5.8100000000000005,8.333333333333334,0.0
27,0,Donovan Mitchell,0.0,UTA,PHI,-2.5,209.0,105.8,16,25.3,38.2,55.0,PG/SG,7800,2,29.0,28.0,109,100,-9%,20,18,18,35,33,34,38.2,41.2,30.4,51.9,35.4,42.8,5.5,40.8,5.22,38.9,35.0,5.0,39.849999999999994,5.109999999999999,34.0,18.666666666666668,40.31,39.5,41.022058823529406
27,1,Buddy Hield,0.0,SAC,TOR,7.5,218.5,105.5,16,5.5,24.5,36.8,SG/SF,6400,2,27.0,11.0,105,100,-7%,16,15,16,30,30,31,24.5,27.1,15.6,38.5,31.7,36.5,5.7,33.3,5.2,31.4,32.5,4.9,32.349999999999994,5.050000000000001,30.333333333333332,15.666666666666666,27.609999999999996,22.266666666666666,34.66071428571428
27,2,Treveon Graham,0.0,MIN,MEM,-3.0,224.5,113.8,3,9.3,12.3,15.0,SF/PF,3100,1,14.0,7.0,109,105,22%,6,6,7,19,20,23,12.3,14.3,8.7,19.9,31.7,28.0,9.0,14.3,4.6,13.1,20.0,4.2,13.7,4.4,20.666666666666668,6.333333333333333,13.780000000000001,12.200000000000001,13.258064516129032
27,3,Jonathan Isaac,0.0,ORL,DAL,6.5,207.5,100.5,2,25.8,31.9,44.8,SF/PF,5600,0,17.0,16.0,103,107,7%,11,10,9,33,32,30,31.9,29.0,20.9,37.1,31.8,53.0,9.5,27.8,4.96,28.5,31.0,5.1,28.15,5.029999999999999,31.666666666666668,10.0,29.410000000000004,34.166666666666664,27.55736842105263
27,4,Norman Powell,0.0,TOR,SAC,-7.5,218.5,113.0,7,5.8,16.7,25.8,SG/SF,4000,3,16.0,8.0,102,108,7%,8,7,7,24,23,24,16.6,16.8,9.5,24.1,18.9,12.0,3.0,20.8,5.19,18.6,23.0,4.7,19.700000000000003,4.945,23.666666666666668,7.333333333333333,17.34,16.099999999999998,19.145070422535213
27,5,Rodney McGruder,0.0,LAC,MIL,6.5,228.0,110.8,11,0.0,6.4,14.0,SG/SF,3100,2,0.0,0.0,108,100,2%,1,1,1,10,12,12,2.8,2.8,-1.0,6.5,12.3,3.5,1.1,12.0,3.87,11.4,16.5,3.7,11.7,3.785,11.333333333333334,1.0,4.56,6.8,17.033823529411762
27,6,Chris Boucher,0.0,TOR,SAC,-7.5,218.5,113.0,2,1.3,3.8,8.0,PF/C,3000,3,0.0,0.0,102,108,-15%,1,1,1,4,4,4,4.4,4.4,1.6,7.3,5.3,3.5,1.2,5.0,1.67,0.0,0.0,0.0,2.5,0.835,4.0,1.0,4.040000000000001,4.366666666666666,0.0
27,7,Tomas Satoransky,0.0,CHI,ATL,-1.0,222.0,111.5,4,14.5,21.1,30.0,PG/SF,4600,0,16.0,12.0,103,101,-15%,6,5,6,27,27,26,21.1,19.8,12.8,26.7,30.0,49.8,10.8,21.8,4.73,21.4,26.5,4.7,21.6,4.715,26.666666666666668,5.666666666666667,20.4,21.866666666666664,21.465
29,0,Isaac Bonga,0.0,WAS,IND,4.0,224.5,110.3,17,10.3,14.8,20.5,PG/SF,3200,1,11.0,10.0,103,100,-11%,5,4,5,20,23,23,14.8,15.6,10.8,20.4,10.5,4.8,1.5,13.3,4.14,13.2,18.0,4.1,13.25,4.119999999999999,22.0,4.666666666666667,14.969999999999999,15.200000000000001,10.840909090909092
29,1,Kris Dunn,0.0,CHI,ATL,-1.0,222.0,111.5,4,7.8,14.7,20.5,PG/SG,3500,0,16.0,10.0,103,101,-15%,5,5,6,18,19,20,14.7,16.5,10.1,23.0,20.2,27.3,7.8,17.0,4.86,15.8,18.0,4.5,16.4,4.68,19.0,5.333333333333333,16.139999999999997,14.333333333333334,15.536842105263156
29,2,P.J. Tucker,0.0,HOU,GS,-15.5,231.0,123.3,23,10.5,22.9,36.3,SF/PF,4500,1,10.0,12.0,105,115,-4%,3,6,7,29,32,34,22.9,24.9,14.9,35.0,38.0,45.8,10.2,24.8,5.5,24.4,33.5,5.4,24.6,5.45,31.666666666666668,5.333333333333333,24.46,23.23333333333333,26.02421052631579
29,3,Khris Middleton,0.0,MIL,LAC,-6.5,228.0,117.3,9,23.5,32.8,40.8,SG/SF,7000,1,24.0,20.0,103,104,-2%,14,13,14,30,29,31,32.8,33.0,26.1,39.9,33.0,22.8,3.3,34.5,4.93,35.0,31.5,5.0,34.75,4.965,30.0,13.666666666666666,33.309999999999995,32.36666666666667,36.487500000000004
29,4,Jalen Brunson,0.0,DAL,ORL,-6.5,207.5,107.0,6,6.8,19.8,28.0,PG/SG,4500,2,21.0,13.0,100,98,-1%,9,8,9,23,23,23,19.8,20.0,10.6,29.3,6.5,4.8,1.1,17.0,3.78,17.7,21.0,3.9,17.35,3.84,23.0,8.666666666666666,19.409999999999997,18.2,15.841304347826089
29,5,Jarrett Culver,0.0,MIN,MEM,-3.0,224.5,113.8,15,4.3,12.8,28.8,SG/SF,3200,1,22.0,2.0,109,105,15%,14,8,8,25,19,18,12.8,11.9,2.5,21.3,30.0,32.8,10.2,16.5,5.16,25.0,30.0,7.8,20.75,6.48,20.666666666666668,10.0,13.85,15.300000000000002,30.12096774193548
29,6,Luke Kornet,0.0,CHI,ATL,-1.0,222.0,111.5,26,6.3,10.9,18.5,PF/C,3100,0,18.0,12.0,103,101,-25%,5,4,5,13,14,13,10.9,9.9,5.3,14.5,6.4,7.5,2.4,11.8,3.79,12.6,14.0,4.1,12.2,3.945,13.333333333333334,4.666666666666667,10.559999999999999,11.9,12.809999999999999
29,7,Damion Lee,0.0,GS,HOU,15.5,231.0,107.8,30,7.8,25.3,42.3,SG/SF,4300,1,22.0,19.0,111,112,32%,10,9,7,28,24,20,25.3,20.6,7.3,33.9,27.9,25.5,5.9,25.0,5.81,25.3,27.5,5.9,25.15,5.855,24.0,8.666666666666666,22.45,25.133333333333336,28.817708333333332
30,0,Ben Simmons,0.0,PHI,UTA,2.5,209.0,103.3,1,31.5,39.2,47.8,PG/SF,7700,1,24.0,16.0,101,95,-21%,12,12,13,36,36,36,39.1,40.2,33.1,47.3,10.1,8.3,1.1,39.8,5.16,39.3,35.0,5.1,39.55,5.13,36.0,12.333333333333334,39.85,39.5,38.451388888888886
30,1,Patrick Beverley,0.0,LAC,MIL,6.5,228.0,110.8,5,12.8,20.8,25.3,PG/SG,4900,2,15.0,7.0,108,100,9%,7,9,8,33,30,30,20.8,21.8,17.4,26.2,35.1,44.5,9.1,28.0,5.71,28.5,31.5,5.8,28.25,5.755,31.0,8.0,22.889999999999997,19.633333333333336,28.70564516129032
30,2,Jakarr Sampson,0.0,IND,WAS,-4.0,224.5,114.3,13,7.3,20.6,45.0,SF/PF,3000,0,0.0,0.0,108,109,7%,5,5,5,20,17,17,11.1,11.1,6.6,15.6,23.8,29.0,9.7,14.3,4.75,15.6,18.5,5.2,14.95,4.975,18.0,5.0,11.87,24.3,15.365277777777777
30,3,OG Anunoby,0.0,TOR,SAC,-7.5,218.5,113.0,27,20.5,29.8,40.0,SF/PF,5200,3,13.0,16.0,102,108,7%,8,8,9,34,34,34,29.8,28.8,20.4,37.1,37.4,40.5,7.8,25.5,4.9,26.7,34.5,5.1,26.1,5.0,34.0,8.333333333333334,28.439999999999998,30.099999999999998,26.483823529411765
30,4,Ryan Arcidiacono,0.0,CHI,ATL,-1.0,222.0,111.5,4,0.0,8.3,14.5,PG/SG,3100,0,11.0,13.0,103,101,-15%,2,3,3,9,13,14,8.3,9.5,3.3,15.8,18.3,8.8,2.8,13.5,4.35,0.0,0.0,0.0,6.75,2.175,12.0,2.6666666666666665,8.73,7.6000000000000005,0.0
30,5,Tony Snell,0.0,DET,NY,-3.5,207.0,105.3,14,11.0,13.7,20.0,SG/SF,3400,1,12.0,9.0,101,108,7%,12,8,8,32,27,28,13.7,15.0,11.6,18.4,32.4,33.3,9.8,19.5,5.74,17.9,31.0,5.3,18.7,5.52,29.0,9.333333333333334,15.479999999999999,14.9,19.98965517241379
30,6,Richaun Holmes,0.0,SAC,TOR,7.5,218.5,105.5,5,9.8,28.9,45.8,PF/C,5800,2,17.0,22.0,105,100,24%,7,9,7,25,26,24,28.9,24.9,10.0,39.7,30.8,24.0,4.1,28.3,4.87,28.5,28.0,4.9,28.4,4.885,25.0,7.666666666666667,26.380000000000003,28.166666666666668,31.807999999999996
30,7,Lauri Markkanen,0.0,CHI,ATL,-1.0,222.0,111.5,26,14.3,25.7,33.5,PF/C,6400,0,25.0,17.0,103,101,-25%,9,10,13,30,28,30,25.7,30.3,15.5,45.0,34.4,36.3,5.7,32.3,5.04,32.6,29.5,5.1,32.45,5.07,29.333333333333332,10.666666666666666,29.79,24.5,32.634375000000006
31,0,Lou Williams,0.0,LAC,MIL,6.5,228.0,110.8,5,21.5,28.8,35.5,PG/SG,6500,2,31.0,18.0,108,100,2%,19,18,16,32,30,31,28.8,31.9,25.1,38.8,39.3,58.5,9.0,39.0,6.0,39.5,32.0,6.1,39.25,6.05,31.0,17.666666666666668,32.769999999999996,28.599999999999998,40.516129032258064
31,1,Wesley Matthews,0.0,MIL,LAC,-6.5,228.0,117.3,9,2.0,11.6,23.8,SG/SF,3500,1,13.0,11.0,103,104,-1%,4,5,7,16,22,24,11.6,15.1,5.8,24.4,18.1,1.3,0.4,16.0,4.57,14.2,22.0,4.1,15.1,4.335,20.666666666666668,5.333333333333333,14.399999999999997,12.466666666666667,16.074193548387097
31,2,Justin Jackson,0.0,DAL,ORL,-6.5,207.5,107.0,14,0.0,7.3,12.5,SF/PF,3000,2,15.0,15.0,100,98,-5%,1,3,4,4,12,13,7.3,9.0,3.0,15.1,16.7,18.0,6.0,7.8,2.58,0.0,0.0,0.0,3.9,1.29,9.666666666666666,2.6666666666666665,7.659999999999999,6.6000000000000005,0.0
31,3,Pat Connaughton,0.0,MIL,LAC,-6.5,228.0,117.3,9,4.0,13.0,30.0,SG/SF,3100,1,16.0,11.0,103,104,-1%,6,6,6,16,18,17,13.0,14.3,4.7,24.0,14.0,4.0,1.3,12.8,4.11,13.7,16.5,4.4,13.25,4.255000000000001,17.0,6.0,13.85,15.666666666666666,12.86029411764706
31,4,Andrew Wiggins,0.0,MIN,MEM,-3.0,224.5,113.8,15,27.5,33.3,39.8,SG/SF,6600,1,26.0,17.0,109,105,22%,19,17,19,29,32,32,33.3,32.8,28.7,36.9,34.3,47.5,7.2,32.3,4.89,34.2,33.5,5.2,33.25,5.045,31.0,18.333333333333332,32.989999999999995,33.53333333333333,35.931451612903224
31,5,Danuel House Jr.,0.0,HOU,GS,-15.5,231.0,123.3,23,13.3,25.4,35.8,SF/PF,5100,1,14.0,15.0,105,115,15%,11,10,9,28,31,30,25.4,25.0,16.6,33.5,38.7,28.5,5.6,24.5,4.8,26.1,33.0,5.1,25.3,4.949999999999999,29.666666666666668,10.0,25.16,24.833333333333332,28.142696629213486
31,6,Wendell Carter Jr.,0.0,CHI,ATL,-1.0,222.0,111.5,26,27.3,34.0,44.5,PF/C,5900,0,19.0,22.0,103,101,-25%,10,9,9,30,30,28,34.0,30.3,22.8,37.9,13.3,7.5,1.3,29.5,5.0,29.6,29.0,5.0,29.55,5.0,29.333333333333332,9.333333333333334,30.909999999999997,35.266666666666666,29.21420454545455
31,7,OG Anunoby,0.0,TOR,SAC,-7.5,218.5,113.0,27,20.5,29.8,40.0,SF/PF,5200,3,13.0,16.0,102,108,7%,8,8,9,34,34,34,29.8,28.8,20.4,37.1,37.4,40.5,7.8,25.5,4.9,26.7,34.5,5.1,26.1,5.0,34.0,8.333333333333334,28.439999999999998,30.099999999999998,26.483823529411765
32,0,George Hill,0.0,MIL,LAC,-6.5,228.0,117.3,22,9.8,20.5,38.0,PG/SG,3600,1,15.0,20.0,103,104,-2%,4,7,6,22,20,23,20.5,20.5,11.6,29.4,24.1,32.8,9.1,16.5,4.58,16.0,20.0,4.4,16.25,4.49,21.666666666666668,5.666666666666667,19.65,22.766666666666666,15.0
32,1,Andrew Wiggins,0.0,MIN,MEM,-3.0,224.5,113.8,15,27.5,33.3,39.8,SG/SF,6600,1,26.0,17.0,109,105,22%,19,17,19,29,32,32,33.3,32.8,28.7,36.9,34.3,47.5,7.2,32.3,4.89,34.2,33.5,5.2,33.25,5.045,31.0,18.333333333333332,32.989999999999995,33.53333333333333,35.931451612903224
32,2,Solomon Hill,0.0,MEM,MIN,3.0,224.5,110.8,10,3.5,15.9,23.8,SF/PF,3100,1,17.0,12.0,111,103,14%,5,5,5,19,19,19,15.6,15.6,6.7,24.5,12.9,15.3,4.9,10.5,3.39,9.8,15.0,3.2,10.15,3.295,19.0,5.0,14.510000000000002,14.4,8.013157894736842
32,3,Mike Scott,0.0,PHI,UTA,2.5,209.0,103.3,21,1.3,12.7,24.8,SF/PF,3100,1,15.0,14.0,101,95,-9%,7,5,6,17,17,17,12.7,13.1,5.5,20.7,18.3,7.5,2.4,11.0,3.55,10.3,15.5,3.3,10.65,3.425,17.0,6.0,12.53,12.933333333333332,9.71029411764706
32,4,Marko Guduric,0.0,MEM,MIN,3.0,224.5,110.8,26,2.8,8.8,15.0,SG/SF,3000,1,18.0,2.0,111,103,21%,5,5,5,15,15,17,8.8,9.5,4.8,14.1,16.5,18.0,6.0,10.0,3.33,11.0,15.5,3.7,10.5,3.515,15.666666666666666,5.0,9.54,8.866666666666667,10.388297872340425
32,5,Montrezl Harrell,0.0,LAC,MIL,6.5,228.0,110.8,19,14.0,31.1,43.3,PF/C,6200,2,24.0,28.0,108,100,-6%,11,10,10,30,27,28,31.1,31.0,22.0,39.9,39.5,62.8,10.1,32.0,5.16,36.6,29.5,5.9,34.3,5.53,28.333333333333332,10.333333333333334,31.660000000000004,29.46666666666667,35.71235294117647
32,6,Noah Vonleh,0.0,MIN,MEM,-3.0,224.5,113.8,27,5.5,12.8,15.8,PF/C,3500,1,14.0,14.0,109,105,-6%,5,4,4,15,14,14,12.8,12.6,8.9,16.3,15.8,18.0,5.1,16.0,4.57,12.5,13.0,3.6,14.25,4.085,14.333333333333334,4.333333333333333,12.969999999999999,11.366666666666667,12.924418604651162
32,7,Ben Simmons,0.0,PHI,UTA,2.5,209.0,103.3,1,31.5,39.2,47.8,PG/SF,7700,1,24.0,16.0,101,95,-21%,12,12,13,36,36,36,39.1,40.2,33.1,47.3,10.1,8.3,1.1,39.8,5.16,39.3,35.0,5.1,39.55,5.13,36.0,12.333333333333334,39.85,39.5,38.451388888888886
34,0,Tomas Satoransky,0.0,CHI,ATL,-1.0,222.0,111.5,4,14.5,21.1,30.0,PG/SF,4600,0,16.0,12.0,103,101,-15%,6,5,6,27,27,26,21.1,19.8,12.8,26.7,30.0,49.8,10.8,21.8,4.73,21.4,26.5,4.7,21.6,4.715,26.666666666666668,5.666666666666667,20.4,21.866666666666664,21.465
34,1,Furkan Korkmaz,0.0,PHI,UTA,2.5,209.0,103.3,4,1.0,16.2,30.3,SG/SF,3600,1,18.0,12.0,101,95,-23%,11,8,7,27,19,19,16.1,14.9,3.3,26.4,24.8,10.8,3.0,12.0,3.33,14.9,21.0,4.1,13.45,3.715,21.666666666666668,8.666666666666666,14.829999999999998,15.833333333333334,13.036153846153846
34,2,Glenn Robinson III,0.0,GS,HOU,15.5,231.0,107.8,9,10.5,23.8,36.8,SF/PF,4800,1,14.0,14.0,111,112,32%,9,8,8,34,31,30,23.8,22.2,12.9,31.5,33.7,32.3,6.7,25.3,5.26,26.4,33.5,5.5,25.85,5.38,31.666666666666668,8.333333333333334,23.25,23.7,27.34657894736842
34,3,Matisse Thybulle,0.0,PHI,UTA,2.5,209.0,103.3,4,1.5,13.8,25.8,SG/SF,3200,1,17.0,5.0,101,95,-21%,4,5,5,11,17,18,13.8,13.8,4.5,23.1,13.3,5.8,1.8,11.3,3.52,9.8,13.5,3.1,10.55,3.31,15.333333333333334,4.666666666666667,13.15,13.700000000000001,9.288586956521739
34,4,Pat Connaughton,0.0,MIL,LAC,-6.5,228.0,117.3,9,4.0,13.0,30.0,SG/SF,3100,1,16.0,11.0,103,104,-1%,6,6,6,16,18,17,13.0,14.3,4.7,24.0,14.0,4.0,1.3,12.8,4.11,13.7,16.5,4.4,13.25,4.255000000000001,17.0,6.0,13.85,15.666666666666666,12.86029411764706
34,5,Harrison Barnes,0.0,SAC,TOR,7.5,218.5,105.5,30,14.3,27.2,38.3,SF/PF,5200,2,17.0,16.0,105,100,-2%,13,12,12,36,33,33,27.2,25.9,18.0,33.8,38.5,41.0,7.9,25.3,4.86,25.7,34.0,4.9,25.5,4.880000000000001,34.0,12.333333333333334,26.079999999999995,26.599999999999998,25.5
34,6,Tony Bradley,0.0,UTA,PHI,-2.5,209.0,105.8,18,0.0,13.6,37.5,C,3100,2,0.0,0.0,109,100,-14%,3,2,2,8,6,6,7.6,7.6,0.0,15.1,11.9,13.8,4.5,13.8,4.44,13.7,13.5,4.4,13.75,4.42,6.666666666666667,2.3333333333333335,8.809999999999999,17.033333333333335,27.84375
34,7,Kyle Anderson,0.0,MEM,MIN,3.0,224.5,110.8,10,8.3,20.4,27.5,SF/PF,4000,1,15.0,16.0,111,103,14%,8,6,6,22,21,21,20.4,19.5,12.2,26.8,18.9,16.3,4.1,19.3,4.81,18.8,21.5,4.7,19.05,4.755,21.333333333333332,6.666666666666667,19.59,18.733333333333334,19.198828125000002
35,0,Eric Bledsoe,0.0,MIL,LAC,-6.5,228.0,117.3,22,20.3,33.3,43.3,PG,6300,1,26.0,17.0,103,104,-2%,13,13,12,24,26,26,33.5,29.4,19.3,39.5,26.3,34.5,5.5,29.3,4.64,31.0,27.0,4.9,30.15,4.77,25.333333333333332,12.666666666666666,30.369999999999997,32.3,32.133552631578944
35,1,Langston Galloway,0.0,DET,NY,-3.5,207.0,105.3,15,10.5,17.5,22.8,PG/SG,3600,1,16.0,14.0,101,108,7%,8,8,7,25,23,23,17.5,17.0,12.7,21.4,23.2,27.0,7.5,15.8,4.38,18.1,24.5,5.0,16.950000000000003,4.6899999999999995,23.666666666666668,7.666666666666667,17.11,16.933333333333334,17.546830985915495
35,2,Thomas Bryant,0.0,WAS,IND,4.0,224.5,110.3,16,23.8,34.0,49.8,PF/C,6800,1,19.0,18.0,103,100,14%,8,11,10,23,29,29,34.0,33.7,22.0,45.3,34.2,38.3,5.6,32.5,4.78,33.8,30.0,5.0,33.15,4.890000000000001,27.0,9.666666666666666,33.63,35.86666666666667,36.83333333333333
35,3,T.J. Warren,0.0,IND,WAS,-4.0,224.5,114.3,13,6.8,32.3,48.5,SF/PF,5800,0,20.0,10.0,108,109,7%,17,16,15,39,36,36,32.3,26.8,11.0,42.7,32.0,31.0,5.3,32.8,5.65,30.7,34.5,5.3,31.75,5.475,37.0,16.0,28.910000000000004,29.2,29.60472972972973
35,4,D.J. Augustin,0.0,ORL,DAL,6.5,207.5,100.5,25,8.8,14.6,17.3,PG,4000,0,18.0,11.0,103,107,-1%,8,7,8,26,26,25,14.6,16.5,12.0,21.1,28.5,25.0,6.3,20.3,5.06,18.8,24.5,4.7,19.55,4.88,25.666666666666668,7.666666666666667,16.75,13.566666666666668,18.661363636363635
35,5,Al-Farouq Aminu,0.0,ORL,DAL,6.5,207.5,100.5,2,12.3,21.2,29.8,SF/PF,3600,0,12.0,8.0,103,107,7%,5,5,5,26,24,24,21.1,18.2,10.3,26.2,14.4,5.3,1.5,18.8,5.21,17.7,24.0,4.9,18.25,5.055,24.666666666666668,5.0,18.81,21.099999999999998,17.756756756756754
35,6,Kristaps Porzingis,0.0,DAL,ORL,-6.5,207.5,107.0,13,26.8,41.5,56.3,PF/C,7700,2,28.0,19.0,100,98,14%,15,17,17,34,33,32,41.5,40.3,30.2,50.3,33.8,21.0,2.7,36.0,4.68,38.1,32.5,4.9,37.05,4.79,33.0,16.333333333333332,39.86999999999999,41.53333333333333,36.48863636363636
35,7,Treveon Graham,0.0,MIN,MEM,-3.0,224.5,113.8,3,9.3,12.3,15.0,SF/PF,3100,1,14.0,7.0,109,105,22%,6,6,7,19,20,23,12.3,14.3,8.7,19.9,31.7,28.0,9.0,14.3,4.6,13.1,20.0,4.2,13.7,4.4,20.666666666666668,6.333333333333333,13.780000000000001,12.200000000000001,13.258064516129032
36,0,Seth Curry,0.0,DAL,ORL,-6.5,207.5,107.0,6,9.5,17.3,22.0,PG/SG,3600,2,16.0,15.0,100,98,-19%,6,7,7,22,22,22,17.3,16.7,11.4,21.9,6.7,8.5,2.4,14.0,3.89,15.4,22.5,4.3,14.7,4.095,22.0,6.666666666666667,16.4,16.266666666666666,15.034090909090907
36,1,Matisse Thybulle,0.0,PHI,UTA,2.5,209.0,103.3,4,1.5,13.8,25.8,SG/SF,3200,1,17.0,5.0,101,95,-21%,4,5,5,11,17,18,13.8,13.8,4.5,23.1,13.3,5.8,1.8,11.3,3.52,9.8,13.5,3.1,10.55,3.31,15.333333333333334,4.666666666666667,13.15,13.700000000000001,9.288586956521739
36,2,Noah Vonleh,0.0,MIN,MEM,-3.0,224.5,113.8,27,5.5,12.8,15.8,PF/C,3500,1,14.0,14.0,109,105,-6%,5,4,4,15,14,14,12.8,12.6,8.9,16.3,15.8,18.0,5.1,16.0,4.57,12.5,13.0,3.6,14.25,4.085,14.333333333333334,4.333333333333333,12.969999999999999,11.366666666666667,12.924418604651162
36,3,Khris Middleton,0.0,MIL,LAC,-6.5,228.0,117.3,9,23.5,32.8,40.8,SG/SF,7000,1,24.0,20.0,103,104,-2%,14,13,14,30,29,31,32.8,33.0,26.1,39.9,33.0,22.8,3.3,34.5,4.93,35.0,31.5,5.0,34.75,4.965,30.0,13.666666666666666,33.309999999999995,32.36666666666667,36.487500000000004
36,4,Furkan Korkmaz,0.0,PHI,UTA,2.5,209.0,103.3,4,1.0,16.2,30.3,SG/SF,3600,1,18.0,12.0,101,95,-23%,11,8,7,27,19,19,16.1,14.9,3.3,26.4,24.8,10.8,3.0,12.0,3.33,14.9,21.0,4.1,13.45,3.715,21.666666666666668,8.666666666666666,14.829999999999998,15.833333333333334,13.036153846153846
36,5,Goga Bitadze,0.0,IND,WAS,-4.0,224.5,114.3,6,3.3,19.6,32.3,PF/C,4200,0,17.0,18.0,108,109,13%,7,5,5,25,18,18,19.1,19.1,5.2,33.0,20.0,18.3,4.4,13.8,3.27,20.7,19.5,4.9,17.25,4.085,20.333333333333332,5.666666666666667,18.73,18.400000000000002,16.543032786885245
36,6,Pascal Siakam,0.0,TOR,SAC,-7.5,218.5,113.0,2,26.3,38.5,48.3,PF/C,8000,3,31.0,22.0,102,108,-15%,20,19,20,31,33,33,38.5,43.1,29.1,57.2,37.0,50.8,6.3,41.0,5.13,42.3,34.5,5.3,41.65,5.215,32.333333333333336,19.666666666666668,41.910000000000004,37.699999999999996,44.44097938144329
36,7,Malcolm Brogdon,0.0,IND,WAS,-4.0,224.5,114.3,24,36.3,46.8,57.5,PG/SG,8100,0,30.0,28.0,108,109,2%,17,17,17,35,34,34,46.8,47.8,40.9,54.6,35.0,38.3,4.7,45.8,5.65,46.0,34.5,5.7,45.9,5.675000000000001,34.333333333333336,17.0,47.2,46.86666666666667,46.12281553398058
37,0,Donte DiVincenzo,0.0,MIL,LAC,-6.5,228.0,117.3,22,-0.5,17.0,31.8,PG/SG,3700,1,23.0,24.0,103,104,-1%,10,8,8,21,15,15,19.8,19.8,4.8,34.7,13.6,3.0,0.8,11.8,3.18,15.0,17.0,4.1,13.4,3.6399999999999997,17.0,8.666666666666666,18.500000000000004,16.099999999999998,13.4
37,1,Jalen Brunson,0.0,DAL,ORL,-6.5,207.5,107.0,6,6.8,19.8,28.0,PG/SG,4500,2,21.0,13.0,100,98,-1%,9,8,9,23,23,23,19.8,20.0,10.6,29.3,6.5,4.8,1.1,17.0,3.78,17.7,21.0,3.9,17.35,3.84,23.0,8.666666666666666,19.409999999999997,18.2,15.841304347826089
37,2,Montrezl Harrell,0.0,LAC,MIL,6.5,228.0,110.8,19,14.0,31.1,43.3,PF/C,6200,2,24.0,28.0,108,100,-6%,11,10,10,30,27,28,31.1,31.0,22.0,39.9,39.5,62.8,10.1,32.0,5.16,36.6,29.5,5.9,34.3,5.53,28.333333333333332,10.333333333333334,31.660000000000004,29.46666666666667,35.71235294117647
37,3,Norman Powell,0.0,TOR,SAC,-7.5,218.5,113.0,7,5.8,16.7,25.8,SG/SF,4000,3,16.0,8.0,102,108,7%,8,7,7,24,23,24,16.6,16.8,9.5,24.1,18.9,12.0,3.0,20.8,5.19,18.6,23.0,4.7,19.700000000000003,4.945,23.666666666666668,7.333333333333333,17.34,16.099999999999998,19.145070422535213
37,4,Kevin Huerter,0.0,ATL,CHI,1.0,222.0,110.5,10,14.0,18.1,21.0,SG/SF,3900,0,19.0,9.0,104,107,-2%,9,7,7,25,22,21,18.1,16.9,13.0,20.8,23.9,21.5,5.5,23.5,6.03,22.7,26.0,5.8,23.1,5.915,22.666666666666668,7.666666666666667,18.380000000000003,17.7,26.49705882352941
37,5,Doug McDermott,0.0,IND,WAS,-4.0,224.5,114.3,13,4.0,11.3,14.8,SF/PF,3200,0,17.0,3.0,108,109,7%,7,6,6,18,20,18,11.3,10.5,6.8,14.3,30.5,37.3,11.7,13.8,4.3,12.8,19.0,4.0,13.3,4.15,18.666666666666668,6.333333333333333,11.24,10.033333333333333,13.5375
37,6,Tony Bradley,0.0,UTA,PHI,-2.5,209.0,105.8,18,0.0,13.6,37.5,C,3100,2,0.0,0.0,109,100,-14%,3,2,2,8,6,6,7.6,7.6,0.0,15.1,11.9,13.8,4.5,13.8,4.44,13.7,13.5,4.4,13.75,4.42,6.666666666666667,2.3333333333333335,8.809999999999999,17.033333333333335,27.84375
37,7,Justin Holiday,0.0,IND,WAS,-4.0,224.5,114.3,24,10.8,16.2,21.5,SG/SF,3400,0,12.0,9.0,108,109,17%,7,6,6,26,24,23,16.2,15.8,9.0,22.5,16.5,9.0,2.6,19.3,5.66,17.2,24.5,5.1,18.25,5.38,24.333333333333332,6.333333333333333,16.35,16.166666666666668,18.375
38,0,Aaron Holiday,0.0,IND,WAS,-4.0,224.5,114.3,24,5.5,11.0,19.5,PG/SG,3100,0,25.0,1.0,108,109,2%,7,6,6,20,14,14,11.0,11.0,4.3,17.7,30.9,23.5,7.6,19.8,6.37,23.1,25.0,7.5,21.450000000000003,6.9350000000000005,16.0,6.333333333333333,13.09,12.0,33.51562500000001
38,1,Lou Williams,0.0,LAC,MIL,6.5,228.0,110.8,5,21.5,28.8,35.5,PG/SG,6500,2,31.0,18.0,108,100,2%,19,18,16,32,30,31,28.8,31.9,25.1,38.8,39.3,58.5,9.0,39.0,6.0,39.5,32.0,6.1,39.25,6.05,31.0,17.666666666666668,32.769999999999996,28.599999999999998,40.516129032258064
38,2,Jae Crowder,0.0,MEM,MIN,3.0,224.5,110.8,10,11.0,21.4,29.8,SF/PF,4800,1,16.0,7.0,111,103,2%,8,9,9,28,30,30,21.4,22.0,14.6,29.4,33.9,32.3,6.7,26.8,5.57,24.2,29.0,5.0,25.5,5.285,29.333333333333332,8.666666666666666,22.58,20.733333333333334,25.210227272727273
38,3,Justin Jackson,0.0,DAL,ORL,-6.5,207.5,107.0,14,0.0,7.3,12.5,SF/PF,3000,2,15.0,15.0,100,98,-5%,1,3,4,4,12,13,7.3,9.0,3.0,15.1,16.7,18.0,6.0,7.8,2.58,0.0,0.0,0.0,3.9,1.29,9.666666666666666,2.6666666666666665,7.659999999999999,6.6000000000000005,0.0
38,4,Svi Mykhailiuk,0.0,DET,NY,-3.5,207.0,105.3,14,3.3,8.1,11.3,SG/SF,3300,1,13.0,12.0,101,108,-12%,5,4,4,21,17,17,10.2,10.2,8.5,11.8,15.6,4.0,1.2,14.0,4.24,13.8,19.0,4.2,13.9,4.220000000000001,18.333333333333332,4.333333333333333,10.92,7.566666666666666,14.405454545454548
38,5,Dorian Finney-Smith,0.0,DAL,ORL,-6.5,207.5,107.0,14,14.3,18.9,25.5,SF/PF,3800,2,14.0,13.0,100,98,-5%,8,7,7,27,26,27,18.9,19.7,15.4,24.0,28.6,13.0,3.4,17.8,4.67,18.4,25.0,4.8,18.1,4.734999999999999,26.666666666666668,7.333333333333333,19.22,19.566666666666666,16.968750000000004
38,6,Serge Ibaka,0.0,TOR,SAC,-7.5,218.5,113.0,2,20.0,28.0,32.5,PF/C,5700,3,24.0,17.0,102,108,-15%,13,10,10,27,24,25,27.9,26.6,20.7,32.4,23.6,35.5,6.2,27.8,4.87,26.5,23.5,4.6,27.15,4.734999999999999,25.333333333333332,11.0,26.95,26.833333333333332,25.185197368421054
38,7,Jordan Poole,0.0,GS,HOU,15.5,231.0,107.8,30,9.3,19.8,29.8,SG/SF,4500,1,22.0,5.0,111,112,-1%,13,11,11,31,28,26,19.6,17.4,10.2,24.7,26.6,17.5,3.9,25.3,5.61,23.8,30.5,5.3,24.55,5.455,28.333333333333332,11.666666666666666,19.29,19.633333333333336,26.427352941176473
39,0,Russell Westbrook,0.0,HOU,GS,-15.5,231.0,123.3,23,25.0,50.3,63.5,PG,9400,1,31.0,23.0,105,115,7%,18,17,17,31,33,33,50.9,52.7,38.3,67.2,30.3,40.0,4.3,53.3,5.66,53.0,34.0,5.6,53.15,5.63,32.333333333333336,17.333333333333332,52.45,46.26666666666667,55.88969072164948
39,1,Allonzo Trier,0.0,NY,DET,3.5,207.0,101.8,11,-0.5,18.3,32.3,PG/SG,3400,2,23.0,10.0,103,108,9%,7,6,6,22,19,19,14.9,14.9,-0.7,30.4,3.7,6.8,2.0,15.5,4.56,11.9,17.0,3.5,13.7,4.029999999999999,20.0,6.333333333333333,14.64,16.7,11.645
39,2,Pascal Siakam,0.0,TOR,SAC,-7.5,218.5,113.0,2,26.3,38.5,48.3,PF/C,8000,3,31.0,22.0,102,108,-15%,20,19,20,31,33,33,38.5,43.1,29.1,57.2,37.0,50.8,6.3,41.0,5.13,42.3,34.5,5.3,41.65,5.215,32.333333333333336,19.666666666666668,41.910000000000004,37.699999999999996,44.44097938144329
39,3,Treveon Graham,0.0,MIN,MEM,-3.0,224.5,113.8,3,9.3,12.3,15.0,SF/PF,3100,1,14.0,7.0,109,105,22%,6,6,7,19,20,23,12.3,14.3,8.7,19.9,31.7,28.0,9.0,14.3,4.6,13.1,20.0,4.2,13.7,4.4,20.666666666666668,6.333333333333333,13.780000000000001,12.200000000000001,13.258064516129032
39,4,Kyle Korver,0.0,MIL,LAC,-6.5,228.0,117.3,9,5.5,11.0,16.8,SG/SF,3200,1,17.0,12.0,103,104,-1%,5,6,6,16,17,17,10.9,11.8,7.4,16.2,15.6,17.3,5.4,9.3,2.89,9.5,13.0,3.0,9.4,2.9450000000000003,16.666666666666668,5.666666666666667,11.14,11.1,7.331999999999999
39,5,Dillon Brooks,0.0,MEM,MIN,3.0,224.5,110.8,26,16.8,24.7,33.8,SG/SF,4900,1,20.0,12.0,111,103,14%,15,13,12,28,29,27,24.6,23.6,16.8,30.4,30.4,40.0,8.2,23.0,4.69,23.2,29.0,4.7,23.1,4.695,28.0,13.333333333333334,23.7,25.099999999999998,23.925
39,6,Noah Vonleh,0.0,MIN,MEM,-3.0,224.5,113.8,27,5.5,12.8,15.8,PF/C,3500,1,14.0,14.0,109,105,-6%,5,4,4,15,14,14,12.8,12.6,8.9,16.3,15.8,18.0,5.1,16.0,4.57,12.5,13.0,3.6,14.25,4.085,14.333333333333334,4.333333333333333,12.969999999999999,11.366666666666667,12.924418604651162
39,7,Willie Cauley-Stein,0.0,GS,HOU,15.5,231.0,107.8,11,14.3,19.1,25.0,C,4800,1,17.0,26.0,111,112,2%,6,6,6,18,17,17,20.3,20.3,15.8,24.8,20.0,12.0,2.5,24.3,5.05,22.9,20.5,4.8,23.6,4.925,17.333333333333332,6.0,20.96,19.46666666666667,27.911538461538466
40,0,Ish Smith,0.0,WAS,IND,4.0,224.5,110.3,17,11.3,19.5,33.8,PG,3900,1,17.0,10.0,103,100,-11%,9,9,9,26,27,27,19.4,19.3,11.4,27.1,28.3,24.3,6.2,17.3,4.42,16.5,21.0,4.2,16.9,4.3100000000000005,26.666666666666668,9.0,18.820000000000004,21.53333333333333,13.308749999999998
40,1,Furkan Korkmaz,0.0,PHI,UTA,2.5,209.0,103.3,4,1.0,16.2,30.3,SG/SF,3600,1,18.0,12.0,101,95,-23%,11,8,7,27,19,19,16.1,14.9,3.3,26.4,24.8,10.8,3.0,12.0,3.33,14.9,21.0,4.1,13.45,3.715,21.666666666666668,8.666666666666666,14.829999999999998,15.833333333333334,13.036153846153846
40,2,Christian Wood,0.0,DET,NY,-3.5,207.0,105.3,23,-0.5,18.8,38.5,PF/C,3600,1,19.0,25.0,101,108,0%,3,5,5,14,16,15,18.8,15.8,1.6,30.0,18.6,22.5,6.3,18.0,5.0,17.7,15.0,4.9,17.85,4.95,15.0,4.333333333333333,16.809999999999995,18.933333333333334,17.85
40,3,De'Andre Hunter,0.0,ATL,CHI,1.0,222.0,110.5,8,11.8,19.0,28.5,SF/PF,4300,0,17.0,6.0,104,107,-13%,11,9,9,32,29,28,19.0,18.6,11.0,26.1,26.7,13.0,3.0,25.5,5.93,25.4,33.5,5.9,25.45,5.915,29.666666666666668,9.666666666666666,20.03,19.766666666666666,28.738483146067416
40,4,Bruce Brown Jr.,0.0,DET,NY,-3.5,207.0,105.3,14,9.3,24.1,41.8,SG/SF,5300,1,18.0,7.0,101,108,7%,16,9,7,39,29,26,24.1,18.2,3.5,32.9,34.2,23.8,4.5,25.0,4.72,27.6,35.0,5.2,26.3,4.96,31.333333333333332,10.666666666666666,20.999999999999996,25.066666666666666,29.377659574468087
40,5,Giannis Antetokounmpo,0.0,MIL,LAC,-6.5,228.0,117.3,24,41.5,58.3,77.3,SF/PF,11700,1,35.0,34.0,103,104,-11%,20,17,17,32,31,32,58.3,61.9,49.6,74.3,35.7,81.5,7.0,55.3,4.72,59.1,32.5,5.1,57.2,4.91,31.666666666666668,18.0,60.260000000000005,59.03333333333333,58.70526315789474
40,6,Richaun Holmes,0.0,SAC,TOR,7.5,218.5,105.5,5,9.8,28.9,45.8,PF/C,5800,2,17.0,22.0,105,100,24%,7,9,7,25,26,24,28.9,24.9,10.0,39.7,30.8,24.0,4.1,28.3,4.87,28.5,28.0,4.9,28.4,4.885,25.0,7.666666666666667,26.380000000000003,28.166666666666668,31.807999999999996
40,7,Terence Davis,0.0,TOR,SAC,-7.5,218.5,113.0,7,0.0,8.7,18.8,SG/SF,3000,3,15.0,14.0,102,108,-15%,1,1,2,5,6,8,5.0,7.3,0.0,14.5,7.3,2.3,0.8,7.0,2.33,0.0,0.0,0.0,3.5,1.165,6.333333333333333,1.3333333333333333,6.0600000000000005,9.166666666666666,0.0
41,0,Austin Rivers,0.0,HOU,GS,-15.5,231.0,123.3,23,5.3,11.9,18.3,PG/SG,3200,1,14.0,7.0,105,115,7%,6,6,6,24,20,18,11.9,10.9,6.5,15.4,27.5,22.3,7.0,15.5,4.84,15.6,24.0,4.9,15.55,4.87,20.666666666666668,6.0,12.05,11.833333333333334,18.058064516129033
41,1,Lou Williams,0.0,LAC,MIL,6.5,228.0,110.8,5,21.5,28.8,35.5,PG/SG,6500,2,31.0,18.0,108,100,2%,19,18,16,32,30,31,28.8,31.9,25.1,38.8,39.3,58.5,9.0,39.0,6.0,39.5,32.0,6.1,39.25,6.05,31.0,17.666666666666668,32.769999999999996,28.599999999999998,40.516129032258064
41,2,Chris Boucher,0.0,TOR,SAC,-7.5,218.5,113.0,2,1.3,3.8,8.0,PF/C,3000,3,0.0,0.0,102,108,-15%,1,1,1,4,4,4,4.4,4.4,1.6,7.3,5.3,3.5,1.2,5.0,1.67,0.0,0.0,0.0,2.5,0.835,4.0,1.0,4.040000000000001,4.366666666666666,0.0
41,3,Justin Jackson,0.0,DAL,ORL,-6.5,207.5,107.0,14,0.0,7.3,12.5,SF/PF,3000,2,15.0,15.0,100,98,-5%,1,3,4,4,12,13,7.3,9.0,3.0,15.1,16.7,18.0,6.0,7.8,2.58,0.0,0.0,0.0,3.9,1.29,9.666666666666666,2.6666666666666665,7.659999999999999,6.6000000000000005,0.0
41,4,Isaac Bonga,0.0,WAS,IND,4.0,224.5,110.3,17,10.3,14.8,20.5,PG/SF,3200,1,11.0,10.0,103,100,-11%,5,4,5,20,23,23,14.8,15.6,10.8,20.4,10.5,4.8,1.5,13.3,4.14,13.2,18.0,4.1,13.25,4.119999999999999,22.0,4.666666666666667,14.969999999999999,15.200000000000001,10.840909090909092
41,5,Rodney McGruder,0.0,LAC,MIL,6.5,228.0,110.8,11,0.0,6.4,14.0,SG/SF,3100,2,0.0,0.0,108,100,2%,1,1,1,10,12,12,2.8,2.8,-1.0,6.5,12.3,3.5,1.1,12.0,3.87,11.4,16.5,3.7,11.7,3.785,11.333333333333334,1.0,4.56,6.8,17.033823529411762
41,6,Rudy Gobert,0.0,UTA,PHI,-2.5,209.0,105.8,18,16.5,32.8,46.0,C,7600,2,14.0,14.0,109,100,-14%,7,6,6,36,33,34,31.9,30.1,20.5,39.7,36.1,48.0,6.3,41.5,5.46,37.2,34.0,4.9,39.35,5.18,34.333333333333336,6.333333333333333,32.31,31.766666666666666,38.96796116504854
41,7,Damion Lee,0.0,GS,HOU,15.5,231.0,107.8,30,7.8,25.3,42.3,SG/SF,4300,1,22.0,19.0,111,112,32%,10,9,7,28,24,20,25.3,20.6,7.3,33.9,27.9,25.5,5.9,25.0,5.81,25.3,27.5,5.9,25.15,5.855,24.0,8.666666666666666,22.45,25.133333333333336,28.817708333333332
42,0,Isaiah Thomas,0.0,WAS,IND,4.0,224.5,110.3,17,18.5,28.3,36.5,PG,5300,1,32.0,21.0,103,100,-11%,13,10,10,22,18,18,24.6,24.6,10.1,39.0,19.7,15.5,2.9,24.0,4.53,28.6,26.0,5.4,26.3,4.965,19.333333333333332,11.0,24.919999999999998,27.766666666666666,35.368965517241385
42,1,Malcolm Brogdon,0.0,IND,WAS,-4.0,224.5,114.3,24,36.3,46.8,57.5,PG/SG,8100,0,30.0,28.0,108,109,2%,17,17,17,35,34,34,46.8,47.8,40.9,54.6,35.0,38.3,4.7,45.8,5.65,46.0,34.5,5.7,45.9,5.675000000000001,34.333333333333336,17.0,47.2,46.86666666666667,46.12281553398058
42,2,Vince Carter,0.0,ATL,CHI,1.0,222.0,110.5,8,3.3,8.5,11.5,SF/PF,3100,0,16.0,2.0,104,107,-2%,6,6,5,16,15,14,8.4,7.2,2.9,11.5,16.5,24.8,8.0,13.3,4.27,13.8,16.5,4.5,13.55,4.385,15.0,5.666666666666667,8.709999999999999,7.766666666666667,14.905000000000001
42,3,Tim Hardaway Jr.,0.0,DAL,ORL,-6.5,207.5,107.0,6,12.8,18.0,24.8,SG/SF,3900,2,19.0,10.0,100,98,-5%,12,9,9,24,23,23,17.9,16.1,9.7,22.5,26.5,20.8,5.3,15.5,3.97,15.8,21.5,4.1,15.65,4.035,23.333333333333332,10.0,16.37,18.533333333333335,14.420357142857146
42,4,Buddy Hield,0.0,SAC,TOR,7.5,218.5,105.5,16,5.5,24.5,36.8,SG/SF,6400,2,27.0,11.0,105,100,-7%,16,15,16,30,30,31,24.5,27.1,15.6,38.5,31.7,36.5,5.7,33.3,5.2,31.4,32.5,4.9,32.349999999999994,5.050000000000001,30.333333333333332,15.666666666666666,27.609999999999996,22.266666666666666,34.66071428571428
42,5,Moritz Wagner,0.0,WAS,IND,4.0,224.5,110.3,16,18.8,22.1,27.0,PF/C,3900,1,23.0,18.0,103,100,1%,8,8,7,25,20,19,22.1,20.8,16.6,25.0,13.8,17.3,4.4,16.5,4.23,15.9,17.5,4.1,16.2,4.165,21.333333333333332,7.666666666666667,20.14,22.633333333333336,13.2890625
42,6,Mitchell Robinson,0.0,NY,DET,3.5,207.0,101.8,13,17.0,24.4,30.0,C,5000,2,17.0,31.0,103,108,-4%,5,6,6,20,20,19,24.4,24.4,20.0,28.9,7.9,12.5,2.5,24.3,4.85,22.5,21.5,4.5,23.4,4.675,19.666666666666668,5.666666666666667,24.22,23.8,25.581355932203387
42,7,Wayne Ellington,0.0,NY,DET,3.5,207.0,101.8,23,4.5,12.3,22.8,SG/SF,3100,2,17.0,5.0,103,108,-3%,7,7,6,25,20,19,12.3,11.5,4.9,18.0,14.3,5.0,1.6,15.8,5.08,14.0,21.0,4.5,14.9,4.79,21.333333333333332,6.666666666666667,12.319999999999999,13.200000000000001,14.6671875
43,0,Luka Doncic,0.0,DAL,ORL,-6.5,207.5,107.0,6,27.0,59.3,73.8,PG/SG,9800,2,34.0,28.0,100,98,-1%,20,19,19,36,36,36,60.1,58.9,41.2,76.6,37.4,43.8,4.5,49.0,5.0,53.7,34.5,5.5,51.35,5.25,36.0,19.333333333333332,57.63000000000001,53.36666666666667,49.21041666666667
43,1,Tim Hardaway Jr.,0.0,DAL,ORL,-6.5,207.5,107.0,6,12.8,18.0,24.8,SG/SF,3900,2,19.0,10.0,100,98,-5%,12,9,9,24,23,23,17.9,16.1,9.7,22.5,26.5,20.8,5.3,15.5,3.97,15.8,21.5,4.1,15.65,4.035,23.333333333333332,10.0,16.37,18.533333333333335,14.420357142857146
43,2,OG Anunoby,0.0,TOR,SAC,-7.5,218.5,113.0,27,20.5,29.8,40.0,SF/PF,5200,3,13.0,16.0,102,108,7%,8,8,9,34,34,34,29.8,28.8,20.4,37.1,37.4,40.5,7.8,25.5,4.9,26.7,34.5,5.1,26.1,5.0,34.0,8.333333333333334,28.439999999999998,30.099999999999998,26.483823529411765
43,3,Buddy Hield,0.0,SAC,TOR,7.5,218.5,105.5,16,5.5,24.5,36.8,SG/SF,6400,2,27.0,11.0,105,100,-7%,16,15,16,30,30,31,24.5,27.1,15.6,38.5,31.7,36.5,5.7,33.3,5.2,31.4,32.5,4.9,32.349999999999994,5.050000000000001,30.333333333333332,15.666666666666666,27.609999999999996,22.266666666666666,34.66071428571428
43,4,Landry Shamet,0.0,LAC,MIL,6.5,228.0,110.8,11,9.8,15.0,26.5,SG/SF,3900,2,14.0,7.0,108,100,2%,10,9,8,26,31,31,14.9,15.6,10.0,21.1,29.2,18.8,4.8,24.5,6.28,21.7,32.0,5.6,23.1,5.9399999999999995,29.333333333333332,9.0,16.94,17.099999999999998,25.200000000000003
43,5,Svi Mykhailiuk,0.0,DET,NY,-3.5,207.0,105.3,14,3.3,8.1,11.3,SG/SF,3300,1,13.0,12.0,101,108,-12%,5,4,4,21,17,17,10.2,10.2,8.5,11.8,15.6,4.0,1.2,14.0,4.24,13.8,19.0,4.2,13.9,4.220000000000001,18.333333333333332,4.333333333333333,10.92,7.566666666666666,14.405454545454548
43,6,Julius Randle,0.0,NY,DET,3.5,207.0,101.8,30,19.3,30.3,41.0,PF/C,6800,2,25.0,12.0,103,108,10%,10,11,13,30,32,33,30.1,34.0,22.4,45.6,32.3,30.3,4.5,39.5,5.81,35.8,33.0,5.3,37.65,5.555,31.666666666666668,11.333333333333334,33.95,30.2,39.235263157894735
43,7,Tyus Jones,0.0,MEM,MIN,3.0,224.5,110.8,19,7.0,16.2,27.8,PG,4000,1,21.0,11.0,111,103,21%,8,7,8,24,21,21,16.2,18.5,9.5,27.4,23.7,18.3,4.6,21.8,5.44,20.5,23.0,5.1,21.15,5.27,22.0,7.666666666666667,18.55,17.0,22.111363636363635
44,0,George Hill,0.0,MIL,LAC,-6.5,228.0,117.3,22,9.8,20.5,38.0,PG/SG,3600,1,15.0,20.0,103,104,-2%,4,7,6,22,20,23,20.5,20.5,11.6,29.4,24.1,32.8,9.1,16.5,4.58,16.0,20.0,4.4,16.25,4.49,21.666666666666668,5.666666666666667,19.65,22.766666666666666,15.0
44,1,Austin Rivers,0.0,HOU,GS,-15.5,231.0,123.3,23,5.3,11.9,18.3,PG/SG,3200,1,14.0,7.0,105,115,7%,6,6,6,24,20,18,11.9,10.9,6.5,15.4,27.5,22.3,7.0,15.5,4.84,15.6,24.0,4.9,15.55,4.87,20.666666666666668,6.0,12.05,11.833333333333334,18.058064516129033
44,2,Ersan Ilyasova,0.0,MIL,LAC,-6.5,228.0,117.3,7,14.0,16.9,21.3,PF/C,3300,1,16.0,15.0,103,104,-11%,6,5,6,19,18,19,16.9,19.4,13.9,25.0,13.9,10.3,3.1,14.8,4.47,15.0,17.5,4.5,14.9,4.484999999999999,18.666666666666668,5.666666666666667,18.020000000000003,17.400000000000002,13.968749999999998
44,3,Aaron Gordon,0.0,ORL,DAL,6.5,207.5,100.5,2,18.3,28.2,37.3,SF/PF,5900,0,19.0,15.0,103,107,7%,14,11,11,30,29,30,28.4,27.3,19.7,34.9,37.3,32.0,5.4,30.5,5.17,27.9,30.0,4.7,29.2,4.9350000000000005,29.666666666666668,12.0,27.9,27.933333333333334,29.528089887640448
44,4,Zach LaVine,0.0,CHI,ATL,-1.0,222.0,111.5,4,22.5,34.5,49.3,PG/SG,7200,0,30.0,17.0,103,101,-15%,19,18,18,33,33,32,34.8,36.1,22.7,49.6,30.9,32.0,4.4,35.0,4.86,37.6,32.5,5.2,36.3,5.03,32.666666666666664,18.333333333333332,35.9,35.43333333333333,36.11479591836734
44,5,Marcus Morris,0.0,NY,DET,3.5,207.0,101.8,6,20.3,31.9,50.8,SF/PF,5900,2,0.0,0.0,103,108,10%,16,13,13,37,33,34,31.9,30.8,17.7,43.9,33.0,30.5,5.2,28.3,4.79,28.5,34.0,4.8,28.4,4.795,34.666666666666664,14.0,30.54,34.333333333333336,27.853846153846153
44,6,Bruno Caboclo,0.0,MEM,MIN,3.0,224.5,110.8,12,2.5,14.5,31.5,PF/C,3500,1,17.0,14.0,111,103,14%,5,4,4,15,11,11,10.3,10.3,-1.3,21.8,13.9,15.8,4.5,8.3,2.36,0.0,0.0,0.0,4.15,1.18,12.333333333333334,4.333333333333333,9.05,16.166666666666668,0.0
44,7,Al Horford,0.0,PHI,UTA,2.5,209.0,103.3,4,29.3,42.6,51.8,PF/C,6400,1,22.0,22.0,101,95,-9%,22,16,15,33,33,33,42.6,39.7,29.1,50.3,28.6,21.0,3.3,30.5,4.77,30.5,31.0,4.8,30.5,4.785,33.0,17.666666666666668,38.440000000000005,41.233333333333334,28.65151515151515
45,0,Allonzo Trier,0.0,NY,DET,3.5,207.0,101.8,11,-0.5,18.3,32.3,PG/SG,3400,2,23.0,10.0,103,108,9%,7,6,6,22,19,19,14.9,14.9,-0.7,30.4,3.7,6.8,2.0,15.5,4.56,11.9,17.0,3.5,13.7,4.029999999999999,20.0,6.333333333333333,14.64,16.7,11.645
45,1,Wesley Matthews,0.0,MIL,LAC,-6.5,228.0,117.3,9,2.0,11.6,23.8,SG/SF,3500,1,13.0,11.0,103,104,-1%,4,5,7,16,22,24,11.6,15.1,5.8,24.4,18.1,1.3,0.4,16.0,4.57,14.2,22.0,4.1,15.1,4.335,20.666666666666668,5.333333333333333,14.399999999999997,12.466666666666667,16.074193548387097
45,2,Al-Farouq Aminu,0.0,ORL,DAL,6.5,207.5,100.5,2,12.3,21.2,29.8,SF/PF,3600,0,12.0,8.0,103,107,7%,5,5,5,26,24,24,21.1,18.2,10.3,26.2,14.4,5.3,1.5,18.8,5.21,17.7,24.0,4.9,18.25,5.055,24.666666666666668,5.0,18.81,21.099999999999998,17.756756756756754
45,3,Jakarr Sampson,0.0,IND,WAS,-4.0,224.5,114.3,13,7.3,20.6,45.0,SF/PF,3000,0,0.0,0.0,108,109,7%,5,5,5,20,17,17,11.1,11.1,6.6,15.6,23.8,29.0,9.7,14.3,4.75,15.6,18.5,5.2,14.95,4.975,18.0,5.0,11.87,24.3,15.365277777777777
45,4,C.J. Miles,0.0,WAS,IND,4.0,224.5,110.3,5,3.3,17.9,39.8,SG/SF,3100,1,0.0,0.0,103,100,-29%,8,8,8,19,19,19,18.5,18.5,18.5,18.5,23.3,27.5,8.9,8.3,2.66,8.2,11.0,2.6,8.25,2.63,19.0,8.0,16.45,20.333333333333332,4.776315789473684
45,5,Tomas Satoransky,0.0,CHI,ATL,-1.0,222.0,111.5,4,14.5,21.1,30.0,PG/SF,4600,0,16.0,12.0,103,101,-15%,6,5,6,27,27,26,21.1,19.8,12.8,26.7,30.0,49.8,10.8,21.8,4.73,21.4,26.5,4.7,21.6,4.715,26.666666666666668,5.666666666666667,20.4,21.866666666666664,21.465
45,6,Robin Lopez,0.0,MIL,LAC,-6.5,228.0,117.3,19,7.8,10.7,18.3,C,3200,1,13.0,6.0,103,104,-4%,4,3,3,15,16,15,10.7,9.4,5.2,13.6,13.6,12.3,3.8,12.8,3.98,10.8,14.0,3.4,11.8,3.69,15.333333333333334,3.3333333333333335,10.14,12.266666666666666,10.773913043478261
45,7,Kevin Huerter,0.0,ATL,CHI,1.0,222.0,110.5,10,14.0,18.1,21.0,SG/SF,3900,0,19.0,9.0,104,107,-2%,9,7,7,25,22,21,18.1,16.9,13.0,20.8,23.9,21.5,5.5,23.5,6.03,22.7,26.0,5.8,23.1,5.915,22.666666666666668,7.666666666666667,18.380000000000003,17.7,26.49705882352941
46,0,Aaron Holiday,0.0,IND,WAS,-4.0,224.5,114.3,24,5.5,11.0,19.5,PG/SG,3100,0,25.0,1.0,108,109,2%,7,6,6,20,14,14,11.0,11.0,4.3,17.7,30.9,23.5,7.6,19.8,6.37,23.1,25.0,7.5,21.450000000000003,6.9350000000000005,16.0,6.333333333333333,13.09,12.0,33.51562500000001
46,1,James Harden,0.0,HOU,GS,-15.5,231.0,123.3,23,39.0,60.4,79.3,PG/SG,11200,1,42.0,27.0,105,115,7%,21,25,24,32,35,35,60.5,56.3,40.9,71.6,35.3,74.5,6.7,60.8,5.42,61.4,35.5,5.5,61.099999999999994,5.46,34.0,23.333333333333332,58.08,59.56666666666666,63.79558823529411
46,2,Danuel House Jr.,0.0,HOU,GS,-15.5,231.0,123.3,23,13.3,25.4,35.8,SF/PF,5100,1,14.0,15.0,105,115,15%,11,10,9,28,31,30,25.4,25.0,16.6,33.5,38.7,28.5,5.6,24.5,4.8,26.1,33.0,5.1,25.3,4.949999999999999,29.666666666666668,10.0,25.16,24.833333333333332,28.142696629213486
46,3,De'Andre Hunter,0.0,ATL,CHI,1.0,222.0,110.5,8,11.8,19.0,28.5,SF/PF,4300,0,17.0,6.0,104,107,-13%,11,9,9,32,29,28,19.0,18.6,11.0,26.1,26.7,13.0,3.0,25.5,5.93,25.4,33.5,5.9,25.45,5.915,29.666666666666668,9.666666666666666,20.03,19.766666666666666,28.738483146067416
46,4,Donte DiVincenzo,0.0,MIL,LAC,-6.5,228.0,117.3,22,-0.5,17.0,31.8,PG/SG,3700,1,23.0,24.0,103,104,-1%,10,8,8,21,15,15,19.8,19.8,4.8,34.7,13.6,3.0,0.8,11.8,3.18,15.0,17.0,4.1,13.4,3.6399999999999997,17.0,8.666666666666666,18.500000000000004,16.099999999999998,13.4
46,5,C.J. Miles,0.0,WAS,IND,4.0,224.5,110.3,5,3.3,17.9,39.8,SG/SF,3100,1,0.0,0.0,103,100,-29%,8,8,8,19,19,19,18.5,18.5,18.5,18.5,23.3,27.5,8.9,8.3,2.66,8.2,11.0,2.6,8.25,2.63,19.0,8.0,16.45,20.333333333333332,4.776315789473684
46,6,Clint Capela,0.0,HOU,GS,-15.5,231.0,123.3,22,16.5,28.9,47.5,C,6400,1,18.0,19.0,105,115,8%,8,9,9,26,26,27,28.4,30.0,19.8,40.3,35.6,57.0,8.9,35.8,5.59,34.9,30.0,5.5,35.349999999999994,5.545,26.333333333333332,8.666666666666666,30.769999999999992,30.96666666666667,40.27215189873417
46,7,Justin Jackson,0.0,DAL,ORL,-6.5,207.5,107.0,14,0.0,7.3,12.5,SF/PF,3000,2,15.0,15.0,100,98,-5%,1,3,4,4,12,13,7.3,9.0,3.0,15.1,16.7,18.0,6.0,7.8,2.58,0.0,0.0,0.0,3.9,1.29,9.666666666666666,2.6666666666666665,7.659999999999999,6.6000000000000005,0.0
47,0,Patrick Beverley,0.0,LAC,MIL,6.5,228.0,110.8,5,12.8,20.8,25.3,PG/SG,4900,2,15.0,7.0,108,100,9%,7,9,8,33,30,30,20.8,21.8,17.4,26.2,35.1,44.5,9.1,28.0,5.71,28.5,31.5,5.8,28.25,5.755,31.0,8.0,22.889999999999997,19.633333333333336,28.70564516129032
47,1,Malcolm Brogdon,0.0,IND,WAS,-4.0,224.5,114.3,24,36.3,46.8,57.5,PG/SG,8100,0,30.0,28.0,108,109,2%,17,17,17,35,34,34,46.8,47.8,40.9,54.6,35.0,38.3,4.7,45.8,5.65,46.0,34.5,5.7,45.9,5.675000000000001,34.333333333333336,17.0,47.2,46.86666666666667,46.12281553398058
47,2,Bobby Portis,0.0,NY,DET,3.5,207.0,101.8,30,12.0,27.8,52.3,PF/C,5000,2,21.0,16.0,103,108,10%,11,11,10,20,25,24,27.8,24.6,9.8,39.3,20.5,10.8,2.2,24.0,4.8,23.0,23.5,4.6,23.5,4.699999999999999,23.0,10.666666666666666,25.0,30.7,24.010869565217394
47,3,JaMychal Green,0.0,LAC,MIL,6.5,228.0,110.8,20,9.5,20.0,37.0,SF/PF,3900,2,15.0,19.0,108,100,-6%,5,6,6,23,22,21,19.9,18.9,9.3,28.4,32.3,18.3,4.7,26.5,6.79,23.6,23.5,6.1,25.05,6.445,22.0,5.666666666666667,20.309999999999995,22.166666666666668,26.757954545454545
47,4,Russell Westbrook,0.0,HOU,GS,-15.5,231.0,123.3,23,25.0,50.3,63.5,PG,9400,1,31.0,23.0,105,115,7%,18,17,17,31,33,33,50.9,52.7,38.3,67.2,30.3,40.0,4.3,53.3,5.66,53.0,34.0,5.6,53.15,5.63,32.333333333333336,17.333333333333332,52.45,46.26666666666667,55.88969072164948
47,5,Moritz Wagner,0.0,WAS,IND,4.0,224.5,110.3,16,18.8,22.1,27.0,PF/C,3900,1,23.0,18.0,103,100,1%,8,8,7,25,20,19,22.1,20.8,16.6,25.0,13.8,17.3,4.4,16.5,4.23,15.9,17.5,4.1,16.2,4.165,21.333333333333332,7.666666666666667,20.14,22.633333333333336,13.2890625
47,6,Damian Jones,0.0,ATL,CHI,1.0,222.0,110.5,28,5.0,9.1,16.8,C,3000,0,9.0,16.0,104,107,27%,3,2,2,17,12,12,9.1,9.1,4.5,13.7,14.3,5.8,1.9,12.0,4.0,13.0,15.0,4.3,12.5,4.15,13.666666666666666,2.3333333333333335,9.78,10.299999999999999,13.719512195121952
47,7,Joe Ingles,0.0,UTA,PHI,-2.5,209.0,105.8,22,13.5,22.2,27.5,SF/PF,4800,2,13.0,8.0,109,100,-3%,8,7,6,29,28,29,22.2,19.3,12.8,25.9,29.2,22.5,4.7,23.8,4.95,22.7,29.0,4.7,23.25,4.825,28.666666666666668,7.0,20.69,21.066666666666666,23.5203488372093
48,0,Ja Morant,0.0,MEM,MIN,3.0,224.5,110.8,19,25.3,35.9,50.0,PG,7100,1,31.0,20.0,111,103,21%,16,15,15,29,29,28,35.9,34.3,24.1,44.4,25.7,35.5,5.0,34.5,4.86,36.8,28.5,5.2,35.65,5.03,28.666666666666668,15.333333333333334,34.87,37.06666666666667,35.44273255813953
48,1,Wesley Matthews,0.0,MIL,LAC,-6.5,228.0,117.3,9,2.0,11.6,23.8,SG/SF,3500,1,13.0,11.0,103,104,-1%,4,5,7,16,22,24,11.6,15.1,5.8,24.4,18.1,1.3,0.4,16.0,4.57,14.2,22.0,4.1,15.1,4.335,20.666666666666668,5.333333333333333,14.399999999999997,12.466666666666667,16.074193548387097
48,2,Jae Crowder,0.0,MEM,MIN,3.0,224.5,110.8,10,11.0,21.4,29.8,SF/PF,4800,1,16.0,7.0,111,103,2%,8,9,9,28,30,30,21.4,22.0,14.6,29.4,33.9,32.3,6.7,26.8,5.57,24.2,29.0,5.0,25.5,5.285,29.333333333333332,8.666666666666666,22.58,20.733333333333334,25.210227272727273
48,3,Otto Porter Jr.,0.0,CHI,ATL,-1.0,222.0,111.5,19,11.3,22.8,38.0,SF/PF,4500,0,18.0,10.0,103,101,11%,11,11,10,27,29,27,22.8,20.1,11.0,29.2,11.8,28.5,6.3,21.8,4.83,23.4,27.5,5.2,22.6,5.015000000000001,27.666666666666668,10.666666666666666,21.140000000000004,24.03333333333333,22.46385542168675
48,4,Alec Burks,0.0,GS,HOU,15.5,231.0,107.8,8,4.0,12.6,20.5,PG/SG,4000,1,18.0,9.0,111,112,32%,8,8,8,26,22,22,14.8,14.8,10.2,19.3,31.4,47.0,11.8,26.0,6.5,23.4,27.0,5.8,24.7,6.15,23.333333333333332,8.0,16.76,12.366666666666667,28.58142857142857
48,5,De'Andre Hunter,0.0,ATL,CHI,1.0,222.0,110.5,8,11.8,19.0,28.5,SF/PF,4300,0,17.0,6.0,104,107,-13%,11,9,9,32,29,28,19.0,18.6,11.0,26.1,26.7,13.0,3.0,25.5,5.93,25.4,33.5,5.9,25.45,5.915,29.666666666666668,9.666666666666666,20.03,19.766666666666666,28.738483146067416
48,6,Montrezl Harrell,0.0,LAC,MIL,6.5,228.0,110.8,19,14.0,31.1,43.3,PF/C,6200,2,24.0,28.0,108,100,-6%,11,10,10,30,27,28,31.1,31.0,22.0,39.9,39.5,62.8,10.1,32.0,5.16,36.6,29.5,5.9,34.3,5.53,28.333333333333332,10.333333333333334,31.660000000000004,29.46666666666667,35.71235294117647
48,7,Pascal Siakam,0.0,TOR,SAC,-7.5,218.5,113.0,2,26.3,38.5,48.3,PF/C,8000,3,31.0,22.0,102,108,-15%,20,19,20,31,33,33,38.5,43.1,29.1,57.2,37.0,50.8,6.3,41.0,5.13,42.3,34.5,5.3,41.65,5.215,32.333333333333336,19.666666666666668,41.910000000000004,37.699999999999996,44.44097938144329
49,0,Delon Wright,0.0,DAL,ORL,-6.5,207.5,107.0,6,18.0,26.6,43.3,PG/SG,4900,2,15.0,23.0,100,98,-1%,8,8,7,26,26,26,26.6,25.0,15.1,34.8,12.5,3.0,0.6,21.5,4.39,21.4,23.5,4.4,21.45,4.395,26.0,7.666666666666667,24.59,29.3,19.3875
49,1,Yogi Ferrell,0.0,SAC,TOR,7.5,218.5,105.5,12,0.0,8.7,22.3,PG/SG,3000,2,0.0,0.0,105,100,-10%,4,3,3,7,5,5,5.3,5.3,1.3,9.2,4.8,3.3,1.1,0.8,0.25,0.0,0.0,0.0,0.4,0.125,5.666666666666667,3.3333333333333335,4.299999999999999,10.333333333333334,0.0
49,2,Pascal Siakam,0.0,TOR,SAC,-7.5,218.5,113.0,2,26.3,38.5,48.3,PF/C,8000,3,31.0,22.0,102,108,-15%,20,19,20,31,33,33,38.5,43.1,29.1,57.2,37.0,50.8,6.3,41.0,5.13,42.3,34.5,5.3,41.65,5.215,32.333333333333336,19.666666666666668,41.910000000000004,37.699999999999996,44.44097938144329
49,3,Buddy Hield,0.0,SAC,TOR,7.5,218.5,105.5,16,5.5,24.5,36.8,SG/SF,6400,2,27.0,11.0,105,100,-7%,16,15,16,30,30,31,24.5,27.1,15.6,38.5,31.7,36.5,5.7,33.3,5.2,31.4,32.5,4.9,32.349999999999994,5.050000000000001,30.333333333333332,15.666666666666666,27.609999999999996,22.266666666666666,34.66071428571428
49,4,Raul Neto,0.0,PHI,UTA,2.5,209.0,103.3,1,0.0,5.2,11.5,PG,3000,1,0.0,0.0,101,95,-21%,3,2,2,9,6,6,5.2,5.2,0.4,9.9,30.2,25.3,8.4,2.5,0.83,0.0,0.0,0.0,1.25,0.415,7.0,2.3333333333333335,4.39,5.566666666666666,0.0
49,5,Jarrett Culver,0.0,MIN,MEM,-3.0,224.5,113.8,15,4.3,12.8,28.8,SG/SF,3200,1,22.0,2.0,109,105,15%,14,8,8,25,19,18,12.8,11.9,2.5,21.3,30.0,32.8,10.2,16.5,5.16,25.0,30.0,7.8,20.75,6.48,20.666666666666668,10.0,13.85,15.300000000000002,30.12096774193548
49,6,Andre Drummond,0.0,DET,NY,-3.5,207.0,105.3,2,44.5,59.7,74.5,C,10800,1,26.0,27.0,101,108,-2%,18,17,16,39,37,36,59.7,57.4,42.2,72.6,34.9,54.0,5.0,53.5,4.95,58.6,36.5,5.4,56.05,5.175000000000001,37.333333333333336,17.0,57.589999999999996,59.56666666666666,54.79888392857142
49,7,Jae Crowder,0.0,MEM,MIN,3.0,224.5,110.8,10,11.0,21.4,29.8,SF/PF,4800,1,16.0,7.0,111,103,2%,8,9,9,28,30,30,21.4,22.0,14.6,29.4,33.9,32.3,6.7,26.8,5.57,24.2,29.0,5.0,25.5,5.285,29.333333333333332,8.666666666666666,22.58,20.733333333333334,25.210227272727273
