Lineup Num,,Player Name,injury_status,team,opp,spread,over_under,implied_team_score,L5_dvp_rank,L5_ppg_floor,L5_ppg_avg,L5_ppg_max,Pos,Salary,Rest,USG,PER,Opp Pace,Opp DEff,Opp DvP,L2 FGA,L5 FGA,S FGA,L2 Min,L5 Min,S Min,L5 FP,S FP,Floor FP,Ceil FP,Actual Min,Actual FP,Actual Val,FantasyFuelPPGProj,FantasyFuelValueProj,DFN_PPGProj,DFN_MinProj,DFN_ValueProj,Avg Proj,Avg Value Proj,Avg Skewed Min,Avg Skewed FGA,Avg Skewed FP,Avg L5 PPG,Proj Min Enhanced
0,0,Chris Chiozza,0.0,BKN,LAL,12.0,226.0,107.0,14,-1.0,15.2,26.0,PG,3100,1,0.0,0.0,103,103,0%,6,5,4,17,16,12,15.2,10.7,2.3,19.0,17.3,21.3,6.9,14.8,4.76,14.5,17.5,4.7,14.65,4.73,15.0,5.0,12.37,13.4,17.09166666666667
0,1,Derrick White,0.0,SA,DAL,4.0,232.0,114.0,25,20.0,24.9,32.5,PG/SG,4600,1,19.0,16.0,101,108,-3%,10,7,8,26,24,24,24.6,22.2,14.3,30.0,35.4,47.3,10.3,26.0,5.65,27.4,29.0,6.0,26.7,5.825,24.666666666666668,8.333333333333334,23.56,25.8,31.390540540540538
0,2,Mario Hezonja,0.0,POR,PHO,-4.5,234.5,119.5,14,10.0,17.6,28.0,SF/PF,3100,2,14.0,9.0,104,109,0%,7,5,4,18,18,16,17.6,11.8,3.6,20.0,14.4,14.0,4.5,12.0,3.87,12.5,17.0,4.0,12.25,3.935,17.333333333333332,5.333333333333333,13.05,18.533333333333335,12.014423076923078
0,3,Jayson Tatum,0.0,BOS,IND,-3.0,214.5,108.8,3,34.8,49.5,64.8,SF/PF,8900,1,28.0,20.0,101,105,-12%,21,22,19,36,39,35,49.5,42.1,31.0,53.1,35.9,50.0,5.6,41.5,4.66,44.5,37.0,5.0,43.0,4.83,36.666666666666664,20.666666666666668,43.739999999999995,49.699999999999996,43.3909090909091
0,4,Devin Booker,0.0,PHO,POR,4.5,234.5,115.0,6,23.5,44.5,59.3,PG/SG,8800,1,30.0,20.0,103,111,0%,19,17,18,39,39,36,44.5,42.5,30.6,54.5,35.8,49.0,5.6,45.5,5.17,46.7,38.5,5.3,46.1,5.234999999999999,38.0,18.0,43.64,42.43333333333333,46.70657894736843
0,5,Danuel House Jr.,0.0,HOU,MIN,-13.0,249.5,131.3,19,11.8,21.2,32.0,SF/PF,4300,1,13.0,12.0,106,110,0%,6,9,9,28,29,31,21.1,21.9,12.4,31.5,12.3,8.8,2.0,20.8,4.83,22.8,29.0,5.3,21.8,5.0649999999999995,29.333333333333332,8.0,21.740000000000002,21.666666666666668,21.55227272727273
0,6,Maxi Kleber,0.0,DAL,SA,-4.0,232.0,118.0,18,9.8,23.5,35.5,PF/C,4800,1,14.0,14.0,102,111,0%,6,6,7,32,31,25,23.9,21.1,13.0,29.1,30.7,23.3,4.9,23.3,4.84,24.5,30.0,5.1,23.9,4.97,29.333333333333332,6.333333333333333,22.2,22.933333333333334,24.443181818181817
0,7,Moe Harkless,0.0,NY,WAS,4.5,228.5,112.0,22,4.3,13.6,30.3,SF/PF,3200,1,10.0,10.0,105,113,8%,2,5,5,18,23,23,13.6,15.1,7.7,22.5,11.6,6.8,2.1,11.8,3.67,13.8,20.0,4.3,12.8,3.985,21.333333333333332,4.0,14.34,16.066666666666666,12.000000000000002
1,0,Austin Rivers,0.0,HOU,MIN,-13.0,249.5,131.3,30,4.3,12.4,19.0,PG/SG,3700,1,15.0,10.0,106,110,4%,7,5,7,30,22,24,12.3,16.2,7.8,24.5,18.1,13.5,3.6,12.8,3.45,13.7,18.0,3.7,13.25,3.575,25.333333333333332,6.333333333333333,14.809999999999999,11.9,9.414473684210526
1,1,Derrick White,0.0,SA,DAL,4.0,232.0,114.0,25,20.0,24.9,32.5,PG/SG,4600,1,19.0,16.0,101,108,-3%,10,7,8,26,24,24,24.6,22.2,14.3,30.0,35.4,47.3,10.3,26.0,5.65,27.4,29.0,6.0,26.7,5.825,24.666666666666668,8.333333333333334,23.56,25.8,31.390540540540538
1,2,Robert Covington,0.0,HOU,MIN,-13.0,249.5,131.3,19,21.0,35.8,49.8,SF/PF,6200,1,16.0,14.0,106,110,6%,13,11,11,32,33,30,35.8,29.3,20.5,38.2,40.9,25.8,4.2,35.0,5.65,37.8,33.5,6.1,36.4,5.875,31.666666666666668,11.666666666666666,32.04,35.53333333333333,38.507368421052625
1,3,Wayne Ellington,0.0,NY,WAS,4.5,228.5,112.0,28,7.8,15.2,28.3,SG/SF,3100,1,15.0,9.0,105,113,5%,5,6,5,18,19,17,15.2,11.2,3.6,18.8,16.1,16.5,5.3,14.5,4.68,12.6,17.0,4.1,13.55,4.39,18.0,5.333333333333333,12.470000000000002,17.099999999999998,12.797222222222222
1,4,Markelle Fultz,0.0,ORL,MEM,2.0,218.5,108.3,15,17.3,27.2,40.0,PG/SG,5700,1,22.0,14.0,105,108,2%,13,11,11,27,28,29,27.4,26.6,18.8,34.5,32.1,34.0,6.0,25.8,4.52,27.1,29.5,4.8,26.450000000000003,4.66,28.0,11.666666666666666,26.75,28.166666666666668,27.86696428571429
1,5,Julius Randle,0.0,NY,WAS,4.5,228.5,112.0,4,20.5,39.5,46.8,PF/C,7600,1,28.0,18.0,105,113,0%,12,15,16,31,31,33,39.5,38.6,29.3,47.9,26.1,25.3,3.3,40.5,5.33,40.5,32.0,5.3,40.5,5.3149999999999995,31.666666666666668,14.333333333333334,39.160000000000004,35.6,40.92631578947368
1,6,Larry Nance Jr.,0.0,CLE,CHI,4.0,217.5,106.8,19,16.8,33.2,53.3,PF/C,6400,1,16.0,17.0,102,108,7%,10,11,8,37,36,26,33.2,25.3,13.8,36.9,31.9,36.5,5.7,31.3,4.88,32.9,35.0,5.1,32.1,4.99,33.0,9.666666666666666,28.26,34.43333333333333,34.04545454545455
1,7,Andrew Wiggins,0.0,GS,LAC,12.5,223.0,105.3,13,24.5,40.3,48.3,SG/SF,7400,2,25.0,16.0,104,105,-2%,15,17,18,37,36,35,39.4,37.7,27.0,48.3,32.4,29.0,3.9,34.5,4.66,38.9,35.0,5.3,36.7,4.98,36.0,16.666666666666668,37.81999999999999,37.699999999999996,35.680555555555564
2,0,Coby White,0.0,CHI,CLE,-4.0,217.5,110.8,17,34.5,38.3,44.0,PG/SG,6800,1,24.0,12.0,101,114,6%,21,20,12,36,34,26,38.3,23.8,12.7,34.8,38.0,30.3,4.5,33.8,4.96,39.0,35.5,5.7,36.4,5.33,32.0,17.666666666666668,29.2,38.93333333333333,40.38125
2,1,Wayne Ellington,0.0,NY,WAS,4.5,228.5,112.0,28,7.8,15.2,28.3,SG/SF,3100,1,15.0,9.0,105,113,5%,5,6,5,18,19,17,15.2,11.2,3.6,18.8,16.1,16.5,5.3,14.5,4.68,12.6,17.0,4.1,13.55,4.39,18.0,5.333333333333333,12.470000000000002,17.099999999999998,12.797222222222222
2,2,Jayson Tatum,0.0,BOS,IND,-3.0,214.5,108.8,3,34.8,49.5,64.8,SF/PF,8900,1,28.0,20.0,101,105,-12%,21,22,19,36,39,35,49.5,42.1,31.0,53.1,35.9,50.0,5.6,41.5,4.66,44.5,37.0,5.0,43.0,4.83,36.666666666666664,20.666666666666668,43.739999999999995,49.699999999999996,43.3909090909091
2,3,Rodney McGruder,0.0,LAC,GS,-12.5,223.0,117.8,20,-0.5,2.6,7.5,SG/SF,3000,1,11.0,7.0,103,111,8%,1,1,3,3,4,15,2.6,8.5,1.5,15.5,21.0,12.3,4.1,9.0,3.0,7.8,12.5,2.6,8.4,2.8,7.333333333333333,1.6666666666666667,7.3,3.1999999999999997,14.318181818181818
2,4,Spencer Dinwiddie,0.0,BKN,LAL,12.0,226.0,107.0,14,18.5,33.5,49.0,PG/SG,6800,1,30.0,18.0,103,103,0%,11,11,16,32,29,32,33.5,37.8,27.9,47.8,30.6,39.0,5.7,35.0,5.15,36.7,32.5,5.4,35.85,5.275,31.0,12.666666666666666,36.57,33.666666666666664,37.58467741935484
2,5,T.J. Warren,0.0,IND,BOS,3.0,214.5,105.8,17,25.0,32.5,44.3,SF/PF,6000,1,22.0,17.0,102,104,-6%,16,16,14,33,36,33,32.5,29.2,18.1,40.4,34.2,27.3,4.5,29.3,4.88,32.3,35.0,5.4,30.799999999999997,5.140000000000001,34.0,15.333333333333334,30.2,33.93333333333333,31.705882352941174
2,6,Jonas Valanciunas,0.0,MEM,ORL,-2.0,218.5,110.3,3,29.8,42.0,58.8,C,8200,2,21.0,22.0,101,107,-5%,11,10,11,30,29,26,42.3,35.0,22.8,47.1,36.0,50.0,6.1,37.0,4.51,40.1,30.0,4.9,38.55,4.705,28.333333333333332,10.666666666666666,37.15,43.53333333333333,40.81764705882353
2,7,Jevon Carter,0.0,PHO,POR,4.5,234.5,115.0,6,1.5,12.0,21.0,PG/SG,3100,1,14.0,10.0,103,111,5%,7,6,4,23,20,15,12.0,10.9,3.4,18.3,23.3,24.8,8.0,19.0,6.13,18.6,25.0,6.0,18.8,6.0649999999999995,19.333333333333332,5.666666666666667,12.680000000000001,11.5,24.31034482758621
3,0,Anfernee Simons,0.0,POR,PHO,-4.5,234.5,119.5,19,6.0,12.6,19.5,PG/SG,3100,2,19.0,9.0,104,109,0%,6,6,8,15,16,22,12.6,15.3,7.7,22.9,11.3,5.5,1.8,11.0,3.55,11.1,15.0,3.6,11.05,3.575,17.666666666666668,6.666666666666667,13.91,12.700000000000001,9.382075471698114
3,1,Frank Ntilikina,0.0,NY,WAS,4.5,228.5,112.0,2,7.0,12.7,20.5,PG/SG,3100,1,17.0,9.0,105,113,6%,8,6,6,14,18,21,12.7,15.4,5.6,25.2,29.7,43.5,14.0,12.8,4.11,13.9,17.5,4.5,13.350000000000001,4.305,17.666666666666668,6.666666666666667,14.45,13.4,13.224056603773585
3,2,Markieff Morris,0.0,LAL,BKN,-12.0,226.0,119.0,2,3.0,11.2,19.5,PF/C,3100,1,22.0,13.0,104,106,-3%,4,5,8,13,14,22,11.2,19.0,10.5,27.5,14.7,12.5,4.0,14.0,4.52,15.3,17.0,4.9,14.65,4.71,16.333333333333332,5.666666666666667,16.57,11.233333333333334,15.247959183673471
3,3,Cedi Osman,0.0,CLE,CHI,4.0,217.5,106.8,8,12.8,26.4,38.5,SF/PF,5400,1,17.0,11.0,102,108,1%,13,12,9,38,36,30,26.4,21.7,13.4,30.0,29.9,20.0,3.7,26.0,4.81,26.4,35.5,4.9,26.2,4.855,34.666666666666664,11.333333333333334,23.54,25.900000000000002,26.829807692307693
3,4,Coby White,0.0,CHI,CLE,-4.0,217.5,110.8,17,34.5,38.3,44.0,PG/SG,6800,1,24.0,12.0,101,114,6%,21,20,12,36,34,26,38.3,23.8,12.7,34.8,38.0,30.3,4.5,33.8,4.96,39.0,35.5,5.7,36.4,5.33,32.0,17.666666666666668,29.2,38.93333333333333,40.38125
3,5,Drew Eubanks,0.0,SA,DAL,4.0,232.0,114.0,7,7.5,11.9,20.0,PF/C,3100,1,0.0,0.0,101,108,-3%,4,3,2,19,16,10,11.8,8.2,1.3,15.0,7.0,7.8,2.5,9.3,2.98,0.0,0.0,0.0,4.65,1.49,15.0,3.0,8.19,13.133333333333333,0.0
3,6,Larry Nance Jr.,0.0,CLE,CHI,4.0,217.5,106.8,19,16.8,33.2,53.3,PF/C,6400,1,16.0,17.0,102,108,7%,10,11,8,37,36,26,33.2,25.3,13.8,36.9,31.9,36.5,5.7,31.3,4.88,32.9,35.0,5.1,32.1,4.99,33.0,9.666666666666666,28.26,34.43333333333333,34.04545454545455
3,7,Rodney McGruder,0.0,LAC,GS,-12.5,223.0,117.8,20,-0.5,2.6,7.5,SG/SF,3000,1,11.0,7.0,103,111,8%,1,1,3,3,4,15,2.6,8.5,1.5,15.5,21.0,12.3,4.1,9.0,3.0,7.8,12.5,2.6,8.4,2.8,7.333333333333333,1.6666666666666667,7.3,3.1999999999999997,14.318181818181818
4,0,Shabazz Napier,0.0,WAS,NY,-4.5,228.5,116.5,24,19.0,27.6,51.5,PG,5600,1,21.0,14.0,101,111,1%,11,8,8,32,28,24,27.6,24.1,12.8,35.4,38.2,38.0,6.8,28.8,5.13,28.7,30.5,5.1,28.75,5.115,28.0,9.0,25.729999999999997,32.699999999999996,31.31696428571428
4,1,Damion Lee,0.0,GS,LAC,12.5,223.0,105.3,13,18.3,32.1,41.3,SG,5800,2,19.0,13.0,104,105,-1%,17,13,11,35,35,30,32.0,26.7,17.1,36.3,30.9,21.3,3.7,26.8,4.61,31.0,34.5,5.3,28.9,4.955,33.333333333333336,13.666666666666666,28.2,30.566666666666666,29.911499999999997
4,2,Semi Ojeleye,0.0,BOS,IND,-3.0,214.5,108.8,20,0.0,12.2,37.0,PF,3600,1,9.0,8.0,101,105,-5%,6,5,3,19,17,15,12.2,7.3,0.4,14.3,21.2,10.5,2.9,3.0,0.83,0.0,0.0,0.0,1.5,0.415,17.0,4.666666666666667,7.139999999999999,16.400000000000002,0.0
4,3,Dario Saric,0.0,PHO,POR,4.5,234.5,115.0,12,16.8,26.5,42.5,SF/PF,5500,1,17.0,13.0,103,111,4%,10,9,9,32,29,26,26.5,23.3,12.2,34.4,38.8,46.3,8.4,29.8,5.41,27.8,31.0,5.1,28.8,5.255,29.0,9.333333333333334,25.04,28.599999999999998,30.786206896551725
4,4,Josh Okogie,0.0,MIN,HOU,13.0,249.5,118.3,4,8.0,18.8,30.3,SG/SF,4100,1,15.0,12.0,106,108,6%,5,6,7,25,26,25,18.8,19.3,11.4,27.1,35.6,16.0,3.9,21.5,5.24,22.1,28.0,5.4,21.8,5.32,25.333333333333332,6.0,19.68,19.033333333333335,24.094736842105267
4,5,Kyle Anderson,0.0,MEM,ORL,-2.0,218.5,110.3,11,15.3,20.3,28.5,SF/PF,4600,2,14.0,13.0,101,107,-5%,6,7,5,27,26,19,19.9,17.0,9.6,24.4,26.4,13.0,2.8,21.8,4.73,23.1,28.0,5.0,22.450000000000003,4.865,24.0,6.0,18.669999999999998,21.366666666666664,26.19166666666667
4,6,Maxi Kleber,0.0,DAL,SA,-4.0,232.0,118.0,18,9.8,23.5,35.5,PF/C,4800,1,14.0,14.0,102,111,0%,6,6,7,32,31,25,23.9,21.1,13.0,29.1,30.7,23.3,4.9,23.3,4.84,24.5,30.0,5.1,23.9,4.97,29.333333333333332,6.333333333333333,22.2,22.933333333333334,24.443181818181817
4,7,Mychal Mulder,0.0,GS,LAC,12.5,223.0,105.3,21,0.0,0.0,0.0,PG,4200,2,0.0,0.0,104,105,0%,10,10,10,28,31,30,22.9,20.3,12.6,27.9,26.4,7.5,1.8,22.0,5.24,23.2,30.5,5.5,22.6,5.37,29.666666666666668,10.0,21.259999999999998,0.0,23.234831460674158
5,0,Avery Bradley,0.0,LAL,BKN,-12.0,226.0,119.0,28,9.3,20.4,34.8,PG/SG,3900,1,16.0,9.0,104,106,-1%,11,9,8,32,29,24,20.4,15.7,7.5,23.9,31.1,16.5,4.2,18.3,4.68,18.0,28.0,4.6,18.15,4.64,28.333333333333332,9.333333333333334,17.130000000000003,21.5,17.93647058823529
5,1,Tim Hardaway Jr.,0.0,DAL,SA,-4.0,232.0,118.0,26,24.3,31.5,41.0,SG/SF,6300,1,22.0,15.0,102,111,3%,18,17,13,39,37,29,32.3,25.6,15.3,36.0,37.2,38.8,6.2,30.5,4.84,30.7,35.5,4.9,30.6,4.87,35.0,16.0,27.96,32.266666666666666,31.037142857142857
5,2,Gordon Hayward,0.0,BOS,IND,-3.0,214.5,108.8,3,11.8,26.8,44.3,SF/PF,7000,1,21.0,18.0,101,105,-12%,18,14,14,39,37,34,30.9,34.8,23.8,45.7,36.1,55.0,7.9,34.5,4.93,32.9,35.0,4.7,33.7,4.8149999999999995,36.666666666666664,15.333333333333334,33.779999999999994,27.633333333333336,32.16818181818182
5,3,Timothe Luwawu-Cabarrot,0.0,BKN,LAL,12.0,226.0,107.0,26,3.8,16.3,30.5,SF/PF,3200,1,15.0,9.0,103,103,-2%,5,6,5,26,26,17,16.3,11.4,3.5,19.3,25.4,21.0,6.6,16.8,5.23,16.8,24.5,5.3,16.8,5.265000000000001,23.0,5.333333333333333,13.459999999999999,16.866666666666667,17.895652173913042
5,4,Kemba Walker,0.0,BOS,IND,-3.0,214.5,108.8,26,26.0,31.5,42.3,PG,7200,1,29.0,21.0,101,105,-1%,16,16,17,29,31,33,31.4,38.7,27.4,49.9,30.3,17.8,2.5,36.5,5.07,35.7,31.5,5.0,36.1,5.035,31.0,16.333333333333332,36.7,33.266666666666666,36.68225806451613
5,5,Kyle Anderson,0.0,MEM,ORL,-2.0,218.5,110.3,11,15.3,20.3,28.5,SF/PF,4600,2,14.0,13.0,101,107,-5%,6,7,5,27,26,19,19.9,17.0,9.6,24.4,26.4,13.0,2.8,21.8,4.73,23.1,28.0,5.0,22.450000000000003,4.865,24.0,6.0,18.669999999999998,21.366666666666664,26.19166666666667
5,6,Dragan Bender,0.0,GS,LAC,12.5,223.0,105.3,22,14.8,22.5,38.3,PF/C,3500,2,0.0,0.0,104,105,-4%,5,8,6,15,21,18,22.5,16.0,8.0,24.1,25.4,35.8,10.2,12.8,3.64,13.0,16.0,3.7,12.9,3.67,18.0,6.333333333333333,16.7,25.2,11.466666666666667
5,7,Bradley Beal,0.0,WAS,NY,-4.5,228.5,116.5,18,39.8,51.0,61.5,SG,10200,1,34.0,23.0,101,111,-3%,23,24,23,37,37,36,51.0,49.0,37.7,60.3,38.5,61.8,6.1,51.5,5.05,52.0,37.5,5.1,51.75,5.074999999999999,36.666666666666664,23.333333333333332,49.95,50.76666666666667,52.92613636363637
6,0,Damian Lillard,0.0,POR,PHO,-4.5,234.5,119.5,19,29.3,36.8,43.8,PG,9100,2,31.0,26.0,104,109,2%,16,17,20,36,36,37,41.1,50.3,36.0,64.6,40.4,53.3,5.9,49.5,5.44,49.8,36.0,5.5,49.65,5.470000000000001,36.333333333333336,17.666666666666668,48.33,36.63333333333333,49.19449541284403
6,1,Austin Rivers,0.0,HOU,MIN,-13.0,249.5,131.3,30,4.3,12.4,19.0,PG/SG,3700,1,15.0,10.0,106,110,4%,7,5,7,30,22,24,12.3,16.2,7.8,24.5,18.1,13.5,3.6,12.8,3.45,13.7,18.0,3.7,13.25,3.575,25.333333333333332,6.333333333333333,14.809999999999999,11.9,9.414473684210526
6,2,T.J. Warren,0.0,IND,BOS,3.0,214.5,105.8,17,25.0,32.5,44.3,SF/PF,6000,1,22.0,17.0,102,104,-6%,16,16,14,33,36,33,32.5,29.2,18.1,40.4,34.2,27.3,4.5,29.3,4.88,32.3,35.0,5.4,30.799999999999997,5.140000000000001,34.0,15.333333333333334,30.2,33.93333333333333,31.705882352941174
6,3,Kawhi Leonard,0.0,LAC,GS,-12.5,223.0,117.8,9,32.0,39.4,47.0,SF,9200,1,34.0,27.0,103,111,2%,17,17,20,33,32,33,39.4,48.7,38.7,58.8,25.3,40.5,4.4,48.5,5.27,48.6,33.5,5.3,48.55,5.285,32.666666666666664,18.0,46.83,39.46666666666667,49.78852040816327
6,4,CJ McCollum,0.0,POR,PHO,-4.5,234.5,119.5,19,36.0,46.6,58.3,PG/SG,7900,2,27.0,17.0,104,109,0%,18,21,20,36,36,37,46.5,38.2,26.5,49.8,36.1,40.5,5.1,37.5,4.75,40.0,36.5,5.1,38.75,4.925,36.333333333333336,19.666666666666668,39.95,46.96666666666666,38.92775229357798
6,5,JaMychal Green,0.0,LAC,GS,-12.5,223.0,117.8,29,11.8,15.4,22.5,PF,3200,1,13.0,11.0,103,111,2%,6,5,6,17,18,21,15.4,17.8,9.5,26.1,25.8,31.0,9.7,14.5,4.53,14.3,17.0,4.5,14.4,4.515000000000001,18.666666666666668,5.666666666666667,16.640000000000004,16.566666666666666,13.114285714285714
6,6,Daniel Gafford,0.0,CHI,CLE,-4.0,217.5,110.8,16,3.0,12.5,20.0,C,3100,1,13.0,16.0,101,114,3%,3,3,3,18,18,14,12.4,11.7,3.3,20.0,20.9,16.5,5.3,12.3,3.95,13.7,16.0,4.4,13.0,4.175000000000001,16.666666666666668,3.0,12.08,11.833333333333334,12.479999999999999
6,7,Jake Layman,0.0,MIN,HOU,13.0,249.5,118.3,29,2.0,10.2,20.5,SF/PF,3100,1,17.0,10.0,106,108,7%,7,5,8,18,16,22,10.2,15.6,8.1,23.2,17.0,12.3,4.0,14.0,4.52,14.9,18.5,4.8,14.45,4.66,18.666666666666668,6.666666666666667,14.309999999999999,10.9,14.320982142857142
7,0,Tomas Satoransky,0.0,CHI,CLE,-4.0,217.5,110.8,17,8.3,21.9,27.5,PG,4900,1,18.0,14.0,101,114,6%,8,9,9,26,29,29,21.9,25.5,15.8,35.2,28.6,22.5,4.6,23.5,4.8,23.5,26.0,4.8,23.5,4.8,28.0,8.666666666666666,24.38,19.233333333333334,21.821428571428573
7,1,Coby White,0.0,CHI,CLE,-4.0,217.5,110.8,17,34.5,38.3,44.0,PG/SG,6800,1,24.0,12.0,101,114,6%,21,20,12,36,34,26,38.3,23.8,12.7,34.8,38.0,30.3,4.5,33.8,4.96,39.0,35.5,5.7,36.4,5.33,32.0,17.666666666666668,29.2,38.93333333333333,40.38125
7,2,Rui Hachimura,0.0,WAS,NY,-4.5,228.5,116.5,1,13.5,23.4,35.5,PF/C,4900,1,18.0,14.0,101,111,8%,7,8,11,36,32,30,23.4,25.3,16.0,34.6,28.6,27.3,5.6,25.5,5.2,27.5,32.5,5.6,26.5,5.4,32.666666666666664,8.666666666666666,25.160000000000004,24.133333333333336,26.36479591836735
7,3,Justin Holiday,0.0,IND,BOS,3.0,214.5,105.8,1,11.3,16.2,19.3,SG/SF,3500,1,13.0,13.0,102,104,-1%,7,7,7,24,22,26,17.5,19.1,11.5,26.8,21.0,17.5,5.0,16.5,4.71,16.9,23.5,4.8,16.7,4.755,24.0,7.0,18.32,15.6,16.352083333333333
7,4,John Konchar,0.0,MEM,ORL,-2.0,218.5,110.3,25,14.5,17.9,23.3,SG/SF,3100,2,0.0,0.0,101,107,0%,4,4,2,15,17,11,17.9,11.0,1.9,20.1,8.8,5.0,1.6,15.3,4.92,15.1,16.0,4.9,15.2,4.91,14.333333333333334,3.3333333333333335,13.219999999999999,18.566666666666666,16.967441860465115
7,5,Gary Trent Jr.,0.0,POR,PHO,-4.5,234.5,119.5,19,13.8,18.5,36.0,SG/SF,3900,2,15.0,12.0,104,109,0%,10,11,7,21,27,20,18.5,13.8,3.1,24.4,17.9,7.5,1.9,15.8,4.04,15.7,22.0,4.0,15.75,4.02,22.666666666666668,9.333333333333334,15.11,22.766666666666666,15.286764705882351
7,6,Bobby Portis,0.0,NY,WAS,4.5,228.5,112.0,4,14.3,22.7,29.0,PF/C,4200,1,21.0,14.0,105,113,0%,11,11,9,23,22,22,22.7,20.6,11.2,30.1,26.8,37.0,8.8,20.5,4.88,20.7,20.5,4.9,20.6,4.890000000000001,22.333333333333332,10.333333333333334,21.040000000000003,22.0,18.9089552238806
7,7,Taj Gibson,0.0,NY,WAS,4.5,228.5,112.0,21,2.3,15.4,31.5,C,3100,1,15.0,16.0,105,113,0%,5,5,5,15,17,17,15.4,14.2,6.6,21.8,17.5,17.3,5.6,14.0,4.52,13.1,14.5,4.2,13.55,4.359999999999999,16.333333333333332,5.0,14.310000000000002,16.400000000000002,12.029081632653062
8,0,Frank Ntilikina,0.0,NY,WAS,4.5,228.5,112.0,2,7.0,12.7,20.5,PG/SG,3100,1,17.0,9.0,105,113,6%,8,6,6,14,18,21,12.7,15.4,5.6,25.2,29.7,43.5,14.0,12.8,4.11,13.9,17.5,4.5,13.350000000000001,4.305,17.666666666666668,6.666666666666667,14.45,13.4,13.224056603773585
8,1,Landry Shamet,0.0,LAC,GS,-12.5,223.0,117.8,20,2.3,7.1,16.5,SG/SF,3100,1,13.0,9.0,103,111,8%,4,5,8,16,18,28,8.3,17.0,8.9,25.0,26.6,20.8,6.7,15.5,5.0,13.6,22.5,4.4,14.55,4.7,20.666666666666668,5.666666666666667,14.75,8.633333333333333,15.840725806451612
8,2,Nassir Little,0.0,POR,PHO,-4.5,234.5,119.5,14,2.0,4.9,7.5,SF/PF,3000,2,13.0,10.0,104,109,1%,4,2,3,5,8,12,4.9,8.4,1.1,15.6,1.6,3.3,1.1,6.0,2.0,0.0,0.0,0.0,3.0,1.0,8.333333333333334,3.0,6.6,4.8,0.0
8,3,Terrence Ross,0.0,ORL,MEM,2.0,218.5,108.3,5,28.0,32.6,38.5,SG/SF,5800,1,22.0,14.0,105,108,5%,10,13,12,32,31,28,32.6,24.3,15.9,32.7,30.5,33.0,5.7,30.5,5.26,31.1,32.0,5.4,30.8,5.33,30.333333333333332,11.666666666666666,27.26,33.03333333333333,32.4923076923077
8,4,Jordan McLaughlin,0.0,MIN,HOU,13.0,249.5,118.3,12,9.5,21.3,33.8,PG,4000,1,18.0,16.0,106,108,-1%,7,7,6,22,22,20,21.3,18.8,8.2,29.3,19.2,12.0,3.0,19.5,4.88,20.2,20.5,5.0,19.85,4.9399999999999995,21.333333333333332,6.666666666666667,19.490000000000002,21.53333333333333,19.074609375
8,5,Dragan Bender,0.0,GS,LAC,12.5,223.0,105.3,22,14.8,22.5,38.3,PF/C,3500,2,0.0,0.0,104,105,-4%,5,8,6,15,21,18,22.5,16.0,8.0,24.1,25.4,35.8,10.2,12.8,3.64,13.0,16.0,3.7,12.9,3.67,18.0,6.333333333333333,16.7,25.2,11.466666666666667
8,6,Wendell Carter Jr.,0.0,CHI,CLE,-4.0,217.5,110.8,16,11.8,17.7,22.3,C,4600,1,16.0,15.0,101,114,3%,5,5,8,27,24,30,17.6,28.3,19.7,36.8,26.5,29.0,6.3,25.3,5.49,24.8,28.0,5.4,25.05,5.445,27.0,6.0,25.490000000000002,17.266666666666666,25.977777777777778
8,7,Brad Wanamaker,0.0,BOS,IND,-3.0,214.5,108.8,26,3.5,11.3,18.0,PG,3200,1,16.0,12.0,101,105,-1%,4,5,5,18,22,21,11.3,15.6,9.1,22.2,20.4,12.5,3.9,12.3,3.83,11.6,16.0,3.6,11.95,3.715,20.333333333333332,4.666666666666667,14.029999999999998,10.933333333333332,9.40327868852459
10,0,D'Angelo Russell,0.0,MIN,HOU,13.0,249.5,118.3,12,15.8,32.4,40.8,PG,8500,1,33.0,19.0,106,108,-1%,16,18,19,33,34,33,38.5,41.5,29.8,53.3,33.9,50.5,5.9,43.0,5.06,44.0,32.0,5.2,43.5,5.13,33.333333333333336,17.666666666666668,41.32000000000001,29.666666666666668,41.76
10,1,Ty Jerome,0.0,PHO,POR,4.5,234.5,115.0,6,-0.5,3.8,8.5,PG/SG,3000,1,0.0,0.0,103,111,5%,4,2,4,14,8,11,3.8,9.0,1.2,16.7,15.0,2.8,0.9,11.8,3.92,12.2,15.0,4.1,12.0,4.01,11.0,3.3333333333333335,8.540000000000001,3.9333333333333336,16.363636363636363
10,2,Dario Saric,0.0,PHO,POR,4.5,234.5,115.0,12,16.8,26.5,42.5,SF/PF,5500,1,17.0,13.0,103,111,4%,10,9,9,32,29,26,26.5,23.3,12.2,34.4,38.8,46.3,8.4,29.8,5.41,27.8,31.0,5.1,28.8,5.255,29.0,9.333333333333334,25.04,28.599999999999998,30.786206896551725
10,3,Trevor Ariza,0.0,POR,PHO,-4.5,234.5,119.5,14,16.8,25.3,33.8,SF,4700,2,12.0,11.0,104,109,1%,8,8,6,33,35,29,25.3,20.1,10.1,30.1,36.7,35.0,7.4,22.8,4.84,22.9,34.0,4.9,22.85,4.87,32.333333333333336,7.333333333333333,21.689999999999998,25.3,24.027835051546393
10,4,Collin Sexton,0.0,CLE,CHI,4.0,217.5,106.8,3,24.8,40.8,55.3,PG/SG,7000,1,27.0,16.0,102,108,-12%,19,20,17,40,40,33,40.8,30.8,22.5,39.1,36.5,36.8,5.3,34.5,4.93,33.9,37.0,4.8,34.2,4.865,37.666666666666664,18.666666666666668,33.48,40.3,33.59469026548673
10,5,Denzel Valentine,0.0,CHI,CLE,-4.0,217.5,110.8,8,12.8,20.4,27.5,SG/SF,5100,1,23.0,13.0,101,114,7%,14,12,6,25,20,13,20.4,13.0,4.1,21.9,22.7,21.8,4.3,24.0,4.71,24.9,23.5,4.9,24.45,4.805,19.333333333333332,10.666666666666666,16.77,20.233333333333334,29.719396551724138
10,6,Wendell Carter Jr.,0.0,CHI,CLE,-4.0,217.5,110.8,16,11.8,17.7,22.3,C,4600,1,16.0,15.0,101,114,3%,5,5,8,27,24,30,17.6,28.3,19.7,36.8,26.5,29.0,6.3,25.3,5.49,24.8,28.0,5.4,25.05,5.445,27.0,6.0,25.490000000000002,17.266666666666666,25.977777777777778
10,7,Jordan Poole,0.0,GS,LAC,12.5,223.0,105.3,21,6.0,22.5,31.8,PG/SG,4100,2,21.0,7.0,104,105,0%,7,8,9,18,24,23,22.5,16.6,7.9,25.3,26.1,25.3,6.2,13.5,3.29,16.3,20.5,4.0,14.9,3.645,21.666666666666668,8.0,17.440000000000005,20.099999999999998,14.097692307692308
11,0,Russell Westbrook,0.0,HOU,MIN,-13.0,249.5,131.3,30,39.0,52.1,62.3,PG,10100,1,35.0,22.0,106,110,4%,23,23,23,31,35,36,52.0,52.2,41.0,63.3,37.0,50.0,5.0,55.8,5.52,60.5,36.5,6.0,58.15,5.76,34.0,23.0,53.33,51.133333333333326,62.42573529411764
11,1,Danny Green,0.0,LAL,BKN,-12.0,226.0,119.0,14,1.5,12.4,17.8,SG/SF,3200,1,14.0,11.0,104,106,-1%,5,5,7,28,25,25,12.4,18.4,9.2,27.6,29.0,19.5,6.1,18.3,5.7,18.6,25.0,5.8,18.450000000000003,5.75,26.0,5.666666666666667,17.21,10.566666666666668,17.74038461538462
11,2,Kevin Knox II,0.0,NY,WAS,4.5,228.5,112.0,22,10.8,14.6,21.5,SF/PF,3100,1,18.0,8.0,105,113,8%,7,7,6,16,18,18,14.6,13.2,6.0,20.5,11.1,5.5,1.8,13.5,4.35,12.6,17.0,4.1,13.05,4.225,17.333333333333332,6.666666666666667,13.469999999999999,15.633333333333333,12.799038461538464
11,3,Edmond Sumner,0.0,IND,BOS,3.0,214.5,105.8,1,2.0,10.7,25.3,SG/SF,3200,1,0.0,0.0,102,104,-4%,10,5,5,22,14,14,10.8,10.3,2.6,18.0,17.4,12.0,3.8,13.8,4.3,13.0,18.0,4.1,13.4,4.199999999999999,16.666666666666668,6.666666666666667,11.02,12.666666666666666,14.472
11,4,Jaylen Nowell,0.0,MIN,HOU,13.0,249.5,118.3,12,1.3,7.2,16.0,PG/SG,3000,1,0.0,0.0,106,108,-1%,3,3,4,11,9,10,7.2,7.6,2.2,12.9,5.0,4.0,1.3,7.8,2.58,0.0,0.0,0.0,3.9,1.29,10.0,3.3333333333333335,6.760000000000001,8.166666666666666,0.0
11,5,Kyle Kuzma,0.0,LAL,BKN,-12.0,226.0,119.0,15,13.3,21.9,29.5,SF/PF,4400,1,23.0,12.0,104,106,-3%,10,12,11,23,26,25,21.9,22.0,12.7,31.2,22.4,22.3,5.1,21.3,4.83,21.9,24.0,5.0,21.6,4.915,24.666666666666668,11.0,21.880000000000003,21.566666666666666,21.01621621621622
11,6,Larry Nance Jr.,0.0,CLE,CHI,4.0,217.5,106.8,19,16.8,33.2,53.3,PF/C,6400,1,16.0,17.0,102,108,7%,10,11,8,37,36,26,33.2,25.3,13.8,36.9,31.9,36.5,5.7,31.3,4.88,32.9,35.0,5.1,32.1,4.99,33.0,9.666666666666666,28.26,34.43333333333333,34.04545454545455
11,7,Josh Okogie,0.0,MIN,HOU,13.0,249.5,118.3,4,8.0,18.8,30.3,SG/SF,4100,1,15.0,12.0,106,108,6%,5,6,7,25,26,25,18.8,19.3,11.4,27.1,35.6,16.0,3.9,21.5,5.24,22.1,28.0,5.4,21.8,5.32,25.333333333333332,6.0,19.68,19.033333333333335,24.094736842105267
13,0,Elfrid Payton,0.0,NY,WAS,4.5,228.5,112.0,2,17.3,30.9,41.8,PG,6300,1,22.0,16.0,105,113,6%,12,9,10,31,28,29,30.9,30.9,20.3,41.5,18.3,13.0,2.1,33.5,5.32,33.9,29.5,5.4,33.7,5.36,29.333333333333332,10.333333333333334,31.46,30.0,33.89147727272727
13,1,Terrence Ross,0.0,ORL,MEM,2.0,218.5,108.3,5,28.0,32.6,38.5,SG/SF,5800,1,22.0,14.0,105,108,5%,10,13,12,32,31,28,32.6,24.3,15.9,32.7,30.5,33.0,5.7,30.5,5.26,31.1,32.0,5.4,30.8,5.33,30.333333333333332,11.666666666666666,27.26,33.03333333333333,32.4923076923077
13,2,Jake Layman,0.0,MIN,HOU,13.0,249.5,118.3,29,2.0,10.2,20.5,SF/PF,3100,1,17.0,10.0,106,108,7%,7,5,8,18,16,22,10.2,15.6,8.1,23.2,17.0,12.3,4.0,14.0,4.52,14.9,18.5,4.8,14.45,4.66,18.666666666666668,6.666666666666667,14.309999999999999,10.9,14.320982142857142
13,3,Robert Covington,0.0,HOU,MIN,-13.0,249.5,131.3,19,21.0,35.8,49.8,SF/PF,6200,1,16.0,14.0,106,110,6%,13,11,11,32,33,30,35.8,29.3,20.5,38.2,40.9,25.8,4.2,35.0,5.65,37.8,33.5,6.1,36.4,5.875,31.666666666666668,11.666666666666666,32.04,35.53333333333333,38.507368421052625
13,4,Garrison Mathews,0.0,WAS,NY,-4.5,228.5,116.5,18,0.0,9.8,24.5,SG/SF,3000,1,0.0,0.0,101,111,1%,2,4,3,11,14,13,9.8,9.5,0.6,18.4,8.6,5.5,1.8,5.0,1.67,9.5,13.0,3.2,7.25,2.435,12.666666666666666,3.0,9.110000000000001,11.433333333333332,7.4407894736842115
13,5,Mikal Bridges,0.0,PHO,POR,4.5,234.5,115.0,29,19.3,30.5,42.0,SG/SF,5800,1,13.0,13.0,103,111,5%,12,11,6,41,39,27,30.9,20.4,10.6,30.3,42.7,21.8,3.8,30.3,5.22,31.3,39.0,5.4,30.8,5.3100000000000005,35.666666666666664,9.666666666666666,24.599999999999998,30.599999999999998,33.6785046728972
13,6,Julius Randle,0.0,NY,WAS,4.5,228.5,112.0,4,20.5,39.5,46.8,PF/C,7600,1,28.0,18.0,105,113,0%,12,15,16,31,31,33,39.5,38.6,29.3,47.9,26.1,25.3,3.3,40.5,5.33,40.5,32.0,5.3,40.5,5.3149999999999995,31.666666666666668,14.333333333333334,39.160000000000004,35.6,40.92631578947368
13,7,JaMychal Green,0.0,LAC,GS,-12.5,223.0,117.8,29,11.8,15.4,22.5,PF,3200,1,13.0,11.0,103,111,2%,6,5,6,17,18,21,15.4,17.8,9.5,26.1,25.8,31.0,9.7,14.5,4.53,14.3,17.0,4.5,14.4,4.515000000000001,18.666666666666668,5.666666666666667,16.640000000000004,16.566666666666666,13.114285714285714
14,0,Coby White,0.0,CHI,CLE,-4.0,217.5,110.8,17,34.5,38.3,44.0,PG/SG,6800,1,24.0,12.0,101,114,6%,21,20,12,36,34,26,38.3,23.8,12.7,34.8,38.0,30.3,4.5,33.8,4.96,39.0,35.5,5.7,36.4,5.33,32.0,17.666666666666668,29.2,38.93333333333333,40.38125
14,1,Terrence Ross,0.0,ORL,MEM,2.0,218.5,108.3,5,28.0,32.6,38.5,SG/SF,5800,1,22.0,14.0,105,108,5%,10,13,12,32,31,28,32.6,24.3,15.9,32.7,30.5,33.0,5.7,30.5,5.26,31.1,32.0,5.4,30.8,5.33,30.333333333333332,11.666666666666666,27.26,33.03333333333333,32.4923076923077
14,2,Dragan Bender,0.0,GS,LAC,12.5,223.0,105.3,22,14.8,22.5,38.3,PF/C,3500,2,0.0,0.0,104,105,-4%,5,8,6,15,21,18,22.5,16.0,8.0,24.1,25.4,35.8,10.2,12.8,3.64,13.0,16.0,3.7,12.9,3.67,18.0,6.333333333333333,16.7,25.2,11.466666666666667
14,3,Paul George,0.0,LAC,GS,-12.5,223.0,117.8,9,31.8,37.4,50.5,SF,7700,1,30.0,20.0,103,111,2%,15,13,17,33,30,30,37.4,39.4,27.3,51.6,22.6,27.3,3.5,40.8,5.29,40.8,32.0,5.3,40.8,5.295,31.0,15.0,39.3,39.9,42.11612903225806
14,4,Tyus Jones,0.0,MEM,ORL,-2.0,218.5,110.3,23,13.0,26.0,37.8,PG,4100,2,19.0,16.0,101,107,0%,8,10,7,19,20,19,26.1,18.2,10.1,26.3,20.5,12.5,3.0,18.3,4.45,19.0,20.0,4.6,18.65,4.525,19.333333333333332,8.333333333333334,19.869999999999997,25.599999999999998,19.29310344827586
14,5,James Ennis III,0.0,ORL,MEM,2.0,218.5,108.3,10,9.0,16.5,28.5,SF/PF,3800,1,14.0,12.0,105,108,3%,3,5,5,22,25,18,16.4,13.3,6.3,20.3,23.2,14.5,3.8,17.5,4.61,19.0,25.5,5.0,18.25,4.805,21.666666666666668,4.333333333333333,14.91,18.0,21.478846153846153
14,6,Hassan Whiteside,0.0,POR,PHO,-4.5,234.5,119.5,19,38.3,47.8,58.0,C,9000,2,19.0,25.0,104,109,1%,13,13,11,35,33,31,47.8,43.4,32.0,54.9,36.8,42.0,4.7,47.3,5.25,48.9,34.0,5.4,48.099999999999994,5.325,33.0,12.333333333333334,45.239999999999995,48.03333333333333,49.55757575757575
14,7,Justin Holiday,0.0,IND,BOS,3.0,214.5,105.8,1,11.3,16.2,19.3,SG/SF,3500,1,13.0,13.0,102,104,-1%,7,7,7,24,22,26,17.5,19.1,11.5,26.8,21.0,17.5,5.0,16.5,4.71,16.9,23.5,4.8,16.7,4.755,24.0,7.0,18.32,15.6,16.352083333333333
15,0,Ty Jerome,0.0,PHO,POR,4.5,234.5,115.0,6,-0.5,3.8,8.5,PG/SG,3000,1,0.0,0.0,103,111,5%,4,2,4,14,8,11,3.8,9.0,1.2,16.7,15.0,2.8,0.9,11.8,3.92,12.2,15.0,4.1,12.0,4.01,11.0,3.3333333333333335,8.540000000000001,3.9333333333333336,16.363636363636363
15,1,Tim Hardaway Jr.,0.0,DAL,SA,-4.0,232.0,118.0,26,24.3,31.5,41.0,SG/SF,6300,1,22.0,15.0,102,111,3%,18,17,13,39,37,29,32.3,25.6,15.3,36.0,37.2,38.8,6.2,30.5,4.84,30.7,35.5,4.9,30.6,4.87,35.0,16.0,27.96,32.266666666666666,31.037142857142857
15,2,Thaddeus Young,0.0,CHI,CLE,-4.0,217.5,110.8,13,27.3,31.1,36.5,PF,5300,1,20.0,13.0,101,114,3%,12,12,10,25,29,25,31.1,22.7,13.8,31.6,20.9,19.0,3.6,22.5,4.25,23.5,25.0,4.4,23.0,4.325,26.333333333333332,11.333333333333334,24.44,31.633333333333336,21.835443037974684
15,3,Paul George,0.0,LAC,GS,-12.5,223.0,117.8,9,31.8,37.4,50.5,SF,7700,1,30.0,20.0,103,111,2%,15,13,17,33,30,30,37.4,39.4,27.3,51.6,22.6,27.3,3.5,40.8,5.29,40.8,32.0,5.3,40.8,5.295,31.0,15.0,39.3,39.9,42.11612903225806
15,4,Marcus Smart,0.0,BOS,IND,-3.0,214.5,108.8,26,26.0,40.7,51.8,PG/SG,6700,1,20.0,14.0,101,105,-1%,20,18,12,38,38,33,40.6,31.1,20.3,41.8,35.7,30.3,4.5,32.0,4.78,33.1,36.5,4.9,32.55,4.84,36.333333333333336,16.666666666666668,33.27,39.5,32.699311926605496
15,5,DeMar DeRozan,0.0,SA,DAL,4.0,232.0,114.0,13,27.5,37.3,43.5,SF,7400,1,27.0,21.0,101,108,-2%,16,13,16,36,36,35,37.3,39.6,31.3,47.9,35.4,41.3,5.6,40.3,5.44,41.8,36.0,5.6,41.05,5.52,35.666666666666664,15.0,39.43000000000001,36.1,41.43364485981308
15,6,Lauri Markkanen,0.0,CHI,CLE,-4.0,217.5,110.8,13,12.8,21.8,32.5,PF/C,4700,1,21.0,14.0,101,114,3%,9,11,12,24,29,30,23.8,28.1,18.7,37.5,27.3,22.5,4.8,25.5,5.43,24.6,26.5,5.2,25.05,5.3149999999999995,27.666666666666668,10.666666666666666,26.630000000000003,22.366666666666664,23.993674698795182
15,7,Juancho Hernangomez,0.0,MIN,HOU,13.0,249.5,118.3,16,16.0,26.4,35.0,PF,5200,1,14.0,10.0,106,108,7%,7,9,5,29,30,17,26.4,13.3,1.6,25.1,29.6,36.0,6.9,25.3,4.86,28.7,30.0,5.5,27.0,5.18,25.333333333333332,7.0,18.68,25.8,31.97368421052632
16,0,Austin Rivers,0.0,HOU,MIN,-13.0,249.5,131.3,30,4.3,12.4,19.0,PG/SG,3700,1,15.0,10.0,106,110,4%,7,5,7,30,22,24,12.3,16.2,7.8,24.5,18.1,13.5,3.6,12.8,3.45,13.7,18.0,3.7,13.25,3.575,25.333333333333332,6.333333333333333,14.809999999999999,11.9,9.414473684210526
16,1,CJ McCollum,0.0,POR,PHO,-4.5,234.5,119.5,19,36.0,46.6,58.3,PG/SG,7900,2,27.0,17.0,104,109,0%,18,21,20,36,36,37,46.5,38.2,26.5,49.8,36.1,40.5,5.1,37.5,4.75,40.0,36.5,5.1,38.75,4.925,36.333333333333336,19.666666666666668,39.95,46.96666666666666,38.92775229357798
16,2,Jakarr Sampson,0.0,IND,BOS,3.0,214.5,105.8,17,1.3,8.8,26.3,SF/PF,3100,1,0.0,0.0,102,104,-6%,5,2,3,15,11,13,8.8,8.9,1.1,16.6,12.6,7.8,2.5,11.0,3.55,9.7,13.0,3.1,10.35,3.325,13.0,3.3333333333333335,9.150000000000002,12.133333333333335,10.35
16,3,Moe Harkless,0.0,NY,WAS,4.5,228.5,112.0,22,4.3,13.6,30.3,SF/PF,3200,1,10.0,10.0,105,113,8%,2,5,5,18,23,23,13.6,15.1,7.7,22.5,11.6,6.8,2.1,11.8,3.67,13.8,20.0,4.3,12.8,3.985,21.333333333333332,4.0,14.34,16.066666666666666,12.000000000000002
16,4,James Harden,0.0,HOU,MIN,-13.0,249.5,131.3,30,30.8,48.9,66.5,PG/SG,11300,1,37.0,28.0,106,110,4%,21,21,23,39,37,37,49.2,60.1,45.8,74.5,35.8,59.5,5.3,62.5,5.53,64.1,36.5,5.7,63.3,5.615,37.666666666666664,21.666666666666668,58.580000000000005,48.73333333333333,61.33938053097345
16,5,Jayson Tatum,0.0,BOS,IND,-3.0,214.5,108.8,3,34.8,49.5,64.8,SF/PF,8900,1,28.0,20.0,101,105,-12%,21,22,19,36,39,35,49.5,42.1,31.0,53.1,35.9,50.0,5.6,41.5,4.66,44.5,37.0,5.0,43.0,4.83,36.666666666666664,20.666666666666668,43.739999999999995,49.699999999999996,43.3909090909091
16,6,Ivica Zubac,0.0,LAC,GS,-12.5,223.0,117.8,12,12.3,21.2,35.5,C,4300,1,16.0,21.0,103,111,2%,5,4,5,17,19,19,21.1,21.1,13.5,28.7,19.8,20.0,4.7,20.5,4.77,21.6,19.0,5.0,21.05,4.885,18.333333333333332,4.666666666666667,21.09,23.0,21.815454545454546
16,7,Jeff Green,0.0,HOU,MIN,-13.0,249.5,131.3,10,8.3,21.7,40.5,PF/C,4000,1,17.0,13.0,106,110,6%,12,8,7,28,21,19,21.7,15.3,7.5,23.1,20.6,7.5,1.9,15.8,3.94,13.7,16.0,3.4,14.75,3.67,22.666666666666668,9.0,16.47,23.5,10.411764705882353
17,0,Mychal Mulder,0.0,GS,LAC,12.5,223.0,105.3,21,0.0,0.0,0.0,PG,4200,2,0.0,0.0,104,105,0%,10,10,10,28,31,30,22.9,20.3,12.6,27.9,26.4,7.5,1.8,22.0,5.24,23.2,30.5,5.5,22.6,5.37,29.666666666666668,10.0,21.259999999999998,0.0,23.234831460674158
17,1,Bradley Beal,0.0,WAS,NY,-4.5,228.5,116.5,18,39.8,51.0,61.5,SG,10200,1,34.0,23.0,101,111,-3%,23,24,23,37,37,36,51.0,49.0,37.7,60.3,38.5,61.8,6.1,51.5,5.05,52.0,37.5,5.1,51.75,5.074999999999999,36.666666666666664,23.333333333333332,49.95,50.76666666666667,52.92613636363637
17,2,Maxi Kleber,0.0,DAL,SA,-4.0,232.0,118.0,18,9.8,23.5,35.5,PF/C,4800,1,14.0,14.0,102,111,0%,6,6,7,32,31,25,23.9,21.1,13.0,29.1,30.7,23.3,4.9,23.3,4.84,24.5,30.0,5.1,23.9,4.97,29.333333333333332,6.333333333333333,22.2,22.933333333333334,24.443181818181817
17,3,Jakarr Sampson,0.0,IND,BOS,3.0,214.5,105.8,17,1.3,8.8,26.3,SF/PF,3100,1,0.0,0.0,102,104,-6%,5,2,3,15,11,13,8.8,8.9,1.1,16.6,12.6,7.8,2.5,11.0,3.55,9.7,13.0,3.1,10.35,3.325,13.0,3.3333333333333335,9.150000000000002,12.133333333333335,10.35
17,4,Aaron Holiday,0.0,IND,BOS,3.0,214.5,105.8,29,7.5,15.5,24.3,PG/SG,4800,1,20.0,12.0,102,104,-4%,7,6,9,33,28,24,15.5,20.3,9.7,30.9,33.9,14.0,2.9,26.0,5.42,24.8,32.0,5.2,25.4,5.3100000000000005,28.333333333333332,7.333333333333333,20.359999999999996,15.766666666666666,28.687058823529412
17,5,Lauri Markkanen,0.0,CHI,CLE,-4.0,217.5,110.8,13,12.8,21.8,32.5,PF/C,4700,1,21.0,14.0,101,114,3%,9,11,12,24,29,30,23.8,28.1,18.7,37.5,27.3,22.5,4.8,25.5,5.43,24.6,26.5,5.2,25.05,5.3149999999999995,27.666666666666668,10.666666666666666,26.630000000000003,22.366666666666664,23.993674698795182
17,6,Larry Nance Jr.,0.0,CLE,CHI,4.0,217.5,106.8,19,16.8,33.2,53.3,PF/C,6400,1,16.0,17.0,102,108,7%,10,11,8,37,36,26,33.2,25.3,13.8,36.9,31.9,36.5,5.7,31.3,4.88,32.9,35.0,5.1,32.1,4.99,33.0,9.666666666666666,28.26,34.43333333333333,34.04545454545455
17,7,Gary Clark,0.0,ORL,MEM,2.0,218.5,108.3,6,0.0,4.8,12.8,PF/C,3000,1,12.0,11.0,105,108,-2%,1,2,3,5,11,12,4.8,8.4,1.4,15.5,9.3,4.0,1.3,12.5,4.17,0.0,0.0,0.0,6.25,2.085,9.333333333333334,2.0,7.269999999999999,5.866666666666667,0.0
18,0,Patrick Beverley,0.0,LAC,GS,-12.5,223.0,117.8,4,9.0,11.3,17.0,PG,3700,1,14.0,12.0,103,111,5%,3,3,7,25,23,28,11.3,23.8,13.7,34.0,20.7,22.8,6.2,22.5,6.08,22.1,26.5,6.0,22.3,6.04,25.333333333333332,4.333333333333333,21.02,12.433333333333332,23.326973684210525
18,1,De'Anthony Melton,0.0,MEM,ORL,-2.0,218.5,110.3,23,1.0,19.3,31.5,PG/SG,4600,2,21.0,15.0,101,107,0%,7,7,7,22,23,21,19.3,21.7,13.5,29.9,26.5,29.3,6.4,22.0,4.78,21.9,24.5,4.8,21.95,4.79,22.0,7.0,21.270000000000003,17.266666666666666,24.44431818181818
18,2,Trey Lyles,0.0,SA,DAL,4.0,232.0,114.0,7,17.3,31.4,44.8,PF/C,5300,1,13.0,13.0,101,108,0%,11,12,6,32,35,20,31.4,17.2,7.8,26.5,32.2,37.8,7.1,26.0,4.91,23.8,28.0,4.5,24.9,4.705,29.0,9.666666666666666,21.559999999999995,31.166666666666668,24.041379310344826
18,3,Kawhi Leonard,0.0,LAC,GS,-12.5,223.0,117.8,9,32.0,39.4,47.0,SF,9200,1,34.0,27.0,103,111,2%,17,17,20,33,32,33,39.4,48.7,38.7,58.8,25.3,40.5,4.4,48.5,5.27,48.6,33.5,5.3,48.55,5.285,32.666666666666664,18.0,46.83,39.46666666666667,49.78852040816327
18,4,Rodney McGruder,0.0,LAC,GS,-12.5,223.0,117.8,20,-0.5,2.6,7.5,SG/SF,3000,1,11.0,7.0,103,111,8%,1,1,3,3,4,15,2.6,8.5,1.5,15.5,21.0,12.3,4.1,9.0,3.0,7.8,12.5,2.6,8.4,2.8,7.333333333333333,1.6666666666666667,7.3,3.1999999999999997,14.318181818181818
18,5,Jayson Tatum,0.0,BOS,IND,-3.0,214.5,108.8,3,34.8,49.5,64.8,SF/PF,8900,1,28.0,20.0,101,105,-12%,21,22,19,36,39,35,49.5,42.1,31.0,53.1,35.9,50.0,5.6,41.5,4.66,44.5,37.0,5.0,43.0,4.83,36.666666666666664,20.666666666666668,43.739999999999995,49.699999999999996,43.3909090909091
18,6,JaVale McGee,0.0,LAL,BKN,-12.0,226.0,119.0,10,7.8,16.6,26.8,C,3600,1,15.0,20.0,104,106,7%,4,4,5,16,18,17,16.2,18.7,10.1,27.3,16.8,11.8,3.3,23.8,6.6,23.6,19.5,6.6,23.700000000000003,6.6,17.0,4.333333333333333,19.2,17.066666666666666,27.18529411764706
18,7,Gary Clark,0.0,ORL,MEM,2.0,218.5,108.3,6,0.0,4.8,12.8,PF/C,3000,1,12.0,11.0,105,108,-2%,1,2,3,5,11,12,4.8,8.4,1.4,15.5,9.3,4.0,1.3,12.5,4.17,0.0,0.0,0.0,6.25,2.085,9.333333333333334,2.0,7.269999999999999,5.866666666666667,0.0
19,0,Rajon Rondo,0.0,LAL,BKN,-12.0,226.0,119.0,28,5.3,11.9,16.0,PG,3300,1,21.0,13.0,104,106,3%,7,6,7,17,19,21,11.9,19.8,8.9,30.8,15.6,6.8,2.1,17.0,5.15,15.4,16.0,4.7,16.2,4.925000000000001,19.0,6.666666666666667,17.520000000000003,11.066666666666668,13.642105263157895
19,1,Frank Ntilikina,0.0,NY,WAS,4.5,228.5,112.0,2,7.0,12.7,20.5,PG/SG,3100,1,17.0,9.0,105,113,6%,8,6,6,14,18,21,12.7,15.4,5.6,25.2,29.7,43.5,14.0,12.8,4.11,13.9,17.5,4.5,13.350000000000001,4.305,17.666666666666668,6.666666666666667,14.45,13.4,13.224056603773585
19,2,Lauri Markkanen,0.0,CHI,CLE,-4.0,217.5,110.8,13,12.8,21.8,32.5,PF/C,4700,1,21.0,14.0,101,114,3%,9,11,12,24,29,30,23.8,28.1,18.7,37.5,27.3,22.5,4.8,25.5,5.43,24.6,26.5,5.2,25.05,5.3149999999999995,27.666666666666668,10.666666666666666,26.630000000000003,22.366666666666664,23.993674698795182
19,3,Marco Belinelli,0.0,SA,DAL,4.0,232.0,114.0,7,-0.5,10.5,31.0,SG/SF,3000,1,17.0,10.0,101,108,-2%,3,5,5,6,13,15,10.4,10.8,3.7,17.8,21.1,24.5,8.2,9.5,3.17,14.6,18.5,4.9,12.05,4.035,11.333333333333334,4.333333333333333,10.95,13.666666666666666,19.66985294117647
19,4,D.J. Augustin,0.0,ORL,MEM,2.0,218.5,108.3,15,8.0,21.2,34.0,PG,4300,1,20.0,14.0,105,108,2%,9,8,8,27,23,26,23.6,22.3,13.6,31.0,23.9,24.0,5.6,23.5,5.47,22.7,26.0,5.3,23.1,5.385,25.333333333333332,8.333333333333334,22.72,21.066666666666666,23.707894736842107
19,5,Grant Williams,0.0,BOS,IND,-3.0,214.5,108.8,3,5.5,10.5,19.8,SF/PF,3500,1,12.0,8.0,101,105,-5%,4,4,3,16,19,16,10.5,10.3,3.2,17.5,2.7,2.0,0.6,12.3,3.5,10.1,15.0,2.9,11.2,3.2,17.0,3.6666666666666665,10.540000000000001,11.933333333333332,9.882352941176471
19,6,Caleb Swanigan,0.0,POR,PHO,-4.5,234.5,119.5,19,4.8,8.1,16.8,C,3000,2,0.0,0.0,104,109,1%,0,1,2,5,9,11,8.1,8.9,2.9,14.9,11.2,7.3,2.4,4.8,1.58,0.0,0.0,0.0,2.4,0.79,8.333333333333334,1.0,7.4399999999999995,9.9,0.0
19,7,Caris LeVert,0.0,BKN,LAL,12.0,226.0,107.0,6,25.3,44.5,66.5,SG/SF,7500,1,29.0,15.0,103,103,-2%,15,18,16,34,33,29,44.8,31.5,17.6,45.3,37.6,43.8,5.8,36.5,4.87,37.1,33.0,4.9,36.8,4.885,32.0,16.333333333333332,35.2,45.43333333333334,37.949999999999996
21,0,D.J. Augustin,0.0,ORL,MEM,2.0,218.5,108.3,15,8.0,21.2,34.0,PG,4300,1,20.0,14.0,105,108,2%,9,8,8,27,23,26,23.6,22.3,13.6,31.0,23.9,24.0,5.6,23.5,5.47,22.7,26.0,5.3,23.1,5.385,25.333333333333332,8.333333333333334,22.72,21.066666666666666,23.707894736842107
21,1,Coby White,0.0,CHI,CLE,-4.0,217.5,110.8,17,34.5,38.3,44.0,PG/SG,6800,1,24.0,12.0,101,114,6%,21,20,12,36,34,26,38.3,23.8,12.7,34.8,38.0,30.3,4.5,33.8,4.96,39.0,35.5,5.7,36.4,5.33,32.0,17.666666666666668,29.2,38.93333333333333,40.38125
21,2,Wilson Chandler,0.0,BKN,LAL,12.0,226.0,107.0,9,5.3,10.2,17.3,PF,3100,1,13.0,7.0,103,103,-6%,5,5,5,20,19,21,10.2,14.4,8.2,20.5,26.6,15.3,4.9,14.0,4.52,14.6,22.0,4.7,14.3,4.609999999999999,20.0,5.0,13.52,10.933333333333332,15.730000000000002
21,3,Wes Iwundu,0.0,ORL,MEM,2.0,218.5,108.3,10,3.0,13.4,20.0,SF,3200,1,13.0,10.0,105,108,3%,6,5,4,20,20,18,15.0,11.8,5.6,18.0,16.8,8.3,2.6,14.0,4.38,14.5,20.5,4.5,14.25,4.4399999999999995,19.333333333333332,5.0,12.930000000000001,12.133333333333333,15.10991379310345
21,4,Tim Hardaway Jr.,0.0,DAL,SA,-4.0,232.0,118.0,26,24.3,31.5,41.0,SG/SF,6300,1,22.0,15.0,102,111,3%,18,17,13,39,37,29,32.3,25.6,15.3,36.0,37.2,38.8,6.2,30.5,4.84,30.7,35.5,4.9,30.6,4.87,35.0,16.0,27.96,32.266666666666666,31.037142857142857
21,5,Mario Hezonja,0.0,POR,PHO,-4.5,234.5,119.5,14,10.0,17.6,28.0,SF/PF,3100,2,14.0,9.0,104,109,0%,7,5,4,18,18,16,17.6,11.8,3.6,20.0,14.4,14.0,4.5,12.0,3.87,12.5,17.0,4.0,12.25,3.935,17.333333333333332,5.333333333333333,13.05,18.533333333333335,12.014423076923078
21,6,Domantas Sabonis,0.0,IND,BOS,3.0,214.5,105.8,15,37.0,45.9,55.3,PF/C,8900,1,24.0,21.0,102,104,-7%,14,13,14,39,38,35,45.8,44.4,35.4,53.4,41.5,51.8,5.8,45.5,5.11,46.7,36.0,5.2,46.1,5.155,37.333333333333336,13.666666666666666,45.019999999999996,46.06666666666666,44.45357142857143
21,7,Gorgui Dieng,0.0,MEM,ORL,-2.0,218.5,110.3,3,11.0,20.6,35.0,C,4500,2,18.0,17.0,101,107,-5%,4,5,6,18,21,18,20.6,20.2,7.7,32.7,15.0,23.5,5.2,21.3,4.72,21.5,19.0,4.8,21.4,4.76,19.0,5.0,20.52,22.2,21.4
22,0,Rajon Rondo,0.0,LAL,BKN,-12.0,226.0,119.0,28,5.3,11.9,16.0,PG,3300,1,21.0,13.0,104,106,3%,7,6,7,17,19,21,11.9,19.8,8.9,30.8,15.6,6.8,2.1,17.0,5.15,15.4,16.0,4.7,16.2,4.925000000000001,19.0,6.666666666666667,17.520000000000003,11.066666666666668,13.642105263157895
22,1,John Konchar,0.0,MEM,ORL,-2.0,218.5,110.3,25,14.5,17.9,23.3,SG/SF,3100,2,0.0,0.0,101,107,0%,4,4,2,15,17,11,17.9,11.0,1.9,20.1,8.8,5.0,1.6,15.3,4.92,15.1,16.0,4.9,15.2,4.91,14.333333333333334,3.3333333333333335,13.219999999999999,18.566666666666666,16.967441860465115
22,2,Kyle Anderson,0.0,MEM,ORL,-2.0,218.5,110.3,11,15.3,20.3,28.5,SF/PF,4600,2,14.0,13.0,101,107,-5%,6,7,5,27,26,19,19.9,17.0,9.6,24.4,26.4,13.0,2.8,21.8,4.73,23.1,28.0,5.0,22.450000000000003,4.865,24.0,6.0,18.669999999999998,21.366666666666664,26.19166666666667
22,3,Trevor Ariza,0.0,POR,PHO,-4.5,234.5,119.5,14,16.8,25.3,33.8,SF,4700,2,12.0,11.0,104,109,1%,8,8,6,33,35,29,25.3,20.1,10.1,30.1,36.7,35.0,7.4,22.8,4.84,22.9,34.0,4.9,22.85,4.87,32.333333333333336,7.333333333333333,21.689999999999998,25.3,24.027835051546393
22,4,Derrick White,0.0,SA,DAL,4.0,232.0,114.0,25,20.0,24.9,32.5,PG/SG,4600,1,19.0,16.0,101,108,-3%,10,7,8,26,24,24,24.6,22.2,14.3,30.0,35.4,47.3,10.3,26.0,5.65,27.4,29.0,6.0,26.7,5.825,24.666666666666668,8.333333333333334,23.56,25.8,31.390540540540538
22,5,Tim Hardaway Jr.,0.0,DAL,SA,-4.0,232.0,118.0,26,24.3,31.5,41.0,SG/SF,6300,1,22.0,15.0,102,111,3%,18,17,13,39,37,29,32.3,25.6,15.3,36.0,37.2,38.8,6.2,30.5,4.84,30.7,35.5,4.9,30.6,4.87,35.0,16.0,27.96,32.266666666666666,31.037142857142857
22,6,Lauri Markkanen,0.0,CHI,CLE,-4.0,217.5,110.8,13,12.8,21.8,32.5,PF/C,4700,1,21.0,14.0,101,114,3%,9,11,12,24,29,30,23.8,28.1,18.7,37.5,27.3,22.5,4.8,25.5,5.43,24.6,26.5,5.2,25.05,5.3149999999999995,27.666666666666668,10.666666666666666,26.630000000000003,22.366666666666664,23.993674698795182
22,7,Anthony Tolliver,0.0,MEM,ORL,-2.0,218.5,110.3,23,2.5,10.5,17.3,PF/C,3100,2,11.0,7.0,101,107,-1%,4,4,3,18,19,16,10.4,9.4,1.7,17.1,17.9,6.3,2.0,11.3,3.63,11.2,18.0,3.6,11.25,3.615,17.666666666666668,3.6666666666666665,9.970000000000002,10.1,11.462264150943394
23,0,CJ McCollum,0.0,POR,PHO,-4.5,234.5,119.5,19,36.0,46.6,58.3,PG/SG,7900,2,27.0,17.0,104,109,0%,18,21,20,36,36,37,46.5,38.2,26.5,49.8,36.1,40.5,5.1,37.5,4.75,40.0,36.5,5.1,38.75,4.925,36.333333333333336,19.666666666666668,39.95,46.96666666666666,38.92775229357798
23,1,Devin Booker,0.0,PHO,POR,4.5,234.5,115.0,6,23.5,44.5,59.3,PG/SG,8800,1,30.0,20.0,103,111,0%,19,17,18,39,39,36,44.5,42.5,30.6,54.5,35.8,49.0,5.6,45.5,5.17,46.7,38.5,5.3,46.1,5.234999999999999,38.0,18.0,43.64,42.43333333333333,46.70657894736843
23,2,Trey Lyles,0.0,SA,DAL,4.0,232.0,114.0,7,17.3,31.4,44.8,PF/C,5300,1,13.0,13.0,101,108,0%,11,12,6,32,35,20,31.4,17.2,7.8,26.5,32.2,37.8,7.1,26.0,4.91,23.8,28.0,4.5,24.9,4.705,29.0,9.666666666666666,21.559999999999995,31.166666666666668,24.041379310344826
23,3,Josh Okogie,0.0,MIN,HOU,13.0,249.5,118.3,4,8.0,18.8,30.3,SG/SF,4100,1,15.0,12.0,106,108,6%,5,6,7,25,26,25,18.8,19.3,11.4,27.1,35.6,16.0,3.9,21.5,5.24,22.1,28.0,5.4,21.8,5.32,25.333333333333332,6.0,19.68,19.033333333333335,24.094736842105267
23,4,Jevon Carter,0.0,PHO,POR,4.5,234.5,115.0,6,1.5,12.0,21.0,PG/SG,3100,1,14.0,10.0,103,111,5%,7,6,4,23,20,15,12.0,10.9,3.4,18.3,23.3,24.8,8.0,19.0,6.13,18.6,25.0,6.0,18.8,6.0649999999999995,19.333333333333332,5.666666666666667,12.680000000000001,11.5,24.31034482758621
23,5,Wes Iwundu,0.0,ORL,MEM,2.0,218.5,108.3,10,3.0,13.4,20.0,SF,3200,1,13.0,10.0,105,108,3%,6,5,4,20,20,18,15.0,11.8,5.6,18.0,16.8,8.3,2.6,14.0,4.38,14.5,20.5,4.5,14.25,4.4399999999999995,19.333333333333332,5.0,12.930000000000001,12.133333333333333,15.10991379310345
23,6,Julius Randle,0.0,NY,WAS,4.5,228.5,112.0,4,20.5,39.5,46.8,PF/C,7600,1,28.0,18.0,105,113,0%,12,15,16,31,31,33,39.5,38.6,29.3,47.9,26.1,25.3,3.3,40.5,5.33,40.5,32.0,5.3,40.5,5.3149999999999995,31.666666666666668,14.333333333333334,39.160000000000004,35.6,40.92631578947368
23,7,James Ennis III,0.0,ORL,MEM,2.0,218.5,108.3,10,9.0,16.5,28.5,SF/PF,3800,1,14.0,12.0,105,108,3%,3,5,5,22,25,18,16.4,13.3,6.3,20.3,23.2,14.5,3.8,17.5,4.61,19.0,25.5,5.0,18.25,4.805,21.666666666666668,4.333333333333333,14.91,18.0,21.478846153846153
25,0,Derrick White,0.0,SA,DAL,4.0,232.0,114.0,25,20.0,24.9,32.5,PG/SG,4600,1,19.0,16.0,101,108,-3%,10,7,8,26,24,24,24.6,22.2,14.3,30.0,35.4,47.3,10.3,26.0,5.65,27.4,29.0,6.0,26.7,5.825,24.666666666666668,8.333333333333334,23.56,25.8,31.390540540540538
25,1,Reggie Bullock,0.0,NY,WAS,4.5,228.5,112.0,28,2.0,5.3,11.3,SG/SF,3100,1,16.0,9.0,105,113,8%,1,2,8,11,14,23,5.3,15.3,7.6,23.0,28.4,18.0,5.8,9.0,2.9,0.0,0.0,0.0,4.5,1.45,16.0,3.6666666666666665,11.14,6.2,0.0
25,2,Jake Layman,0.0,MIN,HOU,13.0,249.5,118.3,29,2.0,10.2,20.5,SF/PF,3100,1,17.0,10.0,106,108,7%,7,5,8,18,16,22,10.2,15.6,8.1,23.2,17.0,12.3,4.0,14.0,4.52,14.9,18.5,4.8,14.45,4.66,18.666666666666668,6.666666666666667,14.309999999999999,10.9,14.320982142857142
25,3,Josh Jackson,0.0,MEM,ORL,-2.0,218.5,110.3,11,5.5,25.2,37.8,SF,4600,2,0.0,0.0,101,107,-5%,15,12,9,22,20,21,25.1,20.9,12.2,29.5,19.9,23.3,5.1,20.3,4.4,20.4,22.0,4.4,20.35,4.4,21.0,12.0,21.610000000000003,22.833333333333332,21.319047619047623
25,4,Jaylen Nowell,0.0,MIN,HOU,13.0,249.5,118.3,12,1.3,7.2,16.0,PG/SG,3000,1,0.0,0.0,106,108,-1%,3,3,4,11,9,10,7.2,7.6,2.2,12.9,5.0,4.0,1.3,7.8,2.58,0.0,0.0,0.0,3.9,1.29,10.0,3.3333333333333335,6.760000000000001,8.166666666666666,0.0
25,5,Gary Trent Jr.,0.0,POR,PHO,-4.5,234.5,119.5,19,13.8,18.5,36.0,SG/SF,3900,2,15.0,12.0,104,109,0%,10,11,7,21,27,20,18.5,13.8,3.1,24.4,17.9,7.5,1.9,15.8,4.04,15.7,22.0,4.0,15.75,4.02,22.666666666666668,9.333333333333334,15.11,22.766666666666666,15.286764705882351
25,6,Dragan Bender,0.0,GS,LAC,12.5,223.0,105.3,22,14.8,22.5,38.3,PF/C,3500,2,0.0,0.0,104,105,-4%,5,8,6,15,21,18,22.5,16.0,8.0,24.1,25.4,35.8,10.2,12.8,3.64,13.0,16.0,3.7,12.9,3.67,18.0,6.333333333333333,16.7,25.2,11.466666666666667
25,7,Collin Sexton,0.0,CLE,CHI,4.0,217.5,106.8,3,24.8,40.8,55.3,PG/SG,7000,1,27.0,16.0,102,108,-12%,19,20,17,40,40,33,40.8,30.8,22.5,39.1,36.5,36.8,5.3,34.5,4.93,33.9,37.0,4.8,34.2,4.865,37.666666666666664,18.666666666666668,33.48,40.3,33.59469026548673
27,0,D.J. Augustin,0.0,ORL,MEM,2.0,218.5,108.3,15,8.0,21.2,34.0,PG,4300,1,20.0,14.0,105,108,2%,9,8,8,27,23,26,23.6,22.3,13.6,31.0,23.9,24.0,5.6,23.5,5.47,22.7,26.0,5.3,23.1,5.385,25.333333333333332,8.333333333333334,22.72,21.066666666666666,23.707894736842107
27,1,Denzel Valentine,0.0,CHI,CLE,-4.0,217.5,110.8,8,12.8,20.4,27.5,SG/SF,5100,1,23.0,13.0,101,114,7%,14,12,6,25,20,13,20.4,13.0,4.1,21.9,22.7,21.8,4.3,24.0,4.71,24.9,23.5,4.9,24.45,4.805,19.333333333333332,10.666666666666666,16.77,20.233333333333334,29.719396551724138
27,2,JaMychal Green,0.0,LAC,GS,-12.5,223.0,117.8,29,11.8,15.4,22.5,PF,3200,1,13.0,11.0,103,111,2%,6,5,6,17,18,21,15.4,17.8,9.5,26.1,25.8,31.0,9.7,14.5,4.53,14.3,17.0,4.5,14.4,4.515000000000001,18.666666666666668,5.666666666666667,16.640000000000004,16.566666666666666,13.114285714285714
27,3,Marcus Morris Sr.,0.0,LAC,GS,-12.5,223.0,117.8,9,11.5,16.6,18.0,SF/PF,4500,1,17.0,15.0,103,111,2%,11,9,14,25,27,32,16.6,29.4,18.2,40.5,22.2,18.0,4.0,23.3,5.17,22.7,28.0,5.0,23.0,5.085,28.0,11.333333333333334,25.54,15.366666666666667,23.0
27,4,Marco Belinelli,0.0,SA,DAL,4.0,232.0,114.0,7,-0.5,10.5,31.0,SG/SF,3000,1,17.0,10.0,101,108,-2%,3,5,5,6,13,15,10.4,10.8,3.7,17.8,21.1,24.5,8.2,9.5,3.17,14.6,18.5,4.9,12.05,4.035,11.333333333333334,4.333333333333333,10.95,13.666666666666666,19.66985294117647
27,5,DeMar DeRozan,0.0,SA,DAL,4.0,232.0,114.0,13,27.5,37.3,43.5,SF,7400,1,27.0,21.0,101,108,-2%,16,13,16,36,36,35,37.3,39.6,31.3,47.9,35.4,41.3,5.6,40.3,5.44,41.8,36.0,5.6,41.05,5.52,35.666666666666664,15.0,39.43000000000001,36.1,41.43364485981308
27,6,Montrezl Harrell,0.0,LAC,GS,-12.5,223.0,117.8,12,21.3,34.8,44.0,C,6100,1,25.0,23.0,103,111,2%,10,10,13,28,25,28,34.8,33.4,22.8,44.1,19.6,22.0,3.6,30.3,4.96,31.3,26.5,5.1,30.8,5.029999999999999,27.0,11.0,33.18,33.36666666666667,30.22962962962963
27,7,Maxi Kleber,0.0,DAL,SA,-4.0,232.0,118.0,18,9.8,23.5,35.5,PF/C,4800,1,14.0,14.0,102,111,0%,6,6,7,32,31,25,23.9,21.1,13.0,29.1,30.7,23.3,4.9,23.3,4.84,24.5,30.0,5.1,23.9,4.97,29.333333333333332,6.333333333333333,22.2,22.933333333333334,24.443181818181817
28,0,Shaquille Harrison,0.0,CHI,CLE,-4.0,217.5,110.8,17,9.8,26.1,48.5,PG/SF,5000,1,19.0,18.0,101,114,6%,12,7,4,35,26,11,25.9,11.0,-0.4,22.4,29.7,34.5,6.9,14.5,2.9,31.8,33.0,6.4,23.15,4.65,24.0,7.666666666666667,16.41,28.133333333333336,31.831249999999997
28,1,Collin Sexton,0.0,CLE,CHI,4.0,217.5,106.8,3,24.8,40.8,55.3,PG/SG,7000,1,27.0,16.0,102,108,-12%,19,20,17,40,40,33,40.8,30.8,22.5,39.1,36.5,36.8,5.3,34.5,4.93,33.9,37.0,4.8,34.2,4.865,37.666666666666664,18.666666666666668,33.48,40.3,33.59469026548673
28,2,Grant Williams,0.0,BOS,IND,-3.0,214.5,108.8,3,5.5,10.5,19.8,SF/PF,3500,1,12.0,8.0,101,105,-5%,4,4,3,16,19,16,10.5,10.3,3.2,17.5,2.7,2.0,0.6,12.3,3.5,10.1,15.0,2.9,11.2,3.2,17.0,3.6666666666666665,10.540000000000001,11.933333333333332,9.882352941176471
28,3,James Ennis III,0.0,ORL,MEM,2.0,218.5,108.3,10,9.0,16.5,28.5,SF/PF,3800,1,14.0,12.0,105,108,3%,3,5,5,22,25,18,16.4,13.3,6.3,20.3,23.2,14.5,3.8,17.5,4.61,19.0,25.5,5.0,18.25,4.805,21.666666666666668,4.333333333333333,14.91,18.0,21.478846153846153
28,4,Wayne Ellington,0.0,NY,WAS,4.5,228.5,112.0,28,7.8,15.2,28.3,SG/SF,3100,1,15.0,9.0,105,113,5%,5,6,5,18,19,17,15.2,11.2,3.6,18.8,16.1,16.5,5.3,14.5,4.68,12.6,17.0,4.1,13.55,4.39,18.0,5.333333333333333,12.470000000000002,17.099999999999998,12.797222222222222
28,5,Carmelo Anthony,0.0,POR,PHO,-4.5,234.5,119.5,24,14.5,22.6,37.3,PF,5600,2,21.0,12.0,104,109,1%,9,10,14,28,30,33,22.6,27.9,17.9,37.9,32.0,40.8,7.3,26.3,4.69,27.3,32.5,4.9,26.8,4.795,30.333333333333332,11.0,26.620000000000005,24.8,28.714285714285715
28,6,Thomas Bryant,0.0,WAS,NY,-4.5,228.5,116.5,13,4.8,19.2,26.0,C,3900,1,18.0,20.0,101,111,-6%,4,5,8,20,19,24,19.2,25.7,14.6,36.8,24.3,33.5,8.6,23.3,5.96,21.8,20.5,5.6,22.55,5.779999999999999,21.0,5.666666666666667,23.769999999999996,16.666666666666668,22.013095238095236
28,7,Kevin Knox II,0.0,NY,WAS,4.5,228.5,112.0,22,10.8,14.6,21.5,SF/PF,3100,1,18.0,8.0,105,113,8%,7,7,6,16,18,18,14.6,13.2,6.0,20.5,11.1,5.5,1.8,13.5,4.35,12.6,17.0,4.1,13.05,4.225,17.333333333333332,6.666666666666667,13.469999999999999,15.633333333333333,12.799038461538464
29,0,Damian Lillard,0.0,POR,PHO,-4.5,234.5,119.5,19,29.3,36.8,43.8,PG,9100,2,31.0,26.0,104,109,2%,16,17,20,36,36,37,41.1,50.3,36.0,64.6,40.4,53.3,5.9,49.5,5.44,49.8,36.0,5.5,49.65,5.470000000000001,36.333333333333336,17.666666666666668,48.33,36.63333333333333,49.19449541284403
29,1,Rodney McGruder,0.0,LAC,GS,-12.5,223.0,117.8,20,-0.5,2.6,7.5,SG/SF,3000,1,11.0,7.0,103,111,8%,1,1,3,3,4,15,2.6,8.5,1.5,15.5,21.0,12.3,4.1,9.0,3.0,7.8,12.5,2.6,8.4,2.8,7.333333333333333,1.6666666666666667,7.3,3.1999999999999997,14.318181818181818
29,2,Marcus Morris Sr.,0.0,LAC,GS,-12.5,223.0,117.8,9,11.5,16.6,18.0,SF/PF,4500,1,17.0,15.0,103,111,2%,11,9,14,25,27,32,16.6,29.4,18.2,40.5,22.2,18.0,4.0,23.3,5.17,22.7,28.0,5.0,23.0,5.085,28.0,11.333333333333334,25.54,15.366666666666667,23.0
29,3,Caris LeVert,0.0,BKN,LAL,12.0,226.0,107.0,6,25.3,44.5,66.5,SG/SF,7500,1,29.0,15.0,103,103,-2%,15,18,16,34,33,29,44.8,31.5,17.6,45.3,37.6,43.8,5.8,36.5,4.87,37.1,33.0,4.9,36.8,4.885,32.0,16.333333333333332,35.2,45.43333333333334,37.949999999999996
29,4,Reggie Bullock,0.0,NY,WAS,4.5,228.5,112.0,28,2.0,5.3,11.3,SG/SF,3100,1,16.0,9.0,105,113,8%,1,2,8,11,14,23,5.3,15.3,7.6,23.0,28.4,18.0,5.8,9.0,2.9,0.0,0.0,0.0,4.5,1.45,16.0,3.6666666666666665,11.14,6.2,0.0
29,5,Semi Ojeleye,0.0,BOS,IND,-3.0,214.5,108.8,20,0.0,12.2,37.0,PF,3600,1,9.0,8.0,101,105,-5%,6,5,3,19,17,15,12.2,7.3,0.4,14.3,21.2,10.5,2.9,3.0,0.83,0.0,0.0,0.0,1.5,0.415,17.0,4.666666666666667,7.139999999999999,16.400000000000002,0.0
29,6,Thomas Bryant,0.0,WAS,NY,-4.5,228.5,116.5,13,4.8,19.2,26.0,C,3900,1,18.0,20.0,101,111,-6%,4,5,8,20,19,24,19.2,25.7,14.6,36.8,24.3,33.5,8.6,23.3,5.96,21.8,20.5,5.6,22.55,5.779999999999999,21.0,5.666666666666667,23.769999999999996,16.666666666666668,22.013095238095236
29,7,Marco Belinelli,0.0,SA,DAL,4.0,232.0,114.0,7,-0.5,10.5,31.0,SG/SF,3000,1,17.0,10.0,101,108,-2%,3,5,5,6,13,15,10.4,10.8,3.7,17.8,21.1,24.5,8.2,9.5,3.17,14.6,18.5,4.9,12.05,4.035,11.333333333333334,4.333333333333333,10.95,13.666666666666666,19.66985294117647
30,0,Jevon Carter,0.0,PHO,POR,4.5,234.5,115.0,6,1.5,12.0,21.0,PG/SG,3100,1,14.0,10.0,103,111,5%,7,6,4,23,20,15,12.0,10.9,3.4,18.3,23.3,24.8,8.0,19.0,6.13,18.6,25.0,6.0,18.8,6.0649999999999995,19.333333333333332,5.666666666666667,12.680000000000001,11.5,24.31034482758621
30,1,Patty Mills,0.0,SA,DAL,4.0,232.0,114.0,25,11.8,17.9,34.5,PG/SG,3100,1,20.0,15.0,101,108,-3%,5,8,9,18,20,23,17.9,19.2,10.5,27.9,18.9,18.3,5.9,14.8,4.76,19.4,24.0,6.3,17.1,5.529999999999999,20.333333333333332,7.333333333333333,18.52,21.400000000000002,20.18360655737705
30,2,Drew Eubanks,0.0,SA,DAL,4.0,232.0,114.0,7,7.5,11.9,20.0,PF/C,3100,1,0.0,0.0,101,108,-3%,4,3,2,19,16,10,11.8,8.2,1.3,15.0,7.0,7.8,2.5,9.3,2.98,0.0,0.0,0.0,4.65,1.49,15.0,3.0,8.19,13.133333333333333,0.0
30,3,Wayne Ellington,0.0,NY,WAS,4.5,228.5,112.0,28,7.8,15.2,28.3,SG/SF,3100,1,15.0,9.0,105,113,5%,5,6,5,18,19,17,15.2,11.2,3.6,18.8,16.1,16.5,5.3,14.5,4.68,12.6,17.0,4.1,13.55,4.39,18.0,5.333333333333333,12.470000000000002,17.099999999999998,12.797222222222222
30,4,Collin Sexton,0.0,CLE,CHI,4.0,217.5,106.8,3,24.8,40.8,55.3,PG/SG,7000,1,27.0,16.0,102,108,-12%,19,20,17,40,40,33,40.8,30.8,22.5,39.1,36.5,36.8,5.3,34.5,4.93,33.9,37.0,4.8,34.2,4.865,37.666666666666664,18.666666666666668,33.48,40.3,33.59469026548673
30,5,Troy Brown Jr.,0.0,WAS,NY,-4.5,228.5,116.5,18,12.8,18.7,29.5,SG/SF,3700,1,17.0,14.0,101,111,1%,9,7,8,29,22,25,18.6,22.6,12.8,32.4,23.5,17.5,4.7,23.3,6.28,23.8,27.5,6.4,23.55,6.34,25.333333333333332,8.0,21.99,20.333333333333332,25.564144736842106
30,6,Mo Bamba,0.0,ORL,MEM,2.0,218.5,108.3,20,2.5,12.6,21.5,C,3100,1,17.0,18.0,105,108,5%,6,6,5,13,14,15,21.8,16.9,9.4,24.3,12.7,21.3,6.9,14.0,4.52,12.1,11.0,3.9,13.05,4.21,14.0,5.666666666666667,17.09,12.200000000000001,10.253571428571428
30,7,Terrence Ross,0.0,ORL,MEM,2.0,218.5,108.3,5,28.0,32.6,38.5,SG/SF,5800,1,22.0,14.0,105,108,5%,10,13,12,32,31,28,32.6,24.3,15.9,32.7,30.5,33.0,5.7,30.5,5.26,31.1,32.0,5.4,30.8,5.33,30.333333333333332,11.666666666666666,27.26,33.03333333333333,32.4923076923077
31,0,Kemba Walker,0.0,BOS,IND,-3.0,214.5,108.8,26,26.0,31.5,42.3,PG,7200,1,29.0,21.0,101,105,-1%,16,16,17,29,31,33,31.4,38.7,27.4,49.9,30.3,17.8,2.5,36.5,5.07,35.7,31.5,5.0,36.1,5.035,31.0,16.333333333333332,36.7,33.266666666666666,36.68225806451613
31,1,Derrick White,0.0,SA,DAL,4.0,232.0,114.0,25,20.0,24.9,32.5,PG/SG,4600,1,19.0,16.0,101,108,-3%,10,7,8,26,24,24,24.6,22.2,14.3,30.0,35.4,47.3,10.3,26.0,5.65,27.4,29.0,6.0,26.7,5.825,24.666666666666668,8.333333333333334,23.56,25.8,31.390540540540538
31,2,Mario Hezonja,0.0,POR,PHO,-4.5,234.5,119.5,14,10.0,17.6,28.0,SF/PF,3100,2,14.0,9.0,104,109,0%,7,5,4,18,18,16,17.6,11.8,3.6,20.0,14.4,14.0,4.5,12.0,3.87,12.5,17.0,4.0,12.25,3.935,17.333333333333332,5.333333333333333,13.05,18.533333333333335,12.014423076923078
31,3,Otto Porter Jr.,0.0,CHI,CLE,-4.0,217.5,110.8,30,13.0,25.0,38.8,SF/PF,4600,1,0.0,0.0,101,114,7%,13,10,10,22,18,24,24.9,22.0,12.6,31.4,25.4,27.5,6.0,25.0,5.43,26.5,25.5,5.8,25.75,5.615,21.333333333333332,11.0,23.33,25.599999999999998,30.779296875
31,4,Caris LeVert,0.0,BKN,LAL,12.0,226.0,107.0,6,25.3,44.5,66.5,SG/SF,7500,1,29.0,15.0,103,103,-2%,15,18,16,34,33,29,44.8,31.5,17.6,45.3,37.6,43.8,5.8,36.5,4.87,37.1,33.0,4.9,36.8,4.885,32.0,16.333333333333332,35.2,45.43333333333334,37.949999999999996
31,5,Bobby Portis,0.0,NY,WAS,4.5,228.5,112.0,4,14.3,22.7,29.0,PF/C,4200,1,21.0,14.0,105,113,0%,11,11,9,23,22,22,22.7,20.6,11.2,30.1,26.8,37.0,8.8,20.5,4.88,20.7,20.5,4.9,20.6,4.890000000000001,22.333333333333332,10.333333333333334,21.040000000000003,22.0,18.9089552238806
31,6,Hassan Whiteside,0.0,POR,PHO,-4.5,234.5,119.5,19,38.3,47.8,58.0,C,9000,2,19.0,25.0,104,109,1%,13,13,11,35,33,31,47.8,43.4,32.0,54.9,36.8,42.0,4.7,47.3,5.25,48.9,34.0,5.4,48.099999999999994,5.325,33.0,12.333333333333334,45.239999999999995,48.03333333333333,49.55757575757575
31,7,Domantas Sabonis,0.0,IND,BOS,3.0,214.5,105.8,15,37.0,45.9,55.3,PF/C,8900,1,24.0,21.0,102,104,-7%,14,13,14,39,38,35,45.8,44.4,35.4,53.4,41.5,51.8,5.8,45.5,5.11,46.7,36.0,5.2,46.1,5.155,37.333333333333336,13.666666666666666,45.019999999999996,46.06666666666666,44.45357142857143
32,0,Marcus Smart,0.0,BOS,IND,-3.0,214.5,108.8,26,26.0,40.7,51.8,PG/SG,6700,1,20.0,14.0,101,105,-1%,20,18,12,38,38,33,40.6,31.1,20.3,41.8,35.7,30.3,4.5,32.0,4.78,33.1,36.5,4.9,32.55,4.84,36.333333333333336,16.666666666666668,33.27,39.5,32.699311926605496
32,1,Gary Trent Jr.,0.0,POR,PHO,-4.5,234.5,119.5,19,13.8,18.5,36.0,SG/SF,3900,2,15.0,12.0,104,109,0%,10,11,7,21,27,20,18.5,13.8,3.1,24.4,17.9,7.5,1.9,15.8,4.04,15.7,22.0,4.0,15.75,4.02,22.666666666666668,9.333333333333334,15.11,22.766666666666666,15.286764705882351
32,2,Semi Ojeleye,0.0,BOS,IND,-3.0,214.5,108.8,20,0.0,12.2,37.0,PF,3600,1,9.0,8.0,101,105,-5%,6,5,3,19,17,15,12.2,7.3,0.4,14.3,21.2,10.5,2.9,3.0,0.83,0.0,0.0,0.0,1.5,0.415,17.0,4.666666666666667,7.139999999999999,16.400000000000002,0.0
32,3,Andrew Wiggins,0.0,GS,LAC,12.5,223.0,105.3,13,24.5,40.3,48.3,SG/SF,7400,2,25.0,16.0,104,105,-2%,15,17,18,37,36,35,39.4,37.7,27.0,48.3,32.4,29.0,3.9,34.5,4.66,38.9,35.0,5.3,36.7,4.98,36.0,16.666666666666668,37.81999999999999,37.699999999999996,35.680555555555564
32,4,Jarrett Culver,0.0,MIN,HOU,13.0,249.5,118.3,4,14.5,18.6,23.0,SG/SF,3500,1,19.0,10.0,106,108,-1%,7,9,9,24,23,24,18.6,19.0,9.5,28.4,18.2,16.3,4.7,18.5,5.29,17.9,21.5,5.1,18.2,5.195,23.666666666666668,8.333333333333334,18.740000000000002,18.7,16.533802816901407
32,5,Kevin Love,0.0,CLE,CHI,4.0,217.5,106.8,19,40.8,45.3,55.0,PF,8100,1,23.0,18.0,102,108,7%,15,14,13,39,37,32,45.3,37.8,26.4,49.2,37.3,39.0,4.8,40.3,4.97,39.0,34.5,4.8,39.65,4.885,36.0,14.0,39.67,47.03333333333333,37.99791666666666
32,6,Daniel Gafford,0.0,CHI,CLE,-4.0,217.5,110.8,16,3.0,12.5,20.0,C,3100,1,13.0,16.0,101,114,3%,3,3,3,18,18,14,12.4,11.7,3.3,20.0,20.9,16.5,5.3,12.3,3.95,13.7,16.0,4.4,13.0,4.175000000000001,16.666666666666668,3.0,12.08,11.833333333333334,12.479999999999999
32,7,Elfrid Payton,0.0,NY,WAS,4.5,228.5,112.0,2,17.3,30.9,41.8,PG,6300,1,22.0,16.0,105,113,6%,12,9,10,31,28,29,30.9,30.9,20.3,41.5,18.3,13.0,2.1,33.5,5.32,33.9,29.5,5.4,33.7,5.36,29.333333333333332,10.333333333333334,31.46,30.0,33.89147727272727
33,0,Coby White,0.0,CHI,CLE,-4.0,217.5,110.8,17,34.5,38.3,44.0,PG/SG,6800,1,24.0,12.0,101,114,6%,21,20,12,36,34,26,38.3,23.8,12.7,34.8,38.0,30.3,4.5,33.8,4.96,39.0,35.5,5.7,36.4,5.33,32.0,17.666666666666668,29.2,38.93333333333333,40.38125
33,1,Markelle Fultz,0.0,ORL,MEM,2.0,218.5,108.3,15,17.3,27.2,40.0,PG/SG,5700,1,22.0,14.0,105,108,2%,13,11,11,27,28,29,27.4,26.6,18.8,34.5,32.1,34.0,6.0,25.8,4.52,27.1,29.5,4.8,26.450000000000003,4.66,28.0,11.666666666666666,26.75,28.166666666666668,27.86696428571429
33,2,Lauri Markkanen,0.0,CHI,CLE,-4.0,217.5,110.8,13,12.8,21.8,32.5,PF/C,4700,1,21.0,14.0,101,114,3%,9,11,12,24,29,30,23.8,28.1,18.7,37.5,27.3,22.5,4.8,25.5,5.43,24.6,26.5,5.2,25.05,5.3149999999999995,27.666666666666668,10.666666666666666,26.630000000000003,22.366666666666664,23.993674698795182
33,3,Jake Layman,0.0,MIN,HOU,13.0,249.5,118.3,29,2.0,10.2,20.5,SF/PF,3100,1,17.0,10.0,106,108,7%,7,5,8,18,16,22,10.2,15.6,8.1,23.2,17.0,12.3,4.0,14.0,4.52,14.9,18.5,4.8,14.45,4.66,18.666666666666668,6.666666666666667,14.309999999999999,10.9,14.320982142857142
33,4,Aaron Holiday,0.0,IND,BOS,3.0,214.5,105.8,29,7.5,15.5,24.3,PG/SG,4800,1,20.0,12.0,102,104,-4%,7,6,9,33,28,24,15.5,20.3,9.7,30.9,33.9,14.0,2.9,26.0,5.42,24.8,32.0,5.2,25.4,5.3100000000000005,28.333333333333332,7.333333333333333,20.359999999999996,15.766666666666666,28.687058823529412
33,5,Aaron Gordon,0.0,ORL,MEM,2.0,218.5,108.3,6,24.0,40.2,55.3,PF,7900,1,21.0,15.0,105,108,-2%,16,12,13,36,37,34,40.5,33.6,23.1,44.2,31.6,33.3,4.2,38.3,4.84,39.5,36.5,5.0,38.9,4.92,35.666666666666664,13.666666666666666,36.06,39.833333333333336,39.8088785046729
33,6,Gorgui Dieng,0.0,MEM,ORL,-2.0,218.5,110.3,3,11.0,20.6,35.0,C,4500,2,18.0,17.0,101,107,-5%,4,5,6,18,21,18,20.6,20.2,7.7,32.7,15.0,23.5,5.2,21.3,4.72,21.5,19.0,4.8,21.4,4.76,19.0,5.0,20.52,22.2,21.4
33,7,Damion Lee,0.0,GS,LAC,12.5,223.0,105.3,13,18.3,32.1,41.3,SG,5800,2,19.0,13.0,104,105,-1%,17,13,11,35,35,30,32.0,26.7,17.1,36.3,30.9,21.3,3.7,26.8,4.61,31.0,34.5,5.3,28.9,4.955,33.333333333333336,13.666666666666666,28.2,30.566666666666666,29.911499999999997
34,0,Reggie Jackson,0.0,LAC,GS,-12.5,223.0,117.8,4,9.0,18.7,33.0,PG,3900,1,28.0,14.0,103,111,5%,6,6,11,16,19,24,18.6,24.5,13.2,35.8,19.2,24.0,6.2,22.3,5.71,22.0,21.0,5.6,22.15,5.654999999999999,19.666666666666668,7.666666666666667,22.85,20.233333333333334,23.651694915254232
34,1,Frank Ntilikina,0.0,NY,WAS,4.5,228.5,112.0,2,7.0,12.7,20.5,PG/SG,3100,1,17.0,9.0,105,113,6%,8,6,6,14,18,21,12.7,15.4,5.6,25.2,29.7,43.5,14.0,12.8,4.11,13.9,17.5,4.5,13.350000000000001,4.305,17.666666666666668,6.666666666666667,14.45,13.4,13.224056603773585
34,2,Timothe Luwawu-Cabarrot,0.0,BKN,LAL,12.0,226.0,107.0,26,3.8,16.3,30.5,SF/PF,3200,1,15.0,9.0,103,103,-2%,5,6,5,26,26,17,16.3,11.4,3.5,19.3,25.4,21.0,6.6,16.8,5.23,16.8,24.5,5.3,16.8,5.265000000000001,23.0,5.333333333333333,13.459999999999999,16.866666666666667,17.895652173913042
34,3,Jarrett Culver,0.0,MIN,HOU,13.0,249.5,118.3,4,14.5,18.6,23.0,SG/SF,3500,1,19.0,10.0,106,108,-1%,7,9,9,24,23,24,18.6,19.0,9.5,28.4,18.2,16.3,4.7,18.5,5.29,17.9,21.5,5.1,18.2,5.195,23.666666666666668,8.333333333333334,18.740000000000002,18.7,16.533802816901407
34,4,Rajon Rondo,0.0,LAL,BKN,-12.0,226.0,119.0,28,5.3,11.9,16.0,PG,3300,1,21.0,13.0,104,106,3%,7,6,7,17,19,21,11.9,19.8,8.9,30.8,15.6,6.8,2.1,17.0,5.15,15.4,16.0,4.7,16.2,4.925000000000001,19.0,6.666666666666667,17.520000000000003,11.066666666666668,13.642105263157895
34,5,Anthony Tolliver,0.0,MEM,ORL,-2.0,218.5,110.3,23,2.5,10.5,17.3,PF/C,3100,2,11.0,7.0,101,107,-1%,4,4,3,18,19,16,10.4,9.4,1.7,17.1,17.9,6.3,2.0,11.3,3.63,11.2,18.0,3.6,11.25,3.615,17.666666666666668,3.6666666666666665,9.970000000000002,10.1,11.462264150943394
34,6,DeAndre Jordan,0.0,BKN,LAL,12.0,226.0,107.0,14,6.0,25.3,42.8,C,5500,1,15.0,20.0,103,103,-10%,8,4,5,26,24,22,25.3,26.1,16.4,35.7,27.2,24.5,4.5,29.3,5.32,28.7,27.0,5.2,29.0,5.26,24.0,5.666666666666667,26.5,24.7,32.625
34,7,Juancho Hernangomez,0.0,MIN,HOU,13.0,249.5,118.3,16,16.0,26.4,35.0,PF,5200,1,14.0,10.0,106,108,7%,7,9,5,29,30,17,26.4,13.3,1.6,25.1,29.6,36.0,6.9,25.3,4.86,28.7,30.0,5.5,27.0,5.18,25.333333333333332,7.0,18.68,25.8,31.97368421052632
35,0,Shaquille Harrison,0.0,CHI,CLE,-4.0,217.5,110.8,17,9.8,26.1,48.5,PG/SF,5000,1,19.0,18.0,101,114,6%,12,7,4,35,26,11,25.9,11.0,-0.4,22.4,29.7,34.5,6.9,14.5,2.9,31.8,33.0,6.4,23.15,4.65,24.0,7.666666666666667,16.41,28.133333333333336,31.831249999999997
35,1,Troy Brown Jr.,0.0,WAS,NY,-4.5,228.5,116.5,18,12.8,18.7,29.5,SG/SF,3700,1,17.0,14.0,101,111,1%,9,7,8,29,22,25,18.6,22.6,12.8,32.4,23.5,17.5,4.7,23.3,6.28,23.8,27.5,6.4,23.55,6.34,25.333333333333332,8.0,21.99,20.333333333333332,25.564144736842106
35,2,Jake Layman,0.0,MIN,HOU,13.0,249.5,118.3,29,2.0,10.2,20.5,SF/PF,3100,1,17.0,10.0,106,108,7%,7,5,8,18,16,22,10.2,15.6,8.1,23.2,17.0,12.3,4.0,14.0,4.52,14.9,18.5,4.8,14.45,4.66,18.666666666666668,6.666666666666667,14.309999999999999,10.9,14.320982142857142
35,3,Danuel House Jr.,0.0,HOU,MIN,-13.0,249.5,131.3,19,11.8,21.2,32.0,SF/PF,4300,1,13.0,12.0,106,110,0%,6,9,9,28,29,31,21.1,21.9,12.4,31.5,12.3,8.8,2.0,20.8,4.83,22.8,29.0,5.3,21.8,5.0649999999999995,29.333333333333332,8.0,21.740000000000002,21.666666666666668,21.55227272727273
35,4,Tim Hardaway Jr.,0.0,DAL,SA,-4.0,232.0,118.0,26,24.3,31.5,41.0,SG/SF,6300,1,22.0,15.0,102,111,3%,18,17,13,39,37,29,32.3,25.6,15.3,36.0,37.2,38.8,6.2,30.5,4.84,30.7,35.5,4.9,30.6,4.87,35.0,16.0,27.96,32.266666666666666,31.037142857142857
35,5,Terrence Ross,0.0,ORL,MEM,2.0,218.5,108.3,5,28.0,32.6,38.5,SG/SF,5800,1,22.0,14.0,105,108,5%,10,13,12,32,31,28,32.6,24.3,15.9,32.7,30.5,33.0,5.7,30.5,5.26,31.1,32.0,5.4,30.8,5.33,30.333333333333332,11.666666666666666,27.26,33.03333333333333,32.4923076923077
35,6,Larry Nance Jr.,0.0,CLE,CHI,4.0,217.5,106.8,19,16.8,33.2,53.3,PF/C,6400,1,16.0,17.0,102,108,7%,10,11,8,37,36,26,33.2,25.3,13.8,36.9,31.9,36.5,5.7,31.3,4.88,32.9,35.0,5.1,32.1,4.99,33.0,9.666666666666666,28.26,34.43333333333333,34.04545454545455
35,7,Gordon Hayward,0.0,BOS,IND,-3.0,214.5,108.8,3,11.8,26.8,44.3,SF/PF,7000,1,21.0,18.0,101,105,-12%,18,14,14,39,37,34,30.9,34.8,23.8,45.7,36.1,55.0,7.9,34.5,4.93,32.9,35.0,4.7,33.7,4.8149999999999995,36.666666666666664,15.333333333333334,33.779999999999994,27.633333333333336,32.16818181818182
36,0,Aaron Holiday,0.0,IND,BOS,3.0,214.5,105.8,29,7.5,15.5,24.3,PG/SG,4800,1,20.0,12.0,102,104,-4%,7,6,9,33,28,24,15.5,20.3,9.7,30.9,33.9,14.0,2.9,26.0,5.42,24.8,32.0,5.2,25.4,5.3100000000000005,28.333333333333332,7.333333333333333,20.359999999999996,15.766666666666666,28.687058823529412
36,1,Collin Sexton,0.0,CLE,CHI,4.0,217.5,106.8,3,24.8,40.8,55.3,PG/SG,7000,1,27.0,16.0,102,108,-12%,19,20,17,40,40,33,40.8,30.8,22.5,39.1,36.5,36.8,5.3,34.5,4.93,33.9,37.0,4.8,34.2,4.865,37.666666666666664,18.666666666666668,33.48,40.3,33.59469026548673
36,2,Gordon Hayward,0.0,BOS,IND,-3.0,214.5,108.8,3,11.8,26.8,44.3,SF/PF,7000,1,21.0,18.0,101,105,-12%,18,14,14,39,37,34,30.9,34.8,23.8,45.7,36.1,55.0,7.9,34.5,4.93,32.9,35.0,4.7,33.7,4.8149999999999995,36.666666666666664,15.333333333333334,33.779999999999994,27.633333333333336,32.16818181818182
36,3,Rudy Gay,0.0,SA,DAL,4.0,232.0,114.0,13,18.0,28.4,39.0,SF/PF,5100,1,21.0,14.0,101,108,2%,14,12,9,30,28,22,28.4,21.6,12.8,30.4,19.9,22.5,4.4,26.8,5.25,22.4,23.5,4.4,24.6,4.825,26.666666666666668,11.666666666666666,23.560000000000002,28.46666666666667,21.67875
36,4,Gary Trent Jr.,0.0,POR,PHO,-4.5,234.5,119.5,19,13.8,18.5,36.0,SG/SF,3900,2,15.0,12.0,104,109,0%,10,11,7,21,27,20,18.5,13.8,3.1,24.4,17.9,7.5,1.9,15.8,4.04,15.7,22.0,4.0,15.75,4.02,22.666666666666668,9.333333333333334,15.11,22.766666666666666,15.286764705882351
36,5,Semi Ojeleye,0.0,BOS,IND,-3.0,214.5,108.8,20,0.0,12.2,37.0,PF,3600,1,9.0,8.0,101,105,-5%,6,5,3,19,17,15,12.2,7.3,0.4,14.3,21.2,10.5,2.9,3.0,0.83,0.0,0.0,0.0,1.5,0.415,17.0,4.666666666666667,7.139999999999999,16.400000000000002,0.0
36,6,Gorgui Dieng,0.0,MEM,ORL,-2.0,218.5,110.3,3,11.0,20.6,35.0,C,4500,2,18.0,17.0,101,107,-5%,4,5,6,18,21,18,20.6,20.2,7.7,32.7,15.0,23.5,5.2,21.3,4.72,21.5,19.0,4.8,21.4,4.76,19.0,5.0,20.52,22.2,21.4
36,7,Taj Gibson,0.0,NY,WAS,4.5,228.5,112.0,21,2.3,15.4,31.5,C,3100,1,15.0,16.0,105,113,0%,5,5,5,15,17,17,15.4,14.2,6.6,21.8,17.5,17.3,5.6,14.0,4.52,13.1,14.5,4.2,13.55,4.359999999999999,16.333333333333332,5.0,14.310000000000002,16.400000000000002,12.029081632653062
37,0,Elfrid Payton,0.0,NY,WAS,4.5,228.5,112.0,2,17.3,30.9,41.8,PG,6300,1,22.0,16.0,105,113,6%,12,9,10,31,28,29,30.9,30.9,20.3,41.5,18.3,13.0,2.1,33.5,5.32,33.9,29.5,5.4,33.7,5.36,29.333333333333332,10.333333333333334,31.46,30.0,33.89147727272727
37,1,Denzel Valentine,0.0,CHI,CLE,-4.0,217.5,110.8,8,12.8,20.4,27.5,SG/SF,5100,1,23.0,13.0,101,114,7%,14,12,6,25,20,13,20.4,13.0,4.1,21.9,22.7,21.8,4.3,24.0,4.71,24.9,23.5,4.9,24.45,4.805,19.333333333333332,10.666666666666666,16.77,20.233333333333334,29.719396551724138
37,2,Jayson Tatum,0.0,BOS,IND,-3.0,214.5,108.8,3,34.8,49.5,64.8,SF/PF,8900,1,28.0,20.0,101,105,-12%,21,22,19,36,39,35,49.5,42.1,31.0,53.1,35.9,50.0,5.6,41.5,4.66,44.5,37.0,5.0,43.0,4.83,36.666666666666664,20.666666666666668,43.739999999999995,49.699999999999996,43.3909090909091
37,3,Reggie Bullock,0.0,NY,WAS,4.5,228.5,112.0,28,2.0,5.3,11.3,SG/SF,3100,1,16.0,9.0,105,113,8%,1,2,8,11,14,23,5.3,15.3,7.6,23.0,28.4,18.0,5.8,9.0,2.9,0.0,0.0,0.0,4.5,1.45,16.0,3.6666666666666665,11.14,6.2,0.0
37,4,Austin Rivers,0.0,HOU,MIN,-13.0,249.5,131.3,30,4.3,12.4,19.0,PG/SG,3700,1,15.0,10.0,106,110,4%,7,5,7,30,22,24,12.3,16.2,7.8,24.5,18.1,13.5,3.6,12.8,3.45,13.7,18.0,3.7,13.25,3.575,25.333333333333332,6.333333333333333,14.809999999999999,11.9,9.414473684210526
37,5,Jake Layman,0.0,MIN,HOU,13.0,249.5,118.3,29,2.0,10.2,20.5,SF/PF,3100,1,17.0,10.0,106,108,7%,7,5,8,18,16,22,10.2,15.6,8.1,23.2,17.0,12.3,4.0,14.0,4.52,14.9,18.5,4.8,14.45,4.66,18.666666666666668,6.666666666666667,14.309999999999999,10.9,14.320982142857142
37,6,Domantas Sabonis,0.0,IND,BOS,3.0,214.5,105.8,15,37.0,45.9,55.3,PF/C,8900,1,24.0,21.0,102,104,-7%,14,13,14,39,38,35,45.8,44.4,35.4,53.4,41.5,51.8,5.8,45.5,5.11,46.7,36.0,5.2,46.1,5.155,37.333333333333336,13.666666666666666,45.019999999999996,46.06666666666666,44.45357142857143
37,7,Rodney McGruder,0.0,LAC,GS,-12.5,223.0,117.8,20,-0.5,2.6,7.5,SG/SF,3000,1,11.0,7.0,103,111,8%,1,1,3,3,4,15,2.6,8.5,1.5,15.5,21.0,12.3,4.1,9.0,3.0,7.8,12.5,2.6,8.4,2.8,7.333333333333333,1.6666666666666667,7.3,3.1999999999999997,14.318181818181818
38,0,Ricky Rubio,0.0,PHO,POR,4.5,234.5,115.0,6,19.3,43.2,70.8,PG,7500,1,22.0,16.0,103,111,5%,13,11,11,36,34,32,43.5,36.3,23.8,48.8,35.5,40.5,5.4,36.8,4.9,40.8,35.0,5.4,38.8,5.15,34.0,11.666666666666666,38.239999999999995,44.43333333333334,39.94117647058823
38,1,Coby White,0.0,CHI,CLE,-4.0,217.5,110.8,17,34.5,38.3,44.0,PG/SG,6800,1,24.0,12.0,101,114,6%,21,20,12,36,34,26,38.3,23.8,12.7,34.8,38.0,30.3,4.5,33.8,4.96,39.0,35.5,5.7,36.4,5.33,32.0,17.666666666666668,29.2,38.93333333333333,40.38125
38,2,Grant Williams,0.0,BOS,IND,-3.0,214.5,108.8,3,5.5,10.5,19.8,SF/PF,3500,1,12.0,8.0,101,105,-5%,4,4,3,16,19,16,10.5,10.3,3.2,17.5,2.7,2.0,0.6,12.3,3.5,10.1,15.0,2.9,11.2,3.2,17.0,3.6666666666666665,10.540000000000001,11.933333333333332,9.882352941176471
38,3,Danny Green,0.0,LAL,BKN,-12.0,226.0,119.0,14,1.5,12.4,17.8,SG/SF,3200,1,14.0,11.0,104,106,-1%,5,5,7,28,25,25,12.4,18.4,9.2,27.6,29.0,19.5,6.1,18.3,5.7,18.6,25.0,5.8,18.450000000000003,5.75,26.0,5.666666666666667,17.21,10.566666666666668,17.74038461538462
38,4,James Harden,0.0,HOU,MIN,-13.0,249.5,131.3,30,30.8,48.9,66.5,PG/SG,11300,1,37.0,28.0,106,110,4%,21,21,23,39,37,37,49.2,60.1,45.8,74.5,35.8,59.5,5.3,62.5,5.53,64.1,36.5,5.7,63.3,5.615,37.666666666666664,21.666666666666668,58.580000000000005,48.73333333333333,61.33938053097345
38,5,Denzel Valentine,0.0,CHI,CLE,-4.0,217.5,110.8,8,12.8,20.4,27.5,SG/SF,5100,1,23.0,13.0,101,114,7%,14,12,6,25,20,13,20.4,13.0,4.1,21.9,22.7,21.8,4.3,24.0,4.71,24.9,23.5,4.9,24.45,4.805,19.333333333333332,10.666666666666666,16.77,20.233333333333334,29.719396551724138
38,6,Daniel Gafford,0.0,CHI,CLE,-4.0,217.5,110.8,16,3.0,12.5,20.0,C,3100,1,13.0,16.0,101,114,3%,3,3,3,18,18,14,12.4,11.7,3.3,20.0,20.9,16.5,5.3,12.3,3.95,13.7,16.0,4.4,13.0,4.175000000000001,16.666666666666668,3.0,12.08,11.833333333333334,12.479999999999999
38,7,Courtney Lee,0.0,DAL,SA,-4.0,232.0,118.0,26,6.3,14.6,28.8,SG/SF,3400,1,0.0,0.0,102,111,0%,8,5,3,30,23,14,14.6,9.1,1.9,16.3,22.3,8.0,2.4,15.5,4.56,15.9,25.0,4.7,15.7,4.63,22.333333333333332,5.333333333333333,11.52,16.566666666666666,17.574626865671643
39,0,Bryn Forbes,0.0,SA,DAL,4.0,232.0,114.0,25,12.3,17.3,23.3,PG/SG,3500,1,18.0,11.0,101,108,-2%,9,9,9,25,25,25,17.3,18.3,10.3,26.3,19.8,13.3,3.8,18.3,5.21,20.3,28.0,5.8,19.3,5.505,25.0,9.0,18.3,17.633333333333336,21.616
39,1,Patty Mills,0.0,SA,DAL,4.0,232.0,114.0,25,11.8,17.9,34.5,PG/SG,3100,1,20.0,15.0,101,108,-3%,5,8,9,18,20,23,17.9,19.2,10.5,27.9,18.9,18.3,5.9,14.8,4.76,19.4,24.0,6.3,17.1,5.529999999999999,20.333333333333332,7.333333333333333,18.52,21.400000000000002,20.18360655737705
39,2,T.J. Warren,0.0,IND,BOS,3.0,214.5,105.8,17,25.0,32.5,44.3,SF/PF,6000,1,22.0,17.0,102,104,-6%,16,16,14,33,36,33,32.5,29.2,18.1,40.4,34.2,27.3,4.5,29.3,4.88,32.3,35.0,5.4,30.799999999999997,5.140000000000001,34.0,15.333333333333334,30.2,33.93333333333333,31.705882352941174
39,3,Troy Brown Jr.,0.0,WAS,NY,-4.5,228.5,116.5,18,12.8,18.7,29.5,SG/SF,3700,1,17.0,14.0,101,111,1%,9,7,8,29,22,25,18.6,22.6,12.8,32.4,23.5,17.5,4.7,23.3,6.28,23.8,27.5,6.4,23.55,6.34,25.333333333333332,8.0,21.99,20.333333333333332,25.564144736842106
39,4,Dillon Brooks,0.0,MEM,ORL,-2.0,218.5,110.3,25,13.0,23.5,30.8,SG,5300,2,24.0,11.0,101,107,-5%,14,16,15,29,28,29,23.4,26.2,16.6,35.9,33.7,24.5,4.6,25.3,4.76,26.5,29.5,5.0,25.9,4.88,28.666666666666668,15.0,25.6,22.433333333333334,26.652906976744184
39,5,Robert Covington,0.0,HOU,MIN,-13.0,249.5,131.3,19,21.0,35.8,49.8,SF/PF,6200,1,16.0,14.0,106,110,6%,13,11,11,32,33,30,35.8,29.3,20.5,38.2,40.9,25.8,4.2,35.0,5.65,37.8,33.5,6.1,36.4,5.875,31.666666666666668,11.666666666666666,32.04,35.53333333333333,38.507368421052625
39,6,Anthony Tolliver,0.0,MEM,ORL,-2.0,218.5,110.3,23,2.5,10.5,17.3,PF/C,3100,2,11.0,7.0,101,107,-1%,4,4,3,18,19,16,10.4,9.4,1.7,17.1,17.9,6.3,2.0,11.3,3.63,11.2,18.0,3.6,11.25,3.615,17.666666666666668,3.6666666666666665,9.970000000000002,10.1,11.462264150943394
39,7,Hassan Whiteside,0.0,POR,PHO,-4.5,234.5,119.5,19,38.3,47.8,58.0,C,9000,2,19.0,25.0,104,109,1%,13,13,11,35,33,31,47.8,43.4,32.0,54.9,36.8,42.0,4.7,47.3,5.25,48.9,34.0,5.4,48.099999999999994,5.325,33.0,12.333333333333334,45.239999999999995,48.03333333333333,49.55757575757575
40,0,Jevon Carter,0.0,PHO,POR,4.5,234.5,115.0,6,1.5,12.0,21.0,PG/SG,3100,1,14.0,10.0,103,111,5%,7,6,4,23,20,15,12.0,10.9,3.4,18.3,23.3,24.8,8.0,19.0,6.13,18.6,25.0,6.0,18.8,6.0649999999999995,19.333333333333332,5.666666666666667,12.680000000000001,11.5,24.31034482758621
40,1,Devin Booker,0.0,PHO,POR,4.5,234.5,115.0,6,23.5,44.5,59.3,PG/SG,8800,1,30.0,20.0,103,111,0%,19,17,18,39,39,36,44.5,42.5,30.6,54.5,35.8,49.0,5.6,45.5,5.17,46.7,38.5,5.3,46.1,5.234999999999999,38.0,18.0,43.64,42.43333333333333,46.70657894736843
40,2,Domantas Sabonis,0.0,IND,BOS,3.0,214.5,105.8,15,37.0,45.9,55.3,PF/C,8900,1,24.0,21.0,102,104,-7%,14,13,14,39,38,35,45.8,44.4,35.4,53.4,41.5,51.8,5.8,45.5,5.11,46.7,36.0,5.2,46.1,5.155,37.333333333333336,13.666666666666666,45.019999999999996,46.06666666666666,44.45357142857143
40,3,Dario Saric,0.0,PHO,POR,4.5,234.5,115.0,12,16.8,26.5,42.5,SF/PF,5500,1,17.0,13.0,103,111,4%,10,9,9,32,29,26,26.5,23.3,12.2,34.4,38.8,46.3,8.4,29.8,5.41,27.8,31.0,5.1,28.8,5.255,29.0,9.333333333333334,25.04,28.599999999999998,30.786206896551725
40,4,De'Anthony Melton,0.0,MEM,ORL,-2.0,218.5,110.3,23,1.0,19.3,31.5,PG/SG,4600,2,21.0,15.0,101,107,0%,7,7,7,22,23,21,19.3,21.7,13.5,29.9,26.5,29.3,6.4,22.0,4.78,21.9,24.5,4.8,21.95,4.79,22.0,7.0,21.270000000000003,17.266666666666666,24.44431818181818
40,5,Jarrett Culver,0.0,MIN,HOU,13.0,249.5,118.3,4,14.5,18.6,23.0,SG/SF,3500,1,19.0,10.0,106,108,-1%,7,9,9,24,23,24,18.6,19.0,9.5,28.4,18.2,16.3,4.7,18.5,5.29,17.9,21.5,5.1,18.2,5.195,23.666666666666668,8.333333333333334,18.740000000000002,18.7,16.533802816901407
40,6,Naz Reid,0.0,MIN,HOU,13.0,249.5,118.3,26,24.8,33.5,46.5,C,6000,1,24.0,16.0,106,108,0%,14,13,8,27,27,16,33.5,18.8,6.7,31.0,23.4,21.0,3.5,31.3,5.21,30.5,26.0,5.1,30.9,5.154999999999999,23.333333333333332,11.666666666666666,24.18,34.93333333333333,34.43142857142857
40,7,Frank Ntilikina,0.0,NY,WAS,4.5,228.5,112.0,2,7.0,12.7,20.5,PG/SG,3100,1,17.0,9.0,105,113,6%,8,6,6,14,18,21,12.7,15.4,5.6,25.2,29.7,43.5,14.0,12.8,4.11,13.9,17.5,4.5,13.350000000000001,4.305,17.666666666666668,6.666666666666667,14.45,13.4,13.224056603773585
41,0,Delon Wright,0.0,DAL,SA,-4.0,232.0,118.0,5,14.0,24.1,34.5,PG/SG,4400,1,16.0,16.0,102,111,3%,6,5,6,26,27,22,23.7,20.8,12.1,29.4,19.3,19.0,4.3,21.5,4.89,20.3,23.0,4.6,20.9,4.744999999999999,25.0,5.666666666666667,21.380000000000003,24.2,19.227999999999998
41,1,Andrew Wiggins,0.0,GS,LAC,12.5,223.0,105.3,13,24.5,40.3,48.3,SG/SF,7400,2,25.0,16.0,104,105,-2%,15,17,18,37,36,35,39.4,37.7,27.0,48.3,32.4,29.0,3.9,34.5,4.66,38.9,35.0,5.3,36.7,4.98,36.0,16.666666666666668,37.81999999999999,37.699999999999996,35.680555555555564
41,2,Rudy Gay,0.0,SA,DAL,4.0,232.0,114.0,13,18.0,28.4,39.0,SF/PF,5100,1,21.0,14.0,101,108,2%,14,12,9,30,28,22,28.4,21.6,12.8,30.4,19.9,22.5,4.4,26.8,5.25,22.4,23.5,4.4,24.6,4.825,26.666666666666668,11.666666666666666,23.560000000000002,28.46666666666667,21.67875
41,3,Alfonzo McKinnie,0.0,CLE,CHI,4.0,217.5,106.8,8,5.3,11.7,20.3,SF/PF,3200,1,15.0,9.0,102,108,1%,6,6,4,20,18,15,11.7,10.0,2.2,17.7,22.9,13.3,4.2,15.0,4.69,14.0,21.5,4.4,14.5,4.545,17.666666666666668,5.333333333333333,11.22,12.433333333333332,17.64622641509434
41,4,De'Anthony Melton,0.0,MEM,ORL,-2.0,218.5,110.3,23,1.0,19.3,31.5,PG/SG,4600,2,21.0,15.0,101,107,0%,7,7,7,22,23,21,19.3,21.7,13.5,29.9,26.5,29.3,6.4,22.0,4.78,21.9,24.5,4.8,21.95,4.79,22.0,7.0,21.270000000000003,17.266666666666666,24.44431818181818
41,5,Shaquille Harrison,0.0,CHI,CLE,-4.0,217.5,110.8,17,9.8,26.1,48.5,PG/SF,5000,1,19.0,18.0,101,114,6%,12,7,4,35,26,11,25.9,11.0,-0.4,22.4,29.7,34.5,6.9,14.5,2.9,31.8,33.0,6.4,23.15,4.65,24.0,7.666666666666667,16.41,28.133333333333336,31.831249999999997
41,6,Myles Turner,0.0,IND,BOS,3.0,214.5,105.8,9,16.8,32.7,44.8,C,5700,1,17.0,15.0,102,104,-7%,11,10,10,34,33,30,32.6,28.2,18.7,37.6,36.2,36.5,6.4,32.3,5.66,31.2,32.5,5.5,31.75,5.58,32.333333333333336,10.333333333333334,29.770000000000003,31.433333333333334,31.913659793814432
41,7,Jaylen Nowell,0.0,MIN,HOU,13.0,249.5,118.3,12,1.3,7.2,16.0,PG/SG,3000,1,0.0,0.0,106,108,-1%,3,3,4,11,9,10,7.2,7.6,2.2,12.9,5.0,4.0,1.3,7.8,2.58,0.0,0.0,0.0,3.9,1.29,10.0,3.3333333333333335,6.760000000000001,8.166666666666666,0.0
42,0,Tyus Jones,0.0,MEM,ORL,-2.0,218.5,110.3,23,13.0,26.0,37.8,PG,4100,2,19.0,16.0,101,107,0%,8,10,7,19,20,19,26.1,18.2,10.1,26.3,20.5,12.5,3.0,18.3,4.45,19.0,20.0,4.6,18.65,4.525,19.333333333333332,8.333333333333334,19.869999999999997,25.599999999999998,19.29310344827586
42,1,Caris LeVert,0.0,BKN,LAL,12.0,226.0,107.0,6,25.3,44.5,66.5,SG/SF,7500,1,29.0,15.0,103,103,-2%,15,18,16,34,33,29,44.8,31.5,17.6,45.3,37.6,43.8,5.8,36.5,4.87,37.1,33.0,4.9,36.8,4.885,32.0,16.333333333333332,35.2,45.43333333333334,37.949999999999996
42,2,Carmelo Anthony,0.0,POR,PHO,-4.5,234.5,119.5,24,14.5,22.6,37.3,PF,5600,2,21.0,12.0,104,109,1%,9,10,14,28,30,33,22.6,27.9,17.9,37.9,32.0,40.8,7.3,26.3,4.69,27.3,32.5,4.9,26.8,4.795,30.333333333333332,11.0,26.620000000000005,24.8,28.714285714285715
42,3,Marco Belinelli,0.0,SA,DAL,4.0,232.0,114.0,7,-0.5,10.5,31.0,SG/SF,3000,1,17.0,10.0,101,108,-2%,3,5,5,6,13,15,10.4,10.8,3.7,17.8,21.1,24.5,8.2,9.5,3.17,14.6,18.5,4.9,12.05,4.035,11.333333333333334,4.333333333333333,10.95,13.666666666666666,19.66985294117647
42,4,Kemba Walker,0.0,BOS,IND,-3.0,214.5,108.8,26,26.0,31.5,42.3,PG,7200,1,29.0,21.0,101,105,-1%,16,16,17,29,31,33,31.4,38.7,27.4,49.9,30.3,17.8,2.5,36.5,5.07,35.7,31.5,5.0,36.1,5.035,31.0,16.333333333333332,36.7,33.266666666666666,36.68225806451613
42,5,Paul George,0.0,LAC,GS,-12.5,223.0,117.8,9,31.8,37.4,50.5,SF,7700,1,30.0,20.0,103,111,2%,15,13,17,33,30,30,37.4,39.4,27.3,51.6,22.6,27.3,3.5,40.8,5.29,40.8,32.0,5.3,40.8,5.295,31.0,15.0,39.3,39.9,42.11612903225806
42,6,Nikola Vucevic,0.0,ORL,MEM,2.0,218.5,108.3,20,26.3,46.5,56.0,C,9100,1,26.0,22.0,105,108,5%,17,18,17,34,35,33,46.2,43.7,34.6,52.8,35.3,44.8,4.9,49.0,5.38,47.0,34.0,5.2,48.0,5.29,34.0,17.333333333333332,45.059999999999995,42.93333333333334,48.0
42,7,Romeo Langford,0.0,BOS,IND,-3.0,214.5,108.8,12,0.0,5.6,13.3,SG/SF,3100,1,0.0,0.0,101,105,-1%,2,2,2,13,11,11,5.5,5.4,-1.2,12.0,9.8,1.3,0.4,5.8,1.85,7.1,13.5,2.3,6.449999999999999,2.075,11.666666666666666,2.0,5.63,6.3,7.463571428571428
43,0,Rajon Rondo,0.0,LAL,BKN,-12.0,226.0,119.0,28,5.3,11.9,16.0,PG,3300,1,21.0,13.0,104,106,3%,7,6,7,17,19,21,11.9,19.8,8.9,30.8,15.6,6.8,2.1,17.0,5.15,15.4,16.0,4.7,16.2,4.925000000000001,19.0,6.666666666666667,17.520000000000003,11.066666666666668,13.642105263157895
43,1,Jevon Carter,0.0,PHO,POR,4.5,234.5,115.0,6,1.5,12.0,21.0,PG/SG,3100,1,14.0,10.0,103,111,5%,7,6,4,23,20,15,12.0,10.9,3.4,18.3,23.3,24.8,8.0,19.0,6.13,18.6,25.0,6.0,18.8,6.0649999999999995,19.333333333333332,5.666666666666667,12.680000000000001,11.5,24.31034482758621
43,2,Dragan Bender,0.0,GS,LAC,12.5,223.0,105.3,22,14.8,22.5,38.3,PF/C,3500,2,0.0,0.0,104,105,-4%,5,8,6,15,21,18,22.5,16.0,8.0,24.1,25.4,35.8,10.2,12.8,3.64,13.0,16.0,3.7,12.9,3.67,18.0,6.333333333333333,16.7,25.2,11.466666666666667
43,3,T.J. Warren,0.0,IND,BOS,3.0,214.5,105.8,17,25.0,32.5,44.3,SF/PF,6000,1,22.0,17.0,102,104,-6%,16,16,14,33,36,33,32.5,29.2,18.1,40.4,34.2,27.3,4.5,29.3,4.88,32.3,35.0,5.4,30.799999999999997,5.140000000000001,34.0,15.333333333333334,30.2,33.93333333333333,31.705882352941174
43,4,Derrick White,0.0,SA,DAL,4.0,232.0,114.0,25,20.0,24.9,32.5,PG/SG,4600,1,19.0,16.0,101,108,-3%,10,7,8,26,24,24,24.6,22.2,14.3,30.0,35.4,47.3,10.3,26.0,5.65,27.4,29.0,6.0,26.7,5.825,24.666666666666668,8.333333333333334,23.56,25.8,31.390540540540538
43,5,Rui Hachimura,0.0,WAS,NY,-4.5,228.5,116.5,1,13.5,23.4,35.5,PF/C,4900,1,18.0,14.0,101,111,8%,7,8,11,36,32,30,23.4,25.3,16.0,34.6,28.6,27.3,5.6,25.5,5.2,27.5,32.5,5.6,26.5,5.4,32.666666666666664,8.666666666666666,25.160000000000004,24.133333333333336,26.36479591836735
43,6,P.J. Tucker,0.0,HOU,MIN,-13.0,249.5,131.3,22,12.3,18.0,33.8,C,4200,1,9.0,9.0,106,110,6%,6,5,6,32,33,35,18.0,21.9,12.7,31.2,35.9,27.8,6.6,21.5,5.12,21.0,33.0,5.0,21.25,5.0600000000000005,33.333333333333336,5.666666666666667,21.009999999999998,21.366666666666664,21.037499999999998
43,7,Kyle Anderson,0.0,MEM,ORL,-2.0,218.5,110.3,11,15.3,20.3,28.5,SF/PF,4600,2,14.0,13.0,101,107,-5%,6,7,5,27,26,19,19.9,17.0,9.6,24.4,26.4,13.0,2.8,21.8,4.73,23.1,28.0,5.0,22.450000000000003,4.865,24.0,6.0,18.669999999999998,21.366666666666664,26.19166666666667
44,0,Avery Bradley,0.0,LAL,BKN,-12.0,226.0,119.0,28,9.3,20.4,34.8,PG/SG,3900,1,16.0,9.0,104,106,-1%,11,9,8,32,29,24,20.4,15.7,7.5,23.9,31.1,16.5,4.2,18.3,4.68,18.0,28.0,4.6,18.15,4.64,28.333333333333332,9.333333333333334,17.130000000000003,21.5,17.93647058823529
44,1,Troy Brown Jr.,0.0,WAS,NY,-4.5,228.5,116.5,18,12.8,18.7,29.5,SG/SF,3700,1,17.0,14.0,101,111,1%,9,7,8,29,22,25,18.6,22.6,12.8,32.4,23.5,17.5,4.7,23.3,6.28,23.8,27.5,6.4,23.55,6.34,25.333333333333332,8.0,21.99,20.333333333333332,25.564144736842106
44,2,Bobby Portis,0.0,NY,WAS,4.5,228.5,112.0,4,14.3,22.7,29.0,PF/C,4200,1,21.0,14.0,105,113,0%,11,11,9,23,22,22,22.7,20.6,11.2,30.1,26.8,37.0,8.8,20.5,4.88,20.7,20.5,4.9,20.6,4.890000000000001,22.333333333333332,10.333333333333334,21.040000000000003,22.0,18.9089552238806
44,3,Gary Trent Jr.,0.0,POR,PHO,-4.5,234.5,119.5,19,13.8,18.5,36.0,SG/SF,3900,2,15.0,12.0,104,109,0%,10,11,7,21,27,20,18.5,13.8,3.1,24.4,17.9,7.5,1.9,15.8,4.04,15.7,22.0,4.0,15.75,4.02,22.666666666666668,9.333333333333334,15.11,22.766666666666666,15.286764705882351
44,4,Caris LeVert,0.0,BKN,LAL,12.0,226.0,107.0,6,25.3,44.5,66.5,SG/SF,7500,1,29.0,15.0,103,103,-2%,15,18,16,34,33,29,44.8,31.5,17.6,45.3,37.6,43.8,5.8,36.5,4.87,37.1,33.0,4.9,36.8,4.885,32.0,16.333333333333332,35.2,45.43333333333334,37.949999999999996
44,5,Gordon Hayward,0.0,BOS,IND,-3.0,214.5,108.8,3,11.8,26.8,44.3,SF/PF,7000,1,21.0,18.0,101,105,-12%,18,14,14,39,37,34,30.9,34.8,23.8,45.7,36.1,55.0,7.9,34.5,4.93,32.9,35.0,4.7,33.7,4.8149999999999995,36.666666666666664,15.333333333333334,33.779999999999994,27.633333333333336,32.16818181818182
44,6,Gary Clark,0.0,ORL,MEM,2.0,218.5,108.3,6,0.0,4.8,12.8,PF/C,3000,1,12.0,11.0,105,108,-2%,1,2,3,5,11,12,4.8,8.4,1.4,15.5,9.3,4.0,1.3,12.5,4.17,0.0,0.0,0.0,6.25,2.085,9.333333333333334,2.0,7.269999999999999,5.866666666666667,0.0
44,7,Damian Lillard,0.0,POR,PHO,-4.5,234.5,119.5,19,29.3,36.8,43.8,PG,9100,2,31.0,26.0,104,109,2%,16,17,20,36,36,37,41.1,50.3,36.0,64.6,40.4,53.3,5.9,49.5,5.44,49.8,36.0,5.5,49.65,5.470000000000001,36.333333333333336,17.666666666666668,48.33,36.63333333333333,49.19449541284403
45,0,Shabazz Napier,0.0,WAS,NY,-4.5,228.5,116.5,24,19.0,27.6,51.5,PG,5600,1,21.0,14.0,101,111,1%,11,8,8,32,28,24,27.6,24.1,12.8,35.4,38.2,38.0,6.8,28.8,5.13,28.7,30.5,5.1,28.75,5.115,28.0,9.0,25.729999999999997,32.699999999999996,31.31696428571428
45,1,Dillon Brooks,0.0,MEM,ORL,-2.0,218.5,110.3,25,13.0,23.5,30.8,SG,5300,2,24.0,11.0,101,107,-5%,14,16,15,29,28,29,23.4,26.2,16.6,35.9,33.7,24.5,4.6,25.3,4.76,26.5,29.5,5.0,25.9,4.88,28.666666666666668,15.0,25.6,22.433333333333334,26.652906976744184
45,2,Alfonzo McKinnie,0.0,CLE,CHI,4.0,217.5,106.8,8,5.3,11.7,20.3,SF/PF,3200,1,15.0,9.0,102,108,1%,6,6,4,20,18,15,11.7,10.0,2.2,17.7,22.9,13.3,4.2,15.0,4.69,14.0,21.5,4.4,14.5,4.545,17.666666666666668,5.333333333333333,11.22,12.433333333333332,17.64622641509434
45,3,Mario Hezonja,0.0,POR,PHO,-4.5,234.5,119.5,14,10.0,17.6,28.0,SF/PF,3100,2,14.0,9.0,104,109,0%,7,5,4,18,18,16,17.6,11.8,3.6,20.0,14.4,14.0,4.5,12.0,3.87,12.5,17.0,4.0,12.25,3.935,17.333333333333332,5.333333333333333,13.05,18.533333333333335,12.014423076923078
45,4,Andrew Wiggins,0.0,GS,LAC,12.5,223.0,105.3,13,24.5,40.3,48.3,SG/SF,7400,2,25.0,16.0,104,105,-2%,15,17,18,37,36,35,39.4,37.7,27.0,48.3,32.4,29.0,3.9,34.5,4.66,38.9,35.0,5.3,36.7,4.98,36.0,16.666666666666668,37.81999999999999,37.699999999999996,35.680555555555564
45,5,Aaron Gordon,0.0,ORL,MEM,2.0,218.5,108.3,6,24.0,40.2,55.3,PF,7900,1,21.0,15.0,105,108,-2%,16,12,13,36,37,34,40.5,33.6,23.1,44.2,31.6,33.3,4.2,38.3,4.84,39.5,36.5,5.0,38.9,4.92,35.666666666666664,13.666666666666666,36.06,39.833333333333336,39.8088785046729
45,6,Naz Reid,0.0,MIN,HOU,13.0,249.5,118.3,26,24.8,33.5,46.5,C,6000,1,24.0,16.0,106,108,0%,14,13,8,27,27,16,33.5,18.8,6.7,31.0,23.4,21.0,3.5,31.3,5.21,30.5,26.0,5.1,30.9,5.154999999999999,23.333333333333332,11.666666666666666,24.18,34.93333333333333,34.43142857142857
45,7,Denzel Valentine,0.0,CHI,CLE,-4.0,217.5,110.8,8,12.8,20.4,27.5,SG/SF,5100,1,23.0,13.0,101,114,7%,14,12,6,25,20,13,20.4,13.0,4.1,21.9,22.7,21.8,4.3,24.0,4.71,24.9,23.5,4.9,24.45,4.805,19.333333333333332,10.666666666666666,16.77,20.233333333333334,29.719396551724138
46,0,Damian Lillard,0.0,POR,PHO,-4.5,234.5,119.5,19,29.3,36.8,43.8,PG,9100,2,31.0,26.0,104,109,2%,16,17,20,36,36,37,41.1,50.3,36.0,64.6,40.4,53.3,5.9,49.5,5.44,49.8,36.0,5.5,49.65,5.470000000000001,36.333333333333336,17.666666666666668,48.33,36.63333333333333,49.19449541284403
46,1,Damion Lee,0.0,GS,LAC,12.5,223.0,105.3,13,18.3,32.1,41.3,SG,5800,2,19.0,13.0,104,105,-1%,17,13,11,35,35,30,32.0,26.7,17.1,36.3,30.9,21.3,3.7,26.8,4.61,31.0,34.5,5.3,28.9,4.955,33.333333333333336,13.666666666666666,28.2,30.566666666666666,29.911499999999997
46,2,Jakarr Sampson,0.0,IND,BOS,3.0,214.5,105.8,17,1.3,8.8,26.3,SF/PF,3100,1,0.0,0.0,102,104,-6%,5,2,3,15,11,13,8.8,8.9,1.1,16.6,12.6,7.8,2.5,11.0,3.55,9.7,13.0,3.1,10.35,3.325,13.0,3.3333333333333335,9.150000000000002,12.133333333333335,10.35
46,3,Eric Paschall,0.0,GS,LAC,12.5,223.0,105.3,7,32.0,34.8,37.8,SF/PF,5700,2,21.0,15.0,104,105,-4%,11,13,11,31,33,28,34.8,24.6,14.1,35.1,32.2,25.5,4.5,29.0,5.09,29.2,31.5,5.1,29.1,5.095,30.666666666666668,11.666666666666666,27.54,34.86666666666667,29.890760869565216
46,4,Dillon Brooks,0.0,MEM,ORL,-2.0,218.5,110.3,25,13.0,23.5,30.8,SG,5300,2,24.0,11.0,101,107,-5%,14,16,15,29,28,29,23.4,26.2,16.6,35.9,33.7,24.5,4.6,25.3,4.76,26.5,29.5,5.0,25.9,4.88,28.666666666666668,15.0,25.6,22.433333333333334,26.652906976744184
46,5,Kevin Love,0.0,CLE,CHI,4.0,217.5,106.8,19,40.8,45.3,55.0,PF,8100,1,23.0,18.0,102,108,7%,15,14,13,39,37,32,45.3,37.8,26.4,49.2,37.3,39.0,4.8,40.3,4.97,39.0,34.5,4.8,39.65,4.885,36.0,14.0,39.67,47.03333333333333,37.99791666666666
46,6,Wendell Carter Jr.,0.0,CHI,CLE,-4.0,217.5,110.8,16,11.8,17.7,22.3,C,4600,1,16.0,15.0,101,114,3%,5,5,8,27,24,30,17.6,28.3,19.7,36.8,26.5,29.0,6.3,25.3,5.49,24.8,28.0,5.4,25.05,5.445,27.0,6.0,25.490000000000002,17.266666666666666,25.977777777777778
46,7,Jevon Carter,0.0,PHO,POR,4.5,234.5,115.0,6,1.5,12.0,21.0,PG/SG,3100,1,14.0,10.0,103,111,5%,7,6,4,23,20,15,12.0,10.9,3.4,18.3,23.3,24.8,8.0,19.0,6.13,18.6,25.0,6.0,18.8,6.0649999999999995,19.333333333333332,5.666666666666667,12.680000000000001,11.5,24.31034482758621
47,0,CJ McCollum,0.0,POR,PHO,-4.5,234.5,119.5,19,36.0,46.6,58.3,PG/SG,7900,2,27.0,17.0,104,109,0%,18,21,20,36,36,37,46.5,38.2,26.5,49.8,36.1,40.5,5.1,37.5,4.75,40.0,36.5,5.1,38.75,4.925,36.333333333333336,19.666666666666668,39.95,46.96666666666666,38.92775229357798
47,1,Justin Holiday,0.0,IND,BOS,3.0,214.5,105.8,1,11.3,16.2,19.3,SG/SF,3500,1,13.0,13.0,102,104,-1%,7,7,7,24,22,26,17.5,19.1,11.5,26.8,21.0,17.5,5.0,16.5,4.71,16.9,23.5,4.8,16.7,4.755,24.0,7.0,18.32,15.6,16.352083333333333
47,2,Carmelo Anthony,0.0,POR,PHO,-4.5,234.5,119.5,24,14.5,22.6,37.3,PF,5600,2,21.0,12.0,104,109,1%,9,10,14,28,30,33,22.6,27.9,17.9,37.9,32.0,40.8,7.3,26.3,4.69,27.3,32.5,4.9,26.8,4.795,30.333333333333332,11.0,26.620000000000005,24.8,28.714285714285715
47,3,John Konchar,0.0,MEM,ORL,-2.0,218.5,110.3,25,14.5,17.9,23.3,SG/SF,3100,2,0.0,0.0,101,107,0%,4,4,2,15,17,11,17.9,11.0,1.9,20.1,8.8,5.0,1.6,15.3,4.92,15.1,16.0,4.9,15.2,4.91,14.333333333333334,3.3333333333333335,13.219999999999999,18.566666666666666,16.967441860465115
47,4,Chasson Randle,0.0,GS,LAC,12.5,223.0,105.3,13,2.8,12.6,25.3,SG,3000,2,0.0,0.0,104,105,0%,1,1,1,13,13,13,5.3,5.3,1.7,8.8,14.7,8.5,2.8,8.8,2.92,9.5,13.5,3.2,9.15,3.06,13.0,1.0,6.05,13.566666666666668,9.501923076923077
47,5,Alfonzo McKinnie,0.0,CLE,CHI,4.0,217.5,106.8,8,5.3,11.7,20.3,SF/PF,3200,1,15.0,9.0,102,108,1%,6,6,4,20,18,15,11.7,10.0,2.2,17.7,22.9,13.3,4.2,15.0,4.69,14.0,21.5,4.4,14.5,4.545,17.666666666666668,5.333333333333333,11.22,12.433333333333332,17.64622641509434
47,6,Andre Drummond,0.0,CLE,CHI,4.0,217.5,106.8,29,15.0,38.6,60.3,C,8700,1,28.0,22.0,102,108,8%,19,13,14,34,28,33,38.8,48.0,35.6,60.4,34.5,35.8,4.1,46.8,5.37,47.1,32.5,5.4,46.95,5.385,31.666666666666668,15.333333333333334,45.95,37.96666666666667,48.185526315789474
47,7,Timothe Luwawu-Cabarrot,0.0,BKN,LAL,12.0,226.0,107.0,26,3.8,16.3,30.5,SF/PF,3200,1,15.0,9.0,103,103,-2%,5,6,5,26,26,17,16.3,11.4,3.5,19.3,25.4,21.0,6.6,16.8,5.23,16.8,24.5,5.3,16.8,5.265000000000001,23.0,5.333333333333333,13.459999999999999,16.866666666666667,17.895652173913042
48,0,Kemba Walker,0.0,BOS,IND,-3.0,214.5,108.8,26,26.0,31.5,42.3,PG,7200,1,29.0,21.0,101,105,-1%,16,16,17,29,31,33,31.4,38.7,27.4,49.9,30.3,17.8,2.5,36.5,5.07,35.7,31.5,5.0,36.1,5.035,31.0,16.333333333333332,36.7,33.266666666666666,36.68225806451613
48,1,Josh Okogie,0.0,MIN,HOU,13.0,249.5,118.3,4,8.0,18.8,30.3,SG/SF,4100,1,15.0,12.0,106,108,6%,5,6,7,25,26,25,18.8,19.3,11.4,27.1,35.6,16.0,3.9,21.5,5.24,22.1,28.0,5.4,21.8,5.32,25.333333333333332,6.0,19.68,19.033333333333335,24.094736842105267
48,2,Cheick Diallo,0.0,PHO,POR,4.5,234.5,115.0,8,0.0,4.5,10.3,PF/C,3200,1,16.0,16.0,103,111,4%,4,2,3,14,7,11,4.5,9.7,0.6,18.8,13.5,16.3,5.1,14.0,4.38,13.0,14.5,4.1,13.5,4.24,10.666666666666666,3.0,9.42,4.933333333333334,18.3515625
48,3,Terrence Ross,0.0,ORL,MEM,2.0,218.5,108.3,5,28.0,32.6,38.5,SG/SF,5800,1,22.0,14.0,105,108,5%,10,13,12,32,31,28,32.6,24.3,15.9,32.7,30.5,33.0,5.7,30.5,5.26,31.1,32.0,5.4,30.8,5.33,30.333333333333332,11.666666666666666,27.26,33.03333333333333,32.4923076923077
48,4,Russell Westbrook,0.0,HOU,MIN,-13.0,249.5,131.3,30,39.0,52.1,62.3,PG,10100,1,35.0,22.0,106,110,4%,23,23,23,31,35,36,52.0,52.2,41.0,63.3,37.0,50.0,5.0,55.8,5.52,60.5,36.5,6.0,58.15,5.76,34.0,23.0,53.33,51.133333333333326,62.42573529411764
48,5,Wayne Ellington,0.0,NY,WAS,4.5,228.5,112.0,28,7.8,15.2,28.3,SG/SF,3100,1,15.0,9.0,105,113,5%,5,6,5,18,19,17,15.2,11.2,3.6,18.8,16.1,16.5,5.3,14.5,4.68,12.6,17.0,4.1,13.55,4.39,18.0,5.333333333333333,12.470000000000002,17.099999999999998,12.797222222222222
48,6,Anthony Tolliver,0.0,MEM,ORL,-2.0,218.5,110.3,23,2.5,10.5,17.3,PF/C,3100,2,11.0,7.0,101,107,-1%,4,4,3,18,19,16,10.4,9.4,1.7,17.1,17.9,6.3,2.0,11.3,3.63,11.2,18.0,3.6,11.25,3.615,17.666666666666668,3.6666666666666665,9.970000000000002,10.1,11.462264150943394
48,7,Denzel Valentine,0.0,CHI,CLE,-4.0,217.5,110.8,8,12.8,20.4,27.5,SG/SF,5100,1,23.0,13.0,101,114,7%,14,12,6,25,20,13,20.4,13.0,4.1,21.9,22.7,21.8,4.3,24.0,4.71,24.9,23.5,4.9,24.45,4.805,19.333333333333332,10.666666666666666,16.77,20.233333333333334,29.719396551724138
