Lineup Num,,Player Name,injury_status,team,opp,spread,over_under,implied_team_score,L5_dvp_rank,L5_ppg_floor,L5_ppg_avg,L5_ppg_max,Pos,Salary,Rest,USG,PER,Opp Pace,Opp DEff,Opp DvP,L2 FGA,L5 FGA,S FGA,L2 Min,L5 Min,S Min,L5 FP,S FP,Floor FP,Ceil FP,Actual Min,Actual FP,Actual Val,FantasyFuelPPGProj,FantasyFuelValueProj,DFN_PPGProj,DFN_MinProj,DFN_ValueProj,Avg Proj,Avg Value Proj,Avg Skewed Min,Avg Skewed FGA,Avg Skewed FP,Avg L5 PPG,Proj Min Enhanced
0,0,Ben Simmons,0.0,PHI,MIA,2.5,212.0,104.8,1,30.5,45.5,59.5,PG/SF,9100,1,22.0,21.0,100,106,-9%,15,12,12,40,37,37,45.5,44.5,33.2,55.9,34.0,34.5,3.8,42.5,4.67,42.0,38.0,4.6,42.25,4.635,38.0,13.0,44.27,45.166666666666664,42.25
0,1,Terry Rozier,0.0,CHA,ORL,4.5,202.5,99.0,2,17.0,30.2,46.5,PG/SG,6700,1,25.0,15.0,100,105,-3%,17,14,15,36,35,35,30.2,32.9,21.9,43.9,35.2,25.3,3.8,32.3,4.81,32.8,35.5,4.9,32.55,4.855,35.333333333333336,15.333333333333334,32.29,31.233333333333334,32.70353773584905
0,2,Cedi Osman,0.0,CLE,NY,-2.0,215.5,108.8,10,18.5,23.6,33.3,SF/PF,4200,1,17.0,11.0,101,110,2%,8,9,9,22,24,29,23.6,21.2,13.4,29.0,38.1,22.5,5.4,20.5,4.88,21.5,28.0,5.1,21.0,4.99,25.0,8.666666666666666,21.64,25.133333333333336,23.52
0,3,Gordon Hayward,0.0,BOS,ATL,-5.0,229.5,117.3,20,19.8,38.2,49.5,SF/PF,7900,1,21.0,18.0,106,111,17%,13,15,13,34,36,33,38.5,33.5,22.6,44.5,33.6,43.8,5.5,38.5,4.87,38.7,35.5,4.9,38.6,4.885,34.333333333333336,13.666666666666666,35.54,35.833333333333336,39.91165048543689
0,4,Goran Dragic,0.0,MIA,PHI,-2.5,212.0,107.3,16,22.0,30.6,46.5,PG,5500,1,26.0,16.0,101,103,-6%,11,12,12,31,30,28,30.6,28.9,20.1,37.8,25.9,40.8,7.4,27.0,4.91,26.7,27.5,4.9,26.85,4.905,29.666666666666668,11.666666666666666,28.85,33.03333333333333,24.889044943820224
0,5,Maxi Kleber,0.0,DAL,IND,5.5,211.5,103.0,12,15.3,22.3,39.0,PF/C,5000,1,14.0,15.0,100,105,-6%,7,8,7,22,20,25,22.3,20.7,12.8,28.6,35.1,18.0,3.6,19.0,3.8,22.4,26.0,4.5,20.7,4.15,22.333333333333332,7.333333333333333,21.02,25.53333333333333,24.098507462686566
0,6,John Henson,0.0,CLE,NY,-2.0,215.5,108.8,14,9.8,13.2,20.0,C,3000,1,17.0,17.0,101,110,7%,2,4,4,13,15,14,13.2,15.0,7.9,22.1,18.4,18.8,6.3,14.0,4.67,20.0,19.0,6.7,17.0,5.6850000000000005,14.0,3.3333333333333335,15.039999999999997,14.333333333333334,23.07142857142857
0,7,De'Aaron Fox,0.0,SAC,MIN,-1.0,225.5,113.3,23,31.3,43.5,61.8,PG,8200,1,31.0,21.0,105,108,4%,21,17,16,34,32,32,43.5,40.1,28.7,51.5,34.4,45.3,5.5,43.8,5.34,44.3,33.5,5.4,44.05,5.37,32.666666666666664,18.0,41.56999999999999,45.53333333333333,45.173724489795916
1,0,Malcolm Brogdon,0.0,IND,DAL,-5.5,211.5,108.5,30,10.0,28.2,43.5,PG,6300,1,28.0,19.0,101,109,-5%,12,13,15,35,32,32,33.1,37.9,28.8,47.0,31.5,29.0,4.6,35.3,5.6,35.9,32.5,5.7,35.599999999999994,5.65,33.0,13.333333333333334,36.480000000000004,27.233333333333334,35.060606060606055
1,1,Spencer Dinwiddie,0.0,BKN,PHO,-2.5,224.5,113.5,20,23.5,35.7,42.3,PG/SG,8000,1,31.0,18.0,104,108,4%,19,15,17,30,32,32,35.7,38.5,28.7,48.3,30.7,24.8,3.1,43.0,5.38,42.5,34.5,5.3,42.75,5.34,31.333333333333332,17.0,38.79,33.833333333333336,47.070478723404264
1,2,Bobby Portis,0.0,NY,CLE,2.0,215.5,106.8,19,5.8,13.7,20.5,PF/C,3700,1,21.0,14.0,101,114,2%,6,6,9,18,20,21,13.7,20.7,10.6,30.7,28.3,15.3,4.1,18.5,5.0,17.2,18.0,4.6,17.85,4.8,19.666666666666668,7.0,18.709999999999997,13.333333333333334,16.337288135593223
1,3,Damyean Dotson,0.0,NY,CLE,2.0,215.5,106.8,18,9.5,16.0,25.3,SG/SF,3300,1,17.0,11.0,101,114,12%,8,7,6,26,23,18,16.0,12.4,5.0,19.8,15.9,15.8,4.8,17.0,5.15,16.8,23.0,5.1,16.9,5.125,22.333333333333332,7.0,14.02,16.933333333333334,17.404477611940298
1,4,Dejounte Murray,0.0,SA,LAC,9.0,228.5,109.8,8,11.3,23.8,32.8,PG,5200,1,21.0,17.0,105,105,1%,9,9,9,29,25,24,23.8,26.4,17.3,35.5,24.6,11.8,2.3,27.0,5.19,25.0,25.0,4.8,26.0,4.995,26.0,9.0,25.8,22.633333333333336,25.0
1,5,Buddy Hield,0.0,SAC,MIN,-1.0,225.5,113.3,29,19.0,36.1,56.3,SG/SF,6200,1,27.0,16.0,105,108,2%,15,16,18,28,29,34,35.1,35.0,24.6,45.4,19.8,25.0,4.0,30.8,4.96,31.8,28.5,5.1,31.3,5.029999999999999,30.333333333333332,16.333333333333332,34.28,37.13333333333333,29.40824175824176
1,6,LaMarcus Aldridge,0.0,SA,LAC,9.0,228.5,109.8,2,21.8,34.9,59.0,PF/C,6900,1,22.0,21.0,105,105,-5%,8,12,15,31,34,34,34.9,37.7,26.9,48.4,33.6,50.3,7.3,38.8,5.62,36.0,33.0,5.2,37.4,5.41,33.0,11.666666666666666,37.06,38.56666666666667,37.4
1,7,Jeremy Lamb,0.0,IND,DAL,-5.5,211.5,108.5,5,11.5,22.8,38.5,SG/SF,4900,1,19.0,14.0,101,109,-4%,9,10,11,29,28,30,23.0,26.3,17.0,35.5,28.4,22.8,4.7,23.5,4.8,22.6,26.5,4.6,23.05,4.699999999999999,29.0,10.0,24.97,24.266666666666666,21.06293103448276
2,0,Jevon Carter,0.0,PHO,BKN,2.5,224.5,111.0,7,3.0,14.9,30.5,PG/SG,3000,0,14.0,9.0,104,106,9%,6,4,4,20,15,14,14.8,10.6,2.8,18.5,23.8,7.5,2.5,15.3,5.08,13.8,18.5,4.6,14.55,4.84,16.333333333333332,4.666666666666667,12.25,16.133333333333333,16.48010204081633
2,1,Tony Snell,0.0,DET,MEM,9.5,223.5,107.0,13,12.3,19.4,25.0,SG/SF,3300,0,11.0,10.0,106,109,4%,8,7,7,34,31,28,19.4,15.5,9.2,21.9,29.4,9.5,2.9,18.8,5.68,17.9,31.0,5.4,18.35,5.54,31.0,7.333333333333333,16.869999999999997,18.900000000000002,18.35
2,2,Maxi Kleber,0.0,DAL,IND,5.5,211.5,103.0,12,15.3,22.3,39.0,PF/C,5000,1,14.0,15.0,100,105,-6%,7,8,7,22,20,25,22.3,20.7,12.8,28.6,35.1,18.0,3.6,19.0,3.8,22.4,26.0,4.5,20.7,4.15,22.333333333333332,7.333333333333333,21.02,25.53333333333333,24.098507462686566
2,3,Miles Bridges,0.0,CHA,ORL,4.5,202.5,99.0,22,5.5,23.8,40.5,SF/PF,5800,1,19.0,12.0,100,105,-5%,18,12,11,36,29,31,23.8,25.0,15.0,34.9,34.7,34.0,5.9,27.8,4.78,29.0,35.0,5.0,28.4,4.890000000000001,32.0,13.666666666666666,25.419999999999998,23.266666666666666,31.0625
2,4,Devonte' Graham,0.0,CHA,ORL,4.5,202.5,99.0,2,18.5,28.3,36.3,PG,7500,1,26.0,16.0,100,105,-3%,12,12,15,36,35,36,28.3,37.8,27.5,48.1,36.2,25.8,3.4,35.3,4.7,35.1,36.0,4.7,35.2,4.7,35.666666666666664,13.0,35.379999999999995,27.7,35.52897196261683
2,5,Marvin Williams,0.0,CHA,ORL,4.5,202.5,99.0,4,2.5,12.7,32.5,PF,3300,1,14.0,12.0,100,105,-3%,4,5,5,20,19,20,12.7,14.3,5.2,23.4,17.5,9.5,2.9,17.0,5.15,12.2,17.5,3.7,14.6,4.425000000000001,19.666666666666668,4.666666666666667,14.040000000000001,15.9,12.991525423728813
2,6,Rui Hachimura,0.0,WAS,GS,-6.0,235.0,120.5,13,9.0,24.4,39.5,PF/C,5100,1,19.0,14.0,103,110,1%,7,12,12,23,31,29,24.4,25.2,14.7,35.6,25.9,20.0,3.9,15.0,2.94,15.6,17.5,3.1,15.3,3.02,27.666666666666668,10.333333333333334,23.04,24.3,9.677710843373493
2,7,Harrison Barnes,0.0,SAC,MIN,-1.0,225.5,113.3,3,11.5,16.5,25.8,SF/PF,4300,1,18.0,13.0,105,108,6%,7,8,11,30,32,35,16.4,25.4,15.8,34.9,34.2,31.8,7.4,25.8,5.99,24.7,33.5,5.7,25.25,5.845000000000001,32.333333333333336,8.666666666666666,23.549999999999997,17.933333333333334,26.161082474226802
4,0,Spencer Dinwiddie,0.0,BKN,PHO,-2.5,224.5,113.5,20,23.5,35.7,42.3,PG/SG,8000,1,31.0,18.0,104,108,4%,19,15,17,30,32,32,35.7,38.5,28.7,48.3,30.7,24.8,3.1,43.0,5.38,42.5,34.5,5.3,42.75,5.34,31.333333333333332,17.0,38.79,33.833333333333336,47.070478723404264
4,1,Tim Hardaway Jr.,0.0,DAL,IND,5.5,211.5,103.0,6,10.8,18.0,25.8,SG/SF,5600,1,21.0,14.0,100,105,-15%,12,11,12,29,30,27,18.0,22.7,12.6,32.8,33.4,38.5,6.9,25.8,4.6,25.5,30.5,4.6,25.65,4.6,28.666666666666668,11.666666666666666,22.35,18.2,27.290406976744187
4,2,Jordan Bell,0.0,MIN,SAC,1.0,225.5,112.3,16,3.3,5.9,7.0,PF/C,3000,1,0.0,0.0,100,109,-8%,2,1,2,4,4,9,4.5,8.2,1.8,14.6,9.2,5.3,1.8,3.3,1.08,0.0,0.0,0.0,1.65,0.54,5.666666666666667,1.6666666666666667,6.1499999999999995,5.3999999999999995,0.0
4,3,James Ennis III,0.0,PHI,MIA,2.5,212.0,104.8,28,2.8,4.0,5.5,SF/PF,3100,1,16.0,13.0,100,106,-2%,2,2,5,6,6,16,4.7,12.8,5.7,19.8,16.8,8.3,2.7,4.8,1.53,0.0,0.0,0.0,2.4,0.765,9.333333333333334,3.0,9.08,4.1000000000000005,0.0
4,4,Kendrick Nunn,0.0,MIA,PHI,-2.5,212.0,107.3,16,7.5,26.3,41.3,PG/SG,4600,1,24.0,14.0,101,103,-6%,14,15,14,35,34,31,34.5,27.3,17.9,36.7,24.1,19.3,4.2,22.5,4.89,21.4,25.5,4.7,21.95,4.795,33.333333333333336,14.333333333333334,27.669999999999998,25.03333333333333,16.79175
4,5,Meyers Leonard,0.0,MIA,PHI,-2.5,212.0,107.3,11,4.0,15.3,39.5,PF,4000,1,12.0,11.0,101,103,-10%,9,6,5,20,20,20,15.3,15.5,6.5,24.5,15.9,9.8,2.5,18.0,4.5,16.7,23.0,4.2,17.35,4.35,20.0,6.666666666666667,15.830000000000002,19.599999999999998,19.9525
4,6,Maxi Kleber,0.0,DAL,IND,5.5,211.5,103.0,12,15.3,22.3,39.0,PF/C,5000,1,14.0,15.0,100,105,-6%,7,8,7,22,20,25,22.3,20.7,12.8,28.6,35.1,18.0,3.6,19.0,3.8,22.4,26.0,4.5,20.7,4.15,22.333333333333332,7.333333333333333,21.02,25.53333333333333,24.098507462686566
4,7,Aaron Gordon,0.0,ORL,CHA,-4.5,202.5,103.5,9,18.5,29.1,37.8,SF/PF,6100,1,21.0,13.0,99,111,7%,18,14,13,34,35,33,29.1,30.3,22.0,38.7,37.6,44.5,7.3,33.8,5.53,31.5,34.0,5.2,32.65,5.365,34.0,15.0,30.55,28.46666666666667,32.65
5,0,Tyus Jones,0.0,MEM,DET,-9.5,223.5,116.5,28,3.3,16.8,21.3,PG,3200,2,18.0,14.0,101,110,2%,8,6,6,21,18,19,16.3,16.8,9.2,24.5,21.0,25.5,8.0,16.5,5.16,14.0,16.0,4.4,15.25,4.78,19.333333333333332,6.666666666666667,16.41,13.800000000000002,12.620689655172415
5,1,Paul George,0.0,LAC,SA,-9.0,228.5,118.8,1,19.0,36.3,57.3,SG/SF,7800,1,31.0,21.0,102,110,2%,14,17,18,22,30,31,40.3,40.5,27.3,53.8,31.2,47.0,6.0,38.0,4.87,31.4,24.5,4.0,34.7,4.4350000000000005,27.666666666666668,16.333333333333332,39.32000000000001,37.53333333333333,30.728313253012047
5,2,Kyle O'Quinn,0.0,PHI,MIA,2.5,212.0,104.8,1,0.0,11.9,27.5,PF/C,3800,1,0.0,0.0,100,106,-6%,4,3,3,11,10,10,11.3,11.4,1.4,21.4,4.4,12.5,3.3,17.5,4.61,0.0,0.0,0.0,8.75,2.305,10.333333333333334,3.3333333333333335,10.85,13.133333333333333,0.0
5,3,Kent Bazemore,0.0,SAC,MIN,-1.0,225.5,113.3,29,8.8,15.7,25.3,SG/SF,3500,1,16.0,8.0,105,108,2%,7,7,7,16,18,25,15.7,18.1,10.7,25.6,23.9,16.5,4.7,16.5,4.71,13.8,18.5,3.9,15.15,4.305,19.666666666666668,7.0,17.05,16.599999999999998,14.251271186440679
5,4,Kendrick Nunn,0.0,MIA,PHI,-2.5,212.0,107.3,16,7.5,26.3,41.3,PG/SG,4600,1,24.0,14.0,101,103,-6%,14,15,14,35,34,31,34.5,27.3,17.9,36.7,24.1,19.3,4.2,22.5,4.89,21.4,25.5,4.7,21.95,4.795,33.333333333333336,14.333333333333334,27.669999999999998,25.03333333333333,16.79175
5,5,Kyle Anderson,0.0,MEM,DET,-9.5,223.5,116.5,7,9.0,20.6,31.5,SF/PF,4500,2,15.0,13.0,101,110,0%,6,5,4,20,22,18,20.6,15.6,7.9,23.3,15.1,10.5,2.3,15.3,3.39,13.4,15.5,3.0,14.350000000000001,3.1950000000000003,20.0,5.0,16.35,20.366666666666667,11.12125
5,6,Al Horford,0.0,PHI,MIA,2.5,212.0,104.8,1,26.3,32.5,41.3,PF/C,6300,1,19.0,16.0,100,106,1%,11,11,12,30,31,31,32.5,31.0,22.3,39.6,22.2,13.0,2.1,29.5,4.68,28.8,30.5,4.6,29.15,4.64,30.666666666666668,11.333333333333334,30.909999999999997,33.36666666666667,28.99157608695652
5,7,Dante Exum,0.0,CLE,NY,-2.0,215.5,108.8,6,4.8,11.1,17.5,PG/SG,3300,1,16.0,10.0,101,110,1%,6,4,4,11,16,13,11.1,9.0,1.8,16.2,15.7,12.8,3.9,10.0,3.03,11.8,16.0,3.6,10.9,3.315,13.333333333333334,4.666666666666667,9.799999999999999,11.133333333333333,13.08
6,0,Darius Garland,0.0,CLE,NY,-2.0,215.5,108.8,6,11.0,21.1,35.8,PG,5400,1,22.0,8.0,101,110,1%,16,14,12,34,33,30,21.1,21.3,13.3,29.3,39.3,28.3,5.2,26.8,4.95,25.7,34.5,4.8,26.25,4.875,32.333333333333336,14.0,22.25,22.633333333333336,28.009020618556697
6,1,Brad Wanamaker,0.0,BOS,ATL,-5.0,229.5,117.3,25,-0.5,11.3,25.8,PG/SG,3600,1,17.0,12.0,106,111,0%,6,5,5,20,15,20,11.3,15.0,8.6,21.4,27.5,35.3,9.8,22.5,6.25,20.4,26.0,5.7,21.45,5.975,18.333333333333332,5.333333333333333,15.55,12.200000000000001,30.419999999999998
6,2,Troy Brown Jr.,0.0,WAS,GS,-6.0,235.0,120.5,30,14.8,24.6,32.8,SF/PF,5200,1,17.0,14.0,103,110,4%,12,10,9,31,31,26,24.6,23.8,13.2,34.3,22.6,18.3,3.5,25.0,4.81,23.6,26.0,4.5,24.3,4.654999999999999,29.333333333333332,10.333333333333334,24.04,24.066666666666666,21.538636363636364
6,3,Jayson Tatum,0.0,BOS,ATL,-5.0,229.5,117.3,20,34.0,42.3,50.0,SF/PF,7500,1,28.0,19.0,106,111,17%,19,19,18,27,33,34,41.8,39.3,29.0,49.5,35.3,45.3,6.0,42.3,5.63,41.9,33.5,5.6,42.099999999999994,5.615,31.333333333333332,18.666666666666668,40.339999999999996,42.1,45.011170212765954
6,4,T.J. McConnell,0.0,IND,DAL,-5.5,211.5,108.5,30,7.5,23.2,40.5,PG,4100,1,20.0,17.0,101,109,-5%,3,6,6,16,23,19,22.9,19.4,11.2,27.6,16.5,20.3,5.0,16.0,3.9,14.7,15.5,3.6,15.35,3.75,19.333333333333332,5.0,19.29,23.733333333333334,12.30646551724138
6,5,Kawhi Leonard,0.0,LAC,SA,-9.0,228.5,118.8,23,46.0,62.1,70.5,SF,10300,1,35.0,27.0,102,110,2%,21,24,21,29,33,33,62.4,50.0,39.4,60.6,31.7,45.5,4.4,50.3,4.88,49.8,34.0,4.8,50.05,4.84,31.666666666666668,22.0,52.489999999999995,59.53333333333333,53.7378947368421
6,6,Thomas Bryant,0.0,WAS,GS,-6.0,235.0,120.5,13,13.3,28.3,44.0,PF/C,5800,1,19.0,20.0,103,110,3%,11,9,9,24,23,25,28.3,27.8,16.4,39.2,29.4,28.3,4.9,28.0,4.83,25.0,22.0,4.3,26.5,4.5649999999999995,24.0,9.666666666666666,27.640000000000004,28.53333333333333,24.291666666666668
6,7,Jae Crowder,0.0,MEM,DET,-9.5,223.5,116.5,7,10.5,19.8,33.3,SF,4800,2,16.0,11.0,101,110,5%,9,6,9,29,27,30,23.5,26.0,15.1,36.8,24.8,14.8,3.1,22.5,4.69,23.1,27.0,4.8,22.8,4.745,28.666666666666668,8.0,24.839999999999996,21.2,21.474418604651163
7,0,Draymond Green,0.0,GS,WAS,6.0,235.0,114.5,29,15.5,34.4,48.8,PG/SF,6500,1,18.0,13.0,105,114,4%,7,7,8,27,29,29,34.4,29.8,18.5,41.2,33.2,42.0,6.5,35.0,5.38,33.5,30.0,5.2,34.25,5.29,28.333333333333332,7.333333333333333,31.630000000000003,32.9,36.26470588235294
7,1,Reggie Bullock,0.0,NY,CLE,2.0,215.5,106.8,18,11.5,15.3,20.8,SG/SF,3600,1,17.0,10.0,101,114,5%,8,8,9,22,25,25,15.3,17.0,10.8,23.2,24.7,16.0,4.4,16.8,4.65,19.3,26.0,5.4,18.05,5.025,24.0,8.333333333333334,16.869999999999997,15.866666666666667,19.554166666666667
7,2,Kyle Anderson,0.0,MEM,DET,-9.5,223.5,116.5,7,9.0,20.6,31.5,SF/PF,4500,2,15.0,13.0,101,110,0%,6,5,4,20,22,18,20.6,15.6,7.9,23.3,15.1,10.5,2.3,15.3,3.39,13.4,15.5,3.0,14.350000000000001,3.1950000000000003,20.0,5.0,16.35,20.366666666666667,11.12125
7,3,Ryan Broekhoff,0.0,DAL,IND,5.5,211.5,103.0,6,3.3,11.8,19.5,SG/SF,3400,1,0.0,0.0,100,105,-2%,7,4,3,21,13,10,11.8,8.8,2.0,15.7,19.4,15.3,4.5,15.5,4.56,16.1,21.0,4.7,15.8,4.63,14.666666666666666,4.666666666666667,10.819999999999999,11.533333333333333,22.622727272727275
7,4,Damyean Dotson,0.0,NY,CLE,2.0,215.5,106.8,18,9.5,16.0,25.3,SG/SF,3300,1,17.0,11.0,101,114,12%,8,7,6,26,23,18,16.0,12.4,5.0,19.8,15.9,15.8,4.8,17.0,5.15,16.8,23.0,5.1,16.9,5.125,22.333333333333332,7.0,14.02,16.933333333333334,17.404477611940298
7,5,James Ennis III,0.0,PHI,MIA,2.5,212.0,104.8,28,2.8,4.0,5.5,SF/PF,3100,1,16.0,13.0,100,106,-2%,2,2,5,6,6,16,4.7,12.8,5.7,19.8,16.8,8.3,2.7,4.8,1.53,0.0,0.0,0.0,2.4,0.765,9.333333333333334,3.0,9.08,4.1000000000000005,0.0
7,6,Jarrett Allen,0.0,BKN,PHO,-2.5,224.5,113.5,6,14.3,34.3,50.8,C,6700,1,15.0,21.0,104,108,1%,6,7,7,28,31,28,34.3,30.5,19.4,41.7,23.2,25.5,3.8,31.5,4.7,30.9,27.5,4.6,31.2,4.65,29.0,6.666666666666667,31.419999999999998,33.13333333333333,29.586206896551722
7,7,Kelly Olynyk,0.0,MIA,PHI,-2.5,212.0,107.3,11,2.0,19.9,34.3,C,3600,1,16.0,14.0,101,103,-10%,9,6,6,24,19,20,19.9,18.0,7.3,28.6,23.8,13.5,3.8,16.8,4.65,0.0,0.0,0.0,8.4,2.325,21.0,7.0,16.44,18.73333333333333,0.0
8,0,Garrett Temple,0.0,BKN,PHO,-2.5,224.5,113.5,20,10.8,20.1,30.3,PG/SG,4000,1,17.0,10.0,104,108,1%,12,9,10,31,29,29,20.1,21.6,13.2,30.0,22.5,9.5,2.4,23.0,5.75,20.3,28.0,5.1,21.65,5.425,29.666666666666668,10.333333333333334,21.310000000000002,20.400000000000002,20.433707865168536
8,1,Jarrett Culver,0.0,MIN,SAC,1.0,225.5,112.3,21,8.8,13.1,16.5,PG/SG,4100,1,20.0,9.0,100,109,-3%,6,6,10,24,24,25,13.1,19.8,9.6,29.9,17.6,9.8,2.4,18.5,4.51,20.8,25.5,5.1,19.65,4.805,24.333333333333332,7.333333333333333,18.409999999999997,12.799999999999999,20.59212328767123
8,2,Gordon Hayward,0.0,BOS,ATL,-5.0,229.5,117.3,20,19.8,38.2,49.5,SF/PF,7900,1,21.0,18.0,106,111,17%,13,15,13,34,36,33,38.5,33.5,22.6,44.5,33.6,43.8,5.5,38.5,4.87,38.7,35.5,4.9,38.6,4.885,34.333333333333336,13.666666666666666,35.54,35.833333333333336,39.91165048543689
8,3,Tony Snell,0.0,DET,MEM,9.5,223.5,107.0,13,12.3,19.4,25.0,SG/SF,3300,0,11.0,10.0,106,109,4%,8,7,7,34,31,28,19.4,15.5,9.2,21.9,29.4,9.5,2.9,18.8,5.68,17.9,31.0,5.4,18.35,5.54,31.0,7.333333333333333,16.869999999999997,18.900000000000002,18.35
8,4,Terry Rozier,0.0,CHA,ORL,4.5,202.5,99.0,2,17.0,30.2,46.5,PG/SG,6700,1,25.0,15.0,100,105,-3%,17,14,15,36,35,35,30.2,32.9,21.9,43.9,35.2,25.3,3.8,32.3,4.81,32.8,35.5,4.9,32.55,4.855,35.333333333333336,15.333333333333334,32.29,31.233333333333334,32.70353773584905
8,5,Kelly Oubre Jr.,0.0,PHO,BKN,2.5,224.5,111.0,1,30.5,38.7,46.8,SF/PF,7100,0,21.0,15.0,104,106,-12%,18,17,15,38,36,35,38.6,34.8,24.4,45.2,38.4,29.3,4.1,36.8,5.18,35.3,37.0,5.0,36.05,5.09,36.333333333333336,16.666666666666668,35.81,38.666666666666664,36.711467889908256
8,6,John Henson,0.0,CLE,NY,-2.0,215.5,108.8,14,9.8,13.2,20.0,C,3000,1,17.0,17.0,101,110,7%,2,4,4,13,15,14,13.2,15.0,7.9,22.1,18.4,18.8,6.3,14.0,4.67,20.0,19.0,6.7,17.0,5.6850000000000005,14.0,3.3333333333333335,15.039999999999997,14.333333333333334,23.07142857142857
8,7,Kent Bazemore,0.0,SAC,MIN,-1.0,225.5,113.3,29,8.8,15.7,25.3,SG/SF,3500,1,16.0,8.0,105,108,2%,7,7,7,16,18,25,15.7,18.1,10.7,25.6,23.9,16.5,4.7,16.5,4.71,13.8,18.5,3.9,15.15,4.305,19.666666666666668,7.0,17.05,16.599999999999998,14.251271186440679
11,0,Dennis Smith Jr.,0.0,NY,CLE,2.0,215.5,106.8,27,0.8,10.3,19.0,PG,3600,1,23.0,6.0,101,114,6%,8,5,6,20,13,16,10.3,13.0,4.1,21.9,20.0,35.3,9.8,16.0,4.44,14.5,15.5,4.0,15.25,4.220000000000001,16.333333333333332,6.333333333333333,12.910000000000002,10.033333333333333,14.471938775510205
11,1,Spencer Dinwiddie,0.0,BKN,PHO,-2.5,224.5,113.5,20,23.5,35.7,42.3,PG/SG,8000,1,31.0,18.0,104,108,4%,19,15,17,30,32,32,35.7,38.5,28.7,48.3,30.7,24.8,3.1,43.0,5.38,42.5,34.5,5.3,42.75,5.34,31.333333333333332,17.0,38.79,33.833333333333336,47.070478723404264
11,2,Solomon Hill,0.0,MEM,DET,-9.5,223.5,116.5,7,10.0,12.2,16.3,SF/PF,3300,2,14.0,11.0,101,110,0%,4,3,5,22,19,19,12.3,14.4,8.1,20.7,13.6,4.3,1.3,12.5,3.79,10.7,14.0,3.2,11.6,3.495,20.0,4.0,13.420000000000002,12.833333333333334,8.12
11,3,Treveon Graham,0.0,ATL,BOS,5.0,229.5,112.3,2,0.0,3.4,14.5,SF,3000,1,9.0,6.0,102,103,-3%,2,1,5,13,8,18,3.4,10.2,2.9,17.5,17.7,9.8,3.3,14.5,4.83,11.9,21.0,4.0,13.2,4.415,13.0,2.6666666666666665,9.440000000000001,5.966666666666666,21.323076923076922
11,4,Paul George,0.0,LAC,SA,-9.0,228.5,118.8,1,19.0,36.3,57.3,SG/SF,7800,1,31.0,21.0,102,110,2%,14,17,18,22,30,31,40.3,40.5,27.3,53.8,31.2,47.0,6.0,38.0,4.87,31.4,24.5,4.0,34.7,4.4350000000000005,27.666666666666668,16.333333333333332,39.32000000000001,37.53333333333333,30.728313253012047
11,5,Derrick Jones Jr.,0.0,MIA,PHI,-2.5,212.0,107.3,13,12.0,16.2,22.8,SF/PF,3800,1,14.0,13.0,101,103,-6%,5,5,7,25,24,26,16.2,19.3,11.6,27.1,37.5,25.8,6.8,17.8,4.67,17.3,22.5,4.6,17.55,4.635,25.0,5.666666666666667,18.35,17.0,15.795000000000002
11,6,Kelly Olynyk,0.0,MIA,PHI,-2.5,212.0,107.3,11,2.0,19.9,34.3,C,3600,1,16.0,14.0,101,103,-10%,9,6,6,24,19,20,19.9,18.0,7.3,28.6,23.8,13.5,3.8,16.8,4.65,0.0,0.0,0.0,8.4,2.325,21.0,7.0,16.44,18.73333333333333,0.0
11,7,Malik Monk,0.0,CHA,ORL,4.5,202.5,99.0,2,16.5,26.3,48.8,PG/SG,4400,1,22.0,12.0,100,105,1%,12,13,8,30,28,21,26.3,17.3,6.6,28.1,22.4,25.3,5.8,24.3,5.51,23.3,28.0,5.3,23.8,5.404999999999999,26.333333333333332,11.0,20.419999999999998,30.53333333333333,25.30632911392405
12,0,Jordan McLaughlin,0.0,MIN,SAC,1.0,225.5,112.3,21,9.8,13.9,17.8,PG,3000,1,0.0,0.0,100,109,-3%,5,5,5,19,20,17,13.9,13.7,6.1,21.2,19.2,16.8,5.6,14.3,4.75,12.9,17.5,4.3,13.600000000000001,4.525,18.666666666666668,5.0,13.7,13.833333333333334,12.750000000000002
12,1,DeMar DeRozan,0.0,SA,LAC,9.0,228.5,109.8,30,31.0,44.1,53.0,SG/SF,8700,1,27.0,22.0,105,105,0%,17,16,16,35,35,35,44.0,40.0,31.7,48.4,34.2,37.8,4.3,39.8,4.57,40.0,35.0,4.6,39.9,4.585,35.0,16.333333333333332,40.8,42.699999999999996,39.9
12,2,Harrison Barnes,0.0,SAC,MIN,-1.0,225.5,113.3,3,11.5,16.5,25.8,SF/PF,4300,1,18.0,13.0,105,108,6%,7,8,11,30,32,35,16.4,25.4,15.8,34.9,34.2,31.8,7.4,25.8,5.99,24.7,33.5,5.7,25.25,5.845000000000001,32.333333333333336,8.666666666666666,23.549999999999997,17.933333333333334,26.161082474226802
12,3,Paul George,0.0,LAC,SA,-9.0,228.5,118.8,1,19.0,36.3,57.3,SG/SF,7800,1,31.0,21.0,102,110,2%,14,17,18,22,30,31,40.3,40.5,27.3,53.8,31.2,47.0,6.0,38.0,4.87,31.4,24.5,4.0,34.7,4.4350000000000005,27.666666666666668,16.333333333333332,39.32000000000001,37.53333333333333,30.728313253012047
12,4,Devonte' Graham,0.0,CHA,ORL,4.5,202.5,99.0,2,18.5,28.3,36.3,PG,7500,1,26.0,16.0,100,105,-3%,12,12,15,36,35,36,28.3,37.8,27.5,48.1,36.2,25.8,3.4,35.3,4.7,35.1,36.0,4.7,35.2,4.7,35.666666666666664,13.0,35.379999999999995,27.7,35.52897196261683
12,5,Troy Brown Jr.,0.0,WAS,GS,-6.0,235.0,120.5,30,14.8,24.6,32.8,SF/PF,5200,1,17.0,14.0,103,110,4%,12,10,9,31,31,26,24.6,23.8,13.2,34.3,22.6,18.3,3.5,25.0,4.81,23.6,26.0,4.5,24.3,4.654999999999999,29.333333333333332,10.333333333333334,24.04,24.066666666666666,21.538636363636364
12,6,Christian Wood,0.0,DET,MEM,9.5,223.5,107.0,29,15.3,21.2,34.5,PF/C,4400,0,21.0,23.0,106,109,0%,8,8,6,15,18,17,21.1,20.2,8.4,32.0,34.3,32.8,7.5,18.5,4.2,20.9,18.0,4.8,19.7,4.5,16.666666666666668,7.333333333333333,20.28,23.666666666666668,21.276
12,7,Tyler Herro,0.0,MIA,PHI,-2.5,212.0,107.3,12,18.8,27.3,37.3,SG,4900,1,21.0,12.0,101,103,-6%,13,14,12,27,32,29,27.3,23.9,14.2,33.6,10.3,3.5,0.7,22.0,4.49,21.7,26.5,4.4,21.85,4.445,29.333333333333332,13.0,24.170000000000005,27.8,19.73948863636364
13,0,Collin Sexton,0.0,CLE,NY,-2.0,215.5,108.8,6,27.0,34.9,40.8,PG/SG,6600,1,27.0,16.0,101,110,1%,17,17,16,33,34,32,34.9,29.4,22.2,36.6,39.5,44.5,6.7,32.8,4.96,32.8,34.5,5.0,32.8,4.98,33.0,16.666666666666668,31.18,34.23333333333333,34.29090909090909
13,1,Alec Burks,0.0,GS,WAS,6.0,235.0,114.5,29,18.5,24.7,28.3,PG/SG,5300,1,24.0,16.0,105,114,7%,10,10,13,24,25,30,24.7,29.9,19.0,40.9,29.0,42.3,8.0,35.5,6.7,31.1,28.0,5.9,33.3,6.300000000000001,26.333333333333332,11.0,29.560000000000002,23.833333333333332,35.407594936708854
13,2,Cheick Diallo,0.0,PHO,BKN,2.5,224.5,111.0,30,0.8,9.0,21.3,PF/C,3000,0,0.0,0.0,104,106,-4%,5,3,3,17,12,10,8.9,9.0,0.3,17.6,13.7,15.0,5.0,14.8,4.92,13.2,15.0,4.4,14.0,4.66,13.0,3.6666666666666665,9.959999999999999,10.366666666666667,16.153846153846153
13,3,Wes Iwundu,0.0,ORL,CHA,-4.5,202.5,103.5,9,2.3,11.5,21.0,SF,3000,1,13.0,9.0,99,111,1%,4,4,4,14,18,18,11.4,11.5,4.9,18.0,22.2,17.0,5.7,16.8,5.58,15.7,25.0,5.2,16.25,5.390000000000001,16.666666666666668,4.0,12.41,11.6,24.375
13,4,Delon Wright,0.0,DAL,IND,5.5,211.5,103.0,17,5.0,23.0,38.5,PG/SG,5200,1,16.0,17.0,100,105,-2%,8,7,6,27,26,22,22.9,20.9,11.7,30.1,24.9,21.3,4.1,25.0,4.81,25.5,27.0,4.9,25.25,4.855,25.0,7.0,22.17,22.166666666666668,27.27
13,5,Paul George,0.0,LAC,SA,-9.0,228.5,118.8,1,19.0,36.3,57.3,SG/SF,7800,1,31.0,21.0,102,110,2%,14,17,18,22,30,31,40.3,40.5,27.3,53.8,31.2,47.0,6.0,38.0,4.87,31.4,24.5,4.0,34.7,4.4350000000000005,27.666666666666668,16.333333333333332,39.32000000000001,37.53333333333333,30.728313253012047
13,6,Al Horford,0.0,PHI,MIA,2.5,212.0,104.8,1,26.3,32.5,41.3,PF/C,6300,1,19.0,16.0,100,106,1%,11,11,12,30,31,31,32.5,31.0,22.3,39.6,22.2,13.0,2.1,29.5,4.68,28.8,30.5,4.6,29.15,4.64,30.666666666666668,11.333333333333334,30.909999999999997,33.36666666666667,28.99157608695652
13,7,Damian Jones,0.0,ATL,BOS,5.0,229.5,112.3,20,7.5,18.6,30.5,C,4400,1,12.0,16.0,102,103,-5%,7,4,4,28,20,17,18.6,14.2,6.0,22.3,17.1,7.5,1.7,22.8,5.17,22.5,28.0,5.1,22.65,5.135,21.666666666666668,5.0,16.75,18.866666666666667,29.27076923076923
14,0,Victor Oladipo,0.0,IND,DAL,-5.5,211.5,108.5,30,8.8,23.4,41.0,PG/SG,5900,1,0.0,0.0,101,109,-4%,11,11,11,22,22,22,15.0,15.0,12.2,17.8,23.1,14.5,2.5,27.8,4.7,25.3,25.0,4.3,26.55,4.5,22.0,11.0,17.31,24.400000000000002,30.170454545454543
14,1,Jaylen Brown,0.0,BOS,ATL,-5.0,229.5,117.3,14,25.5,36.7,47.3,SG/SF,7600,1,24.0,18.0,106,111,5%,18,16,15,32,35,34,36.6,35.5,26.0,45.1,32.6,28.8,3.8,38.8,5.1,39.5,36.0,5.2,39.15,5.15,33.666666666666664,16.333333333333332,36.47,36.5,41.86336633663367
14,2,Grant Williams,0.0,BOS,ATL,-5.0,229.5,117.3,20,6.8,16.0,25.0,SF/PF,3200,1,12.0,7.0,106,111,7%,4,4,3,18,18,15,15.7,9.7,2.8,16.6,24.5,28.5,8.9,13.3,4.14,9.8,13.0,3.1,11.55,3.62,17.0,3.6666666666666665,11.27,15.933333333333332,8.83235294117647
14,3,Ryan Broekhoff,0.0,DAL,IND,5.5,211.5,103.0,6,3.3,11.8,19.5,SG/SF,3400,1,0.0,0.0,100,105,-2%,7,4,3,21,13,10,11.8,8.8,2.0,15.7,19.4,15.3,4.5,15.5,4.56,16.1,21.0,4.7,15.8,4.63,14.666666666666666,4.666666666666667,10.819999999999999,11.533333333333333,22.622727272727275
14,4,Darius Garland,0.0,CLE,NY,-2.0,215.5,108.8,6,11.0,21.1,35.8,PG,5400,1,22.0,8.0,101,110,1%,16,14,12,34,33,30,21.1,21.3,13.3,29.3,39.3,28.3,5.2,26.8,4.95,25.7,34.5,4.8,26.25,4.875,32.333333333333336,14.0,22.25,22.633333333333336,28.009020618556697
14,5,Vince Carter,0.0,ATL,BOS,5.0,229.5,112.3,2,4.5,18.2,28.0,SF/PF,3500,1,17.0,7.0,102,103,-3%,10,7,6,24,18,15,18.1,11.3,3.8,18.8,18.5,12.5,3.6,17.0,4.86,17.0,23.5,4.9,17.0,4.880000000000001,19.0,7.666666666666667,13.8,16.900000000000002,21.026315789473685
14,6,Kelly Olynyk,0.0,MIA,PHI,-2.5,212.0,107.3,11,2.0,19.9,34.3,C,3600,1,16.0,14.0,101,103,-10%,9,6,6,24,19,20,19.9,18.0,7.3,28.6,23.8,13.5,3.8,16.8,4.65,0.0,0.0,0.0,8.4,2.325,21.0,7.0,16.44,18.73333333333333,0.0
14,7,Thomas Bryant,0.0,WAS,GS,-6.0,235.0,120.5,13,13.3,28.3,44.0,PF/C,5800,1,19.0,20.0,103,110,3%,11,9,9,24,23,25,28.3,27.8,16.4,39.2,29.4,28.3,4.9,28.0,4.83,25.0,22.0,4.3,26.5,4.5649999999999995,24.0,9.666666666666666,27.640000000000004,28.53333333333333,24.291666666666668
15,0,Goran Dragic,0.0,MIA,PHI,-2.5,212.0,107.3,16,22.0,30.6,46.5,PG,5500,1,26.0,16.0,101,103,-6%,11,12,12,31,30,28,30.6,28.9,20.1,37.8,25.9,40.8,7.4,27.0,4.91,26.7,27.5,4.9,26.85,4.905,29.666666666666668,11.666666666666666,28.85,33.03333333333333,24.889044943820224
15,1,Rodney McGruder,0.0,LAC,SA,-9.0,228.5,118.8,1,2.3,8.5,18.0,SG/SF,3100,1,10.0,6.0,102,110,-1%,2,3,4,17,16,17,8.4,9.6,2.8,16.4,12.8,8.3,2.7,9.0,2.9,6.7,11.5,2.2,7.85,2.55,16.666666666666668,3.0,9.01,9.6,5.416499999999999
15,2,Eric Paschall,0.0,GS,WAS,6.0,235.0,114.5,21,6.3,15.9,23.8,SF/PF,4100,1,21.0,14.0,105,114,4%,7,7,11,23,22,28,15.8,23.8,12.6,35.1,24.2,28.5,7.0,20.8,5.06,20.7,23.0,5.0,20.75,5.029999999999999,24.333333333333332,8.333333333333334,21.61,15.333333333333334,19.613013698630137
15,3,Cedi Osman,0.0,CLE,NY,-2.0,215.5,108.8,10,18.5,23.6,33.3,SF/PF,4200,1,17.0,11.0,101,110,2%,8,9,9,22,24,29,23.6,21.2,13.4,29.0,38.1,22.5,5.4,20.5,4.88,21.5,28.0,5.1,21.0,4.99,25.0,8.666666666666666,21.64,25.133333333333336,23.52
15,4,Ryan Broekhoff,0.0,DAL,IND,5.5,211.5,103.0,6,3.3,11.8,19.5,SG/SF,3400,1,0.0,0.0,100,105,-2%,7,4,3,21,13,10,11.8,8.8,2.0,15.7,19.4,15.3,4.5,15.5,4.56,16.1,21.0,4.7,15.8,4.63,14.666666666666666,4.666666666666667,10.819999999999999,11.533333333333333,22.622727272727275
15,5,LaMarcus Aldridge,0.0,SA,LAC,9.0,228.5,109.8,2,21.8,34.9,59.0,PF/C,6900,1,22.0,21.0,105,105,-5%,8,12,15,31,34,34,34.9,37.7,26.9,48.4,33.6,50.3,7.3,38.8,5.62,36.0,33.0,5.2,37.4,5.41,33.0,11.666666666666666,37.06,38.56666666666667,37.4
15,6,Domantas Sabonis,0.0,IND,DAL,-5.5,211.5,108.5,7,36.5,46.5,64.5,PF/C,9600,1,24.0,21.0,101,109,-1%,14,13,14,36,37,35,46.8,43.9,34.7,53.1,36.5,57.0,5.9,44.8,4.66,44.6,34.5,4.6,44.7,4.63,36.0,13.666666666666666,44.64,49.166666666666664,42.8375
15,7,Reggie Bullock,0.0,NY,CLE,2.0,215.5,106.8,18,11.5,15.3,20.8,SG/SF,3600,1,17.0,10.0,101,114,5%,8,8,9,22,25,25,15.3,17.0,10.8,23.2,24.7,16.0,4.4,16.8,4.65,19.3,26.0,5.4,18.05,5.025,24.0,8.333333333333334,16.869999999999997,15.866666666666667,19.554166666666667
16,0,Draymond Green,0.0,GS,WAS,6.0,235.0,114.5,29,15.5,34.4,48.8,PG/SF,6500,1,18.0,13.0,105,114,4%,7,7,8,27,29,29,34.4,29.8,18.5,41.2,33.2,42.0,6.5,35.0,5.38,33.5,30.0,5.2,34.25,5.29,28.333333333333332,7.333333333333333,31.630000000000003,32.9,36.26470588235294
16,1,Terrence Ross,0.0,ORL,CHA,-4.5,202.5,103.5,24,13.3,21.4,38.8,SG/SF,4700,1,22.0,13.0,99,111,2%,13,14,12,30,30,27,21.4,22.0,14.5,29.5,30.5,25.8,5.5,24.5,5.21,24.7,30.0,5.3,24.6,5.255,29.0,13.0,22.4,24.5,25.448275862068968
16,2,Semi Ojeleye,0.0,BOS,ATL,-5.0,229.5,117.3,8,6.3,13.7,20.0,PF,3200,1,8.0,8.0,106,111,7%,4,4,3,27,23,15,13.7,7.3,1.5,13.2,12.5,3.3,1.0,11.5,3.59,10.2,19.0,3.2,10.85,3.395,21.666666666666668,3.6666666666666665,9.31,13.333333333333334,9.514615384615384
16,3,Jae Crowder,0.0,MEM,DET,-9.5,223.5,116.5,7,10.5,19.8,33.3,SF,4800,2,16.0,11.0,101,110,5%,9,6,9,29,27,30,23.5,26.0,15.1,36.8,24.8,14.8,3.1,22.5,4.69,23.1,27.0,4.8,22.8,4.745,28.666666666666668,8.0,24.839999999999996,21.2,21.474418604651163
16,4,Kevin Huerter,0.0,ATL,BOS,5.0,229.5,112.3,28,18.0,24.7,34.0,SG,5400,1,18.0,12.0,102,103,-3%,10,9,10,36,36,29,24.6,25.2,15.0,35.4,38.6,34.3,6.4,29.3,5.42,29.8,37.5,5.5,29.55,5.46,33.666666666666664,9.666666666666666,25.95,25.566666666666666,32.91460396039604
16,5,Glenn Robinson III,0.0,GS,WAS,6.0,235.0,114.5,21,18.3,27.1,34.3,SF,5000,1,16.0,13.0,105,114,7%,12,10,11,27,30,32,27.1,23.9,16.0,31.8,31.6,42.0,8.4,25.3,5.05,25.0,30.5,5.0,25.15,5.025,29.666666666666668,11.0,24.79,26.566666666666666,25.8564606741573
16,6,Karl-Anthony Towns,0.0,MIN,SAC,1.0,225.5,112.3,22,39.5,53.1,64.5,C,10600,1,30.0,28.0,100,109,-5%,20,22,19,38,34,34,53.1,53.0,41.4,64.6,37.4,51.0,4.8,51.8,4.88,52.4,35.0,4.9,52.099999999999994,4.890000000000001,35.333333333333336,20.333333333333332,52.839999999999996,52.36666666666667,51.60849056603773
16,7,Damian Jones,0.0,ATL,BOS,5.0,229.5,112.3,20,7.5,18.6,30.5,C,4400,1,12.0,16.0,102,103,-5%,7,4,4,28,20,17,18.6,14.2,6.0,22.3,17.1,7.5,1.7,22.8,5.17,22.5,28.0,5.1,22.65,5.135,21.666666666666668,5.0,16.75,18.866666666666667,29.27076923076923
17,0,De'Aaron Fox,0.0,SAC,MIN,-1.0,225.5,113.3,23,31.3,43.5,61.8,PG,8200,1,31.0,21.0,105,108,4%,21,17,16,34,32,32,43.5,40.1,28.7,51.5,34.4,45.3,5.5,43.8,5.34,44.3,33.5,5.4,44.05,5.37,32.666666666666664,18.0,41.56999999999999,45.53333333333333,45.173724489795916
17,1,Landry Shamet,0.0,LAC,SA,-9.0,228.5,118.8,1,17.3,25.6,35.5,SG/SF,4500,1,13.0,9.0,102,110,-1%,8,11,8,32,36,29,25.6,18.1,10.8,25.4,28.4,8.3,1.8,22.3,4.94,16.1,27.0,3.6,19.200000000000003,4.2700000000000005,32.333333333333336,9.0,19.82,26.133333333333336,16.03298969072165
17,2,Meyers Leonard,0.0,MIA,PHI,-2.5,212.0,107.3,11,4.0,15.3,39.5,PF,4000,1,12.0,11.0,101,103,-10%,9,6,5,20,20,20,15.3,15.5,6.5,24.5,15.9,9.8,2.5,18.0,4.5,16.7,23.0,4.2,17.35,4.35,20.0,6.666666666666667,15.830000000000002,19.599999999999998,19.9525
17,3,Terrence Ross,0.0,ORL,CHA,-4.5,202.5,103.5,24,13.3,21.4,38.8,SG/SF,4700,1,22.0,13.0,99,111,2%,13,14,12,30,30,27,21.4,22.0,14.5,29.5,30.5,25.8,5.5,24.5,5.21,24.7,30.0,5.3,24.6,5.255,29.0,13.0,22.4,24.5,25.448275862068968
17,4,Tim Hardaway Jr.,0.0,DAL,IND,5.5,211.5,103.0,6,10.8,18.0,25.8,SG/SF,5600,1,21.0,14.0,100,105,-15%,12,11,12,29,30,27,18.0,22.7,12.6,32.8,33.4,38.5,6.9,25.8,4.6,25.5,30.5,4.6,25.65,4.6,28.666666666666668,11.666666666666666,22.35,18.2,27.290406976744187
17,5,Timothe Luwawu-Cabarrot,0.0,BKN,PHO,-2.5,224.5,113.5,8,1.3,6.6,15.8,SG/SF,3000,1,14.0,8.0,104,108,1%,1,2,4,5,6,15,6.5,9.3,2.0,16.5,24.8,22.3,7.4,7.5,2.5,9.5,13.5,3.2,8.5,2.85,8.666666666666666,2.3333333333333335,8.559999999999999,7.8999999999999995,13.240384615384617
17,6,Moritz Wagner,0.0,WAS,GS,-6.0,235.0,120.5,19,15.0,23.2,35.3,C,5100,1,21.0,19.0,103,110,1%,5,8,8,22,24,20,23.2,23.5,13.9,33.1,12.3,10.0,2.0,24.0,4.71,12.6,12.5,2.5,18.3,3.605,22.0,7.0,22.400000000000002,24.5,10.397727272727273
17,7,Kevin Huerter,0.0,ATL,BOS,5.0,229.5,112.3,28,18.0,24.7,34.0,SG,5400,1,18.0,12.0,102,103,-3%,10,9,10,36,36,29,24.6,25.2,15.0,35.4,38.6,34.3,6.4,29.3,5.42,29.8,37.5,5.5,29.55,5.46,33.666666666666664,9.666666666666666,25.95,25.566666666666666,32.91460396039604
18,0,Derrick White,0.0,SA,LAC,9.0,228.5,109.8,8,7.0,22.8,39.5,PG/SG,4600,1,18.0,15.0,105,105,1%,8,7,8,25,26,24,22.8,21.7,13.4,29.9,23.4,27.0,5.9,22.0,4.78,21.3,24.5,4.6,21.65,4.6899999999999995,25.0,7.666666666666667,21.890000000000004,23.099999999999998,21.217
18,1,Furkan Korkmaz,0.0,PHI,MIA,2.5,212.0,104.8,21,4.8,17.0,27.0,SG,3700,1,17.0,11.0,100,106,-1%,8,9,8,23,24,22,16.9,15.4,7.6,23.3,16.1,12.0,3.2,17.5,4.73,15.3,22.0,4.1,16.4,4.415,23.0,8.333333333333334,15.919999999999998,16.266666666666666,15.68695652173913
18,2,Thon Maker,0.0,DET,MEM,9.5,223.5,107.0,29,5.0,18.8,30.0,PF/C,3200,0,15.0,14.0,106,109,5%,3,4,3,10,16,11,18.8,9.5,1.7,17.2,14.6,6.3,2.0,3.8,1.17,10.1,11.5,3.2,6.949999999999999,2.185,12.333333333333334,3.3333333333333335,10.830000000000002,17.933333333333334,6.4804054054054046
18,3,Reggie Bullock,0.0,NY,CLE,2.0,215.5,106.8,18,11.5,15.3,20.8,SG/SF,3600,1,17.0,10.0,101,114,5%,8,8,9,22,25,25,15.3,17.0,10.8,23.2,24.7,16.0,4.4,16.8,4.65,19.3,26.0,5.4,18.05,5.025,24.0,8.333333333333334,16.869999999999997,15.866666666666667,19.554166666666667
18,4,Paul George,0.0,LAC,SA,-9.0,228.5,118.8,1,19.0,36.3,57.3,SG/SF,7800,1,31.0,21.0,102,110,2%,14,17,18,22,30,31,40.3,40.5,27.3,53.8,31.2,47.0,6.0,38.0,4.87,31.4,24.5,4.0,34.7,4.4350000000000005,27.666666666666668,16.333333333333332,39.32000000000001,37.53333333333333,30.728313253012047
18,5,Duncan Robinson,0.0,MIA,PHI,-2.5,212.0,107.3,12,15.8,23.9,33.3,SG/SF,4400,1,15.0,13.0,101,103,-6%,10,9,9,30,29,29,23.9,21.5,13.0,30.1,34.0,28.0,6.4,21.5,4.89,19.5,29.0,4.4,20.5,4.645,29.333333333333332,9.333333333333334,21.8,24.333333333333332,20.267045454545453
18,6,Joel Embiid,0.0,PHI,MIA,2.5,212.0,104.8,28,20.8,38.6,47.0,C,9200,1,31.0,25.0,100,106,-6%,13,14,16,29,30,31,38.6,47.7,35.5,59.8,32.8,50.0,5.4,46.0,5.0,46.5,32.5,5.1,46.25,5.05,30.0,14.333333333333334,45.57000000000001,35.46666666666667,50.10416666666667
18,7,Devonte' Graham,0.0,CHA,ORL,4.5,202.5,99.0,2,18.5,28.3,36.3,PG,7500,1,26.0,16.0,100,105,-3%,12,12,15,36,35,36,28.3,37.8,27.5,48.1,36.2,25.8,3.4,35.3,4.7,35.1,36.0,4.7,35.2,4.7,35.666666666666664,13.0,35.379999999999995,27.7,35.52897196261683
19,0,Brandon Goodwin,0.0,ATL,BOS,5.0,229.5,112.3,3,4.3,17.2,28.3,PG,3200,1,0.0,0.0,102,103,-10%,7,9,6,17,16,13,17.1,13.1,2.4,23.8,16.9,11.3,3.5,14.3,4.45,13.7,17.0,4.3,14.0,4.375,15.333333333333334,7.333333333333333,14.080000000000002,16.599999999999998,15.521739130434781
19,1,DeMar DeRozan,0.0,SA,LAC,9.0,228.5,109.8,30,31.0,44.1,53.0,SG/SF,8700,1,27.0,22.0,105,105,0%,17,16,16,35,35,35,44.0,40.0,31.7,48.4,34.2,37.8,4.3,39.8,4.57,40.0,35.0,4.6,39.9,4.585,35.0,16.333333333333332,40.8,42.699999999999996,39.9
19,2,Justin Jackson,0.0,DAL,IND,5.5,211.5,103.0,8,-0.5,11.0,21.5,SF/PF,3100,1,16.0,10.0,100,105,-15%,7,7,6,22,22,17,14.5,11.5,5.0,17.9,13.3,6.0,1.9,12.5,4.03,11.4,16.0,3.7,11.95,3.865,20.333333333333332,6.666666666666667,12.169999999999998,10.666666666666666,9.40327868852459
19,3,Rodions Kurucs,0.0,BKN,PHO,-2.5,224.5,113.5,12,1.0,10.9,22.8,SF/PF,3000,1,15.0,9.0,104,108,-2%,5,4,4,12,14,13,10.8,9.8,2.9,16.6,3.2,7.0,2.3,7.3,2.42,0.0,0.0,0.0,3.65,1.21,13.0,4.333333333333333,8.75,11.566666666666668,0.0
19,4,Collin Sexton,0.0,CLE,NY,-2.0,215.5,108.8,6,27.0,34.9,40.8,PG/SG,6600,1,27.0,16.0,101,110,1%,17,17,16,33,34,32,34.9,29.4,22.2,36.6,39.5,44.5,6.7,32.8,4.96,32.8,34.5,5.0,32.8,4.98,33.0,16.666666666666668,31.18,34.23333333333333,34.29090909090909
19,5,James Ennis III,0.0,PHI,MIA,2.5,212.0,104.8,28,2.8,4.0,5.5,SF/PF,3100,1,16.0,13.0,100,106,-2%,2,2,5,6,6,16,4.7,12.8,5.7,19.8,16.8,8.3,2.7,4.8,1.53,0.0,0.0,0.0,2.4,0.765,9.333333333333334,3.0,9.08,4.1000000000000005,0.0
19,6,Dewayne Dedmon,0.0,SAC,MIN,-1.0,225.5,113.3,3,10.8,22.1,41.8,C,4700,1,18.0,9.0,105,108,0%,8,7,5,27,24,15,22.1,13.4,4.6,22.1,34.9,35.5,7.6,24.5,5.21,21.8,22.5,4.6,23.15,4.904999999999999,22.0,6.666666666666667,17.07,24.900000000000002,23.676136363636363
19,7,T.J. McConnell,0.0,IND,DAL,-5.5,211.5,108.5,30,7.5,23.2,40.5,PG,4100,1,20.0,17.0,101,109,-5%,3,6,6,16,23,19,22.9,19.4,11.2,27.6,16.5,20.3,5.0,16.0,3.9,14.7,15.5,3.6,15.35,3.75,19.333333333333332,5.0,19.29,23.733333333333334,12.30646551724138
22,0,Alec Burks,0.0,GS,WAS,6.0,235.0,114.5,29,18.5,24.7,28.3,PG/SG,5300,1,24.0,16.0,105,114,7%,10,10,13,24,25,30,24.7,29.9,19.0,40.9,29.0,42.3,8.0,35.5,6.7,31.1,28.0,5.9,33.3,6.300000000000001,26.333333333333332,11.0,29.560000000000002,23.833333333333332,35.407594936708854
22,1,Mikal Bridges,0.0,PHO,BKN,2.5,224.5,111.0,20,12.0,22.4,31.0,SG/SF,4500,0,12.0,12.0,104,106,-12%,7,7,6,33,31,25,22.6,18.2,9.0,27.4,36.2,37.0,8.2,23.5,5.22,23.4,33.5,5.2,23.45,5.21,29.666666666666668,6.666666666666667,20.13,21.8,26.48005617977528
22,2,James Ennis III,0.0,PHI,MIA,2.5,212.0,104.8,28,2.8,4.0,5.5,SF/PF,3100,1,16.0,13.0,100,106,-2%,2,2,5,6,6,16,4.7,12.8,5.7,19.8,16.8,8.3,2.7,4.8,1.53,0.0,0.0,0.0,2.4,0.765,9.333333333333334,3.0,9.08,4.1000000000000005,0.0
22,3,Bogdan Bogdanovic,0.0,SAC,MIN,-1.0,225.5,113.3,29,14.0,23.4,35.8,SG/SF,5300,1,23.0,14.0,105,108,2%,7,11,12,26,28,28,23.4,26.0,15.6,36.4,31.1,31.5,5.9,25.0,4.72,26.7,28.0,5.0,25.85,4.859999999999999,27.333333333333332,10.0,25.45,24.399999999999995,26.480487804878052
22,4,Gary Payton II,0.0,WAS,GS,-6.0,235.0,120.5,9,3.8,9.8,20.8,PG/SG,3100,1,14.0,12.0,103,110,8%,5,4,5,18,14,20,9.8,16.7,5.6,27.8,11.5,1.5,0.5,13.5,4.35,12.0,13.5,3.9,12.75,4.125,17.333333333333332,4.666666666666667,14.530000000000001,11.466666666666669,9.930288461538462
22,5,Cheick Diallo,0.0,PHO,BKN,2.5,224.5,111.0,30,0.8,9.0,21.3,PF/C,3000,0,0.0,0.0,104,106,-4%,5,3,3,17,12,10,8.9,9.0,0.3,17.6,13.7,15.0,5.0,14.8,4.92,13.2,15.0,4.4,14.0,4.66,13.0,3.6666666666666665,9.959999999999999,10.366666666666667,16.153846153846153
22,6,Trey Lyles,0.0,SA,LAC,9.0,228.5,109.8,2,0.0,13.7,24.5,PF/C,3700,1,13.0,12.0,105,105,-5%,6,5,5,20,18,18,13.7,15.2,7.6,22.8,25.8,19.3,5.2,17.3,4.66,13.9,16.5,3.8,15.600000000000001,4.23,18.666666666666668,5.333333333333333,14.98,12.733333333333334,13.789285714285715
22,7,Patty Mills,0.0,SA,LAC,9.0,228.5,109.8,8,19.3,24.6,36.3,PG/SG,4200,1,20.0,15.0,105,105,1%,11,11,9,22,24,24,24.6,20.0,11.2,28.7,24.7,28.5,6.8,20.8,4.94,17.4,22.0,4.1,19.1,4.52,23.333333333333332,10.333333333333334,20.72,26.733333333333334,18.008571428571432
23,0,Ja Morant,0.0,MEM,DET,-9.5,223.5,116.5,28,21.3,36.3,44.3,PG,6800,2,27.0,18.0,101,110,2%,13,13,14,27,30,30,36.3,34.4,23.9,45.0,27.0,24.5,3.6,33.8,4.96,36.5,31.5,5.4,35.15,5.18,29.0,13.333333333333334,34.95,33.96666666666666,38.1801724137931
23,1,Jeff Teague,0.0,ATL,BOS,5.0,229.5,112.3,3,6.8,16.7,24.5,PG/SG,3900,1,20.0,15.0,102,103,-10%,9,7,9,25,24,27,19.1,26.4,16.0,36.8,36.5,35.3,9.1,24.3,6.22,25.6,29.5,6.6,24.950000000000003,6.41,25.333333333333332,8.333333333333334,24.65,16.0,29.053618421052636
23,2,Kyle O'Quinn,0.0,PHI,MIA,2.5,212.0,104.8,1,0.0,11.9,27.5,PF/C,3800,1,0.0,0.0,100,106,-6%,4,3,3,11,10,10,11.3,11.4,1.4,21.4,4.4,12.5,3.3,17.5,4.61,0.0,0.0,0.0,8.75,2.305,10.333333333333334,3.3333333333333335,10.85,13.133333333333333,0.0
23,3,Ryan Broekhoff,0.0,DAL,IND,5.5,211.5,103.0,6,3.3,11.8,19.5,SG/SF,3400,1,0.0,0.0,100,105,-2%,7,4,3,21,13,10,11.8,8.8,2.0,15.7,19.4,15.3,4.5,15.5,4.56,16.1,21.0,4.7,15.8,4.63,14.666666666666666,4.666666666666667,10.819999999999999,11.533333333333333,22.622727272727275
23,4,Rodney McGruder,0.0,LAC,SA,-9.0,228.5,118.8,1,2.3,8.5,18.0,SG/SF,3100,1,10.0,6.0,102,110,-1%,2,3,4,17,16,17,8.4,9.6,2.8,16.4,12.8,8.3,2.7,9.0,2.9,6.7,11.5,2.2,7.85,2.55,16.666666666666668,3.0,9.01,9.6,5.416499999999999
23,5,DeMar DeRozan,0.0,SA,LAC,9.0,228.5,109.8,30,31.0,44.1,53.0,SG/SF,8700,1,27.0,22.0,105,105,0%,17,16,16,35,35,35,44.0,40.0,31.7,48.4,34.2,37.8,4.3,39.8,4.57,40.0,35.0,4.6,39.9,4.585,35.0,16.333333333333332,40.8,42.699999999999996,39.9
23,6,Cheick Diallo,0.0,PHO,BKN,2.5,224.5,111.0,30,0.8,9.0,21.3,PF/C,3000,0,0.0,0.0,104,106,-4%,5,3,3,17,12,10,8.9,9.0,0.3,17.6,13.7,15.0,5.0,14.8,4.92,13.2,15.0,4.4,14.0,4.66,13.0,3.6666666666666665,9.959999999999999,10.366666666666667,16.153846153846153
23,7,Miles Bridges,0.0,CHA,ORL,4.5,202.5,99.0,22,5.5,23.8,40.5,SF/PF,5800,1,19.0,12.0,100,105,-5%,18,12,11,36,29,31,23.8,25.0,15.0,34.9,34.7,34.0,5.9,27.8,4.78,29.0,35.0,5.0,28.4,4.890000000000001,32.0,13.666666666666666,25.419999999999998,23.266666666666666,31.0625
24,0,Ben Simmons,0.0,PHI,MIA,2.5,212.0,104.8,1,30.5,45.5,59.5,PG/SF,9100,1,22.0,21.0,100,106,-9%,15,12,12,40,37,37,45.5,44.5,33.2,55.9,34.0,34.5,3.8,42.5,4.67,42.0,38.0,4.6,42.25,4.635,38.0,13.0,44.27,45.166666666666664,42.25
24,1,Jaylen Brown,0.0,BOS,ATL,-5.0,229.5,117.3,14,25.5,36.7,47.3,SG/SF,7600,1,24.0,18.0,106,111,5%,18,16,15,32,35,34,36.6,35.5,26.0,45.1,32.6,28.8,3.8,38.8,5.1,39.5,36.0,5.2,39.15,5.15,33.666666666666664,16.333333333333332,36.47,36.5,41.86336633663367
24,2,Miles Bridges,0.0,CHA,ORL,4.5,202.5,99.0,22,5.5,23.8,40.5,SF/PF,5800,1,19.0,12.0,100,105,-5%,18,12,11,36,29,31,23.8,25.0,15.0,34.9,34.7,34.0,5.9,27.8,4.78,29.0,35.0,5.0,28.4,4.890000000000001,32.0,13.666666666666666,25.419999999999998,23.266666666666666,31.0625
24,3,Andrew Wiggins,0.0,MIN,SAC,1.0,225.5,112.3,22,23.3,40.9,63.8,SG/SF,7000,1,28.0,17.0,100,109,2%,16,18,19,35,34,35,40.9,38.2,27.6,48.8,35.5,26.5,3.8,34.8,4.96,36.5,34.5,5.2,35.65,5.08,34.666666666666664,17.666666666666668,38.230000000000004,42.666666666666664,35.47860576923077
24,4,Jordan Poole,0.0,GS,WAS,6.0,235.0,114.5,25,6.0,9.8,11.8,SG/SF,3000,1,20.0,5.0,105,114,6%,5,5,8,16,17,21,9.8,14.3,6.5,22.1,14.1,3.0,1.0,18.5,6.17,16.3,21.0,5.4,17.4,5.785,18.0,6.0,14.02,9.200000000000001,20.299999999999997
24,5,Troy Brown Jr.,0.0,WAS,GS,-6.0,235.0,120.5,30,14.8,24.6,32.8,SF/PF,5200,1,17.0,14.0,103,110,4%,12,10,9,31,31,26,24.6,23.8,13.2,34.3,22.6,18.3,3.5,25.0,4.81,23.6,26.0,4.5,24.3,4.654999999999999,29.333333333333332,10.333333333333334,24.04,24.066666666666666,21.538636363636364
24,6,Rui Hachimura,0.0,WAS,GS,-6.0,235.0,120.5,13,9.0,24.4,39.5,PF/C,5100,1,19.0,14.0,103,110,1%,7,12,12,23,31,29,24.4,25.2,14.7,35.6,25.9,20.0,3.9,15.0,2.94,15.6,17.5,3.1,15.3,3.02,27.666666666666668,10.333333333333334,23.04,24.3,9.677710843373493
24,7,Jevon Carter,0.0,PHO,BKN,2.5,224.5,111.0,7,3.0,14.9,30.5,PG/SG,3000,0,14.0,9.0,104,106,9%,6,4,4,20,15,14,14.8,10.6,2.8,18.5,23.8,7.5,2.5,15.3,5.08,13.8,18.5,4.6,14.55,4.84,16.333333333333332,4.666666666666667,12.25,16.133333333333333,16.48010204081633
25,0,Aaron Holiday,0.0,IND,DAL,-5.5,211.5,108.5,30,3.8,17.8,31.0,PG/SG,4400,1,21.0,14.0,101,109,-5%,10,9,9,28,22,24,17.8,21.4,10.3,32.6,24.4,18.0,4.1,16.5,3.75,20.1,25.0,4.6,18.3,4.175,24.666666666666668,9.333333333333334,20.080000000000002,17.533333333333335,18.5472972972973
25,1,Jevon Carter,0.0,PHO,BKN,2.5,224.5,111.0,7,3.0,14.9,30.5,PG/SG,3000,0,14.0,9.0,104,106,9%,6,4,4,20,15,14,14.8,10.6,2.8,18.5,23.8,7.5,2.5,15.3,5.08,13.8,18.5,4.6,14.55,4.84,16.333333333333332,4.666666666666667,12.25,16.133333333333333,16.48010204081633
25,2,Meyers Leonard,0.0,MIA,PHI,-2.5,212.0,107.3,11,4.0,15.3,39.5,PF,4000,1,12.0,11.0,101,103,-10%,9,6,5,20,20,20,15.3,15.5,6.5,24.5,15.9,9.8,2.5,18.0,4.5,16.7,23.0,4.2,17.35,4.35,20.0,6.666666666666667,15.830000000000002,19.599999999999998,19.9525
25,3,Kelly Oubre Jr.,0.0,PHO,BKN,2.5,224.5,111.0,1,30.5,38.7,46.8,SF/PF,7100,0,21.0,15.0,104,106,-12%,18,17,15,38,36,35,38.6,34.8,24.4,45.2,38.4,29.3,4.1,36.8,5.18,35.3,37.0,5.0,36.05,5.09,36.333333333333336,16.666666666666668,35.81,38.666666666666664,36.711467889908256
25,4,Dennis Smith Jr.,0.0,NY,CLE,2.0,215.5,106.8,27,0.8,10.3,19.0,PG,3600,1,23.0,6.0,101,114,6%,8,5,6,20,13,16,10.3,13.0,4.1,21.9,20.0,35.3,9.8,16.0,4.44,14.5,15.5,4.0,15.25,4.220000000000001,16.333333333333332,6.333333333333333,12.910000000000002,10.033333333333333,14.471938775510205
25,5,James Ennis III,0.0,PHI,MIA,2.5,212.0,104.8,28,2.8,4.0,5.5,SF/PF,3100,1,16.0,13.0,100,106,-2%,2,2,5,6,6,16,4.7,12.8,5.7,19.8,16.8,8.3,2.7,4.8,1.53,0.0,0.0,0.0,2.4,0.765,9.333333333333334,3.0,9.08,4.1000000000000005,0.0
25,6,Daniel Theis,0.0,BOS,ATL,-5.0,229.5,117.3,23,13.3,26.1,32.8,C,5600,1,14.0,17.0,106,111,7%,3,7,6,26,29,23,26.1,23.0,15.9,30.2,19.2,13.5,2.4,23.3,4.15,25.7,25.0,4.6,24.5,4.375,26.0,5.333333333333333,23.94,24.066666666666666,23.557692307692307
25,7,Caris LeVert,0.0,BKN,PHO,-2.5,224.5,113.5,20,11.8,15.6,19.5,PG/SF,4700,1,27.0,10.0,104,108,1%,7,9,13,20,22,26,15.6,23.8,15.3,32.4,32.0,45.8,9.7,25.8,5.48,28.1,28.5,6.0,26.950000000000003,5.74,22.666666666666668,9.666666666666666,22.81,15.633333333333333,33.88566176470588
26,0,Terry Rozier,0.0,CHA,ORL,4.5,202.5,99.0,2,17.0,30.2,46.5,PG/SG,6700,1,25.0,15.0,100,105,-3%,17,14,15,36,35,35,30.2,32.9,21.9,43.9,35.2,25.3,3.8,32.3,4.81,32.8,35.5,4.9,32.55,4.855,35.333333333333336,15.333333333333334,32.29,31.233333333333334,32.70353773584905
26,1,Rodney McGruder,0.0,LAC,SA,-9.0,228.5,118.8,1,2.3,8.5,18.0,SG/SF,3100,1,10.0,6.0,102,110,-1%,2,3,4,17,16,17,8.4,9.6,2.8,16.4,12.8,8.3,2.7,9.0,2.9,6.7,11.5,2.2,7.85,2.55,16.666666666666668,3.0,9.01,9.6,5.416499999999999
26,2,Mike Scott,0.0,PHI,MIA,2.5,212.0,104.8,1,4.0,11.0,18.5,PF,3400,1,14.0,9.0,100,106,1%,8,5,5,18,15,18,11.0,12.1,5.7,18.5,18.4,22.8,6.7,12.8,3.75,8.3,11.5,2.4,10.55,3.075,17.0,6.0,11.570000000000002,11.166666666666666,7.136764705882353
26,3,Wes Iwundu,0.0,ORL,CHA,-4.5,202.5,103.5,9,2.3,11.5,21.0,SF,3000,1,13.0,9.0,99,111,1%,4,4,4,14,18,18,11.4,11.5,4.9,18.0,22.2,17.0,5.7,16.8,5.58,15.7,25.0,5.2,16.25,5.390000000000001,16.666666666666668,4.0,12.41,11.6,24.375
26,4,Ryan Broekhoff,0.0,DAL,IND,5.5,211.5,103.0,6,3.3,11.8,19.5,SG/SF,3400,1,0.0,0.0,100,105,-2%,7,4,3,21,13,10,11.8,8.8,2.0,15.7,19.4,15.3,4.5,15.5,4.56,16.1,21.0,4.7,15.8,4.63,14.666666666666666,4.666666666666667,10.819999999999999,11.533333333333333,22.622727272727275
26,5,Caris LeVert,0.0,BKN,PHO,-2.5,224.5,113.5,20,11.8,15.6,19.5,PG/SF,4700,1,27.0,10.0,104,108,1%,7,9,13,20,22,26,15.6,23.8,15.3,32.4,32.0,45.8,9.7,25.8,5.48,28.1,28.5,6.0,26.950000000000003,5.74,22.666666666666668,9.666666666666666,22.81,15.633333333333333,33.88566176470588
26,6,Trey Lyles,0.0,SA,LAC,9.0,228.5,109.8,2,0.0,13.7,24.5,PF/C,3700,1,13.0,12.0,105,105,-5%,6,5,5,20,18,18,13.7,15.2,7.6,22.8,25.8,19.3,5.2,17.3,4.66,13.9,16.5,3.8,15.600000000000001,4.23,18.666666666666668,5.333333333333333,14.98,12.733333333333334,13.789285714285715
26,7,Kelly Oubre Jr.,0.0,PHO,BKN,2.5,224.5,111.0,1,30.5,38.7,46.8,SF/PF,7100,0,21.0,15.0,104,106,-12%,18,17,15,38,36,35,38.6,34.8,24.4,45.2,38.4,29.3,4.1,36.8,5.18,35.3,37.0,5.0,36.05,5.09,36.333333333333336,16.666666666666668,35.81,38.666666666666664,36.711467889908256
27,0,Devin Booker,0.0,PHO,BKN,2.5,224.5,111.0,7,35.3,49.3,57.5,PG/SG,8600,0,30.0,21.0,104,106,0%,17,19,18,37,37,36,49.3,43.4,31.2,55.5,31.6,22.5,2.6,43.0,5.0,44.8,37.5,5.2,43.9,5.1,36.666666666666664,18.0,44.66,47.36666666666667,44.89772727272727
27,1,Jarrett Culver,0.0,MIN,SAC,1.0,225.5,112.3,21,8.8,13.1,16.5,PG/SG,4100,1,20.0,9.0,100,109,-3%,6,6,10,24,24,25,13.1,19.8,9.6,29.9,17.6,9.8,2.4,18.5,4.51,20.8,25.5,5.1,19.65,4.805,24.333333333333332,7.333333333333333,18.409999999999997,12.799999999999999,20.59212328767123
27,2,Domantas Sabonis,0.0,IND,DAL,-5.5,211.5,108.5,7,36.5,46.5,64.5,PF/C,9600,1,24.0,21.0,101,109,-1%,14,13,14,36,37,35,46.8,43.9,34.7,53.1,36.5,57.0,5.9,44.8,4.66,44.6,34.5,4.6,44.7,4.63,36.0,13.666666666666666,44.64,49.166666666666664,42.8375
27,3,Matisse Thybulle,0.0,PHI,MIA,2.5,212.0,104.8,21,9.0,14.4,20.8,SG/SF,3700,1,12.0,10.0,100,106,-9%,4,6,4,21,26,21,14.3,13.8,5.3,22.3,15.3,8.3,2.2,15.5,4.19,14.1,23.0,3.8,14.8,3.995,22.666666666666668,4.666666666666667,14.1,14.733333333333334,15.01764705882353
27,4,De'Anthony Melton,0.0,MEM,DET,-9.5,223.5,116.5,28,11.8,18.2,27.0,PG/SG,3600,2,21.0,17.0,101,110,2%,7,7,6,18,21,18,18.1,20.4,11.5,29.3,14.1,5.0,1.4,17.0,4.72,19.4,19.5,5.4,18.2,5.0600000000000005,19.0,6.666666666666667,19.5,19.0,18.678947368421053
27,5,Cheick Diallo,0.0,PHO,BKN,2.5,224.5,111.0,30,0.8,9.0,21.3,PF/C,3000,0,0.0,0.0,104,106,-4%,5,3,3,17,12,10,8.9,9.0,0.3,17.6,13.7,15.0,5.0,14.8,4.92,13.2,15.0,4.4,14.0,4.66,13.0,3.6666666666666665,9.959999999999999,10.366666666666667,16.153846153846153
27,6,Myles Turner,0.0,IND,DAL,-5.5,211.5,108.5,12,8.0,21.5,30.3,C,4900,1,17.0,15.0,101,109,-1%,6,7,10,31,27,30,21.2,27.3,17.5,37.2,33.6,28.8,5.9,28.3,5.77,27.3,29.0,5.6,27.8,5.685,29.333333333333332,7.666666666666667,26.2,19.933333333333334,27.48409090909091
27,7,Lonnie Walker IV,0.0,SA,LAC,9.0,228.5,109.8,30,6.8,12.2,17.8,SG/SF,3000,1,20.0,12.0,105,105,0%,4,4,5,17,16,13,12.2,10.5,1.4,19.6,20.8,6.5,2.2,13.8,4.58,12.0,15.5,4.0,12.9,4.29,15.333333333333334,4.333333333333333,11.319999999999999,12.266666666666666,13.040217391304349
30,0,Darius Garland,0.0,CLE,NY,-2.0,215.5,108.8,6,11.0,21.1,35.8,PG,5400,1,22.0,8.0,101,110,1%,16,14,12,34,33,30,21.1,21.3,13.3,29.3,39.3,28.3,5.2,26.8,4.95,25.7,34.5,4.8,26.25,4.875,32.333333333333336,14.0,22.25,22.633333333333336,28.009020618556697
30,1,Aaron Holiday,0.0,IND,DAL,-5.5,211.5,108.5,30,3.8,17.8,31.0,PG/SG,4400,1,21.0,14.0,101,109,-5%,10,9,9,28,22,24,17.8,21.4,10.3,32.6,24.4,18.0,4.1,16.5,3.75,20.1,25.0,4.6,18.3,4.175,24.666666666666668,9.333333333333334,20.080000000000002,17.533333333333335,18.5472972972973
30,2,Bobby Portis,0.0,NY,CLE,2.0,215.5,106.8,19,5.8,13.7,20.5,PF/C,3700,1,21.0,14.0,101,114,2%,6,6,9,18,20,21,13.7,20.7,10.6,30.7,28.3,15.3,4.1,18.5,5.0,17.2,18.0,4.6,17.85,4.8,19.666666666666668,7.0,18.709999999999997,13.333333333333334,16.337288135593223
30,3,Jimmy Butler,0.0,MIA,PHI,-2.5,212.0,107.3,12,34.8,39.5,50.3,SG/SF,8100,1,26.0,24.0,101,103,-4%,15,13,13,35,33,35,39.5,42.6,33.0,52.3,28.6,56.8,7.0,39.3,4.85,41.0,34.5,5.1,40.15,4.975,34.333333333333336,13.666666666666666,41.51,41.53333333333333,40.34490291262136
30,4,Josh Okogie,0.0,MIN,SAC,1.0,225.5,112.3,22,10.3,19.6,35.5,SG/SF,3900,1,16.0,11.0,100,109,6%,8,8,7,26,24,24,19.6,18.6,10.4,26.8,26.4,22.0,5.6,18.3,4.68,17.5,23.0,4.5,17.9,4.59,24.666666666666668,7.666666666666667,18.660000000000004,21.8,16.69054054054054
30,5,Harrison Barnes,0.0,SAC,MIN,-1.0,225.5,113.3,3,11.5,16.5,25.8,SF/PF,4300,1,18.0,13.0,105,108,6%,7,8,11,30,32,35,16.4,25.4,15.8,34.9,34.2,31.8,7.4,25.8,5.99,24.7,33.5,5.7,25.25,5.845000000000001,32.333333333333336,8.666666666666666,23.549999999999997,17.933333333333334,26.161082474226802
30,6,Al Horford,0.0,PHI,MIA,2.5,212.0,104.8,1,26.3,32.5,41.3,PF/C,6300,1,19.0,16.0,100,106,1%,11,11,12,30,31,31,32.5,31.0,22.3,39.6,22.2,13.0,2.1,29.5,4.68,28.8,30.5,4.6,29.15,4.64,30.666666666666668,11.333333333333334,30.909999999999997,33.36666666666667,28.99157608695652
30,7,Jonas Valanciunas,0.0,MEM,DET,-9.5,223.5,116.5,30,23.0,34.2,48.0,C,7100,2,22.0,22.0,101,110,0%,13,12,11,29,29,26,34.2,34.3,22.6,46.0,30.0,59.8,8.4,34.3,4.82,38.4,28.5,5.4,36.349999999999994,5.11,28.0,12.0,34.69,35.06666666666667,36.999107142857135
31,0,Shake Milton,0.0,PHI,MIA,2.5,212.0,104.8,1,16.8,25.7,46.3,PG/SG,5100,1,0.0,0.0,100,106,-1%,10,8,5,32,28,14,25.6,12.2,0.2,24.3,29.9,16.5,3.2,21.0,4.12,19.7,26.5,3.9,20.35,4.01,24.666666666666668,7.666666666666667,16.53,29.599999999999998,21.8625
31,1,DeMar DeRozan,0.0,SA,LAC,9.0,228.5,109.8,30,31.0,44.1,53.0,SG/SF,8700,1,27.0,22.0,105,105,0%,17,16,16,35,35,35,44.0,40.0,31.7,48.4,34.2,37.8,4.3,39.8,4.57,40.0,35.0,4.6,39.9,4.585,35.0,16.333333333333332,40.8,42.699999999999996,39.9
31,2,Josh Jackson,0.0,MEM,DET,-9.5,223.5,116.5,7,4.3,30.8,60.3,SF/PF,3300,2,0.0,0.0,101,110,0%,8,8,8,17,17,17,14.3,14.3,0.1,28.4,11.7,9.5,2.9,4.8,1.44,0.0,0.0,0.0,2.4,0.72,17.0,8.0,11.9,31.8,0.0
31,3,Robert Covington,0.0,MIN,SAC,1.0,225.5,112.3,19,20.3,26.4,33.8,SF/PF,5500,1,17.0,14.0,100,109,2%,10,10,10,32,32,30,26.4,28.1,19.8,36.3,30.4,37.0,6.7,26.5,4.82,27.9,31.5,5.1,27.2,4.96,31.333333333333332,10.0,27.559999999999995,26.833333333333332,27.34468085106383
31,4,Brad Wanamaker,0.0,BOS,ATL,-5.0,229.5,117.3,25,-0.5,11.3,25.8,PG/SG,3600,1,17.0,12.0,106,111,0%,6,5,5,20,15,20,11.3,15.0,8.6,21.4,27.5,35.3,9.8,22.5,6.25,20.4,26.0,5.7,21.45,5.975,18.333333333333332,5.333333333333333,15.55,12.200000000000001,30.419999999999998
31,5,Domantas Sabonis,0.0,IND,DAL,-5.5,211.5,108.5,7,36.5,46.5,64.5,PF/C,9600,1,24.0,21.0,101,109,-1%,14,13,14,36,37,35,46.8,43.9,34.7,53.1,36.5,57.0,5.9,44.8,4.66,44.6,34.5,4.6,44.7,4.63,36.0,13.666666666666666,44.64,49.166666666666664,42.8375
31,6,Harry Giles III,0.0,SAC,MIN,-1.0,225.5,113.3,20,3.3,15.5,27.0,PF/C,3500,1,0.0,0.0,105,108,-1%,4,4,4,10,13,11,15.5,11.9,4.3,19.6,12.9,6.3,1.8,17.0,4.86,0.0,0.0,0.0,8.5,2.43,11.333333333333334,4.0,11.959999999999999,15.266666666666666,0.0
31,7,Jae Crowder,0.0,MEM,DET,-9.5,223.5,116.5,7,10.5,19.8,33.3,SF,4800,2,16.0,11.0,101,110,5%,9,6,9,29,27,30,23.5,26.0,15.1,36.8,24.8,14.8,3.1,22.5,4.69,23.1,27.0,4.8,22.8,4.745,28.666666666666668,8.0,24.839999999999996,21.2,21.474418604651163
32,0,Malik Monk,0.0,CHA,ORL,4.5,202.5,99.0,2,16.5,26.3,48.8,PG/SG,4400,1,22.0,12.0,100,105,1%,12,13,8,30,28,21,26.3,17.3,6.6,28.1,22.4,25.3,5.8,24.3,5.51,23.3,28.0,5.3,23.8,5.404999999999999,26.333333333333332,11.0,20.419999999999998,30.53333333333333,25.30632911392405
32,1,Furkan Korkmaz,0.0,PHI,MIA,2.5,212.0,104.8,21,4.8,17.0,27.0,SG,3700,1,17.0,11.0,100,106,-1%,8,9,8,23,24,22,16.9,15.4,7.6,23.3,16.1,12.0,3.2,17.5,4.73,15.3,22.0,4.1,16.4,4.415,23.0,8.333333333333334,15.919999999999998,16.266666666666666,15.68695652173913
32,2,Rui Hachimura,0.0,WAS,GS,-6.0,235.0,120.5,13,9.0,24.4,39.5,PF/C,5100,1,19.0,14.0,103,110,1%,7,12,12,23,31,29,24.4,25.2,14.7,35.6,25.9,20.0,3.9,15.0,2.94,15.6,17.5,3.1,15.3,3.02,27.666666666666668,10.333333333333334,23.04,24.3,9.677710843373493
32,3,Mikal Bridges,0.0,PHO,BKN,2.5,224.5,111.0,20,12.0,22.4,31.0,SG/SF,4500,0,12.0,12.0,104,106,-12%,7,7,6,33,31,25,22.6,18.2,9.0,27.4,36.2,37.0,8.2,23.5,5.22,23.4,33.5,5.2,23.45,5.21,29.666666666666668,6.666666666666667,20.13,21.8,26.48005617977528
32,4,Jaylen Brown,0.0,BOS,ATL,-5.0,229.5,117.3,14,25.5,36.7,47.3,SG/SF,7600,1,24.0,18.0,106,111,5%,18,16,15,32,35,34,36.6,35.5,26.0,45.1,32.6,28.8,3.8,38.8,5.1,39.5,36.0,5.2,39.15,5.15,33.666666666666664,16.333333333333332,36.47,36.5,41.86336633663367
32,5,Al Horford,0.0,PHI,MIA,2.5,212.0,104.8,1,26.3,32.5,41.3,PF/C,6300,1,19.0,16.0,100,106,1%,11,11,12,30,31,31,32.5,31.0,22.3,39.6,22.2,13.0,2.1,29.5,4.68,28.8,30.5,4.6,29.15,4.64,30.666666666666668,11.333333333333334,30.909999999999997,33.36666666666667,28.99157608695652
32,6,Joel Embiid,0.0,PHI,MIA,2.5,212.0,104.8,28,20.8,38.6,47.0,C,9200,1,31.0,25.0,100,106,-6%,13,14,16,29,30,31,38.6,47.7,35.5,59.8,32.8,50.0,5.4,46.0,5.0,46.5,32.5,5.1,46.25,5.05,30.0,14.333333333333334,45.57000000000001,35.46666666666667,50.10416666666667
32,7,Deandre Ayton,0.0,PHO,BKN,2.5,224.5,111.0,9,30.0,41.0,49.8,C,7700,0,22.0,20.0,104,106,8%,21,17,16,35,35,33,41.0,40.9,32.0,49.9,34.3,57.8,7.5,45.3,5.88,45.0,35.5,5.8,45.15,5.84,34.333333333333336,18.0,41.790000000000006,40.266666666666666,46.68422330097087
33,0,T.J. McConnell,0.0,IND,DAL,-5.5,211.5,108.5,30,7.5,23.2,40.5,PG,4100,1,20.0,17.0,101,109,-5%,3,6,6,16,23,19,22.9,19.4,11.2,27.6,16.5,20.3,5.0,16.0,3.9,14.7,15.5,3.6,15.35,3.75,19.333333333333332,5.0,19.29,23.733333333333334,12.30646551724138
33,1,Tony Snell,0.0,DET,MEM,9.5,223.5,107.0,13,12.3,19.4,25.0,SG/SF,3300,0,11.0,10.0,106,109,4%,8,7,7,34,31,28,19.4,15.5,9.2,21.9,29.4,9.5,2.9,18.8,5.68,17.9,31.0,5.4,18.35,5.54,31.0,7.333333333333333,16.869999999999997,18.900000000000002,18.35
33,2,Wilson Chandler,0.0,BKN,PHO,-2.5,224.5,113.5,21,5.8,11.8,21.3,PF,3100,1,14.0,9.0,104,108,1%,2,4,5,20,21,20,11.8,15.3,9.5,21.1,18.2,18.3,5.9,14.0,4.52,14.4,19.5,4.6,14.2,4.56,20.333333333333332,3.6666666666666665,14.38,12.966666666666669,13.618032786885246
33,3,Mikal Bridges,0.0,PHO,BKN,2.5,224.5,111.0,20,12.0,22.4,31.0,SG/SF,4500,0,12.0,12.0,104,106,-12%,7,7,6,33,31,25,22.6,18.2,9.0,27.4,36.2,37.0,8.2,23.5,5.22,23.4,33.5,5.2,23.45,5.21,29.666666666666668,6.666666666666667,20.13,21.8,26.48005617977528
33,4,Aaron Holiday,0.0,IND,DAL,-5.5,211.5,108.5,30,3.8,17.8,31.0,PG/SG,4400,1,21.0,14.0,101,109,-5%,10,9,9,28,22,24,17.8,21.4,10.3,32.6,24.4,18.0,4.1,16.5,3.75,20.1,25.0,4.6,18.3,4.175,24.666666666666668,9.333333333333334,20.080000000000002,17.533333333333335,18.5472972972973
33,5,Reggie Bullock,0.0,NY,CLE,2.0,215.5,106.8,18,11.5,15.3,20.8,SG/SF,3600,1,17.0,10.0,101,114,5%,8,8,9,22,25,25,15.3,17.0,10.8,23.2,24.7,16.0,4.4,16.8,4.65,19.3,26.0,5.4,18.05,5.025,24.0,8.333333333333334,16.869999999999997,15.866666666666667,19.554166666666667
33,6,LaMarcus Aldridge,0.0,SA,LAC,9.0,228.5,109.8,2,21.8,34.9,59.0,PF/C,6900,1,22.0,21.0,105,105,-5%,8,12,15,31,34,34,34.9,37.7,26.9,48.4,33.6,50.3,7.3,38.8,5.62,36.0,33.0,5.2,37.4,5.41,33.0,11.666666666666666,37.06,38.56666666666667,37.4
33,7,Kelan Martin,0.0,MIN,SAC,1.0,225.5,112.3,22,4.3,12.4,24.0,SG,3000,1,16.0,6.0,100,109,-8%,4,7,6,16,19,17,12.4,11.6,3.2,20.1,19.9,20.8,6.9,10.8,3.58,11.2,15.0,3.7,11.0,3.64,17.333333333333332,5.666666666666667,11.66,13.566666666666668,9.51923076923077
35,0,Malcolm Brogdon,0.0,IND,DAL,-5.5,211.5,108.5,30,10.0,28.2,43.5,PG,6300,1,28.0,19.0,101,109,-5%,12,13,15,35,32,32,33.1,37.9,28.8,47.0,31.5,29.0,4.6,35.3,5.6,35.9,32.5,5.7,35.599999999999994,5.65,33.0,13.333333333333334,36.480000000000004,27.233333333333334,35.060606060606055
35,1,Michael Carter-Williams,0.0,ORL,CHA,-4.5,202.5,103.5,5,13.8,22.0,36.3,PG/SG,3700,1,20.0,15.0,99,111,-6%,7,8,6,21,20,17,22.0,16.7,8.6,24.8,21.6,18.0,4.9,20.5,5.54,20.1,22.0,5.4,20.3,5.470000000000001,19.333333333333332,7.0,18.479999999999997,24.03333333333333,23.1
35,2,Taurean Prince,0.0,BKN,PHO,-2.5,224.5,113.5,21,14.3,25.3,42.3,PF,5100,1,20.0,10.0,104,108,1%,11,11,12,29,27,30,25.3,27.0,17.7,36.4,29.8,25.0,4.9,24.3,4.75,25.6,29.0,5.0,24.950000000000003,4.875,28.666666666666668,11.333333333333334,26.27,27.3,25.240116279069767
35,3,Landry Shamet,0.0,LAC,SA,-9.0,228.5,118.8,1,17.3,25.6,35.5,SG/SF,4500,1,13.0,9.0,102,110,-1%,8,11,8,32,36,29,25.6,18.1,10.8,25.4,28.4,8.3,1.8,22.3,4.94,16.1,27.0,3.6,19.200000000000003,4.2700000000000005,32.333333333333336,9.0,19.82,26.133333333333336,16.03298969072165
35,4,Javonte Green,0.0,BOS,ATL,-5.0,229.5,117.3,14,0.0,12.6,22.0,SG,3000,1,15.0,14.0,106,111,7%,1,4,2,10,15,9,12.6,7.1,1.0,13.3,18.1,8.3,2.8,13.5,4.5,20.2,23.5,6.7,16.85,5.6,11.333333333333334,2.3333333333333335,10.17,11.533333333333333,34.93897058823529
35,5,Bobby Portis,0.0,NY,CLE,2.0,215.5,106.8,19,5.8,13.7,20.5,PF/C,3700,1,21.0,14.0,101,114,2%,6,6,9,18,20,21,13.7,20.7,10.6,30.7,28.3,15.3,4.1,18.5,5.0,17.2,18.0,4.6,17.85,4.8,19.666666666666668,7.0,18.709999999999997,13.333333333333334,16.337288135593223
35,6,Domantas Sabonis,0.0,IND,DAL,-5.5,211.5,108.5,7,36.5,46.5,64.5,PF/C,9600,1,24.0,21.0,101,109,-1%,14,13,14,36,37,35,46.8,43.9,34.7,53.1,36.5,57.0,5.9,44.8,4.66,44.6,34.5,4.6,44.7,4.63,36.0,13.666666666666666,44.64,49.166666666666664,42.8375
35,7,Dewayne Dedmon,0.0,SAC,MIN,-1.0,225.5,113.3,3,10.8,22.1,41.8,C,4700,1,18.0,9.0,105,108,0%,8,7,5,27,24,15,22.1,13.4,4.6,22.1,34.9,35.5,7.6,24.5,5.21,21.8,22.5,4.6,23.15,4.904999999999999,22.0,6.666666666666667,17.07,24.900000000000002,23.676136363636363
36,0,Brad Wanamaker,0.0,BOS,ATL,-5.0,229.5,117.3,25,-0.5,11.3,25.8,PG/SG,3600,1,17.0,12.0,106,111,0%,6,5,5,20,15,20,11.3,15.0,8.6,21.4,27.5,35.3,9.8,22.5,6.25,20.4,26.0,5.7,21.45,5.975,18.333333333333332,5.333333333333333,15.55,12.200000000000001,30.419999999999998
36,1,Timothe Luwawu-Cabarrot,0.0,BKN,PHO,-2.5,224.5,113.5,8,1.3,6.6,15.8,SG/SF,3000,1,14.0,8.0,104,108,1%,1,2,4,5,6,15,6.5,9.3,2.0,16.5,24.8,22.3,7.4,7.5,2.5,9.5,13.5,3.2,8.5,2.85,8.666666666666666,2.3333333333333335,8.559999999999999,7.8999999999999995,13.240384615384617
36,2,Josh Jackson,0.0,MEM,DET,-9.5,223.5,116.5,7,4.3,30.8,60.3,SF/PF,3300,2,0.0,0.0,101,110,0%,8,8,8,17,17,17,14.3,14.3,0.1,28.4,11.7,9.5,2.9,4.8,1.44,0.0,0.0,0.0,2.4,0.72,17.0,8.0,11.9,31.8,0.0
36,3,Isaac Bonga,0.0,WAS,GS,-6.0,235.0,120.5,30,2.8,15.2,24.8,SF,3400,1,10.0,11.0,103,110,8%,6,4,3,30,21,18,15.2,12.6,5.4,19.9,9.8,1.0,0.3,15.5,4.56,13.6,19.5,4.0,14.55,4.279999999999999,23.0,4.333333333333333,13.529999999999998,14.266666666666666,12.335869565217392
36,4,Matisse Thybulle,0.0,PHI,MIA,2.5,212.0,104.8,21,9.0,14.4,20.8,SG/SF,3700,1,12.0,10.0,100,106,-9%,4,6,4,21,26,21,14.3,13.8,5.3,22.3,15.3,8.3,2.2,15.5,4.19,14.1,23.0,3.8,14.8,3.995,22.666666666666668,4.666666666666667,14.1,14.733333333333334,15.01764705882353
36,5,Damyean Dotson,0.0,NY,CLE,2.0,215.5,106.8,18,9.5,16.0,25.3,SG/SF,3300,1,17.0,11.0,101,114,12%,8,7,6,26,23,18,16.0,12.4,5.0,19.8,15.9,15.8,4.8,17.0,5.15,16.8,23.0,5.1,16.9,5.125,22.333333333333332,7.0,14.02,16.933333333333334,17.404477611940298
36,6,Montrezl Harrell,0.0,LAC,SA,-9.0,228.5,118.8,25,26.0,36.8,44.8,C,6800,1,26.0,23.0,102,110,1%,15,16,14,28,29,29,36.8,34.3,24.0,44.5,24.8,18.3,2.7,32.3,4.74,34.3,28.5,5.0,33.3,4.87,28.666666666666668,15.0,34.58,35.86666666666667,33.10639534883721
36,7,Kevin Love,0.0,CLE,NY,-2.0,215.5,108.8,10,24.0,35.4,40.3,PF,7100,1,24.0,18.0,101,110,7%,13,14,13,31,29,32,35.4,37.4,26.7,48.1,41.4,63.3,8.9,38.8,5.46,42.1,34.0,5.9,40.45,5.68,30.666666666666668,13.333333333333334,37.61,33.23333333333333,44.846739130434784
37,0,Caris LeVert,0.0,BKN,PHO,-2.5,224.5,113.5,20,11.8,15.6,19.5,PG/SF,4700,1,27.0,10.0,104,108,1%,7,9,13,20,22,26,15.6,23.8,15.3,32.4,32.0,45.8,9.7,25.8,5.48,28.1,28.5,6.0,26.950000000000003,5.74,22.666666666666668,9.666666666666666,22.81,15.633333333333333,33.88566176470588
37,1,Bradley Beal,0.0,WAS,GS,-6.0,235.0,120.5,9,51.0,56.8,62.3,SG/SF,10100,1,33.0,23.0,103,110,5%,20,23,22,35,35,36,56.8,47.9,36.4,59.3,39.3,58.5,5.8,50.5,5.0,51.1,35.5,5.1,50.8,5.05,35.333333333333336,21.666666666666668,50.239999999999995,56.699999999999996,51.03962264150943
37,2,Solomon Hill,0.0,MEM,DET,-9.5,223.5,116.5,7,10.0,12.2,16.3,SF/PF,3300,2,14.0,11.0,101,110,0%,4,3,5,22,19,19,12.3,14.4,8.1,20.7,13.6,4.3,1.3,12.5,3.79,10.7,14.0,3.2,11.6,3.495,20.0,4.0,13.420000000000002,12.833333333333334,8.12
37,3,Josh Jackson,0.0,MEM,DET,-9.5,223.5,116.5,7,4.3,30.8,60.3,SF/PF,3300,2,0.0,0.0,101,110,0%,8,8,8,17,17,17,14.3,14.3,0.1,28.4,11.7,9.5,2.9,4.8,1.44,0.0,0.0,0.0,2.4,0.72,17.0,8.0,11.9,31.8,0.0
37,4,Damyean Dotson,0.0,NY,CLE,2.0,215.5,106.8,18,9.5,16.0,25.3,SG/SF,3300,1,17.0,11.0,101,114,12%,8,7,6,26,23,18,16.0,12.4,5.0,19.8,15.9,15.8,4.8,17.0,5.15,16.8,23.0,5.1,16.9,5.125,22.333333333333332,7.0,14.02,16.933333333333334,17.404477611940298
37,5,Semi Ojeleye,0.0,BOS,ATL,-5.0,229.5,117.3,8,6.3,13.7,20.0,PF,3200,1,8.0,8.0,106,111,7%,4,4,3,27,23,15,13.7,7.3,1.5,13.2,12.5,3.3,1.0,11.5,3.59,10.2,19.0,3.2,10.85,3.395,21.666666666666668,3.6666666666666665,9.31,13.333333333333334,9.514615384615384
37,6,Nikola Vucevic,0.0,ORL,CHA,-4.5,202.5,103.5,10,26.5,41.1,55.3,C,8800,1,26.0,22.0,99,111,8%,16,17,17,34,33,32,41.1,42.8,33.8,51.9,36.5,38.3,4.4,44.5,5.06,46.4,33.0,5.3,45.45,5.18,33.0,16.666666666666668,43.010000000000005,40.96666666666666,45.45
37,7,Markelle Fultz,0.0,ORL,CHA,-4.5,202.5,103.5,5,19.0,24.5,30.5,PG/SG,5400,1,22.0,14.0,99,111,-6%,10,9,11,30,31,28,24.2,25.9,18.5,33.3,34.7,39.3,7.3,29.5,5.46,28.3,31.5,5.2,28.9,5.33,29.666666666666668,10.0,26.159999999999997,24.666666666666668,30.685955056179772
39,0,Jalen Brunson,0.0,DAL,IND,5.5,211.5,103.0,17,9.5,21.2,44.5,PG/SG,6000,1,22.0,16.0,100,105,-2%,15,10,7,24,21,17,21.2,16.7,5.6,27.8,30.5,16.5,2.8,27.3,4.54,27.4,28.5,4.6,27.35,4.57,20.666666666666668,10.666666666666666,19.73,25.066666666666666,37.71653225806452
39,1,Aaron Holiday,0.0,IND,DAL,-5.5,211.5,108.5,30,3.8,17.8,31.0,PG/SG,4400,1,21.0,14.0,101,109,-5%,10,9,9,28,22,24,17.8,21.4,10.3,32.6,24.4,18.0,4.1,16.5,3.75,20.1,25.0,4.6,18.3,4.175,24.666666666666668,9.333333333333334,20.080000000000002,17.533333333333335,18.5472972972973
39,2,Al Horford,0.0,PHI,MIA,2.5,212.0,104.8,1,26.3,32.5,41.3,PF/C,6300,1,19.0,16.0,100,106,1%,11,11,12,30,31,31,32.5,31.0,22.3,39.6,22.2,13.0,2.1,29.5,4.68,28.8,30.5,4.6,29.15,4.64,30.666666666666668,11.333333333333334,30.909999999999997,33.36666666666667,28.99157608695652
39,3,Cody Martin,0.0,CHA,ORL,4.5,202.5,99.0,27,2.0,12.4,22.5,SG/SF,3100,1,14.0,10.0,100,105,-3%,7,5,4,25,17,15,12.3,10.8,2.6,19.1,28.2,34.0,11.0,16.8,5.4,14.9,22.0,4.8,15.850000000000001,5.1,19.0,5.333333333333333,12.13,12.299999999999999,18.35263157894737
39,4,Jalen Lecque,0.0,PHO,BKN,2.5,224.5,111.0,20,0.0,2.8,5.5,SG,3000,0,0.0,0.0,104,106,9%,2,2,2,6,6,6,2.8,2.8,-1.1,6.6,8.6,3.5,1.2,4.0,1.33,0.0,0.0,0.0,2.0,0.665,6.0,2.0,2.62,2.766666666666667,0.0
39,5,Miles Bridges,0.0,CHA,ORL,4.5,202.5,99.0,22,5.5,23.8,40.5,SF/PF,5800,1,19.0,12.0,100,105,-5%,18,12,11,36,29,31,23.8,25.0,15.0,34.9,34.7,34.0,5.9,27.8,4.78,29.0,35.0,5.0,28.4,4.890000000000001,32.0,13.666666666666666,25.419999999999998,23.266666666666666,31.0625
39,6,Domantas Sabonis,0.0,IND,DAL,-5.5,211.5,108.5,7,36.5,46.5,64.5,PF/C,9600,1,24.0,21.0,101,109,-1%,14,13,14,36,37,35,46.8,43.9,34.7,53.1,36.5,57.0,5.9,44.8,4.66,44.6,34.5,4.6,44.7,4.63,36.0,13.666666666666666,44.64,49.166666666666664,42.8375
39,7,Semi Ojeleye,0.0,BOS,ATL,-5.0,229.5,117.3,8,6.3,13.7,20.0,PF,3200,1,8.0,8.0,106,111,7%,4,4,3,27,23,15,13.7,7.3,1.5,13.2,12.5,3.3,1.0,11.5,3.59,10.2,19.0,3.2,10.85,3.395,21.666666666666668,3.6666666666666665,9.31,13.333333333333334,9.514615384615384
40,0,Brandon Goodwin,0.0,ATL,BOS,5.0,229.5,112.3,3,4.3,17.2,28.3,PG,3200,1,0.0,0.0,102,103,-10%,7,9,6,17,16,13,17.1,13.1,2.4,23.8,16.9,11.3,3.5,14.3,4.45,13.7,17.0,4.3,14.0,4.375,15.333333333333334,7.333333333333333,14.080000000000002,16.599999999999998,15.521739130434781
40,1,Delon Wright,0.0,DAL,IND,5.5,211.5,103.0,17,5.0,23.0,38.5,PG/SG,5200,1,16.0,17.0,100,105,-2%,8,7,6,27,26,22,22.9,20.9,11.7,30.1,24.9,21.3,4.1,25.0,4.81,25.5,27.0,4.9,25.25,4.855,25.0,7.0,22.17,22.166666666666668,27.27
40,2,Taurean Prince,0.0,BKN,PHO,-2.5,224.5,113.5,21,14.3,25.3,42.3,PF,5100,1,20.0,10.0,104,108,1%,11,11,12,29,27,30,25.3,27.0,17.7,36.4,29.8,25.0,4.9,24.3,4.75,25.6,29.0,5.0,24.950000000000003,4.875,28.666666666666668,11.333333333333334,26.27,27.3,25.240116279069767
40,3,Tim Hardaway Jr.,0.0,DAL,IND,5.5,211.5,103.0,6,10.8,18.0,25.8,SG/SF,5600,1,21.0,14.0,100,105,-15%,12,11,12,29,30,27,18.0,22.7,12.6,32.8,33.4,38.5,6.9,25.8,4.6,25.5,30.5,4.6,25.65,4.6,28.666666666666668,11.666666666666666,22.35,18.2,27.290406976744187
40,4,Markelle Fultz,0.0,ORL,CHA,-4.5,202.5,103.5,5,19.0,24.5,30.5,PG/SG,5400,1,22.0,14.0,99,111,-6%,10,9,11,30,31,28,24.2,25.9,18.5,33.3,34.7,39.3,7.3,29.5,5.46,28.3,31.5,5.2,28.9,5.33,29.666666666666668,10.0,26.159999999999997,24.666666666666668,30.685955056179772
40,5,Kevin Knox II,0.0,NY,CLE,2.0,215.5,106.8,4,5.3,7.5,11.8,SF/PF,3000,1,18.0,10.0,101,114,5%,7,5,7,18,15,19,7.5,14.3,7.1,21.5,17.4,19.0,6.3,12.8,4.25,11.7,17.0,3.9,12.25,4.075,17.333333333333332,6.333333333333333,12.53,8.200000000000001,12.014423076923078
40,6,Ivica Zubac,0.0,LAC,SA,-9.0,228.5,118.8,25,19.0,22.3,25.5,C,4200,1,17.0,21.0,102,110,1%,6,6,6,21,19,18,22.3,20.8,13.0,28.7,23.0,18.5,4.4,20.8,4.94,22.2,20.0,5.3,21.5,5.12,19.333333333333332,6.0,21.259999999999998,22.266666666666666,22.241379310344833
40,7,Cody Martin,0.0,CHA,ORL,4.5,202.5,99.0,27,2.0,12.4,22.5,SG/SF,3100,1,14.0,10.0,100,105,-3%,7,5,4,25,17,15,12.3,10.8,2.6,19.1,28.2,34.0,11.0,16.8,5.4,14.9,22.0,4.8,15.850000000000001,5.1,19.0,5.333333333333333,12.13,12.299999999999999,18.35263157894737
41,0,Gary Payton II,0.0,WAS,GS,-6.0,235.0,120.5,9,3.8,9.8,20.8,PG/SG,3100,1,14.0,12.0,103,110,8%,5,4,5,18,14,20,9.8,16.7,5.6,27.8,11.5,1.5,0.5,13.5,4.35,12.0,13.5,3.9,12.75,4.125,17.333333333333332,4.666666666666667,14.530000000000001,11.466666666666669,9.930288461538462
41,1,Jeff Teague,0.0,ATL,BOS,5.0,229.5,112.3,3,6.8,16.7,24.5,PG/SG,3900,1,20.0,15.0,102,103,-10%,9,7,9,25,24,27,19.1,26.4,16.0,36.8,36.5,35.3,9.1,24.3,6.22,25.6,29.5,6.6,24.950000000000003,6.41,25.333333333333332,8.333333333333334,24.65,16.0,29.053618421052636
41,2,Eric Paschall,0.0,GS,WAS,6.0,235.0,114.5,21,6.3,15.9,23.8,SF/PF,4100,1,21.0,14.0,105,114,4%,7,7,11,23,22,28,15.8,23.8,12.6,35.1,24.2,28.5,7.0,20.8,5.06,20.7,23.0,5.0,20.75,5.029999999999999,24.333333333333332,8.333333333333334,21.61,15.333333333333334,19.613013698630137
41,3,Doug McDermott,0.0,IND,DAL,-5.5,211.5,108.5,24,11.3,20.0,32.5,SF/PF,3900,1,19.0,14.0,101,109,1%,9,9,8,17,23,21,20.0,16.5,8.7,24.4,20.1,18.0,4.6,18.8,4.81,16.2,20.5,4.2,17.5,4.505,20.333333333333332,8.666666666666666,17.419999999999998,21.266666666666666,17.643442622950822
41,4,Darius Garland,0.0,CLE,NY,-2.0,215.5,108.8,6,11.0,21.1,35.8,PG,5400,1,22.0,8.0,101,110,1%,16,14,12,34,33,30,21.1,21.3,13.3,29.3,39.3,28.3,5.2,26.8,4.95,25.7,34.5,4.8,26.25,4.875,32.333333333333336,14.0,22.25,22.633333333333336,28.009020618556697
41,5,Rui Hachimura,0.0,WAS,GS,-6.0,235.0,120.5,13,9.0,24.4,39.5,PF/C,5100,1,19.0,14.0,103,110,1%,7,12,12,23,31,29,24.4,25.2,14.7,35.6,25.9,20.0,3.9,15.0,2.94,15.6,17.5,3.1,15.3,3.02,27.666666666666668,10.333333333333334,23.04,24.3,9.677710843373493
41,6,Kelly Olynyk,0.0,MIA,PHI,-2.5,212.0,107.3,11,2.0,19.9,34.3,C,3600,1,16.0,14.0,101,103,-10%,9,6,6,24,19,20,19.9,18.0,7.3,28.6,23.8,13.5,3.8,16.8,4.65,0.0,0.0,0.0,8.4,2.325,21.0,7.0,16.44,18.73333333333333,0.0
41,7,Kevin Porter Jr.,0.0,CLE,NY,-2.0,215.5,108.8,2,13.3,20.8,29.5,SG/SF,4500,1,21.0,10.0,101,110,1%,11,10,8,26,23,22,20.7,17.7,10.2,25.1,24.4,20.5,4.6,21.5,4.78,24.3,28.5,5.4,22.9,5.09,23.666666666666668,9.666666666666666,19.32,21.2,27.57676056338028
42,0,Jared Harper,0.0,PHO,BKN,2.5,224.5,111.0,7,0.0,0.0,0.0,PG,3000,0,0.0,0.0,104,106,9%,1,1,1,2,2,2,0.0,0.0,0.0,0.0,3.5,2.0,0.7,4.3,1.42,0.0,0.0,0.0,2.15,0.71,2.0,1.0,0.43,0.0,0.0
42,1,Jarrett Culver,0.0,MIN,SAC,1.0,225.5,112.3,21,8.8,13.1,16.5,PG/SG,4100,1,20.0,9.0,100,109,-3%,6,6,10,24,24,25,13.1,19.8,9.6,29.9,17.6,9.8,2.4,18.5,4.51,20.8,25.5,5.1,19.65,4.805,24.333333333333332,7.333333333333333,18.409999999999997,12.799999999999999,20.59212328767123
42,2,Larry Nance Jr.,0.0,CLE,NY,-2.0,215.5,108.8,10,21.8,31.6,46.8,PF/C,5400,1,15.0,17.0,101,110,7%,10,11,7,24,24,24,31.6,23.5,13.6,33.4,42.4,39.0,7.2,24.3,4.49,30.2,31.5,5.6,27.25,5.045,24.0,9.333333333333334,25.869999999999997,33.4,35.765625
42,3,Josh Jackson,0.0,MEM,DET,-9.5,223.5,116.5,7,4.3,30.8,60.3,SF/PF,3300,2,0.0,0.0,101,110,0%,8,8,8,17,17,17,14.3,14.3,0.1,28.4,11.7,9.5,2.9,4.8,1.44,0.0,0.0,0.0,2.4,0.72,17.0,8.0,11.9,31.8,0.0
42,4,Elfrid Payton,0.0,NY,CLE,2.0,215.5,106.8,27,32.5,36.6,44.8,PG,6500,1,22.0,15.0,101,114,6%,13,10,10,34,33,28,36.4,28.4,19.5,37.4,33.0,59.3,9.1,32.5,5.0,31.7,31.0,4.9,32.1,4.95,31.666666666666668,11.0,30.759999999999998,37.96666666666666,31.42421052631579
42,5,Matisse Thybulle,0.0,PHI,MIA,2.5,212.0,104.8,21,9.0,14.4,20.8,SG/SF,3700,1,12.0,10.0,100,106,-9%,4,6,4,21,26,21,14.3,13.8,5.3,22.3,15.3,8.3,2.2,15.5,4.19,14.1,23.0,3.8,14.8,3.995,22.666666666666668,4.666666666666667,14.1,14.733333333333334,15.01764705882353
42,6,Enes Kanter,0.0,BOS,ATL,-5.0,229.5,117.3,23,11.8,21.2,34.3,C,4300,1,20.0,24.0,106,111,5%,9,7,7,22,19,20,21.2,25.3,15.7,35.0,15.9,20.8,4.8,20.3,4.71,20.9,16.5,4.9,20.6,4.805,20.333333333333332,7.666666666666667,23.560000000000002,22.433333333333334,16.71639344262295
42,7,Troy Brown Jr.,0.0,WAS,GS,-6.0,235.0,120.5,30,14.8,24.6,32.8,SF/PF,5200,1,17.0,14.0,103,110,4%,12,10,9,31,31,26,24.6,23.8,13.2,34.3,22.6,18.3,3.5,25.0,4.81,23.6,26.0,4.5,24.3,4.654999999999999,29.333333333333332,10.333333333333334,24.04,24.066666666666666,21.538636363636364
43,0,Devonte' Graham,0.0,CHA,ORL,4.5,202.5,99.0,2,18.5,28.3,36.3,PG,7500,1,26.0,16.0,100,105,-3%,12,12,15,36,35,36,28.3,37.8,27.5,48.1,36.2,25.8,3.4,35.3,4.7,35.1,36.0,4.7,35.2,4.7,35.666666666666664,13.0,35.379999999999995,27.7,35.52897196261683
43,1,Joe Harris,0.0,BKN,PHO,-2.5,224.5,113.5,8,15.5,22.7,33.3,SG/SF,4800,1,17.0,12.0,104,108,1%,10,10,11,29,31,32,22.7,24.6,16.6,32.6,27.6,26.5,5.5,25.5,5.31,26.1,32.5,5.4,25.8,5.355,30.666666666666668,10.333333333333334,24.46,23.833333333333332,27.342391304347828
43,2,Cheick Diallo,0.0,PHO,BKN,2.5,224.5,111.0,30,0.8,9.0,21.3,PF/C,3000,0,0.0,0.0,104,106,-4%,5,3,3,17,12,10,8.9,9.0,0.3,17.6,13.7,15.0,5.0,14.8,4.92,13.2,15.0,4.4,14.0,4.66,13.0,3.6666666666666665,9.959999999999999,10.366666666666667,16.153846153846153
43,3,Jaylen Brown,0.0,BOS,ATL,-5.0,229.5,117.3,14,25.5,36.7,47.3,SG/SF,7600,1,24.0,18.0,106,111,5%,18,16,15,32,35,34,36.6,35.5,26.0,45.1,32.6,28.8,3.8,38.8,5.1,39.5,36.0,5.2,39.15,5.15,33.666666666666664,16.333333333333332,36.47,36.5,41.86336633663367
43,4,Ja Morant,0.0,MEM,DET,-9.5,223.5,116.5,28,21.3,36.3,44.3,PG,6800,2,27.0,18.0,101,110,2%,13,13,14,27,30,30,36.3,34.4,23.9,45.0,27.0,24.5,3.6,33.8,4.96,36.5,31.5,5.4,35.15,5.18,29.0,13.333333333333334,34.95,33.96666666666666,38.1801724137931
43,5,Andrew Wiggins,0.0,MIN,SAC,1.0,225.5,112.3,22,23.3,40.9,63.8,SG/SF,7000,1,28.0,17.0,100,109,2%,16,18,19,35,34,35,40.9,38.2,27.6,48.8,35.5,26.5,3.8,34.8,4.96,36.5,34.5,5.2,35.65,5.08,34.666666666666664,17.666666666666668,38.230000000000004,42.666666666666664,35.47860576923077
43,6,Gary Clark,0.0,ORL,CHA,-4.5,202.5,103.5,26,0.0,6.9,13.3,PF/C,3000,1,0.0,0.0,99,111,7%,1,2,3,8,12,12,6.9,9.0,1.2,16.8,10.3,5.5,1.8,10.3,3.42,7.9,11.0,2.6,9.100000000000001,3.01,10.666666666666666,2.0,8.600000000000001,6.733333333333334,9.384375000000002
43,7,Spencer Dinwiddie,0.0,BKN,PHO,-2.5,224.5,113.5,20,23.5,35.7,42.3,PG/SG,8000,1,31.0,18.0,104,108,4%,19,15,17,30,32,32,35.7,38.5,28.7,48.3,30.7,24.8,3.1,43.0,5.38,42.5,34.5,5.3,42.75,5.34,31.333333333333332,17.0,38.79,33.833333333333336,47.070478723404264
44,0,Elie Okobo,0.0,PHO,BKN,2.5,224.5,111.0,7,2.3,9.5,25.8,PG,3000,0,17.0,13.0,104,106,9%,2,3,4,16,17,13,9.5,10.4,2.1,18.7,27.6,17.0,5.7,15.8,5.25,15.3,20.5,5.1,15.55,5.175,15.333333333333334,3.0,11.25,12.533333333333333,20.78967391304348
44,1,Langston Galloway,0.0,DET,MEM,9.5,223.5,107.0,13,9.0,13.9,22.3,SG,3300,0,16.0,12.0,106,109,4%,5,7,8,22,25,26,13.8,17.8,10.7,24.9,36.7,24.5,7.4,16.3,4.92,16.4,22.5,5.0,16.35,4.96,24.333333333333332,6.666666666666667,16.71,15.066666666666668,15.118150684931507
44,2,Rodions Kurucs,0.0,BKN,PHO,-2.5,224.5,113.5,12,1.0,10.9,22.8,SF/PF,3000,1,15.0,9.0,104,108,-2%,5,4,4,12,14,13,10.8,9.8,2.9,16.6,3.2,7.0,2.3,7.3,2.42,0.0,0.0,0.0,3.65,1.21,13.0,4.333333333333333,8.75,11.566666666666668,0.0
44,3,Aaron Gordon,0.0,ORL,CHA,-4.5,202.5,103.5,9,18.5,29.1,37.8,SF/PF,6100,1,21.0,13.0,99,111,7%,18,14,13,34,35,33,29.1,30.3,22.0,38.7,37.6,44.5,7.3,33.8,5.53,31.5,34.0,5.2,32.65,5.365,34.0,15.0,30.55,28.46666666666667,32.65
44,4,Kevin Huerter,0.0,ATL,BOS,5.0,229.5,112.3,28,18.0,24.7,34.0,SG,5400,1,18.0,12.0,102,103,-3%,10,9,10,36,36,29,24.6,25.2,15.0,35.4,38.6,34.3,6.4,29.3,5.42,29.8,37.5,5.5,29.55,5.46,33.666666666666664,9.666666666666666,25.95,25.566666666666666,32.91460396039604
44,5,Tony Snell,0.0,DET,MEM,9.5,223.5,107.0,13,12.3,19.4,25.0,SG/SF,3300,0,11.0,10.0,106,109,4%,8,7,7,34,31,28,19.4,15.5,9.2,21.9,29.4,9.5,2.9,18.8,5.68,17.9,31.0,5.4,18.35,5.54,31.0,7.333333333333333,16.869999999999997,18.900000000000002,18.35
44,6,Kevon Looney,0.0,GS,WAS,6.0,235.0,114.5,24,4.8,7.5,13.0,C,3000,1,0.0,0.0,105,114,5%,2,3,3,11,11,11,7.5,8.1,4.1,12.0,9.5,13.5,4.5,11.3,3.75,11.7,12.0,3.9,11.5,3.825,11.0,2.6666666666666665,8.64,8.433333333333334,12.545454545454545
44,7,Jalen Lecque,0.0,PHO,BKN,2.5,224.5,111.0,20,0.0,2.8,5.5,SG,3000,0,0.0,0.0,104,106,9%,2,2,2,6,6,6,2.8,2.8,-1.1,6.6,8.6,3.5,1.2,4.0,1.33,0.0,0.0,0.0,2.0,0.665,6.0,2.0,2.62,2.766666666666667,0.0
45,0,Malik Monk,0.0,CHA,ORL,4.5,202.5,99.0,2,16.5,26.3,48.8,PG/SG,4400,1,22.0,12.0,100,105,1%,12,13,8,30,28,21,26.3,17.3,6.6,28.1,22.4,25.3,5.8,24.3,5.51,23.3,28.0,5.3,23.8,5.404999999999999,26.333333333333332,11.0,20.419999999999998,30.53333333333333,25.30632911392405
45,1,Jalen Lecque,0.0,PHO,BKN,2.5,224.5,111.0,20,0.0,2.8,5.5,SG,3000,0,0.0,0.0,104,106,9%,2,2,2,6,6,6,2.8,2.8,-1.1,6.6,8.6,3.5,1.2,4.0,1.33,0.0,0.0,0.0,2.0,0.665,6.0,2.0,2.62,2.766666666666667,0.0
45,2,Kevin Love,0.0,CLE,NY,-2.0,215.5,108.8,10,24.0,35.4,40.3,PF,7100,1,24.0,18.0,101,110,7%,13,14,13,31,29,32,35.4,37.4,26.7,48.1,41.4,63.3,8.9,38.8,5.46,42.1,34.0,5.9,40.45,5.68,30.666666666666668,13.333333333333334,37.61,33.23333333333333,44.846739130434784
45,3,Justin Jackson,0.0,DAL,IND,5.5,211.5,103.0,8,-0.5,11.0,21.5,SF/PF,3100,1,16.0,10.0,100,105,-15%,7,7,6,22,22,17,14.5,11.5,5.0,17.9,13.3,6.0,1.9,12.5,4.03,11.4,16.0,3.7,11.95,3.865,20.333333333333332,6.666666666666667,12.169999999999998,10.666666666666666,9.40327868852459
45,4,Bogdan Bogdanovic,0.0,SAC,MIN,-1.0,225.5,113.3,29,14.0,23.4,35.8,SG/SF,5300,1,23.0,14.0,105,108,2%,7,11,12,26,28,28,23.4,26.0,15.6,36.4,31.1,31.5,5.9,25.0,4.72,26.7,28.0,5.0,25.85,4.859999999999999,27.333333333333332,10.0,25.45,24.399999999999995,26.480487804878052
45,5,Josh Okogie,0.0,MIN,SAC,1.0,225.5,112.3,22,10.3,19.6,35.5,SG/SF,3900,1,16.0,11.0,100,109,6%,8,8,7,26,24,24,19.6,18.6,10.4,26.8,26.4,22.0,5.6,18.3,4.68,17.5,23.0,4.5,17.9,4.59,24.666666666666668,7.666666666666667,18.660000000000004,21.8,16.69054054054054
45,6,Ivica Zubac,0.0,LAC,SA,-9.0,228.5,118.8,25,19.0,22.3,25.5,C,4200,1,17.0,21.0,102,110,1%,6,6,6,21,19,18,22.3,20.8,13.0,28.7,23.0,18.5,4.4,20.8,4.94,22.2,20.0,5.3,21.5,5.12,19.333333333333332,6.0,21.259999999999998,22.266666666666666,22.241379310344833
45,7,Kristaps Porzingis,0.0,DAL,IND,5.5,211.5,103.0,12,13.8,33.0,56.0,PF/C,7000,1,25.0,17.0,100,105,-6%,14,14,15,28,27,31,33.0,36.8,25.0,48.6,36.4,59.0,8.4,40.8,5.82,42.4,33.0,6.1,41.599999999999994,5.96,28.666666666666668,14.333333333333334,37.0,34.266666666666666,47.88837209302324
46,0,Victor Oladipo,0.0,IND,DAL,-5.5,211.5,108.5,30,8.8,23.4,41.0,PG/SG,5900,1,0.0,0.0,101,109,-4%,11,11,11,22,22,22,15.0,15.0,12.2,17.8,23.1,14.5,2.5,27.8,4.7,25.3,25.0,4.3,26.55,4.5,22.0,11.0,17.31,24.400000000000002,30.170454545454543
46,1,Joe Harris,0.0,BKN,PHO,-2.5,224.5,113.5,8,15.5,22.7,33.3,SG/SF,4800,1,17.0,12.0,104,108,1%,10,10,11,29,31,32,22.7,24.6,16.6,32.6,27.6,26.5,5.5,25.5,5.31,26.1,32.5,5.4,25.8,5.355,30.666666666666668,10.333333333333334,24.46,23.833333333333332,27.342391304347828
46,2,Dorian Finney-Smith,0.0,DAL,IND,5.5,211.5,103.0,8,10.3,23.5,44.8,SF/PF,6100,1,13.0,13.0,100,105,-15%,10,7,7,32,29,30,23.9,21.5,13.8,29.1,31.6,38.8,6.4,22.8,3.73,22.8,32.0,3.7,22.8,3.715,30.333333333333332,8.0,22.22,26.2,24.052747252747256
46,3,Grant Williams,0.0,BOS,ATL,-5.0,229.5,117.3,20,6.8,16.0,25.0,SF/PF,3200,1,12.0,7.0,106,111,7%,4,4,3,18,18,15,15.7,9.7,2.8,16.6,24.5,28.5,8.9,13.3,4.14,9.8,13.0,3.1,11.55,3.62,17.0,3.6666666666666665,11.27,15.933333333333332,8.83235294117647
46,4,Aaron Holiday,0.0,IND,DAL,-5.5,211.5,108.5,30,3.8,17.8,31.0,PG/SG,4400,1,21.0,14.0,101,109,-5%,10,9,9,28,22,24,17.8,21.4,10.3,32.6,24.4,18.0,4.1,16.5,3.75,20.1,25.0,4.6,18.3,4.175,24.666666666666668,9.333333333333334,20.080000000000002,17.533333333333335,18.5472972972973
46,5,Justin Holiday,0.0,IND,DAL,-5.5,211.5,108.5,24,9.5,19.5,25.5,SF,3700,1,13.0,12.0,101,109,-4%,5,6,7,27,25,26,19.8,19.0,11.6,26.4,25.9,15.8,4.3,18.0,4.86,17.8,26.0,4.8,17.9,4.83,26.0,6.0,18.939999999999998,18.166666666666668,17.9
46,6,Joel Embiid,0.0,PHI,MIA,2.5,212.0,104.8,28,20.8,38.6,47.0,C,9200,1,31.0,25.0,100,106,-6%,13,14,16,29,30,31,38.6,47.7,35.5,59.8,32.8,50.0,5.4,46.0,5.0,46.5,32.5,5.1,46.25,5.05,30.0,14.333333333333334,45.57000000000001,35.46666666666667,50.10416666666667
46,7,Damion Lee,0.0,GS,WAS,6.0,235.0,114.5,25,9.3,18.1,29.0,SG,5700,1,19.0,12.0,105,114,7%,9,7,10,30,27,29,18.1,24.9,14.5,35.4,34.2,32.8,5.8,31.3,5.48,29.0,30.0,5.1,30.15,5.29,28.666666666666668,8.666666666666666,24.610000000000003,18.8,31.552325581395348
47,0,Isaiah Thomas,0.0,WAS,GS,-6.0,235.0,120.5,9,16.3,22.7,29.0,PG,4200,1,25.0,12.0,103,110,8%,15,12,11,23,21,24,22.6,21.4,12.7,30.1,24.5,16.3,3.9,20.8,4.94,20.2,22.5,4.8,20.5,4.87,22.666666666666668,12.666666666666666,21.46,22.666666666666668,20.34926470588235
47,1,Devin Booker,0.0,PHO,BKN,2.5,224.5,111.0,7,35.3,49.3,57.5,PG/SG,8600,0,30.0,21.0,104,106,0%,17,19,18,37,37,36,49.3,43.4,31.2,55.5,31.6,22.5,2.6,43.0,5.0,44.8,37.5,5.2,43.9,5.1,36.666666666666664,18.0,44.66,47.36666666666667,44.89772727272727
47,2,Solomon Hill,0.0,MEM,DET,-9.5,223.5,116.5,7,10.0,12.2,16.3,SF/PF,3300,2,14.0,11.0,101,110,0%,4,3,5,22,19,19,12.3,14.4,8.1,20.7,13.6,4.3,1.3,12.5,3.79,10.7,14.0,3.2,11.6,3.495,20.0,4.0,13.420000000000002,12.833333333333334,8.12
47,3,Isaac Bonga,0.0,WAS,GS,-6.0,235.0,120.5,30,2.8,15.2,24.8,SF,3400,1,10.0,11.0,103,110,8%,6,4,3,30,21,18,15.2,12.6,5.4,19.9,9.8,1.0,0.3,15.5,4.56,13.6,19.5,4.0,14.55,4.279999999999999,23.0,4.333333333333333,13.529999999999998,14.266666666666666,12.335869565217392
47,4,Jaylen Brown,0.0,BOS,ATL,-5.0,229.5,117.3,14,25.5,36.7,47.3,SG/SF,7600,1,24.0,18.0,106,111,5%,18,16,15,32,35,34,36.6,35.5,26.0,45.1,32.6,28.8,3.8,38.8,5.1,39.5,36.0,5.2,39.15,5.15,33.666666666666664,16.333333333333332,36.47,36.5,41.86336633663367
47,5,Robert Covington,0.0,MIN,SAC,1.0,225.5,112.3,19,20.3,26.4,33.8,SF/PF,5500,1,17.0,14.0,100,109,2%,10,10,10,32,32,30,26.4,28.1,19.8,36.3,30.4,37.0,6.7,26.5,4.82,27.9,31.5,5.1,27.2,4.96,31.333333333333332,10.0,27.559999999999995,26.833333333333332,27.34468085106383
47,6,Ivica Zubac,0.0,LAC,SA,-9.0,228.5,118.8,25,19.0,22.3,25.5,C,4200,1,17.0,21.0,102,110,1%,6,6,6,21,19,18,22.3,20.8,13.0,28.7,23.0,18.5,4.4,20.8,4.94,22.2,20.0,5.3,21.5,5.12,19.333333333333332,6.0,21.259999999999998,22.266666666666666,22.241379310344833
47,7,Kevin Porter Jr.,0.0,CLE,NY,-2.0,215.5,108.8,2,13.3,20.8,29.5,SG/SF,4500,1,21.0,10.0,101,110,1%,11,10,8,26,23,22,20.7,17.7,10.2,25.1,24.4,20.5,4.6,21.5,4.78,24.3,28.5,5.4,22.9,5.09,23.666666666666668,9.666666666666666,19.32,21.2,27.57676056338028
49,0,De'Aaron Fox,0.0,SAC,MIN,-1.0,225.5,113.3,23,31.3,43.5,61.8,PG,8200,1,31.0,21.0,105,108,4%,21,17,16,34,32,32,43.5,40.1,28.7,51.5,34.4,45.3,5.5,43.8,5.34,44.3,33.5,5.4,44.05,5.37,32.666666666666664,18.0,41.56999999999999,45.53333333333333,45.173724489795916
49,1,Ryan Broekhoff,0.0,DAL,IND,5.5,211.5,103.0,6,3.3,11.8,19.5,SG/SF,3400,1,0.0,0.0,100,105,-2%,7,4,3,21,13,10,11.8,8.8,2.0,15.7,19.4,15.3,4.5,15.5,4.56,16.1,21.0,4.7,15.8,4.63,14.666666666666666,4.666666666666667,10.819999999999999,11.533333333333333,22.622727272727275
49,2,Mike Scott,0.0,PHI,MIA,2.5,212.0,104.8,1,4.0,11.0,18.5,PF,3400,1,14.0,9.0,100,106,1%,8,5,5,18,15,18,11.0,12.1,5.7,18.5,18.4,22.8,6.7,12.8,3.75,8.3,11.5,2.4,10.55,3.075,17.0,6.0,11.570000000000002,11.166666666666666,7.136764705882353
49,3,Troy Brown Jr.,0.0,WAS,GS,-6.0,235.0,120.5,30,14.8,24.6,32.8,SF/PF,5200,1,17.0,14.0,103,110,4%,12,10,9,31,31,26,24.6,23.8,13.2,34.3,22.6,18.3,3.5,25.0,4.81,23.6,26.0,4.5,24.3,4.654999999999999,29.333333333333332,10.333333333333334,24.04,24.066666666666666,21.538636363636364
49,4,Markelle Fultz,0.0,ORL,CHA,-4.5,202.5,103.5,5,19.0,24.5,30.5,PG/SG,5400,1,22.0,14.0,99,111,-6%,10,9,11,30,31,28,24.2,25.9,18.5,33.3,34.7,39.3,7.3,29.5,5.46,28.3,31.5,5.2,28.9,5.33,29.666666666666668,10.0,26.159999999999997,24.666666666666668,30.685955056179772
49,5,Dorian Finney-Smith,0.0,DAL,IND,5.5,211.5,103.0,8,10.3,23.5,44.8,SF/PF,6100,1,13.0,13.0,100,105,-15%,10,7,7,32,29,30,23.9,21.5,13.8,29.1,31.6,38.8,6.4,22.8,3.73,22.8,32.0,3.7,22.8,3.715,30.333333333333332,8.0,22.22,26.2,24.052747252747256
49,6,Marquese Chriss,0.0,GS,WAS,6.0,235.0,114.5,9,20.3,25.1,32.8,PF/C,5500,1,19.0,18.0,105,114,4%,9,8,6,24,24,18,25.1,19.9,10.9,28.9,25.7,24.3,4.4,26.3,4.77,26.6,24.0,4.8,26.450000000000003,4.785,22.0,7.666666666666667,22.250000000000004,26.066666666666666,28.85454545454546
49,7,Dewayne Dedmon,0.0,SAC,MIN,-1.0,225.5,113.3,3,10.8,22.1,41.8,C,4700,1,18.0,9.0,105,108,0%,8,7,5,27,24,15,22.1,13.4,4.6,22.1,34.9,35.5,7.6,24.5,5.21,21.8,22.5,4.6,23.15,4.904999999999999,22.0,6.666666666666667,17.07,24.900000000000002,23.676136363636363
