Lineup Num,,Player Name,injury_status,team,opp,spread,over_under,implied_team_score,L5_dvp_rank,L5_ppg_floor,L5_ppg_avg,L5_ppg_max,Pos,Salary,Rest,USG,PER,Opp Pace,Opp DEff,Opp DvP,L2 FGA,L5 FGA,S FGA,L2 Min,L5 Min,S Min,L5 FP,S FP,Floor FP,Ceil FP,Actual Min,Actual FP,Actual Val,FantasyFuelPPGProj,FantasyFuelValueProj,DFN_PPGProj,DFN_MinProj,DFN_ValueProj,Avg Proj,Avg Value Proj,Avg Skewed Min,Avg Skewed FGA,Avg Skewed FP,Avg L5 PPG,Proj Min Enhanced
0,0,Ben Simmons,0.0,PHI,LAL,4.5,217.5,106.5,14,43.0,53.1,82.5,PG/SF,9400,2,22.0,20.0,103,103,-1%,11,13,12,40,40,37,53.4,44.4,33.0,55.8,41.2,59.5,6.3,47.5,5.05,51.1,39.0,5.4,49.3,5.225,39.0,12.0,47.17999999999999,59.53333333333333,49.3
0,1,Furkan Korkmaz,0.0,PHI,LAL,4.5,217.5,106.5,13,18.0,23.0,33.5,SG,4500,2,17.0,11.0,103,103,1%,12,12,8,26,24,21,23.0,15.4,7.6,23.3,23.0,10.5,2.3,21.8,4.83,22.0,27.0,4.9,21.9,4.865,23.666666666666668,10.666666666666666,18.24,24.833333333333332,24.98450704225352
0,2,Keita Bates-Diop,0.0,MIN,OKC,-1.0,225.0,113.0,18,0.8,13.2,29.5,SF/PF,3000,0,16.0,12.0,101,106,-3%,5,5,6,16,16,19,13.2,14.9,5.6,24.2,19.5,16.5,5.5,9.5,3.17,11.3,14.5,3.8,10.4,3.485,17.0,5.333333333333333,13.66,14.5,8.870588235294118
0,3,Bruce Brown,0.0,DET,BKN,2.0,227.5,112.8,13,8.8,18.0,27.3,PG/SF,3900,0,17.0,12.0,105,106,0%,3,6,8,23,25,28,17.9,23.1,12.8,33.4,36.2,31.8,8.2,17.5,4.49,23.4,28.0,6.0,20.45,5.245,25.333333333333332,5.666666666666667,21.53,18.033333333333335,22.602631578947367
0,4,Ryan Arcidiacono,0.0,CHI,CLE,1.5,213.0,105.8,8,5.3,7.7,10.3,PG/SG,3000,0,13.0,8.0,101,114,6%,2,4,4,14,12,15,7.7,9.4,3.5,15.3,12.2,10.5,3.5,8.8,2.92,8.5,13.0,2.8,8.65,2.86,13.666666666666666,3.3333333333333335,8.91,7.766666666666667,8.228048780487805
0,5,James Ennis III,0.0,PHI,LAL,4.5,217.5,106.5,15,4.0,9.1,12.3,SF/PF,3000,2,16.0,13.0,103,103,-5%,3,4,5,11,13,17,11.7,13.7,6.9,20.5,8.5,2.8,0.9,13.0,4.33,0.0,0.0,0.0,6.5,2.165,13.666666666666666,4.0,11.86,8.466666666666667,0.0
0,6,Mike Muscala,0.0,OKC,MIN,1.0,225.0,112.0,12,5.0,13.0,22.8,PF/C,3500,0,16.0,10.0,105,108,1%,7,5,4,19,19,13,12.9,10.2,2.2,18.2,24.9,25.0,7.1,21.3,6.07,19.9,23.5,5.7,20.6,5.885,17.0,5.333333333333333,12.819999999999999,13.6,28.476470588235298
0,7,Wilson Chandler,0.0,BKN,DET,-2.0,227.5,114.8,14,8.0,15.3,23.8,PF,3700,1,15.0,11.0,101,109,1%,6,5,6,21,19,20,15.3,16.5,10.9,22.0,31.0,21.3,5.8,11.5,3.11,11.0,14.5,3.0,11.25,3.0549999999999997,20.0,5.666666666666667,15.190000000000001,15.700000000000001,8.15625
1,0,Kris Dunn,0.0,CHI,CLE,1.5,213.0,105.8,8,6.0,24.8,32.0,PG/SF,5800,0,16.0,12.0,101,114,6%,5,6,7,29,28,26,25.1,21.6,13.0,30.3,32.7,28.3,4.9,26.3,4.53,26.5,31.5,4.6,26.4,4.5649999999999995,27.666666666666668,6.0,23.28,20.933333333333334,30.0578313253012
1,1,Derrick Rose,0.0,DET,BKN,2.0,227.5,112.8,13,32.5,39.4,47.0,PG/SG,7500,0,32.0,22.0,105,106,10%,19,18,16,32,31,27,39.4,32.7,24.6,40.8,37.0,45.5,6.1,39.0,5.2,41.3,31.5,5.5,40.15,5.35,30.0,17.666666666666668,35.53,39.63333333333333,42.1575
1,2,Chandler Hutchison,0.0,CHI,CLE,1.5,213.0,105.8,26,16.0,19.4,26.5,SF/PF,3900,0,17.0,11.0,101,114,5%,6,5,5,20,20,17,18.9,14.3,7.9,20.7,15.4,14.3,3.7,17.0,4.36,16.1,21.0,4.1,16.55,4.23,19.0,5.333333333333333,15.670000000000002,20.633333333333333,18.292105263157897
1,3,Andrew Wiggins,0.0,MIN,OKC,-1.0,225.0,113.0,22,26.5,39.0,51.0,SG/SF,7000,0,28.0,17.0,101,106,-3%,19,17,20,34,34,35,39.3,38.1,28.3,48.0,33.8,29.8,4.3,34.5,4.93,36.4,34.0,5.2,35.45,5.0649999999999995,34.333333333333336,18.666666666666668,37.830000000000005,38.833333333333336,35.105825242718446
1,4,Matthew Dellavedova,0.0,CLE,CHI,-1.5,213.0,107.3,1,3.8,7.0,17.5,PG/SG,3000,1,16.0,8.0,102,105,-14%,2,3,3,9,10,13,7.0,8.7,3.6,13.9,5.2,3.5,1.2,8.3,2.75,0.0,0.0,0.0,4.15,1.375,10.666666666666666,2.6666666666666665,7.470000000000001,9.433333333333334,0.0
1,5,Matisse Thybulle,0.0,PHI,LAL,4.5,217.5,106.5,13,15.3,20.9,25.0,SG/SF,4600,2,13.0,10.0,103,103,-1%,10,7,4,30,31,20,20.9,13.9,5.1,22.7,35.6,20.8,4.5,21.8,4.73,23.1,31.5,5.0,22.450000000000003,4.865,27.0,7.0,17.01,20.400000000000002,26.19166666666667
1,6,Luke Kornet,0.0,CHI,CLE,1.5,213.0,105.8,16,7.5,18.8,26.3,PF/C,4300,0,16.0,12.0,101,114,1%,10,8,4,17,20,13,18.8,10.4,1.4,19.4,25.6,10.8,2.5,19.5,4.53,18.8,21.5,4.4,19.15,4.465,16.666666666666668,7.333333333333333,13.830000000000002,17.533333333333335,24.703499999999995
1,7,Sekou Doumbouya,0.0,DET,BKN,2.0,227.5,112.8,28,9.5,15.7,31.0,SF/PF,4400,0,17.0,10.0,105,106,-3%,4,7,6,22,25,19,15.7,14.0,1.9,26.0,17.4,2.0,0.5,19.8,4.49,18.8,25.0,4.3,19.3,4.395,22.0,5.666666666666667,15.38,18.733333333333334,21.931818181818183
3,0,Kris Dunn,0.0,CHI,CLE,1.5,213.0,105.8,8,6.0,24.8,32.0,PG/SF,5800,0,16.0,12.0,101,114,6%,5,6,7,29,28,26,25.1,21.6,13.0,30.3,32.7,28.3,4.9,26.3,4.53,26.5,31.5,4.6,26.4,4.5649999999999995,27.666666666666668,6.0,23.28,20.933333333333334,30.0578313253012
3,1,Spencer Dinwiddie,0.0,BKN,DET,-2.0,227.5,114.8,2,19.8,33.3,41.0,PG/SG,7200,1,32.0,18.0,101,109,2%,13,14,18,33,33,32,33.3,38.9,28.8,48.9,37.4,23.5,3.3,32.5,4.51,33.6,28.5,4.7,33.05,4.605,32.666666666666664,15.0,36.589999999999996,31.366666666666664,28.834438775510208
3,2,Thaddeus Young,0.0,CHI,CLE,1.5,213.0,105.8,16,10.0,20.0,36.0,PF,4400,0,20.0,13.0,101,114,1%,7,7,9,24,25,23,20.0,20.1,12.1,28.1,34.7,24.8,5.6,28.8,6.53,28.6,32.0,6.5,28.700000000000003,6.515000000000001,24.0,7.666666666666667,21.8,22.0,38.26666666666667
3,3,James Ennis III,0.0,PHI,LAL,4.5,217.5,106.5,15,4.0,9.1,12.3,SF/PF,3000,2,16.0,13.0,103,103,-5%,3,4,5,11,13,17,11.7,13.7,6.9,20.5,8.5,2.8,0.9,13.0,4.33,0.0,0.0,0.0,6.5,2.165,13.666666666666666,4.0,11.86,8.466666666666667,0.0
3,4,Jarrett Culver,0.0,MIN,OKC,-1.0,225.0,113.0,10,8.8,19.7,40.0,PG/SG,4700,0,20.0,10.0,101,106,1%,7,10,10,21,27,25,19.7,20.2,9.8,30.6,28.4,16.5,3.5,18.0,3.83,22.5,26.0,4.8,20.25,4.3149999999999995,24.333333333333332,9.0,20.11,22.833333333333332,21.636986301369863
3,5,Tobias Harris,0.0,PHI,LAL,4.5,217.5,106.5,15,26.3,36.9,56.5,SF/PF,7100,2,23.0,17.0,103,103,-5%,18,16,16,37,36,35,36.9,36.1,26.9,45.3,38.3,42.5,6.0,37.5,5.28,38.6,35.5,5.4,38.05,5.34,36.0,16.666666666666668,36.65,39.9,37.52152777777778
3,6,Mike Muscala,0.0,OKC,MIN,1.0,225.0,112.0,12,5.0,13.0,22.8,PF/C,3500,0,16.0,10.0,105,108,1%,7,5,4,19,19,13,12.9,10.2,2.2,18.2,24.9,25.0,7.1,21.3,6.07,19.9,23.5,5.7,20.6,5.885,17.0,5.333333333333333,12.819999999999999,13.6,28.476470588235298
3,7,Alex Caruso,0.0,LAL,PHI,-4.5,217.5,111.0,9,3.5,9.5,17.5,PG/SG,3100,1,14.0,10.0,101,103,-4%,4,5,5,15,17,20,12.8,13.6,6.9,20.3,19.9,21.3,6.9,11.0,3.55,11.6,16.5,3.7,11.3,3.625,17.333333333333332,4.666666666666667,12.98,10.166666666666666,10.75673076923077
4,0,Jordan McLaughlin,0.0,MIN,OKC,-1.0,225.0,113.0,10,10.5,14.4,20.0,PG,3000,0,0.0,0.0,101,106,1%,5,5,5,20,18,17,14.4,13.5,5.1,21.8,20.0,9.8,3.3,12.8,4.25,10.4,13.5,3.5,11.600000000000001,3.875,18.333333333333332,5.0,13.280000000000001,14.966666666666667,8.541818181818183
4,1,Furkan Korkmaz,0.0,PHI,LAL,4.5,217.5,106.5,13,18.0,23.0,33.5,SG,4500,2,17.0,11.0,103,103,1%,12,12,8,26,24,21,23.0,15.4,7.6,23.3,23.0,10.5,2.3,21.8,4.83,22.0,27.0,4.9,21.9,4.865,23.666666666666668,10.666666666666666,18.24,24.833333333333332,24.98450704225352
4,2,Cedi Osman,0.0,CLE,CHI,-1.5,213.0,107.3,13,8.5,22.0,28.3,SF/PF,4600,1,17.0,11.0,102,105,2%,12,10,9,31,27,29,22.0,20.9,12.9,29.0,30.3,33.3,7.2,22.5,4.89,23.3,29.5,5.1,22.9,4.994999999999999,29.0,10.333333333333334,21.540000000000003,19.599999999999998,23.294827586206893
4,3,Robert Covington,0.0,MIN,OKC,-1.0,225.0,113.0,18,20.3,26.5,39.0,SF/PF,5700,0,17.0,14.0,101,106,-3%,11,13,11,30,32,30,26.5,28.0,19.6,36.5,35.9,24.8,4.4,27.3,4.78,28.5,30.5,5.0,27.9,4.890000000000001,30.666666666666668,11.666666666666666,27.7,28.599999999999998,27.748369565217388
4,4,Shake Milton,0.0,PHI,LAL,4.5,217.5,106.5,14,0.5,10.6,20.3,PG/SG,4000,2,0.0,0.0,103,103,1%,6,5,4,13,11,10,10.9,7.5,0.5,14.5,25.0,24.8,6.2,12.0,3.0,18.3,22.0,4.6,15.15,3.8,11.333333333333334,5.0,9.709999999999999,10.466666666666667,29.408823529411762
4,5,Markieff Morris,0.0,DET,BKN,2.0,227.5,112.8,25,13.5,25.1,35.5,PF/C,5500,0,22.0,13.0,105,106,-3%,13,12,9,28,23,23,25.1,20.3,11.6,28.9,26.8,16.0,2.9,20.3,3.68,22.0,23.5,4.0,21.15,3.84,24.666666666666668,11.333333333333334,21.410000000000004,24.7,20.14966216216216
4,6,Cristiano Felicio,0.0,CHI,CLE,1.5,213.0,105.8,7,5.0,12.1,24.8,C,4100,0,0.0,0.0,101,114,1%,4,2,2,23,17,14,12.6,9.3,0.0,18.6,19.9,8.5,2.1,18.3,4.45,18.2,23.5,4.4,18.25,4.425000000000001,18.0,2.6666666666666665,11.75,13.966666666666669,23.82638888888889
4,7,Collin Sexton,0.0,CLE,CHI,-1.5,213.0,107.3,1,31.8,37.6,44.0,PG/SG,6800,1,27.0,16.0,102,105,-14%,18,19,16,36,34,32,37.5,28.8,21.7,36.0,33.7,27.0,4.0,30.3,4.45,31.5,34.5,4.6,30.9,4.525,34.0,17.666666666666668,30.98,37.800000000000004,31.354411764705883
5,0,Ben Simmons,0.0,PHI,LAL,4.5,217.5,106.5,14,43.0,53.1,82.5,PG/SF,9400,2,22.0,20.0,103,103,-1%,11,13,12,40,40,37,53.4,44.4,33.0,55.8,41.2,59.5,6.3,47.5,5.05,51.1,39.0,5.4,49.3,5.225,39.0,12.0,47.17999999999999,59.53333333333333,49.3
5,1,Shai Gilgeous-Alexander,0.0,OKC,MIN,1.0,225.0,112.0,26,36.0,41.4,46.5,PG/SG,7600,0,23.0,18.0,105,108,2%,13,13,16,37,37,36,41.4,36.1,25.5,46.6,34.1,27.3,3.6,38.8,5.1,40.4,37.0,5.3,39.599999999999994,5.199999999999999,36.666666666666664,14.0,37.839999999999996,41.300000000000004,39.959999999999994
5,2,Christian Wood,0.0,DET,BKN,2.0,227.5,112.8,25,5.3,21.8,32.5,PF/C,4700,0,21.0,23.0,105,106,-3%,8,6,6,27,18,17,21.8,20.1,7.8,32.4,21.3,17.5,3.7,22.8,4.84,17.9,15.0,3.8,20.35,4.32,20.666666666666668,6.666666666666667,20.490000000000002,19.866666666666667,14.770161290322582
5,3,Keita Bates-Diop,0.0,MIN,OKC,-1.0,225.0,113.0,18,0.8,13.2,29.5,SF/PF,3000,0,16.0,12.0,101,106,-3%,5,5,6,16,16,19,13.2,14.9,5.6,24.2,19.5,16.5,5.5,9.5,3.17,11.3,14.5,3.8,10.4,3.485,17.0,5.333333333333333,13.66,14.5,8.870588235294118
5,4,Jarrett Culver,0.0,MIN,OKC,-1.0,225.0,113.0,10,8.8,19.7,40.0,PG/SG,4700,0,20.0,10.0,101,106,1%,7,10,10,21,27,25,19.7,20.2,9.8,30.6,28.4,16.5,3.5,18.0,3.83,22.5,26.0,4.8,20.25,4.3149999999999995,24.333333333333332,9.0,20.11,22.833333333333332,21.636986301369863
5,5,Joe Harris,0.0,BKN,DET,-2.0,227.5,114.8,19,15.0,17.2,21.8,SG/SF,4200,1,17.0,12.0,101,109,1%,8,9,11,30,31,32,17.9,24.9,16.8,33.0,36.5,28.0,6.7,22.3,5.3,22.4,29.5,5.3,22.35,5.3,31.0,9.333333333333334,22.99,18.0,21.26854838709678
5,6,Luke Kornet,0.0,CHI,CLE,1.5,213.0,105.8,16,7.5,18.8,26.3,PF/C,4300,0,16.0,12.0,101,114,1%,10,8,4,17,20,13,18.8,10.4,1.4,19.4,25.6,10.8,2.5,19.5,4.53,18.8,21.5,4.4,19.15,4.465,16.666666666666668,7.333333333333333,13.830000000000002,17.533333333333335,24.703499999999995
5,7,Luguentz Dort,0.0,OKC,MIN,1.0,225.0,112.0,19,3.8,10.7,14.0,SF,3200,0,0.0,0.0,105,108,2%,4,5,4,21,22,19,10.7,8.4,4.1,12.7,30.1,19.0,5.9,11.0,3.44,14.5,25.5,4.5,12.75,3.9699999999999998,20.666666666666668,4.333333333333333,9.73,9.5,15.731854838709678
8,0,Darius Garland,0.0,CLE,CHI,-1.5,213.0,107.3,1,20.8,24.3,32.0,PG,5000,1,22.0,9.0,102,105,-14%,19,16,12,37,34,30,24.0,21.3,13.5,29.2,34.9,14.5,2.9,26.3,5.25,25.8,35.5,5.2,26.05,5.225,33.666666666666664,15.666666666666666,22.81,25.7,27.468564356435643
8,1,Derrick Rose,0.0,DET,BKN,2.0,227.5,112.8,13,32.5,39.4,47.0,PG/SG,7500,0,32.0,22.0,105,106,10%,19,18,16,32,31,27,39.4,32.7,24.6,40.8,37.0,45.5,6.1,39.0,5.2,41.3,31.5,5.5,40.15,5.35,30.0,17.666666666666668,35.53,39.63333333333333,42.1575
8,2,Kevin Love,0.0,CLE,CHI,-1.5,213.0,107.3,29,27.8,37.0,49.3,PF,7900,1,24.0,18.0,102,105,9%,17,16,13,32,33,32,37.0,37.7,26.5,48.9,32.6,40.3,5.1,42.5,5.38,43.3,33.0,5.5,42.9,5.4399999999999995,32.333333333333336,15.333333333333334,38.6,38.03333333333333,43.784536082474226
8,3,Danny Green,0.0,LAL,PHI,-4.5,217.5,111.0,3,10.5,20.8,39.3,SF,3900,1,15.0,12.0,101,103,-4%,8,10,7,19,23,25,20.4,19.3,10.0,28.5,31.1,12.3,3.2,18.5,4.74,18.2,23.5,4.7,18.35,4.720000000000001,22.333333333333332,8.333333333333334,19.310000000000002,23.53333333333333,19.30858208955224
8,4,Deonte Burton,0.0,OKC,MIN,1.0,225.0,112.0,9,2.0,6.2,14.3,SG/SF,3000,0,0.0,0.0,105,108,2%,2,3,3,6,8,8,6.2,5.3,0.0,10.5,12.4,10.8,3.6,9.5,3.17,9.9,13.5,3.3,9.7,3.235,7.333333333333333,2.6666666666666665,6.34,7.5,17.85681818181818
8,5,Ben Simmons,0.0,PHI,LAL,4.5,217.5,106.5,14,43.0,53.1,82.5,PG/SF,9400,2,22.0,20.0,103,103,-1%,11,13,12,40,40,37,53.4,44.4,33.0,55.8,41.2,59.5,6.3,47.5,5.05,51.1,39.0,5.4,49.3,5.225,39.0,12.0,47.17999999999999,59.53333333333333,49.3
8,6,John Henson,0.0,CLE,CHI,-1.5,213.0,107.3,22,7.8,18.1,29.8,C,3000,1,18.0,18.0,102,105,9%,5,6,4,13,15,14,18.1,15.4,7.8,23.0,11.7,11.5,3.8,13.3,4.42,12.1,10.0,4.0,12.7,4.21,14.0,5.0,15.4,18.566666666666666,9.071428571428571
8,7,Shake Milton,0.0,PHI,LAL,4.5,217.5,106.5,14,0.5,10.6,20.3,PG/SG,4000,2,0.0,0.0,103,103,1%,6,5,4,13,11,10,10.9,7.5,0.5,14.5,25.0,24.8,6.2,12.0,3.0,18.3,22.0,4.6,15.15,3.8,11.333333333333334,5.0,9.709999999999999,10.466666666666667,29.408823529411762
9,0,Caris LeVert,0.0,BKN,DET,-2.0,227.5,114.8,2,13.8,23.1,32.0,PG/SF,4800,1,28.0,11.0,101,109,-4%,15,13,14,26,25,27,23.1,26.1,17.9,34.4,22.9,15.5,3.2,25.5,5.31,26.0,26.0,5.4,25.75,5.355,26.0,14.0,25.45,22.96666666666667,25.75
9,1,Coby White,0.0,CHI,CLE,1.5,213.0,105.8,8,12.8,18.6,25.5,PG/SG,4200,0,23.0,10.0,101,114,6%,11,10,11,26,24,24,18.4,21.0,12.0,30.0,18.7,14.5,3.5,22.8,5.42,22.2,26.0,5.3,22.5,5.359999999999999,24.666666666666668,10.666666666666666,20.78,18.96666666666667,23.716216216216218
9,2,Christian Wood,0.0,DET,BKN,2.0,227.5,112.8,25,5.3,21.8,32.5,PF/C,4700,0,21.0,23.0,105,106,-3%,8,6,6,27,18,17,21.8,20.1,7.8,32.4,21.3,17.5,3.7,22.8,4.84,17.9,15.0,3.8,20.35,4.32,20.666666666666668,6.666666666666667,20.490000000000002,19.866666666666667,14.770161290322582
9,3,Ben Simmons,0.0,PHI,LAL,4.5,217.5,106.5,14,43.0,53.1,82.5,PG/SF,9400,2,22.0,20.0,103,103,-1%,11,13,12,40,40,37,53.4,44.4,33.0,55.8,41.2,59.5,6.3,47.5,5.05,51.1,39.0,5.4,49.3,5.225,39.0,12.0,47.17999999999999,59.53333333333333,49.3
9,4,Shabazz Napier,0.0,MIN,OKC,-1.0,225.0,113.0,10,17.0,26.2,36.3,PG,5600,0,21.0,13.0,101,106,1%,5,6,8,28,28,23,26.4,22.3,11.8,32.8,32.0,50.0,8.9,26.8,4.78,27.3,27.5,4.9,27.05,4.84,26.333333333333332,6.333333333333333,24.07,26.5,28.24841772151899
9,5,Wilson Chandler,0.0,BKN,DET,-2.0,227.5,114.8,14,8.0,15.3,23.8,PF,3700,1,15.0,11.0,101,109,1%,6,5,6,21,19,20,15.3,16.5,10.9,22.0,31.0,21.3,5.8,11.5,3.11,11.0,14.5,3.0,11.25,3.0549999999999997,20.0,5.666666666666667,15.190000000000001,15.700000000000001,8.15625
9,6,Karl-Anthony Towns,0.0,MIN,OKC,-1.0,225.0,113.0,20,29.0,44.0,54.0,C,10000,0,29.0,28.0,101,106,-1%,24,20,18,29,30,34,44.0,53.0,41.2,64.7,35.4,64.5,6.5,53.0,5.3,53.1,33.0,5.3,53.05,5.3,31.0,20.666666666666668,51.19,42.333333333333336,56.47258064516129
9,7,John Henson,0.0,CLE,CHI,-1.5,213.0,107.3,22,7.8,18.1,29.8,C,3000,1,18.0,18.0,102,105,9%,5,6,4,13,15,14,18.1,15.4,7.8,23.0,11.7,11.5,3.8,13.3,4.42,12.1,10.0,4.0,12.7,4.21,14.0,5.0,15.4,18.566666666666666,9.071428571428571
10,0,Tomas Satoransky,0.0,CHI,CLE,1.5,213.0,105.8,8,16.0,18.2,20.3,PG,4600,0,18.0,14.0,101,114,6%,7,8,8,24,26,29,18.2,25.0,15.5,34.5,30.4,41.5,9.0,23.0,5.0,22.1,25.5,4.8,22.55,4.9,26.333333333333332,7.666666666666667,23.15,18.166666666666668,21.836392405063293
10,1,Furkan Korkmaz,0.0,PHI,LAL,4.5,217.5,106.5,13,18.0,23.0,33.5,SG,4500,2,17.0,11.0,103,103,1%,12,12,8,26,24,21,23.0,15.4,7.6,23.3,23.0,10.5,2.3,21.8,4.83,22.0,27.0,4.9,21.9,4.865,23.666666666666668,10.666666666666666,18.24,24.833333333333332,24.98450704225352
10,2,Larry Nance Jr.,0.0,CLE,CHI,-1.5,213.0,107.3,29,11.8,26.5,44.0,PF/C,5300,1,14.0,16.0,102,105,9%,12,7,6,28,25,24,26.5,22.4,12.9,31.8,24.1,35.8,6.8,25.8,4.86,25.5,25.5,4.8,25.65,4.83,25.666666666666668,8.333333333333334,23.85,27.433333333333334,25.483441558441555
10,3,Ben Simmons,0.0,PHI,LAL,4.5,217.5,106.5,14,43.0,53.1,82.5,PG/SF,9400,2,22.0,20.0,103,103,-1%,11,13,12,40,40,37,53.4,44.4,33.0,55.8,41.2,59.5,6.3,47.5,5.05,51.1,39.0,5.4,49.3,5.225,39.0,12.0,47.17999999999999,59.53333333333333,49.3
10,4,Kentavious Caldwell-Pope,0.0,LAL,PHI,-4.5,217.5,111.0,2,10.8,23.2,35.8,SG/SF,3700,1,15.0,12.0,101,103,-4%,8,10,8,27,28,27,23.2,18.3,11.6,25.1,32.7,14.5,3.9,15.3,4.12,18.0,26.5,4.9,16.65,4.51,27.333333333333332,8.666666666666666,18.97,23.266666666666666,16.142378048780486
10,5,Luguentz Dort,0.0,OKC,MIN,1.0,225.0,112.0,19,3.8,10.7,14.0,SF,3200,0,0.0,0.0,105,108,2%,4,5,4,21,22,19,10.7,8.4,4.1,12.7,30.1,19.0,5.9,11.0,3.44,14.5,25.5,4.5,12.75,3.9699999999999998,20.666666666666668,4.333333333333333,9.73,9.5,15.731854838709678
10,6,John Henson,0.0,CLE,CHI,-1.5,213.0,107.3,22,7.8,18.1,29.8,C,3000,1,18.0,18.0,102,105,9%,5,6,4,13,15,14,18.1,15.4,7.8,23.0,11.7,11.5,3.8,13.3,4.42,12.1,10.0,4.0,12.7,4.21,14.0,5.0,15.4,18.566666666666666,9.071428571428571
10,7,Mike Scott,0.0,PHI,LAL,4.5,217.5,106.5,13,2.8,10.4,18.5,PF,3100,2,13.0,10.0,103,103,-6%,6,4,5,15,15,18,12.2,12.2,5.8,18.7,9.7,6.5,2.1,13.8,4.44,11.5,15.0,3.7,12.65,4.07,16.0,5.0,12.309999999999999,10.566666666666666,11.859375
11,0,Caris LeVert,0.0,BKN,DET,-2.0,227.5,114.8,2,13.8,23.1,32.0,PG/SF,4800,1,28.0,11.0,101,109,-4%,15,13,14,26,25,27,23.1,26.1,17.9,34.4,22.9,15.5,3.2,25.5,5.31,26.0,26.0,5.4,25.75,5.355,26.0,14.0,25.45,22.96666666666667,25.75
11,1,Andrew Wiggins,0.0,MIN,OKC,-1.0,225.0,113.0,22,26.5,39.0,51.0,SG/SF,7000,0,28.0,17.0,101,106,-3%,19,17,20,34,34,35,39.3,38.1,28.3,48.0,33.8,29.8,4.3,34.5,4.93,36.4,34.0,5.2,35.45,5.0649999999999995,34.333333333333336,18.666666666666668,37.830000000000005,38.833333333333336,35.105825242718446
11,2,Jared Dudley,0.0,LAL,PHI,-4.5,217.5,111.0,3,-0.5,8.1,21.3,SF/PF,3400,1,0.0,0.0,101,103,-5%,3,2,1,11,12,9,8.1,5.0,-0.8,10.9,7.3,4.8,1.4,14.5,4.26,0.0,0.0,0.0,7.25,2.13,10.666666666666666,2.0,6.09,9.633333333333333,0.0
11,3,Ben Simmons,0.0,PHI,LAL,4.5,217.5,106.5,14,43.0,53.1,82.5,PG/SF,9400,2,22.0,20.0,103,103,-1%,11,13,12,40,40,37,53.4,44.4,33.0,55.8,41.2,59.5,6.3,47.5,5.05,51.1,39.0,5.4,49.3,5.225,39.0,12.0,47.17999999999999,59.53333333333333,49.3
11,4,Bruce Brown,0.0,DET,BKN,2.0,227.5,112.8,13,8.8,18.0,27.3,PG/SF,3900,0,17.0,12.0,105,106,0%,3,6,8,23,25,28,17.9,23.1,12.8,33.4,36.2,31.8,8.2,17.5,4.49,23.4,28.0,6.0,20.45,5.245,25.333333333333332,5.666666666666667,21.53,18.033333333333335,22.602631578947367
11,5,Joe Harris,0.0,BKN,DET,-2.0,227.5,114.8,19,15.0,17.2,21.8,SG/SF,4200,1,17.0,12.0,101,109,1%,8,9,11,30,31,32,17.9,24.9,16.8,33.0,36.5,28.0,6.7,22.3,5.3,22.4,29.5,5.3,22.35,5.3,31.0,9.333333333333334,22.99,18.0,21.26854838709678
11,6,Markieff Morris,0.0,DET,BKN,2.0,227.5,112.8,25,13.5,25.1,35.5,PF/C,5500,0,22.0,13.0,105,106,-3%,13,12,9,28,23,23,25.1,20.3,11.6,28.9,26.8,16.0,2.9,20.3,3.68,22.0,23.5,4.0,21.15,3.84,24.666666666666668,11.333333333333334,21.410000000000004,24.7,20.14966216216216
11,7,Kyrie Irving,0.0,BKN,DET,-2.0,227.5,114.8,2,32.0,41.0,63.3,PG,8700,1,33.0,25.0,101,109,2%,16,18,22,32,34,34,42.7,48.3,34.9,61.6,40.0,65.0,7.5,46.5,5.34,46.0,33.0,5.3,46.25,5.32,33.333333333333336,18.666666666666668,46.75,45.43333333333334,45.7875
12,0,Coby White,0.0,CHI,CLE,1.5,213.0,105.8,8,12.8,18.6,25.5,PG/SG,4200,0,23.0,10.0,101,114,6%,11,10,11,26,24,24,18.4,21.0,12.0,30.0,18.7,14.5,3.5,22.8,5.42,22.2,26.0,5.3,22.5,5.359999999999999,24.666666666666668,10.666666666666666,20.78,18.96666666666667,23.716216216216218
12,1,Andrew Wiggins,0.0,MIN,OKC,-1.0,225.0,113.0,22,26.5,39.0,51.0,SG/SF,7000,0,28.0,17.0,101,106,-3%,19,17,20,34,34,35,39.3,38.1,28.3,48.0,33.8,29.8,4.3,34.5,4.93,36.4,34.0,5.2,35.45,5.0649999999999995,34.333333333333336,18.666666666666668,37.830000000000005,38.833333333333336,35.105825242718446
12,2,Thaddeus Young,0.0,CHI,CLE,1.5,213.0,105.8,16,10.0,20.0,36.0,PF,4400,0,20.0,13.0,101,114,1%,7,7,9,24,25,23,20.0,20.1,12.1,28.1,34.7,24.8,5.6,28.8,6.53,28.6,32.0,6.5,28.700000000000003,6.515000000000001,24.0,7.666666666666667,21.8,22.0,38.26666666666667
12,3,Bruce Brown,0.0,DET,BKN,2.0,227.5,112.8,13,8.8,18.0,27.3,PG/SF,3900,0,17.0,12.0,105,106,0%,3,6,8,23,25,28,17.9,23.1,12.8,33.4,36.2,31.8,8.2,17.5,4.49,23.4,28.0,6.0,20.45,5.245,25.333333333333332,5.666666666666667,21.53,18.033333333333335,22.602631578947367
12,4,Shake Milton,0.0,PHI,LAL,4.5,217.5,106.5,14,0.5,10.6,20.3,PG/SG,4000,2,0.0,0.0,103,103,1%,6,5,4,13,11,10,10.9,7.5,0.5,14.5,25.0,24.8,6.2,12.0,3.0,18.3,22.0,4.6,15.15,3.8,11.333333333333334,5.0,9.709999999999999,10.466666666666667,29.408823529411762
12,5,Josh Okogie,0.0,MIN,OKC,-1.0,225.0,113.0,22,14.0,23.9,35.5,SG/SF,3700,0,16.0,11.0,101,106,-7%,6,8,6,26,26,24,23.5,18.8,10.5,27.1,18.4,10.3,2.8,18.3,4.93,18.3,24.0,4.9,18.3,4.915,25.333333333333332,6.666666666666667,19.64,24.46666666666667,17.33684210526316
12,6,Karl-Anthony Towns,0.0,MIN,OKC,-1.0,225.0,113.0,20,29.0,44.0,54.0,C,10000,0,29.0,28.0,101,106,-1%,24,20,18,29,30,34,44.0,53.0,41.2,64.7,35.4,64.5,6.5,53.0,5.3,53.1,33.0,5.3,53.05,5.3,31.0,20.666666666666668,51.19,42.333333333333336,56.47258064516129
12,7,Chandler Hutchison,0.0,CHI,CLE,1.5,213.0,105.8,26,16.0,19.4,26.5,SF/PF,3900,0,17.0,11.0,101,114,5%,6,5,5,20,20,17,18.9,14.3,7.9,20.7,15.4,14.3,3.7,17.0,4.36,16.1,21.0,4.1,16.55,4.23,19.0,5.333333333333333,15.670000000000002,20.633333333333333,18.292105263157897
13,0,Dennis Schroder,0.0,OKC,MIN,1.0,225.0,112.0,26,25.3,37.5,49.3,PG/SG,6900,0,27.0,16.0,105,108,2%,17,15,15,32,33,31,37.5,30.8,21.2,40.5,31.4,37.0,5.4,32.5,4.71,32.6,32.0,4.7,32.55,4.705,32.0,15.666666666666666,32.510000000000005,37.36666666666667,32.55
13,1,Furkan Korkmaz,0.0,PHI,LAL,4.5,217.5,106.5,13,18.0,23.0,33.5,SG,4500,2,17.0,11.0,103,103,1%,12,12,8,26,24,21,23.0,15.4,7.6,23.3,23.0,10.5,2.3,21.8,4.83,22.0,27.0,4.9,21.9,4.865,23.666666666666668,10.666666666666666,18.24,24.833333333333332,24.98450704225352
13,2,Keita Bates-Diop,0.0,MIN,OKC,-1.0,225.0,113.0,18,0.8,13.2,29.5,SF/PF,3000,0,16.0,12.0,101,106,-3%,5,5,6,16,16,19,13.2,14.9,5.6,24.2,19.5,16.5,5.5,9.5,3.17,11.3,14.5,3.8,10.4,3.485,17.0,5.333333333333333,13.66,14.5,8.870588235294118
13,3,Kris Dunn,0.0,CHI,CLE,1.5,213.0,105.8,8,6.0,24.8,32.0,PG/SF,5800,0,16.0,12.0,101,114,6%,5,6,7,29,28,26,25.1,21.6,13.0,30.3,32.7,28.3,4.9,26.3,4.53,26.5,31.5,4.6,26.4,4.5649999999999995,27.666666666666668,6.0,23.28,20.933333333333334,30.0578313253012
13,4,Langston Galloway,0.0,DET,BKN,2.0,227.5,112.8,23,2.5,19.7,26.8,SG,3600,0,16.0,13.0,105,106,0%,11,9,8,32,30,26,22.4,18.2,11.0,25.4,33.3,22.3,6.2,20.0,5.56,20.4,28.5,5.7,20.2,5.63,29.333333333333332,9.333333333333334,19.44,16.333333333333332,19.626136363636363
13,5,Matisse Thybulle,0.0,PHI,LAL,4.5,217.5,106.5,13,15.3,20.9,25.0,SG/SF,4600,2,13.0,10.0,103,103,-1%,10,7,4,30,31,20,20.9,13.9,5.1,22.7,35.6,20.8,4.5,21.8,4.73,23.1,31.5,5.0,22.450000000000003,4.865,27.0,7.0,17.01,20.400000000000002,26.19166666666667
13,6,Christian Wood,0.0,DET,BKN,2.0,227.5,112.8,25,5.3,21.8,32.5,PF/C,4700,0,21.0,23.0,105,106,-3%,8,6,6,27,18,17,21.8,20.1,7.8,32.4,21.3,17.5,3.7,22.8,4.84,17.9,15.0,3.8,20.35,4.32,20.666666666666668,6.666666666666667,20.490000000000002,19.866666666666667,14.770161290322582
13,7,Larry Nance Jr.,0.0,CLE,CHI,-1.5,213.0,107.3,29,11.8,26.5,44.0,PF/C,5300,1,14.0,16.0,102,105,9%,12,7,6,28,25,24,26.5,22.4,12.9,31.8,24.1,35.8,6.8,25.8,4.86,25.5,25.5,4.8,25.65,4.83,25.666666666666668,8.333333333333334,23.85,27.433333333333334,25.483441558441555
15,0,Darius Garland,0.0,CLE,CHI,-1.5,213.0,107.3,1,20.8,24.3,32.0,PG,5000,1,22.0,9.0,102,105,-14%,19,16,12,37,34,30,24.0,21.3,13.5,29.2,34.9,14.5,2.9,26.3,5.25,25.8,35.5,5.2,26.05,5.225,33.666666666666664,15.666666666666666,22.81,25.7,27.468564356435643
15,1,Zach LaVine,0.0,CHI,CLE,1.5,213.0,105.8,21,33.0,41.7,68.5,SG,9200,0,31.0,20.0,101,114,6%,20,22,20,33,36,34,41.6,40.1,28.4,51.8,39.4,72.5,7.9,46.3,5.03,46.4,36.0,5.0,46.349999999999994,5.015000000000001,34.333333333333336,20.666666666666668,41.65,47.73333333333333,48.59999999999999
15,2,Mike Muscala,0.0,OKC,MIN,1.0,225.0,112.0,12,5.0,13.0,22.8,PF/C,3500,0,16.0,10.0,105,108,1%,7,5,4,19,19,13,12.9,10.2,2.2,18.2,24.9,25.0,7.1,21.3,6.07,19.9,23.5,5.7,20.6,5.885,17.0,5.333333333333333,12.819999999999999,13.6,28.476470588235298
15,3,Josh Okogie,0.0,MIN,OKC,-1.0,225.0,113.0,22,14.0,23.9,35.5,SG/SF,3700,0,16.0,11.0,101,106,-7%,6,8,6,26,26,24,23.5,18.8,10.5,27.1,18.4,10.3,2.8,18.3,4.93,18.3,24.0,4.9,18.3,4.915,25.333333333333332,6.666666666666667,19.64,24.46666666666667,17.33684210526316
15,4,Furkan Korkmaz,0.0,PHI,LAL,4.5,217.5,106.5,13,18.0,23.0,33.5,SG,4500,2,17.0,11.0,103,103,1%,12,12,8,26,24,21,23.0,15.4,7.6,23.3,23.0,10.5,2.3,21.8,4.83,22.0,27.0,4.9,21.9,4.865,23.666666666666668,10.666666666666666,18.24,24.833333333333332,24.98450704225352
15,5,Christian Wood,0.0,DET,BKN,2.0,227.5,112.8,25,5.3,21.8,32.5,PF/C,4700,0,21.0,23.0,105,106,-3%,8,6,6,27,18,17,21.8,20.1,7.8,32.4,21.3,17.5,3.7,22.8,4.84,17.9,15.0,3.8,20.35,4.32,20.666666666666668,6.666666666666667,20.490000000000002,19.866666666666667,14.770161290322582
15,6,John Henson,0.0,CLE,CHI,-1.5,213.0,107.3,22,7.8,18.1,29.8,C,3000,1,18.0,18.0,102,105,9%,5,6,4,13,15,14,18.1,15.4,7.8,23.0,11.7,11.5,3.8,13.3,4.42,12.1,10.0,4.0,12.7,4.21,14.0,5.0,15.4,18.566666666666666,9.071428571428571
15,7,Shai Gilgeous-Alexander,0.0,OKC,MIN,1.0,225.0,112.0,26,36.0,41.4,46.5,PG/SG,7600,0,23.0,18.0,105,108,2%,13,13,16,37,37,36,41.4,36.1,25.5,46.6,34.1,27.3,3.6,38.8,5.1,40.4,37.0,5.3,39.599999999999994,5.199999999999999,36.666666666666664,14.0,37.839999999999996,41.300000000000004,39.959999999999994
16,0,Darius Garland,0.0,CLE,CHI,-1.5,213.0,107.3,1,20.8,24.3,32.0,PG,5000,1,22.0,9.0,102,105,-14%,19,16,12,37,34,30,24.0,21.3,13.5,29.2,34.9,14.5,2.9,26.3,5.25,25.8,35.5,5.2,26.05,5.225,33.666666666666664,15.666666666666666,22.81,25.7,27.468564356435643
16,1,Andrew Wiggins,0.0,MIN,OKC,-1.0,225.0,113.0,22,26.5,39.0,51.0,SG/SF,7000,0,28.0,17.0,101,106,-3%,19,17,20,34,34,35,39.3,38.1,28.3,48.0,33.8,29.8,4.3,34.5,4.93,36.4,34.0,5.2,35.45,5.0649999999999995,34.333333333333336,18.666666666666668,37.830000000000005,38.833333333333336,35.105825242718446
16,2,Luke Kornet,0.0,CHI,CLE,1.5,213.0,105.8,16,7.5,18.8,26.3,PF/C,4300,0,16.0,12.0,101,114,1%,10,8,4,17,20,13,18.8,10.4,1.4,19.4,25.6,10.8,2.5,19.5,4.53,18.8,21.5,4.4,19.15,4.465,16.666666666666668,7.333333333333333,13.830000000000002,17.533333333333335,24.703499999999995
16,3,Kentavious Caldwell-Pope,0.0,LAL,PHI,-4.5,217.5,111.0,2,10.8,23.2,35.8,SG/SF,3700,1,15.0,12.0,101,103,-4%,8,10,8,27,28,27,23.2,18.3,11.6,25.1,32.7,14.5,3.9,15.3,4.12,18.0,26.5,4.9,16.65,4.51,27.333333333333332,8.666666666666666,18.97,23.266666666666666,16.142378048780486
16,4,Hamidou Diallo,0.0,OKC,MIN,1.0,225.0,112.0,9,5.8,14.3,25.3,SG/SF,3100,0,18.0,9.0,105,108,2%,5,6,7,23,23,20,14.3,14.5,7.4,21.6,22.2,25.5,8.2,16.3,5.24,16.7,22.5,5.4,16.5,5.32,22.0,6.0,14.860000000000003,15.133333333333335,16.875
16,5,Svi Mykhailiuk,0.0,DET,BKN,2.0,227.5,112.8,23,13.5,24.4,37.5,SG/SF,4900,0,16.0,12.0,105,106,-11%,8,10,7,31,29,21,24.4,14.8,5.7,23.9,37.8,32.8,6.7,23.8,4.85,21.4,30.5,4.4,22.6,4.625,27.0,8.333333333333334,18.28,25.133333333333336,25.529629629629632
16,6,Karl-Anthony Towns,0.0,MIN,OKC,-1.0,225.0,113.0,20,29.0,44.0,54.0,C,10000,0,29.0,28.0,101,106,-1%,24,20,18,29,30,34,44.0,53.0,41.2,64.7,35.4,64.5,6.5,53.0,5.3,53.1,33.0,5.3,53.05,5.3,31.0,20.666666666666668,51.19,42.333333333333336,56.47258064516129
16,7,Tomas Satoransky,0.0,CHI,CLE,1.5,213.0,105.8,8,16.0,18.2,20.3,PG,4600,0,18.0,14.0,101,114,6%,7,8,8,24,26,29,18.2,25.0,15.5,34.5,30.4,41.5,9.0,23.0,5.0,22.1,25.5,4.8,22.55,4.9,26.333333333333332,7.666666666666667,23.15,18.166666666666668,21.836392405063293
17,0,Dennis Schroder,0.0,OKC,MIN,1.0,225.0,112.0,26,25.3,37.5,49.3,PG/SG,6900,0,27.0,16.0,105,108,2%,17,15,15,32,33,31,37.5,30.8,21.2,40.5,31.4,37.0,5.4,32.5,4.71,32.6,32.0,4.7,32.55,4.705,32.0,15.666666666666666,32.510000000000005,37.36666666666667,32.55
17,1,Collin Sexton,0.0,CLE,CHI,-1.5,213.0,107.3,1,31.8,37.6,44.0,PG/SG,6800,1,27.0,16.0,102,105,-14%,18,19,16,36,34,32,37.5,28.8,21.7,36.0,33.7,27.0,4.0,30.3,4.45,31.5,34.5,4.6,30.9,4.525,34.0,17.666666666666668,30.98,37.800000000000004,31.354411764705883
17,2,Mike Muscala,0.0,OKC,MIN,1.0,225.0,112.0,12,5.0,13.0,22.8,PF/C,3500,0,16.0,10.0,105,108,1%,7,5,4,19,19,13,12.9,10.2,2.2,18.2,24.9,25.0,7.1,21.3,6.07,19.9,23.5,5.7,20.6,5.885,17.0,5.333333333333333,12.819999999999999,13.6,28.476470588235298
17,3,Chandler Hutchison,0.0,CHI,CLE,1.5,213.0,105.8,26,16.0,19.4,26.5,SF/PF,3900,0,17.0,11.0,101,114,5%,6,5,5,20,20,17,18.9,14.3,7.9,20.7,15.4,14.3,3.7,17.0,4.36,16.1,21.0,4.1,16.55,4.23,19.0,5.333333333333333,15.670000000000002,20.633333333333333,18.292105263157897
17,4,LeBron James,0.0,LAL,PHI,-4.5,217.5,111.0,9,42.8,52.3,61.8,PG/SF,10400,1,34.0,27.0,101,103,-5%,18,18,20,35,34,35,52.9,55.8,45.1,66.4,35.4,48.3,4.6,51.8,4.98,53.5,35.5,5.1,52.65,5.04,34.666666666666664,18.666666666666668,54.56999999999999,52.29999999999999,53.915625
17,5,Josh Okogie,0.0,MIN,OKC,-1.0,225.0,113.0,22,14.0,23.9,35.5,SG/SF,3700,0,16.0,11.0,101,106,-7%,6,8,6,26,26,24,23.5,18.8,10.5,27.1,18.4,10.3,2.8,18.3,4.93,18.3,24.0,4.9,18.3,4.915,25.333333333333332,6.666666666666667,19.64,24.46666666666667,17.33684210526316
17,6,Gorgui Dieng,0.0,MIN,OKC,-1.0,225.0,113.0,20,9.5,17.5,24.3,C,3800,0,18.0,19.0,101,106,-1%,4,5,6,14,16,18,17.5,21.1,7.9,34.3,5.8,2.5,0.7,15.3,4.01,17.0,14.5,4.5,16.15,4.255,16.0,5.0,19.390000000000004,17.099999999999998,14.635937499999999
17,7,Shake Milton,0.0,PHI,LAL,4.5,217.5,106.5,14,0.5,10.6,20.3,PG/SG,4000,2,0.0,0.0,103,103,1%,6,5,4,13,11,10,10.9,7.5,0.5,14.5,25.0,24.8,6.2,12.0,3.0,18.3,22.0,4.6,15.15,3.8,11.333333333333334,5.0,9.709999999999999,10.466666666666667,29.408823529411762
19,0,Shai Gilgeous-Alexander,0.0,OKC,MIN,1.0,225.0,112.0,26,36.0,41.4,46.5,PG/SG,7600,0,23.0,18.0,105,108,2%,13,13,16,37,37,36,41.4,36.1,25.5,46.6,34.1,27.3,3.6,38.8,5.1,40.4,37.0,5.3,39.599999999999994,5.199999999999999,36.666666666666664,14.0,37.839999999999996,41.300000000000004,39.959999999999994
19,1,Allen Crabbe,0.0,MIN,OKC,-1.0,225.0,113.0,22,6.0,8.8,10.5,SG/SF,3000,0,13.0,7.0,101,106,-7%,7,5,5,21,18,19,8.8,11.2,4.9,17.4,4.0,0.8,0.3,13.0,4.33,13.0,20.5,4.3,13.0,4.3149999999999995,19.333333333333332,5.666666666666667,11.059999999999999,8.433333333333334,13.78448275862069
19,2,Kevin Love,0.0,CLE,CHI,-1.5,213.0,107.3,29,27.8,37.0,49.3,PF,7900,1,24.0,18.0,102,105,9%,17,16,13,32,33,32,37.0,37.7,26.5,48.9,32.6,40.3,5.1,42.5,5.38,43.3,33.0,5.5,42.9,5.4399999999999995,32.333333333333336,15.333333333333334,38.6,38.03333333333333,43.784536082474226
19,3,Alfonzo McKinnie,0.0,CLE,CHI,-1.5,213.0,107.3,13,9.8,16.6,31.5,SF/PF,3000,1,14.0,8.0,102,105,2%,6,6,4,19,22,13,16.6,8.8,0.9,16.7,17.7,12.0,4.0,14.5,4.83,12.5,17.5,4.2,13.5,4.515000000000001,18.0,5.333333333333333,11.3,19.3,13.125
19,4,Zach LaVine,0.0,CHI,CLE,1.5,213.0,105.8,21,33.0,41.7,68.5,SG,9200,0,31.0,20.0,101,114,6%,20,22,20,33,36,34,41.6,40.1,28.4,51.8,39.4,72.5,7.9,46.3,5.03,46.4,36.0,5.0,46.349999999999994,5.015000000000001,34.333333333333336,20.666666666666668,41.65,47.73333333333333,48.59999999999999
19,5,Joe Harris,0.0,BKN,DET,-2.0,227.5,114.8,19,15.0,17.2,21.8,SG/SF,4200,1,17.0,12.0,101,109,1%,8,9,11,30,31,32,17.9,24.9,16.8,33.0,36.5,28.0,6.7,22.3,5.3,22.4,29.5,5.3,22.35,5.3,31.0,9.333333333333334,22.99,18.0,21.26854838709678
19,6,Dwight Howard,0.0,LAL,PHI,-4.5,217.5,111.0,23,23.0,29.5,37.5,C,5200,1,14.0,19.0,101,103,-9%,7,6,4,25,24,20,29.5,22.1,12.7,31.5,16.1,8.3,1.6,21.8,4.18,28.8,27.0,5.5,25.3,4.84,23.0,5.666666666666667,24.22,30.0,29.700000000000003
19,7,Shabazz Napier,0.0,MIN,OKC,-1.0,225.0,113.0,10,17.0,26.2,36.3,PG,5600,0,21.0,13.0,101,106,1%,5,6,8,28,28,23,26.4,22.3,11.8,32.8,32.0,50.0,8.9,26.8,4.78,27.3,27.5,4.9,27.05,4.84,26.333333333333332,6.333333333333333,24.07,26.5,28.24841772151899
20,0,Ryan Arcidiacono,0.0,CHI,CLE,1.5,213.0,105.8,8,5.3,7.7,10.3,PG/SG,3000,0,13.0,8.0,101,114,6%,2,4,4,14,12,15,7.7,9.4,3.5,15.3,12.2,10.5,3.5,8.8,2.92,8.5,13.0,2.8,8.65,2.86,13.666666666666666,3.3333333333333335,8.91,7.766666666666667,8.228048780487805
20,1,Garrett Temple,0.0,BKN,DET,-2.0,227.5,114.8,19,8.8,17.5,23.3,SG,3800,1,17.0,10.0,101,109,-4%,6,8,10,19,23,29,17.5,21.4,12.6,30.2,22.2,10.8,2.8,10.8,2.83,17.4,24.0,4.6,14.1,3.715,23.666666666666668,8.0,19.159999999999997,16.533333333333335,14.298591549295775
20,2,Keita Bates-Diop,0.0,MIN,OKC,-1.0,225.0,113.0,18,0.8,13.2,29.5,SF/PF,3000,0,16.0,12.0,101,106,-3%,5,5,6,16,16,19,13.2,14.9,5.6,24.2,19.5,16.5,5.5,9.5,3.17,11.3,14.5,3.8,10.4,3.485,17.0,5.333333333333333,13.66,14.5,8.870588235294118
20,3,Tobias Harris,0.0,PHI,LAL,4.5,217.5,106.5,15,26.3,36.9,56.5,SF/PF,7100,2,23.0,17.0,103,103,-5%,18,16,16,37,36,35,36.9,36.1,26.9,45.3,38.3,42.5,6.0,37.5,5.28,38.6,35.5,5.4,38.05,5.34,36.0,16.666666666666668,36.65,39.9,37.52152777777778
20,4,Dante Exum,0.0,CLE,CHI,-1.5,213.0,107.3,1,5.0,7.5,9.0,PG/SG,3400,1,16.0,10.0,102,105,-14%,3,3,3,20,18,13,7.5,8.5,0.9,16.1,22.2,14.8,4.4,14.3,4.19,12.0,16.5,3.5,13.15,3.845,17.0,3.0,9.23,7.166666666666667,12.763235294117647
20,5,Alfonzo McKinnie,0.0,CLE,CHI,-1.5,213.0,107.3,13,9.8,16.6,31.5,SF/PF,3000,1,14.0,8.0,102,105,2%,6,6,4,19,22,13,16.6,8.8,0.9,16.7,17.7,12.0,4.0,14.5,4.83,12.5,17.5,4.2,13.5,4.515000000000001,18.0,5.333333333333333,11.3,19.3,13.125
20,6,Larry Nance Jr.,0.0,CLE,CHI,-1.5,213.0,107.3,29,11.8,26.5,44.0,PF/C,5300,1,14.0,16.0,102,105,9%,12,7,6,28,25,24,26.5,22.4,12.9,31.8,24.1,35.8,6.8,25.8,4.86,25.5,25.5,4.8,25.65,4.83,25.666666666666668,8.333333333333334,23.85,27.433333333333334,25.483441558441555
20,7,Kentavious Caldwell-Pope,0.0,LAL,PHI,-4.5,217.5,111.0,2,10.8,23.2,35.8,SG/SF,3700,1,15.0,12.0,101,103,-4%,8,10,8,27,28,27,23.2,18.3,11.6,25.1,32.7,14.5,3.9,15.3,4.12,18.0,26.5,4.9,16.65,4.51,27.333333333333332,8.666666666666666,18.97,23.266666666666666,16.142378048780486
21,0,Jordan McLaughlin,0.0,MIN,OKC,-1.0,225.0,113.0,10,10.5,14.4,20.0,PG,3000,0,0.0,0.0,101,106,1%,5,5,5,20,18,17,14.4,13.5,5.1,21.8,20.0,9.8,3.3,12.8,4.25,10.4,13.5,3.5,11.600000000000001,3.875,18.333333333333332,5.0,13.280000000000001,14.966666666666667,8.541818181818183
21,1,Hamidou Diallo,0.0,OKC,MIN,1.0,225.0,112.0,9,5.8,14.3,25.3,SG/SF,3100,0,18.0,9.0,105,108,2%,5,6,7,23,23,20,14.3,14.5,7.4,21.6,22.2,25.5,8.2,16.3,5.24,16.7,22.5,5.4,16.5,5.32,22.0,6.0,14.860000000000003,15.133333333333335,16.875
21,2,Al Horford,0.0,PHI,LAL,4.5,217.5,106.5,13,18.3,32.6,39.5,PF/C,6500,2,19.0,16.0,103,103,-6%,13,13,12,31,32,31,32.6,30.9,22.2,39.7,34.9,27.0,4.2,35.0,5.38,35.2,32.5,5.4,35.1,5.390000000000001,31.333333333333332,12.666666666666666,32.1,30.133333333333336,36.40691489361702
21,3,Danny Green,0.0,LAL,PHI,-4.5,217.5,111.0,3,10.5,20.8,39.3,SF,3900,1,15.0,12.0,101,103,-4%,8,10,7,19,23,25,20.4,19.3,10.0,28.5,31.1,12.3,3.2,18.5,4.74,18.2,23.5,4.7,18.35,4.720000000000001,22.333333333333332,8.333333333333334,19.310000000000002,23.53333333333333,19.30858208955224
21,4,Ben Simmons,0.0,PHI,LAL,4.5,217.5,106.5,14,43.0,53.1,82.5,PG/SF,9400,2,22.0,20.0,103,103,-1%,11,13,12,40,40,37,53.4,44.4,33.0,55.8,41.2,59.5,6.3,47.5,5.05,51.1,39.0,5.4,49.3,5.225,39.0,12.0,47.17999999999999,59.53333333333333,49.3
21,5,Christian Wood,0.0,DET,BKN,2.0,227.5,112.8,25,5.3,21.8,32.5,PF/C,4700,0,21.0,23.0,105,106,-3%,8,6,6,27,18,17,21.8,20.1,7.8,32.4,21.3,17.5,3.7,22.8,4.84,17.9,15.0,3.8,20.35,4.32,20.666666666666668,6.666666666666667,20.490000000000002,19.866666666666667,14.770161290322582
21,6,Tristan Thompson,0.0,CLE,CHI,-1.5,213.0,107.3,22,10.0,22.9,47.0,C,5900,1,18.0,17.0,102,105,11%,9,8,10,36,31,32,27.9,32.2,20.9,43.6,27.6,23.3,3.9,27.5,4.66,30.3,30.0,5.1,28.9,4.88,33.0,9.0,30.7,26.633333333333336,26.272727272727273
21,7,Chris Paul,0.0,OKC,MIN,1.0,225.0,112.0,26,26.8,38.7,50.0,PG,7000,0,23.0,21.0,105,108,2%,13,14,13,29,30,32,38.7,36.7,27.5,45.9,31.7,49.0,7.0,39.3,5.61,38.0,31.5,5.4,38.65,5.505000000000001,30.333333333333332,13.333333333333334,37.49,38.5,40.13653846153846
23,0,Chris Paul,0.0,OKC,MIN,1.0,225.0,112.0,26,26.8,38.7,50.0,PG,7000,0,23.0,21.0,105,108,2%,13,14,13,29,30,32,38.7,36.7,27.5,45.9,31.7,49.0,7.0,39.3,5.61,38.0,31.5,5.4,38.65,5.505000000000001,30.333333333333332,13.333333333333334,37.49,38.5,40.13653846153846
23,1,Shai Gilgeous-Alexander,0.0,OKC,MIN,1.0,225.0,112.0,26,36.0,41.4,46.5,PG/SG,7600,0,23.0,18.0,105,108,2%,13,13,16,37,37,36,41.4,36.1,25.5,46.6,34.1,27.3,3.6,38.8,5.1,40.4,37.0,5.3,39.599999999999994,5.199999999999999,36.666666666666664,14.0,37.839999999999996,41.300000000000004,39.959999999999994
23,2,Thaddeus Young,0.0,CHI,CLE,1.5,213.0,105.8,16,10.0,20.0,36.0,PF,4400,0,20.0,13.0,101,114,1%,7,7,9,24,25,23,20.0,20.1,12.1,28.1,34.7,24.8,5.6,28.8,6.53,28.6,32.0,6.5,28.700000000000003,6.515000000000001,24.0,7.666666666666667,21.8,22.0,38.26666666666667
23,3,Allen Crabbe,0.0,MIN,OKC,-1.0,225.0,113.0,22,6.0,8.8,10.5,SG/SF,3000,0,13.0,7.0,101,106,-7%,7,5,5,21,18,19,8.8,11.2,4.9,17.4,4.0,0.8,0.3,13.0,4.33,13.0,20.5,4.3,13.0,4.3149999999999995,19.333333333333332,5.666666666666667,11.059999999999999,8.433333333333334,13.78448275862069
23,4,Josh Okogie,0.0,MIN,OKC,-1.0,225.0,113.0,22,14.0,23.9,35.5,SG/SF,3700,0,16.0,11.0,101,106,-7%,6,8,6,26,26,24,23.5,18.8,10.5,27.1,18.4,10.3,2.8,18.3,4.93,18.3,24.0,4.9,18.3,4.915,25.333333333333332,6.666666666666667,19.64,24.46666666666667,17.33684210526316
23,5,Louis King,0.0,DET,BKN,2.0,227.5,112.8,28,0.0,4.8,15.0,SF/PF,3000,0,0.0,0.0,105,106,-3%,2,1,2,8,5,5,4.8,4.9,-1.0,10.7,11.8,4.0,1.3,12.5,4.17,0.0,0.0,0.0,6.25,2.085,6.0,1.6666666666666667,5.13,6.6000000000000005,0.0
23,6,Mike Muscala,0.0,OKC,MIN,1.0,225.0,112.0,12,5.0,13.0,22.8,PF/C,3500,0,16.0,10.0,105,108,1%,7,5,4,19,19,13,12.9,10.2,2.2,18.2,24.9,25.0,7.1,21.3,6.07,19.9,23.5,5.7,20.6,5.885,17.0,5.333333333333333,12.819999999999999,13.6,28.476470588235298
23,7,Luke Kornet,0.0,CHI,CLE,1.5,213.0,105.8,16,7.5,18.8,26.3,PF/C,4300,0,16.0,12.0,101,114,1%,10,8,4,17,20,13,18.8,10.4,1.4,19.4,25.6,10.8,2.5,19.5,4.53,18.8,21.5,4.4,19.15,4.465,16.666666666666668,7.333333333333333,13.830000000000002,17.533333333333335,24.703499999999995
24,0,Ryan Arcidiacono,0.0,CHI,CLE,1.5,213.0,105.8,8,5.3,7.7,10.3,PG/SG,3000,0,13.0,8.0,101,114,6%,2,4,4,14,12,15,7.7,9.4,3.5,15.3,12.2,10.5,3.5,8.8,2.92,8.5,13.0,2.8,8.65,2.86,13.666666666666666,3.3333333333333335,8.91,7.766666666666667,8.228048780487805
24,1,Josh Okogie,0.0,MIN,OKC,-1.0,225.0,113.0,22,14.0,23.9,35.5,SG/SF,3700,0,16.0,11.0,101,106,-7%,6,8,6,26,26,24,23.5,18.8,10.5,27.1,18.4,10.3,2.8,18.3,4.93,18.3,24.0,4.9,18.3,4.915,25.333333333333332,6.666666666666667,19.64,24.46666666666667,17.33684210526316
24,2,Larry Nance Jr.,0.0,CLE,CHI,-1.5,213.0,107.3,29,11.8,26.5,44.0,PF/C,5300,1,14.0,16.0,102,105,9%,12,7,6,28,25,24,26.5,22.4,12.9,31.8,24.1,35.8,6.8,25.8,4.86,25.5,25.5,4.8,25.65,4.83,25.666666666666668,8.333333333333334,23.85,27.433333333333334,25.483441558441555
24,3,Kris Dunn,0.0,CHI,CLE,1.5,213.0,105.8,8,6.0,24.8,32.0,PG/SF,5800,0,16.0,12.0,101,114,6%,5,6,7,29,28,26,25.1,21.6,13.0,30.3,32.7,28.3,4.9,26.3,4.53,26.5,31.5,4.6,26.4,4.5649999999999995,27.666666666666668,6.0,23.28,20.933333333333334,30.0578313253012
24,4,Langston Galloway,0.0,DET,BKN,2.0,227.5,112.8,23,2.5,19.7,26.8,SG,3600,0,16.0,13.0,105,106,0%,11,9,8,32,30,26,22.4,18.2,11.0,25.4,33.3,22.3,6.2,20.0,5.56,20.4,28.5,5.7,20.2,5.63,29.333333333333332,9.333333333333334,19.44,16.333333333333332,19.626136363636363
24,5,Bruce Brown,0.0,DET,BKN,2.0,227.5,112.8,13,8.8,18.0,27.3,PG/SF,3900,0,17.0,12.0,105,106,0%,3,6,8,23,25,28,17.9,23.1,12.8,33.4,36.2,31.8,8.2,17.5,4.49,23.4,28.0,6.0,20.45,5.245,25.333333333333332,5.666666666666667,21.53,18.033333333333335,22.602631578947367
24,6,Dwight Howard,0.0,LAL,PHI,-4.5,217.5,111.0,23,23.0,29.5,37.5,C,5200,1,14.0,19.0,101,103,-9%,7,6,4,25,24,20,29.5,22.1,12.7,31.5,16.1,8.3,1.6,21.8,4.18,28.8,27.0,5.5,25.3,4.84,23.0,5.666666666666667,24.22,30.0,29.700000000000003
24,7,Furkan Korkmaz,0.0,PHI,LAL,4.5,217.5,106.5,13,18.0,23.0,33.5,SG,4500,2,17.0,11.0,103,103,1%,12,12,8,26,24,21,23.0,15.4,7.6,23.3,23.0,10.5,2.3,21.8,4.83,22.0,27.0,4.9,21.9,4.865,23.666666666666668,10.666666666666666,18.24,24.833333333333332,24.98450704225352
25,0,Bruce Brown,0.0,DET,BKN,2.0,227.5,112.8,13,8.8,18.0,27.3,PG/SF,3900,0,17.0,12.0,105,106,0%,3,6,8,23,25,28,17.9,23.1,12.8,33.4,36.2,31.8,8.2,17.5,4.49,23.4,28.0,6.0,20.45,5.245,25.333333333333332,5.666666666666667,21.53,18.033333333333335,22.602631578947367
25,1,Joe Harris,0.0,BKN,DET,-2.0,227.5,114.8,19,15.0,17.2,21.8,SG/SF,4200,1,17.0,12.0,101,109,1%,8,9,11,30,31,32,17.9,24.9,16.8,33.0,36.5,28.0,6.7,22.3,5.3,22.4,29.5,5.3,22.35,5.3,31.0,9.333333333333334,22.99,18.0,21.26854838709678
25,2,Chandler Hutchison,0.0,CHI,CLE,1.5,213.0,105.8,26,16.0,19.4,26.5,SF/PF,3900,0,17.0,11.0,101,114,5%,6,5,5,20,20,17,18.9,14.3,7.9,20.7,15.4,14.3,3.7,17.0,4.36,16.1,21.0,4.1,16.55,4.23,19.0,5.333333333333333,15.670000000000002,20.633333333333333,18.292105263157897
25,3,LeBron James,0.0,LAL,PHI,-4.5,217.5,111.0,9,42.8,52.3,61.8,PG/SF,10400,1,34.0,27.0,101,103,-5%,18,18,20,35,34,35,52.9,55.8,45.1,66.4,35.4,48.3,4.6,51.8,4.98,53.5,35.5,5.1,52.65,5.04,34.666666666666664,18.666666666666668,54.56999999999999,52.29999999999999,53.915625
25,4,Tomas Satoransky,0.0,CHI,CLE,1.5,213.0,105.8,8,16.0,18.2,20.3,PG,4600,0,18.0,14.0,101,114,6%,7,8,8,24,26,29,18.2,25.0,15.5,34.5,30.4,41.5,9.0,23.0,5.0,22.1,25.5,4.8,22.55,4.9,26.333333333333332,7.666666666666667,23.15,18.166666666666668,21.836392405063293
25,5,Caris LeVert,0.0,BKN,DET,-2.0,227.5,114.8,2,13.8,23.1,32.0,PG/SF,4800,1,28.0,11.0,101,109,-4%,15,13,14,26,25,27,23.1,26.1,17.9,34.4,22.9,15.5,3.2,25.5,5.31,26.0,26.0,5.4,25.75,5.355,26.0,14.0,25.45,22.96666666666667,25.75
25,6,Markieff Morris,0.0,DET,BKN,2.0,227.5,112.8,25,13.5,25.1,35.5,PF/C,5500,0,22.0,13.0,105,106,-3%,13,12,9,28,23,23,25.1,20.3,11.6,28.9,26.8,16.0,2.9,20.3,3.68,22.0,23.5,4.0,21.15,3.84,24.666666666666668,11.333333333333334,21.410000000000004,24.7,20.14966216216216
25,7,Darius Garland,0.0,CLE,CHI,-1.5,213.0,107.3,1,20.8,24.3,32.0,PG,5000,1,22.0,9.0,102,105,-14%,19,16,12,37,34,30,24.0,21.3,13.5,29.2,34.9,14.5,2.9,26.3,5.25,25.8,35.5,5.2,26.05,5.225,33.666666666666664,15.666666666666666,22.81,25.7,27.468564356435643
26,0,Caris LeVert,0.0,BKN,DET,-2.0,227.5,114.8,2,13.8,23.1,32.0,PG/SF,4800,1,28.0,11.0,101,109,-4%,15,13,14,26,25,27,23.1,26.1,17.9,34.4,22.9,15.5,3.2,25.5,5.31,26.0,26.0,5.4,25.75,5.355,26.0,14.0,25.45,22.96666666666667,25.75
26,1,Spencer Dinwiddie,0.0,BKN,DET,-2.0,227.5,114.8,2,19.8,33.3,41.0,PG/SG,7200,1,32.0,18.0,101,109,2%,13,14,18,33,33,32,33.3,38.9,28.8,48.9,37.4,23.5,3.3,32.5,4.51,33.6,28.5,4.7,33.05,4.605,32.666666666666664,15.0,36.589999999999996,31.366666666666664,28.834438775510208
26,2,Larry Nance Jr.,0.0,CLE,CHI,-1.5,213.0,107.3,29,11.8,26.5,44.0,PF/C,5300,1,14.0,16.0,102,105,9%,12,7,6,28,25,24,26.5,22.4,12.9,31.8,24.1,35.8,6.8,25.8,4.86,25.5,25.5,4.8,25.65,4.83,25.666666666666668,8.333333333333334,23.85,27.433333333333334,25.483441558441555
26,3,Chandler Hutchison,0.0,CHI,CLE,1.5,213.0,105.8,26,16.0,19.4,26.5,SF/PF,3900,0,17.0,11.0,101,114,5%,6,5,5,20,20,17,18.9,14.3,7.9,20.7,15.4,14.3,3.7,17.0,4.36,16.1,21.0,4.1,16.55,4.23,19.0,5.333333333333333,15.670000000000002,20.633333333333333,18.292105263157897
26,4,Dante Exum,0.0,CLE,CHI,-1.5,213.0,107.3,1,5.0,7.5,9.0,PG/SG,3400,1,16.0,10.0,102,105,-14%,3,3,3,20,18,13,7.5,8.5,0.9,16.1,22.2,14.8,4.4,14.3,4.19,12.0,16.5,3.5,13.15,3.845,17.0,3.0,9.23,7.166666666666667,12.763235294117647
26,5,Hamidou Diallo,0.0,OKC,MIN,1.0,225.0,112.0,9,5.8,14.3,25.3,SG/SF,3100,0,18.0,9.0,105,108,2%,5,6,7,23,23,20,14.3,14.5,7.4,21.6,22.2,25.5,8.2,16.3,5.24,16.7,22.5,5.4,16.5,5.32,22.0,6.0,14.860000000000003,15.133333333333335,16.875
26,6,Dwight Howard,0.0,LAL,PHI,-4.5,217.5,111.0,23,23.0,29.5,37.5,C,5200,1,14.0,19.0,101,103,-9%,7,6,4,25,24,20,29.5,22.1,12.7,31.5,16.1,8.3,1.6,21.8,4.18,28.8,27.0,5.5,25.3,4.84,23.0,5.666666666666667,24.22,30.0,29.700000000000003
26,7,Thaddeus Young,0.0,CHI,CLE,1.5,213.0,105.8,16,10.0,20.0,36.0,PF,4400,0,20.0,13.0,101,114,1%,7,7,9,24,25,23,20.0,20.1,12.1,28.1,34.7,24.8,5.6,28.8,6.53,28.6,32.0,6.5,28.700000000000003,6.515000000000001,24.0,7.666666666666667,21.8,22.0,38.26666666666667
27,0,Coby White,0.0,CHI,CLE,1.5,213.0,105.8,8,12.8,18.6,25.5,PG/SG,4200,0,23.0,10.0,101,114,6%,11,10,11,26,24,24,18.4,21.0,12.0,30.0,18.7,14.5,3.5,22.8,5.42,22.2,26.0,5.3,22.5,5.359999999999999,24.666666666666668,10.666666666666666,20.78,18.96666666666667,23.716216216216218
27,1,Collin Sexton,0.0,CLE,CHI,-1.5,213.0,107.3,1,31.8,37.6,44.0,PG/SG,6800,1,27.0,16.0,102,105,-14%,18,19,16,36,34,32,37.5,28.8,21.7,36.0,33.7,27.0,4.0,30.3,4.45,31.5,34.5,4.6,30.9,4.525,34.0,17.666666666666668,30.98,37.800000000000004,31.354411764705883
27,2,Cedi Osman,0.0,CLE,CHI,-1.5,213.0,107.3,13,8.5,22.0,28.3,SF/PF,4600,1,17.0,11.0,102,105,2%,12,10,9,31,27,29,22.0,20.9,12.9,29.0,30.3,33.3,7.2,22.5,4.89,23.3,29.5,5.1,22.9,4.994999999999999,29.0,10.333333333333334,21.540000000000003,19.599999999999998,23.294827586206893
27,3,Robert Covington,0.0,MIN,OKC,-1.0,225.0,113.0,18,20.3,26.5,39.0,SF/PF,5700,0,17.0,14.0,101,106,-3%,11,13,11,30,32,30,26.5,28.0,19.6,36.5,35.9,24.8,4.4,27.3,4.78,28.5,30.5,5.0,27.9,4.890000000000001,30.666666666666668,11.666666666666666,27.7,28.599999999999998,27.748369565217388
27,4,Langston Galloway,0.0,DET,BKN,2.0,227.5,112.8,23,2.5,19.7,26.8,SG,3600,0,16.0,13.0,105,106,0%,11,9,8,32,30,26,22.4,18.2,11.0,25.4,33.3,22.3,6.2,20.0,5.56,20.4,28.5,5.7,20.2,5.63,29.333333333333332,9.333333333333334,19.44,16.333333333333332,19.626136363636363
27,5,Luguentz Dort,0.0,OKC,MIN,1.0,225.0,112.0,19,3.8,10.7,14.0,SF,3200,0,0.0,0.0,105,108,2%,4,5,4,21,22,19,10.7,8.4,4.1,12.7,30.1,19.0,5.9,11.0,3.44,14.5,25.5,4.5,12.75,3.9699999999999998,20.666666666666668,4.333333333333333,9.73,9.5,15.731854838709678
27,6,Jarrett Allen,0.0,BKN,DET,-2.0,227.5,114.8,9,14.0,26.3,36.8,C,6000,1,15.0,20.0,101,109,-1%,8,7,7,30,29,27,26.3,30.1,19.2,40.9,39.9,50.8,8.5,31.8,5.29,32.6,29.0,5.4,32.2,5.345000000000001,28.666666666666668,7.333333333333333,29.740000000000002,25.7,32.574418604651164
27,7,James Ennis III,0.0,PHI,LAL,4.5,217.5,106.5,15,4.0,9.1,12.3,SF/PF,3000,2,16.0,13.0,103,103,-5%,3,4,5,11,13,17,11.7,13.7,6.9,20.5,8.5,2.8,0.9,13.0,4.33,0.0,0.0,0.0,6.5,2.165,13.666666666666666,4.0,11.86,8.466666666666667,0.0
28,0,Spencer Dinwiddie,0.0,BKN,DET,-2.0,227.5,114.8,2,19.8,33.3,41.0,PG/SG,7200,1,32.0,18.0,101,109,2%,13,14,18,33,33,32,33.3,38.9,28.8,48.9,37.4,23.5,3.3,32.5,4.51,33.6,28.5,4.7,33.05,4.605,32.666666666666664,15.0,36.589999999999996,31.366666666666664,28.834438775510208
28,1,Deonte Burton,0.0,OKC,MIN,1.0,225.0,112.0,9,2.0,6.2,14.3,SG/SF,3000,0,0.0,0.0,105,108,2%,2,3,3,6,8,8,6.2,5.3,0.0,10.5,12.4,10.8,3.6,9.5,3.17,9.9,13.5,3.3,9.7,3.235,7.333333333333333,2.6666666666666665,6.34,7.5,17.85681818181818
28,2,Darius Bazley,0.0,OKC,MIN,1.0,225.0,112.0,12,8.5,16.8,28.8,PF,3100,0,13.0,7.0,105,108,1%,5,5,4,18,20,17,16.8,11.9,4.8,19.0,30.0,28.5,9.2,20.0,6.45,20.8,27.5,6.7,20.4,6.575,18.333333333333332,4.666666666666667,14.580000000000002,18.033333333333335,30.6
28,3,Kris Dunn,0.0,CHI,CLE,1.5,213.0,105.8,8,6.0,24.8,32.0,PG/SF,5800,0,16.0,12.0,101,114,6%,5,6,7,29,28,26,25.1,21.6,13.0,30.3,32.7,28.3,4.9,26.3,4.53,26.5,31.5,4.6,26.4,4.5649999999999995,27.666666666666668,6.0,23.28,20.933333333333334,30.0578313253012
28,4,LeBron James,0.0,LAL,PHI,-4.5,217.5,111.0,9,42.8,52.3,61.8,PG/SF,10400,1,34.0,27.0,101,103,-5%,18,18,20,35,34,35,52.9,55.8,45.1,66.4,35.4,48.3,4.6,51.8,4.98,53.5,35.5,5.1,52.65,5.04,34.666666666666664,18.666666666666668,54.56999999999999,52.29999999999999,53.915625
28,5,Alfonzo McKinnie,0.0,CLE,CHI,-1.5,213.0,107.3,13,9.8,16.6,31.5,SF/PF,3000,1,14.0,8.0,102,105,2%,6,6,4,19,22,13,16.6,8.8,0.9,16.7,17.7,12.0,4.0,14.5,4.83,12.5,17.5,4.2,13.5,4.515000000000001,18.0,5.333333333333333,11.3,19.3,13.125
28,6,Jarrett Allen,0.0,BKN,DET,-2.0,227.5,114.8,9,14.0,26.3,36.8,C,6000,1,15.0,20.0,101,109,-1%,8,7,7,30,29,27,26.3,30.1,19.2,40.9,39.9,50.8,8.5,31.8,5.29,32.6,29.0,5.4,32.2,5.345000000000001,28.666666666666668,7.333333333333333,29.740000000000002,25.7,32.574418604651164
28,7,Keita Bates-Diop,0.0,MIN,OKC,-1.0,225.0,113.0,18,0.8,13.2,29.5,SF/PF,3000,0,16.0,12.0,101,106,-3%,5,5,6,16,16,19,13.2,14.9,5.6,24.2,19.5,16.5,5.5,9.5,3.17,11.3,14.5,3.8,10.4,3.485,17.0,5.333333333333333,13.66,14.5,8.870588235294118
29,0,Alex Caruso,0.0,LAL,PHI,-4.5,217.5,111.0,9,3.5,9.5,17.5,PG/SG,3100,1,14.0,10.0,101,103,-4%,4,5,5,15,17,20,12.8,13.6,6.9,20.3,19.9,21.3,6.9,11.0,3.55,11.6,16.5,3.7,11.3,3.625,17.333333333333332,4.666666666666667,12.98,10.166666666666666,10.75673076923077
29,1,Garrett Temple,0.0,BKN,DET,-2.0,227.5,114.8,19,8.8,17.5,23.3,SG,3800,1,17.0,10.0,101,109,-4%,6,8,10,19,23,29,17.5,21.4,12.6,30.2,22.2,10.8,2.8,10.8,2.83,17.4,24.0,4.6,14.1,3.715,23.666666666666668,8.0,19.159999999999997,16.533333333333335,14.298591549295775
29,2,Taurean Prince,0.0,BKN,DET,-2.0,227.5,114.8,14,13.3,25.4,33.8,PF,5100,1,20.0,10.0,101,109,1%,11,11,12,30,29,31,25.4,27.3,18.1,36.4,22.0,15.0,2.9,24.5,4.8,26.9,29.5,5.3,25.7,5.05,30.0,11.333333333333334,26.579999999999995,24.166666666666668,25.27166666666667
29,3,Louis King,0.0,DET,BKN,2.0,227.5,112.8,28,0.0,4.8,15.0,SF/PF,3000,0,0.0,0.0,105,106,-3%,2,1,2,8,5,5,4.8,4.9,-1.0,10.7,11.8,4.0,1.3,12.5,4.17,0.0,0.0,0.0,6.25,2.085,6.0,1.6666666666666667,5.13,6.6000000000000005,0.0
29,4,Shake Milton,0.0,PHI,LAL,4.5,217.5,106.5,14,0.5,10.6,20.3,PG/SG,4000,2,0.0,0.0,103,103,1%,6,5,4,13,11,10,10.9,7.5,0.5,14.5,25.0,24.8,6.2,12.0,3.0,18.3,22.0,4.6,15.15,3.8,11.333333333333334,5.0,9.709999999999999,10.466666666666667,29.408823529411762
29,5,Hamidou Diallo,0.0,OKC,MIN,1.0,225.0,112.0,9,5.8,14.3,25.3,SG/SF,3100,0,18.0,9.0,105,108,2%,5,6,7,23,23,20,14.3,14.5,7.4,21.6,22.2,25.5,8.2,16.3,5.24,16.7,22.5,5.4,16.5,5.32,22.0,6.0,14.860000000000003,15.133333333333335,16.875
29,6,Jarrett Allen,0.0,BKN,DET,-2.0,227.5,114.8,9,14.0,26.3,36.8,C,6000,1,15.0,20.0,101,109,-1%,8,7,7,30,29,27,26.3,30.1,19.2,40.9,39.9,50.8,8.5,31.8,5.29,32.6,29.0,5.4,32.2,5.345000000000001,28.666666666666668,7.333333333333333,29.740000000000002,25.7,32.574418604651164
29,7,Svi Mykhailiuk,0.0,DET,BKN,2.0,227.5,112.8,23,13.5,24.4,37.5,SG/SF,4900,0,16.0,12.0,105,106,-11%,8,10,7,31,29,21,24.4,14.8,5.7,23.9,37.8,32.8,6.7,23.8,4.85,21.4,30.5,4.4,22.6,4.625,27.0,8.333333333333334,18.28,25.133333333333336,25.529629629629632
31,0,Shai Gilgeous-Alexander,0.0,OKC,MIN,1.0,225.0,112.0,26,36.0,41.4,46.5,PG/SG,7600,0,23.0,18.0,105,108,2%,13,13,16,37,37,36,41.4,36.1,25.5,46.6,34.1,27.3,3.6,38.8,5.1,40.4,37.0,5.3,39.599999999999994,5.199999999999999,36.666666666666664,14.0,37.839999999999996,41.300000000000004,39.959999999999994
31,1,Collin Sexton,0.0,CLE,CHI,-1.5,213.0,107.3,1,31.8,37.6,44.0,PG/SG,6800,1,27.0,16.0,102,105,-14%,18,19,16,36,34,32,37.5,28.8,21.7,36.0,33.7,27.0,4.0,30.3,4.45,31.5,34.5,4.6,30.9,4.525,34.0,17.666666666666668,30.98,37.800000000000004,31.354411764705883
31,2,Christian Wood,0.0,DET,BKN,2.0,227.5,112.8,25,5.3,21.8,32.5,PF/C,4700,0,21.0,23.0,105,106,-3%,8,6,6,27,18,17,21.8,20.1,7.8,32.4,21.3,17.5,3.7,22.8,4.84,17.9,15.0,3.8,20.35,4.32,20.666666666666668,6.666666666666667,20.490000000000002,19.866666666666667,14.770161290322582
31,3,Denzel Valentine,0.0,CHI,CLE,1.5,213.0,105.8,21,0.0,4.2,7.3,SG/SF,3000,0,0.0,0.0,101,114,5%,2,2,5,7,5,11,4.2,11.1,2.2,19.9,10.9,10.5,3.5,4.5,1.5,0.0,0.0,0.0,2.25,0.75,7.666666666666667,3.0,7.9300000000000015,3.8333333333333335,0.0
31,4,Kyrie Irving,0.0,BKN,DET,-2.0,227.5,114.8,2,32.0,41.0,63.3,PG,8700,1,33.0,25.0,101,109,2%,16,18,22,32,34,34,42.7,48.3,34.9,61.6,40.0,65.0,7.5,46.5,5.34,46.0,33.0,5.3,46.25,5.32,33.333333333333336,18.666666666666668,46.75,45.43333333333334,45.7875
31,5,Alfonzo McKinnie,0.0,CLE,CHI,-1.5,213.0,107.3,13,9.8,16.6,31.5,SF/PF,3000,1,14.0,8.0,102,105,2%,6,6,4,19,22,13,16.6,8.8,0.9,16.7,17.7,12.0,4.0,14.5,4.83,12.5,17.5,4.2,13.5,4.515000000000001,18.0,5.333333333333333,11.3,19.3,13.125
31,6,John Henson,0.0,CLE,CHI,-1.5,213.0,107.3,22,7.8,18.1,29.8,C,3000,1,18.0,18.0,102,105,9%,5,6,4,13,15,14,18.1,15.4,7.8,23.0,11.7,11.5,3.8,13.3,4.42,12.1,10.0,4.0,12.7,4.21,14.0,5.0,15.4,18.566666666666666,9.071428571428571
31,7,Cristiano Felicio,0.0,CHI,CLE,1.5,213.0,105.8,7,5.0,12.1,24.8,C,4100,0,0.0,0.0,101,114,1%,4,2,2,23,17,14,12.6,9.3,0.0,18.6,19.9,8.5,2.1,18.3,4.45,18.2,23.5,4.4,18.25,4.425000000000001,18.0,2.6666666666666665,11.75,13.966666666666669,23.82638888888889
33,0,Chris Paul,0.0,OKC,MIN,1.0,225.0,112.0,26,26.8,38.7,50.0,PG,7000,0,23.0,21.0,105,108,2%,13,14,13,29,30,32,38.7,36.7,27.5,45.9,31.7,49.0,7.0,39.3,5.61,38.0,31.5,5.4,38.65,5.505000000000001,30.333333333333332,13.333333333333334,37.49,38.5,40.13653846153846
33,1,Matthew Dellavedova,0.0,CLE,CHI,-1.5,213.0,107.3,1,3.8,7.0,17.5,PG/SG,3000,1,16.0,8.0,102,105,-14%,2,3,3,9,10,13,7.0,8.7,3.6,13.9,5.2,3.5,1.2,8.3,2.75,0.0,0.0,0.0,4.15,1.375,10.666666666666666,2.6666666666666665,7.470000000000001,9.433333333333334,0.0
33,2,Alfonzo McKinnie,0.0,CLE,CHI,-1.5,213.0,107.3,13,9.8,16.6,31.5,SF/PF,3000,1,14.0,8.0,102,105,2%,6,6,4,19,22,13,16.6,8.8,0.9,16.7,17.7,12.0,4.0,14.5,4.83,12.5,17.5,4.2,13.5,4.515000000000001,18.0,5.333333333333333,11.3,19.3,13.125
33,3,Tobias Harris,0.0,PHI,LAL,4.5,217.5,106.5,15,26.3,36.9,56.5,SF/PF,7100,2,23.0,17.0,103,103,-5%,18,16,16,37,36,35,36.9,36.1,26.9,45.3,38.3,42.5,6.0,37.5,5.28,38.6,35.5,5.4,38.05,5.34,36.0,16.666666666666668,36.65,39.9,37.52152777777778
33,4,LeBron James,0.0,LAL,PHI,-4.5,217.5,111.0,9,42.8,52.3,61.8,PG/SF,10400,1,34.0,27.0,101,103,-5%,18,18,20,35,34,35,52.9,55.8,45.1,66.4,35.4,48.3,4.6,51.8,4.98,53.5,35.5,5.1,52.65,5.04,34.666666666666664,18.666666666666668,54.56999999999999,52.29999999999999,53.915625
33,5,Thaddeus Young,0.0,CHI,CLE,1.5,213.0,105.8,16,10.0,20.0,36.0,PF,4400,0,20.0,13.0,101,114,1%,7,7,9,24,25,23,20.0,20.1,12.1,28.1,34.7,24.8,5.6,28.8,6.53,28.6,32.0,6.5,28.700000000000003,6.515000000000001,24.0,7.666666666666667,21.8,22.0,38.26666666666667
33,6,Dwight Howard,0.0,LAL,PHI,-4.5,217.5,111.0,23,23.0,29.5,37.5,C,5200,1,14.0,19.0,101,103,-9%,7,6,4,25,24,20,29.5,22.1,12.7,31.5,16.1,8.3,1.6,21.8,4.18,28.8,27.0,5.5,25.3,4.84,23.0,5.666666666666667,24.22,30.0,29.700000000000003
33,7,James Ennis III,0.0,PHI,LAL,4.5,217.5,106.5,15,4.0,9.1,12.3,SF/PF,3000,2,16.0,13.0,103,103,-5%,3,4,5,11,13,17,11.7,13.7,6.9,20.5,8.5,2.8,0.9,13.0,4.33,0.0,0.0,0.0,6.5,2.165,13.666666666666666,4.0,11.86,8.466666666666667,0.0
34,0,Shabazz Napier,0.0,MIN,OKC,-1.0,225.0,113.0,10,17.0,26.2,36.3,PG,5600,0,21.0,13.0,101,106,1%,5,6,8,28,28,23,26.4,22.3,11.8,32.8,32.0,50.0,8.9,26.8,4.78,27.3,27.5,4.9,27.05,4.84,26.333333333333332,6.333333333333333,24.07,26.5,28.24841772151899
34,1,Dante Exum,0.0,CLE,CHI,-1.5,213.0,107.3,1,5.0,7.5,9.0,PG/SG,3400,1,16.0,10.0,102,105,-14%,3,3,3,20,18,13,7.5,8.5,0.9,16.1,22.2,14.8,4.4,14.3,4.19,12.0,16.5,3.5,13.15,3.845,17.0,3.0,9.23,7.166666666666667,12.763235294117647
34,2,Kevin Love,0.0,CLE,CHI,-1.5,213.0,107.3,29,27.8,37.0,49.3,PF,7900,1,24.0,18.0,102,105,9%,17,16,13,32,33,32,37.0,37.7,26.5,48.9,32.6,40.3,5.1,42.5,5.38,43.3,33.0,5.5,42.9,5.4399999999999995,32.333333333333336,15.333333333333334,38.6,38.03333333333333,43.784536082474226
34,3,Svi Mykhailiuk,0.0,DET,BKN,2.0,227.5,112.8,23,13.5,24.4,37.5,SG/SF,4900,0,16.0,12.0,105,106,-11%,8,10,7,31,29,21,24.4,14.8,5.7,23.9,37.8,32.8,6.7,23.8,4.85,21.4,30.5,4.4,22.6,4.625,27.0,8.333333333333334,18.28,25.133333333333336,25.529629629629632
34,4,Kyrie Irving,0.0,BKN,DET,-2.0,227.5,114.8,2,32.0,41.0,63.3,PG,8700,1,33.0,25.0,101,109,2%,16,18,22,32,34,34,42.7,48.3,34.9,61.6,40.0,65.0,7.5,46.5,5.34,46.0,33.0,5.3,46.25,5.32,33.333333333333336,18.666666666666668,46.75,45.43333333333334,45.7875
34,5,Andrew Wiggins,0.0,MIN,OKC,-1.0,225.0,113.0,22,26.5,39.0,51.0,SG/SF,7000,0,28.0,17.0,101,106,-3%,19,17,20,34,34,35,39.3,38.1,28.3,48.0,33.8,29.8,4.3,34.5,4.93,36.4,34.0,5.2,35.45,5.0649999999999995,34.333333333333336,18.666666666666668,37.830000000000005,38.833333333333336,35.105825242718446
34,6,Christian Wood,0.0,DET,BKN,2.0,227.5,112.8,25,5.3,21.8,32.5,PF/C,4700,0,21.0,23.0,105,106,-3%,8,6,6,27,18,17,21.8,20.1,7.8,32.4,21.3,17.5,3.7,22.8,4.84,17.9,15.0,3.8,20.35,4.32,20.666666666666668,6.666666666666667,20.490000000000002,19.866666666666667,14.770161290322582
34,7,Tomas Satoransky,0.0,CHI,CLE,1.5,213.0,105.8,8,16.0,18.2,20.3,PG,4600,0,18.0,14.0,101,114,6%,7,8,8,24,26,29,18.2,25.0,15.5,34.5,30.4,41.5,9.0,23.0,5.0,22.1,25.5,4.8,22.55,4.9,26.333333333333332,7.666666666666667,23.15,18.166666666666668,21.836392405063293
35,0,Bruce Brown,0.0,DET,BKN,2.0,227.5,112.8,13,8.8,18.0,27.3,PG/SF,3900,0,17.0,12.0,105,106,0%,3,6,8,23,25,28,17.9,23.1,12.8,33.4,36.2,31.8,8.2,17.5,4.49,23.4,28.0,6.0,20.45,5.245,25.333333333333332,5.666666666666667,21.53,18.033333333333335,22.602631578947367
35,1,Matisse Thybulle,0.0,PHI,LAL,4.5,217.5,106.5,13,15.3,20.9,25.0,SG/SF,4600,2,13.0,10.0,103,103,-1%,10,7,4,30,31,20,20.9,13.9,5.1,22.7,35.6,20.8,4.5,21.8,4.73,23.1,31.5,5.0,22.450000000000003,4.865,27.0,7.0,17.01,20.400000000000002,26.19166666666667
35,2,Cedi Osman,0.0,CLE,CHI,-1.5,213.0,107.3,13,8.5,22.0,28.3,SF/PF,4600,1,17.0,11.0,102,105,2%,12,10,9,31,27,29,22.0,20.9,12.9,29.0,30.3,33.3,7.2,22.5,4.89,23.3,29.5,5.1,22.9,4.994999999999999,29.0,10.333333333333334,21.540000000000003,19.599999999999998,23.294827586206893
35,3,Deonte Burton,0.0,OKC,MIN,1.0,225.0,112.0,9,2.0,6.2,14.3,SG/SF,3000,0,0.0,0.0,105,108,2%,2,3,3,6,8,8,6.2,5.3,0.0,10.5,12.4,10.8,3.6,9.5,3.17,9.9,13.5,3.3,9.7,3.235,7.333333333333333,2.6666666666666665,6.34,7.5,17.85681818181818
35,4,Denzel Valentine,0.0,CHI,CLE,1.5,213.0,105.8,21,0.0,4.2,7.3,SG/SF,3000,0,0.0,0.0,101,114,5%,2,2,5,7,5,11,4.2,11.1,2.2,19.9,10.9,10.5,3.5,4.5,1.5,0.0,0.0,0.0,2.25,0.75,7.666666666666667,3.0,7.9300000000000015,3.8333333333333335,0.0
35,5,LeBron James,0.0,LAL,PHI,-4.5,217.5,111.0,9,42.8,52.3,61.8,PG/SF,10400,1,34.0,27.0,101,103,-5%,18,18,20,35,34,35,52.9,55.8,45.1,66.4,35.4,48.3,4.6,51.8,4.98,53.5,35.5,5.1,52.65,5.04,34.666666666666664,18.666666666666668,54.56999999999999,52.29999999999999,53.915625
35,6,Cristiano Felicio,0.0,CHI,CLE,1.5,213.0,105.8,7,5.0,12.1,24.8,C,4100,0,0.0,0.0,101,114,1%,4,2,2,23,17,14,12.6,9.3,0.0,18.6,19.9,8.5,2.1,18.3,4.45,18.2,23.5,4.4,18.25,4.425000000000001,18.0,2.6666666666666665,11.75,13.966666666666669,23.82638888888889
35,7,Tristan Thompson,0.0,CLE,CHI,-1.5,213.0,107.3,22,10.0,22.9,47.0,C,5900,1,18.0,17.0,102,105,11%,9,8,10,36,31,32,27.9,32.2,20.9,43.6,27.6,23.3,3.9,27.5,4.66,30.3,30.0,5.1,28.9,4.88,33.0,9.0,30.7,26.633333333333336,26.272727272727273
36,0,Shabazz Napier,0.0,MIN,OKC,-1.0,225.0,113.0,10,17.0,26.2,36.3,PG,5600,0,21.0,13.0,101,106,1%,5,6,8,28,28,23,26.4,22.3,11.8,32.8,32.0,50.0,8.9,26.8,4.78,27.3,27.5,4.9,27.05,4.84,26.333333333333332,6.333333333333333,24.07,26.5,28.24841772151899
36,1,Dennis Schroder,0.0,OKC,MIN,1.0,225.0,112.0,26,25.3,37.5,49.3,PG/SG,6900,0,27.0,16.0,105,108,2%,17,15,15,32,33,31,37.5,30.8,21.2,40.5,31.4,37.0,5.4,32.5,4.71,32.6,32.0,4.7,32.55,4.705,32.0,15.666666666666666,32.510000000000005,37.36666666666667,32.55
36,2,Chandler Hutchison,0.0,CHI,CLE,1.5,213.0,105.8,26,16.0,19.4,26.5,SF/PF,3900,0,17.0,11.0,101,114,5%,6,5,5,20,20,17,18.9,14.3,7.9,20.7,15.4,14.3,3.7,17.0,4.36,16.1,21.0,4.1,16.55,4.23,19.0,5.333333333333333,15.670000000000002,20.633333333333333,18.292105263157897
36,3,LeBron James,0.0,LAL,PHI,-4.5,217.5,111.0,9,42.8,52.3,61.8,PG/SF,10400,1,34.0,27.0,101,103,-5%,18,18,20,35,34,35,52.9,55.8,45.1,66.4,35.4,48.3,4.6,51.8,4.98,53.5,35.5,5.1,52.65,5.04,34.666666666666664,18.666666666666668,54.56999999999999,52.29999999999999,53.915625
36,4,Hamidou Diallo,0.0,OKC,MIN,1.0,225.0,112.0,9,5.8,14.3,25.3,SG/SF,3100,0,18.0,9.0,105,108,2%,5,6,7,23,23,20,14.3,14.5,7.4,21.6,22.2,25.5,8.2,16.3,5.24,16.7,22.5,5.4,16.5,5.32,22.0,6.0,14.860000000000003,15.133333333333335,16.875
36,5,Cedi Osman,0.0,CLE,CHI,-1.5,213.0,107.3,13,8.5,22.0,28.3,SF/PF,4600,1,17.0,11.0,102,105,2%,12,10,9,31,27,29,22.0,20.9,12.9,29.0,30.3,33.3,7.2,22.5,4.89,23.3,29.5,5.1,22.9,4.994999999999999,29.0,10.333333333333334,21.540000000000003,19.599999999999998,23.294827586206893
36,6,Cristiano Felicio,0.0,CHI,CLE,1.5,213.0,105.8,7,5.0,12.1,24.8,C,4100,0,0.0,0.0,101,114,1%,4,2,2,23,17,14,12.6,9.3,0.0,18.6,19.9,8.5,2.1,18.3,4.45,18.2,23.5,4.4,18.25,4.425000000000001,18.0,2.6666666666666665,11.75,13.966666666666669,23.82638888888889
36,7,Matisse Thybulle,0.0,PHI,LAL,4.5,217.5,106.5,13,15.3,20.9,25.0,SG/SF,4600,2,13.0,10.0,103,103,-1%,10,7,4,30,31,20,20.9,13.9,5.1,22.7,35.6,20.8,4.5,21.8,4.73,23.1,31.5,5.0,22.450000000000003,4.865,27.0,7.0,17.01,20.400000000000002,26.19166666666667
37,0,Kris Dunn,0.0,CHI,CLE,1.5,213.0,105.8,8,6.0,24.8,32.0,PG/SF,5800,0,16.0,12.0,101,114,6%,5,6,7,29,28,26,25.1,21.6,13.0,30.3,32.7,28.3,4.9,26.3,4.53,26.5,31.5,4.6,26.4,4.5649999999999995,27.666666666666668,6.0,23.28,20.933333333333334,30.0578313253012
37,1,Svi Mykhailiuk,0.0,DET,BKN,2.0,227.5,112.8,23,13.5,24.4,37.5,SG/SF,4900,0,16.0,12.0,105,106,-11%,8,10,7,31,29,21,24.4,14.8,5.7,23.9,37.8,32.8,6.7,23.8,4.85,21.4,30.5,4.4,22.6,4.625,27.0,8.333333333333334,18.28,25.133333333333336,25.529629629629632
37,2,Tobias Harris,0.0,PHI,LAL,4.5,217.5,106.5,15,26.3,36.9,56.5,SF/PF,7100,2,23.0,17.0,103,103,-5%,18,16,16,37,36,35,36.9,36.1,26.9,45.3,38.3,42.5,6.0,37.5,5.28,38.6,35.5,5.4,38.05,5.34,36.0,16.666666666666668,36.65,39.9,37.52152777777778
37,3,Matisse Thybulle,0.0,PHI,LAL,4.5,217.5,106.5,13,15.3,20.9,25.0,SG/SF,4600,2,13.0,10.0,103,103,-1%,10,7,4,30,31,20,20.9,13.9,5.1,22.7,35.6,20.8,4.5,21.8,4.73,23.1,31.5,5.0,22.450000000000003,4.865,27.0,7.0,17.01,20.400000000000002,26.19166666666667
37,4,Joe Harris,0.0,BKN,DET,-2.0,227.5,114.8,19,15.0,17.2,21.8,SG/SF,4200,1,17.0,12.0,101,109,1%,8,9,11,30,31,32,17.9,24.9,16.8,33.0,36.5,28.0,6.7,22.3,5.3,22.4,29.5,5.3,22.35,5.3,31.0,9.333333333333334,22.99,18.0,21.26854838709678
37,5,Chandler Hutchison,0.0,CHI,CLE,1.5,213.0,105.8,26,16.0,19.4,26.5,SF/PF,3900,0,17.0,11.0,101,114,5%,6,5,5,20,20,17,18.9,14.3,7.9,20.7,15.4,14.3,3.7,17.0,4.36,16.1,21.0,4.1,16.55,4.23,19.0,5.333333333333333,15.670000000000002,20.633333333333333,18.292105263157897
37,6,Cristiano Felicio,0.0,CHI,CLE,1.5,213.0,105.8,7,5.0,12.1,24.8,C,4100,0,0.0,0.0,101,114,1%,4,2,2,23,17,14,12.6,9.3,0.0,18.6,19.9,8.5,2.1,18.3,4.45,18.2,23.5,4.4,18.25,4.425000000000001,18.0,2.6666666666666665,11.75,13.966666666666669,23.82638888888889
37,7,Tomas Satoransky,0.0,CHI,CLE,1.5,213.0,105.8,8,16.0,18.2,20.3,PG,4600,0,18.0,14.0,101,114,6%,7,8,8,24,26,29,18.2,25.0,15.5,34.5,30.4,41.5,9.0,23.0,5.0,22.1,25.5,4.8,22.55,4.9,26.333333333333332,7.666666666666667,23.15,18.166666666666668,21.836392405063293
38,0,Kris Dunn,0.0,CHI,CLE,1.5,213.0,105.8,8,6.0,24.8,32.0,PG/SF,5800,0,16.0,12.0,101,114,6%,5,6,7,29,28,26,25.1,21.6,13.0,30.3,32.7,28.3,4.9,26.3,4.53,26.5,31.5,4.6,26.4,4.5649999999999995,27.666666666666668,6.0,23.28,20.933333333333334,30.0578313253012
38,1,Josh Okogie,0.0,MIN,OKC,-1.0,225.0,113.0,22,14.0,23.9,35.5,SG/SF,3700,0,16.0,11.0,101,106,-7%,6,8,6,26,26,24,23.5,18.8,10.5,27.1,18.4,10.3,2.8,18.3,4.93,18.3,24.0,4.9,18.3,4.915,25.333333333333332,6.666666666666667,19.64,24.46666666666667,17.33684210526316
38,2,Robert Covington,0.0,MIN,OKC,-1.0,225.0,113.0,18,20.3,26.5,39.0,SF/PF,5700,0,17.0,14.0,101,106,-3%,11,13,11,30,32,30,26.5,28.0,19.6,36.5,35.9,24.8,4.4,27.3,4.78,28.5,30.5,5.0,27.9,4.890000000000001,30.666666666666668,11.666666666666666,27.7,28.599999999999998,27.748369565217388
38,3,Luguentz Dort,0.0,OKC,MIN,1.0,225.0,112.0,19,3.8,10.7,14.0,SF,3200,0,0.0,0.0,105,108,2%,4,5,4,21,22,19,10.7,8.4,4.1,12.7,30.1,19.0,5.9,11.0,3.44,14.5,25.5,4.5,12.75,3.9699999999999998,20.666666666666668,4.333333333333333,9.73,9.5,15.731854838709678
38,4,Chris Paul,0.0,OKC,MIN,1.0,225.0,112.0,26,26.8,38.7,50.0,PG,7000,0,23.0,21.0,105,108,2%,13,14,13,29,30,32,38.7,36.7,27.5,45.9,31.7,49.0,7.0,39.3,5.61,38.0,31.5,5.4,38.65,5.505000000000001,30.333333333333332,13.333333333333334,37.49,38.5,40.13653846153846
38,5,Caris LeVert,0.0,BKN,DET,-2.0,227.5,114.8,2,13.8,23.1,32.0,PG/SF,4800,1,28.0,11.0,101,109,-4%,15,13,14,26,25,27,23.1,26.1,17.9,34.4,22.9,15.5,3.2,25.5,5.31,26.0,26.0,5.4,25.75,5.355,26.0,14.0,25.45,22.96666666666667,25.75
38,6,Al Horford,0.0,PHI,LAL,4.5,217.5,106.5,13,18.3,32.6,39.5,PF/C,6500,2,19.0,16.0,103,103,-6%,13,13,12,31,32,31,32.6,30.9,22.2,39.7,34.9,27.0,4.2,35.0,5.38,35.2,32.5,5.4,35.1,5.390000000000001,31.333333333333332,12.666666666666666,32.1,30.133333333333336,36.40691489361702
38,7,Deonte Burton,0.0,OKC,MIN,1.0,225.0,112.0,9,2.0,6.2,14.3,SG/SF,3000,0,0.0,0.0,105,108,2%,2,3,3,6,8,8,6.2,5.3,0.0,10.5,12.4,10.8,3.6,9.5,3.17,9.9,13.5,3.3,9.7,3.235,7.333333333333333,2.6666666666666665,6.34,7.5,17.85681818181818
39,0,Spencer Dinwiddie,0.0,BKN,DET,-2.0,227.5,114.8,2,19.8,33.3,41.0,PG/SG,7200,1,32.0,18.0,101,109,2%,13,14,18,33,33,32,33.3,38.9,28.8,48.9,37.4,23.5,3.3,32.5,4.51,33.6,28.5,4.7,33.05,4.605,32.666666666666664,15.0,36.589999999999996,31.366666666666664,28.834438775510208
39,1,Alex Caruso,0.0,LAL,PHI,-4.5,217.5,111.0,9,3.5,9.5,17.5,PG/SG,3100,1,14.0,10.0,101,103,-4%,4,5,5,15,17,20,12.8,13.6,6.9,20.3,19.9,21.3,6.9,11.0,3.55,11.6,16.5,3.7,11.3,3.625,17.333333333333332,4.666666666666667,12.98,10.166666666666666,10.75673076923077
39,2,Tobias Harris,0.0,PHI,LAL,4.5,217.5,106.5,15,26.3,36.9,56.5,SF/PF,7100,2,23.0,17.0,103,103,-5%,18,16,16,37,36,35,36.9,36.1,26.9,45.3,38.3,42.5,6.0,37.5,5.28,38.6,35.5,5.4,38.05,5.34,36.0,16.666666666666668,36.65,39.9,37.52152777777778
39,3,Svi Mykhailiuk,0.0,DET,BKN,2.0,227.5,112.8,23,13.5,24.4,37.5,SG/SF,4900,0,16.0,12.0,105,106,-11%,8,10,7,31,29,21,24.4,14.8,5.7,23.9,37.8,32.8,6.7,23.8,4.85,21.4,30.5,4.4,22.6,4.625,27.0,8.333333333333334,18.28,25.133333333333336,25.529629629629632
39,4,Chris Paul,0.0,OKC,MIN,1.0,225.0,112.0,26,26.8,38.7,50.0,PG,7000,0,23.0,21.0,105,108,2%,13,14,13,29,30,32,38.7,36.7,27.5,45.9,31.7,49.0,7.0,39.3,5.61,38.0,31.5,5.4,38.65,5.505000000000001,30.333333333333332,13.333333333333334,37.49,38.5,40.13653846153846
39,5,Sekou Doumbouya,0.0,DET,BKN,2.0,227.5,112.8,28,9.5,15.7,31.0,SF/PF,4400,0,17.0,10.0,105,106,-3%,4,7,6,22,25,19,15.7,14.0,1.9,26.0,17.4,2.0,0.5,19.8,4.49,18.8,25.0,4.3,19.3,4.395,22.0,5.666666666666667,15.38,18.733333333333334,21.931818181818183
39,6,Mike Muscala,0.0,OKC,MIN,1.0,225.0,112.0,12,5.0,13.0,22.8,PF/C,3500,0,16.0,10.0,105,108,1%,7,5,4,19,19,13,12.9,10.2,2.2,18.2,24.9,25.0,7.1,21.3,6.07,19.9,23.5,5.7,20.6,5.885,17.0,5.333333333333333,12.819999999999999,13.6,28.476470588235298
39,7,Josh Okogie,0.0,MIN,OKC,-1.0,225.0,113.0,22,14.0,23.9,35.5,SG/SF,3700,0,16.0,11.0,101,106,-7%,6,8,6,26,26,24,23.5,18.8,10.5,27.1,18.4,10.3,2.8,18.3,4.93,18.3,24.0,4.9,18.3,4.915,25.333333333333332,6.666666666666667,19.64,24.46666666666667,17.33684210526316
40,0,Shabazz Napier,0.0,MIN,OKC,-1.0,225.0,113.0,10,17.0,26.2,36.3,PG,5600,0,21.0,13.0,101,106,1%,5,6,8,28,28,23,26.4,22.3,11.8,32.8,32.0,50.0,8.9,26.8,4.78,27.3,27.5,4.9,27.05,4.84,26.333333333333332,6.333333333333333,24.07,26.5,28.24841772151899
40,1,Hamidou Diallo,0.0,OKC,MIN,1.0,225.0,112.0,9,5.8,14.3,25.3,SG/SF,3100,0,18.0,9.0,105,108,2%,5,6,7,23,23,20,14.3,14.5,7.4,21.6,22.2,25.5,8.2,16.3,5.24,16.7,22.5,5.4,16.5,5.32,22.0,6.0,14.860000000000003,15.133333333333335,16.875
40,2,Keita Bates-Diop,0.0,MIN,OKC,-1.0,225.0,113.0,18,0.8,13.2,29.5,SF/PF,3000,0,16.0,12.0,101,106,-3%,5,5,6,16,16,19,13.2,14.9,5.6,24.2,19.5,16.5,5.5,9.5,3.17,11.3,14.5,3.8,10.4,3.485,17.0,5.333333333333333,13.66,14.5,8.870588235294118
40,3,Ben Simmons,0.0,PHI,LAL,4.5,217.5,106.5,14,43.0,53.1,82.5,PG/SF,9400,2,22.0,20.0,103,103,-1%,11,13,12,40,40,37,53.4,44.4,33.0,55.8,41.2,59.5,6.3,47.5,5.05,51.1,39.0,5.4,49.3,5.225,39.0,12.0,47.17999999999999,59.53333333333333,49.3
40,4,Kentavious Caldwell-Pope,0.0,LAL,PHI,-4.5,217.5,111.0,2,10.8,23.2,35.8,SG/SF,3700,1,15.0,12.0,101,103,-4%,8,10,8,27,28,27,23.2,18.3,11.6,25.1,32.7,14.5,3.9,15.3,4.12,18.0,26.5,4.9,16.65,4.51,27.333333333333332,8.666666666666666,18.97,23.266666666666666,16.142378048780486
40,5,Tobias Harris,0.0,PHI,LAL,4.5,217.5,106.5,15,26.3,36.9,56.5,SF/PF,7100,2,23.0,17.0,103,103,-5%,18,16,16,37,36,35,36.9,36.1,26.9,45.3,38.3,42.5,6.0,37.5,5.28,38.6,35.5,5.4,38.05,5.34,36.0,16.666666666666668,36.65,39.9,37.52152777777778
40,6,John Henson,0.0,CLE,CHI,-1.5,213.0,107.3,22,7.8,18.1,29.8,C,3000,1,18.0,18.0,102,105,9%,5,6,4,13,15,14,18.1,15.4,7.8,23.0,11.7,11.5,3.8,13.3,4.42,12.1,10.0,4.0,12.7,4.21,14.0,5.0,15.4,18.566666666666666,9.071428571428571
40,7,James Ennis III,0.0,PHI,LAL,4.5,217.5,106.5,15,4.0,9.1,12.3,SF/PF,3000,2,16.0,13.0,103,103,-5%,3,4,5,11,13,17,11.7,13.7,6.9,20.5,8.5,2.8,0.9,13.0,4.33,0.0,0.0,0.0,6.5,2.165,13.666666666666666,4.0,11.86,8.466666666666667,0.0
41,0,Darius Garland,0.0,CLE,CHI,-1.5,213.0,107.3,1,20.8,24.3,32.0,PG,5000,1,22.0,9.0,102,105,-14%,19,16,12,37,34,30,24.0,21.3,13.5,29.2,34.9,14.5,2.9,26.3,5.25,25.8,35.5,5.2,26.05,5.225,33.666666666666664,15.666666666666666,22.81,25.7,27.468564356435643
41,1,Zach LaVine,0.0,CHI,CLE,1.5,213.0,105.8,21,33.0,41.7,68.5,SG,9200,0,31.0,20.0,101,114,6%,20,22,20,33,36,34,41.6,40.1,28.4,51.8,39.4,72.5,7.9,46.3,5.03,46.4,36.0,5.0,46.349999999999994,5.015000000000001,34.333333333333336,20.666666666666668,41.65,47.73333333333333,48.59999999999999
41,2,Taurean Prince,0.0,BKN,DET,-2.0,227.5,114.8,14,13.3,25.4,33.8,PF,5100,1,20.0,10.0,101,109,1%,11,11,12,30,29,31,25.4,27.3,18.1,36.4,22.0,15.0,2.9,24.5,4.8,26.9,29.5,5.3,25.7,5.05,30.0,11.333333333333334,26.579999999999995,24.166666666666668,25.27166666666667
41,3,Ben Simmons,0.0,PHI,LAL,4.5,217.5,106.5,14,43.0,53.1,82.5,PG/SF,9400,2,22.0,20.0,103,103,-1%,11,13,12,40,40,37,53.4,44.4,33.0,55.8,41.2,59.5,6.3,47.5,5.05,51.1,39.0,5.4,49.3,5.225,39.0,12.0,47.17999999999999,59.53333333333333,49.3
41,4,Jordan McLaughlin,0.0,MIN,OKC,-1.0,225.0,113.0,10,10.5,14.4,20.0,PG,3000,0,0.0,0.0,101,106,1%,5,5,5,20,18,17,14.4,13.5,5.1,21.8,20.0,9.8,3.3,12.8,4.25,10.4,13.5,3.5,11.600000000000001,3.875,18.333333333333332,5.0,13.280000000000001,14.966666666666667,8.541818181818183
41,5,Wilson Chandler,0.0,BKN,DET,-2.0,227.5,114.8,14,8.0,15.3,23.8,PF,3700,1,15.0,11.0,101,109,1%,6,5,6,21,19,20,15.3,16.5,10.9,22.0,31.0,21.3,5.8,11.5,3.11,11.0,14.5,3.0,11.25,3.0549999999999997,20.0,5.666666666666667,15.190000000000001,15.700000000000001,8.15625
41,6,Mike Muscala,0.0,OKC,MIN,1.0,225.0,112.0,12,5.0,13.0,22.8,PF/C,3500,0,16.0,10.0,105,108,1%,7,5,4,19,19,13,12.9,10.2,2.2,18.2,24.9,25.0,7.1,21.3,6.07,19.9,23.5,5.7,20.6,5.885,17.0,5.333333333333333,12.819999999999999,13.6,28.476470588235298
41,7,Allen Crabbe,0.0,MIN,OKC,-1.0,225.0,113.0,22,6.0,8.8,10.5,SG/SF,3000,0,13.0,7.0,101,106,-7%,7,5,5,21,18,19,8.8,11.2,4.9,17.4,4.0,0.8,0.3,13.0,4.33,13.0,20.5,4.3,13.0,4.3149999999999995,19.333333333333332,5.666666666666667,11.059999999999999,8.433333333333334,13.78448275862069
42,0,Dennis Schroder,0.0,OKC,MIN,1.0,225.0,112.0,26,25.3,37.5,49.3,PG/SG,6900,0,27.0,16.0,105,108,2%,17,15,15,32,33,31,37.5,30.8,21.2,40.5,31.4,37.0,5.4,32.5,4.71,32.6,32.0,4.7,32.55,4.705,32.0,15.666666666666666,32.510000000000005,37.36666666666667,32.55
42,1,Denzel Valentine,0.0,CHI,CLE,1.5,213.0,105.8,21,0.0,4.2,7.3,SG/SF,3000,0,0.0,0.0,101,114,5%,2,2,5,7,5,11,4.2,11.1,2.2,19.9,10.9,10.5,3.5,4.5,1.5,0.0,0.0,0.0,2.25,0.75,7.666666666666667,3.0,7.9300000000000015,3.8333333333333335,0.0
42,2,Larry Nance Jr.,0.0,CLE,CHI,-1.5,213.0,107.3,29,11.8,26.5,44.0,PF/C,5300,1,14.0,16.0,102,105,9%,12,7,6,28,25,24,26.5,22.4,12.9,31.8,24.1,35.8,6.8,25.8,4.86,25.5,25.5,4.8,25.65,4.83,25.666666666666668,8.333333333333334,23.85,27.433333333333334,25.483441558441555
42,3,Keita Bates-Diop,0.0,MIN,OKC,-1.0,225.0,113.0,18,0.8,13.2,29.5,SF/PF,3000,0,16.0,12.0,101,106,-3%,5,5,6,16,16,19,13.2,14.9,5.6,24.2,19.5,16.5,5.5,9.5,3.17,11.3,14.5,3.8,10.4,3.485,17.0,5.333333333333333,13.66,14.5,8.870588235294118
42,4,Svi Mykhailiuk,0.0,DET,BKN,2.0,227.5,112.8,23,13.5,24.4,37.5,SG/SF,4900,0,16.0,12.0,105,106,-11%,8,10,7,31,29,21,24.4,14.8,5.7,23.9,37.8,32.8,6.7,23.8,4.85,21.4,30.5,4.4,22.6,4.625,27.0,8.333333333333334,18.28,25.133333333333336,25.529629629629632
42,5,Markieff Morris,0.0,DET,BKN,2.0,227.5,112.8,25,13.5,25.1,35.5,PF/C,5500,0,22.0,13.0,105,106,-3%,13,12,9,28,23,23,25.1,20.3,11.6,28.9,26.8,16.0,2.9,20.3,3.68,22.0,23.5,4.0,21.15,3.84,24.666666666666668,11.333333333333334,21.410000000000004,24.7,20.14966216216216
42,6,Al Horford,0.0,PHI,LAL,4.5,217.5,106.5,13,18.3,32.6,39.5,PF/C,6500,2,19.0,16.0,103,103,-6%,13,13,12,31,32,31,32.6,30.9,22.2,39.7,34.9,27.0,4.2,35.0,5.38,35.2,32.5,5.4,35.1,5.390000000000001,31.333333333333332,12.666666666666666,32.1,30.133333333333336,36.40691489361702
42,7,Tobias Harris,0.0,PHI,LAL,4.5,217.5,106.5,15,26.3,36.9,56.5,SF/PF,7100,2,23.0,17.0,103,103,-5%,18,16,16,37,36,35,36.9,36.1,26.9,45.3,38.3,42.5,6.0,37.5,5.28,38.6,35.5,5.4,38.05,5.34,36.0,16.666666666666668,36.65,39.9,37.52152777777778
43,0,LeBron James,0.0,LAL,PHI,-4.5,217.5,111.0,9,42.8,52.3,61.8,PG/SF,10400,1,34.0,27.0,101,103,-5%,18,18,20,35,34,35,52.9,55.8,45.1,66.4,35.4,48.3,4.6,51.8,4.98,53.5,35.5,5.1,52.65,5.04,34.666666666666664,18.666666666666668,54.56999999999999,52.29999999999999,53.915625
43,1,Josh Okogie,0.0,MIN,OKC,-1.0,225.0,113.0,22,14.0,23.9,35.5,SG/SF,3700,0,16.0,11.0,101,106,-7%,6,8,6,26,26,24,23.5,18.8,10.5,27.1,18.4,10.3,2.8,18.3,4.93,18.3,24.0,4.9,18.3,4.915,25.333333333333332,6.666666666666667,19.64,24.46666666666667,17.33684210526316
43,2,Taurean Prince,0.0,BKN,DET,-2.0,227.5,114.8,14,13.3,25.4,33.8,PF,5100,1,20.0,10.0,101,109,1%,11,11,12,30,29,31,25.4,27.3,18.1,36.4,22.0,15.0,2.9,24.5,4.8,26.9,29.5,5.3,25.7,5.05,30.0,11.333333333333334,26.579999999999995,24.166666666666668,25.27166666666667
43,3,Allen Crabbe,0.0,MIN,OKC,-1.0,225.0,113.0,22,6.0,8.8,10.5,SG/SF,3000,0,13.0,7.0,101,106,-7%,7,5,5,21,18,19,8.8,11.2,4.9,17.4,4.0,0.8,0.3,13.0,4.33,13.0,20.5,4.3,13.0,4.3149999999999995,19.333333333333332,5.666666666666667,11.059999999999999,8.433333333333334,13.78448275862069
43,4,Joe Harris,0.0,BKN,DET,-2.0,227.5,114.8,19,15.0,17.2,21.8,SG/SF,4200,1,17.0,12.0,101,109,1%,8,9,11,30,31,32,17.9,24.9,16.8,33.0,36.5,28.0,6.7,22.3,5.3,22.4,29.5,5.3,22.35,5.3,31.0,9.333333333333334,22.99,18.0,21.26854838709678
43,5,Thaddeus Young,0.0,CHI,CLE,1.5,213.0,105.8,16,10.0,20.0,36.0,PF,4400,0,20.0,13.0,101,114,1%,7,7,9,24,25,23,20.0,20.1,12.1,28.1,34.7,24.8,5.6,28.8,6.53,28.6,32.0,6.5,28.700000000000003,6.515000000000001,24.0,7.666666666666667,21.8,22.0,38.26666666666667
43,6,Karl-Anthony Towns,0.0,MIN,OKC,-1.0,225.0,113.0,20,29.0,44.0,54.0,C,10000,0,29.0,28.0,101,106,-1%,24,20,18,29,30,34,44.0,53.0,41.2,64.7,35.4,64.5,6.5,53.0,5.3,53.1,33.0,5.3,53.05,5.3,31.0,20.666666666666668,51.19,42.333333333333336,56.47258064516129
43,7,Wilson Chandler,0.0,BKN,DET,-2.0,227.5,114.8,14,8.0,15.3,23.8,PF,3700,1,15.0,11.0,101,109,1%,6,5,6,21,19,20,15.3,16.5,10.9,22.0,31.0,21.3,5.8,11.5,3.11,11.0,14.5,3.0,11.25,3.0549999999999997,20.0,5.666666666666667,15.190000000000001,15.700000000000001,8.15625
44,0,Raul Neto,0.0,PHI,LAL,4.5,217.5,106.5,14,7.0,9.8,12.3,PG,3000,2,18.0,12.0,103,103,-1%,5,4,3,14,11,11,9.8,8.4,1.7,15.1,19.0,19.5,6.5,13.3,4.42,10.3,11.5,3.4,11.8,3.91,12.0,4.0,9.360000000000003,9.700000000000001,11.308333333333334
44,1,Dante Exum,0.0,CLE,CHI,-1.5,213.0,107.3,1,5.0,7.5,9.0,PG/SG,3400,1,16.0,10.0,102,105,-14%,3,3,3,20,18,13,7.5,8.5,0.9,16.1,22.2,14.8,4.4,14.3,4.19,12.0,16.5,3.5,13.15,3.845,17.0,3.0,9.23,7.166666666666667,12.763235294117647
44,2,Darius Bazley,0.0,OKC,MIN,1.0,225.0,112.0,12,8.5,16.8,28.8,PF,3100,0,13.0,7.0,105,108,1%,5,5,4,18,20,17,16.8,11.9,4.8,19.0,30.0,28.5,9.2,20.0,6.45,20.8,27.5,6.7,20.4,6.575,18.333333333333332,4.666666666666667,14.580000000000002,18.033333333333335,30.6
44,3,Luguentz Dort,0.0,OKC,MIN,1.0,225.0,112.0,19,3.8,10.7,14.0,SF,3200,0,0.0,0.0,105,108,2%,4,5,4,21,22,19,10.7,8.4,4.1,12.7,30.1,19.0,5.9,11.0,3.44,14.5,25.5,4.5,12.75,3.9699999999999998,20.666666666666668,4.333333333333333,9.73,9.5,15.731854838709678
44,4,Collin Sexton,0.0,CLE,CHI,-1.5,213.0,107.3,1,31.8,37.6,44.0,PG/SG,6800,1,27.0,16.0,102,105,-14%,18,19,16,36,34,32,37.5,28.8,21.7,36.0,33.7,27.0,4.0,30.3,4.45,31.5,34.5,4.6,30.9,4.525,34.0,17.666666666666668,30.98,37.800000000000004,31.354411764705883
44,5,Caris LeVert,0.0,BKN,DET,-2.0,227.5,114.8,2,13.8,23.1,32.0,PG/SF,4800,1,28.0,11.0,101,109,-4%,15,13,14,26,25,27,23.1,26.1,17.9,34.4,22.9,15.5,3.2,25.5,5.31,26.0,26.0,5.4,25.75,5.355,26.0,14.0,25.45,22.96666666666667,25.75
44,6,Larry Nance Jr.,0.0,CLE,CHI,-1.5,213.0,107.3,29,11.8,26.5,44.0,PF/C,5300,1,14.0,16.0,102,105,9%,12,7,6,28,25,24,26.5,22.4,12.9,31.8,24.1,35.8,6.8,25.8,4.86,25.5,25.5,4.8,25.65,4.83,25.666666666666668,8.333333333333334,23.85,27.433333333333334,25.483441558441555
44,7,Robert Covington,0.0,MIN,OKC,-1.0,225.0,113.0,18,20.3,26.5,39.0,SF/PF,5700,0,17.0,14.0,101,106,-3%,11,13,11,30,32,30,26.5,28.0,19.6,36.5,35.9,24.8,4.4,27.3,4.78,28.5,30.5,5.0,27.9,4.890000000000001,30.666666666666668,11.666666666666666,27.7,28.599999999999998,27.748369565217388
46,0,Darius Garland,0.0,CLE,CHI,-1.5,213.0,107.3,1,20.8,24.3,32.0,PG,5000,1,22.0,9.0,102,105,-14%,19,16,12,37,34,30,24.0,21.3,13.5,29.2,34.9,14.5,2.9,26.3,5.25,25.8,35.5,5.2,26.05,5.225,33.666666666666664,15.666666666666666,22.81,25.7,27.468564356435643
46,1,Ryan Arcidiacono,0.0,CHI,CLE,1.5,213.0,105.8,8,5.3,7.7,10.3,PG/SG,3000,0,13.0,8.0,101,114,6%,2,4,4,14,12,15,7.7,9.4,3.5,15.3,12.2,10.5,3.5,8.8,2.92,8.5,13.0,2.8,8.65,2.86,13.666666666666666,3.3333333333333335,8.91,7.766666666666667,8.228048780487805
46,2,Darius Bazley,0.0,OKC,MIN,1.0,225.0,112.0,12,8.5,16.8,28.8,PF,3100,0,13.0,7.0,105,108,1%,5,5,4,18,20,17,16.8,11.9,4.8,19.0,30.0,28.5,9.2,20.0,6.45,20.8,27.5,6.7,20.4,6.575,18.333333333333332,4.666666666666667,14.580000000000002,18.033333333333335,30.6
46,3,Andrew Wiggins,0.0,MIN,OKC,-1.0,225.0,113.0,22,26.5,39.0,51.0,SG/SF,7000,0,28.0,17.0,101,106,-3%,19,17,20,34,34,35,39.3,38.1,28.3,48.0,33.8,29.8,4.3,34.5,4.93,36.4,34.0,5.2,35.45,5.0649999999999995,34.333333333333336,18.666666666666668,37.830000000000005,38.833333333333336,35.105825242718446
46,4,Dante Exum,0.0,CLE,CHI,-1.5,213.0,107.3,1,5.0,7.5,9.0,PG/SG,3400,1,16.0,10.0,102,105,-14%,3,3,3,20,18,13,7.5,8.5,0.9,16.1,22.2,14.8,4.4,14.3,4.19,12.0,16.5,3.5,13.15,3.845,17.0,3.0,9.23,7.166666666666667,12.763235294117647
46,5,Larry Nance Jr.,0.0,CLE,CHI,-1.5,213.0,107.3,29,11.8,26.5,44.0,PF/C,5300,1,14.0,16.0,102,105,9%,12,7,6,28,25,24,26.5,22.4,12.9,31.8,24.1,35.8,6.8,25.8,4.86,25.5,25.5,4.8,25.65,4.83,25.666666666666668,8.333333333333334,23.85,27.433333333333334,25.483441558441555
46,6,Dwight Howard,0.0,LAL,PHI,-4.5,217.5,111.0,23,23.0,29.5,37.5,C,5200,1,14.0,19.0,101,103,-9%,7,6,4,25,24,20,29.5,22.1,12.7,31.5,16.1,8.3,1.6,21.8,4.18,28.8,27.0,5.5,25.3,4.84,23.0,5.666666666666667,24.22,30.0,29.700000000000003
46,7,Cristiano Felicio,0.0,CHI,CLE,1.5,213.0,105.8,7,5.0,12.1,24.8,C,4100,0,0.0,0.0,101,114,1%,4,2,2,23,17,14,12.6,9.3,0.0,18.6,19.9,8.5,2.1,18.3,4.45,18.2,23.5,4.4,18.25,4.425000000000001,18.0,2.6666666666666665,11.75,13.966666666666669,23.82638888888889
47,0,LeBron James,0.0,LAL,PHI,-4.5,217.5,111.0,9,42.8,52.3,61.8,PG/SF,10400,1,34.0,27.0,101,103,-5%,18,18,20,35,34,35,52.9,55.8,45.1,66.4,35.4,48.3,4.6,51.8,4.98,53.5,35.5,5.1,52.65,5.04,34.666666666666664,18.666666666666668,54.56999999999999,52.29999999999999,53.915625
47,1,Hamidou Diallo,0.0,OKC,MIN,1.0,225.0,112.0,9,5.8,14.3,25.3,SG/SF,3100,0,18.0,9.0,105,108,2%,5,6,7,23,23,20,14.3,14.5,7.4,21.6,22.2,25.5,8.2,16.3,5.24,16.7,22.5,5.4,16.5,5.32,22.0,6.0,14.860000000000003,15.133333333333335,16.875
47,2,Robert Covington,0.0,MIN,OKC,-1.0,225.0,113.0,18,20.3,26.5,39.0,SF/PF,5700,0,17.0,14.0,101,106,-3%,11,13,11,30,32,30,26.5,28.0,19.6,36.5,35.9,24.8,4.4,27.3,4.78,28.5,30.5,5.0,27.9,4.890000000000001,30.666666666666668,11.666666666666666,27.7,28.599999999999998,27.748369565217388
47,3,Chandler Hutchison,0.0,CHI,CLE,1.5,213.0,105.8,26,16.0,19.4,26.5,SF/PF,3900,0,17.0,11.0,101,114,5%,6,5,5,20,20,17,18.9,14.3,7.9,20.7,15.4,14.3,3.7,17.0,4.36,16.1,21.0,4.1,16.55,4.23,19.0,5.333333333333333,15.670000000000002,20.633333333333333,18.292105263157897
47,4,Langston Galloway,0.0,DET,BKN,2.0,227.5,112.8,23,2.5,19.7,26.8,SG,3600,0,16.0,13.0,105,106,0%,11,9,8,32,30,26,22.4,18.2,11.0,25.4,33.3,22.3,6.2,20.0,5.56,20.4,28.5,5.7,20.2,5.63,29.333333333333332,9.333333333333334,19.44,16.333333333333332,19.626136363636363
47,5,Louis King,0.0,DET,BKN,2.0,227.5,112.8,28,0.0,4.8,15.0,SF/PF,3000,0,0.0,0.0,105,106,-3%,2,1,2,8,5,5,4.8,4.9,-1.0,10.7,11.8,4.0,1.3,12.5,4.17,0.0,0.0,0.0,6.25,2.085,6.0,1.6666666666666667,5.13,6.6000000000000005,0.0
47,6,Al Horford,0.0,PHI,LAL,4.5,217.5,106.5,13,18.3,32.6,39.5,PF/C,6500,2,19.0,16.0,103,103,-6%,13,13,12,31,32,31,32.6,30.9,22.2,39.7,34.9,27.0,4.2,35.0,5.38,35.2,32.5,5.4,35.1,5.390000000000001,31.333333333333332,12.666666666666666,32.1,30.133333333333336,36.40691489361702
47,7,Christian Wood,0.0,DET,BKN,2.0,227.5,112.8,25,5.3,21.8,32.5,PF/C,4700,0,21.0,23.0,105,106,-3%,8,6,6,27,18,17,21.8,20.1,7.8,32.4,21.3,17.5,3.7,22.8,4.84,17.9,15.0,3.8,20.35,4.32,20.666666666666668,6.666666666666667,20.490000000000002,19.866666666666667,14.770161290322582
48,0,Caris LeVert,0.0,BKN,DET,-2.0,227.5,114.8,2,13.8,23.1,32.0,PG/SF,4800,1,28.0,11.0,101,109,-4%,15,13,14,26,25,27,23.1,26.1,17.9,34.4,22.9,15.5,3.2,25.5,5.31,26.0,26.0,5.4,25.75,5.355,26.0,14.0,25.45,22.96666666666667,25.75
48,1,Andrew Wiggins,0.0,MIN,OKC,-1.0,225.0,113.0,22,26.5,39.0,51.0,SG/SF,7000,0,28.0,17.0,101,106,-3%,19,17,20,34,34,35,39.3,38.1,28.3,48.0,33.8,29.8,4.3,34.5,4.93,36.4,34.0,5.2,35.45,5.0649999999999995,34.333333333333336,18.666666666666668,37.830000000000005,38.833333333333336,35.105825242718446
48,2,Thaddeus Young,0.0,CHI,CLE,1.5,213.0,105.8,16,10.0,20.0,36.0,PF,4400,0,20.0,13.0,101,114,1%,7,7,9,24,25,23,20.0,20.1,12.1,28.1,34.7,24.8,5.6,28.8,6.53,28.6,32.0,6.5,28.700000000000003,6.515000000000001,24.0,7.666666666666667,21.8,22.0,38.26666666666667
48,3,LeBron James,0.0,LAL,PHI,-4.5,217.5,111.0,9,42.8,52.3,61.8,PG/SF,10400,1,34.0,27.0,101,103,-5%,18,18,20,35,34,35,52.9,55.8,45.1,66.4,35.4,48.3,4.6,51.8,4.98,53.5,35.5,5.1,52.65,5.04,34.666666666666664,18.666666666666668,54.56999999999999,52.29999999999999,53.915625
48,4,Dante Exum,0.0,CLE,CHI,-1.5,213.0,107.3,1,5.0,7.5,9.0,PG/SG,3400,1,16.0,10.0,102,105,-14%,3,3,3,20,18,13,7.5,8.5,0.9,16.1,22.2,14.8,4.4,14.3,4.19,12.0,16.5,3.5,13.15,3.845,17.0,3.0,9.23,7.166666666666667,12.763235294117647
48,5,Markieff Morris,0.0,DET,BKN,2.0,227.5,112.8,25,13.5,25.1,35.5,PF/C,5500,0,22.0,13.0,105,106,-3%,13,12,9,28,23,23,25.1,20.3,11.6,28.9,26.8,16.0,2.9,20.3,3.68,22.0,23.5,4.0,21.15,3.84,24.666666666666668,11.333333333333334,21.410000000000004,24.7,20.14966216216216
48,6,John Henson,0.0,CLE,CHI,-1.5,213.0,107.3,22,7.8,18.1,29.8,C,3000,1,18.0,18.0,102,105,9%,5,6,4,13,15,14,18.1,15.4,7.8,23.0,11.7,11.5,3.8,13.3,4.42,12.1,10.0,4.0,12.7,4.21,14.0,5.0,15.4,18.566666666666666,9.071428571428571
48,7,Tobias Harris,0.0,PHI,LAL,4.5,217.5,106.5,15,26.3,36.9,56.5,SF/PF,7100,2,23.0,17.0,103,103,-5%,18,16,16,37,36,35,36.9,36.1,26.9,45.3,38.3,42.5,6.0,37.5,5.28,38.6,35.5,5.4,38.05,5.34,36.0,16.666666666666668,36.65,39.9,37.52152777777778
49,0,Ben Simmons,0.0,PHI,LAL,4.5,217.5,106.5,14,43.0,53.1,82.5,PG/SF,9400,2,22.0,20.0,103,103,-1%,11,13,12,40,40,37,53.4,44.4,33.0,55.8,41.2,59.5,6.3,47.5,5.05,51.1,39.0,5.4,49.3,5.225,39.0,12.0,47.17999999999999,59.53333333333333,49.3
49,1,Hamidou Diallo,0.0,OKC,MIN,1.0,225.0,112.0,9,5.8,14.3,25.3,SG/SF,3100,0,18.0,9.0,105,108,2%,5,6,7,23,23,20,14.3,14.5,7.4,21.6,22.2,25.5,8.2,16.3,5.24,16.7,22.5,5.4,16.5,5.32,22.0,6.0,14.860000000000003,15.133333333333335,16.875
49,2,Darius Bazley,0.0,OKC,MIN,1.0,225.0,112.0,12,8.5,16.8,28.8,PF,3100,0,13.0,7.0,105,108,1%,5,5,4,18,20,17,16.8,11.9,4.8,19.0,30.0,28.5,9.2,20.0,6.45,20.8,27.5,6.7,20.4,6.575,18.333333333333332,4.666666666666667,14.580000000000002,18.033333333333335,30.6
49,3,Svi Mykhailiuk,0.0,DET,BKN,2.0,227.5,112.8,23,13.5,24.4,37.5,SG/SF,4900,0,16.0,12.0,105,106,-11%,8,10,7,31,29,21,24.4,14.8,5.7,23.9,37.8,32.8,6.7,23.8,4.85,21.4,30.5,4.4,22.6,4.625,27.0,8.333333333333334,18.28,25.133333333333336,25.529629629629632
49,4,Avery Bradley,0.0,LAL,PHI,-4.5,217.5,111.0,2,6.0,8.2,13.8,SG,3200,1,16.0,7.0,101,103,-4%,8,6,7,20,19,23,8.0,13.4,6.3,20.6,17.6,10.3,3.2,12.8,3.98,13.0,22.0,4.1,12.9,4.04,20.666666666666668,7.0,12.239999999999998,9.333333333333334,13.732258064516127
49,5,Chandler Hutchison,0.0,CHI,CLE,1.5,213.0,105.8,26,16.0,19.4,26.5,SF/PF,3900,0,17.0,11.0,101,114,5%,6,5,5,20,20,17,18.9,14.3,7.9,20.7,15.4,14.3,3.7,17.0,4.36,16.1,21.0,4.1,16.55,4.23,19.0,5.333333333333333,15.670000000000002,20.633333333333333,18.292105263157897
49,6,Al Horford,0.0,PHI,LAL,4.5,217.5,106.5,13,18.3,32.6,39.5,PF/C,6500,2,19.0,16.0,103,103,-6%,13,13,12,31,32,31,32.6,30.9,22.2,39.7,34.9,27.0,4.2,35.0,5.38,35.2,32.5,5.4,35.1,5.390000000000001,31.333333333333332,12.666666666666666,32.1,30.133333333333336,36.40691489361702
49,7,Josh Okogie,0.0,MIN,OKC,-1.0,225.0,113.0,22,14.0,23.9,35.5,SG/SF,3700,0,16.0,11.0,101,106,-7%,6,8,6,26,26,24,23.5,18.8,10.5,27.1,18.4,10.3,2.8,18.3,4.93,18.3,24.0,4.9,18.3,4.915,25.333333333333332,6.666666666666667,19.64,24.46666666666667,17.33684210526316
