Lineup Num,,Player Name,injury_status,team,opp,spread,over_under,implied_team_score,L5_dvp_rank,L5_ppg_floor,L5_ppg_avg,L5_ppg_max,Pos,Salary,Rest,USG,PER,Opp Pace,Opp DEff,Opp DvP,L2 FGA,L5 FGA,S FGA,L2 Min,L5 Min,S Min,L5 FP,S FP,Floor FP,Ceil FP,Actual Min,Actual FP,Actual Val,FantasyFuelPPGProj,FantasyFuelValueProj,DFN_PPGProj,DFN_MinProj,DFN_ValueProj,Avg Proj,Avg Value Proj,Avg Skewed Min,Avg Skewed FGA,Avg Skewed FP,Avg L5 PPG,Proj Min Enhanced
0,0,Shabazz Napier,0.0,MIN,POR,1.5,224.5,111.5,18,17.3,34.7,43.3,PG/SG,5200,1,23.0,14.0,104,109,6%,10,12,8,27,31,21,34.6,21.5,10.0,33.0,20.4,17.5,3.4,26.5,5.1,26.3,25.5,5.1,26.4,5.1,26.333333333333332,10.0,25.1,31.766666666666666,25.564556962025318
0,1,Hamidou Diallo,0.0,OKC,HOU,3.5,227.5,112.0,12,7.3,11.2,18.5,SG/SF,3200,1,18.0,12.0,106,107,7%,6,6,7,16,17,20,11.2,16.0,9.6,22.5,23.8,10.8,3.4,14.5,4.53,12.1,16.0,3.8,13.3,4.165,17.666666666666668,6.333333333333333,14.520000000000001,12.333333333333334,12.045283018867924
0,2,Isaiah Hartenstein,0.0,HOU,OKC,-3.5,227.5,115.5,14,4.0,22.4,39.3,PF/C,3300,0,0.0,0.0,101,105,-11%,2,6,3,8,18,14,22.4,13.9,0.8,26.9,12.0,12.0,3.6,11.0,3.33,10.5,11.0,3.2,10.75,3.265,13.333333333333334,3.6666666666666665,14.95,21.899999999999995,8.868749999999999
0,3,Grant Williams,0.0,BOS,PHI,2.5,216.5,107.0,11,2.5,11.4,20.0,SF/PF,3200,0,12.0,7.0,102,104,-11%,2,3,3,22,17,16,11.4,9.3,2.7,15.8,6.6,4.0,1.3,8.3,2.58,9.3,15.0,2.9,8.8,2.74,18.333333333333332,2.6666666666666665,9.6,11.299999999999999,7.200000000000001
0,4,Furkan Korkmaz,0.0,PHI,BOS,-2.5,216.5,109.5,6,11.8,13.1,14.5,SG/SF,3300,2,16.0,11.0,102,102,-5%,6,7,7,19,18,21,13.1,14.1,6.3,22.0,14.3,13.8,4.2,13.0,3.94,12.5,16.5,3.8,12.75,3.87,19.333333333333332,6.666666666666667,13.65,13.133333333333333,10.88146551724138
0,5,Ben McLemore,0.0,HOU,OKC,-3.5,227.5,115.5,15,4.3,15.6,26.3,SG/SF,3200,0,16.0,11.0,101,105,-10%,6,7,8,23,24,25,15.6,18.1,8.1,28.2,25.6,15.0,4.7,10.3,3.2,18.5,27.5,5.8,14.4,4.5,24.0,7.0,16.880000000000003,15.4,16.5
0,6,Andre Drummond,0.0,DET,CLE,-7.0,220.5,113.8,24,32.5,47.9,61.5,C,10200,1,24.0,22.0,101,113,3%,13,13,14,40,34,34,47.9,48.8,36.6,61.0,49.0,62.3,6.1,53.3,5.22,57.9,36.5,5.7,55.599999999999994,5.46,36.0,13.333333333333334,49.98,47.300000000000004,56.37222222222222
0,7,Jarrett Culver,0.0,MIN,POR,1.5,224.5,111.5,18,18.8,32.4,41.3,PG/SG,5100,1,20.0,10.0,104,109,6%,11,14,9,28,32,23,32.3,19.5,9.0,29.9,30.0,23.0,4.5,24.5,4.8,25.1,28.5,4.9,24.8,4.85,27.666666666666668,11.333333333333334,23.099999999999998,30.833333333333332,25.54698795180723
1,0,Derrick Rose,0.0,DET,CLE,-7.0,220.5,113.8,26,25.0,33.0,43.3,PG/SG,6500,1,33.0,22.0,101,113,6%,20,18,15,30,28,25,33.0,31.1,23.2,39.1,35.7,40.3,6.2,34.8,5.35,38.6,28.5,5.9,36.7,5.625,27.666666666666668,17.666666666666668,32.62,33.766666666666666,37.80542168674699
1,1,Deonte Burton,0.0,OKC,HOU,3.5,227.5,112.0,12,-0.5,5.8,16.8,SG/SF,3300,1,0.0,0.0,106,107,0%,4,3,3,9,10,9,5.4,5.3,-0.4,10.9,4.1,4.0,1.2,6.0,1.82,0.0,0.0,0.0,3.0,0.91,9.333333333333334,3.3333333333333335,4.840000000000001,7.366666666666667,0.0
1,2,Al Horford,0.0,PHI,BOS,-2.5,216.5,109.5,25,14.0,19.3,24.0,PF/C,6000,2,18.0,16.0,102,102,-2%,9,9,11,34,32,31,19.3,30.1,21.1,39.1,32.3,42.0,7.0,33.3,5.54,34.8,32.0,5.8,34.05,5.67,32.333333333333336,9.666666666666666,28.729999999999997,19.099999999999998,33.69896907216494
1,3,Semi Ojeleye,0.0,BOS,PHI,2.5,216.5,107.0,11,0.0,5.0,11.8,SF/PF,3000,0,8.0,6.0,102,104,-11%,3,2,2,5,8,14,5.0,6.6,1.3,12.0,20.8,1.5,0.5,6.5,2.17,0.0,0.0,0.0,3.25,1.085,9.0,2.3333333333333335,5.630000000000001,5.6000000000000005,0.0
1,4,Dennis Schroder,0.0,OKC,HOU,3.5,227.5,112.0,28,26.0,29.6,34.3,PG/SG,6100,1,28.0,16.0,106,107,0%,16,15,15,36,33,31,30.0,30.2,20.7,39.6,27.1,23.3,3.8,32.5,5.33,32.1,31.5,5.3,32.3,5.3149999999999995,33.333333333333336,15.333333333333334,30.560000000000002,29.96666666666667,30.523499999999995
1,5,Danuel House Jr.,0.0,HOU,OKC,-3.5,227.5,115.5,14,10.0,18.9,33.5,SF/PF,4200,0,14.0,12.0,101,105,-11%,5,10,9,33,34,32,18.9,21.9,13.6,30.2,28.7,5.5,1.3,19.5,4.64,21.0,32.5,5.0,20.25,4.82,33.0,8.0,20.97,20.8,19.94318181818182
1,6,Noah Vonleh,0.0,MIN,POR,1.5,224.5,111.5,24,9.8,16.2,29.3,PF/C,3200,1,14.0,15.0,104,109,0%,4,3,3,11,16,13,16.2,12.2,5.6,18.8,12.7,16.0,5.0,4.8,1.48,0.0,0.0,0.0,2.4,0.74,13.333333333333334,3.3333333333333335,11.040000000000001,18.433333333333334,0.0
1,7,Trey Burke,0.0,PHI,BOS,-2.5,216.5,109.5,29,5.0,14.6,21.3,PG/SG,3200,2,21.0,18.0,102,102,-8%,7,6,6,16,16,16,14.6,14.7,4.8,24.6,12.4,6.8,2.1,12.8,3.98,10.9,11.0,3.4,11.850000000000001,3.69,16.0,6.333333333333333,14.11,13.633333333333335,8.146875000000001
2,0,James Harden,0.0,HOU,OKC,-3.5,227.5,115.5,13,54.8,70.0,81.8,PG/SG,12200,0,38.0,32.0,101,105,-1%,29,24,25,40,38,38,70.6,64.6,52.1,77.2,26.6,27.8,2.3,61.3,5.02,58.8,37.5,4.8,60.05,4.91,38.666666666666664,26.0,64.91,68.86666666666666,58.23814655172414
2,1,Ben McLemore,0.0,HOU,OKC,-3.5,227.5,115.5,15,4.3,15.6,26.3,SG/SF,3200,0,16.0,11.0,101,105,-10%,6,7,8,23,24,25,15.6,18.1,8.1,28.2,25.6,15.0,4.7,10.3,3.2,18.5,27.5,5.8,14.4,4.5,24.0,7.0,16.880000000000003,15.4,16.5
2,2,James Ennis III,0.0,PHI,BOS,-2.5,216.5,109.5,1,4.5,11.2,19.5,SF/PF,3700,2,15.0,13.0,102,102,-4%,6,6,5,22,19,18,11.2,14.2,6.9,21.4,16.6,15.0,4.1,13.8,3.72,14.4,17.5,3.9,14.100000000000001,3.81,19.666666666666668,5.666666666666667,13.559999999999999,11.733333333333334,12.546610169491526
2,3,Darius Bazley,0.0,OKC,HOU,3.5,227.5,112.0,7,7.3,14.0,23.8,SF/PF,3500,1,14.0,7.0,106,107,4%,6,6,4,16,15,17,13.9,11.8,4.8,18.7,15.8,3.5,1.0,14.3,4.07,11.5,16.0,3.3,12.9,3.685,16.0,5.333333333333333,12.42,15.033333333333333,12.9
2,4,Hamidou Diallo,0.0,OKC,HOU,3.5,227.5,112.0,12,7.3,11.2,18.5,SG/SF,3200,1,18.0,12.0,106,107,7%,6,6,7,16,17,20,11.2,16.0,9.6,22.5,23.8,10.8,3.4,14.5,4.53,12.1,16.0,3.8,13.3,4.165,17.666666666666668,6.333333333333333,14.520000000000001,12.333333333333334,12.045283018867924
2,5,Robert Covington,0.0,MIN,POR,1.5,224.5,111.5,27,29.3,34.4,47.0,SF/PF,5700,1,17.0,14.0,104,109,7%,12,10,10,33,33,29,34.4,27.3,18.4,36.3,24.4,29.0,5.1,28.5,5.0,32.4,32.0,5.7,30.45,5.35,31.666666666666668,10.666666666666666,29.369999999999997,36.9,30.77052631578947
2,6,Ante Zizic,0.0,CLE,DET,7.0,220.5,106.8,21,0.0,14.4,35.0,C,3900,1,0.0,0.0,102,110,7%,5,3,3,20,10,10,14.3,10.3,1.2,19.3,7.3,6.8,1.7,14.8,3.78,15.2,16.0,3.9,15.0,3.84,13.333333333333334,3.6666666666666665,12.020000000000001,16.466666666666665,18.0
2,7,Damian Lillard,0.0,POR,MIN,-1.5,224.5,113.0,2,38.5,48.5,62.3,PG,8900,1,30.0,25.0,105,107,3%,17,19,20,39,37,38,48.5,47.9,38.3,57.5,29.6,38.5,4.3,48.0,5.39,46.4,37.0,5.2,47.2,5.295,38.0,18.666666666666668,47.879999999999995,49.76666666666667,45.95789473684211
3,0,James Harden,0.0,HOU,OKC,-3.5,227.5,115.5,13,54.8,70.0,81.8,PG/SG,12200,0,38.0,32.0,101,105,-1%,29,24,25,40,38,38,70.6,64.6,52.1,77.2,26.6,27.8,2.3,61.3,5.02,58.8,37.5,4.8,60.05,4.91,38.666666666666664,26.0,64.91,68.86666666666666,58.23814655172414
3,1,Shai Gilgeous-Alexander,0.0,OKC,HOU,3.5,227.5,112.0,28,28.3,36.7,47.8,PG/SG,7100,1,24.0,17.0,106,107,7%,16,16,16,38,36,36,36.6,34.2,24.3,44.2,30.7,30.8,4.3,34.5,4.86,36.1,36.0,5.1,35.3,4.98,36.666666666666664,16.0,34.92,37.6,34.658181818181816
3,2,Nassir Little,0.0,POR,MIN,-1.5,224.5,113.0,24,1.8,3.0,4.3,SF/PF,3000,1,13.0,8.0,105,107,-2%,2,1,3,4,6,13,2.7,8.7,0.2,17.1,12.0,13.3,4.4,3.8,1.25,0.0,0.0,0.0,1.9,0.625,7.666666666666667,2.0,6.119999999999999,3.033333333333333,0.0
3,3,Grant Williams,0.0,BOS,PHI,2.5,216.5,107.0,11,2.5,11.4,20.0,SF/PF,3200,0,12.0,7.0,102,104,-11%,2,3,3,22,17,16,11.4,9.3,2.7,15.8,6.6,4.0,1.3,8.3,2.58,9.3,15.0,2.9,8.8,2.74,18.333333333333332,2.6666666666666665,9.6,11.299999999999999,7.200000000000001
3,4,Chris Paul,0.0,OKC,HOU,3.5,227.5,112.0,28,25.0,36.7,44.5,PG,7400,1,23.0,21.0,106,107,0%,16,14,12,35,34,32,36.7,36.5,27.3,45.7,27.6,42.0,5.7,39.8,5.37,38.6,32.5,5.2,39.2,5.285,33.666666666666664,14.0,37.080000000000005,35.4,37.84158415841585
3,5,Furkan Korkmaz,0.0,PHI,BOS,-2.5,216.5,109.5,6,11.8,13.1,14.5,SG/SF,3300,2,16.0,11.0,102,102,-5%,6,7,7,19,18,21,13.1,14.1,6.3,22.0,14.3,13.8,4.2,13.0,3.94,12.5,16.5,3.8,12.75,3.87,19.333333333333332,6.666666666666667,13.65,13.133333333333333,10.88146551724138
3,6,Ante Zizic,0.0,CLE,DET,7.0,220.5,106.8,21,0.0,14.4,35.0,C,3900,1,0.0,0.0,102,110,7%,5,3,3,20,10,10,14.3,10.3,1.2,19.3,7.3,6.8,1.7,14.8,3.78,15.2,16.0,3.9,15.0,3.84,13.333333333333334,3.6666666666666665,12.020000000000001,16.466666666666665,18.0
3,7,Noah Vonleh,0.0,MIN,POR,1.5,224.5,111.5,24,9.8,16.2,29.3,PF/C,3200,1,14.0,15.0,104,109,0%,4,3,3,11,16,13,16.2,12.2,5.6,18.8,12.7,16.0,5.0,4.8,1.48,0.0,0.0,0.0,2.4,0.74,13.333333333333334,3.3333333333333335,11.040000000000001,18.433333333333334,0.0
4,0,Derrick Rose,0.0,DET,CLE,-7.0,220.5,113.8,26,25.0,33.0,43.3,PG/SG,6500,1,33.0,22.0,101,113,6%,20,18,15,30,28,25,33.0,31.1,23.2,39.1,35.7,40.3,6.2,34.8,5.35,38.6,28.5,5.9,36.7,5.625,27.666666666666668,17.666666666666668,32.62,33.766666666666666,37.80542168674699
4,1,Jaylen Brown,0.0,BOS,PHI,2.5,216.5,107.0,28,22.8,33.4,42.5,SG/SF,6500,0,24.0,19.0,102,104,-4%,18,15,15,31,34,34,33.4,36.3,26.9,45.7,33.8,16.8,2.6,31.8,4.88,33.3,34.0,5.1,32.55,4.99,33.0,16.0,34.96999999999999,32.9,33.53636363636363
4,2,Daniel Theis,0.0,BOS,PHI,2.5,216.5,107.0,2,14.5,22.7,29.5,PF/C,4000,0,14.0,15.0,102,104,-11%,8,9,6,21,23,23,22.7,21.9,14.9,28.8,26.6,20.8,5.2,19.8,4.94,19.2,22.5,4.8,19.5,4.87,22.333333333333332,7.666666666666667,21.56,22.233333333333334,19.645522388059703
4,3,Keita Bates-Diop,0.0,MIN,POR,1.5,224.5,111.5,27,1.3,16.7,33.3,SF/PF,3100,1,15.0,12.0,104,109,7%,4,7,6,15,20,18,16.7,13.3,4.1,22.6,24.0,26.5,8.5,11.0,3.55,13.2,17.0,4.3,12.1,3.925,17.666666666666668,5.666666666666667,13.76,17.099999999999998,11.643396226415094
4,4,Dennis Schroder,0.0,OKC,HOU,3.5,227.5,112.0,28,26.0,29.6,34.3,PG/SG,6100,1,28.0,16.0,106,107,0%,16,15,15,36,33,31,30.0,30.2,20.7,39.6,27.1,23.3,3.8,32.5,5.33,32.1,31.5,5.3,32.3,5.3149999999999995,33.333333333333336,15.333333333333334,30.560000000000002,29.96666666666667,30.523499999999995
4,5,Kevin Love,0.0,CLE,DET,7.0,220.5,106.8,29,17.3,36.4,49.3,PF/C,7700,1,23.0,19.0,102,110,7%,13,13,12,33,33,31,36.4,37.1,24.8,49.5,37.9,33.8,4.4,41.0,5.32,41.5,34.5,5.4,41.25,5.36,32.333333333333336,12.666666666666666,37.81,34.333333333333336,44.01417525773196
4,6,P.J. Tucker,0.0,HOU,OKC,-3.5,227.5,115.5,14,8.3,18.2,37.8,PF/C,4100,0,9.0,10.0,101,105,0%,4,5,7,35,35,36,18.1,24.3,14.6,34.1,32.4,12.5,3.0,20.8,5.06,19.9,35.0,4.9,20.35,4.98,35.333333333333336,5.333333333333333,22.29,21.433333333333334,20.15801886792453
4,7,Tristan Thompson,0.0,CLE,DET,7.0,220.5,106.8,21,21.8,29.0,36.8,C,6400,1,19.0,17.0,102,110,-2%,7,7,11,31,32,32,29.0,32.7,23.8,41.6,45.3,65.5,10.2,30.8,4.8,30.0,32.0,4.7,30.4,4.75,31.666666666666668,8.333333333333334,31.5,29.2,30.72
5,0,Matthew Dellavedova,0.0,CLE,DET,7.0,220.5,106.8,7,0.0,8.7,20.5,PG/SG,3400,1,16.0,8.0,102,110,4%,2,3,3,12,12,13,8.7,9.1,4.1,14.2,15.0,10.3,3.0,14.8,4.34,9.7,13.0,2.9,12.25,3.62,12.333333333333334,2.6666666666666665,9.669999999999998,9.733333333333333,12.912162162162161
5,1,Langston Galloway,0.0,DET,CLE,-7.0,220.5,113.8,26,3.5,15.2,30.8,PG/SG,3200,1,16.0,13.0,101,113,11%,6,7,8,21,21,26,14.9,18.0,10.7,25.4,18.3,14.5,4.5,15.5,4.84,15.6,21.0,4.9,15.55,4.87,22.666666666666668,7.0,16.91,16.5,14.406617647058823
5,2,Noah Vonleh,0.0,MIN,POR,1.5,224.5,111.5,24,9.8,16.2,29.3,PF/C,3200,1,14.0,15.0,104,109,0%,4,3,3,11,16,13,16.2,12.2,5.6,18.8,12.7,16.0,5.0,4.8,1.48,0.0,0.0,0.0,2.4,0.74,13.333333333333334,3.3333333333333335,11.040000000000001,18.433333333333334,0.0
5,3,Keita Bates-Diop,0.0,MIN,POR,1.5,224.5,111.5,27,1.3,16.7,33.3,SF/PF,3100,1,15.0,12.0,104,109,7%,4,7,6,15,20,18,16.7,13.3,4.1,22.6,24.0,26.5,8.5,11.0,3.55,13.2,17.0,4.3,12.1,3.925,17.666666666666668,5.666666666666667,13.76,17.099999999999998,11.643396226415094
5,4,Shai Gilgeous-Alexander,0.0,OKC,HOU,3.5,227.5,112.0,28,28.3,36.7,47.8,PG/SG,7100,1,24.0,17.0,106,107,7%,16,16,16,38,36,36,36.6,34.2,24.3,44.2,30.7,30.8,4.3,34.5,4.86,36.1,36.0,5.1,35.3,4.98,36.666666666666664,16.0,34.92,37.6,34.658181818181816
5,5,Mike Muscala,0.0,OKC,HOU,3.5,227.5,112.0,11,3.3,8.2,19.5,PF/C,4000,1,16.0,8.0,106,107,4%,5,4,3,15,12,10,8.2,7.9,1.2,14.6,20.5,14.5,3.6,9.5,2.38,10.0,13.0,2.5,9.75,2.44,12.333333333333334,4.0,8.330000000000002,10.333333333333334,10.277027027027026
5,6,Ante Zizic,0.0,CLE,DET,7.0,220.5,106.8,21,0.0,14.4,35.0,C,3900,1,0.0,0.0,102,110,7%,5,3,3,20,10,10,14.3,10.3,1.2,19.3,7.3,6.8,1.7,14.8,3.78,15.2,16.0,3.9,15.0,3.84,13.333333333333334,3.6666666666666665,12.020000000000001,16.466666666666665,18.0
5,7,Damian Lillard,0.0,POR,MIN,-1.5,224.5,113.0,2,38.5,48.5,62.3,PG,8900,1,30.0,25.0,105,107,3%,17,19,20,39,37,38,48.5,47.9,38.3,57.5,29.6,38.5,4.3,48.0,5.39,46.4,37.0,5.2,47.2,5.295,38.0,18.666666666666668,47.879999999999995,49.76666666666667,45.95789473684211
6,0,Brandon Knight,0.0,CLE,DET,7.0,220.5,106.8,7,5.0,12.8,25.5,PG/SG,4600,1,0.0,0.0,102,110,4%,9,5,5,24,13,12,10.4,10.3,1.7,19.0,24.1,12.5,2.7,16.5,3.59,13.8,17.5,3.0,15.15,3.295,16.333333333333332,6.333333333333333,11.31,14.433333333333332,16.23214285714286
6,1,Jaylen Brown,0.0,BOS,PHI,2.5,216.5,107.0,28,22.8,33.4,42.5,SG/SF,6500,0,24.0,19.0,102,104,-4%,18,15,15,31,34,34,33.4,36.3,26.9,45.7,33.8,16.8,2.6,31.8,4.88,33.3,34.0,5.1,32.55,4.99,33.0,16.0,34.96999999999999,32.9,33.53636363636363
6,2,Keita Bates-Diop,0.0,MIN,POR,1.5,224.5,111.5,27,1.3,16.7,33.3,SF/PF,3100,1,15.0,12.0,104,109,7%,4,7,6,15,20,18,16.7,13.3,4.1,22.6,24.0,26.5,8.5,11.0,3.55,13.2,17.0,4.3,12.1,3.925,17.666666666666668,5.666666666666667,13.76,17.099999999999998,11.643396226415094
6,3,James Ennis III,0.0,PHI,BOS,-2.5,216.5,109.5,1,4.5,11.2,19.5,SF/PF,3700,2,15.0,13.0,102,102,-4%,6,6,5,22,19,18,11.2,14.2,6.9,21.4,16.6,15.0,4.1,13.8,3.72,14.4,17.5,3.9,14.100000000000001,3.81,19.666666666666668,5.666666666666667,13.559999999999999,11.733333333333334,12.546610169491526
6,4,Austin Rivers,0.0,HOU,OKC,-3.5,227.5,115.5,13,1.5,13.1,22.3,PG/SG,3800,0,15.0,10.0,101,105,-1%,4,7,7,18,21,23,14.9,15.4,7.3,23.5,26.8,10.3,2.7,7.0,1.84,11.7,19.0,3.1,9.35,2.47,20.666666666666668,6.0,14.089999999999998,12.299999999999999,8.595967741935484
6,5,Josh Okogie,0.0,MIN,POR,1.5,224.5,111.5,7,6.3,14.0,22.5,SG/SF,3300,1,16.0,10.0,104,109,-3%,4,5,6,16,19,24,14.1,17.5,9.9,25.0,25.3,23.3,7.1,11.8,3.56,14.4,20.0,4.4,13.100000000000001,3.9800000000000004,19.666666666666668,5.0,15.919999999999998,14.266666666666666,13.322033898305087
6,6,Daniel Theis,0.0,BOS,PHI,2.5,216.5,107.0,2,14.5,22.7,29.5,PF/C,4000,0,14.0,15.0,102,104,-11%,8,9,6,21,23,23,22.7,21.9,14.9,28.8,26.6,20.8,5.2,19.8,4.94,19.2,22.5,4.8,19.5,4.87,22.333333333333332,7.666666666666667,21.56,22.233333333333334,19.645522388059703
6,7,Kevin Love,0.0,CLE,DET,7.0,220.5,106.8,29,17.3,36.4,49.3,PF/C,7700,1,23.0,19.0,102,110,7%,13,13,12,33,33,31,36.4,37.1,24.8,49.5,37.9,33.8,4.4,41.0,5.32,41.5,34.5,5.4,41.25,5.36,32.333333333333336,12.666666666666666,37.81,34.333333333333336,44.01417525773196
7,0,James Harden,0.0,HOU,OKC,-3.5,227.5,115.5,13,54.8,70.0,81.8,PG/SG,12200,0,38.0,32.0,101,105,-1%,29,24,25,40,38,38,70.6,64.6,52.1,77.2,26.6,27.8,2.3,61.3,5.02,58.8,37.5,4.8,60.05,4.91,38.666666666666664,26.0,64.91,68.86666666666666,58.23814655172414
7,1,Anfernee Simons,0.0,POR,MIN,-1.5,224.5,113.0,2,5.5,16.3,29.5,PG/SG,3800,1,19.0,10.0,105,107,0%,13,9,9,32,26,22,16.3,16.1,8.2,24.0,20.0,9.8,2.6,20.0,5.26,19.4,27.0,5.1,19.7,5.18,26.666666666666668,10.333333333333334,16.860000000000003,17.099999999999998,19.94625
7,2,Carmelo Anthony,0.0,POR,MIN,-1.5,224.5,113.0,24,17.5,29.3,44.3,SF/PF,6600,1,22.0,14.0,105,107,-2%,14,14,15,37,34,33,29.3,29.9,20.0,39.7,23.9,10.5,1.6,31.5,4.77,31.7,34.5,4.8,31.6,4.785,34.666666666666664,14.333333333333334,30.1,30.366666666666664,31.448076923076925
7,3,Deonte Burton,0.0,OKC,HOU,3.5,227.5,112.0,12,-0.5,5.8,16.8,SG/SF,3300,1,0.0,0.0,106,107,0%,4,3,3,9,10,9,5.4,5.3,-0.4,10.9,4.1,4.0,1.2,6.0,1.82,0.0,0.0,0.0,3.0,0.91,9.333333333333334,3.3333333333333335,4.840000000000001,7.366666666666667,0.0
7,4,Gary Trent Jr.,0.0,POR,MIN,-1.5,224.5,113.0,23,5.5,8.9,18.8,SG,3100,1,14.0,9.0,105,107,0%,5,6,4,15,17,12,8.8,7.3,1.4,13.1,24.8,24.5,7.9,10.5,3.39,9.4,15.0,3.0,9.95,3.1950000000000003,14.666666666666666,5.0,8.11,11.066666666666668,10.176136363636363
7,5,Tobias Harris,0.0,PHI,BOS,-2.5,216.5,109.5,1,15.0,29.4,44.3,SF/PF,7300,2,23.0,17.0,102,102,-4%,17,18,16,39,37,35,37.4,36.0,26.8,45.3,34.9,33.8,4.6,35.0,4.79,38.9,35.0,5.3,36.95,5.045,37.0,17.0,36.489999999999995,29.566666666666663,34.95270270270271
7,6,Steven Adams,0.0,OKC,HOU,3.5,227.5,112.0,15,29.8,38.6,49.3,C,6900,1,18.0,22.0,106,107,-3%,10,8,8,35,31,29,38.5,32.8,23.4,42.3,25.0,31.0,4.5,37.5,5.43,37.0,34.0,5.4,37.25,5.415,31.666666666666668,8.666666666666666,34.85,39.233333333333334,39.99473684210526
7,7,Darius Garland,0.0,CLE,DET,7.0,220.5,106.8,7,17.0,27.1,35.3,PG,4800,1,21.0,9.0,102,110,4%,12,12,11,36,35,29,27.1,20.1,12.3,28.0,41.5,32.5,6.8,26.0,5.42,24.6,34.5,5.1,25.3,5.26,33.333333333333336,11.666666666666666,22.56,26.46666666666667,26.1855
8,0,Jeff Teague,0.0,MIN,POR,1.5,224.5,111.5,18,15.3,23.2,30.5,PG,5200,1,22.0,17.0,104,109,6%,9,11,10,23,26,29,23.2,28.5,17.7,39.2,24.5,26.3,5.1,24.8,4.76,27.8,25.5,5.3,26.3,5.029999999999999,26.0,10.0,26.98,23.0,25.79423076923077
8,1,Hamidou Diallo,0.0,OKC,HOU,3.5,227.5,112.0,12,7.3,11.2,18.5,SG/SF,3200,1,18.0,12.0,106,107,7%,6,6,7,16,17,20,11.2,16.0,9.6,22.5,23.8,10.8,3.4,14.5,4.53,12.1,16.0,3.8,13.3,4.165,17.666666666666668,6.333333333333333,14.520000000000001,12.333333333333334,12.045283018867924
8,2,Kevin Love,0.0,CLE,DET,7.0,220.5,106.8,29,17.3,36.4,49.3,PF/C,7700,1,23.0,19.0,102,110,7%,13,13,12,33,33,31,36.4,37.1,24.8,49.5,37.9,33.8,4.4,41.0,5.32,41.5,34.5,5.4,41.25,5.36,32.333333333333336,12.666666666666666,37.81,34.333333333333336,44.01417525773196
8,3,Danuel House Jr.,0.0,HOU,OKC,-3.5,227.5,115.5,14,10.0,18.9,33.5,SF/PF,4200,0,14.0,12.0,101,105,-11%,5,10,9,33,34,32,18.9,21.9,13.6,30.2,28.7,5.5,1.3,19.5,4.64,21.0,32.5,5.0,20.25,4.82,33.0,8.0,20.97,20.8,19.94318181818182
8,4,Terrance Ferguson,0.0,OKC,HOU,3.5,227.5,112.0,12,1.3,9.4,16.8,SG/SF,3600,1,9.0,4.0,106,107,7%,6,5,5,30,27,28,9.3,11.0,5.1,16.8,22.2,13.8,3.8,12.0,3.33,11.5,26.0,3.2,11.75,3.265,28.333333333333332,5.333333333333333,10.790000000000001,9.166666666666666,10.782352941176471
8,5,Gordon Hayward,0.0,BOS,PHI,2.5,216.5,107.0,11,30.0,34.9,44.5,SF/PF,6600,0,22.0,20.0,102,104,-2%,13,14,13,34,35,33,34.9,34.3,23.8,44.8,36.0,12.5,1.9,32.5,4.92,30.7,32.5,4.7,31.6,4.8100000000000005,34.0,13.333333333333334,33.879999999999995,36.46666666666667,30.205882352941178
8,6,Steven Adams,0.0,OKC,HOU,3.5,227.5,112.0,15,29.8,38.6,49.3,C,6900,1,18.0,22.0,106,107,-3%,10,8,8,35,31,29,38.5,32.8,23.4,42.3,25.0,31.0,4.5,37.5,5.43,37.0,34.0,5.4,37.25,5.415,31.666666666666668,8.666666666666666,34.85,39.233333333333334,39.99473684210526
8,7,James Ennis III,0.0,PHI,BOS,-2.5,216.5,109.5,1,4.5,11.2,19.5,SF/PF,3700,2,15.0,13.0,102,102,-4%,6,6,5,22,19,18,11.2,14.2,6.9,21.4,16.6,15.0,4.1,13.8,3.72,14.4,17.5,3.9,14.100000000000001,3.81,19.666666666666668,5.666666666666667,13.559999999999999,11.733333333333334,12.546610169491526
9,0,Brandon Knight,0.0,CLE,DET,7.0,220.5,106.8,7,5.0,12.8,25.5,PG/SG,4600,1,0.0,0.0,102,110,4%,9,5,5,24,13,12,10.4,10.3,1.7,19.0,24.1,12.5,2.7,16.5,3.59,13.8,17.5,3.0,15.15,3.295,16.333333333333332,6.333333333333333,11.31,14.433333333333332,16.23214285714286
9,1,Gary Trent Jr.,0.0,POR,MIN,-1.5,224.5,113.0,23,5.5,8.9,18.8,SG,3100,1,14.0,9.0,105,107,0%,5,6,4,15,17,12,8.8,7.3,1.4,13.1,24.8,24.5,7.9,10.5,3.39,9.4,15.0,3.0,9.95,3.1950000000000003,14.666666666666666,5.0,8.11,11.066666666666668,10.176136363636363
9,2,Robert Covington,0.0,MIN,POR,1.5,224.5,111.5,27,29.3,34.4,47.0,SF/PF,5700,1,17.0,14.0,104,109,7%,12,10,10,33,33,29,34.4,27.3,18.4,36.3,24.4,29.0,5.1,28.5,5.0,32.4,32.0,5.7,30.45,5.35,31.666666666666668,10.666666666666666,29.369999999999997,36.9,30.77052631578947
9,3,Cedi Osman,0.0,CLE,DET,7.0,220.5,106.8,17,11.5,23.4,29.0,SF/PF,4700,1,16.0,11.0,102,110,4%,12,11,9,33,30,29,23.4,20.5,12.3,28.7,40.4,18.0,3.8,23.0,4.89,24.9,34.5,5.3,23.95,5.095,30.666666666666668,10.666666666666666,21.77,21.3,26.943749999999998
9,4,Damian Lillard,0.0,POR,MIN,-1.5,224.5,113.0,2,38.5,48.5,62.3,PG,8900,1,30.0,25.0,105,107,3%,17,19,20,39,37,38,48.5,47.9,38.3,57.5,29.6,38.5,4.3,48.0,5.39,46.4,37.0,5.2,47.2,5.295,38.0,18.666666666666668,47.879999999999995,49.76666666666667,45.95789473684211
9,5,P.J. Tucker,0.0,HOU,OKC,-3.5,227.5,115.5,14,8.3,18.2,37.8,PF/C,4100,0,9.0,10.0,101,105,0%,4,5,7,35,35,36,18.1,24.3,14.6,34.1,32.4,12.5,3.0,20.8,5.06,19.9,35.0,4.9,20.35,4.98,35.333333333333336,5.333333333333333,22.29,21.433333333333334,20.15801886792453
9,6,Naz Reid,0.0,MIN,POR,1.5,224.5,111.5,24,17.5,20.9,25.0,PF/C,3400,1,0.0,0.0,104,109,6%,7,10,7,11,16,12,20.9,15.6,6.1,25.0,16.5,11.0,3.2,7.5,2.21,10.9,10.0,3.2,9.2,2.705,13.0,8.0,15.36,21.133333333333333,7.076923076923077
9,7,Danuel House Jr.,0.0,HOU,OKC,-3.5,227.5,115.5,14,10.0,18.9,33.5,SF/PF,4200,0,14.0,12.0,101,105,-11%,5,10,9,33,34,32,18.9,21.9,13.6,30.2,28.7,5.5,1.3,19.5,4.64,21.0,32.5,5.0,20.25,4.82,33.0,8.0,20.97,20.8,19.94318181818182
11,0,Dennis Schroder,0.0,OKC,HOU,3.5,227.5,112.0,28,26.0,29.6,34.3,PG/SG,6100,1,28.0,16.0,106,107,0%,16,15,15,36,33,31,30.0,30.2,20.7,39.6,27.1,23.3,3.8,32.5,5.33,32.1,31.5,5.3,32.3,5.3149999999999995,33.333333333333336,15.333333333333334,30.560000000000002,29.96666666666667,30.523499999999995
11,1,Shai Gilgeous-Alexander,0.0,OKC,HOU,3.5,227.5,112.0,28,28.3,36.7,47.8,PG/SG,7100,1,24.0,17.0,106,107,7%,16,16,16,38,36,36,36.6,34.2,24.3,44.2,30.7,30.8,4.3,34.5,4.86,36.1,36.0,5.1,35.3,4.98,36.666666666666664,16.0,34.92,37.6,34.658181818181816
11,2,Keita Bates-Diop,0.0,MIN,POR,1.5,224.5,111.5,27,1.3,16.7,33.3,SF/PF,3100,1,15.0,12.0,104,109,7%,4,7,6,15,20,18,16.7,13.3,4.1,22.6,24.0,26.5,8.5,11.0,3.55,13.2,17.0,4.3,12.1,3.925,17.666666666666668,5.666666666666667,13.76,17.099999999999998,11.643396226415094
11,3,Ben McLemore,0.0,HOU,OKC,-3.5,227.5,115.5,15,4.3,15.6,26.3,SG/SF,3200,0,16.0,11.0,101,105,-10%,6,7,8,23,24,25,15.6,18.1,8.1,28.2,25.6,15.0,4.7,10.3,3.2,18.5,27.5,5.8,14.4,4.5,24.0,7.0,16.880000000000003,15.4,16.5
11,4,Kent Bazemore,0.0,POR,MIN,-1.5,224.5,113.0,23,14.0,16.4,18.8,SG/SF,3600,1,16.0,8.0,105,107,0%,10,8,8,31,29,26,16.4,18.6,11.4,25.8,29.5,8.3,2.3,23.8,6.6,19.0,27.5,5.3,21.4,5.949999999999999,28.666666666666668,8.666666666666666,18.72,16.400000000000002,20.529069767441857
11,5,P.J. Tucker,0.0,HOU,OKC,-3.5,227.5,115.5,14,8.3,18.2,37.8,PF/C,4100,0,9.0,10.0,101,105,0%,4,5,7,35,35,36,18.1,24.3,14.6,34.1,32.4,12.5,3.0,20.8,5.06,19.9,35.0,4.9,20.35,4.98,35.333333333333336,5.333333333333333,22.29,21.433333333333334,20.15801886792453
11,6,Andre Drummond,0.0,DET,CLE,-7.0,220.5,113.8,24,32.5,47.9,61.5,C,10200,1,24.0,22.0,101,113,3%,13,13,14,40,34,34,47.9,48.8,36.6,61.0,49.0,62.3,6.1,53.3,5.22,57.9,36.5,5.7,55.599999999999994,5.46,36.0,13.333333333333334,49.98,47.300000000000004,56.37222222222222
11,7,Matthew Dellavedova,0.0,CLE,DET,7.0,220.5,106.8,7,0.0,8.7,20.5,PG/SG,3400,1,16.0,8.0,102,110,4%,2,3,3,12,12,13,8.7,9.1,4.1,14.2,15.0,10.3,3.0,14.8,4.34,9.7,13.0,2.9,12.25,3.62,12.333333333333334,2.6666666666666665,9.669999999999998,9.733333333333333,12.912162162162161
13,0,Langston Galloway,0.0,DET,CLE,-7.0,220.5,113.8,26,3.5,15.2,30.8,PG/SG,3200,1,16.0,13.0,101,113,11%,6,7,8,21,21,26,14.9,18.0,10.7,25.4,18.3,14.5,4.5,15.5,4.84,15.6,21.0,4.9,15.55,4.87,22.666666666666668,7.0,16.91,16.5,14.406617647058823
13,1,Hamidou Diallo,0.0,OKC,HOU,3.5,227.5,112.0,12,7.3,11.2,18.5,SG/SF,3200,1,18.0,12.0,106,107,7%,6,6,7,16,17,20,11.2,16.0,9.6,22.5,23.8,10.8,3.4,14.5,4.53,12.1,16.0,3.8,13.3,4.165,17.666666666666668,6.333333333333333,14.520000000000001,12.333333333333334,12.045283018867924
13,2,Anthony Tolliver,0.0,POR,MIN,-1.5,224.5,113.0,27,3.5,7.8,12.5,PF/C,3100,1,11.0,6.0,105,107,-2%,2,2,3,14,15,16,7.8,9.3,2.2,16.3,21.0,12.5,4.0,9.5,3.06,9.7,16.0,3.1,9.6,3.08,15.0,2.3333333333333335,9.040000000000003,7.933333333333334,10.24
13,3,Keita Bates-Diop,0.0,MIN,POR,1.5,224.5,111.5,27,1.3,16.7,33.3,SF/PF,3100,1,15.0,12.0,104,109,7%,4,7,6,15,20,18,16.7,13.3,4.1,22.6,24.0,26.5,8.5,11.0,3.55,13.2,17.0,4.3,12.1,3.925,17.666666666666668,5.666666666666667,13.76,17.099999999999998,11.643396226415094
13,4,Damian Lillard,0.0,POR,MIN,-1.5,224.5,113.0,2,38.5,48.5,62.3,PG,8900,1,30.0,25.0,105,107,3%,17,19,20,39,37,38,48.5,47.9,38.3,57.5,29.6,38.5,4.3,48.0,5.39,46.4,37.0,5.2,47.2,5.295,38.0,18.666666666666668,47.879999999999995,49.76666666666667,45.95789473684211
13,5,Andrew Wiggins,0.0,MIN,POR,1.5,224.5,111.5,7,24.5,36.1,47.5,SG/SF,7000,1,29.0,18.0,104,109,7%,16,20,21,32,36,36,36.1,39.1,29.9,48.3,25.6,39.3,5.6,34.5,4.93,38.6,34.0,5.5,36.55,5.215,34.666666666666664,19.0,37.989999999999995,36.03333333333333,35.84711538461538
13,6,Thon Maker,0.0,DET,CLE,-7.0,220.5,113.8,12,3.0,7.9,19.8,PF/C,3000,1,14.0,12.0,101,113,3%,3,3,2,10,11,11,7.9,8.2,1.9,14.5,25.1,23.5,7.8,10.5,3.5,9.5,11.5,3.2,10.0,3.35,10.666666666666666,2.6666666666666665,8.5,10.233333333333334,10.78125
13,7,Josh Richardson,0.0,PHI,BOS,-2.5,216.5,109.5,6,20.5,30.8,36.0,SG/SF,5600,2,22.0,13.0,102,102,-4%,14,13,13,38,36,33,30.8,28.9,20.8,37.0,33.8,42.8,7.6,31.5,5.63,33.5,36.0,6.0,32.5,5.8149999999999995,35.666666666666664,13.333333333333334,30.0,29.099999999999998,32.80373831775701
14,0,Shai Gilgeous-Alexander,0.0,OKC,HOU,3.5,227.5,112.0,28,28.3,36.7,47.8,PG/SG,7100,1,24.0,17.0,106,107,7%,16,16,16,38,36,36,36.6,34.2,24.3,44.2,30.7,30.8,4.3,34.5,4.86,36.1,36.0,5.1,35.3,4.98,36.666666666666664,16.0,34.92,37.6,34.658181818181816
14,1,Furkan Korkmaz,0.0,PHI,BOS,-2.5,216.5,109.5,6,11.8,13.1,14.5,SG/SF,3300,2,16.0,11.0,102,102,-5%,6,7,7,19,18,21,13.1,14.1,6.3,22.0,14.3,13.8,4.2,13.0,3.94,12.5,16.5,3.8,12.75,3.87,19.333333333333332,6.666666666666667,13.65,13.133333333333333,10.88146551724138
14,2,Cedi Osman,0.0,CLE,DET,7.0,220.5,106.8,17,11.5,23.4,29.0,SF/PF,4700,1,16.0,11.0,102,110,4%,12,11,9,33,30,29,23.4,20.5,12.3,28.7,40.4,18.0,3.8,23.0,4.89,24.9,34.5,5.3,23.95,5.095,30.666666666666668,10.666666666666666,21.77,21.3,26.943749999999998
14,3,Andrew Wiggins,0.0,MIN,POR,1.5,224.5,111.5,7,24.5,36.1,47.5,SG/SF,7000,1,29.0,18.0,104,109,7%,16,20,21,32,36,36,36.1,39.1,29.9,48.3,25.6,39.3,5.6,34.5,4.93,38.6,34.0,5.5,36.55,5.215,34.666666666666664,19.0,37.989999999999995,36.03333333333333,35.84711538461538
14,4,Darius Garland,0.0,CLE,DET,7.0,220.5,106.8,7,17.0,27.1,35.3,PG,4800,1,21.0,9.0,102,110,4%,12,12,11,36,35,29,27.1,20.1,12.3,28.0,41.5,32.5,6.8,26.0,5.42,24.6,34.5,5.1,25.3,5.26,33.333333333333336,11.666666666666666,22.56,26.46666666666667,26.1855
14,5,Robert Covington,0.0,MIN,POR,1.5,224.5,111.5,27,29.3,34.4,47.0,SF/PF,5700,1,17.0,14.0,104,109,7%,12,10,10,33,33,29,34.4,27.3,18.4,36.3,24.4,29.0,5.1,28.5,5.0,32.4,32.0,5.7,30.45,5.35,31.666666666666668,10.666666666666666,29.369999999999997,36.9,30.77052631578947
14,6,Naz Reid,0.0,MIN,POR,1.5,224.5,111.5,24,17.5,20.9,25.0,PF/C,3400,1,0.0,0.0,104,109,6%,7,10,7,11,16,12,20.9,15.6,6.1,25.0,16.5,11.0,3.2,7.5,2.21,10.9,10.0,3.2,9.2,2.705,13.0,8.0,15.36,21.133333333333333,7.076923076923077
14,7,Mario Hezonja,0.0,POR,MIN,-1.5,224.5,113.0,24,3.3,10.3,20.8,SF/PF,3100,1,14.0,9.0,105,107,0%,5,4,4,16,13,17,10.3,12.2,4.2,20.3,9.9,15.0,4.8,13.5,4.35,9.1,12.5,2.9,11.3,3.625,15.333333333333334,4.333333333333333,11.66,11.466666666666669,9.21195652173913
15,0,Bruce Brown,0.0,DET,CLE,-7.0,220.5,113.8,26,21.5,25.7,29.0,PG/SF,5000,1,17.0,12.0,101,113,11%,9,9,8,27,30,28,25.7,23.2,13.2,33.1,37.8,46.5,9.3,24.5,4.9,25.8,28.5,5.2,25.15,5.050000000000001,28.333333333333332,8.666666666666666,24.07,25.400000000000002,25.297941176470587
15,1,CJ McCollum,0.0,POR,MIN,-1.5,224.5,113.0,2,26.5,32.5,40.0,PG/SG,6800,1,26.0,17.0,105,107,0%,19,18,20,35,36,37,32.5,36.7,25.4,48.0,24.5,20.5,3.0,35.5,5.22,35.4,36.0,5.2,35.45,5.21,36.0,19.0,35.61,33.0,35.45
15,2,Darius Bazley,0.0,OKC,HOU,3.5,227.5,112.0,7,7.3,14.0,23.8,SF/PF,3500,1,14.0,7.0,106,107,4%,6,6,4,16,15,17,13.9,11.8,4.8,18.7,15.8,3.5,1.0,14.3,4.07,11.5,16.0,3.3,12.9,3.685,16.0,5.333333333333333,12.42,15.033333333333333,12.9
15,3,Grant Williams,0.0,BOS,PHI,2.5,216.5,107.0,11,2.5,11.4,20.0,SF/PF,3200,0,12.0,7.0,102,104,-11%,2,3,3,22,17,16,11.4,9.3,2.7,15.8,6.6,4.0,1.3,8.3,2.58,9.3,15.0,2.9,8.8,2.74,18.333333333333332,2.6666666666666665,9.6,11.299999999999999,7.200000000000001
15,4,Jarrett Culver,0.0,MIN,POR,1.5,224.5,111.5,18,18.8,32.4,41.3,PG/SG,5100,1,20.0,10.0,104,109,6%,11,14,9,28,32,23,32.3,19.5,9.0,29.9,30.0,23.0,4.5,24.5,4.8,25.1,28.5,4.9,24.8,4.85,27.666666666666668,11.333333333333334,23.099999999999998,30.833333333333332,25.54698795180723
15,5,Carmelo Anthony,0.0,POR,MIN,-1.5,224.5,113.0,24,17.5,29.3,44.3,SF/PF,6600,1,22.0,14.0,105,107,-2%,14,14,15,37,34,33,29.3,29.9,20.0,39.7,23.9,10.5,1.6,31.5,4.77,31.7,34.5,4.8,31.6,4.785,34.666666666666664,14.333333333333334,30.1,30.366666666666664,31.448076923076925
15,6,Kevin Love,0.0,CLE,DET,7.0,220.5,106.8,29,17.3,36.4,49.3,PF/C,7700,1,23.0,19.0,102,110,7%,13,13,12,33,33,31,36.4,37.1,24.8,49.5,37.9,33.8,4.4,41.0,5.32,41.5,34.5,5.4,41.25,5.36,32.333333333333336,12.666666666666666,37.81,34.333333333333336,44.01417525773196
15,7,Jeff Teague,0.0,MIN,POR,1.5,224.5,111.5,18,15.3,23.2,30.5,PG,5200,1,22.0,17.0,104,109,6%,9,11,10,23,26,29,23.2,28.5,17.7,39.2,24.5,26.3,5.1,24.8,4.76,27.8,25.5,5.3,26.3,5.029999999999999,26.0,10.0,26.98,23.0,25.79423076923077
16,0,Russell Westbrook,0.0,HOU,OKC,-3.5,227.5,115.5,13,39.3,46.1,52.0,PG,8400,0,34.0,18.0,101,105,-1%,22,25,22,35,37,36,46.1,49.3,38.3,60.2,34.0,41.0,4.9,46.8,5.57,48.4,36.0,5.8,47.599999999999994,5.6850000000000005,36.0,23.0,48.300000000000004,45.800000000000004,47.599999999999994
16,1,Collin Sexton,0.0,CLE,DET,7.0,220.5,106.8,7,26.3,30.0,40.3,PG/SG,5900,1,27.0,15.0,102,110,4%,18,18,16,35,35,31,30.0,27.5,20.8,34.1,39.5,36.0,6.1,30.8,5.21,31.3,34.5,5.3,31.05,5.255,33.666666666666664,17.333333333333332,28.689999999999998,32.199999999999996,31.818564356435644
16,2,Christian Wood,0.0,DET,CLE,-7.0,220.5,113.8,12,14.0,20.0,23.0,PF/C,4400,1,20.0,22.0,101,113,3%,7,7,6,22,23,17,20.1,18.8,7.5,30.1,14.3,7.5,1.7,24.3,5.51,22.6,20.5,5.1,23.450000000000003,5.305,20.666666666666668,6.666666666666667,19.990000000000002,19.0,23.260887096774194
16,3,James Ennis III,0.0,PHI,BOS,-2.5,216.5,109.5,1,4.5,11.2,19.5,SF/PF,3700,2,15.0,13.0,102,102,-4%,6,6,5,22,19,18,11.2,14.2,6.9,21.4,16.6,15.0,4.1,13.8,3.72,14.4,17.5,3.9,14.100000000000001,3.81,19.666666666666668,5.666666666666667,13.559999999999999,11.733333333333334,12.546610169491526
16,4,CJ McCollum,0.0,POR,MIN,-1.5,224.5,113.0,2,26.5,32.5,40.0,PG/SG,6800,1,26.0,17.0,105,107,0%,19,18,20,35,36,37,32.5,36.7,25.4,48.0,24.5,20.5,3.0,35.5,5.22,35.4,36.0,5.2,35.45,5.21,36.0,19.0,35.61,33.0,35.45
16,5,Sekou Doumbouya,0.0,DET,CLE,-7.0,220.5,113.8,20,0.0,21.9,40.0,SF/PF,5800,1,0.0,0.0,101,113,3%,11,8,5,34,27,14,21.9,11.4,-2.4,25.1,19.7,13.3,2.3,27.3,4.7,27.9,33.0,4.8,27.6,4.75,25.0,8.0,16.72,20.633333333333333,36.432
16,6,Mike Muscala,0.0,OKC,HOU,3.5,227.5,112.0,11,3.3,8.2,19.5,PF/C,4000,1,16.0,8.0,106,107,4%,5,4,3,15,12,10,8.2,7.9,1.2,14.6,20.5,14.5,3.6,9.5,2.38,10.0,13.0,2.5,9.75,2.44,12.333333333333334,4.0,8.330000000000002,10.333333333333334,10.277027027027026
16,7,Danuel House Jr.,0.0,HOU,OKC,-3.5,227.5,115.5,14,10.0,18.9,33.5,SF/PF,4200,0,14.0,12.0,101,105,-11%,5,10,9,33,34,32,18.9,21.9,13.6,30.2,28.7,5.5,1.3,19.5,4.64,21.0,32.5,5.0,20.25,4.82,33.0,8.0,20.97,20.8,19.94318181818182
17,0,Brandon Knight,0.0,CLE,DET,7.0,220.5,106.8,7,5.0,12.8,25.5,PG/SG,4600,1,0.0,0.0,102,110,4%,9,5,5,24,13,12,10.4,10.3,1.7,19.0,24.1,12.5,2.7,16.5,3.59,13.8,17.5,3.0,15.15,3.295,16.333333333333332,6.333333333333333,11.31,14.433333333333332,16.23214285714286
17,1,Anfernee Simons,0.0,POR,MIN,-1.5,224.5,113.0,2,5.5,16.3,29.5,PG/SG,3800,1,19.0,10.0,105,107,0%,13,9,9,32,26,22,16.3,16.1,8.2,24.0,20.0,9.8,2.6,20.0,5.26,19.4,27.0,5.1,19.7,5.18,26.666666666666668,10.333333333333334,16.860000000000003,17.099999999999998,19.94625
17,2,Nassir Little,0.0,POR,MIN,-1.5,224.5,113.0,24,1.8,3.0,4.3,SF/PF,3000,1,13.0,8.0,105,107,-2%,2,1,3,4,6,13,2.7,8.7,0.2,17.1,12.0,13.3,4.4,3.8,1.25,0.0,0.0,0.0,1.9,0.625,7.666666666666667,2.0,6.119999999999999,3.033333333333333,0.0
17,3,Josh Okogie,0.0,MIN,POR,1.5,224.5,111.5,7,6.3,14.0,22.5,SG/SF,3300,1,16.0,10.0,104,109,-3%,4,5,6,16,19,24,14.1,17.5,9.9,25.0,25.3,23.3,7.1,11.8,3.56,14.4,20.0,4.4,13.100000000000001,3.9800000000000004,19.666666666666668,5.0,15.919999999999998,14.266666666666666,13.322033898305087
17,4,Ben McLemore,0.0,HOU,OKC,-3.5,227.5,115.5,15,4.3,15.6,26.3,SG/SF,3200,0,16.0,11.0,101,105,-10%,6,7,8,23,24,25,15.6,18.1,8.1,28.2,25.6,15.0,4.7,10.3,3.2,18.5,27.5,5.8,14.4,4.5,24.0,7.0,16.880000000000003,15.4,16.5
17,5,Christian Wood,0.0,DET,CLE,-7.0,220.5,113.8,12,14.0,20.0,23.0,PF/C,4400,1,20.0,22.0,101,113,3%,7,7,6,22,23,17,20.1,18.8,7.5,30.1,14.3,7.5,1.7,24.3,5.51,22.6,20.5,5.1,23.450000000000003,5.305,20.666666666666668,6.666666666666667,19.990000000000002,19.0,23.260887096774194
17,6,Tristan Thompson,0.0,CLE,DET,7.0,220.5,106.8,21,21.8,29.0,36.8,C,6400,1,19.0,17.0,102,110,-2%,7,7,11,31,32,32,29.0,32.7,23.8,41.6,45.3,65.5,10.2,30.8,4.8,30.0,32.0,4.7,30.4,4.75,31.666666666666668,8.333333333333334,31.5,29.2,30.72
17,7,Mario Hezonja,0.0,POR,MIN,-1.5,224.5,113.0,24,3.3,10.3,20.8,SF/PF,3100,1,14.0,9.0,105,107,0%,5,4,4,16,13,17,10.3,12.2,4.2,20.3,9.9,15.0,4.8,13.5,4.35,9.1,12.5,2.9,11.3,3.625,15.333333333333334,4.333333333333333,11.66,11.466666666666669,9.21195652173913
18,0,Marcus Smart,0.0,BOS,PHI,2.5,216.5,107.0,10,16.5,28.2,46.5,PG/SG,5300,0,18.0,13.0,102,104,-8%,12,11,11,30,32,32,27.8,27.6,19.2,36.0,30.7,34.8,6.6,23.5,4.43,24.1,30.5,4.5,23.8,4.465,31.333333333333332,11.333333333333334,26.880000000000003,30.400000000000002,23.167021276595747
18,1,Kent Bazemore,0.0,POR,MIN,-1.5,224.5,113.0,23,14.0,16.4,18.8,SG/SF,3600,1,16.0,8.0,105,107,0%,10,8,8,31,29,26,16.4,18.6,11.4,25.8,29.5,8.3,2.3,23.8,6.6,19.0,27.5,5.3,21.4,5.949999999999999,28.666666666666668,8.666666666666666,18.72,16.400000000000002,20.529069767441857
18,2,Anthony Tolliver,0.0,POR,MIN,-1.5,224.5,113.0,27,3.5,7.8,12.5,PF/C,3100,1,11.0,6.0,105,107,-2%,2,2,3,14,15,16,7.8,9.3,2.2,16.3,21.0,12.5,4.0,9.5,3.06,9.7,16.0,3.1,9.6,3.08,15.0,2.3333333333333335,9.040000000000003,7.933333333333334,10.24
18,3,Tobias Harris,0.0,PHI,BOS,-2.5,216.5,109.5,1,15.0,29.4,44.3,SF/PF,7300,2,23.0,17.0,102,102,-4%,17,18,16,39,37,35,37.4,36.0,26.8,45.3,34.9,33.8,4.6,35.0,4.79,38.9,35.0,5.3,36.95,5.045,37.0,17.0,36.489999999999995,29.566666666666663,34.95270270270271
18,4,Jeff Teague,0.0,MIN,POR,1.5,224.5,111.5,18,15.3,23.2,30.5,PG,5200,1,22.0,17.0,104,109,6%,9,11,10,23,26,29,23.2,28.5,17.7,39.2,24.5,26.3,5.1,24.8,4.76,27.8,25.5,5.3,26.3,5.029999999999999,26.0,10.0,26.98,23.0,25.79423076923077
18,5,Abdel Nader,0.0,OKC,HOU,3.5,227.5,112.0,7,0.0,5.9,12.5,SF,3300,1,16.0,11.0,106,107,9%,3,2,5,9,6,16,4.0,10.5,3.1,17.9,12.8,7.8,2.4,10.3,3.11,0.0,0.0,0.0,5.15,1.555,10.333333333333334,3.3333333333333335,8.129999999999999,6.133333333333333,0.0
18,6,Enes Kanter,0.0,BOS,PHI,2.5,216.5,107.0,20,11.8,30.5,47.0,C,5400,0,20.0,25.0,102,104,-10%,3,8,7,19,21,20,30.4,25.2,16.1,34.3,17.0,24.3,4.5,26.8,4.95,23.2,21.0,4.3,25.0,4.625,20.0,6.0,26.2,29.766666666666666,26.25
18,7,Carmelo Anthony,0.0,POR,MIN,-1.5,224.5,113.0,24,17.5,29.3,44.3,SF/PF,6600,1,22.0,14.0,105,107,-2%,14,14,15,37,34,33,29.3,29.9,20.0,39.7,23.9,10.5,1.6,31.5,4.77,31.7,34.5,4.8,31.6,4.785,34.666666666666664,14.333333333333334,30.1,30.366666666666664,31.448076923076925
19,0,Ben Simmons,0.0,PHI,BOS,-2.5,216.5,109.5,29,35.5,50.7,77.3,PG/SF,9000,2,22.0,20.0,102,102,-8%,16,13,11,40,39,36,51.0,43.3,32.8,53.8,38.7,35.3,3.9,44.3,4.92,47.6,36.5,5.3,45.95,5.109999999999999,38.333333333333336,13.333333333333334,45.36999999999999,54.5,43.752391304347825
19,1,Collin Sexton,0.0,CLE,DET,7.0,220.5,106.8,7,26.3,30.0,40.3,PG/SG,5900,1,27.0,15.0,102,110,4%,18,18,16,35,35,31,30.0,27.5,20.8,34.1,39.5,36.0,6.1,30.8,5.21,31.3,34.5,5.3,31.05,5.255,33.666666666666664,17.333333333333332,28.689999999999998,32.199999999999996,31.818564356435644
19,2,Semi Ojeleye,0.0,BOS,PHI,2.5,216.5,107.0,11,0.0,5.0,11.8,SF/PF,3000,0,8.0,6.0,102,104,-11%,3,2,2,5,8,14,5.0,6.6,1.3,12.0,20.8,1.5,0.5,6.5,2.17,0.0,0.0,0.0,3.25,1.085,9.0,2.3333333333333335,5.630000000000001,5.6000000000000005,0.0
19,3,James Ennis III,0.0,PHI,BOS,-2.5,216.5,109.5,1,4.5,11.2,19.5,SF/PF,3700,2,15.0,13.0,102,102,-4%,6,6,5,22,19,18,11.2,14.2,6.9,21.4,16.6,15.0,4.1,13.8,3.72,14.4,17.5,3.9,14.100000000000001,3.81,19.666666666666668,5.666666666666667,13.559999999999999,11.733333333333334,12.546610169491526
19,4,Dennis Schroder,0.0,OKC,HOU,3.5,227.5,112.0,28,26.0,29.6,34.3,PG/SG,6100,1,28.0,16.0,106,107,0%,16,15,15,36,33,31,30.0,30.2,20.7,39.6,27.1,23.3,3.8,32.5,5.33,32.1,31.5,5.3,32.3,5.3149999999999995,33.333333333333336,15.333333333333334,30.560000000000002,29.96666666666667,30.523499999999995
19,5,Noah Vonleh,0.0,MIN,POR,1.5,224.5,111.5,24,9.8,16.2,29.3,PF/C,3200,1,14.0,15.0,104,109,0%,4,3,3,11,16,13,16.2,12.2,5.6,18.8,12.7,16.0,5.0,4.8,1.48,0.0,0.0,0.0,2.4,0.74,13.333333333333334,3.3333333333333335,11.040000000000001,18.433333333333334,0.0
19,6,Ante Zizic,0.0,CLE,DET,7.0,220.5,106.8,21,0.0,14.4,35.0,C,3900,1,0.0,0.0,102,110,7%,5,3,3,20,10,10,14.3,10.3,1.2,19.3,7.3,6.8,1.7,14.8,3.78,15.2,16.0,3.9,15.0,3.84,13.333333333333334,3.6666666666666665,12.020000000000001,16.466666666666665,18.0
19,7,Jeff Teague,0.0,MIN,POR,1.5,224.5,111.5,18,15.3,23.2,30.5,PG,5200,1,22.0,17.0,104,109,6%,9,11,10,23,26,29,23.2,28.5,17.7,39.2,24.5,26.3,5.1,24.8,4.76,27.8,25.5,5.3,26.3,5.029999999999999,26.0,10.0,26.98,23.0,25.79423076923077
20,0,Dennis Schroder,0.0,OKC,HOU,3.5,227.5,112.0,28,26.0,29.6,34.3,PG/SG,6100,1,28.0,16.0,106,107,0%,16,15,15,36,33,31,30.0,30.2,20.7,39.6,27.1,23.3,3.8,32.5,5.33,32.1,31.5,5.3,32.3,5.3149999999999995,33.333333333333336,15.333333333333334,30.560000000000002,29.96666666666667,30.523499999999995
20,1,Matthew Dellavedova,0.0,CLE,DET,7.0,220.5,106.8,7,0.0,8.7,20.5,PG/SG,3400,1,16.0,8.0,102,110,4%,2,3,3,12,12,13,8.7,9.1,4.1,14.2,15.0,10.3,3.0,14.8,4.34,9.7,13.0,2.9,12.25,3.62,12.333333333333334,2.6666666666666665,9.669999999999998,9.733333333333333,12.912162162162161
20,2,Al Horford,0.0,PHI,BOS,-2.5,216.5,109.5,25,14.0,19.3,24.0,PF/C,6000,2,18.0,16.0,102,102,-2%,9,9,11,34,32,31,19.3,30.1,21.1,39.1,32.3,42.0,7.0,33.3,5.54,34.8,32.0,5.8,34.05,5.67,32.333333333333336,9.666666666666666,28.729999999999997,19.099999999999998,33.69896907216494
20,3,Svi Mykhailiuk,0.0,DET,CLE,-7.0,220.5,113.8,10,20.0,22.8,24.8,SG/SF,4200,1,16.0,10.0,101,113,2%,10,11,6,33,31,19,22.8,13.0,5.0,21.1,29.4,5.5,1.3,20.8,4.94,23.7,32.0,5.6,22.25,5.27,27.666666666666668,9.0,16.830000000000002,22.53333333333333,25.734939759036145
20,4,Ben Simmons,0.0,PHI,BOS,-2.5,216.5,109.5,29,35.5,50.7,77.3,PG/SF,9000,2,22.0,20.0,102,102,-8%,16,13,11,40,39,36,51.0,43.3,32.8,53.8,38.7,35.3,3.9,44.3,4.92,47.6,36.5,5.3,45.95,5.109999999999999,38.333333333333336,13.333333333333334,45.36999999999999,54.5,43.752391304347825
20,5,Matisse Thybulle,0.0,PHI,BOS,-2.5,216.5,109.5,6,2.0,9.1,14.0,SG/SF,3000,2,12.0,11.0,102,102,-8%,4,3,4,15,18,18,9.1,12.4,2.9,21.9,18.8,8.8,2.9,11.3,3.75,10.8,14.5,3.6,11.05,3.675,17.0,3.6666666666666665,11.469999999999999,8.366666666666667,9.425
20,6,Ante Zizic,0.0,CLE,DET,7.0,220.5,106.8,21,0.0,14.4,35.0,C,3900,1,0.0,0.0,102,110,7%,5,3,3,20,10,10,14.3,10.3,1.2,19.3,7.3,6.8,1.7,14.8,3.78,15.2,16.0,3.9,15.0,3.84,13.333333333333334,3.6666666666666665,12.020000000000001,16.466666666666665,18.0
20,7,Isaiah Hartenstein,0.0,HOU,OKC,-3.5,227.5,115.5,14,4.0,22.4,39.3,PF/C,3300,0,0.0,0.0,101,105,-11%,2,6,3,8,18,14,22.4,13.9,0.8,26.9,12.0,12.0,3.6,11.0,3.33,10.5,11.0,3.2,10.75,3.265,13.333333333333334,3.6666666666666665,14.95,21.899999999999995,8.868749999999999
21,0,Austin Rivers,0.0,HOU,OKC,-3.5,227.5,115.5,13,1.5,13.1,22.3,PG/SG,3800,0,15.0,10.0,101,105,-1%,4,7,7,18,21,23,14.9,15.4,7.3,23.5,26.8,10.3,2.7,7.0,1.84,11.7,19.0,3.1,9.35,2.47,20.666666666666668,6.0,14.089999999999998,12.299999999999999,8.595967741935484
21,1,Matthew Dellavedova,0.0,CLE,DET,7.0,220.5,106.8,7,0.0,8.7,20.5,PG/SG,3400,1,16.0,8.0,102,110,4%,2,3,3,12,12,13,8.7,9.1,4.1,14.2,15.0,10.3,3.0,14.8,4.34,9.7,13.0,2.9,12.25,3.62,12.333333333333334,2.6666666666666665,9.669999999999998,9.733333333333333,12.912162162162161
21,2,Keita Bates-Diop,0.0,MIN,POR,1.5,224.5,111.5,27,1.3,16.7,33.3,SF/PF,3100,1,15.0,12.0,104,109,7%,4,7,6,15,20,18,16.7,13.3,4.1,22.6,24.0,26.5,8.5,11.0,3.55,13.2,17.0,4.3,12.1,3.925,17.666666666666668,5.666666666666667,13.76,17.099999999999998,11.643396226415094
21,3,Tony Snell,0.0,DET,CLE,-7.0,220.5,113.8,20,2.8,13.6,28.0,SF/PF,4500,1,12.0,10.0,101,113,11%,7,6,7,26,25,27,14.7,15.0,8.3,21.7,35.6,17.3,3.8,19.0,4.22,17.1,27.0,3.8,18.05,4.01,26.0,6.666666666666667,15.55,14.799999999999999,18.744230769230768
21,4,CJ McCollum,0.0,POR,MIN,-1.5,224.5,113.0,2,26.5,32.5,40.0,PG/SG,6800,1,26.0,17.0,105,107,0%,19,18,20,35,36,37,32.5,36.7,25.4,48.0,24.5,20.5,3.0,35.5,5.22,35.4,36.0,5.2,35.45,5.21,36.0,19.0,35.61,33.0,35.45
21,5,P.J. Tucker,0.0,HOU,OKC,-3.5,227.5,115.5,14,8.3,18.2,37.8,PF/C,4100,0,9.0,10.0,101,105,0%,4,5,7,35,35,36,18.1,24.3,14.6,34.1,32.4,12.5,3.0,20.8,5.06,19.9,35.0,4.9,20.35,4.98,35.333333333333336,5.333333333333333,22.29,21.433333333333334,20.15801886792453
21,6,Gorgui Dieng,0.0,MIN,POR,1.5,224.5,111.5,19,16.8,34.0,57.8,C,6300,1,18.0,18.0,104,109,6%,10,10,6,26,27,18,34.0,20.8,6.5,35.1,17.0,32.5,5.2,19.5,3.1,34.1,28.0,5.4,26.8,4.25,23.666666666666668,8.666666666666666,24.64,36.199999999999996,31.707042253521127
21,7,Ante Zizic,0.0,CLE,DET,7.0,220.5,106.8,21,0.0,14.4,35.0,C,3900,1,0.0,0.0,102,110,7%,5,3,3,20,10,10,14.3,10.3,1.2,19.3,7.3,6.8,1.7,14.8,3.78,15.2,16.0,3.9,15.0,3.84,13.333333333333334,3.6666666666666665,12.020000000000001,16.466666666666665,18.0
22,0,Bruce Brown,0.0,DET,CLE,-7.0,220.5,113.8,26,21.5,25.7,29.0,PG/SF,5000,1,17.0,12.0,101,113,11%,9,9,8,27,30,28,25.7,23.2,13.2,33.1,37.8,46.5,9.3,24.5,4.9,25.8,28.5,5.2,25.15,5.050000000000001,28.333333333333332,8.666666666666666,24.07,25.400000000000002,25.297941176470587
22,1,Matthew Dellavedova,0.0,CLE,DET,7.0,220.5,106.8,7,0.0,8.7,20.5,PG/SG,3400,1,16.0,8.0,102,110,4%,2,3,3,12,12,13,8.7,9.1,4.1,14.2,15.0,10.3,3.0,14.8,4.34,9.7,13.0,2.9,12.25,3.62,12.333333333333334,2.6666666666666665,9.669999999999998,9.733333333333333,12.912162162162161
22,2,Kevin Love,0.0,CLE,DET,7.0,220.5,106.8,29,17.3,36.4,49.3,PF/C,7700,1,23.0,19.0,102,110,7%,13,13,12,33,33,31,36.4,37.1,24.8,49.5,37.9,33.8,4.4,41.0,5.32,41.5,34.5,5.4,41.25,5.36,32.333333333333336,12.666666666666666,37.81,34.333333333333336,44.01417525773196
22,3,Cedi Osman,0.0,CLE,DET,7.0,220.5,106.8,17,11.5,23.4,29.0,SF/PF,4700,1,16.0,11.0,102,110,4%,12,11,9,33,30,29,23.4,20.5,12.3,28.7,40.4,18.0,3.8,23.0,4.89,24.9,34.5,5.3,23.95,5.095,30.666666666666668,10.666666666666666,21.77,21.3,26.943749999999998
22,4,Kent Bazemore,0.0,POR,MIN,-1.5,224.5,113.0,23,14.0,16.4,18.8,SG/SF,3600,1,16.0,8.0,105,107,0%,10,8,8,31,29,26,16.4,18.6,11.4,25.8,29.5,8.3,2.3,23.8,6.6,19.0,27.5,5.3,21.4,5.949999999999999,28.666666666666668,8.666666666666666,18.72,16.400000000000002,20.529069767441857
22,5,Isaiah Hartenstein,0.0,HOU,OKC,-3.5,227.5,115.5,14,4.0,22.4,39.3,PF/C,3300,0,0.0,0.0,101,105,-11%,2,6,3,8,18,14,22.4,13.9,0.8,26.9,12.0,12.0,3.6,11.0,3.33,10.5,11.0,3.2,10.75,3.265,13.333333333333334,3.6666666666666665,14.95,21.899999999999995,8.868749999999999
22,6,Al Horford,0.0,PHI,BOS,-2.5,216.5,109.5,25,14.0,19.3,24.0,PF/C,6000,2,18.0,16.0,102,102,-2%,9,9,11,34,32,31,19.3,30.1,21.1,39.1,32.3,42.0,7.0,33.3,5.54,34.8,32.0,5.8,34.05,5.67,32.333333333333336,9.666666666666666,28.729999999999997,19.099999999999998,33.69896907216494
22,7,Terrance Ferguson,0.0,OKC,HOU,3.5,227.5,112.0,12,1.3,9.4,16.8,SG/SF,3600,1,9.0,4.0,106,107,7%,6,5,5,30,27,28,9.3,11.0,5.1,16.8,22.2,13.8,3.8,12.0,3.33,11.5,26.0,3.2,11.75,3.265,28.333333333333332,5.333333333333333,10.790000000000001,9.166666666666666,10.782352941176471
23,0,Ben Simmons,0.0,PHI,BOS,-2.5,216.5,109.5,29,35.5,50.7,77.3,PG/SF,9000,2,22.0,20.0,102,102,-8%,16,13,11,40,39,36,51.0,43.3,32.8,53.8,38.7,35.3,3.9,44.3,4.92,47.6,36.5,5.3,45.95,5.109999999999999,38.333333333333336,13.333333333333334,45.36999999999999,54.5,43.752391304347825
23,1,Shai Gilgeous-Alexander,0.0,OKC,HOU,3.5,227.5,112.0,28,28.3,36.7,47.8,PG/SG,7100,1,24.0,17.0,106,107,7%,16,16,16,38,36,36,36.6,34.2,24.3,44.2,30.7,30.8,4.3,34.5,4.86,36.1,36.0,5.1,35.3,4.98,36.666666666666664,16.0,34.92,37.6,34.658181818181816
23,2,Sekou Doumbouya,0.0,DET,CLE,-7.0,220.5,113.8,20,0.0,21.9,40.0,SF/PF,5800,1,0.0,0.0,101,113,3%,11,8,5,34,27,14,21.9,11.4,-2.4,25.1,19.7,13.3,2.3,27.3,4.7,27.9,33.0,4.8,27.6,4.75,25.0,8.0,16.72,20.633333333333333,36.432
23,3,Grant Williams,0.0,BOS,PHI,2.5,216.5,107.0,11,2.5,11.4,20.0,SF/PF,3200,0,12.0,7.0,102,104,-11%,2,3,3,22,17,16,11.4,9.3,2.7,15.8,6.6,4.0,1.3,8.3,2.58,9.3,15.0,2.9,8.8,2.74,18.333333333333332,2.6666666666666665,9.6,11.299999999999999,7.200000000000001
23,4,Jaylen Brown,0.0,BOS,PHI,2.5,216.5,107.0,28,22.8,33.4,42.5,SG/SF,6500,0,24.0,19.0,102,104,-4%,18,15,15,31,34,34,33.4,36.3,26.9,45.7,33.8,16.8,2.6,31.8,4.88,33.3,34.0,5.1,32.55,4.99,33.0,16.0,34.96999999999999,32.9,33.53636363636363
23,5,Furkan Korkmaz,0.0,PHI,BOS,-2.5,216.5,109.5,6,11.8,13.1,14.5,SG/SF,3300,2,16.0,11.0,102,102,-5%,6,7,7,19,18,21,13.1,14.1,6.3,22.0,14.3,13.8,4.2,13.0,3.94,12.5,16.5,3.8,12.75,3.87,19.333333333333332,6.666666666666667,13.65,13.133333333333333,10.88146551724138
23,6,Thon Maker,0.0,DET,CLE,-7.0,220.5,113.8,12,3.0,7.9,19.8,PF/C,3000,1,14.0,12.0,101,113,3%,3,3,2,10,11,11,7.9,8.2,1.9,14.5,25.1,23.5,7.8,10.5,3.5,9.5,11.5,3.2,10.0,3.35,10.666666666666666,2.6666666666666665,8.5,10.233333333333334,10.78125
23,7,Noah Vonleh,0.0,MIN,POR,1.5,224.5,111.5,24,9.8,16.2,29.3,PF/C,3200,1,14.0,15.0,104,109,0%,4,3,3,11,16,13,16.2,12.2,5.6,18.8,12.7,16.0,5.0,4.8,1.48,0.0,0.0,0.0,2.4,0.74,13.333333333333334,3.3333333333333335,11.040000000000001,18.433333333333334,0.0
24,0,Darius Garland,0.0,CLE,DET,7.0,220.5,106.8,7,17.0,27.1,35.3,PG,4800,1,21.0,9.0,102,110,4%,12,12,11,36,35,29,27.1,20.1,12.3,28.0,41.5,32.5,6.8,26.0,5.42,24.6,34.5,5.1,25.3,5.26,33.333333333333336,11.666666666666666,22.56,26.46666666666667,26.1855
24,1,Collin Sexton,0.0,CLE,DET,7.0,220.5,106.8,7,26.3,30.0,40.3,PG/SG,5900,1,27.0,15.0,102,110,4%,18,18,16,35,35,31,30.0,27.5,20.8,34.1,39.5,36.0,6.1,30.8,5.21,31.3,34.5,5.3,31.05,5.255,33.666666666666664,17.333333333333332,28.689999999999998,32.199999999999996,31.818564356435644
24,2,Mario Hezonja,0.0,POR,MIN,-1.5,224.5,113.0,24,3.3,10.3,20.8,SF/PF,3100,1,14.0,9.0,105,107,0%,5,4,4,16,13,17,10.3,12.2,4.2,20.3,9.9,15.0,4.8,13.5,4.35,9.1,12.5,2.9,11.3,3.625,15.333333333333334,4.333333333333333,11.66,11.466666666666669,9.21195652173913
24,3,Semi Ojeleye,0.0,BOS,PHI,2.5,216.5,107.0,11,0.0,5.0,11.8,SF/PF,3000,0,8.0,6.0,102,104,-11%,3,2,2,5,8,14,5.0,6.6,1.3,12.0,20.8,1.5,0.5,6.5,2.17,0.0,0.0,0.0,3.25,1.085,9.0,2.3333333333333335,5.630000000000001,5.6000000000000005,0.0
24,4,Langston Galloway,0.0,DET,CLE,-7.0,220.5,113.8,26,3.5,15.2,30.8,PG/SG,3200,1,16.0,13.0,101,113,11%,6,7,8,21,21,26,14.9,18.0,10.7,25.4,18.3,14.5,4.5,15.5,4.84,15.6,21.0,4.9,15.55,4.87,22.666666666666668,7.0,16.91,16.5,14.406617647058823
24,5,Hamidou Diallo,0.0,OKC,HOU,3.5,227.5,112.0,12,7.3,11.2,18.5,SG/SF,3200,1,18.0,12.0,106,107,7%,6,6,7,16,17,20,11.2,16.0,9.6,22.5,23.8,10.8,3.4,14.5,4.53,12.1,16.0,3.8,13.3,4.165,17.666666666666668,6.333333333333333,14.520000000000001,12.333333333333334,12.045283018867924
24,6,Andre Drummond,0.0,DET,CLE,-7.0,220.5,113.8,24,32.5,47.9,61.5,C,10200,1,24.0,22.0,101,113,3%,13,13,14,40,34,34,47.9,48.8,36.6,61.0,49.0,62.3,6.1,53.3,5.22,57.9,36.5,5.7,55.599999999999994,5.46,36.0,13.333333333333334,49.98,47.300000000000004,56.37222222222222
24,7,Clint Capela,0.0,HOU,OKC,-3.5,227.5,115.5,12,28.8,44.5,59.5,C,7500,0,15.0,21.0,101,105,2%,15,13,10,37,35,34,44.5,41.5,30.2,52.8,28.9,25.3,3.4,39.3,5.23,40.6,35.5,5.4,39.95,5.315,35.333333333333336,12.666666666666666,41.79,44.26666666666667,40.13844339622642
25,0,Ben Simmons,0.0,PHI,BOS,-2.5,216.5,109.5,29,35.5,50.7,77.3,PG/SF,9000,2,22.0,20.0,102,102,-8%,16,13,11,40,39,36,51.0,43.3,32.8,53.8,38.7,35.3,3.9,44.3,4.92,47.6,36.5,5.3,45.95,5.109999999999999,38.333333333333336,13.333333333333334,45.36999999999999,54.5,43.752391304347825
25,1,Matthew Dellavedova,0.0,CLE,DET,7.0,220.5,106.8,7,0.0,8.7,20.5,PG/SG,3400,1,16.0,8.0,102,110,4%,2,3,3,12,12,13,8.7,9.1,4.1,14.2,15.0,10.3,3.0,14.8,4.34,9.7,13.0,2.9,12.25,3.62,12.333333333333334,2.6666666666666665,9.669999999999998,9.733333333333333,12.912162162162161
25,2,Grant Williams,0.0,BOS,PHI,2.5,216.5,107.0,11,2.5,11.4,20.0,SF/PF,3200,0,12.0,7.0,102,104,-11%,2,3,3,22,17,16,11.4,9.3,2.7,15.8,6.6,4.0,1.3,8.3,2.58,9.3,15.0,2.9,8.8,2.74,18.333333333333332,2.6666666666666665,9.6,11.299999999999999,7.200000000000001
25,3,Nassir Little,0.0,POR,MIN,-1.5,224.5,113.0,24,1.8,3.0,4.3,SF/PF,3000,1,13.0,8.0,105,107,-2%,2,1,3,4,6,13,2.7,8.7,0.2,17.1,12.0,13.3,4.4,3.8,1.25,0.0,0.0,0.0,1.9,0.625,7.666666666666667,2.0,6.119999999999999,3.033333333333333,0.0
25,4,Damian Lillard,0.0,POR,MIN,-1.5,224.5,113.0,2,38.5,48.5,62.3,PG,8900,1,30.0,25.0,105,107,3%,17,19,20,39,37,38,48.5,47.9,38.3,57.5,29.6,38.5,4.3,48.0,5.39,46.4,37.0,5.2,47.2,5.295,38.0,18.666666666666668,47.879999999999995,49.76666666666667,45.95789473684211
25,5,Abdel Nader,0.0,OKC,HOU,3.5,227.5,112.0,7,0.0,5.9,12.5,SF,3300,1,16.0,11.0,106,107,9%,3,2,5,9,6,16,4.0,10.5,3.1,17.9,12.8,7.8,2.4,10.3,3.11,0.0,0.0,0.0,5.15,1.555,10.333333333333334,3.3333333333333335,8.129999999999999,6.133333333333333,0.0
25,6,Kevin Love,0.0,CLE,DET,7.0,220.5,106.8,29,17.3,36.4,49.3,PF/C,7700,1,23.0,19.0,102,110,7%,13,13,12,33,33,31,36.4,37.1,24.8,49.5,37.9,33.8,4.4,41.0,5.32,41.5,34.5,5.4,41.25,5.36,32.333333333333336,12.666666666666666,37.81,34.333333333333336,44.01417525773196
25,7,Matisse Thybulle,0.0,PHI,BOS,-2.5,216.5,109.5,6,2.0,9.1,14.0,SG/SF,3000,2,12.0,11.0,102,102,-8%,4,3,4,15,18,18,9.1,12.4,2.9,21.9,18.8,8.8,2.9,11.3,3.75,10.8,14.5,3.6,11.05,3.675,17.0,3.6666666666666665,11.469999999999999,8.366666666666667,9.425
26,0,Kemba Walker,0.0,BOS,PHI,2.5,216.5,107.0,10,14.8,31.9,46.5,PG,6500,0,29.0,22.0,102,104,-8%,21,18,18,35,32,33,35.3,40.0,28.8,51.1,32.7,36.5,5.6,32.5,5.0,33.0,30.0,5.1,32.75,5.05,33.333333333333336,19.0,37.59,31.066666666666666,29.474999999999998
26,1,Ben McLemore,0.0,HOU,OKC,-3.5,227.5,115.5,15,4.3,15.6,26.3,SG/SF,3200,0,16.0,11.0,101,105,-10%,6,7,8,23,24,25,15.6,18.1,8.1,28.2,25.6,15.0,4.7,10.3,3.2,18.5,27.5,5.8,14.4,4.5,24.0,7.0,16.880000000000003,15.4,16.5
26,2,Mike Scott,0.0,PHI,BOS,-2.5,216.5,109.5,1,2.0,7.6,13.5,SF/PF,4000,2,13.0,10.0,102,102,-2%,4,5,5,16,17,19,7.6,12.2,5.6,18.8,25.5,14.0,3.5,14.5,3.63,16.9,23.5,4.2,15.7,3.915,17.333333333333332,4.666666666666667,11.979999999999999,7.7,21.285576923076924
26,3,Robert Covington,0.0,MIN,POR,1.5,224.5,111.5,27,29.3,34.4,47.0,SF/PF,5700,1,17.0,14.0,104,109,7%,12,10,10,33,33,29,34.4,27.3,18.4,36.3,24.4,29.0,5.1,28.5,5.0,32.4,32.0,5.7,30.45,5.35,31.666666666666668,10.666666666666666,29.369999999999997,36.9,30.77052631578947
26,4,Ben Simmons,0.0,PHI,BOS,-2.5,216.5,109.5,29,35.5,50.7,77.3,PG/SF,9000,2,22.0,20.0,102,102,-8%,16,13,11,40,39,36,51.0,43.3,32.8,53.8,38.7,35.3,3.9,44.3,4.92,47.6,36.5,5.3,45.95,5.109999999999999,38.333333333333336,13.333333333333334,45.36999999999999,54.5,43.752391304347825
26,5,Kevin Love,0.0,CLE,DET,7.0,220.5,106.8,29,17.3,36.4,49.3,PF/C,7700,1,23.0,19.0,102,110,7%,13,13,12,33,33,31,36.4,37.1,24.8,49.5,37.9,33.8,4.4,41.0,5.32,41.5,34.5,5.4,41.25,5.36,32.333333333333336,12.666666666666666,37.81,34.333333333333336,44.01417525773196
26,6,Naz Reid,0.0,MIN,POR,1.5,224.5,111.5,24,17.5,20.9,25.0,PF/C,3400,1,0.0,0.0,104,109,6%,7,10,7,11,16,12,20.9,15.6,6.1,25.0,16.5,11.0,3.2,7.5,2.21,10.9,10.0,3.2,9.2,2.705,13.0,8.0,15.36,21.133333333333333,7.076923076923077
26,7,Sekou Doumbouya,0.0,DET,CLE,-7.0,220.5,113.8,20,0.0,21.9,40.0,SF/PF,5800,1,0.0,0.0,101,113,3%,11,8,5,34,27,14,21.9,11.4,-2.4,25.1,19.7,13.3,2.3,27.3,4.7,27.9,33.0,4.8,27.6,4.75,25.0,8.0,16.72,20.633333333333333,36.432
27,0,James Harden,0.0,HOU,OKC,-3.5,227.5,115.5,13,54.8,70.0,81.8,PG/SG,12200,0,38.0,32.0,101,105,-1%,29,24,25,40,38,38,70.6,64.6,52.1,77.2,26.6,27.8,2.3,61.3,5.02,58.8,37.5,4.8,60.05,4.91,38.666666666666664,26.0,64.91,68.86666666666666,58.23814655172414
27,1,Kent Bazemore,0.0,POR,MIN,-1.5,224.5,113.0,23,14.0,16.4,18.8,SG/SF,3600,1,16.0,8.0,105,107,0%,10,8,8,31,29,26,16.4,18.6,11.4,25.8,29.5,8.3,2.3,23.8,6.6,19.0,27.5,5.3,21.4,5.949999999999999,28.666666666666668,8.666666666666666,18.72,16.400000000000002,20.529069767441857
27,2,Daniel Theis,0.0,BOS,PHI,2.5,216.5,107.0,2,14.5,22.7,29.5,PF/C,4000,0,14.0,15.0,102,104,-11%,8,9,6,21,23,23,22.7,21.9,14.9,28.8,26.6,20.8,5.2,19.8,4.94,19.2,22.5,4.8,19.5,4.87,22.333333333333332,7.666666666666667,21.56,22.233333333333334,19.645522388059703
27,3,Hamidou Diallo,0.0,OKC,HOU,3.5,227.5,112.0,12,7.3,11.2,18.5,SG/SF,3200,1,18.0,12.0,106,107,7%,6,6,7,16,17,20,11.2,16.0,9.6,22.5,23.8,10.8,3.4,14.5,4.53,12.1,16.0,3.8,13.3,4.165,17.666666666666668,6.333333333333333,14.520000000000001,12.333333333333334,12.045283018867924
27,4,Matisse Thybulle,0.0,PHI,BOS,-2.5,216.5,109.5,6,2.0,9.1,14.0,SG/SF,3000,2,12.0,11.0,102,102,-8%,4,3,4,15,18,18,9.1,12.4,2.9,21.9,18.8,8.8,2.9,11.3,3.75,10.8,14.5,3.6,11.05,3.675,17.0,3.6666666666666665,11.469999999999999,8.366666666666667,9.425
27,5,Thon Maker,0.0,DET,CLE,-7.0,220.5,113.8,12,3.0,7.9,19.8,PF/C,3000,1,14.0,12.0,101,113,3%,3,3,2,10,11,11,7.9,8.2,1.9,14.5,25.1,23.5,7.8,10.5,3.5,9.5,11.5,3.2,10.0,3.35,10.666666666666666,2.6666666666666665,8.5,10.233333333333334,10.78125
27,6,P.J. Tucker,0.0,HOU,OKC,-3.5,227.5,115.5,14,8.3,18.2,37.8,PF/C,4100,0,9.0,10.0,101,105,0%,4,5,7,35,35,36,18.1,24.3,14.6,34.1,32.4,12.5,3.0,20.8,5.06,19.9,35.0,4.9,20.35,4.98,35.333333333333336,5.333333333333333,22.29,21.433333333333334,20.15801886792453
27,7,Josh Okogie,0.0,MIN,POR,1.5,224.5,111.5,7,6.3,14.0,22.5,SG/SF,3300,1,16.0,10.0,104,109,-3%,4,5,6,16,19,24,14.1,17.5,9.9,25.0,25.3,23.3,7.1,11.8,3.56,14.4,20.0,4.4,13.100000000000001,3.9800000000000004,19.666666666666668,5.0,15.919999999999998,14.266666666666666,13.322033898305087
28,0,Ben Simmons,0.0,PHI,BOS,-2.5,216.5,109.5,29,35.5,50.7,77.3,PG/SF,9000,2,22.0,20.0,102,102,-8%,16,13,11,40,39,36,51.0,43.3,32.8,53.8,38.7,35.3,3.9,44.3,4.92,47.6,36.5,5.3,45.95,5.109999999999999,38.333333333333336,13.333333333333334,45.36999999999999,54.5,43.752391304347825
28,1,Jaylen Brown,0.0,BOS,PHI,2.5,216.5,107.0,28,22.8,33.4,42.5,SG/SF,6500,0,24.0,19.0,102,104,-4%,18,15,15,31,34,34,33.4,36.3,26.9,45.7,33.8,16.8,2.6,31.8,4.88,33.3,34.0,5.1,32.55,4.99,33.0,16.0,34.96999999999999,32.9,33.53636363636363
28,2,Tobias Harris,0.0,PHI,BOS,-2.5,216.5,109.5,1,15.0,29.4,44.3,SF/PF,7300,2,23.0,17.0,102,102,-4%,17,18,16,39,37,35,37.4,36.0,26.8,45.3,34.9,33.8,4.6,35.0,4.79,38.9,35.0,5.3,36.95,5.045,37.0,17.0,36.489999999999995,29.566666666666663,34.95270270270271
28,3,Hamidou Diallo,0.0,OKC,HOU,3.5,227.5,112.0,12,7.3,11.2,18.5,SG/SF,3200,1,18.0,12.0,106,107,7%,6,6,7,16,17,20,11.2,16.0,9.6,22.5,23.8,10.8,3.4,14.5,4.53,12.1,16.0,3.8,13.3,4.165,17.666666666666668,6.333333333333333,14.520000000000001,12.333333333333334,12.045283018867924
28,4,Svi Mykhailiuk,0.0,DET,CLE,-7.0,220.5,113.8,10,20.0,22.8,24.8,SG/SF,4200,1,16.0,10.0,101,113,2%,10,11,6,33,31,19,22.8,13.0,5.0,21.1,29.4,5.5,1.3,20.8,4.94,23.7,32.0,5.6,22.25,5.27,27.666666666666668,9.0,16.830000000000002,22.53333333333333,25.734939759036145
28,5,P.J. Tucker,0.0,HOU,OKC,-3.5,227.5,115.5,14,8.3,18.2,37.8,PF/C,4100,0,9.0,10.0,101,105,0%,4,5,7,35,35,36,18.1,24.3,14.6,34.1,32.4,12.5,3.0,20.8,5.06,19.9,35.0,4.9,20.35,4.98,35.333333333333336,5.333333333333333,22.29,21.433333333333334,20.15801886792453
28,6,Isaiah Hartenstein,0.0,HOU,OKC,-3.5,227.5,115.5,14,4.0,22.4,39.3,PF/C,3300,0,0.0,0.0,101,105,-11%,2,6,3,8,18,14,22.4,13.9,0.8,26.9,12.0,12.0,3.6,11.0,3.33,10.5,11.0,3.2,10.75,3.265,13.333333333333334,3.6666666666666665,14.95,21.899999999999995,8.868749999999999
28,7,Anfernee Simons,0.0,POR,MIN,-1.5,224.5,113.0,2,5.5,16.3,29.5,PG/SG,3800,1,19.0,10.0,105,107,0%,13,9,9,32,26,22,16.3,16.1,8.2,24.0,20.0,9.8,2.6,20.0,5.26,19.4,27.0,5.1,19.7,5.18,26.666666666666668,10.333333333333334,16.860000000000003,17.099999999999998,19.94625
29,0,Jeff Teague,0.0,MIN,POR,1.5,224.5,111.5,18,15.3,23.2,30.5,PG,5200,1,22.0,17.0,104,109,6%,9,11,10,23,26,29,23.2,28.5,17.7,39.2,24.5,26.3,5.1,24.8,4.76,27.8,25.5,5.3,26.3,5.029999999999999,26.0,10.0,26.98,23.0,25.79423076923077
29,1,Marcus Smart,0.0,BOS,PHI,2.5,216.5,107.0,10,16.5,28.2,46.5,PG/SG,5300,0,18.0,13.0,102,104,-8%,12,11,11,30,32,32,27.8,27.6,19.2,36.0,30.7,34.8,6.6,23.5,4.43,24.1,30.5,4.5,23.8,4.465,31.333333333333332,11.333333333333334,26.880000000000003,30.400000000000002,23.167021276595747
29,2,Kevin Love,0.0,CLE,DET,7.0,220.5,106.8,29,17.3,36.4,49.3,PF/C,7700,1,23.0,19.0,102,110,7%,13,13,12,33,33,31,36.4,37.1,24.8,49.5,37.9,33.8,4.4,41.0,5.32,41.5,34.5,5.4,41.25,5.36,32.333333333333336,12.666666666666666,37.81,34.333333333333336,44.01417525773196
29,3,Semi Ojeleye,0.0,BOS,PHI,2.5,216.5,107.0,11,0.0,5.0,11.8,SF/PF,3000,0,8.0,6.0,102,104,-11%,3,2,2,5,8,14,5.0,6.6,1.3,12.0,20.8,1.5,0.5,6.5,2.17,0.0,0.0,0.0,3.25,1.085,9.0,2.3333333333333335,5.630000000000001,5.6000000000000005,0.0
29,4,Damian Lillard,0.0,POR,MIN,-1.5,224.5,113.0,2,38.5,48.5,62.3,PG,8900,1,30.0,25.0,105,107,3%,17,19,20,39,37,38,48.5,47.9,38.3,57.5,29.6,38.5,4.3,48.0,5.39,46.4,37.0,5.2,47.2,5.295,38.0,18.666666666666668,47.879999999999995,49.76666666666667,45.95789473684211
29,5,Furkan Korkmaz,0.0,PHI,BOS,-2.5,216.5,109.5,6,11.8,13.1,14.5,SG/SF,3300,2,16.0,11.0,102,102,-5%,6,7,7,19,18,21,13.1,14.1,6.3,22.0,14.3,13.8,4.2,13.0,3.94,12.5,16.5,3.8,12.75,3.87,19.333333333333332,6.666666666666667,13.65,13.133333333333333,10.88146551724138
29,6,Andre Drummond,0.0,DET,CLE,-7.0,220.5,113.8,24,32.5,47.9,61.5,C,10200,1,24.0,22.0,101,113,3%,13,13,14,40,34,34,47.9,48.8,36.6,61.0,49.0,62.3,6.1,53.3,5.22,57.9,36.5,5.7,55.599999999999994,5.46,36.0,13.333333333333334,49.98,47.300000000000004,56.37222222222222
29,7,Anthony Tolliver,0.0,POR,MIN,-1.5,224.5,113.0,27,3.5,7.8,12.5,PF/C,3100,1,11.0,6.0,105,107,-2%,2,2,3,14,15,16,7.8,9.3,2.2,16.3,21.0,12.5,4.0,9.5,3.06,9.7,16.0,3.1,9.6,3.08,15.0,2.3333333333333335,9.040000000000003,7.933333333333334,10.24
30,0,Shabazz Napier,0.0,MIN,POR,1.5,224.5,111.5,18,17.3,34.7,43.3,PG/SG,5200,1,23.0,14.0,104,109,6%,10,12,8,27,31,21,34.6,21.5,10.0,33.0,20.4,17.5,3.4,26.5,5.1,26.3,25.5,5.1,26.4,5.1,26.333333333333332,10.0,25.1,31.766666666666666,25.564556962025318
30,1,Hamidou Diallo,0.0,OKC,HOU,3.5,227.5,112.0,12,7.3,11.2,18.5,SG/SF,3200,1,18.0,12.0,106,107,7%,6,6,7,16,17,20,11.2,16.0,9.6,22.5,23.8,10.8,3.4,14.5,4.53,12.1,16.0,3.8,13.3,4.165,17.666666666666668,6.333333333333333,14.520000000000001,12.333333333333334,12.045283018867924
30,2,Mike Muscala,0.0,OKC,HOU,3.5,227.5,112.0,11,3.3,8.2,19.5,PF/C,4000,1,16.0,8.0,106,107,4%,5,4,3,15,12,10,8.2,7.9,1.2,14.6,20.5,14.5,3.6,9.5,2.38,10.0,13.0,2.5,9.75,2.44,12.333333333333334,4.0,8.330000000000002,10.333333333333334,10.277027027027026
30,3,Josh Okogie,0.0,MIN,POR,1.5,224.5,111.5,7,6.3,14.0,22.5,SG/SF,3300,1,16.0,10.0,104,109,-3%,4,5,6,16,19,24,14.1,17.5,9.9,25.0,25.3,23.3,7.1,11.8,3.56,14.4,20.0,4.4,13.100000000000001,3.9800000000000004,19.666666666666668,5.0,15.919999999999998,14.266666666666666,13.322033898305087
30,4,Austin Rivers,0.0,HOU,OKC,-3.5,227.5,115.5,13,1.5,13.1,22.3,PG/SG,3800,0,15.0,10.0,101,105,-1%,4,7,7,18,21,23,14.9,15.4,7.3,23.5,26.8,10.3,2.7,7.0,1.84,11.7,19.0,3.1,9.35,2.47,20.666666666666668,6.0,14.089999999999998,12.299999999999999,8.595967741935484
30,5,Josh Richardson,0.0,PHI,BOS,-2.5,216.5,109.5,6,20.5,30.8,36.0,SG/SF,5600,2,22.0,13.0,102,102,-4%,14,13,13,38,36,33,30.8,28.9,20.8,37.0,33.8,42.8,7.6,31.5,5.63,33.5,36.0,6.0,32.5,5.8149999999999995,35.666666666666664,13.333333333333334,30.0,29.099999999999998,32.80373831775701
30,6,Thon Maker,0.0,DET,CLE,-7.0,220.5,113.8,12,3.0,7.9,19.8,PF/C,3000,1,14.0,12.0,101,113,3%,3,3,2,10,11,11,7.9,8.2,1.9,14.5,25.1,23.5,7.8,10.5,3.5,9.5,11.5,3.2,10.0,3.35,10.666666666666666,2.6666666666666665,8.5,10.233333333333334,10.78125
30,7,Brandon Knight,0.0,CLE,DET,7.0,220.5,106.8,7,5.0,12.8,25.5,PG/SG,4600,1,0.0,0.0,102,110,4%,9,5,5,24,13,12,10.4,10.3,1.7,19.0,24.1,12.5,2.7,16.5,3.59,13.8,17.5,3.0,15.15,3.295,16.333333333333332,6.333333333333333,11.31,14.433333333333332,16.23214285714286
31,0,Dennis Schroder,0.0,OKC,HOU,3.5,227.5,112.0,28,26.0,29.6,34.3,PG/SG,6100,1,28.0,16.0,106,107,0%,16,15,15,36,33,31,30.0,30.2,20.7,39.6,27.1,23.3,3.8,32.5,5.33,32.1,31.5,5.3,32.3,5.3149999999999995,33.333333333333336,15.333333333333334,30.560000000000002,29.96666666666667,30.523499999999995
31,1,Jarrett Culver,0.0,MIN,POR,1.5,224.5,111.5,18,18.8,32.4,41.3,PG/SG,5100,1,20.0,10.0,104,109,6%,11,14,9,28,32,23,32.3,19.5,9.0,29.9,30.0,23.0,4.5,24.5,4.8,25.1,28.5,4.9,24.8,4.85,27.666666666666668,11.333333333333334,23.099999999999998,30.833333333333332,25.54698795180723
31,2,Noah Vonleh,0.0,MIN,POR,1.5,224.5,111.5,24,9.8,16.2,29.3,PF/C,3200,1,14.0,15.0,104,109,0%,4,3,3,11,16,13,16.2,12.2,5.6,18.8,12.7,16.0,5.0,4.8,1.48,0.0,0.0,0.0,2.4,0.74,13.333333333333334,3.3333333333333335,11.040000000000001,18.433333333333334,0.0
31,3,Jaylen Brown,0.0,BOS,PHI,2.5,216.5,107.0,28,22.8,33.4,42.5,SG/SF,6500,0,24.0,19.0,102,104,-4%,18,15,15,31,34,34,33.4,36.3,26.9,45.7,33.8,16.8,2.6,31.8,4.88,33.3,34.0,5.1,32.55,4.99,33.0,16.0,34.96999999999999,32.9,33.53636363636363
31,4,Chris Paul,0.0,OKC,HOU,3.5,227.5,112.0,28,25.0,36.7,44.5,PG,7400,1,23.0,21.0,106,107,0%,16,14,12,35,34,32,36.7,36.5,27.3,45.7,27.6,42.0,5.7,39.8,5.37,38.6,32.5,5.2,39.2,5.285,33.666666666666664,14.0,37.080000000000005,35.4,37.84158415841585
31,5,Ben McLemore,0.0,HOU,OKC,-3.5,227.5,115.5,15,4.3,15.6,26.3,SG/SF,3200,0,16.0,11.0,101,105,-10%,6,7,8,23,24,25,15.6,18.1,8.1,28.2,25.6,15.0,4.7,10.3,3.2,18.5,27.5,5.8,14.4,4.5,24.0,7.0,16.880000000000003,15.4,16.5
31,6,Al Horford,0.0,PHI,BOS,-2.5,216.5,109.5,25,14.0,19.3,24.0,PF/C,6000,2,18.0,16.0,102,102,-2%,9,9,11,34,32,31,19.3,30.1,21.1,39.1,32.3,42.0,7.0,33.3,5.54,34.8,32.0,5.8,34.05,5.67,32.333333333333336,9.666666666666666,28.729999999999997,19.099999999999998,33.69896907216494
31,7,Semi Ojeleye,0.0,BOS,PHI,2.5,216.5,107.0,11,0.0,5.0,11.8,SF/PF,3000,0,8.0,6.0,102,104,-11%,3,2,2,5,8,14,5.0,6.6,1.3,12.0,20.8,1.5,0.5,6.5,2.17,0.0,0.0,0.0,3.25,1.085,9.0,2.3333333333333335,5.630000000000001,5.6000000000000005,0.0
32,0,Bruce Brown,0.0,DET,CLE,-7.0,220.5,113.8,26,21.5,25.7,29.0,PG/SF,5000,1,17.0,12.0,101,113,11%,9,9,8,27,30,28,25.7,23.2,13.2,33.1,37.8,46.5,9.3,24.5,4.9,25.8,28.5,5.2,25.15,5.050000000000001,28.333333333333332,8.666666666666666,24.07,25.400000000000002,25.297941176470587
32,1,James Harden,0.0,HOU,OKC,-3.5,227.5,115.5,13,54.8,70.0,81.8,PG/SG,12200,0,38.0,32.0,101,105,-1%,29,24,25,40,38,38,70.6,64.6,52.1,77.2,26.6,27.8,2.3,61.3,5.02,58.8,37.5,4.8,60.05,4.91,38.666666666666664,26.0,64.91,68.86666666666666,58.23814655172414
32,2,Anthony Tolliver,0.0,POR,MIN,-1.5,224.5,113.0,27,3.5,7.8,12.5,PF/C,3100,1,11.0,6.0,105,107,-2%,2,2,3,14,15,16,7.8,9.3,2.2,16.3,21.0,12.5,4.0,9.5,3.06,9.7,16.0,3.1,9.6,3.08,15.0,2.3333333333333335,9.040000000000003,7.933333333333334,10.24
32,3,Nassir Little,0.0,POR,MIN,-1.5,224.5,113.0,24,1.8,3.0,4.3,SF/PF,3000,1,13.0,8.0,105,107,-2%,2,1,3,4,6,13,2.7,8.7,0.2,17.1,12.0,13.3,4.4,3.8,1.25,0.0,0.0,0.0,1.9,0.625,7.666666666666667,2.0,6.119999999999999,3.033333333333333,0.0
32,4,Dennis Schroder,0.0,OKC,HOU,3.5,227.5,112.0,28,26.0,29.6,34.3,PG/SG,6100,1,28.0,16.0,106,107,0%,16,15,15,36,33,31,30.0,30.2,20.7,39.6,27.1,23.3,3.8,32.5,5.33,32.1,31.5,5.3,32.3,5.3149999999999995,33.333333333333336,15.333333333333334,30.560000000000002,29.96666666666667,30.523499999999995
32,5,Naz Reid,0.0,MIN,POR,1.5,224.5,111.5,24,17.5,20.9,25.0,PF/C,3400,1,0.0,0.0,104,109,6%,7,10,7,11,16,12,20.9,15.6,6.1,25.0,16.5,11.0,3.2,7.5,2.21,10.9,10.0,3.2,9.2,2.705,13.0,8.0,15.36,21.133333333333333,7.076923076923077
32,6,Clint Capela,0.0,HOU,OKC,-3.5,227.5,115.5,12,28.8,44.5,59.5,C,7500,0,15.0,21.0,101,105,2%,15,13,10,37,35,34,44.5,41.5,30.2,52.8,28.9,25.3,3.4,39.3,5.23,40.6,35.5,5.4,39.95,5.315,35.333333333333336,12.666666666666666,41.79,44.26666666666667,40.13844339622642
32,7,Tony Snell,0.0,DET,CLE,-7.0,220.5,113.8,20,2.8,13.6,28.0,SF/PF,4500,1,12.0,10.0,101,113,11%,7,6,7,26,25,27,14.7,15.0,8.3,21.7,35.6,17.3,3.8,19.0,4.22,17.1,27.0,3.8,18.05,4.01,26.0,6.666666666666667,15.55,14.799999999999999,18.744230769230768
33,0,Jarrett Culver,0.0,MIN,POR,1.5,224.5,111.5,18,18.8,32.4,41.3,PG/SG,5100,1,20.0,10.0,104,109,6%,11,14,9,28,32,23,32.3,19.5,9.0,29.9,30.0,23.0,4.5,24.5,4.8,25.1,28.5,4.9,24.8,4.85,27.666666666666668,11.333333333333334,23.099999999999998,30.833333333333332,25.54698795180723
33,1,Svi Mykhailiuk,0.0,DET,CLE,-7.0,220.5,113.8,10,20.0,22.8,24.8,SG/SF,4200,1,16.0,10.0,101,113,2%,10,11,6,33,31,19,22.8,13.0,5.0,21.1,29.4,5.5,1.3,20.8,4.94,23.7,32.0,5.6,22.25,5.27,27.666666666666668,9.0,16.830000000000002,22.53333333333333,25.734939759036145
33,2,Al Horford,0.0,PHI,BOS,-2.5,216.5,109.5,25,14.0,19.3,24.0,PF/C,6000,2,18.0,16.0,102,102,-2%,9,9,11,34,32,31,19.3,30.1,21.1,39.1,32.3,42.0,7.0,33.3,5.54,34.8,32.0,5.8,34.05,5.67,32.333333333333336,9.666666666666666,28.729999999999997,19.099999999999998,33.69896907216494
33,3,Nassir Little,0.0,POR,MIN,-1.5,224.5,113.0,24,1.8,3.0,4.3,SF/PF,3000,1,13.0,8.0,105,107,-2%,2,1,3,4,6,13,2.7,8.7,0.2,17.1,12.0,13.3,4.4,3.8,1.25,0.0,0.0,0.0,1.9,0.625,7.666666666666667,2.0,6.119999999999999,3.033333333333333,0.0
33,4,Dennis Schroder,0.0,OKC,HOU,3.5,227.5,112.0,28,26.0,29.6,34.3,PG/SG,6100,1,28.0,16.0,106,107,0%,16,15,15,36,33,31,30.0,30.2,20.7,39.6,27.1,23.3,3.8,32.5,5.33,32.1,31.5,5.3,32.3,5.3149999999999995,33.333333333333336,15.333333333333334,30.560000000000002,29.96666666666667,30.523499999999995
33,5,Furkan Korkmaz,0.0,PHI,BOS,-2.5,216.5,109.5,6,11.8,13.1,14.5,SG/SF,3300,2,16.0,11.0,102,102,-5%,6,7,7,19,18,21,13.1,14.1,6.3,22.0,14.3,13.8,4.2,13.0,3.94,12.5,16.5,3.8,12.75,3.87,19.333333333333332,6.666666666666667,13.65,13.133333333333333,10.88146551724138
33,6,Steven Adams,0.0,OKC,HOU,3.5,227.5,112.0,15,29.8,38.6,49.3,C,6900,1,18.0,22.0,106,107,-3%,10,8,8,35,31,29,38.5,32.8,23.4,42.3,25.0,31.0,4.5,37.5,5.43,37.0,34.0,5.4,37.25,5.415,31.666666666666668,8.666666666666666,34.85,39.233333333333334,39.99473684210526
33,7,Josh Okogie,0.0,MIN,POR,1.5,224.5,111.5,7,6.3,14.0,22.5,SG/SF,3300,1,16.0,10.0,104,109,-3%,4,5,6,16,19,24,14.1,17.5,9.9,25.0,25.3,23.3,7.1,11.8,3.56,14.4,20.0,4.4,13.100000000000001,3.9800000000000004,19.666666666666668,5.0,15.919999999999998,14.266666666666666,13.322033898305087
34,0,Brandon Knight,0.0,CLE,DET,7.0,220.5,106.8,7,5.0,12.8,25.5,PG/SG,4600,1,0.0,0.0,102,110,4%,9,5,5,24,13,12,10.4,10.3,1.7,19.0,24.1,12.5,2.7,16.5,3.59,13.8,17.5,3.0,15.15,3.295,16.333333333333332,6.333333333333333,11.31,14.433333333333332,16.23214285714286
34,1,Jaylen Brown,0.0,BOS,PHI,2.5,216.5,107.0,28,22.8,33.4,42.5,SG/SF,6500,0,24.0,19.0,102,104,-4%,18,15,15,31,34,34,33.4,36.3,26.9,45.7,33.8,16.8,2.6,31.8,4.88,33.3,34.0,5.1,32.55,4.99,33.0,16.0,34.96999999999999,32.9,33.53636363636363
34,2,Cedi Osman,0.0,CLE,DET,7.0,220.5,106.8,17,11.5,23.4,29.0,SF/PF,4700,1,16.0,11.0,102,110,4%,12,11,9,33,30,29,23.4,20.5,12.3,28.7,40.4,18.0,3.8,23.0,4.89,24.9,34.5,5.3,23.95,5.095,30.666666666666668,10.666666666666666,21.77,21.3,26.943749999999998
34,3,Gordon Hayward,0.0,BOS,PHI,2.5,216.5,107.0,11,30.0,34.9,44.5,SF/PF,6600,0,22.0,20.0,102,104,-2%,13,14,13,34,35,33,34.9,34.3,23.8,44.8,36.0,12.5,1.9,32.5,4.92,30.7,32.5,4.7,31.6,4.8100000000000005,34.0,13.333333333333334,33.879999999999995,36.46666666666667,30.205882352941178
34,4,Josh Richardson,0.0,PHI,BOS,-2.5,216.5,109.5,6,20.5,30.8,36.0,SG/SF,5600,2,22.0,13.0,102,102,-4%,14,13,13,38,36,33,30.8,28.9,20.8,37.0,33.8,42.8,7.6,31.5,5.63,33.5,36.0,6.0,32.5,5.8149999999999995,35.666666666666664,13.333333333333334,30.0,29.099999999999998,32.80373831775701
34,5,Darius Bazley,0.0,OKC,HOU,3.5,227.5,112.0,7,7.3,14.0,23.8,SF/PF,3500,1,14.0,7.0,106,107,4%,6,6,4,16,15,17,13.9,11.8,4.8,18.7,15.8,3.5,1.0,14.3,4.07,11.5,16.0,3.3,12.9,3.685,16.0,5.333333333333333,12.42,15.033333333333333,12.9
34,6,Steven Adams,0.0,OKC,HOU,3.5,227.5,112.0,15,29.8,38.6,49.3,C,6900,1,18.0,22.0,106,107,-3%,10,8,8,35,31,29,38.5,32.8,23.4,42.3,25.0,31.0,4.5,37.5,5.43,37.0,34.0,5.4,37.25,5.415,31.666666666666668,8.666666666666666,34.85,39.233333333333334,39.99473684210526
34,7,Enes Kanter,0.0,BOS,PHI,2.5,216.5,107.0,20,11.8,30.5,47.0,C,5400,0,20.0,25.0,102,104,-10%,3,8,7,19,21,20,30.4,25.2,16.1,34.3,17.0,24.3,4.5,26.8,4.95,23.2,21.0,4.3,25.0,4.625,20.0,6.0,26.2,29.766666666666666,26.25
35,0,Brandon Knight,0.0,CLE,DET,7.0,220.5,106.8,7,5.0,12.8,25.5,PG/SG,4600,1,0.0,0.0,102,110,4%,9,5,5,24,13,12,10.4,10.3,1.7,19.0,24.1,12.5,2.7,16.5,3.59,13.8,17.5,3.0,15.15,3.295,16.333333333333332,6.333333333333333,11.31,14.433333333333332,16.23214285714286
35,1,Hamidou Diallo,0.0,OKC,HOU,3.5,227.5,112.0,12,7.3,11.2,18.5,SG/SF,3200,1,18.0,12.0,106,107,7%,6,6,7,16,17,20,11.2,16.0,9.6,22.5,23.8,10.8,3.4,14.5,4.53,12.1,16.0,3.8,13.3,4.165,17.666666666666668,6.333333333333333,14.520000000000001,12.333333333333334,12.045283018867924
35,2,Robert Covington,0.0,MIN,POR,1.5,224.5,111.5,27,29.3,34.4,47.0,SF/PF,5700,1,17.0,14.0,104,109,7%,12,10,10,33,33,29,34.4,27.3,18.4,36.3,24.4,29.0,5.1,28.5,5.0,32.4,32.0,5.7,30.45,5.35,31.666666666666668,10.666666666666666,29.369999999999997,36.9,30.77052631578947
35,3,Keita Bates-Diop,0.0,MIN,POR,1.5,224.5,111.5,27,1.3,16.7,33.3,SF/PF,3100,1,15.0,12.0,104,109,7%,4,7,6,15,20,18,16.7,13.3,4.1,22.6,24.0,26.5,8.5,11.0,3.55,13.2,17.0,4.3,12.1,3.925,17.666666666666668,5.666666666666667,13.76,17.099999999999998,11.643396226415094
35,4,Shai Gilgeous-Alexander,0.0,OKC,HOU,3.5,227.5,112.0,28,28.3,36.7,47.8,PG/SG,7100,1,24.0,17.0,106,107,7%,16,16,16,38,36,36,36.6,34.2,24.3,44.2,30.7,30.8,4.3,34.5,4.86,36.1,36.0,5.1,35.3,4.98,36.666666666666664,16.0,34.92,37.6,34.658181818181816
35,5,Josh Richardson,0.0,PHI,BOS,-2.5,216.5,109.5,6,20.5,30.8,36.0,SG/SF,5600,2,22.0,13.0,102,102,-4%,14,13,13,38,36,33,30.8,28.9,20.8,37.0,33.8,42.8,7.6,31.5,5.63,33.5,36.0,6.0,32.5,5.8149999999999995,35.666666666666664,13.333333333333334,30.0,29.099999999999998,32.80373831775701
35,6,P.J. Tucker,0.0,HOU,OKC,-3.5,227.5,115.5,14,8.3,18.2,37.8,PF/C,4100,0,9.0,10.0,101,105,0%,4,5,7,35,35,36,18.1,24.3,14.6,34.1,32.4,12.5,3.0,20.8,5.06,19.9,35.0,4.9,20.35,4.98,35.333333333333336,5.333333333333333,22.29,21.433333333333334,20.15801886792453
35,7,Al Horford,0.0,PHI,BOS,-2.5,216.5,109.5,25,14.0,19.3,24.0,PF/C,6000,2,18.0,16.0,102,102,-2%,9,9,11,34,32,31,19.3,30.1,21.1,39.1,32.3,42.0,7.0,33.3,5.54,34.8,32.0,5.8,34.05,5.67,32.333333333333336,9.666666666666666,28.729999999999997,19.099999999999998,33.69896907216494
36,0,Jarrett Culver,0.0,MIN,POR,1.5,224.5,111.5,18,18.8,32.4,41.3,PG/SG,5100,1,20.0,10.0,104,109,6%,11,14,9,28,32,23,32.3,19.5,9.0,29.9,30.0,23.0,4.5,24.5,4.8,25.1,28.5,4.9,24.8,4.85,27.666666666666668,11.333333333333334,23.099999999999998,30.833333333333332,25.54698795180723
36,1,Shai Gilgeous-Alexander,0.0,OKC,HOU,3.5,227.5,112.0,28,28.3,36.7,47.8,PG/SG,7100,1,24.0,17.0,106,107,7%,16,16,16,38,36,36,36.6,34.2,24.3,44.2,30.7,30.8,4.3,34.5,4.86,36.1,36.0,5.1,35.3,4.98,36.666666666666664,16.0,34.92,37.6,34.658181818181816
36,2,Semi Ojeleye,0.0,BOS,PHI,2.5,216.5,107.0,11,0.0,5.0,11.8,SF/PF,3000,0,8.0,6.0,102,104,-11%,3,2,2,5,8,14,5.0,6.6,1.3,12.0,20.8,1.5,0.5,6.5,2.17,0.0,0.0,0.0,3.25,1.085,9.0,2.3333333333333335,5.630000000000001,5.6000000000000005,0.0
36,3,Nassir Little,0.0,POR,MIN,-1.5,224.5,113.0,24,1.8,3.0,4.3,SF/PF,3000,1,13.0,8.0,105,107,-2%,2,1,3,4,6,13,2.7,8.7,0.2,17.1,12.0,13.3,4.4,3.8,1.25,0.0,0.0,0.0,1.9,0.625,7.666666666666667,2.0,6.119999999999999,3.033333333333333,0.0
36,4,Anfernee Simons,0.0,POR,MIN,-1.5,224.5,113.0,2,5.5,16.3,29.5,PG/SG,3800,1,19.0,10.0,105,107,0%,13,9,9,32,26,22,16.3,16.1,8.2,24.0,20.0,9.8,2.6,20.0,5.26,19.4,27.0,5.1,19.7,5.18,26.666666666666668,10.333333333333334,16.860000000000003,17.099999999999998,19.94625
36,5,Al Horford,0.0,PHI,BOS,-2.5,216.5,109.5,25,14.0,19.3,24.0,PF/C,6000,2,18.0,16.0,102,102,-2%,9,9,11,34,32,31,19.3,30.1,21.1,39.1,32.3,42.0,7.0,33.3,5.54,34.8,32.0,5.8,34.05,5.67,32.333333333333336,9.666666666666666,28.729999999999997,19.099999999999998,33.69896907216494
36,6,Ante Zizic,0.0,CLE,DET,7.0,220.5,106.8,21,0.0,14.4,35.0,C,3900,1,0.0,0.0,102,110,7%,5,3,3,20,10,10,14.3,10.3,1.2,19.3,7.3,6.8,1.7,14.8,3.78,15.2,16.0,3.9,15.0,3.84,13.333333333333334,3.6666666666666665,12.020000000000001,16.466666666666665,18.0
36,7,Steven Adams,0.0,OKC,HOU,3.5,227.5,112.0,15,29.8,38.6,49.3,C,6900,1,18.0,22.0,106,107,-3%,10,8,8,35,31,29,38.5,32.8,23.4,42.3,25.0,31.0,4.5,37.5,5.43,37.0,34.0,5.4,37.25,5.415,31.666666666666668,8.666666666666666,34.85,39.233333333333334,39.99473684210526
37,0,Darius Garland,0.0,CLE,DET,7.0,220.5,106.8,7,17.0,27.1,35.3,PG,4800,1,21.0,9.0,102,110,4%,12,12,11,36,35,29,27.1,20.1,12.3,28.0,41.5,32.5,6.8,26.0,5.42,24.6,34.5,5.1,25.3,5.26,33.333333333333336,11.666666666666666,22.56,26.46666666666667,26.1855
37,1,Marcus Smart,0.0,BOS,PHI,2.5,216.5,107.0,10,16.5,28.2,46.5,PG/SG,5300,0,18.0,13.0,102,104,-8%,12,11,11,30,32,32,27.8,27.6,19.2,36.0,30.7,34.8,6.6,23.5,4.43,24.1,30.5,4.5,23.8,4.465,31.333333333333332,11.333333333333334,26.880000000000003,30.400000000000002,23.167021276595747
37,2,Mike Muscala,0.0,OKC,HOU,3.5,227.5,112.0,11,3.3,8.2,19.5,PF/C,4000,1,16.0,8.0,106,107,4%,5,4,3,15,12,10,8.2,7.9,1.2,14.6,20.5,14.5,3.6,9.5,2.38,10.0,13.0,2.5,9.75,2.44,12.333333333333334,4.0,8.330000000000002,10.333333333333334,10.277027027027026
37,3,Mike Scott,0.0,PHI,BOS,-2.5,216.5,109.5,1,2.0,7.6,13.5,SF/PF,4000,2,13.0,10.0,102,102,-2%,4,5,5,16,17,19,7.6,12.2,5.6,18.8,25.5,14.0,3.5,14.5,3.63,16.9,23.5,4.2,15.7,3.915,17.333333333333332,4.666666666666667,11.979999999999999,7.7,21.285576923076924
37,4,Svi Mykhailiuk,0.0,DET,CLE,-7.0,220.5,113.8,10,20.0,22.8,24.8,SG/SF,4200,1,16.0,10.0,101,113,2%,10,11,6,33,31,19,22.8,13.0,5.0,21.1,29.4,5.5,1.3,20.8,4.94,23.7,32.0,5.6,22.25,5.27,27.666666666666668,9.0,16.830000000000002,22.53333333333333,25.734939759036145
37,5,Furkan Korkmaz,0.0,PHI,BOS,-2.5,216.5,109.5,6,11.8,13.1,14.5,SG/SF,3300,2,16.0,11.0,102,102,-5%,6,7,7,19,18,21,13.1,14.1,6.3,22.0,14.3,13.8,4.2,13.0,3.94,12.5,16.5,3.8,12.75,3.87,19.333333333333332,6.666666666666667,13.65,13.133333333333333,10.88146551724138
37,6,P.J. Tucker,0.0,HOU,OKC,-3.5,227.5,115.5,14,8.3,18.2,37.8,PF/C,4100,0,9.0,10.0,101,105,0%,4,5,7,35,35,36,18.1,24.3,14.6,34.1,32.4,12.5,3.0,20.8,5.06,19.9,35.0,4.9,20.35,4.98,35.333333333333336,5.333333333333333,22.29,21.433333333333334,20.15801886792453
37,7,Matisse Thybulle,0.0,PHI,BOS,-2.5,216.5,109.5,6,2.0,9.1,14.0,SG/SF,3000,2,12.0,11.0,102,102,-8%,4,3,4,15,18,18,9.1,12.4,2.9,21.9,18.8,8.8,2.9,11.3,3.75,10.8,14.5,3.6,11.05,3.675,17.0,3.6666666666666665,11.469999999999999,8.366666666666667,9.425
40,0,Damian Lillard,0.0,POR,MIN,-1.5,224.5,113.0,2,38.5,48.5,62.3,PG,8900,1,30.0,25.0,105,107,3%,17,19,20,39,37,38,48.5,47.9,38.3,57.5,29.6,38.5,4.3,48.0,5.39,46.4,37.0,5.2,47.2,5.295,38.0,18.666666666666668,47.879999999999995,49.76666666666667,45.95789473684211
40,1,Shai Gilgeous-Alexander,0.0,OKC,HOU,3.5,227.5,112.0,28,28.3,36.7,47.8,PG/SG,7100,1,24.0,17.0,106,107,7%,16,16,16,38,36,36,36.6,34.2,24.3,44.2,30.7,30.8,4.3,34.5,4.86,36.1,36.0,5.1,35.3,4.98,36.666666666666664,16.0,34.92,37.6,34.658181818181816
40,2,Jayson Tatum,0.0,BOS,PHI,2.5,216.5,107.0,11,25.8,34.1,47.3,SF/PF,6700,0,27.0,18.0,102,104,-2%,18,17,18,31,34,35,34.1,37.8,27.4,48.2,35.8,41.5,6.2,36.0,5.37,34.3,34.5,5.1,35.15,5.234999999999999,33.333333333333336,17.666666666666668,36.53,35.733333333333334,36.38025
40,3,Hamidou Diallo,0.0,OKC,HOU,3.5,227.5,112.0,12,7.3,11.2,18.5,SG/SF,3200,1,18.0,12.0,106,107,7%,6,6,7,16,17,20,11.2,16.0,9.6,22.5,23.8,10.8,3.4,14.5,4.53,12.1,16.0,3.8,13.3,4.165,17.666666666666668,6.333333333333333,14.520000000000001,12.333333333333334,12.045283018867924
40,4,Josh Okogie,0.0,MIN,POR,1.5,224.5,111.5,7,6.3,14.0,22.5,SG/SF,3300,1,16.0,10.0,104,109,-3%,4,5,6,16,19,24,14.1,17.5,9.9,25.0,25.3,23.3,7.1,11.8,3.56,14.4,20.0,4.4,13.100000000000001,3.9800000000000004,19.666666666666668,5.0,15.919999999999998,14.266666666666666,13.322033898305087
40,5,Kevin Love,0.0,CLE,DET,7.0,220.5,106.8,29,17.3,36.4,49.3,PF/C,7700,1,23.0,19.0,102,110,7%,13,13,12,33,33,31,36.4,37.1,24.8,49.5,37.9,33.8,4.4,41.0,5.32,41.5,34.5,5.4,41.25,5.36,32.333333333333336,12.666666666666666,37.81,34.333333333333336,44.01417525773196
40,6,Christian Wood,0.0,DET,CLE,-7.0,220.5,113.8,12,14.0,20.0,23.0,PF/C,4400,1,20.0,22.0,101,113,3%,7,7,6,22,23,17,20.1,18.8,7.5,30.1,14.3,7.5,1.7,24.3,5.51,22.6,20.5,5.1,23.450000000000003,5.305,20.666666666666668,6.666666666666667,19.990000000000002,19.0,23.260887096774194
40,7,Svi Mykhailiuk,0.0,DET,CLE,-7.0,220.5,113.8,10,20.0,22.8,24.8,SG/SF,4200,1,16.0,10.0,101,113,2%,10,11,6,33,31,19,22.8,13.0,5.0,21.1,29.4,5.5,1.3,20.8,4.94,23.7,32.0,5.6,22.25,5.27,27.666666666666668,9.0,16.830000000000002,22.53333333333333,25.734939759036145
41,0,Russell Westbrook,0.0,HOU,OKC,-3.5,227.5,115.5,13,39.3,46.1,52.0,PG,8400,0,34.0,18.0,101,105,-1%,22,25,22,35,37,36,46.1,49.3,38.3,60.2,34.0,41.0,4.9,46.8,5.57,48.4,36.0,5.8,47.599999999999994,5.6850000000000005,36.0,23.0,48.300000000000004,45.800000000000004,47.599999999999994
41,1,Trey Burke,0.0,PHI,BOS,-2.5,216.5,109.5,29,5.0,14.6,21.3,PG/SG,3200,2,21.0,18.0,102,102,-8%,7,6,6,16,16,16,14.6,14.7,4.8,24.6,12.4,6.8,2.1,12.8,3.98,10.9,11.0,3.4,11.850000000000001,3.69,16.0,6.333333333333333,14.11,13.633333333333335,8.146875000000001
41,2,Nassir Little,0.0,POR,MIN,-1.5,224.5,113.0,24,1.8,3.0,4.3,SF/PF,3000,1,13.0,8.0,105,107,-2%,2,1,3,4,6,13,2.7,8.7,0.2,17.1,12.0,13.3,4.4,3.8,1.25,0.0,0.0,0.0,1.9,0.625,7.666666666666667,2.0,6.119999999999999,3.033333333333333,0.0
41,3,Mike Scott,0.0,PHI,BOS,-2.5,216.5,109.5,1,2.0,7.6,13.5,SF/PF,4000,2,13.0,10.0,102,102,-2%,4,5,5,16,17,19,7.6,12.2,5.6,18.8,25.5,14.0,3.5,14.5,3.63,16.9,23.5,4.2,15.7,3.915,17.333333333333332,4.666666666666667,11.979999999999999,7.7,21.285576923076924
41,4,Gary Trent Jr.,0.0,POR,MIN,-1.5,224.5,113.0,23,5.5,8.9,18.8,SG,3100,1,14.0,9.0,105,107,0%,5,6,4,15,17,12,8.8,7.3,1.4,13.1,24.8,24.5,7.9,10.5,3.39,9.4,15.0,3.0,9.95,3.1950000000000003,14.666666666666666,5.0,8.11,11.066666666666668,10.176136363636363
41,5,Josh Okogie,0.0,MIN,POR,1.5,224.5,111.5,7,6.3,14.0,22.5,SG/SF,3300,1,16.0,10.0,104,109,-3%,4,5,6,16,19,24,14.1,17.5,9.9,25.0,25.3,23.3,7.1,11.8,3.56,14.4,20.0,4.4,13.100000000000001,3.9800000000000004,19.666666666666668,5.0,15.919999999999998,14.266666666666666,13.322033898305087
41,6,Clint Capela,0.0,HOU,OKC,-3.5,227.5,115.5,12,28.8,44.5,59.5,C,7500,0,15.0,21.0,101,105,2%,15,13,10,37,35,34,44.5,41.5,30.2,52.8,28.9,25.3,3.4,39.3,5.23,40.6,35.5,5.4,39.95,5.315,35.333333333333336,12.666666666666666,41.79,44.26666666666667,40.13844339622642
41,7,Daniel Theis,0.0,BOS,PHI,2.5,216.5,107.0,2,14.5,22.7,29.5,PF/C,4000,0,14.0,15.0,102,104,-11%,8,9,6,21,23,23,22.7,21.9,14.9,28.8,26.6,20.8,5.2,19.8,4.94,19.2,22.5,4.8,19.5,4.87,22.333333333333332,7.666666666666667,21.56,22.233333333333334,19.645522388059703
42,0,Russell Westbrook,0.0,HOU,OKC,-3.5,227.5,115.5,13,39.3,46.1,52.0,PG,8400,0,34.0,18.0,101,105,-1%,22,25,22,35,37,36,46.1,49.3,38.3,60.2,34.0,41.0,4.9,46.8,5.57,48.4,36.0,5.8,47.599999999999994,5.6850000000000005,36.0,23.0,48.300000000000004,45.800000000000004,47.599999999999994
42,1,Anfernee Simons,0.0,POR,MIN,-1.5,224.5,113.0,2,5.5,16.3,29.5,PG/SG,3800,1,19.0,10.0,105,107,0%,13,9,9,32,26,22,16.3,16.1,8.2,24.0,20.0,9.8,2.6,20.0,5.26,19.4,27.0,5.1,19.7,5.18,26.666666666666668,10.333333333333334,16.860000000000003,17.099999999999998,19.94625
42,2,Carmelo Anthony,0.0,POR,MIN,-1.5,224.5,113.0,24,17.5,29.3,44.3,SF/PF,6600,1,22.0,14.0,105,107,-2%,14,14,15,37,34,33,29.3,29.9,20.0,39.7,23.9,10.5,1.6,31.5,4.77,31.7,34.5,4.8,31.6,4.785,34.666666666666664,14.333333333333334,30.1,30.366666666666664,31.448076923076925
42,3,Sekou Doumbouya,0.0,DET,CLE,-7.0,220.5,113.8,20,0.0,21.9,40.0,SF/PF,5800,1,0.0,0.0,101,113,3%,11,8,5,34,27,14,21.9,11.4,-2.4,25.1,19.7,13.3,2.3,27.3,4.7,27.9,33.0,4.8,27.6,4.75,25.0,8.0,16.72,20.633333333333333,36.432
42,4,Furkan Korkmaz,0.0,PHI,BOS,-2.5,216.5,109.5,6,11.8,13.1,14.5,SG/SF,3300,2,16.0,11.0,102,102,-5%,6,7,7,19,18,21,13.1,14.1,6.3,22.0,14.3,13.8,4.2,13.0,3.94,12.5,16.5,3.8,12.75,3.87,19.333333333333332,6.666666666666667,13.65,13.133333333333333,10.88146551724138
42,5,Bruce Brown,0.0,DET,CLE,-7.0,220.5,113.8,26,21.5,25.7,29.0,PG/SF,5000,1,17.0,12.0,101,113,11%,9,9,8,27,30,28,25.7,23.2,13.2,33.1,37.8,46.5,9.3,24.5,4.9,25.8,28.5,5.2,25.15,5.050000000000001,28.333333333333332,8.666666666666666,24.07,25.400000000000002,25.297941176470587
42,6,Andre Drummond,0.0,DET,CLE,-7.0,220.5,113.8,24,32.5,47.9,61.5,C,10200,1,24.0,22.0,101,113,3%,13,13,14,40,34,34,47.9,48.8,36.6,61.0,49.0,62.3,6.1,53.3,5.22,57.9,36.5,5.7,55.599999999999994,5.46,36.0,13.333333333333334,49.98,47.300000000000004,56.37222222222222
42,7,Jayson Tatum,0.0,BOS,PHI,2.5,216.5,107.0,11,25.8,34.1,47.3,SF/PF,6700,0,27.0,18.0,102,104,-2%,18,17,18,31,34,35,34.1,37.8,27.4,48.2,35.8,41.5,6.2,36.0,5.37,34.3,34.5,5.1,35.15,5.234999999999999,33.333333333333336,17.666666666666668,36.53,35.733333333333334,36.38025
43,0,Shai Gilgeous-Alexander,0.0,OKC,HOU,3.5,227.5,112.0,28,28.3,36.7,47.8,PG/SG,7100,1,24.0,17.0,106,107,7%,16,16,16,38,36,36,36.6,34.2,24.3,44.2,30.7,30.8,4.3,34.5,4.86,36.1,36.0,5.1,35.3,4.98,36.666666666666664,16.0,34.92,37.6,34.658181818181816
43,1,Josh Richardson,0.0,PHI,BOS,-2.5,216.5,109.5,6,20.5,30.8,36.0,SG/SF,5600,2,22.0,13.0,102,102,-4%,14,13,13,38,36,33,30.8,28.9,20.8,37.0,33.8,42.8,7.6,31.5,5.63,33.5,36.0,6.0,32.5,5.8149999999999995,35.666666666666664,13.333333333333334,30.0,29.099999999999998,32.80373831775701
43,2,Sekou Doumbouya,0.0,DET,CLE,-7.0,220.5,113.8,20,0.0,21.9,40.0,SF/PF,5800,1,0.0,0.0,101,113,3%,11,8,5,34,27,14,21.9,11.4,-2.4,25.1,19.7,13.3,2.3,27.3,4.7,27.9,33.0,4.8,27.6,4.75,25.0,8.0,16.72,20.633333333333333,36.432
43,3,Nassir Little,0.0,POR,MIN,-1.5,224.5,113.0,24,1.8,3.0,4.3,SF/PF,3000,1,13.0,8.0,105,107,-2%,2,1,3,4,6,13,2.7,8.7,0.2,17.1,12.0,13.3,4.4,3.8,1.25,0.0,0.0,0.0,1.9,0.625,7.666666666666667,2.0,6.119999999999999,3.033333333333333,0.0
43,4,Bruce Brown,0.0,DET,CLE,-7.0,220.5,113.8,26,21.5,25.7,29.0,PG/SF,5000,1,17.0,12.0,101,113,11%,9,9,8,27,30,28,25.7,23.2,13.2,33.1,37.8,46.5,9.3,24.5,4.9,25.8,28.5,5.2,25.15,5.050000000000001,28.333333333333332,8.666666666666666,24.07,25.400000000000002,25.297941176470587
43,5,James Ennis III,0.0,PHI,BOS,-2.5,216.5,109.5,1,4.5,11.2,19.5,SF/PF,3700,2,15.0,13.0,102,102,-4%,6,6,5,22,19,18,11.2,14.2,6.9,21.4,16.6,15.0,4.1,13.8,3.72,14.4,17.5,3.9,14.100000000000001,3.81,19.666666666666668,5.666666666666667,13.559999999999999,11.733333333333334,12.546610169491526
43,6,Kevin Love,0.0,CLE,DET,7.0,220.5,106.8,29,17.3,36.4,49.3,PF/C,7700,1,23.0,19.0,102,110,7%,13,13,12,33,33,31,36.4,37.1,24.8,49.5,37.9,33.8,4.4,41.0,5.32,41.5,34.5,5.4,41.25,5.36,32.333333333333336,12.666666666666666,37.81,34.333333333333336,44.01417525773196
43,7,Chris Paul,0.0,OKC,HOU,3.5,227.5,112.0,28,25.0,36.7,44.5,PG,7400,1,23.0,21.0,106,107,0%,16,14,12,35,34,32,36.7,36.5,27.3,45.7,27.6,42.0,5.7,39.8,5.37,38.6,32.5,5.2,39.2,5.285,33.666666666666664,14.0,37.080000000000005,35.4,37.84158415841585
44,0,Jeff Teague,0.0,MIN,POR,1.5,224.5,111.5,18,15.3,23.2,30.5,PG,5200,1,22.0,17.0,104,109,6%,9,11,10,23,26,29,23.2,28.5,17.7,39.2,24.5,26.3,5.1,24.8,4.76,27.8,25.5,5.3,26.3,5.029999999999999,26.0,10.0,26.98,23.0,25.79423076923077
44,1,Deonte Burton,0.0,OKC,HOU,3.5,227.5,112.0,12,-0.5,5.8,16.8,SG/SF,3300,1,0.0,0.0,106,107,0%,4,3,3,9,10,9,5.4,5.3,-0.4,10.9,4.1,4.0,1.2,6.0,1.82,0.0,0.0,0.0,3.0,0.91,9.333333333333334,3.3333333333333335,4.840000000000001,7.366666666666667,0.0
44,2,Carmelo Anthony,0.0,POR,MIN,-1.5,224.5,113.0,24,17.5,29.3,44.3,SF/PF,6600,1,22.0,14.0,105,107,-2%,14,14,15,37,34,33,29.3,29.9,20.0,39.7,23.9,10.5,1.6,31.5,4.77,31.7,34.5,4.8,31.6,4.785,34.666666666666664,14.333333333333334,30.1,30.366666666666664,31.448076923076925
44,3,Terrance Ferguson,0.0,OKC,HOU,3.5,227.5,112.0,12,1.3,9.4,16.8,SG/SF,3600,1,9.0,4.0,106,107,7%,6,5,5,30,27,28,9.3,11.0,5.1,16.8,22.2,13.8,3.8,12.0,3.33,11.5,26.0,3.2,11.75,3.265,28.333333333333332,5.333333333333333,10.790000000000001,9.166666666666666,10.782352941176471
44,4,Chris Paul,0.0,OKC,HOU,3.5,227.5,112.0,28,25.0,36.7,44.5,PG,7400,1,23.0,21.0,106,107,0%,16,14,12,35,34,32,36.7,36.5,27.3,45.7,27.6,42.0,5.7,39.8,5.37,38.6,32.5,5.2,39.2,5.285,33.666666666666664,14.0,37.080000000000005,35.4,37.84158415841585
44,5,Abdel Nader,0.0,OKC,HOU,3.5,227.5,112.0,7,0.0,5.9,12.5,SF,3300,1,16.0,11.0,106,107,9%,3,2,5,9,6,16,4.0,10.5,3.1,17.9,12.8,7.8,2.4,10.3,3.11,0.0,0.0,0.0,5.15,1.555,10.333333333333334,3.3333333333333335,8.129999999999999,6.133333333333333,0.0
44,6,Al Horford,0.0,PHI,BOS,-2.5,216.5,109.5,25,14.0,19.3,24.0,PF/C,6000,2,18.0,16.0,102,102,-2%,9,9,11,34,32,31,19.3,30.1,21.1,39.1,32.3,42.0,7.0,33.3,5.54,34.8,32.0,5.8,34.05,5.67,32.333333333333336,9.666666666666666,28.729999999999997,19.099999999999998,33.69896907216494
44,7,James Harden,0.0,HOU,OKC,-3.5,227.5,115.5,13,54.8,70.0,81.8,PG/SG,12200,0,38.0,32.0,101,105,-1%,29,24,25,40,38,38,70.6,64.6,52.1,77.2,26.6,27.8,2.3,61.3,5.02,58.8,37.5,4.8,60.05,4.91,38.666666666666664,26.0,64.91,68.86666666666666,58.23814655172414
45,0,Marcus Smart,0.0,BOS,PHI,2.5,216.5,107.0,10,16.5,28.2,46.5,PG/SG,5300,0,18.0,13.0,102,104,-8%,12,11,11,30,32,32,27.8,27.6,19.2,36.0,30.7,34.8,6.6,23.5,4.43,24.1,30.5,4.5,23.8,4.465,31.333333333333332,11.333333333333334,26.880000000000003,30.400000000000002,23.167021276595747
45,1,Deonte Burton,0.0,OKC,HOU,3.5,227.5,112.0,12,-0.5,5.8,16.8,SG/SF,3300,1,0.0,0.0,106,107,0%,4,3,3,9,10,9,5.4,5.3,-0.4,10.9,4.1,4.0,1.2,6.0,1.82,0.0,0.0,0.0,3.0,0.91,9.333333333333334,3.3333333333333335,4.840000000000001,7.366666666666667,0.0
45,2,Mario Hezonja,0.0,POR,MIN,-1.5,224.5,113.0,24,3.3,10.3,20.8,SF/PF,3100,1,14.0,9.0,105,107,0%,5,4,4,16,13,17,10.3,12.2,4.2,20.3,9.9,15.0,4.8,13.5,4.35,9.1,12.5,2.9,11.3,3.625,15.333333333333334,4.333333333333333,11.66,11.466666666666669,9.21195652173913
45,3,Tony Snell,0.0,DET,CLE,-7.0,220.5,113.8,20,2.8,13.6,28.0,SF/PF,4500,1,12.0,10.0,101,113,11%,7,6,7,26,25,27,14.7,15.0,8.3,21.7,35.6,17.3,3.8,19.0,4.22,17.1,27.0,3.8,18.05,4.01,26.0,6.666666666666667,15.55,14.799999999999999,18.744230769230768
45,4,Jeff Teague,0.0,MIN,POR,1.5,224.5,111.5,18,15.3,23.2,30.5,PG,5200,1,22.0,17.0,104,109,6%,9,11,10,23,26,29,23.2,28.5,17.7,39.2,24.5,26.3,5.1,24.8,4.76,27.8,25.5,5.3,26.3,5.029999999999999,26.0,10.0,26.98,23.0,25.79423076923077
45,5,Sekou Doumbouya,0.0,DET,CLE,-7.0,220.5,113.8,20,0.0,21.9,40.0,SF/PF,5800,1,0.0,0.0,101,113,3%,11,8,5,34,27,14,21.9,11.4,-2.4,25.1,19.7,13.3,2.3,27.3,4.7,27.9,33.0,4.8,27.6,4.75,25.0,8.0,16.72,20.633333333333333,36.432
45,6,Daniel Theis,0.0,BOS,PHI,2.5,216.5,107.0,2,14.5,22.7,29.5,PF/C,4000,0,14.0,15.0,102,104,-11%,8,9,6,21,23,23,22.7,21.9,14.9,28.8,26.6,20.8,5.2,19.8,4.94,19.2,22.5,4.8,19.5,4.87,22.333333333333332,7.666666666666667,21.56,22.233333333333334,19.645522388059703
45,7,Isaiah Hartenstein,0.0,HOU,OKC,-3.5,227.5,115.5,14,4.0,22.4,39.3,PF/C,3300,0,0.0,0.0,101,105,-11%,2,6,3,8,18,14,22.4,13.9,0.8,26.9,12.0,12.0,3.6,11.0,3.33,10.5,11.0,3.2,10.75,3.265,13.333333333333334,3.6666666666666665,14.95,21.899999999999995,8.868749999999999
46,0,Bruce Brown,0.0,DET,CLE,-7.0,220.5,113.8,26,21.5,25.7,29.0,PG/SF,5000,1,17.0,12.0,101,113,11%,9,9,8,27,30,28,25.7,23.2,13.2,33.1,37.8,46.5,9.3,24.5,4.9,25.8,28.5,5.2,25.15,5.050000000000001,28.333333333333332,8.666666666666666,24.07,25.400000000000002,25.297941176470587
46,1,Marcus Smart,0.0,BOS,PHI,2.5,216.5,107.0,10,16.5,28.2,46.5,PG/SG,5300,0,18.0,13.0,102,104,-8%,12,11,11,30,32,32,27.8,27.6,19.2,36.0,30.7,34.8,6.6,23.5,4.43,24.1,30.5,4.5,23.8,4.465,31.333333333333332,11.333333333333334,26.880000000000003,30.400000000000002,23.167021276595747
46,2,Anthony Tolliver,0.0,POR,MIN,-1.5,224.5,113.0,27,3.5,7.8,12.5,PF/C,3100,1,11.0,6.0,105,107,-2%,2,2,3,14,15,16,7.8,9.3,2.2,16.3,21.0,12.5,4.0,9.5,3.06,9.7,16.0,3.1,9.6,3.08,15.0,2.3333333333333335,9.040000000000003,7.933333333333334,10.24
46,3,James Ennis III,0.0,PHI,BOS,-2.5,216.5,109.5,1,4.5,11.2,19.5,SF/PF,3700,2,15.0,13.0,102,102,-4%,6,6,5,22,19,18,11.2,14.2,6.9,21.4,16.6,15.0,4.1,13.8,3.72,14.4,17.5,3.9,14.100000000000001,3.81,19.666666666666668,5.666666666666667,13.559999999999999,11.733333333333334,12.546610169491526
46,4,Austin Rivers,0.0,HOU,OKC,-3.5,227.5,115.5,13,1.5,13.1,22.3,PG/SG,3800,0,15.0,10.0,101,105,-1%,4,7,7,18,21,23,14.9,15.4,7.3,23.5,26.8,10.3,2.7,7.0,1.84,11.7,19.0,3.1,9.35,2.47,20.666666666666668,6.0,14.089999999999998,12.299999999999999,8.595967741935484
46,5,Keita Bates-Diop,0.0,MIN,POR,1.5,224.5,111.5,27,1.3,16.7,33.3,SF/PF,3100,1,15.0,12.0,104,109,7%,4,7,6,15,20,18,16.7,13.3,4.1,22.6,24.0,26.5,8.5,11.0,3.55,13.2,17.0,4.3,12.1,3.925,17.666666666666668,5.666666666666667,13.76,17.099999999999998,11.643396226415094
46,6,Kevin Love,0.0,CLE,DET,7.0,220.5,106.8,29,17.3,36.4,49.3,PF/C,7700,1,23.0,19.0,102,110,7%,13,13,12,33,33,31,36.4,37.1,24.8,49.5,37.9,33.8,4.4,41.0,5.32,41.5,34.5,5.4,41.25,5.36,32.333333333333336,12.666666666666666,37.81,34.333333333333336,44.01417525773196
46,7,Shai Gilgeous-Alexander,0.0,OKC,HOU,3.5,227.5,112.0,28,28.3,36.7,47.8,PG/SG,7100,1,24.0,17.0,106,107,7%,16,16,16,38,36,36,36.6,34.2,24.3,44.2,30.7,30.8,4.3,34.5,4.86,36.1,36.0,5.1,35.3,4.98,36.666666666666664,16.0,34.92,37.6,34.658181818181816
47,0,Kemba Walker,0.0,BOS,PHI,2.5,216.5,107.0,10,14.8,31.9,46.5,PG,6500,0,29.0,22.0,102,104,-8%,21,18,18,35,32,33,35.3,40.0,28.8,51.1,32.7,36.5,5.6,32.5,5.0,33.0,30.0,5.1,32.75,5.05,33.333333333333336,19.0,37.59,31.066666666666666,29.474999999999998
47,1,Trey Burke,0.0,PHI,BOS,-2.5,216.5,109.5,29,5.0,14.6,21.3,PG/SG,3200,2,21.0,18.0,102,102,-8%,7,6,6,16,16,16,14.6,14.7,4.8,24.6,12.4,6.8,2.1,12.8,3.98,10.9,11.0,3.4,11.850000000000001,3.69,16.0,6.333333333333333,14.11,13.633333333333335,8.146875000000001
47,2,Mike Muscala,0.0,OKC,HOU,3.5,227.5,112.0,11,3.3,8.2,19.5,PF/C,4000,1,16.0,8.0,106,107,4%,5,4,3,15,12,10,8.2,7.9,1.2,14.6,20.5,14.5,3.6,9.5,2.38,10.0,13.0,2.5,9.75,2.44,12.333333333333334,4.0,8.330000000000002,10.333333333333334,10.277027027027026
47,3,Ben Simmons,0.0,PHI,BOS,-2.5,216.5,109.5,29,35.5,50.7,77.3,PG/SF,9000,2,22.0,20.0,102,102,-8%,16,13,11,40,39,36,51.0,43.3,32.8,53.8,38.7,35.3,3.9,44.3,4.92,47.6,36.5,5.3,45.95,5.109999999999999,38.333333333333336,13.333333333333334,45.36999999999999,54.5,43.752391304347825
47,4,Austin Rivers,0.0,HOU,OKC,-3.5,227.5,115.5,13,1.5,13.1,22.3,PG/SG,3800,0,15.0,10.0,101,105,-1%,4,7,7,18,21,23,14.9,15.4,7.3,23.5,26.8,10.3,2.7,7.0,1.84,11.7,19.0,3.1,9.35,2.47,20.666666666666668,6.0,14.089999999999998,12.299999999999999,8.595967741935484
47,5,Danuel House Jr.,0.0,HOU,OKC,-3.5,227.5,115.5,14,10.0,18.9,33.5,SF/PF,4200,0,14.0,12.0,101,105,-11%,5,10,9,33,34,32,18.9,21.9,13.6,30.2,28.7,5.5,1.3,19.5,4.64,21.0,32.5,5.0,20.25,4.82,33.0,8.0,20.97,20.8,19.94318181818182
47,6,Thon Maker,0.0,DET,CLE,-7.0,220.5,113.8,12,3.0,7.9,19.8,PF/C,3000,1,14.0,12.0,101,113,3%,3,3,2,10,11,11,7.9,8.2,1.9,14.5,25.1,23.5,7.8,10.5,3.5,9.5,11.5,3.2,10.0,3.35,10.666666666666666,2.6666666666666665,8.5,10.233333333333334,10.78125
47,7,Darius Garland,0.0,CLE,DET,7.0,220.5,106.8,7,17.0,27.1,35.3,PG,4800,1,21.0,9.0,102,110,4%,12,12,11,36,35,29,27.1,20.1,12.3,28.0,41.5,32.5,6.8,26.0,5.42,24.6,34.5,5.1,25.3,5.26,33.333333333333336,11.666666666666666,22.56,26.46666666666667,26.1855
48,0,Chris Paul,0.0,OKC,HOU,3.5,227.5,112.0,28,25.0,36.7,44.5,PG,7400,1,23.0,21.0,106,107,0%,16,14,12,35,34,32,36.7,36.5,27.3,45.7,27.6,42.0,5.7,39.8,5.37,38.6,32.5,5.2,39.2,5.285,33.666666666666664,14.0,37.080000000000005,35.4,37.84158415841585
48,1,CJ McCollum,0.0,POR,MIN,-1.5,224.5,113.0,2,26.5,32.5,40.0,PG/SG,6800,1,26.0,17.0,105,107,0%,19,18,20,35,36,37,32.5,36.7,25.4,48.0,24.5,20.5,3.0,35.5,5.22,35.4,36.0,5.2,35.45,5.21,36.0,19.0,35.61,33.0,35.45
48,2,Carmelo Anthony,0.0,POR,MIN,-1.5,224.5,113.0,24,17.5,29.3,44.3,SF/PF,6600,1,22.0,14.0,105,107,-2%,14,14,15,37,34,33,29.3,29.9,20.0,39.7,23.9,10.5,1.6,31.5,4.77,31.7,34.5,4.8,31.6,4.785,34.666666666666664,14.333333333333334,30.1,30.366666666666664,31.448076923076925
48,3,Terrance Ferguson,0.0,OKC,HOU,3.5,227.5,112.0,12,1.3,9.4,16.8,SG/SF,3600,1,9.0,4.0,106,107,7%,6,5,5,30,27,28,9.3,11.0,5.1,16.8,22.2,13.8,3.8,12.0,3.33,11.5,26.0,3.2,11.75,3.265,28.333333333333332,5.333333333333333,10.790000000000001,9.166666666666666,10.782352941176471
48,4,Jeff Teague,0.0,MIN,POR,1.5,224.5,111.5,18,15.3,23.2,30.5,PG,5200,1,22.0,17.0,104,109,6%,9,11,10,23,26,29,23.2,28.5,17.7,39.2,24.5,26.3,5.1,24.8,4.76,27.8,25.5,5.3,26.3,5.029999999999999,26.0,10.0,26.98,23.0,25.79423076923077
48,5,Svi Mykhailiuk,0.0,DET,CLE,-7.0,220.5,113.8,10,20.0,22.8,24.8,SG/SF,4200,1,16.0,10.0,101,113,2%,10,11,6,33,31,19,22.8,13.0,5.0,21.1,29.4,5.5,1.3,20.8,4.94,23.7,32.0,5.6,22.25,5.27,27.666666666666668,9.0,16.830000000000002,22.53333333333333,25.734939759036145
48,6,Thon Maker,0.0,DET,CLE,-7.0,220.5,113.8,12,3.0,7.9,19.8,PF/C,3000,1,14.0,12.0,101,113,3%,3,3,2,10,11,11,7.9,8.2,1.9,14.5,25.1,23.5,7.8,10.5,3.5,9.5,11.5,3.2,10.0,3.35,10.666666666666666,2.6666666666666665,8.5,10.233333333333334,10.78125
48,7,Grant Williams,0.0,BOS,PHI,2.5,216.5,107.0,11,2.5,11.4,20.0,SF/PF,3200,0,12.0,7.0,102,104,-11%,2,3,3,22,17,16,11.4,9.3,2.7,15.8,6.6,4.0,1.3,8.3,2.58,9.3,15.0,2.9,8.8,2.74,18.333333333333332,2.6666666666666665,9.6,11.299999999999999,7.200000000000001
49,0,Trey Burke,0.0,PHI,BOS,-2.5,216.5,109.5,29,5.0,14.6,21.3,PG/SG,3200,2,21.0,18.0,102,102,-8%,7,6,6,16,16,16,14.6,14.7,4.8,24.6,12.4,6.8,2.1,12.8,3.98,10.9,11.0,3.4,11.850000000000001,3.69,16.0,6.333333333333333,14.11,13.633333333333335,8.146875000000001
49,1,Marcus Smart,0.0,BOS,PHI,2.5,216.5,107.0,10,16.5,28.2,46.5,PG/SG,5300,0,18.0,13.0,102,104,-8%,12,11,11,30,32,32,27.8,27.6,19.2,36.0,30.7,34.8,6.6,23.5,4.43,24.1,30.5,4.5,23.8,4.465,31.333333333333332,11.333333333333334,26.880000000000003,30.400000000000002,23.167021276595747
49,2,Tobias Harris,0.0,PHI,BOS,-2.5,216.5,109.5,1,15.0,29.4,44.3,SF/PF,7300,2,23.0,17.0,102,102,-4%,17,18,16,39,37,35,37.4,36.0,26.8,45.3,34.9,33.8,4.6,35.0,4.79,38.9,35.0,5.3,36.95,5.045,37.0,17.0,36.489999999999995,29.566666666666663,34.95270270270271
49,3,Gordon Hayward,0.0,BOS,PHI,2.5,216.5,107.0,11,30.0,34.9,44.5,SF/PF,6600,0,22.0,20.0,102,104,-2%,13,14,13,34,35,33,34.9,34.3,23.8,44.8,36.0,12.5,1.9,32.5,4.92,30.7,32.5,4.7,31.6,4.8100000000000005,34.0,13.333333333333334,33.879999999999995,36.46666666666667,30.205882352941178
49,4,Brandon Knight,0.0,CLE,DET,7.0,220.5,106.8,7,5.0,12.8,25.5,PG/SG,4600,1,0.0,0.0,102,110,4%,9,5,5,24,13,12,10.4,10.3,1.7,19.0,24.1,12.5,2.7,16.5,3.59,13.8,17.5,3.0,15.15,3.295,16.333333333333332,6.333333333333333,11.31,14.433333333333332,16.23214285714286
49,5,Christian Wood,0.0,DET,CLE,-7.0,220.5,113.8,12,14.0,20.0,23.0,PF/C,4400,1,20.0,22.0,101,113,3%,7,7,6,22,23,17,20.1,18.8,7.5,30.1,14.3,7.5,1.7,24.3,5.51,22.6,20.5,5.1,23.450000000000003,5.305,20.666666666666668,6.666666666666667,19.990000000000002,19.0,23.260887096774194
49,6,Isaiah Hartenstein,0.0,HOU,OKC,-3.5,227.5,115.5,14,4.0,22.4,39.3,PF/C,3300,0,0.0,0.0,101,105,-11%,2,6,3,8,18,14,22.4,13.9,0.8,26.9,12.0,12.0,3.6,11.0,3.33,10.5,11.0,3.2,10.75,3.265,13.333333333333334,3.6666666666666665,14.95,21.899999999999995,8.868749999999999
49,7,Derrick Rose,0.0,DET,CLE,-7.0,220.5,113.8,26,25.0,33.0,43.3,PG/SG,6500,1,33.0,22.0,101,113,6%,20,18,15,30,28,25,33.0,31.1,23.2,39.1,35.7,40.3,6.2,34.8,5.35,38.6,28.5,5.9,36.7,5.625,27.666666666666668,17.666666666666668,32.62,33.766666666666666,37.80542168674699
