Lineup Num,,Player Name,injury_status,team,opp,spread,over_under,implied_team_score,L5_dvp_rank,L5_ppg_floor,L5_ppg_avg,L5_ppg_max,Pos,Salary,Rest,USG,PER,Opp Pace,Opp DEff,Opp DvP,L2 FGA,L5 FGA,S FGA,L2 Min,L5 Min,S Min,L5 FP,S FP,Floor FP,Ceil FP,Actual Min,Actual FP,Actual Val,FantasyFuelPPGProj,FantasyFuelValueProj,DFN_PPGProj,DFN_MinProj,DFN_ValueProj,Avg Proj,Avg Value Proj,Avg Skewed Min,Avg Skewed FGA,Avg Skewed FP,Avg L5 PPG,Proj Min Enhanced
0,0,James Harden,0.0,HOU,LAL,-3.0,235.5,119.3,15,27.8,53.6,79.5,PG/SG,11200,2.0,38.0,31.0,103,102,-2%,25,25,25,38,38,38,63.5,63.8,50.8,76.8,39.2,52.0,4.6,55.5,4.96,60.3,36.5,5.4,57.9,5.18,38.0,25.0,62.55999999999999,53.63333333333333,55.61447368421052
0,1,Alec Burks,0.0,GS,ORL,6.0,214.0,104.0,10,19.5,30.1,38.8,PG/SG,5100,1.0,24.0,16.0,101,104,0%,14,14,13,31,29,30,30.1,30.0,19.5,40.5,32.0,24.5,4.8,29.8,5.83,31.2,32.0,6.1,30.5,5.965,30.0,13.666666666666666,30.119999999999997,29.46666666666667,32.53333333333333
0,2,Mario Hezonja,0.0,POR,OKC,7.0,215.0,104.0,8,4.3,12.4,20.8,SF/PF,3000,0.0,14.0,9.0,101,106,-8%,3,4,4,15,14,16,12.3,12.0,4.2,19.8,28.5,14.5,4.8,18.8,6.25,19.0,27.0,6.3,18.9,6.275,15.0,3.6666666666666665,13.440000000000001,12.5,34.02
0,3,Gordon Hayward,0.0,BOS,PHO,-6.0,222.0,114.0,4,12.5,25.8,38.8,SF/PF,6000,1.0,21.0,18.0,104,108,3%,13,12,13,32,32,32,25.8,32.5,21.4,43.5,41.1,44.8,7.5,39.5,6.58,37.3,34.5,6.2,38.4,6.390000000000001,32.0,12.666666666666666,32.32,25.7,41.4
0,4,Ky Bowman,0.0,GS,ORL,6.0,214.0,104.0,10,6.5,13.5,17.5,PG,3000,1.0,18.0,10.0,101,104,-2%,7,7,7,21,21,23,13.5,17.1,6.5,27.7,16.6,4.0,1.3,16.5,5.5,13.8,18.0,4.6,15.15,5.05,21.666666666666668,7.0,15.99,12.5,12.586153846153845
0,5,Danuel House Jr.,0.0,HOU,LAL,-3.0,235.5,119.3,7,5.5,11.7,22.3,SF/PF,3700,2.0,13.0,11.0,103,102,-7%,5,5,8,24,29,31,11.7,20.6,11.8,29.5,23.2,17.5,4.7,16.8,4.53,16.6,25.0,4.5,16.700000000000003,4.515000000000001,28.0,6.0,18.06,13.166666666666666,14.910714285714288
0,6,Norvel Pelle,0.0,PHI,NY,-4.0,217.0,110.5,18,8.5,13.1,16.5,C,3000,0.0,0.0,0.0,102,112,-2%,3,3,2,13,13,11,12.7,10.4,3.3,17.4,15.2,12.0,4.0,5.5,1.83,11.5,12.0,3.8,8.5,2.815,12.333333333333334,2.6666666666666665,10.459999999999999,12.700000000000001,8.27027027027027
0,7,Collin Sexton,0.0,CLE,CHI,6.5,213.0,103.3,2,24.8,33.4,42.0,PG/SG,6200,0.0,27.0,15.0,102,105,-14%,22,19,16,33,35,32,33.4,28.2,21.3,35.0,33.6,37.8,6.1,27.3,4.4,29.4,33.5,4.7,28.35,4.550000000000001,33.333333333333336,19.0,29.25,33.4,28.49175
2,0,Quinn Cook,0.0,LAL,HOU,3.0,235.5,116.3,27,5.0,16.0,32.0,PG,3300,2.0,20.0,11.0,106,107,2%,11,7,5,23,14,13,15.9,10.0,0.6,19.4,4.7,7.3,2.2,13.8,4.17,15.0,17.0,4.5,14.4,4.335,16.666666666666668,7.666666666666667,12.059999999999999,17.666666666666668,14.688
2,1,Jordan Poole,0.0,GS,ORL,6.0,214.0,104.0,18,6.8,16.8,28.0,SG,3400,1.0,20.0,5.0,101,104,-2%,11,8,8,20,19,21,16.8,14.3,6.5,22.0,27.8,30.8,9.1,19.5,5.74,16.2,22.0,4.8,17.85,5.27,20.0,9.0,15.49,17.2,19.635
2,2,OG Anunoby,0.0,TOR,MIN,-5.0,222.5,113.8,24,17.3,29.1,41.8,SF/PF,5200,0.0,15.0,13.0,105,107,5%,13,11,9,32,32,31,29.1,26.2,15.6,36.9,24.2,5.3,1.0,22.3,4.28,24.0,28.0,4.6,23.15,4.4399999999999995,31.666666666666668,11.0,26.189999999999998,29.400000000000002,20.469473684210524
2,3,Patrick McCaw,0.0,TOR,MIN,-5.0,222.5,113.8,22,7.0,18.4,38.8,PG/SF,3700,0.0,12.0,8.0,105,107,3%,4,6,6,24,29,28,18.4,16.2,5.9,26.5,21.6,11.3,3.1,8.5,2.3,9.7,16.0,2.6,9.1,2.45,27.0,5.333333333333333,15.219999999999999,21.399999999999995,5.392592592592592
2,4,Donovan Mitchell,0.0,UTA,SAC,-9.0,223.0,116.0,14,14.3,35.5,62.5,PG/SG,7600,1.0,30.0,20.0,100,108,7%,27,21,21,39,37,36,42.0,40.6,31.7,49.6,31.8,30.5,4.0,36.5,4.8,41.3,34.5,5.4,38.9,5.1,37.333333333333336,23.0,40.559999999999995,37.43333333333333,35.94776785714286
2,5,Bruce Brown,0.0,DET,ATL,-1.5,229.5,115.5,25,16.3,27.5,46.5,PG/SF,5100,2.0,17.0,12.0,106,110,5%,8,10,8,22,29,28,27.4,23.6,13.4,33.8,20.6,8.8,1.7,24.8,4.85,23.2,26.5,4.5,24.0,4.675,26.333333333333332,8.666666666666666,24.44,30.099999999999998,24.151898734177216
2,6,Al Horford,0.0,PHI,NY,-4.0,217.0,110.5,12,31.0,37.6,42.0,PF/C,7200,0.0,19.0,16.0,102,112,9%,14,13,12,33,33,31,38.0,31.1,22.3,40.0,32.9,18.3,2.5,35.5,4.93,35.6,32.0,4.9,35.55,4.915,32.333333333333336,13.0,33.39,36.86666666666667,35.18350515463917
2,7,Dario Saric,0.0,PHO,BOS,6.0,222.0,108.0,10,10.3,14.9,25.0,SF/PF,4500,1.0,17.0,12.0,102,103,1%,8,6,9,24,22,26,14.8,23.5,11.5,35.5,37.1,35.3,7.8,20.5,4.56,21.6,27.5,4.8,21.05,4.68,24.0,7.666666666666667,21.27,16.733333333333334,24.119791666666668
3,0,Langston Galloway,0.0,DET,ATL,-1.5,229.5,115.5,25,2.5,9.0,16.3,PG/SG,3000,2.0,16.0,13.0,106,110,5%,5,5,8,22,20,25,8.9,17.3,9.8,24.8,27.4,26.8,8.9,13.3,4.42,11.2,15.5,3.7,12.25,4.0600000000000005,22.333333333333332,6.0,14.61,9.266666666666667,8.501865671641792
3,1,Tony Snell,0.0,DET,ATL,-1.5,229.5,115.5,17,7.5,17.2,28.0,SG/SF,3300,2.0,11.0,9.0,106,110,5%,5,7,7,29,31,27,17.1,14.9,8.5,21.4,19.1,17.8,5.4,17.8,5.38,17.1,28.5,5.2,17.450000000000003,5.29,29.0,6.333333333333333,15.87,17.566666666666666,17.14913793103449
3,2,Darius Bazley,0.0,OKC,POR,-7.0,215.0,111.0,6,3.5,7.4,11.3,PF,3700,0.0,13.0,7.0,104,109,1%,6,3,4,16,15,17,7.4,11.2,4.5,18.0,31.2,28.8,7.8,22.8,6.15,18.7,24.5,5.1,20.75,5.625,16.0,4.333333333333333,12.370000000000001,7.400000000000001,31.7734375
3,3,Hamidou Diallo,0.0,OKC,POR,-7.0,215.0,111.0,28,3.3,8.5,20.5,SG/SF,3000,0.0,18.0,10.0,104,109,-3%,8,6,7,18,18,20,10.1,14.8,7.8,21.8,32.9,5.8,1.9,18.8,6.25,17.5,25.0,5.8,18.15,6.025,18.666666666666668,7.0,14.530000000000001,10.766666666666666,24.30803571428571
3,4,Javonte Green,0.0,BOS,PHO,-6.0,222.0,114.0,16,1.3,8.1,17.3,SG,3000,1.0,14.0,14.0,104,108,0%,2,2,2,8,8,8,8.1,6.0,1.0,11.1,17.4,16.5,5.5,10.3,3.42,11.9,13.5,4.0,11.100000000000001,3.71,8.0,2.0,7.459999999999999,8.9,18.731250000000003
3,5,Christian Wood,0.0,DET,ATL,-1.5,229.5,115.5,14,5.3,23.1,47.5,PF/C,4400,2.0,21.0,22.0,106,110,6%,7,8,6,17,17,17,23.1,19.5,6.9,32.1,16.1,27.8,6.3,21.0,4.77,17.7,15.0,4.0,19.35,4.385,17.0,7.0,20.190000000000005,25.3,17.07352941176471
3,6,Mitchell Robinson,0.0,NY,PHI,4.0,217.0,106.5,12,6.3,17.7,31.5,C,4700,1.0,14.0,23.0,101,104,-9%,6,5,6,24,22,23,17.7,24.3,15.9,32.6,24.4,22.3,4.7,22.0,4.68,24.7,24.5,5.3,23.35,4.99,23.0,5.666666666666667,22.77,18.5,24.872826086956522
3,7,Wes Iwundu,0.0,ORL,GS,-6.0,214.0,110.0,26,10.8,19.2,31.0,SF,3400,1.0,14.0,9.0,103,109,4%,8,7,4,30,25,18,19.1,11.7,4.8,18.5,20.7,9.3,2.7,16.0,4.71,15.9,23.0,4.7,15.95,4.705,24.333333333333332,6.333333333333333,14.01,20.333333333333332,15.076027397260274
4,0,Jordan Clarkson,0.0,UTA,SAC,-9.0,223.0,116.0,14,17.0,24.5,33.5,PG/SG,4700,1.0,26.0,18.0,100,108,-4%,12,15,12,23,26,24,24.4,22.9,13.8,31.9,27.0,30.3,6.4,22.8,4.84,20.8,22.0,4.4,21.8,4.62,24.333333333333332,13.0,22.959999999999997,25.0,19.709589041095892
4,1,Avery Bradley,0.0,LAL,HOU,3.0,235.5,116.3,15,6.3,11.9,16.8,SG,3600,2.0,15.0,8.0,106,107,7%,7,6,8,19,22,24,11.9,14.3,7.0,21.7,17.9,8.8,2.4,14.0,3.89,15.9,23.5,4.4,14.95,4.1450000000000005,21.666666666666668,7.0,13.970000000000002,11.666666666666666,16.215
4,2,Dario Saric,0.0,PHO,BOS,6.0,222.0,108.0,10,10.3,14.9,25.0,SF/PF,4500,1.0,17.0,12.0,102,103,1%,8,6,9,24,22,26,14.8,23.5,11.5,35.5,37.1,35.3,7.8,20.5,4.56,21.6,27.5,4.8,21.05,4.68,24.0,7.666666666666667,21.27,16.733333333333334,24.119791666666668
4,3,Kris Dunn,0.0,CHI,CLE,-6.5,213.0,109.8,29,6.0,16.1,24.0,PG/SF,5200,0.0,16.0,12.0,101,113,6%,5,6,7,23,28,25,16.1,20.9,12.3,29.4,32.7,24.8,4.8,27.3,5.24,24.7,29.5,4.8,26.0,5.02,25.333333333333332,6.0,20.94,15.366666666666667,30.276315789473685
4,4,Ty Jerome,0.0,PHO,BOS,6.0,222.0,108.0,5,1.0,10.6,25.0,PG,3000,1.0,0.0,0.0,102,103,-8%,0,3,4,1,8,11,6.6,9.9,1.0,18.7,4.8,3.3,1.1,7.5,2.5,0.0,0.0,0.0,3.75,1.25,6.666666666666667,2.3333333333333335,7.99,12.200000000000001,0.0
4,5,P.J. Tucker,0.0,HOU,LAL,-3.0,235.5,119.3,3,1.3,15.2,37.8,PF/C,3600,2.0,9.0,9.0,103,102,-5%,2,3,6,34,34,36,16.6,23.1,13.1,33.0,34.6,17.5,4.9,18.3,5.07,17.2,31.0,4.8,17.75,4.9350000000000005,34.666666666666664,3.6666666666666665,20.71,18.099999999999998,15.872596153846157
4,6,Gorgui Dieng,0.0,MIN,TOR,5.0,222.5,108.8,7,15.5,26.0,35.8,C,5100,0.0,18.0,19.0,103,102,-8%,10,9,7,24,20,18,25.9,21.5,7.8,35.2,18.4,24.3,4.8,20.3,3.97,20.0,17.5,3.9,20.15,3.935,20.666666666666668,8.666666666666666,22.109999999999996,25.766666666666666,17.062499999999996
4,7,Alec Burks,0.0,GS,ORL,6.0,214.0,104.0,10,19.5,30.1,38.8,PG/SG,5100,1.0,24.0,16.0,101,104,0%,14,14,13,31,29,30,30.1,30.0,19.5,40.5,32.0,24.5,4.8,29.8,5.83,31.2,32.0,6.1,30.5,5.965,30.0,13.666666666666666,30.119999999999997,29.46666666666667,32.53333333333333
5,0,Kyle Lowry,0.0,TOR,MIN,-5.0,222.5,113.8,22,31.3,40.1,48.8,PG,7800,0.0,24.0,17.0,105,107,3%,14,17,15,36,39,39,43.1,42.4,34.2,50.7,28.3,43.3,5.6,38.3,4.9,37.5,34.5,4.8,37.9,4.85,38.0,15.333333333333334,41.66,40.06666666666667,34.40921052631579
5,1,Damion Lee,0.0,GS,ORL,6.0,214.0,104.0,18,21.8,29.2,40.3,SG/SF,5500,1.0,21.0,14.0,101,104,0%,15,13,11,34,32,29,28.9,26.5,15.7,37.3,33.1,21.5,3.9,27.0,4.91,29.1,33.5,5.3,28.05,5.105,31.666666666666668,13.0,27.29,30.433333333333334,29.673947368421054
5,2,Gary Clark,0.0,ORL,GS,-6.0,214.0,110.0,17,4.8,11.2,21.5,PF/C,3000,1.0,12.0,12.0,103,109,-1%,5,4,4,19,15,12,11.2,9.3,1.2,17.5,12.4,11.3,3.8,13.3,4.42,0.0,0.0,0.0,6.65,2.21,15.333333333333334,4.333333333333333,9.17,12.5,0.0
5,3,Robert Covington,0.0,MIN,TOR,5.0,222.5,108.8,23,27.5,32.0,39.3,SF/PF,6100,0.0,17.0,15.0,103,102,1%,12,12,10,33,29,29,32.0,27.9,19.3,36.6,33.2,39.0,6.4,30.0,4.92,30.3,31.5,5.0,30.15,4.96,30.333333333333332,11.333333333333334,29.189999999999998,32.93333333333333,31.309615384615384
5,4,Alex Caruso,0.0,LAL,HOU,3.0,235.5,116.3,27,3.5,12.6,20.3,PG/SG,3800,2.0,14.0,11.0,106,107,7%,7,6,5,19,20,20,16.8,13.9,7.0,20.7,18.1,17.5,4.6,16.0,4.21,14.2,17.5,3.7,15.1,3.955,19.666666666666668,6.0,14.7,12.133333333333335,13.4364406779661
5,5,Marvin Bagley III,0.0,SAC,UTA,9.0,223.0,107.0,23,19.5,25.2,32.3,PF/C,5100,2.0,26.0,16.0,101,105,-3%,13,12,12,27,24,24,25.2,25.6,20.9,30.4,30.2,33.8,6.6,30.5,5.98,29.6,30.0,5.8,30.05,5.890000000000001,25.0,12.333333333333334,26.43,25.666666666666668,36.06
5,6,Christian Wood,0.0,DET,ATL,-1.5,229.5,115.5,14,5.3,23.1,47.5,PF/C,4400,2.0,21.0,22.0,106,110,6%,7,8,6,17,17,17,23.1,19.5,6.9,32.1,16.1,27.8,6.3,21.0,4.77,17.7,15.0,4.0,19.35,4.385,17.0,7.0,20.190000000000005,25.3,17.07352941176471
5,7,D'Angelo Russell,0.0,GS,ORL,6.0,214.0,104.0,10,25.8,44.4,52.5,PG/SG,7400,1.0,33.0,19.0,101,104,-2%,18,21,19,35,34,32,44.4,40.5,26.7,54.2,34.5,53.5,7.2,41.0,5.54,41.8,34.0,5.6,41.4,5.57,33.666666666666664,19.333333333333332,41.440000000000005,40.9,41.80990099009901
6,0,Collin Sexton,0.0,CLE,CHI,6.5,213.0,103.3,2,24.8,33.4,42.0,PG/SG,6200,0.0,27.0,15.0,102,105,-14%,22,19,16,33,35,32,33.4,28.2,21.3,35.0,33.6,37.8,6.1,27.3,4.4,29.4,33.5,4.7,28.35,4.550000000000001,33.333333333333336,19.0,29.25,33.4,28.49175
6,1,Marcus Smart,0.0,BOS,PHO,-6.0,222.0,114.0,4,16.3,29.1,40.0,PG/SG,5500,1.0,19.0,14.0,104,108,3%,12,10,11,35,31,32,29.1,27.8,19.1,36.5,33.4,69.8,12.7,31.8,5.77,33.6,35.0,6.1,32.7,5.935,32.666666666666664,11.0,29.04,28.46666666666667,35.03571428571429
6,2,Khem Birch,0.0,ORL,GS,-6.0,214.0,110.0,17,1.3,13.7,32.8,PF/C,3200,1.0,9.0,10.0,103,109,1%,1,2,3,17,23,24,13.7,15.0,6.3,23.7,16.5,7.3,2.3,14.5,4.53,15.7,20.5,4.9,15.1,4.715,21.333333333333332,2.0,14.76,15.933333333333332,14.510156250000001
6,3,Joe Ingles,0.0,UTA,SAC,-9.0,223.0,116.0,26,18.0,31.0,42.8,SG/SF,5500,1.0,17.0,14.0,100,108,3%,13,11,9,35,30,30,30.7,26.2,16.0,36.5,30.8,29.8,5.4,27.0,4.91,29.9,31.0,5.4,28.45,5.155,31.666666666666668,11.0,27.57,30.599999999999998,27.851052631578945
6,4,Matthew Dellavedova,0.0,CLE,CHI,6.5,213.0,103.3,2,1.5,10.9,20.5,PG/SG,3500,0.0,16.0,9.0,102,105,-14%,6,3,3,12,13,13,10.8,9.1,3.9,14.3,9.3,5.0,1.4,13.5,3.86,9.9,13.0,2.8,11.7,3.33,12.666666666666666,4.0,9.959999999999999,10.966666666666667,12.007894736842106
6,5,Bobby Portis,0.0,NY,PHI,4.0,217.0,106.5,9,9.8,25.5,40.8,PF/C,4100,1.0,21.0,15.0,101,104,-9%,11,10,9,22,24,22,25.4,21.9,11.8,32.1,13.8,5.0,1.2,20.0,4.88,18.7,18.5,4.6,19.35,4.74,22.666666666666668,10.0,22.110000000000003,25.366666666666664,15.793014705882353
6,6,Larry Nance Jr.,0.0,CLE,CHI,6.5,213.0,103.3,18,11.5,18.4,28.0,PF/C,3600,0.0,14.0,15.0,102,105,9%,5,5,6,21,23,24,18.4,21.6,12.6,30.6,25.1,20.3,5.6,21.8,6.04,22.0,22.5,6.1,21.9,6.07,22.666666666666668,5.333333333333333,21.02,19.3,21.738970588235293
6,7,Deandre Ayton,0.0,PHO,BOS,6.0,222.0,108.0,29,31.3,39.9,59.8,PF/C,8000,1.0,22.0,21.0,102,103,-5%,15,15,14,34,32,31,39.9,38.8,29.2,48.4,35.8,52.3,6.5,41.5,5.19,41.1,34.5,5.1,41.3,5.145,32.333333333333336,14.666666666666666,39.519999999999996,43.666666666666664,44.067525773195875
8,0,Dante Exum,0.0,CLE,CHI,6.5,213.0,103.3,2,7.5,14.3,37.3,PG/SG,3600,0.0,0.0,0.0,102,105,-14%,5,6,4,18,20,12,14.3,8.7,0.6,16.8,15.3,5.0,1.4,15.8,4.38,13.1,16.0,3.6,14.45,3.99,16.666666666666668,5.0,10.969999999999999,19.7,13.871999999999998
8,1,Alec Burks,0.0,GS,ORL,6.0,214.0,104.0,10,19.5,30.1,38.8,PG/SG,5100,1.0,24.0,16.0,101,104,0%,14,14,13,31,29,30,30.1,30.0,19.5,40.5,32.0,24.5,4.8,29.8,5.83,31.2,32.0,6.1,30.5,5.965,30.0,13.666666666666666,30.119999999999997,29.46666666666667,32.53333333333333
8,2,Grant Williams,0.0,BOS,PHO,-6.0,222.0,114.0,4,1.8,8.8,23.8,SF/PF,3000,1.0,13.0,7.0,104,108,0%,3,3,3,11,12,15,8.8,9.2,2.5,15.9,12.6,0.8,0.3,12.8,4.25,15.6,22.0,5.2,14.2,4.725,12.666666666666666,3.0,10.12,11.466666666666669,24.66315789473684
8,3,Mikal Bridges,0.0,PHO,BOS,6.0,222.0,108.0,11,5.3,17.3,34.8,SG/SF,4500,1.0,12.0,13.0,102,103,-2%,7,5,5,34,28,23,17.6,17.3,8.6,26.1,40.5,40.8,9.1,25.0,5.56,24.2,34.5,5.4,24.6,5.48,28.333333333333332,5.666666666666667,18.840000000000003,19.133333333333333,29.954117647058826
8,4,Damian Lillard,0.0,POR,OKC,7.0,215.0,104.0,16,37.3,45.4,55.3,PG,8200,0.0,30.0,25.0,101,106,0%,23,18,20,39,37,38,46.2,47.4,37.8,57.0,35.9,45.5,5.5,49.5,6.04,48.2,38.5,5.9,48.85,5.970000000000001,38.0,20.333333333333332,47.449999999999996,46.0,49.492763157894736
8,5,Markieff Morris,0.0,DET,ATL,-1.5,229.5,115.5,14,7.8,16.0,35.5,PF/C,4100,2.0,21.0,13.0,106,110,6%,13,9,9,20,17,23,16.0,20.0,11.2,28.8,20.4,29.3,7.1,18.5,4.51,18.3,19.0,4.5,18.4,4.505,20.0,10.333333333333334,18.880000000000003,19.766666666666666,17.479999999999997
8,6,Omari Spellman,0.0,GS,ORL,6.0,214.0,104.0,21,7.3,21.4,34.8,PF/C,4400,1.0,19.0,17.0,101,104,-1%,6,7,6,22,23,18,21.4,18.0,8.4,27.6,21.3,17.8,4.0,25.0,5.68,23.2,24.5,5.3,24.1,5.49,21.0,6.333333333333333,19.9,21.166666666666668,28.11666666666667
8,7,Harrison Barnes,0.0,SAC,UTA,9.0,223.0,107.0,20,6.3,23.6,41.0,SF/PF,5400,2.0,18.0,14.0,101,105,-7%,13,11,12,38,35,36,23.6,27.4,18.3,36.5,35.5,15.3,2.8,22.5,4.17,23.7,35.0,4.4,23.1,4.285,36.333333333333336,12.0,25.78,23.633333333333336,22.25229357798165
9,0,Markelle Fultz,0.0,ORL,GS,-6.0,214.0,110.0,28,23.5,33.4,54.3,PG/SG,6200,1.0,23.0,14.0,103,109,8%,18,14,11,31,31,27,33.7,25.4,17.5,33.4,34.0,37.5,6.0,30.3,4.88,31.9,31.5,5.1,31.1,4.99,29.666666666666668,14.333333333333334,28.22,37.06666666666666,33.02191011235955
9,1,Terrence Ross,0.0,ORL,GS,-6.0,214.0,110.0,3,13.0,24.6,32.3,SG/SF,5300,1.0,22.0,14.0,103,109,7%,14,11,11,30,29,26,24.6,21.8,14.5,29.1,26.8,20.0,3.8,26.8,5.05,26.1,28.0,4.9,26.450000000000003,4.975,28.333333333333332,12.0,23.29,23.3,26.13882352941177
9,2,Cedi Osman,0.0,CLE,CHI,6.5,213.0,103.3,25,8.5,22.1,33.0,SF/PF,5000,0.0,17.0,11.0,102,105,1%,11,10,9,23,31,29,22.1,20.7,12.5,28.9,27.9,28.3,5.7,24.0,4.8,24.3,31.5,4.9,24.15,4.85,27.666666666666668,10.0,21.669999999999998,21.2,27.496084337349394
9,3,Deonte Burton,0.0,OKC,POR,-7.0,215.0,111.0,28,2.0,5.7,16.8,SG/SF,3000,0.0,0.0,0.0,104,109,7%,3,3,3,6,7,8,5.3,4.9,-0.4,10.1,16.8,14.3,4.8,10.8,3.58,9.0,13.5,3.0,9.9,3.29,7.0,3.0,5.959999999999999,8.166666666666666,19.092857142857145
9,4,Buddy Hield,0.0,SAC,UTA,9.0,223.0,107.0,10,23.3,30.2,34.0,SG/SF,6400,2.0,27.0,15.0,101,105,-11%,19,18,18,38,37,35,35.3,35.2,25.3,45.1,34.6,22.3,3.5,33.8,5.27,33.3,35.0,5.2,33.55,5.234999999999999,36.666666666666664,18.333333333333332,34.89,29.166666666666668,32.025
9,5,Danny Green,0.0,LAL,HOU,3.0,235.5,116.3,15,12.3,19.1,26.0,SF,4000,2.0,14.0,12.0,106,107,7%,10,7,7,20,22,25,18.6,19.1,10.2,28.0,32.6,39.3,9.8,19.0,4.75,19.4,23.0,4.8,19.2,4.775,22.333333333333332,8.0,19.020000000000003,19.133333333333336,19.77313432835821
9,6,Larry Nance Jr.,0.0,CLE,CHI,6.5,213.0,103.3,18,11.5,18.4,28.0,PF/C,3600,0.0,14.0,15.0,102,105,9%,5,5,6,21,23,24,18.4,21.6,12.6,30.6,25.1,20.3,5.6,21.8,6.04,22.0,22.5,6.1,21.9,6.07,22.666666666666668,5.333333333333333,21.02,19.3,21.738970588235293
9,7,James Harden,0.0,HOU,LAL,-3.0,235.5,119.3,15,27.8,53.6,79.5,PG/SG,11200,2.0,38.0,31.0,103,102,-2%,25,25,25,38,38,38,63.5,63.8,50.8,76.8,39.2,52.0,4.6,55.5,4.96,60.3,36.5,5.4,57.9,5.18,38.0,25.0,62.55999999999999,53.63333333333333,55.61447368421052
10,0,Jordan McLaughlin,0.0,MIN,TOR,5.0,222.5,108.8,24,3.8,16.0,35.0,PG,3000,0.0,0.0,0.0,103,102,-2%,5,5,5,16,15,16,15.9,13.7,3.1,24.4,21.4,14.8,4.9,8.8,2.92,11.6,14.5,3.9,10.2,3.41,15.666666666666666,5.0,13.459999999999999,18.266666666666666,9.440425531914892
10,1,Terrence Ross,0.0,ORL,GS,-6.0,214.0,110.0,3,13.0,24.6,32.3,SG/SF,5300,1.0,22.0,14.0,103,109,7%,14,11,11,30,29,26,24.6,21.8,14.5,29.1,26.8,20.0,3.8,26.8,5.05,26.1,28.0,4.9,26.450000000000003,4.975,28.333333333333332,12.0,23.29,23.3,26.13882352941177
10,2,Pascal Siakam,0.0,TOR,MIN,-5.0,222.5,113.8,11,23.0,36.4,48.8,PF/C,8000,0.0,29.0,19.0,105,107,-1%,16,21,20,30,33,36,44.6,43.9,33.4,54.5,24.4,29.5,3.7,38.8,4.84,38.5,31.5,4.8,38.65,4.82,33.0,19.0,43.010000000000005,36.06666666666666,36.893181818181816
10,3,Tony Snell,0.0,DET,ATL,-1.5,229.5,115.5,17,7.5,17.2,28.0,SG/SF,3300,2.0,11.0,9.0,106,110,5%,5,7,7,29,31,27,17.1,14.9,8.5,21.4,19.1,17.8,5.4,17.8,5.38,17.1,28.5,5.2,17.450000000000003,5.29,29.0,6.333333333333333,15.87,17.566666666666666,17.14913793103449
10,4,Jarrett Culver,0.0,MIN,TOR,5.0,222.5,108.8,24,21.0,25.7,32.0,PG/SG,5600,0.0,20.0,10.0,103,102,-2%,12,13,10,33,32,25,26.1,20.3,10.2,30.4,30.5,40.0,7.1,26.8,4.78,29.9,33.0,5.3,28.35,5.04,30.0,11.666666666666666,23.070000000000004,26.233333333333334,31.185000000000002
10,5,John Collins,0.0,ATL,DET,1.5,229.5,114.0,26,22.3,38.2,45.5,PF/C,8200,0.0,22.0,20.0,101,110,5%,15,13,14,28,29,31,38.2,38.7,29.4,48.0,27.2,29.3,3.6,39.8,4.85,40.4,30.0,4.9,40.099999999999994,4.875,29.333333333333332,14.0,38.88,35.333333333333336,41.01136363636363
10,6,Mo Bamba,0.0,ORL,GS,-6.0,214.0,110.0,27,10.0,14.4,23.8,C,3100,1.0,0.0,0.0,103,109,1%,5,4,5,17,15,15,14.3,16.2,9.1,23.3,14.7,26.3,8.5,14.5,4.68,16.9,15.5,5.5,15.7,5.09,15.666666666666666,4.666666666666667,15.719999999999999,16.066666666666666,15.532978723404256
10,7,Carmelo Anthony,0.0,POR,OKC,7.0,215.0,104.0,8,10.5,29.8,38.0,SF/PF,6300,0.0,22.0,14.0,101,106,-11%,13,13,14,33,32,33,29.8,29.8,19.9,39.8,32.3,15.0,2.4,30.5,4.84,30.6,35.0,4.9,30.55,4.87,32.666666666666664,13.333333333333334,29.970000000000006,26.099999999999998,32.73214285714286
11,0,Damian Lillard,0.0,POR,OKC,7.0,215.0,104.0,16,37.3,45.4,55.3,PG,8200,0.0,30.0,25.0,101,106,0%,23,18,20,39,37,38,46.2,47.4,37.8,57.0,35.9,45.5,5.5,49.5,6.04,48.2,38.5,5.9,48.85,5.970000000000001,38.0,20.333333333333332,47.449999999999996,46.0,49.492763157894736
11,1,Dennis Schroder,0.0,OKC,POR,-7.0,215.0,111.0,21,19.3,29.9,41.8,PG/SG,6400,0.0,27.0,15.0,104,109,7%,17,15,15,37,33,31,29.9,30.1,20.7,39.5,29.1,25.3,4.0,35.0,5.47,35.8,34.0,5.6,35.4,5.535,33.666666666666664,15.666666666666666,31.119999999999997,30.333333333333332,35.75049504950495
11,2,De'Andre Hunter,0.0,ATL,DET,1.5,229.5,114.0,1,4.3,15.5,26.3,SF/PF,4700,0.0,17.0,8.0,101,110,3%,9,9,11,27,29,31,20.1,21.2,11.4,30.9,30.5,34.8,7.4,21.8,4.63,20.7,30.0,4.4,21.25,4.515000000000001,29.0,9.666666666666666,20.97,15.366666666666667,21.982758620689655
11,3,Josh Richardson,0.0,PHI,NY,-4.0,217.0,110.5,29,16.3,28.3,42.8,SG/SF,6300,0.0,22.0,13.0,102,112,3%,9,13,13,32,34,33,28.3,28.8,20.4,37.2,34.2,30.8,4.9,34.5,5.48,34.0,34.5,5.4,34.25,5.44,33.0,11.666666666666666,29.790000000000003,29.133333333333336,35.80681818181818
11,4,Bruce Brown,0.0,DET,ATL,-1.5,229.5,115.5,25,16.3,27.5,46.5,PG/SF,5100,2.0,17.0,12.0,106,110,5%,8,10,8,22,29,28,27.4,23.6,13.4,33.8,20.6,8.8,1.7,24.8,4.85,23.2,26.5,4.5,24.0,4.675,26.333333333333332,8.666666666666666,24.44,30.099999999999998,24.151898734177216
11,5,Harrison Barnes,0.0,SAC,UTA,9.0,223.0,107.0,20,6.3,23.6,41.0,SF/PF,5400,2.0,18.0,14.0,101,105,-7%,13,11,12,38,35,36,23.6,27.4,18.3,36.5,35.5,15.3,2.8,22.5,4.17,23.7,35.0,4.4,23.1,4.285,36.333333333333336,12.0,25.78,23.633333333333336,22.25229357798165
11,6,Tony Bradley,0.0,UTA,SAC,-9.0,223.0,116.0,13,11.8,15.2,20.3,C,3000,1.0,17.0,20.0,100,108,-6%,3,3,3,13,13,10,15.2,10.9,3.0,18.9,12.6,6.5,2.2,11.3,3.75,13.5,12.5,4.5,12.4,4.125,12.0,3.0,12.08,15.766666666666666,12.916666666666668
11,7,Jordan Clarkson,0.0,UTA,SAC,-9.0,223.0,116.0,14,17.0,24.5,33.5,PG/SG,4700,1.0,26.0,18.0,100,108,-4%,12,15,12,23,26,24,24.4,22.9,13.8,31.9,27.0,30.3,6.4,22.8,4.84,20.8,22.0,4.4,21.8,4.62,24.333333333333332,13.0,22.959999999999997,25.0,19.709589041095892
12,0,Terence Davis,0.0,TOR,MIN,-5.0,222.5,113.8,22,5.5,26.1,49.8,PG/SG,3700,0.0,18.0,15.0,105,107,-1%,12,10,6,20,20,18,26.1,17.1,6.2,28.1,10.5,1.8,0.5,9.5,2.57,10.1,10.5,2.7,9.8,2.635,19.333333333333332,9.333333333333334,17.46,27.133333333333336,5.322413793103449
12,1,Alec Burks,0.0,GS,ORL,6.0,214.0,104.0,10,19.5,30.1,38.8,PG/SG,5100,1.0,24.0,16.0,101,104,0%,14,14,13,31,29,30,30.1,30.0,19.5,40.5,32.0,24.5,4.8,29.8,5.83,31.2,32.0,6.1,30.5,5.965,30.0,13.666666666666666,30.119999999999997,29.46666666666667,32.53333333333333
12,2,OG Anunoby,0.0,TOR,MIN,-5.0,222.5,113.8,24,17.3,29.1,41.8,SF/PF,5200,0.0,15.0,13.0,105,107,5%,13,11,9,32,32,31,29.1,26.2,15.6,36.9,24.2,5.3,1.0,22.3,4.28,24.0,28.0,4.6,23.15,4.4399999999999995,31.666666666666668,11.0,26.189999999999998,29.400000000000002,20.469473684210524
12,3,Deonte Burton,0.0,OKC,POR,-7.0,215.0,111.0,28,2.0,5.7,16.8,SG/SF,3000,0.0,0.0,0.0,104,109,7%,3,3,3,6,7,8,5.3,4.9,-0.4,10.1,16.8,14.3,4.8,10.8,3.58,9.0,13.5,3.0,9.9,3.29,7.0,3.0,5.959999999999999,8.166666666666666,19.092857142857145
12,4,Ricky Rubio,0.0,PHO,BOS,6.0,222.0,108.0,5,27.0,38.6,65.5,PG,7500,1.0,23.0,17.0,102,103,-8%,15,11,12,35,35,33,38.5,37.7,26.9,48.5,36.0,28.3,3.8,36.0,4.8,36.5,35.0,4.9,36.25,4.85,34.333333333333336,12.666666666666666,37.57,43.699999999999996,36.953883495145625
12,5,Mikal Bridges,0.0,PHO,BOS,6.0,222.0,108.0,11,5.3,17.3,34.8,SG/SF,4500,1.0,12.0,13.0,102,103,-2%,7,5,5,34,28,23,17.6,17.3,8.6,26.1,40.5,40.8,9.1,25.0,5.56,24.2,34.5,5.4,24.6,5.48,28.333333333333332,5.666666666666667,18.840000000000003,19.133333333333333,29.954117647058826
12,6,Dwight Howard,0.0,LAL,HOU,3.0,235.5,116.3,20,19.5,33.5,44.3,C,5500,2.0,14.0,19.0,106,107,-2%,11,8,4,25,25,20,35.8,21.4,11.9,30.8,24.8,30.5,5.5,22.0,4.0,27.9,24.5,5.1,24.95,4.55,23.333333333333332,7.666666666666667,24.970000000000002,32.43333333333333,26.1975
12,7,Ben Simmons,0.0,PHI,NY,-4.0,217.0,110.5,7,35.3,44.3,48.5,PG/SF,9000,0.0,22.0,20.0,102,112,3%,15,15,12,39,39,36,44.3,43.4,33.5,53.4,39.7,45.8,5.1,47.3,5.25,48.0,37.0,5.3,47.65,5.275,38.0,14.0,44.45,42.699999999999996,46.39605263157895
13,0,Cory Joseph,0.0,SAC,UTA,9.0,223.0,107.0,8,6.5,13.5,22.3,PG/SG,3000,2.0,15.0,9.0,101,105,-3%,4,6,6,20,22,26,13.5,17.1,9.3,24.9,22.9,14.0,4.7,14.0,4.67,11.6,18.0,3.9,12.8,4.285,22.666666666666668,5.333333333333333,15.52,14.1,10.16470588235294
13,1,Jevon Carter,0.0,PHO,BOS,6.0,222.0,108.0,5,-1.0,3.5,6.3,PG/SG,3000,1.0,15.0,9.0,102,103,-8%,3,2,3,7,6,13,3.5,10.0,2.4,17.6,17.2,11.8,3.9,7.0,2.33,0.0,0.0,0.0,3.5,1.165,8.666666666666666,2.6666666666666665,7.4,2.9333333333333336,0.0
13,2,Robert Covington,0.0,MIN,TOR,5.0,222.5,108.8,23,27.5,32.0,39.3,SF/PF,6100,0.0,17.0,15.0,103,102,1%,12,12,10,33,29,29,32.0,27.9,19.3,36.6,33.2,39.0,6.4,30.0,4.92,30.3,31.5,5.0,30.15,4.96,30.333333333333332,11.333333333333334,29.189999999999998,32.93333333333333,31.309615384615384
13,3,Danny Green,0.0,LAL,HOU,3.0,235.5,116.3,15,12.3,19.1,26.0,SF,4000,2.0,14.0,12.0,106,107,7%,10,7,7,20,22,25,18.6,19.1,10.2,28.0,32.6,39.3,9.8,19.0,4.75,19.4,23.0,4.8,19.2,4.775,22.333333333333332,8.0,19.020000000000003,19.133333333333336,19.77313432835821
13,4,De'Aaron Fox,0.0,SAC,UTA,9.0,223.0,107.0,8,37.5,50.9,60.5,PG,8100,2.0,30.0,21.0,101,105,-3%,18,18,15,37,36,33,50.9,40.0,27.8,52.1,30.7,39.0,4.8,39.5,4.88,40.8,35.0,5.0,40.15,4.9399999999999995,35.333333333333336,17.0,42.190000000000005,49.63333333333333,39.77122641509433
13,5,Justin James,0.0,SAC,UTA,9.0,223.0,107.0,10,0.0,4.5,10.5,SG/SF,3000,2.0,0.0,0.0,101,105,-3%,1,1,3,3,3,9,2.4,6.9,-1.0,14.9,11.1,5.8,1.9,6.0,2.0,0.0,0.0,0.0,3.0,1.0,5.0,1.6666666666666667,5.24,5.0,0.0
13,6,Christian Wood,0.0,DET,ATL,-1.5,229.5,115.5,14,5.3,23.1,47.5,PF/C,4400,2.0,21.0,22.0,106,110,6%,7,8,6,17,17,17,23.1,19.5,6.9,32.1,16.1,27.8,6.3,21.0,4.77,17.7,15.0,4.0,19.35,4.385,17.0,7.0,20.190000000000005,25.3,17.07352941176471
13,7,Stanley Johnson,0.0,TOR,MIN,-5.0,222.5,113.8,24,0.0,3.9,12.8,SF/PF,3000,0.0,0.0,0.0,105,107,5%,0,2,2,6,9,5,3.9,3.7,0.0,7.3,2.7,1.5,0.5,4.8,1.58,0.0,0.0,0.0,2.4,0.79,6.666666666666667,1.3333333333333333,3.4599999999999995,5.566666666666666,0.0
14,0,Ky Bowman,0.0,GS,ORL,6.0,214.0,104.0,10,6.5,13.5,17.5,PG,3000,1.0,18.0,10.0,101,104,-2%,7,7,7,21,21,23,13.5,17.1,6.5,27.7,16.6,4.0,1.3,16.5,5.5,13.8,18.0,4.6,15.15,5.05,21.666666666666668,7.0,15.99,12.5,12.586153846153845
14,1,Donovan Mitchell,0.0,UTA,SAC,-9.0,223.0,116.0,14,14.3,35.5,62.5,PG/SG,7600,1.0,30.0,20.0,100,108,7%,27,21,21,39,37,36,42.0,40.6,31.7,49.6,31.8,30.5,4.0,36.5,4.8,41.3,34.5,5.4,38.9,5.1,37.333333333333336,23.0,40.559999999999995,37.43333333333333,35.94776785714286
14,2,Thon Maker,0.0,DET,ATL,-1.5,229.5,115.5,14,0.0,9.5,23.5,PF/C,3100,2.0,14.0,12.0,106,110,3%,1,3,2,4,11,11,9.5,8.4,1.7,15.1,4.9,6.3,2.0,5.5,1.77,0.0,0.0,0.0,2.75,0.885,8.666666666666666,2.0,7.49,11.0,0.0
14,3,Bojan Bogdanovic,0.0,UTA,SAC,-9.0,223.0,116.0,3,22.5,30.8,38.3,SF/PF,6300,1.0,26.0,16.0,100,108,3%,17,18,16,36,34,34,32.9,31.3,22.2,40.3,30.9,38.5,6.1,30.5,4.84,32.0,32.5,5.1,31.25,4.97,34.666666666666664,17.0,31.589999999999996,30.53333333333333,29.296875
14,4,Jordan McLaughlin,0.0,MIN,TOR,5.0,222.5,108.8,24,3.8,16.0,35.0,PG,3000,0.0,0.0,0.0,103,102,-2%,5,5,5,16,15,16,15.9,13.7,3.1,24.4,21.4,14.8,4.9,8.8,2.92,11.6,14.5,3.9,10.2,3.41,15.666666666666666,5.0,13.459999999999999,18.266666666666666,9.440425531914892
14,5,Deandre Ayton,0.0,PHO,BOS,6.0,222.0,108.0,29,31.3,39.9,59.8,PF/C,8000,1.0,22.0,21.0,102,103,-5%,15,15,14,34,32,31,39.9,38.8,29.2,48.4,35.8,52.3,6.5,41.5,5.19,41.1,34.5,5.1,41.3,5.145,32.333333333333336,14.666666666666666,39.519999999999996,43.666666666666664,44.067525773195875
14,6,Mike Muscala,0.0,OKC,POR,-7.0,215.0,111.0,6,10.5,18.3,32.0,PF/C,5300,0.0,17.0,10.0,104,109,1%,8,7,4,29,22,12,18.3,9.7,1.7,17.8,4.7,5.0,0.9,19.3,3.63,18.6,21.0,3.5,18.950000000000003,3.565,21.0,6.333333333333333,13.290000000000001,20.266666666666666,18.950000000000003
14,7,Christian Wood,0.0,DET,ATL,-1.5,229.5,115.5,14,5.3,23.1,47.5,PF/C,4400,2.0,21.0,22.0,106,110,6%,7,8,6,17,17,17,23.1,19.5,6.9,32.1,16.1,27.8,6.3,21.0,4.77,17.7,15.0,4.0,19.35,4.385,17.0,7.0,20.190000000000005,25.3,17.07352941176471
18,0,Brad Wanamaker,0.0,BOS,PHO,-6.0,222.0,114.0,4,9.3,14.6,18.5,PG/SG,3100,1.0,17.0,12.0,104,108,3%,6,5,5,18,19,20,14.6,15.7,10.0,21.3,22.6,4.8,1.5,21.5,6.94,19.9,23.5,6.4,20.7,6.67,19.0,5.333333333333333,16.46,14.133333333333333,25.60263157894737
18,1,James Harden,0.0,HOU,LAL,-3.0,235.5,119.3,15,27.8,53.6,79.5,PG/SG,11200,2.0,38.0,31.0,103,102,-2%,25,25,25,38,38,38,63.5,63.8,50.8,76.8,39.2,52.0,4.6,55.5,4.96,60.3,36.5,5.4,57.9,5.18,38.0,25.0,62.55999999999999,53.63333333333333,55.61447368421052
18,2,Tobias Harris,0.0,PHI,NY,-4.0,217.0,110.5,29,26.3,37.8,56.5,SF/PF,7600,0.0,24.0,18.0,102,112,3%,16,17,16,36,36,35,37.8,36.2,26.9,45.6,34.3,30.5,4.0,36.8,4.84,40.4,35.0,5.3,38.599999999999994,5.07,35.666666666666664,16.333333333333332,37.019999999999996,40.199999999999996,37.87850467289719
18,3,Rondae Hollis-Jefferson,0.0,TOR,MIN,-5.0,222.5,113.8,24,5.3,16.7,20.5,SF/PF,3600,0.0,18.0,16.0,105,107,5%,1,6,7,13,18,21,16.6,20.2,11.6,28.8,24.0,30.0,8.3,10.3,2.85,0.0,0.0,0.0,5.15,1.425,17.333333333333332,4.666666666666667,16.47,14.166666666666666,0.0
18,4,Eric Gordon,0.0,HOU,LAL,-3.0,235.5,119.3,9,18.0,25.6,35.0,SG/SF,4700,2.0,21.0,8.0,103,102,-1%,19,16,13,31,30,29,25.2,20.0,12.6,27.4,30.0,19.3,4.1,23.0,4.89,23.5,30.5,5.0,23.25,4.945,30.0,16.0,21.689999999999998,26.2,23.6375
18,5,Marquese Chriss,0.0,GS,ORL,6.0,214.0,104.0,21,11.0,20.8,30.8,PF/C,3400,1.0,19.0,17.0,101,104,-1%,6,6,5,13,20,18,20.8,19.2,9.8,28.7,15.0,14.3,4.2,18.5,5.44,17.4,18.0,5.1,17.95,5.27,17.0,5.666666666666667,19.29,20.866666666666667,19.00588235294118
18,6,John Collins,0.0,ATL,DET,1.5,229.5,114.0,26,22.3,38.2,45.5,PF/C,8200,0.0,22.0,20.0,101,110,5%,15,13,14,28,29,31,38.2,38.7,29.4,48.0,27.2,29.3,3.6,39.8,4.85,40.4,30.0,4.9,40.099999999999994,4.875,29.333333333333332,14.0,38.88,35.333333333333336,41.01136363636363
18,7,Cedi Osman,0.0,CLE,CHI,6.5,213.0,103.3,25,8.5,22.1,33.0,SF/PF,5000,0.0,17.0,11.0,102,105,1%,11,10,9,23,31,29,22.1,20.7,12.5,28.9,27.9,28.3,5.7,24.0,4.8,24.3,31.5,4.9,24.15,4.85,27.666666666666668,10.0,21.669999999999998,21.2,27.496084337349394
19,0,Kris Dunn,0.0,CHI,CLE,-6.5,213.0,109.8,29,6.0,16.1,24.0,PG/SF,5200,0.0,16.0,12.0,101,113,6%,5,6,7,23,28,25,16.1,20.9,12.3,29.4,32.7,24.8,4.8,27.3,5.24,24.7,29.5,4.8,26.0,5.02,25.333333333333332,6.0,20.94,15.366666666666667,30.276315789473685
19,1,Terrence Ross,0.0,ORL,GS,-6.0,214.0,110.0,3,13.0,24.6,32.3,SG/SF,5300,1.0,22.0,14.0,103,109,7%,14,11,11,30,29,26,24.6,21.8,14.5,29.1,26.8,20.0,3.8,26.8,5.05,26.1,28.0,4.9,26.450000000000003,4.975,28.333333333333332,12.0,23.29,23.3,26.13882352941177
19,2,Nassir Little,0.0,POR,OKC,7.0,215.0,104.0,8,-0.5,6.2,13.3,SF/PF,3000,0.0,13.0,9.0,101,106,-11%,1,2,3,8,9,12,6.2,8.3,0.2,16.3,20.4,18.0,6.0,14.5,4.83,18.6,27.5,6.2,16.55,5.515000000000001,9.666666666666666,2.0,9.51,6.333333333333333,47.08189655172414
19,3,Dario Saric,0.0,PHO,BOS,6.0,222.0,108.0,10,10.3,14.9,25.0,SF/PF,4500,1.0,17.0,12.0,102,103,1%,8,6,9,24,22,26,14.8,23.5,11.5,35.5,37.1,35.3,7.8,20.5,4.56,21.6,27.5,4.8,21.05,4.68,24.0,7.666666666666667,21.27,16.733333333333334,24.119791666666668
19,4,Ricky Rubio,0.0,PHO,BOS,6.0,222.0,108.0,5,27.0,38.6,65.5,PG,7500,1.0,23.0,17.0,102,103,-8%,15,11,12,35,35,33,38.5,37.7,26.9,48.5,36.0,28.3,3.8,36.0,4.8,36.5,35.0,4.9,36.25,4.85,34.333333333333336,12.666666666666666,37.57,43.699999999999996,36.953883495145625
19,5,Luke Kornet,0.0,CHI,CLE,-6.5,213.0,109.8,7,5.0,19.4,33.5,PF/C,5500,0.0,0.0,0.0,101,113,1%,10,7,4,32,24,12,19.4,9.3,0.6,17.9,21.9,23.3,4.2,26.0,4.73,24.8,29.0,4.5,25.4,4.615,22.666666666666668,7.0,14.52,19.3,32.49705882352941
19,6,Norvel Pelle,0.0,PHI,NY,-4.0,217.0,110.5,18,8.5,13.1,16.5,C,3000,0.0,0.0,0.0,102,112,-2%,3,3,2,13,13,11,12.7,10.4,3.3,17.4,15.2,12.0,4.0,5.5,1.83,11.5,12.0,3.8,8.5,2.815,12.333333333333334,2.6666666666666665,10.459999999999999,12.700000000000001,8.27027027027027
19,7,John Collins,0.0,ATL,DET,1.5,229.5,114.0,26,22.3,38.2,45.5,PF/C,8200,0.0,22.0,20.0,101,110,5%,15,13,14,28,29,31,38.2,38.7,29.4,48.0,27.2,29.3,3.6,39.8,4.85,40.4,30.0,4.9,40.099999999999994,4.875,29.333333333333332,14.0,38.88,35.333333333333336,41.01136363636363
20,0,Kris Dunn,0.0,CHI,CLE,-6.5,213.0,109.8,29,6.0,16.1,24.0,PG/SF,5200,0.0,16.0,12.0,101,113,6%,5,6,7,23,28,25,16.1,20.9,12.3,29.4,32.7,24.8,4.8,27.3,5.24,24.7,29.5,4.8,26.0,5.02,25.333333333333332,6.0,20.94,15.366666666666667,30.276315789473685
20,1,Markelle Fultz,0.0,ORL,GS,-6.0,214.0,110.0,28,23.5,33.4,54.3,PG/SG,6200,1.0,23.0,14.0,103,109,8%,18,14,11,31,31,27,33.7,25.4,17.5,33.4,34.0,37.5,6.0,30.3,4.88,31.9,31.5,5.1,31.1,4.99,29.666666666666668,14.333333333333334,28.22,37.06666666666666,33.02191011235955
20,2,Eric Paschall,0.0,GS,ORL,6.0,214.0,104.0,17,7.5,21.4,32.8,SF/PF,4100,1.0,21.0,15.0,101,104,-1%,9,9,11,23,21,28,21.4,24.0,13.2,34.9,34.6,37.3,9.1,23.0,5.61,24.9,31.5,6.1,23.95,5.855,24.0,9.666666666666666,23.490000000000002,20.566666666666666,31.434375
20,3,Aaron Gordon,0.0,ORL,GS,-6.0,214.0,110.0,26,23.8,31.4,35.8,SF/PF,6400,1.0,21.0,14.0,103,109,-1%,12,12,13,33,31,32,31.4,31.0,22.4,39.5,35.4,20.3,3.2,34.5,5.39,33.2,33.0,5.2,33.85,5.295,32.0,12.333333333333334,31.630000000000003,30.333333333333332,34.9078125
20,4,Frank Ntilikina,0.0,NY,PHI,4.0,217.0,106.5,11,10.8,18.7,28.0,PG,3400,1.0,16.0,10.0,101,104,-7%,7,7,6,20,20,23,18.4,16.7,6.3,27.2,16.5,8.3,2.4,14.5,4.26,14.6,19.0,4.3,14.55,4.279999999999999,21.0,6.666666666666667,16.63,19.166666666666668,13.164285714285715
20,5,LeBron James,0.0,LAL,HOU,3.0,235.5,116.3,27,46.5,55.4,69.0,PG/SF,11000,2.0,34.0,27.0,106,107,8%,18,20,20,35,34,35,55.7,56.1,45.3,66.9,35.4,58.8,5.3,56.0,5.09,62.3,35.0,5.7,59.15,5.395,34.666666666666664,19.333333333333332,56.629999999999995,56.96666666666667,59.71875
20,6,Enes Kanter,0.0,BOS,PHO,-6.0,222.0,114.0,9,11.8,25.3,48.3,C,4600,1.0,20.0,24.0,104,108,2%,6,8,7,16,20,20,25.3,25.2,15.4,35.1,18.8,17.3,3.8,27.0,5.87,24.8,19.0,5.4,25.9,5.635,18.666666666666668,7.0,25.380000000000003,28.46666666666667,26.362499999999994
20,7,Nikola Vucevic,0.0,ORL,GS,-6.0,214.0,110.0,27,30.0,44.1,54.8,C,8300,1.0,26.0,23.0,103,109,1%,16,19,17,31,32,32,44.1,43.2,34.0,52.5,33.3,36.8,4.4,43.0,5.18,45.3,32.0,5.5,44.15,5.34,31.666666666666668,17.333333333333332,43.59,42.96666666666666,44.61473684210526
21,0,Yogi Ferrell,0.0,SAC,UTA,9.0,223.0,107.0,8,0.0,6.5,12.3,PG/SG,3000,2.0,19.0,12.0,101,105,-3%,4,3,4,9,6,13,4.0,9.6,3.3,15.9,3.3,5.5,1.8,11.8,3.92,0.0,0.0,0.0,5.9,1.96,9.333333333333334,3.6666666666666665,7.739999999999999,6.266666666666667,0.0
21,1,Kentavious Caldwell-Pope,0.0,LAL,HOU,3.0,235.5,116.3,15,17.3,20.8,32.0,SG/SF,4000,2.0,15.0,12.0,106,107,7%,10,8,8,27,25,26,21.2,18.1,11.7,24.4,33.5,35.8,8.9,19.3,4.81,22.4,28.0,5.6,20.85,5.205,26.0,8.666666666666666,19.25,23.366666666666664,22.453846153846154
21,2,Kevin Knox II,0.0,NY,PHI,4.0,217.0,106.5,16,9.0,16.9,27.3,SF/PF,3500,1.0,0.0,0.0,101,104,-4%,8,8,7,20,21,20,16.9,15.5,8.4,22.7,11.7,10.0,2.9,16.3,4.64,13.3,18.5,3.8,14.8,4.22,20.333333333333332,7.666666666666667,15.66,17.733333333333334,13.465573770491805
21,3,Marcus Morris Sr.,0.0,NY,PHI,4.0,217.0,106.5,16,20.0,34.0,53.3,SF/PF,5600,1.0,0.0,0.0,101,104,-9%,15,15,15,34,32,33,34.0,31.9,19.6,44.2,36.4,32.5,5.8,27.8,4.96,32.6,33.0,5.8,30.200000000000003,5.38,33.0,15.0,31.980000000000008,35.766666666666666,30.200000000000003
21,4,Bogdan Bogdanovic,0.0,SAC,UTA,9.0,223.0,107.0,10,17.3,25.9,39.8,SG/SF,4900,2.0,24.0,14.0,101,105,-11%,11,14,12,24,30,28,25.9,26.6,15.5,37.8,22.8,21.5,4.4,23.8,4.85,21.2,24.5,4.3,22.5,4.574999999999999,27.333333333333332,12.333333333333334,25.660000000000004,27.666666666666668,20.16768292682927
21,5,Wes Iwundu,0.0,ORL,GS,-6.0,214.0,110.0,26,10.8,19.2,31.0,SF,3400,1.0,14.0,9.0,103,109,4%,8,7,4,30,25,18,19.1,11.7,4.8,18.5,20.7,9.3,2.7,16.0,4.71,15.9,23.0,4.7,15.95,4.705,24.333333333333332,6.333333333333333,14.01,20.333333333333332,15.076027397260274
21,6,Andre Drummond,0.0,DET,ATL,-1.5,229.5,115.5,23,19.0,45.2,62.3,C,9500,2.0,24.0,22.0,106,110,3%,10,14,14,30,38,34,50.4,48.8,36.7,60.8,27.0,53.8,5.7,53.0,5.58,53.9,34.5,5.7,53.45,5.640000000000001,34.0,12.666666666666666,50.029999999999994,42.166666666666664,54.23602941176471
21,7,Matthew Dellavedova,0.0,CLE,CHI,6.5,213.0,103.3,2,1.5,10.9,20.5,PG/SG,3500,0.0,16.0,9.0,102,105,-14%,6,3,3,12,13,13,10.8,9.1,3.9,14.3,9.3,5.0,1.4,13.5,3.86,9.9,13.0,2.8,11.7,3.33,12.666666666666666,4.0,9.959999999999999,10.966666666666667,12.007894736842106
22,0,Donovan Mitchell,0.0,UTA,SAC,-9.0,223.0,116.0,14,14.3,35.5,62.5,PG/SG,7600,1.0,30.0,20.0,100,108,7%,27,21,21,39,37,36,42.0,40.6,31.7,49.6,31.8,30.5,4.0,36.5,4.8,41.3,34.5,5.4,38.9,5.1,37.333333333333336,23.0,40.559999999999995,37.43333333333333,35.94776785714286
22,1,DeAndre' Bembry,0.0,ATL,DET,1.5,229.5,114.0,27,5.0,12.6,27.8,SG/SF,3700,0.0,15.0,10.0,101,110,3%,3,5,6,21,18,22,12.6,16.6,6.7,26.6,20.1,13.0,3.5,16.8,4.53,13.1,17.0,3.5,14.95,4.015000000000001,20.333333333333332,4.666666666666667,15.49,15.133333333333335,12.499180327868851
22,2,Markieff Morris,0.0,DET,ATL,-1.5,229.5,115.5,14,7.8,16.0,35.5,PF/C,4100,2.0,21.0,13.0,106,110,6%,13,9,9,20,17,23,16.0,20.0,11.2,28.8,20.4,29.3,7.1,18.5,4.51,18.3,19.0,4.5,18.4,4.505,20.0,10.333333333333334,18.880000000000003,19.766666666666666,17.479999999999997
22,3,Dario Saric,0.0,PHO,BOS,6.0,222.0,108.0,10,10.3,14.9,25.0,SF/PF,4500,1.0,17.0,12.0,102,103,1%,8,6,9,24,22,26,14.8,23.5,11.5,35.5,37.1,35.3,7.8,20.5,4.56,21.6,27.5,4.8,21.05,4.68,24.0,7.666666666666667,21.27,16.733333333333334,24.119791666666668
22,4,Russell Westbrook,0.0,HOU,LAL,-3.0,235.5,119.3,15,39.3,50.0,68.3,PG,9300,2.0,34.0,19.0,103,102,-2%,23,23,22,37,36,36,50.3,49.9,38.7,61.0,40.3,60.3,6.5,47.8,5.13,50.7,36.5,5.5,49.25,5.3149999999999995,36.333333333333336,22.666666666666668,49.83,52.53333333333333,49.475917431192656
22,5,Justin James,0.0,SAC,UTA,9.0,223.0,107.0,10,0.0,4.5,10.5,SG/SF,3000,2.0,0.0,0.0,101,105,-3%,1,1,3,3,3,9,2.4,6.9,-1.0,14.9,11.1,5.8,1.9,6.0,2.0,0.0,0.0,0.0,3.0,1.0,5.0,1.6666666666666667,5.24,5.0,0.0
22,6,Willie Cauley-Stein,0.0,GS,ORL,6.0,214.0,104.0,14,4.8,18.0,25.3,C,3700,1.0,14.0,16.0,101,104,-6%,5,5,6,25,21,23,17.9,22.2,14.9,29.4,25.1,22.5,6.1,21.3,5.74,22.6,24.5,6.1,21.950000000000003,5.92,23.0,5.333333333333333,21.270000000000003,16.033333333333335,23.381521739130438
22,7,Royce O'Neale,0.0,UTA,SAC,-9.0,223.0,116.0,3,15.0,21.2,25.0,SF,3700,1.0,9.0,9.0,100,108,3%,5,4,5,34,30,30,21.1,18.8,11.9,25.7,32.6,19.5,5.3,18.5,5.0,18.0,28.0,4.9,18.25,4.95,31.333333333333332,4.666666666666667,19.150000000000002,20.400000000000002,16.308510638297875
23,0,Brandon Goodwin,0.0,ATL,DET,1.5,229.5,114.0,26,10.5,15.9,20.0,PG/SG,3400,0.0,0.0,0.0,101,110,3%,6,9,6,14,18,14,15.8,13.3,2.6,24.0,4.3,2.0,0.6,6.3,1.84,0.0,0.0,0.0,3.15,0.92,15.333333333333334,7.0,11.77,15.466666666666667,0.0
23,1,Anfernee Simons,0.0,POR,OKC,7.0,215.0,104.0,16,7.5,14.0,22.8,PG/SG,3100,0.0,19.0,9.0,101,106,-8%,7,7,9,24,22,22,13.9,15.9,8.2,23.5,35.3,17.8,5.7,25.5,8.23,23.7,33.5,7.6,24.6,7.915,22.666666666666668,7.666666666666667,17.22,14.766666666666666,36.357352941176465
23,2,Thon Maker,0.0,DET,ATL,-1.5,229.5,115.5,14,0.0,9.5,23.5,PF/C,3100,2.0,14.0,12.0,106,110,3%,1,3,2,4,11,11,9.5,8.4,1.7,15.1,4.9,6.3,2.0,5.5,1.77,0.0,0.0,0.0,2.75,0.885,8.666666666666666,2.0,7.49,11.0,0.0
23,3,Matisse Thybulle,0.0,PHI,NY,-4.0,217.0,110.5,29,8.8,17.2,25.0,SG/SF,4300,0.0,12.0,10.0,102,112,3%,6,5,4,32,26,19,16.8,13.0,3.8,22.3,29.1,15.3,3.6,23.0,5.35,23.1,31.0,5.4,23.05,5.375,25.666666666666668,5.0,15.790000000000001,17.0,27.83961038961039
23,4,Svi Mykhailiuk,0.0,DET,ATL,-1.5,229.5,115.5,17,5.5,22.4,32.3,SG/SF,4400,2.0,16.0,11.0,106,110,19%,9,9,6,32,31,21,22.4,14.0,5.2,22.7,28.9,37.5,8.5,21.5,4.89,21.4,29.0,4.9,21.45,4.895,28.0,8.0,17.15,20.066666666666666,22.21607142857143
23,5,Danny Green,0.0,LAL,HOU,3.0,235.5,116.3,15,12.3,19.1,26.0,SF,4000,2.0,14.0,12.0,106,107,7%,10,7,7,20,22,25,18.6,19.1,10.2,28.0,32.6,39.3,9.8,19.0,4.75,19.4,23.0,4.8,19.2,4.775,22.333333333333332,8.0,19.020000000000003,19.133333333333336,19.77313432835821
23,6,P.J. Tucker,0.0,HOU,LAL,-3.0,235.5,119.3,3,1.3,15.2,37.8,PF/C,3600,2.0,9.0,9.0,103,102,-5%,2,3,6,34,34,36,16.6,23.1,13.1,33.0,34.6,17.5,4.9,18.3,5.07,17.2,31.0,4.8,17.75,4.9350000000000005,34.666666666666664,3.6666666666666665,20.71,18.099999999999998,15.872596153846157
23,7,Tim Frazier,0.0,DET,ATL,-1.5,229.5,115.5,25,0.5,10.2,19.0,PG,3000,2.0,20.0,11.0,106,110,-1%,3,4,4,12,14,13,10.2,11.5,3.3,19.7,21.7,12.0,4.0,11.8,3.92,11.0,12.5,3.7,11.4,3.81,13.0,3.6666666666666665,11.219999999999999,9.9,10.961538461538462
24,0,Dante Exum,0.0,CLE,CHI,6.5,213.0,103.3,2,7.5,14.3,37.3,PG/SG,3600,0.0,0.0,0.0,102,105,-14%,5,6,4,18,20,12,14.3,8.7,0.6,16.8,15.3,5.0,1.4,15.8,4.38,13.1,16.0,3.6,14.45,3.99,16.666666666666668,5.0,10.969999999999999,19.7,13.871999999999998
24,1,Cory Joseph,0.0,SAC,UTA,9.0,223.0,107.0,8,6.5,13.5,22.3,PG/SG,3000,2.0,15.0,9.0,101,105,-3%,4,6,6,20,22,26,13.5,17.1,9.3,24.9,22.9,14.0,4.7,14.0,4.67,11.6,18.0,3.9,12.8,4.285,22.666666666666668,5.333333333333333,15.52,14.1,10.16470588235294
24,2,Danuel House Jr.,0.0,HOU,LAL,-3.0,235.5,119.3,7,5.5,11.7,22.3,SF/PF,3700,2.0,13.0,11.0,103,102,-7%,5,5,8,24,29,31,11.7,20.6,11.8,29.5,23.2,17.5,4.7,16.8,4.53,16.6,25.0,4.5,16.700000000000003,4.515000000000001,28.0,6.0,18.06,13.166666666666666,14.910714285714288
24,3,Bojan Bogdanovic,0.0,UTA,SAC,-9.0,223.0,116.0,3,22.5,30.8,38.3,SF/PF,6300,1.0,26.0,16.0,100,108,3%,17,18,16,36,34,34,32.9,31.3,22.2,40.3,30.9,38.5,6.1,30.5,4.84,32.0,32.5,5.1,31.25,4.97,34.666666666666664,17.0,31.589999999999996,30.53333333333333,29.296875
24,4,Yogi Ferrell,0.0,SAC,UTA,9.0,223.0,107.0,8,0.0,6.5,12.3,PG/SG,3000,2.0,19.0,12.0,101,105,-3%,4,3,4,9,6,13,4.0,9.6,3.3,15.9,3.3,5.5,1.8,11.8,3.92,0.0,0.0,0.0,5.9,1.96,9.333333333333334,3.6666666666666665,7.739999999999999,6.266666666666667,0.0
24,5,Christian Wood,0.0,DET,ATL,-1.5,229.5,115.5,14,5.3,23.1,47.5,PF/C,4400,2.0,21.0,22.0,106,110,6%,7,8,6,17,17,17,23.1,19.5,6.9,32.1,16.1,27.8,6.3,21.0,4.77,17.7,15.0,4.0,19.35,4.385,17.0,7.0,20.190000000000005,25.3,17.07352941176471
24,6,Hassan Whiteside,0.0,POR,OKC,7.0,215.0,104.0,22,25.8,44.0,57.0,C,7900,0.0,20.0,25.0,101,106,1%,13,11,11,37,33,30,44.0,42.1,30.7,53.4,31.7,25.8,3.3,46.0,5.82,47.2,36.0,6.0,46.6,5.91,33.333333333333336,11.666666666666666,43.36,42.266666666666666,50.327999999999996
24,7,Donovan Mitchell,0.0,UTA,SAC,-9.0,223.0,116.0,14,14.3,35.5,62.5,PG/SG,7600,1.0,30.0,20.0,100,108,7%,27,21,21,39,37,36,42.0,40.6,31.7,49.6,31.8,30.5,4.0,36.5,4.8,41.3,34.5,5.4,38.9,5.1,37.333333333333336,23.0,40.559999999999995,37.43333333333333,35.94776785714286
26,0,Frank Ntilikina,0.0,NY,PHI,4.0,217.0,106.5,11,10.8,18.7,28.0,PG,3400,1.0,16.0,10.0,101,104,-7%,7,7,6,20,20,23,18.4,16.7,6.3,27.2,16.5,8.3,2.4,14.5,4.26,14.6,19.0,4.3,14.55,4.279999999999999,21.0,6.666666666666667,16.63,19.166666666666668,13.164285714285715
26,1,Langston Galloway,0.0,DET,ATL,-1.5,229.5,115.5,25,2.5,9.0,16.3,PG/SG,3000,2.0,16.0,13.0,106,110,5%,5,5,8,22,20,25,8.9,17.3,9.8,24.8,27.4,26.8,8.9,13.3,4.42,11.2,15.5,3.7,12.25,4.0600000000000005,22.333333333333332,6.0,14.61,9.266666666666667,8.501865671641792
26,2,Aaron Gordon,0.0,ORL,GS,-6.0,214.0,110.0,26,23.8,31.4,35.8,SF/PF,6400,1.0,21.0,14.0,103,109,-1%,12,12,13,33,31,32,31.4,31.0,22.4,39.5,35.4,20.3,3.2,34.5,5.39,33.2,33.0,5.2,33.85,5.295,32.0,12.333333333333334,31.630000000000003,30.333333333333332,34.9078125
26,3,Robert Covington,0.0,MIN,TOR,5.0,222.5,108.8,23,27.5,32.0,39.3,SF/PF,6100,0.0,17.0,15.0,103,102,1%,12,12,10,33,29,29,32.0,27.9,19.3,36.6,33.2,39.0,6.4,30.0,4.92,30.3,31.5,5.0,30.15,4.96,30.333333333333332,11.333333333333334,29.189999999999998,32.93333333333333,31.309615384615384
26,4,D'Angelo Russell,0.0,GS,ORL,6.0,214.0,104.0,10,25.8,44.4,52.5,PG/SG,7400,1.0,33.0,19.0,101,104,-2%,18,21,19,35,34,32,44.4,40.5,26.7,54.2,34.5,53.5,7.2,41.0,5.54,41.8,34.0,5.6,41.4,5.57,33.666666666666664,19.333333333333332,41.440000000000005,40.9,41.80990099009901
26,5,Kevin Love,0.0,CLE,CHI,6.5,213.0,103.3,18,32.8,39.8,49.3,PF,7800,0.0,23.0,18.0,102,105,9%,15,15,13,34,36,32,39.6,37.7,26.3,49.1,34.1,49.3,6.3,38.3,4.9,40.6,32.0,5.2,39.45,5.050000000000001,34.0,14.333333333333334,38.43000000000001,40.63333333333333,37.129411764705885
26,6,Tristan Thompson,0.0,CLE,CHI,6.5,213.0,103.3,25,10.0,33.4,65.5,C,6600,0.0,19.0,17.0,102,105,11%,5,10,10,24,33,32,33.4,32.2,20.8,43.6,36.8,31.0,4.7,32.0,4.85,33.5,32.0,5.1,32.75,4.975,29.666666666666668,8.333333333333334,32.55,36.300000000000004,35.32584269662921
26,7,Evan Fournier,0.0,ORL,GS,-6.0,214.0,110.0,3,20.3,30.4,39.3,SG/SF,5900,1.0,25.0,17.0,103,109,4%,16,15,15,33,34,32,28.4,29.9,21.8,38.0,32.2,25.0,4.2,32.3,5.47,31.9,31.5,5.4,32.099999999999994,5.4350000000000005,33.0,15.333333333333334,30.04,30.0,30.640909090909087
27,0,Devin Booker,0.0,PHO,BOS,6.0,222.0,108.0,5,31.5,44.3,55.8,PG/SG,8400,1.0,30.0,21.0,102,103,-4%,18,18,18,36,37,36,46.3,42.1,30.6,53.6,40.6,69.0,8.2,41.5,4.94,41.9,36.5,5.0,41.7,4.970000000000001,36.333333333333336,18.0,42.86,43.86666666666667,41.89128440366972
27,1,Javonte Green,0.0,BOS,PHO,-6.0,222.0,114.0,16,1.3,8.1,17.3,SG,3000,1.0,14.0,14.0,104,108,0%,2,2,2,8,8,8,8.1,6.0,1.0,11.1,17.4,16.5,5.5,10.3,3.42,11.9,13.5,4.0,11.100000000000001,3.71,8.0,2.0,7.459999999999999,8.9,18.731250000000003
27,2,Omari Spellman,0.0,GS,ORL,6.0,214.0,104.0,21,7.3,21.4,34.8,PF/C,4400,1.0,19.0,17.0,101,104,-1%,6,7,6,22,23,18,21.4,18.0,8.4,27.6,21.3,17.8,4.0,25.0,5.68,23.2,24.5,5.3,24.1,5.49,21.0,6.333333333333333,19.9,21.166666666666668,28.11666666666667
27,3,Danuel House Jr.,0.0,HOU,LAL,-3.0,235.5,119.3,7,5.5,11.7,22.3,SF/PF,3700,2.0,13.0,11.0,103,102,-7%,5,5,8,24,29,31,11.7,20.6,11.8,29.5,23.2,17.5,4.7,16.8,4.53,16.6,25.0,4.5,16.700000000000003,4.515000000000001,28.0,6.0,18.06,13.166666666666666,14.910714285714288
27,4,Avery Bradley,0.0,LAL,HOU,3.0,235.5,116.3,15,6.3,11.9,16.8,SG,3600,2.0,15.0,8.0,106,107,7%,7,6,8,19,22,24,11.9,14.3,7.0,21.7,17.9,8.8,2.4,14.0,3.89,15.9,23.5,4.4,14.95,4.1450000000000005,21.666666666666668,7.0,13.970000000000002,11.666666666666666,16.215
27,5,Royce O'Neale,0.0,UTA,SAC,-9.0,223.0,116.0,3,15.0,21.2,25.0,SF,3700,1.0,9.0,9.0,100,108,3%,5,4,5,34,30,30,21.1,18.8,11.9,25.7,32.6,19.5,5.3,18.5,5.0,18.0,28.0,4.9,18.25,4.95,31.333333333333332,4.666666666666667,19.150000000000002,20.400000000000002,16.308510638297875
27,6,Markieff Morris,0.0,DET,ATL,-1.5,229.5,115.5,14,7.8,16.0,35.5,PF/C,4100,2.0,21.0,13.0,106,110,6%,13,9,9,20,17,23,16.0,20.0,11.2,28.8,20.4,29.3,7.1,18.5,4.51,18.3,19.0,4.5,18.4,4.505,20.0,10.333333333333334,18.880000000000003,19.766666666666666,17.479999999999997
27,7,Brad Wanamaker,0.0,BOS,PHO,-6.0,222.0,114.0,4,9.3,14.6,18.5,PG/SG,3100,1.0,17.0,12.0,104,108,3%,6,5,5,18,19,20,14.6,15.7,10.0,21.3,22.6,4.8,1.5,21.5,6.94,19.9,23.5,6.4,20.7,6.67,19.0,5.333333333333333,16.46,14.133333333333333,25.60263157894737
28,0,Russell Westbrook,0.0,HOU,LAL,-3.0,235.5,119.3,15,39.3,50.0,68.3,PG,9300,2.0,34.0,19.0,103,102,-2%,23,23,22,37,36,36,50.3,49.9,38.7,61.0,40.3,60.3,6.5,47.8,5.13,50.7,36.5,5.5,49.25,5.3149999999999995,36.333333333333336,22.666666666666668,49.83,52.53333333333333,49.475917431192656
28,1,Jordan Clarkson,0.0,UTA,SAC,-9.0,223.0,116.0,14,17.0,24.5,33.5,PG/SG,4700,1.0,26.0,18.0,100,108,-4%,12,15,12,23,26,24,24.4,22.9,13.8,31.9,27.0,30.3,6.4,22.8,4.84,20.8,22.0,4.4,21.8,4.62,24.333333333333332,13.0,22.959999999999997,25.0,19.709589041095892
28,2,Jayson Tatum,0.0,BOS,PHO,-6.0,222.0,114.0,27,26.5,39.9,63.5,PF,7100,1.0,27.0,18.0,104,108,3%,19,18,18,35,34,35,40.3,38.4,27.7,49.2,39.2,50.0,7.0,41.5,5.85,44.4,35.5,6.3,42.95,6.074999999999999,34.666666666666664,18.333333333333332,39.71,43.300000000000004,43.98245192307693
28,3,Bojan Bogdanovic,0.0,UTA,SAC,-9.0,223.0,116.0,3,22.5,30.8,38.3,SF/PF,6300,1.0,26.0,16.0,100,108,3%,17,18,16,36,34,34,32.9,31.3,22.2,40.3,30.9,38.5,6.1,30.5,4.84,32.0,32.5,5.1,31.25,4.97,34.666666666666664,17.0,31.589999999999996,30.53333333333333,29.296875
28,4,Trae Young,0.0,ATL,DET,1.5,229.5,114.0,26,35.5,57.1,78.8,PG,10100,0.0,36.0,23.0,101,110,3%,21,21,22,36,36,36,57.4,52.3,39.2,65.5,27.4,37.5,3.7,49.8,4.93,51.7,35.0,5.1,50.75,5.015,36.0,21.333333333333332,53.029999999999994,57.133333333333326,49.34027777777778
28,5,Ben McLemore,0.0,HOU,LAL,-3.0,235.5,119.3,9,15.0,22.7,26.3,SG/SF,4200,2.0,16.0,12.0,103,102,-1%,14,10,9,31,29,25,22.6,18.5,8.9,28.2,23.6,15.0,3.6,20.8,4.94,19.5,28.5,4.6,20.15,4.77,28.333333333333332,11.0,19.669999999999998,21.333333333333332,20.268529411764707
28,6,Khem Birch,0.0,ORL,GS,-6.0,214.0,110.0,17,1.3,13.7,32.8,PF/C,3200,1.0,9.0,10.0,103,109,1%,1,2,3,17,23,24,13.7,15.0,6.3,23.7,16.5,7.3,2.3,14.5,4.53,15.7,20.5,4.9,15.1,4.715,21.333333333333332,2.0,14.76,15.933333333333332,14.510156250000001
28,7,Rayjon Tucker,0.0,UTA,SAC,-9.0,223.0,116.0,26,0.0,3.2,5.0,SG/SF,3000,1.0,0.0,0.0,100,108,-4%,1,1,1,4,9,7,3.2,3.2,1.4,4.9,3.3,1.3,0.4,1.0,0.33,0.0,0.0,0.0,0.5,0.165,6.666666666666667,1.0,2.64,2.733333333333333,0.0
29,0,Patrick McCaw,0.0,TOR,MIN,-5.0,222.5,113.8,22,7.0,18.4,38.8,PG/SF,3700,0.0,12.0,8.0,105,107,3%,4,6,6,24,29,28,18.4,16.2,5.9,26.5,21.6,11.3,3.1,8.5,2.3,9.7,16.0,2.6,9.1,2.45,27.0,5.333333333333333,15.219999999999999,21.399999999999995,5.392592592592592
29,1,Furkan Korkmaz,0.0,PHI,NY,-4.0,217.0,110.5,29,8.3,17.0,33.5,SG,3200,0.0,17.0,10.0,102,112,0%,12,8,7,24,20,21,17.0,14.7,6.6,22.7,21.5,18.5,5.8,16.0,5.0,16.8,21.5,5.3,16.4,5.15,21.666666666666668,9.0,15.48,19.599999999999998,16.27384615384615
29,2,Marquese Chriss,0.0,GS,ORL,6.0,214.0,104.0,21,11.0,20.8,30.8,PF/C,3400,1.0,19.0,17.0,101,104,-1%,6,6,5,13,20,18,20.8,19.2,9.8,28.7,15.0,14.3,4.2,18.5,5.44,17.4,18.0,5.1,17.95,5.27,17.0,5.666666666666667,19.29,20.866666666666667,19.00588235294118
29,3,OG Anunoby,0.0,TOR,MIN,-5.0,222.5,113.8,24,17.3,29.1,41.8,SF/PF,5200,0.0,15.0,13.0,105,107,5%,13,11,9,32,32,31,29.1,26.2,15.6,36.9,24.2,5.3,1.0,22.3,4.28,24.0,28.0,4.6,23.15,4.4399999999999995,31.666666666666668,11.0,26.189999999999998,29.400000000000002,20.469473684210524
29,4,Alex Caruso,0.0,LAL,HOU,3.0,235.5,116.3,27,3.5,12.6,20.3,PG/SG,3800,2.0,14.0,11.0,106,107,7%,7,6,5,19,20,20,16.8,13.9,7.0,20.7,18.1,17.5,4.6,16.0,4.21,14.2,17.5,3.7,15.1,3.955,19.666666666666668,6.0,14.7,12.133333333333335,13.4364406779661
29,5,Kyle Kuzma,0.0,LAL,HOU,3.0,235.5,116.3,15,18.8,29.9,46.3,SF/PF,6200,2.0,23.0,12.0,106,107,4%,12,16,11,26,29,25,29.9,21.3,11.4,31.1,37.5,35.0,5.6,21.0,3.39,28.0,29.0,4.5,24.5,3.9450000000000003,26.666666666666668,13.0,23.640000000000004,31.666666666666668,26.643749999999997
29,6,Luke Kornet,0.0,CHI,CLE,-6.5,213.0,109.8,7,5.0,19.4,33.5,PF/C,5500,0.0,0.0,0.0,101,113,1%,10,7,4,32,24,12,19.4,9.3,0.6,17.9,21.9,23.3,4.2,26.0,4.73,24.8,29.0,4.5,25.4,4.615,22.666666666666668,7.0,14.52,19.3,32.49705882352941
29,7,Alec Burks,0.0,GS,ORL,6.0,214.0,104.0,10,19.5,30.1,38.8,PG/SG,5100,1.0,24.0,16.0,101,104,0%,14,14,13,31,29,30,30.1,30.0,19.5,40.5,32.0,24.5,4.8,29.8,5.83,31.2,32.0,6.1,30.5,5.965,30.0,13.666666666666666,30.119999999999997,29.46666666666667,32.53333333333333
30,0,Dante Exum,0.0,CLE,CHI,6.5,213.0,103.3,2,7.5,14.3,37.3,PG/SG,3600,0.0,0.0,0.0,102,105,-14%,5,6,4,18,20,12,14.3,8.7,0.6,16.8,15.3,5.0,1.4,15.8,4.38,13.1,16.0,3.6,14.45,3.99,16.666666666666668,5.0,10.969999999999999,19.7,13.871999999999998
30,1,Furkan Korkmaz,0.0,PHI,NY,-4.0,217.0,110.5,29,8.3,17.0,33.5,SG,3200,0.0,17.0,10.0,102,112,0%,12,8,7,24,20,21,17.0,14.7,6.6,22.7,21.5,18.5,5.8,16.0,5.0,16.8,21.5,5.3,16.4,5.15,21.666666666666668,9.0,15.48,19.599999999999998,16.27384615384615
30,2,Deandre Ayton,0.0,PHO,BOS,6.0,222.0,108.0,29,31.3,39.9,59.8,PF/C,8000,1.0,22.0,21.0,102,103,-5%,15,15,14,34,32,31,39.9,38.8,29.2,48.4,35.8,52.3,6.5,41.5,5.19,41.1,34.5,5.1,41.3,5.145,32.333333333333336,14.666666666666666,39.519999999999996,43.666666666666664,44.067525773195875
30,3,DeAndre' Bembry,0.0,ATL,DET,1.5,229.5,114.0,27,5.0,12.6,27.8,SG/SF,3700,0.0,15.0,10.0,101,110,3%,3,5,6,21,18,22,12.6,16.6,6.7,26.6,20.1,13.0,3.5,16.8,4.53,13.1,17.0,3.5,14.95,4.015000000000001,20.333333333333332,4.666666666666667,15.49,15.133333333333335,12.499180327868851
30,4,Buddy Hield,0.0,SAC,UTA,9.0,223.0,107.0,10,23.3,30.2,34.0,SG/SF,6400,2.0,27.0,15.0,101,105,-11%,19,18,18,38,37,35,35.3,35.2,25.3,45.1,34.6,22.3,3.5,33.8,5.27,33.3,35.0,5.2,33.55,5.234999999999999,36.666666666666664,18.333333333333332,34.89,29.166666666666668,32.025
30,5,Cedi Osman,0.0,CLE,CHI,6.5,213.0,103.3,25,8.5,22.1,33.0,SF/PF,5000,0.0,17.0,11.0,102,105,1%,11,10,9,23,31,29,22.1,20.7,12.5,28.9,27.9,28.3,5.7,24.0,4.8,24.3,31.5,4.9,24.15,4.85,27.666666666666668,10.0,21.669999999999998,21.2,27.496084337349394
30,6,Andre Drummond,0.0,DET,ATL,-1.5,229.5,115.5,23,19.0,45.2,62.3,C,9500,2.0,24.0,22.0,106,110,3%,10,14,14,30,38,34,50.4,48.8,36.7,60.8,27.0,53.8,5.7,53.0,5.58,53.9,34.5,5.7,53.45,5.640000000000001,34.0,12.666666666666666,50.029999999999994,42.166666666666664,54.23602941176471
30,7,Mo Bamba,0.0,ORL,GS,-6.0,214.0,110.0,27,10.0,14.4,23.8,C,3100,1.0,0.0,0.0,103,109,1%,5,4,5,17,15,15,14.3,16.2,9.1,23.3,14.7,26.3,8.5,14.5,4.68,16.9,15.5,5.5,15.7,5.09,15.666666666666666,4.666666666666667,15.719999999999999,16.066666666666666,15.532978723404256
31,0,Devin Booker,0.0,PHO,BOS,6.0,222.0,108.0,5,31.5,44.3,55.8,PG/SG,8400,1.0,30.0,21.0,102,103,-4%,18,18,18,36,37,36,46.3,42.1,30.6,53.6,40.6,69.0,8.2,41.5,4.94,41.9,36.5,5.0,41.7,4.970000000000001,36.333333333333336,18.0,42.86,43.86666666666667,41.89128440366972
31,1,Alec Burks,0.0,GS,ORL,6.0,214.0,104.0,10,19.5,30.1,38.8,PG/SG,5100,1.0,24.0,16.0,101,104,0%,14,14,13,31,29,30,30.1,30.0,19.5,40.5,32.0,24.5,4.8,29.8,5.83,31.2,32.0,6.1,30.5,5.965,30.0,13.666666666666666,30.119999999999997,29.46666666666667,32.53333333333333
31,2,Georges Niang,0.0,UTA,SAC,-9.0,223.0,116.0,3,4.5,13.4,24.3,SF/PF,3000,1.0,15.0,12.0,100,108,3%,5,6,4,16,18,14,13.4,10.1,3.0,17.2,15.7,12.5,4.2,9.0,3.0,10.4,14.0,3.5,9.7,3.25,16.0,5.0,10.680000000000001,14.066666666666668,8.487499999999999
31,3,Kevin Knox II,0.0,NY,PHI,4.0,217.0,106.5,16,9.0,16.9,27.3,SF/PF,3500,1.0,0.0,0.0,101,104,-4%,8,8,7,20,21,20,16.9,15.5,8.4,22.7,11.7,10.0,2.9,16.3,4.64,13.3,18.5,3.8,14.8,4.22,20.333333333333332,7.666666666666667,15.66,17.733333333333334,13.465573770491805
31,4,Yogi Ferrell,0.0,SAC,UTA,9.0,223.0,107.0,8,0.0,6.5,12.3,PG/SG,3000,2.0,19.0,12.0,101,105,-3%,4,3,4,9,6,13,4.0,9.6,3.3,15.9,3.3,5.5,1.8,11.8,3.92,0.0,0.0,0.0,5.9,1.96,9.333333333333334,3.6666666666666665,7.739999999999999,6.266666666666667,0.0
31,5,Thon Maker,0.0,DET,ATL,-1.5,229.5,115.5,14,0.0,9.5,23.5,PF/C,3100,2.0,14.0,12.0,106,110,3%,1,3,2,4,11,11,9.5,8.4,1.7,15.1,4.9,6.3,2.0,5.5,1.77,0.0,0.0,0.0,2.75,0.885,8.666666666666666,2.0,7.49,11.0,0.0
31,6,Taj Gibson,0.0,NY,PHI,4.0,217.0,106.5,12,3.5,14.6,30.5,C,3400,1.0,14.0,13.0,101,104,-9%,2,5,4,12,19,16,14.6,13.3,5.5,21.1,23.5,17.0,5.0,12.8,3.75,13.1,16.5,3.9,12.95,3.825,15.666666666666666,3.6666666666666665,13.49,16.2,13.638829787234043
31,7,Trae Young,0.0,ATL,DET,1.5,229.5,114.0,26,35.5,57.1,78.8,PG,10100,0.0,36.0,23.0,101,110,3%,21,21,22,36,36,36,57.4,52.3,39.2,65.5,27.4,37.5,3.7,49.8,4.93,51.7,35.0,5.1,50.75,5.015,36.0,21.333333333333332,53.029999999999994,57.133333333333326,49.34027777777778
32,0,Shai Gilgeous-Alexander,0.0,OKC,POR,-7.0,215.0,111.0,21,30.8,43.5,65.0,PG/SG,7200,0.0,24.0,18.0,104,109,-3%,12,13,16,38,35,36,43.8,35.4,24.7,46.2,34.6,42.5,5.9,36.0,5.0,37.8,37.0,5.2,36.9,5.1,36.333333333333336,13.666666666666666,37.4,46.43333333333334,37.57706422018349
32,1,Jordan Poole,0.0,GS,ORL,6.0,214.0,104.0,18,6.8,16.8,28.0,SG,3400,1.0,20.0,5.0,101,104,-2%,11,8,8,20,19,21,16.8,14.3,6.5,22.0,27.8,30.8,9.1,19.5,5.74,16.2,22.0,4.8,17.85,5.27,20.0,9.0,15.49,17.2,19.635
32,2,Darius Bazley,0.0,OKC,POR,-7.0,215.0,111.0,6,3.5,7.4,11.3,PF,3700,0.0,13.0,7.0,104,109,1%,6,3,4,16,15,17,7.4,11.2,4.5,18.0,31.2,28.8,7.8,22.8,6.15,18.7,24.5,5.1,20.75,5.625,16.0,4.333333333333333,12.370000000000001,7.400000000000001,31.7734375
32,3,Gordon Hayward,0.0,BOS,PHO,-6.0,222.0,114.0,4,12.5,25.8,38.8,SF/PF,6000,1.0,21.0,18.0,104,108,3%,13,12,13,32,32,32,25.8,32.5,21.4,43.5,41.1,44.8,7.5,39.5,6.58,37.3,34.5,6.2,38.4,6.390000000000001,32.0,12.666666666666666,32.32,25.7,41.4
32,4,Justin James,0.0,SAC,UTA,9.0,223.0,107.0,10,0.0,4.5,10.5,SG/SF,3000,2.0,0.0,0.0,101,105,-3%,1,1,3,3,3,9,2.4,6.9,-1.0,14.9,11.1,5.8,1.9,6.0,2.0,0.0,0.0,0.0,3.0,1.0,5.0,1.6666666666666667,5.24,5.0,0.0
32,5,Vince Carter,0.0,ATL,DET,1.5,229.5,114.0,1,0.0,9.3,22.3,SF/PF,3000,0.0,16.0,6.0,101,110,-4%,5,4,5,16,13,15,9.3,10.4,3.2,17.7,10.1,8.8,2.9,8.3,2.75,8.5,11.0,2.8,8.4,2.775,14.666666666666666,4.666666666666667,9.8,10.533333333333333,6.300000000000001
32,6,P.J. Tucker,0.0,HOU,LAL,-3.0,235.5,119.3,3,1.3,15.2,37.8,PF/C,3600,2.0,9.0,9.0,103,102,-5%,2,3,6,34,34,36,16.6,23.1,13.1,33.0,34.6,17.5,4.9,18.3,5.07,17.2,31.0,4.8,17.75,4.9350000000000005,34.666666666666664,3.6666666666666665,20.71,18.099999999999998,15.872596153846157
32,7,Tim Frazier,0.0,DET,ATL,-1.5,229.5,115.5,25,0.5,10.2,19.0,PG,3000,2.0,20.0,11.0,106,110,-1%,3,4,4,12,14,13,10.2,11.5,3.3,19.7,21.7,12.0,4.0,11.8,3.92,11.0,12.5,3.7,11.4,3.81,13.0,3.6666666666666665,11.219999999999999,9.9,10.961538461538462
33,0,Russell Westbrook,0.0,HOU,LAL,-3.0,235.5,119.3,15,39.3,50.0,68.3,PG,9300,2.0,34.0,19.0,103,102,-2%,23,23,22,37,36,36,50.3,49.9,38.7,61.0,40.3,60.3,6.5,47.8,5.13,50.7,36.5,5.5,49.25,5.3149999999999995,36.333333333333336,22.666666666666668,49.83,52.53333333333333,49.475917431192656
33,1,Javonte Green,0.0,BOS,PHO,-6.0,222.0,114.0,16,1.3,8.1,17.3,SG,3000,1.0,14.0,14.0,104,108,0%,2,2,2,8,8,8,8.1,6.0,1.0,11.1,17.4,16.5,5.5,10.3,3.42,11.9,13.5,4.0,11.100000000000001,3.71,8.0,2.0,7.459999999999999,8.9,18.731250000000003
33,2,Thon Maker,0.0,DET,ATL,-1.5,229.5,115.5,14,0.0,9.5,23.5,PF/C,3100,2.0,14.0,12.0,106,110,3%,1,3,2,4,11,11,9.5,8.4,1.7,15.1,4.9,6.3,2.0,5.5,1.77,0.0,0.0,0.0,2.75,0.885,8.666666666666666,2.0,7.49,11.0,0.0
33,3,Tobias Harris,0.0,PHI,NY,-4.0,217.0,110.5,29,26.3,37.8,56.5,SF/PF,7600,0.0,24.0,18.0,102,112,3%,16,17,16,36,36,35,37.8,36.2,26.9,45.6,34.3,30.5,4.0,36.8,4.84,40.4,35.0,5.3,38.599999999999994,5.07,35.666666666666664,16.333333333333332,37.019999999999996,40.199999999999996,37.87850467289719
33,4,Joe Ingles,0.0,UTA,SAC,-9.0,223.0,116.0,26,18.0,31.0,42.8,SG/SF,5500,1.0,17.0,14.0,100,108,3%,13,11,9,35,30,30,30.7,26.2,16.0,36.5,30.8,29.8,5.4,27.0,4.91,29.9,31.0,5.4,28.45,5.155,31.666666666666668,11.0,27.57,30.599999999999998,27.851052631578945
33,5,Eric Gordon,0.0,HOU,LAL,-3.0,235.5,119.3,9,18.0,25.6,35.0,SG/SF,4700,2.0,21.0,8.0,103,102,-1%,19,16,13,31,30,29,25.2,20.0,12.6,27.4,30.0,19.3,4.1,23.0,4.89,23.5,30.5,5.0,23.25,4.945,30.0,16.0,21.689999999999998,26.2,23.6375
33,6,Marvin Bagley III,0.0,SAC,UTA,9.0,223.0,107.0,23,19.5,25.2,32.3,PF/C,5100,2.0,26.0,16.0,101,105,-3%,13,12,12,27,24,24,25.2,25.6,20.9,30.4,30.2,33.8,6.6,30.5,5.98,29.6,30.0,5.8,30.05,5.890000000000001,25.0,12.333333333333334,26.43,25.666666666666668,36.06
33,7,Hamidou Diallo,0.0,OKC,POR,-7.0,215.0,111.0,28,3.3,8.5,20.5,SG/SF,3000,0.0,18.0,10.0,104,109,-3%,8,6,7,18,18,20,10.1,14.8,7.8,21.8,32.9,5.8,1.9,18.8,6.25,17.5,25.0,5.8,18.15,6.025,18.666666666666668,7.0,14.530000000000001,10.766666666666666,24.30803571428571
34,0,Kyle Lowry,0.0,TOR,MIN,-5.0,222.5,113.8,22,31.3,40.1,48.8,PG,7800,0.0,24.0,17.0,105,107,3%,14,17,15,36,39,39,43.1,42.4,34.2,50.7,28.3,43.3,5.6,38.3,4.9,37.5,34.5,4.8,37.9,4.85,38.0,15.333333333333334,41.66,40.06666666666667,34.40921052631579
34,1,Furkan Korkmaz,0.0,PHI,NY,-4.0,217.0,110.5,29,8.3,17.0,33.5,SG,3200,0.0,17.0,10.0,102,112,0%,12,8,7,24,20,21,17.0,14.7,6.6,22.7,21.5,18.5,5.8,16.0,5.0,16.8,21.5,5.3,16.4,5.15,21.666666666666668,9.0,15.48,19.599999999999998,16.27384615384615
34,2,Dario Saric,0.0,PHO,BOS,6.0,222.0,108.0,10,10.3,14.9,25.0,SF/PF,4500,1.0,17.0,12.0,102,103,1%,8,6,9,24,22,26,14.8,23.5,11.5,35.5,37.1,35.3,7.8,20.5,4.56,21.6,27.5,4.8,21.05,4.68,24.0,7.666666666666667,21.27,16.733333333333334,24.119791666666668
34,3,Bogdan Bogdanovic,0.0,SAC,UTA,9.0,223.0,107.0,10,17.3,25.9,39.8,SG/SF,4900,2.0,24.0,14.0,101,105,-11%,11,14,12,24,30,28,25.9,26.6,15.5,37.8,22.8,21.5,4.4,23.8,4.85,21.2,24.5,4.3,22.5,4.574999999999999,27.333333333333332,12.333333333333334,25.660000000000004,27.666666666666668,20.16768292682927
34,4,Deonte Burton,0.0,OKC,POR,-7.0,215.0,111.0,28,2.0,5.7,16.8,SG/SF,3000,0.0,0.0,0.0,104,109,7%,3,3,3,6,7,8,5.3,4.9,-0.4,10.1,16.8,14.3,4.8,10.8,3.58,9.0,13.5,3.0,9.9,3.29,7.0,3.0,5.959999999999999,8.166666666666666,19.092857142857145
34,5,Aaron Gordon,0.0,ORL,GS,-6.0,214.0,110.0,26,23.8,31.4,35.8,SF/PF,6400,1.0,21.0,14.0,103,109,-1%,12,12,13,33,31,32,31.4,31.0,22.4,39.5,35.4,20.3,3.2,34.5,5.39,33.2,33.0,5.2,33.85,5.295,32.0,12.333333333333334,31.630000000000003,30.333333333333332,34.9078125
34,6,John Collins,0.0,ATL,DET,1.5,229.5,114.0,26,22.3,38.2,45.5,PF/C,8200,0.0,22.0,20.0,101,110,5%,15,13,14,28,29,31,38.2,38.7,29.4,48.0,27.2,29.3,3.6,39.8,4.85,40.4,30.0,4.9,40.099999999999994,4.875,29.333333333333332,14.0,38.88,35.333333333333336,41.01136363636363
34,7,Jeff Teague,0.0,ATL,DET,1.5,229.5,114.0,26,11.5,21.1,30.5,PG,4300,0.0,22.0,17.0,101,110,3%,7,9,10,20,23,28,21.1,27.3,16.6,38.0,25.3,31.3,7.3,20.8,4.83,20.3,21.0,4.7,20.55,4.765000000000001,23.666666666666668,8.666666666666666,24.71,21.033333333333335,18.23450704225352
35,0,Collin Sexton,0.0,CLE,CHI,6.5,213.0,103.3,2,24.8,33.4,42.0,PG/SG,6200,0.0,27.0,15.0,102,105,-14%,22,19,16,33,35,32,33.4,28.2,21.3,35.0,33.6,37.8,6.1,27.3,4.4,29.4,33.5,4.7,28.35,4.550000000000001,33.333333333333336,19.0,29.25,33.4,28.49175
35,1,Markelle Fultz,0.0,ORL,GS,-6.0,214.0,110.0,28,23.5,33.4,54.3,PG/SG,6200,1.0,23.0,14.0,103,109,8%,18,14,11,31,31,27,33.7,25.4,17.5,33.4,34.0,37.5,6.0,30.3,4.88,31.9,31.5,5.1,31.1,4.99,29.666666666666668,14.333333333333334,28.22,37.06666666666666,33.02191011235955
35,2,John Collins,0.0,ATL,DET,1.5,229.5,114.0,26,22.3,38.2,45.5,PF/C,8200,0.0,22.0,20.0,101,110,5%,15,13,14,28,29,31,38.2,38.7,29.4,48.0,27.2,29.3,3.6,39.8,4.85,40.4,30.0,4.9,40.099999999999994,4.875,29.333333333333332,14.0,38.88,35.333333333333336,41.01136363636363
35,3,Norman Powell,0.0,TOR,MIN,-5.0,222.5,113.8,13,16.8,35.3,53.0,SG/SF,5500,0.0,19.0,16.0,105,107,5%,14,13,11,28,31,29,35.3,26.0,14.9,37.1,24.5,34.3,6.2,23.0,4.18,24.0,26.5,4.4,23.5,4.29,29.333333333333332,12.666666666666666,27.360000000000003,35.03333333333333,21.230113636363637
35,4,Yogi Ferrell,0.0,SAC,UTA,9.0,223.0,107.0,8,0.0,6.5,12.3,PG/SG,3000,2.0,19.0,12.0,101,105,-3%,4,3,4,9,6,13,4.0,9.6,3.3,15.9,3.3,5.5,1.8,11.8,3.92,0.0,0.0,0.0,5.9,1.96,9.333333333333334,3.6666666666666665,7.739999999999999,6.266666666666667,0.0
35,5,Eric Gordon,0.0,HOU,LAL,-3.0,235.5,119.3,9,18.0,25.6,35.0,SG/SF,4700,2.0,21.0,8.0,103,102,-1%,19,16,13,31,30,29,25.2,20.0,12.6,27.4,30.0,19.3,4.1,23.0,4.89,23.5,30.5,5.0,23.25,4.945,30.0,16.0,21.689999999999998,26.2,23.6375
35,6,Enes Kanter,0.0,BOS,PHO,-6.0,222.0,114.0,9,11.8,25.3,48.3,C,4600,1.0,20.0,24.0,104,108,2%,6,8,7,16,20,20,25.3,25.2,15.4,35.1,18.8,17.3,3.8,27.0,5.87,24.8,19.0,5.4,25.9,5.635,18.666666666666668,7.0,25.380000000000003,28.46666666666667,26.362499999999994
35,7,Josh Okogie,0.0,MIN,TOR,5.0,222.5,108.8,4,10.0,23.9,40.3,SG/SF,3600,0.0,15.0,10.0,103,102,0%,5,5,6,24,26,24,23.9,18.3,10.2,26.4,27.1,17.0,4.7,18.0,5.0,18.4,25.0,5.1,18.2,5.05,24.666666666666668,5.333333333333333,19.4,24.73333333333333,18.445945945945944
36,0,De'Aaron Fox,0.0,SAC,UTA,9.0,223.0,107.0,8,37.5,50.9,60.5,PG,8100,2.0,30.0,21.0,101,105,-3%,18,18,15,37,36,33,50.9,40.0,27.8,52.1,30.7,39.0,4.8,39.5,4.88,40.8,35.0,5.0,40.15,4.9399999999999995,35.333333333333336,17.0,42.190000000000005,49.63333333333333,39.77122641509433
36,1,Brad Wanamaker,0.0,BOS,PHO,-6.0,222.0,114.0,4,9.3,14.6,18.5,PG/SG,3100,1.0,17.0,12.0,104,108,3%,6,5,5,18,19,20,14.6,15.7,10.0,21.3,22.6,4.8,1.5,21.5,6.94,19.9,23.5,6.4,20.7,6.67,19.0,5.333333333333333,16.46,14.133333333333333,25.60263157894737
36,2,Grant Williams,0.0,BOS,PHO,-6.0,222.0,114.0,4,1.8,8.8,23.8,SF/PF,3000,1.0,13.0,7.0,104,108,0%,3,3,3,11,12,15,8.8,9.2,2.5,15.9,12.6,0.8,0.3,12.8,4.25,15.6,22.0,5.2,14.2,4.725,12.666666666666666,3.0,10.12,11.466666666666669,24.66315789473684
36,3,Evan Fournier,0.0,ORL,GS,-6.0,214.0,110.0,3,20.3,30.4,39.3,SG/SF,5900,1.0,25.0,17.0,103,109,4%,16,15,15,33,34,32,28.4,29.9,21.8,38.0,32.2,25.0,4.2,32.3,5.47,31.9,31.5,5.4,32.099999999999994,5.4350000000000005,33.0,15.333333333333334,30.04,30.0,30.640909090909087
36,4,Chris Paul,0.0,OKC,POR,-7.0,215.0,111.0,21,20.5,34.5,46.8,PG,7000,0.0,23.0,21.0,104,109,7%,10,12,12,34,32,32,34.5,36.2,27.0,45.5,27.5,46.5,6.6,41.3,5.89,39.8,33.5,5.7,40.55,5.795,32.666666666666664,11.333333333333334,36.75,33.93333333333333,41.58443877551021
36,5,Keita Bates-Diop,0.0,MIN,TOR,5.0,222.5,108.8,23,0.8,17.0,30.0,SF/PF,3400,0.0,16.0,13.0,103,102,1%,6,6,6,16,18,19,16.9,14.7,5.3,24.2,14.8,12.5,3.7,11.5,3.38,13.1,16.5,3.9,12.3,3.6399999999999997,17.666666666666668,6.0,14.679999999999998,15.933333333333332,11.487735849056603
36,6,Al Horford,0.0,PHI,NY,-4.0,217.0,110.5,12,31.0,37.6,42.0,PF/C,7200,0.0,19.0,16.0,102,112,9%,14,13,12,33,33,31,38.0,31.1,22.3,40.0,32.9,18.3,2.5,35.5,4.93,35.6,32.0,4.9,35.55,4.915,32.333333333333336,13.0,33.39,36.86666666666667,35.18350515463917
36,7,Alec Burks,0.0,GS,ORL,6.0,214.0,104.0,10,19.5,30.1,38.8,PG/SG,5100,1.0,24.0,16.0,101,104,0%,14,14,13,31,29,30,30.1,30.0,19.5,40.5,32.0,24.5,4.8,29.8,5.83,31.2,32.0,6.1,30.5,5.965,30.0,13.666666666666666,30.119999999999997,29.46666666666667,32.53333333333333
37,0,Alex Caruso,0.0,LAL,HOU,3.0,235.5,116.3,27,3.5,12.6,20.3,PG/SG,3800,2.0,14.0,11.0,106,107,7%,7,6,5,19,20,20,16.8,13.9,7.0,20.7,18.1,17.5,4.6,16.0,4.21,14.2,17.5,3.7,15.1,3.955,19.666666666666668,6.0,14.7,12.133333333333335,13.4364406779661
37,1,Marcus Smart,0.0,BOS,PHO,-6.0,222.0,114.0,4,16.3,29.1,40.0,PG/SG,5500,1.0,19.0,14.0,104,108,3%,12,10,11,35,31,32,29.1,27.8,19.1,36.5,33.4,69.8,12.7,31.8,5.77,33.6,35.0,6.1,32.7,5.935,32.666666666666664,11.0,29.04,28.46666666666667,35.03571428571429
37,2,Kevin Knox II,0.0,NY,PHI,4.0,217.0,106.5,16,9.0,16.9,27.3,SF/PF,3500,1.0,0.0,0.0,101,104,-4%,8,8,7,20,21,20,16.9,15.5,8.4,22.7,11.7,10.0,2.9,16.3,4.64,13.3,18.5,3.8,14.8,4.22,20.333333333333332,7.666666666666667,15.66,17.733333333333334,13.465573770491805
37,3,Bruce Brown,0.0,DET,ATL,-1.5,229.5,115.5,25,16.3,27.5,46.5,PG/SF,5100,2.0,17.0,12.0,106,110,5%,8,10,8,22,29,28,27.4,23.6,13.4,33.8,20.6,8.8,1.7,24.8,4.85,23.2,26.5,4.5,24.0,4.675,26.333333333333332,8.666666666666666,24.44,30.099999999999998,24.151898734177216
37,4,Jevon Carter,0.0,PHO,BOS,6.0,222.0,108.0,5,-1.0,3.5,6.3,PG/SG,3000,1.0,15.0,9.0,102,103,-8%,3,2,3,7,6,13,3.5,10.0,2.4,17.6,17.2,11.8,3.9,7.0,2.33,0.0,0.0,0.0,3.5,1.165,8.666666666666666,2.6666666666666665,7.4,2.9333333333333336,0.0
37,5,Thaddeus Young,0.0,CHI,CLE,-6.5,213.0,109.8,7,8.0,19.4,33.5,PF,5600,0.0,21.0,12.0,101,113,1%,7,7,9,27,24,23,19.4,20.0,12.2,27.7,15.2,10.0,1.8,23.0,4.11,23.7,25.5,4.2,23.35,4.155,24.666666666666668,7.666666666666667,20.53,20.3,24.138851351351352
37,6,Daniel Theis,0.0,BOS,PHO,-6.0,222.0,114.0,9,18.0,25.5,32.5,C,4900,1.0,15.0,16.0,104,108,0%,7,7,6,25,23,23,25.4,22.3,15.3,29.2,29.2,27.8,5.7,25.5,5.2,25.7,24.0,5.2,25.6,5.2,23.666666666666668,6.666666666666667,23.560000000000002,25.333333333333332,25.96056338028169
37,7,Harrison Barnes,0.0,SAC,UTA,9.0,223.0,107.0,20,6.3,23.6,41.0,SF/PF,5400,2.0,18.0,14.0,101,105,-7%,13,11,12,38,35,36,23.6,27.4,18.3,36.5,35.5,15.3,2.8,22.5,4.17,23.7,35.0,4.4,23.1,4.285,36.333333333333336,12.0,25.78,23.633333333333336,22.25229357798165
38,0,LeBron James,0.0,LAL,HOU,3.0,235.5,116.3,27,46.5,55.4,69.0,PG/SF,11000,2.0,34.0,27.0,106,107,8%,18,20,20,35,34,35,55.7,56.1,45.3,66.9,35.4,58.8,5.3,56.0,5.09,62.3,35.0,5.7,59.15,5.395,34.666666666666664,19.333333333333332,56.629999999999995,56.96666666666667,59.71875
38,1,Avery Bradley,0.0,LAL,HOU,3.0,235.5,116.3,15,6.3,11.9,16.8,SG,3600,2.0,15.0,8.0,106,107,7%,7,6,8,19,22,24,11.9,14.3,7.0,21.7,17.9,8.8,2.4,14.0,3.89,15.9,23.5,4.4,14.95,4.1450000000000005,21.666666666666668,7.0,13.970000000000002,11.666666666666666,16.215
38,2,Keita Bates-Diop,0.0,MIN,TOR,5.0,222.5,108.8,23,0.8,17.0,30.0,SF/PF,3400,0.0,16.0,13.0,103,102,1%,6,6,6,16,18,19,16.9,14.7,5.3,24.2,14.8,12.5,3.7,11.5,3.38,13.1,16.5,3.9,12.3,3.6399999999999997,17.666666666666668,6.0,14.679999999999998,15.933333333333332,11.487735849056603
38,3,Justin James,0.0,SAC,UTA,9.0,223.0,107.0,10,0.0,4.5,10.5,SG/SF,3000,2.0,0.0,0.0,101,105,-3%,1,1,3,3,3,9,2.4,6.9,-1.0,14.9,11.1,5.8,1.9,6.0,2.0,0.0,0.0,0.0,3.0,1.0,5.0,1.6666666666666667,5.24,5.0,0.0
38,4,Devin Booker,0.0,PHO,BOS,6.0,222.0,108.0,5,31.5,44.3,55.8,PG/SG,8400,1.0,30.0,21.0,102,103,-4%,18,18,18,36,37,36,46.3,42.1,30.6,53.6,40.6,69.0,8.2,41.5,4.94,41.9,36.5,5.0,41.7,4.970000000000001,36.333333333333336,18.0,42.86,43.86666666666667,41.89128440366972
38,5,De'Andre Hunter,0.0,ATL,DET,1.5,229.5,114.0,1,4.3,15.5,26.3,SF/PF,4700,0.0,17.0,8.0,101,110,3%,9,9,11,27,29,31,20.1,21.2,11.4,30.9,30.5,34.8,7.4,21.8,4.63,20.7,30.0,4.4,21.25,4.515000000000001,29.0,9.666666666666666,20.97,15.366666666666667,21.982758620689655
38,6,Larry Nance Jr.,0.0,CLE,CHI,6.5,213.0,103.3,18,11.5,18.4,28.0,PF/C,3600,0.0,14.0,15.0,102,105,9%,5,5,6,21,23,24,18.4,21.6,12.6,30.6,25.1,20.3,5.6,21.8,6.04,22.0,22.5,6.1,21.9,6.07,22.666666666666668,5.333333333333333,21.02,19.3,21.738970588235293
38,7,James Ennis III,0.0,PHI,NY,-4.0,217.0,110.5,29,8.3,10.8,13.0,SF/PF,3000,0.0,15.0,12.0,102,112,3%,5,5,5,13,16,18,11.2,13.9,7.0,20.8,11.2,11.0,3.7,13.5,4.5,11.7,13.5,3.9,12.6,4.2,15.666666666666666,5.0,13.1,10.700000000000001,10.85744680851064
39,0,Matthew Dellavedova,0.0,CLE,CHI,6.5,213.0,103.3,2,1.5,10.9,20.5,PG/SG,3500,0.0,16.0,9.0,102,105,-14%,6,3,3,12,13,13,10.8,9.1,3.9,14.3,9.3,5.0,1.4,13.5,3.86,9.9,13.0,2.8,11.7,3.33,12.666666666666666,4.0,9.959999999999999,10.966666666666667,12.007894736842106
39,1,Avery Bradley,0.0,LAL,HOU,3.0,235.5,116.3,15,6.3,11.9,16.8,SG,3600,2.0,15.0,8.0,106,107,7%,7,6,8,19,22,24,11.9,14.3,7.0,21.7,17.9,8.8,2.4,14.0,3.89,15.9,23.5,4.4,14.95,4.1450000000000005,21.666666666666668,7.0,13.970000000000002,11.666666666666666,16.215
39,2,Marquese Chriss,0.0,GS,ORL,6.0,214.0,104.0,21,11.0,20.8,30.8,PF/C,3400,1.0,19.0,17.0,101,104,-1%,6,6,5,13,20,18,20.8,19.2,9.8,28.7,15.0,14.3,4.2,18.5,5.44,17.4,18.0,5.1,17.95,5.27,17.0,5.666666666666667,19.29,20.866666666666667,19.00588235294118
39,3,LeBron James,0.0,LAL,HOU,3.0,235.5,116.3,27,46.5,55.4,69.0,PG/SF,11000,2.0,34.0,27.0,106,107,8%,18,20,20,35,34,35,55.7,56.1,45.3,66.9,35.4,58.8,5.3,56.0,5.09,62.3,35.0,5.7,59.15,5.395,34.666666666666664,19.333333333333332,56.629999999999995,56.96666666666667,59.71875
39,4,Raul Neto,0.0,PHI,NY,-4.0,217.0,110.5,7,4.0,6.4,9.8,PG,3000,0.0,18.0,12.0,102,112,3%,4,3,3,11,6,11,6.4,8.2,1.2,15.1,8.3,10.8,3.6,8.3,2.75,0.0,0.0,0.0,4.15,1.375,9.333333333333334,3.3333333333333335,7.01,6.733333333333334,0.0
39,5,Eric Gordon,0.0,HOU,LAL,-3.0,235.5,119.3,9,18.0,25.6,35.0,SG/SF,4700,2.0,21.0,8.0,103,102,-1%,19,16,13,31,30,29,25.2,20.0,12.6,27.4,30.0,19.3,4.1,23.0,4.89,23.5,30.5,5.0,23.25,4.945,30.0,16.0,21.689999999999998,26.2,23.6375
39,6,Nerlens Noel,0.0,OKC,POR,-7.0,215.0,111.0,5,13.8,24.8,34.5,C,5000,0.0,15.0,23.0,104,109,5%,3,5,5,15,18,20,24.8,22.3,15.0,29.6,19.2,32.3,6.5,21.5,4.3,21.2,18.5,4.2,21.35,4.25,17.666666666666668,4.333333333333333,22.610000000000003,24.366666666666664,22.357075471698113
39,7,Andre Drummond,0.0,DET,ATL,-1.5,229.5,115.5,23,19.0,45.2,62.3,C,9500,2.0,24.0,22.0,106,110,3%,10,14,14,30,38,34,50.4,48.8,36.7,60.8,27.0,53.8,5.7,53.0,5.58,53.9,34.5,5.7,53.45,5.640000000000001,34.0,12.666666666666666,50.029999999999994,42.166666666666664,54.23602941176471
40,0,Shai Gilgeous-Alexander,0.0,OKC,POR,-7.0,215.0,111.0,21,30.8,43.5,65.0,PG/SG,7200,0.0,24.0,18.0,104,109,-3%,12,13,16,38,35,36,43.8,35.4,24.7,46.2,34.6,42.5,5.9,36.0,5.0,37.8,37.0,5.2,36.9,5.1,36.333333333333336,13.666666666666666,37.4,46.43333333333334,37.57706422018349
40,1,Matthew Dellavedova,0.0,CLE,CHI,6.5,213.0,103.3,2,1.5,10.9,20.5,PG/SG,3500,0.0,16.0,9.0,102,105,-14%,6,3,3,12,13,13,10.8,9.1,3.9,14.3,9.3,5.0,1.4,13.5,3.86,9.9,13.0,2.8,11.7,3.33,12.666666666666666,4.0,9.959999999999999,10.966666666666667,12.007894736842106
40,2,Eric Paschall,0.0,GS,ORL,6.0,214.0,104.0,17,7.5,21.4,32.8,SF/PF,4100,1.0,21.0,15.0,101,104,-1%,9,9,11,23,21,28,21.4,24.0,13.2,34.9,34.6,37.3,9.1,23.0,5.61,24.9,31.5,6.1,23.95,5.855,24.0,9.666666666666666,23.490000000000002,20.566666666666666,31.434375
40,3,Buddy Hield,0.0,SAC,UTA,9.0,223.0,107.0,10,23.3,30.2,34.0,SG/SF,6400,2.0,27.0,15.0,101,105,-11%,19,18,18,38,37,35,35.3,35.2,25.3,45.1,34.6,22.3,3.5,33.8,5.27,33.3,35.0,5.2,33.55,5.234999999999999,36.666666666666664,18.333333333333332,34.89,29.166666666666668,32.025
40,4,Markelle Fultz,0.0,ORL,GS,-6.0,214.0,110.0,28,23.5,33.4,54.3,PG/SG,6200,1.0,23.0,14.0,103,109,8%,18,14,11,31,31,27,33.7,25.4,17.5,33.4,34.0,37.5,6.0,30.3,4.88,31.9,31.5,5.1,31.1,4.99,29.666666666666668,14.333333333333334,28.22,37.06666666666666,33.02191011235955
40,5,LeBron James,0.0,LAL,HOU,3.0,235.5,116.3,27,46.5,55.4,69.0,PG/SF,11000,2.0,34.0,27.0,106,107,8%,18,20,20,35,34,35,55.7,56.1,45.3,66.9,35.4,58.8,5.3,56.0,5.09,62.3,35.0,5.7,59.15,5.395,34.666666666666664,19.333333333333332,56.629999999999995,56.96666666666667,59.71875
40,6,Aron Baynes,0.0,PHO,BOS,6.0,222.0,108.0,11,9.0,14.4,20.8,C,3800,1.0,20.0,16.0,102,103,-5%,5,6,9,15,18,24,14.4,24.3,13.6,35.0,12.2,7.0,1.8,17.5,4.61,16.3,17.5,4.3,16.9,4.455,19.0,6.666666666666667,20.839999999999996,14.733333333333334,15.565789473684209
40,7,Stanley Johnson,0.0,TOR,MIN,-5.0,222.5,113.8,24,0.0,3.9,12.8,SF/PF,3000,0.0,0.0,0.0,105,107,5%,0,2,2,6,9,5,3.9,3.7,0.0,7.3,2.7,1.5,0.5,4.8,1.58,0.0,0.0,0.0,2.4,0.79,6.666666666666667,1.3333333333333333,3.4599999999999995,5.566666666666666,0.0
41,0,Kyle Lowry,0.0,TOR,MIN,-5.0,222.5,113.8,22,31.3,40.1,48.8,PG,7800,0.0,24.0,17.0,105,107,3%,14,17,15,36,39,39,43.1,42.4,34.2,50.7,28.3,43.3,5.6,38.3,4.9,37.5,34.5,4.8,37.9,4.85,38.0,15.333333333333334,41.66,40.06666666666667,34.40921052631579
41,1,Kevin Huerter,0.0,ATL,DET,1.5,229.5,114.0,27,22.8,32.3,58.3,SG,6500,0.0,19.0,13.0,101,110,-4%,16,13,10,36,32,28,32.3,25.4,14.8,36.0,23.7,3.5,0.5,29.0,4.46,31.2,33.5,4.8,30.1,4.63,32.0,13.0,27.72,37.8,31.5109375
41,2,John Collins,0.0,ATL,DET,1.5,229.5,114.0,26,22.3,38.2,45.5,PF/C,8200,0.0,22.0,20.0,101,110,5%,15,13,14,28,29,31,38.2,38.7,29.4,48.0,27.2,29.3,3.6,39.8,4.85,40.4,30.0,4.9,40.099999999999994,4.875,29.333333333333332,14.0,38.88,35.333333333333336,41.01136363636363
41,3,Jared Dudley,0.0,LAL,HOU,3.0,235.5,116.3,15,0.0,6.4,12.5,SF/PF,3000,2.0,0.0,0.0,106,107,8%,3,2,1,17,13,9,6.4,4.8,-0.4,9.9,4.2,1.5,0.5,2.8,0.92,8.5,14.0,2.8,5.65,1.8599999999999999,13.0,2.0,5.2700000000000005,6.3,6.084615384615384
41,4,Patrick McCaw,0.0,TOR,MIN,-5.0,222.5,113.8,22,7.0,18.4,38.8,PG/SF,3700,0.0,12.0,8.0,105,107,3%,4,6,6,24,29,28,18.4,16.2,5.9,26.5,21.6,11.3,3.1,8.5,2.3,9.7,16.0,2.6,9.1,2.45,27.0,5.333333333333333,15.219999999999999,21.399999999999995,5.392592592592592
41,5,Bojan Bogdanovic,0.0,UTA,SAC,-9.0,223.0,116.0,3,22.5,30.8,38.3,SF/PF,6300,1.0,26.0,16.0,100,108,3%,17,18,16,36,34,34,32.9,31.3,22.2,40.3,30.9,38.5,6.1,30.5,4.84,32.0,32.5,5.1,31.25,4.97,34.666666666666664,17.0,31.589999999999996,30.53333333333333,29.296875
41,6,Chris Boucher,0.0,TOR,MIN,-5.0,222.5,113.8,4,4.0,16.4,29.8,C,3100,0.0,19.0,21.0,105,107,-1%,4,5,5,7,13,13,16.4,15.2,3.8,26.5,3.3,6.0,1.9,6.5,2.1,0.0,0.0,0.0,3.25,1.05,11.0,4.666666666666667,13.029999999999998,16.733333333333334,0.0
41,7,Jarrett Culver,0.0,MIN,TOR,5.0,222.5,108.8,24,21.0,25.7,32.0,PG/SG,5600,0.0,20.0,10.0,103,102,-2%,12,13,10,33,32,25,26.1,20.3,10.2,30.4,30.5,40.0,7.1,26.8,4.78,29.9,33.0,5.3,28.35,5.04,30.0,11.666666666666666,23.070000000000004,26.233333333333334,31.185000000000002
42,0,Damian Lillard,0.0,POR,OKC,7.0,215.0,104.0,16,37.3,45.4,55.3,PG,8200,0.0,30.0,25.0,101,106,0%,23,18,20,39,37,38,46.2,47.4,37.8,57.0,35.9,45.5,5.5,49.5,6.04,48.2,38.5,5.9,48.85,5.970000000000001,38.0,20.333333333333332,47.449999999999996,46.0,49.492763157894736
42,1,Marcus Smart,0.0,BOS,PHO,-6.0,222.0,114.0,4,16.3,29.1,40.0,PG/SG,5500,1.0,19.0,14.0,104,108,3%,12,10,11,35,31,32,29.1,27.8,19.1,36.5,33.4,69.8,12.7,31.8,5.77,33.6,35.0,6.1,32.7,5.935,32.666666666666664,11.0,29.04,28.46666666666667,35.03571428571429
42,2,P.J. Tucker,0.0,HOU,LAL,-3.0,235.5,119.3,3,1.3,15.2,37.8,PF/C,3600,2.0,9.0,9.0,103,102,-5%,2,3,6,34,34,36,16.6,23.1,13.1,33.0,34.6,17.5,4.9,18.3,5.07,17.2,31.0,4.8,17.75,4.9350000000000005,34.666666666666664,3.6666666666666665,20.71,18.099999999999998,15.872596153846157
42,3,Ben McLemore,0.0,HOU,LAL,-3.0,235.5,119.3,9,15.0,22.7,26.3,SG/SF,4200,2.0,16.0,12.0,103,102,-1%,14,10,9,31,29,25,22.6,18.5,8.9,28.2,23.6,15.0,3.6,20.8,4.94,19.5,28.5,4.6,20.15,4.77,28.333333333333332,11.0,19.669999999999998,21.333333333333332,20.268529411764707
42,4,Cory Joseph,0.0,SAC,UTA,9.0,223.0,107.0,8,6.5,13.5,22.3,PG/SG,3000,2.0,15.0,9.0,101,105,-3%,4,6,6,20,22,26,13.5,17.1,9.3,24.9,22.9,14.0,4.7,14.0,4.67,11.6,18.0,3.9,12.8,4.285,22.666666666666668,5.333333333333333,15.52,14.1,10.16470588235294
42,5,Gary Clark,0.0,ORL,GS,-6.0,214.0,110.0,17,4.8,11.2,21.5,PF/C,3000,1.0,12.0,12.0,103,109,-1%,5,4,4,19,15,12,11.2,9.3,1.2,17.5,12.4,11.3,3.8,13.3,4.42,0.0,0.0,0.0,6.65,2.21,15.333333333333334,4.333333333333333,9.17,12.5,0.0
42,6,Enes Kanter,0.0,BOS,PHO,-6.0,222.0,114.0,9,11.8,25.3,48.3,C,4600,1.0,20.0,24.0,104,108,2%,6,8,7,16,20,20,25.3,25.2,15.4,35.1,18.8,17.3,3.8,27.0,5.87,24.8,19.0,5.4,25.9,5.635,18.666666666666668,7.0,25.380000000000003,28.46666666666667,26.362499999999994
42,7,Quinn Cook,0.0,LAL,HOU,3.0,235.5,116.3,27,5.0,16.0,32.0,PG,3300,2.0,20.0,11.0,106,107,2%,11,7,5,23,14,13,15.9,10.0,0.6,19.4,4.7,7.3,2.2,13.8,4.17,15.0,17.0,4.5,14.4,4.335,16.666666666666668,7.666666666666667,12.059999999999999,17.666666666666668,14.688
43,0,Devin Booker,0.0,PHO,BOS,6.0,222.0,108.0,5,31.5,44.3,55.8,PG/SG,8400,1.0,30.0,21.0,102,103,-4%,18,18,18,36,37,36,46.3,42.1,30.6,53.6,40.6,69.0,8.2,41.5,4.94,41.9,36.5,5.0,41.7,4.970000000000001,36.333333333333336,18.0,42.86,43.86666666666667,41.89128440366972
43,1,Gary Trent Jr.,0.0,POR,OKC,7.0,215.0,104.0,14,8.8,13.6,24.5,SG,3000,0.0,14.0,9.0,101,106,-8%,4,5,4,19,20,13,13.6,8.3,2.0,14.7,36.0,48.3,16.1,13.8,4.58,15.7,26.0,5.2,14.75,4.890000000000001,17.333333333333332,4.333333333333333,10.669999999999998,15.633333333333333,22.125000000000004
43,2,Gordon Hayward,0.0,BOS,PHO,-6.0,222.0,114.0,4,12.5,25.8,38.8,SF/PF,6000,1.0,21.0,18.0,104,108,3%,13,12,13,32,32,32,25.8,32.5,21.4,43.5,41.1,44.8,7.5,39.5,6.58,37.3,34.5,6.2,38.4,6.390000000000001,32.0,12.666666666666666,32.32,25.7,41.4
43,3,Josh Richardson,0.0,PHI,NY,-4.0,217.0,110.5,29,16.3,28.3,42.8,SG/SF,6300,0.0,22.0,13.0,102,112,3%,9,13,13,32,34,33,28.3,28.8,20.4,37.2,34.2,30.8,4.9,34.5,5.48,34.0,34.5,5.4,34.25,5.44,33.0,11.666666666666666,29.790000000000003,29.133333333333336,35.80681818181818
43,4,Buddy Hield,0.0,SAC,UTA,9.0,223.0,107.0,10,23.3,30.2,34.0,SG/SF,6400,2.0,27.0,15.0,101,105,-11%,19,18,18,38,37,35,35.3,35.2,25.3,45.1,34.6,22.3,3.5,33.8,5.27,33.3,35.0,5.2,33.55,5.234999999999999,36.666666666666664,18.333333333333332,34.89,29.166666666666668,32.025
43,5,Stanley Johnson,0.0,TOR,MIN,-5.0,222.5,113.8,24,0.0,3.9,12.8,SF/PF,3000,0.0,0.0,0.0,105,107,5%,0,2,2,6,9,5,3.9,3.7,0.0,7.3,2.7,1.5,0.5,4.8,1.58,0.0,0.0,0.0,2.4,0.79,6.666666666666667,1.3333333333333333,3.4599999999999995,5.566666666666666,0.0
43,6,Deandre Ayton,0.0,PHO,BOS,6.0,222.0,108.0,29,31.3,39.9,59.8,PF/C,8000,1.0,22.0,21.0,102,103,-5%,15,15,14,34,32,31,39.9,38.8,29.2,48.4,35.8,52.3,6.5,41.5,5.19,41.1,34.5,5.1,41.3,5.145,32.333333333333336,14.666666666666666,39.519999999999996,43.666666666666664,44.067525773195875
43,7,Kyle Kuzma,0.0,LAL,HOU,3.0,235.5,116.3,15,18.8,29.9,46.3,SF/PF,6200,2.0,23.0,12.0,106,107,4%,12,16,11,26,29,25,29.9,21.3,11.4,31.1,37.5,35.0,5.6,21.0,3.39,28.0,29.0,4.5,24.5,3.9450000000000003,26.666666666666668,13.0,23.640000000000004,31.666666666666668,26.643749999999997
44,0,Shai Gilgeous-Alexander,0.0,OKC,POR,-7.0,215.0,111.0,21,30.8,43.5,65.0,PG/SG,7200,0.0,24.0,18.0,104,109,-3%,12,13,16,38,35,36,43.8,35.4,24.7,46.2,34.6,42.5,5.9,36.0,5.0,37.8,37.0,5.2,36.9,5.1,36.333333333333336,13.666666666666666,37.4,46.43333333333334,37.57706422018349
44,1,Damion Lee,0.0,GS,ORL,6.0,214.0,104.0,18,21.8,29.2,40.3,SG/SF,5500,1.0,21.0,14.0,101,104,0%,15,13,11,34,32,29,28.9,26.5,15.7,37.3,33.1,21.5,3.9,27.0,4.91,29.1,33.5,5.3,28.05,5.105,31.666666666666668,13.0,27.29,30.433333333333334,29.673947368421054
44,2,Kevin Love,0.0,CLE,CHI,6.5,213.0,103.3,18,32.8,39.8,49.3,PF,7800,0.0,23.0,18.0,102,105,9%,15,15,13,34,36,32,39.6,37.7,26.3,49.1,34.1,49.3,6.3,38.3,4.9,40.6,32.0,5.2,39.45,5.050000000000001,34.0,14.333333333333334,38.43000000000001,40.63333333333333,37.129411764705885
44,3,Robert Covington,0.0,MIN,TOR,5.0,222.5,108.8,23,27.5,32.0,39.3,SF/PF,6100,0.0,17.0,15.0,103,102,1%,12,12,10,33,29,29,32.0,27.9,19.3,36.6,33.2,39.0,6.4,30.0,4.92,30.3,31.5,5.0,30.15,4.96,30.333333333333332,11.333333333333334,29.189999999999998,32.93333333333333,31.309615384615384
44,4,LeBron James,0.0,LAL,HOU,3.0,235.5,116.3,27,46.5,55.4,69.0,PG/SF,11000,2.0,34.0,27.0,106,107,8%,18,20,20,35,34,35,55.7,56.1,45.3,66.9,35.4,58.8,5.3,56.0,5.09,62.3,35.0,5.7,59.15,5.395,34.666666666666664,19.333333333333332,56.629999999999995,56.96666666666667,59.71875
44,5,Evan Fournier,0.0,ORL,GS,-6.0,214.0,110.0,3,20.3,30.4,39.3,SG/SF,5900,1.0,25.0,17.0,103,109,4%,16,15,15,33,34,32,28.4,29.9,21.8,38.0,32.2,25.0,4.2,32.3,5.47,31.9,31.5,5.4,32.099999999999994,5.4350000000000005,33.0,15.333333333333334,30.04,30.0,30.640909090909087
44,6,Norvel Pelle,0.0,PHI,NY,-4.0,217.0,110.5,18,8.5,13.1,16.5,C,3000,0.0,0.0,0.0,102,112,-2%,3,3,2,13,13,11,12.7,10.4,3.3,17.4,15.2,12.0,4.0,5.5,1.83,11.5,12.0,3.8,8.5,2.815,12.333333333333334,2.6666666666666665,10.459999999999999,12.700000000000001,8.27027027027027
44,7,Chris Boucher,0.0,TOR,MIN,-5.0,222.5,113.8,4,4.0,16.4,29.8,C,3100,0.0,19.0,21.0,105,107,-1%,4,5,5,7,13,13,16.4,15.2,3.8,26.5,3.3,6.0,1.9,6.5,2.1,0.0,0.0,0.0,3.25,1.05,11.0,4.666666666666667,13.029999999999998,16.733333333333334,0.0
45,0,Raul Neto,0.0,PHI,NY,-4.0,217.0,110.5,7,4.0,6.4,9.8,PG,3000,0.0,18.0,12.0,102,112,3%,4,3,3,11,6,11,6.4,8.2,1.2,15.1,8.3,10.8,3.6,8.3,2.75,0.0,0.0,0.0,4.15,1.375,9.333333333333334,3.3333333333333335,7.01,6.733333333333334,0.0
45,1,Shai Gilgeous-Alexander,0.0,OKC,POR,-7.0,215.0,111.0,21,30.8,43.5,65.0,PG/SG,7200,0.0,24.0,18.0,104,109,-3%,12,13,16,38,35,36,43.8,35.4,24.7,46.2,34.6,42.5,5.9,36.0,5.0,37.8,37.0,5.2,36.9,5.1,36.333333333333336,13.666666666666666,37.4,46.43333333333334,37.57706422018349
45,2,Deandre Ayton,0.0,PHO,BOS,6.0,222.0,108.0,29,31.3,39.9,59.8,PF/C,8000,1.0,22.0,21.0,102,103,-5%,15,15,14,34,32,31,39.9,38.8,29.2,48.4,35.8,52.3,6.5,41.5,5.19,41.1,34.5,5.1,41.3,5.145,32.333333333333336,14.666666666666666,39.519999999999996,43.666666666666664,44.067525773195875
45,3,Kyle Kuzma,0.0,LAL,HOU,3.0,235.5,116.3,15,18.8,29.9,46.3,SF/PF,6200,2.0,23.0,12.0,106,107,4%,12,16,11,26,29,25,29.9,21.3,11.4,31.1,37.5,35.0,5.6,21.0,3.39,28.0,29.0,4.5,24.5,3.9450000000000003,26.666666666666668,13.0,23.640000000000004,31.666666666666668,26.643749999999997
45,4,Dante Exum,0.0,CLE,CHI,6.5,213.0,103.3,2,7.5,14.3,37.3,PG/SG,3600,0.0,0.0,0.0,102,105,-14%,5,6,4,18,20,12,14.3,8.7,0.6,16.8,15.3,5.0,1.4,15.8,4.38,13.1,16.0,3.6,14.45,3.99,16.666666666666668,5.0,10.969999999999999,19.7,13.871999999999998
45,5,Deonte Burton,0.0,OKC,POR,-7.0,215.0,111.0,28,2.0,5.7,16.8,SG/SF,3000,0.0,0.0,0.0,104,109,7%,3,3,3,6,7,8,5.3,4.9,-0.4,10.1,16.8,14.3,4.8,10.8,3.58,9.0,13.5,3.0,9.9,3.29,7.0,3.0,5.959999999999999,8.166666666666666,19.092857142857145
45,6,Al Horford,0.0,PHI,NY,-4.0,217.0,110.5,12,31.0,37.6,42.0,PF/C,7200,0.0,19.0,16.0,102,112,9%,14,13,12,33,33,31,38.0,31.1,22.3,40.0,32.9,18.3,2.5,35.5,4.93,35.6,32.0,4.9,35.55,4.915,32.333333333333336,13.0,33.39,36.86666666666667,35.18350515463917
45,7,Gary Trent Jr.,0.0,POR,OKC,7.0,215.0,104.0,14,8.8,13.6,24.5,SG,3000,0.0,14.0,9.0,101,106,-8%,4,5,4,19,20,13,13.6,8.3,2.0,14.7,36.0,48.3,16.1,13.8,4.58,15.7,26.0,5.2,14.75,4.890000000000001,17.333333333333332,4.333333333333333,10.669999999999998,15.633333333333333,22.125000000000004
48,0,Markelle Fultz,0.0,ORL,GS,-6.0,214.0,110.0,28,23.5,33.4,54.3,PG/SG,6200,1.0,23.0,14.0,103,109,8%,18,14,11,31,31,27,33.7,25.4,17.5,33.4,34.0,37.5,6.0,30.3,4.88,31.9,31.5,5.1,31.1,4.99,29.666666666666668,14.333333333333334,28.22,37.06666666666666,33.02191011235955
48,1,Evan Fournier,0.0,ORL,GS,-6.0,214.0,110.0,3,20.3,30.4,39.3,SG/SF,5900,1.0,25.0,17.0,103,109,4%,16,15,15,33,34,32,28.4,29.9,21.8,38.0,32.2,25.0,4.2,32.3,5.47,31.9,31.5,5.4,32.099999999999994,5.4350000000000005,33.0,15.333333333333334,30.04,30.0,30.640909090909087
48,2,Mario Hezonja,0.0,POR,OKC,7.0,215.0,104.0,8,4.3,12.4,20.8,SF/PF,3000,0.0,14.0,9.0,101,106,-8%,3,4,4,15,14,16,12.3,12.0,4.2,19.8,28.5,14.5,4.8,18.8,6.25,19.0,27.0,6.3,18.9,6.275,15.0,3.6666666666666665,13.440000000000001,12.5,34.02
48,3,Nassir Little,0.0,POR,OKC,7.0,215.0,104.0,8,-0.5,6.2,13.3,SF/PF,3000,0.0,13.0,9.0,101,106,-11%,1,2,3,8,9,12,6.2,8.3,0.2,16.3,20.4,18.0,6.0,14.5,4.83,18.6,27.5,6.2,16.55,5.515000000000001,9.666666666666666,2.0,9.51,6.333333333333333,47.08189655172414
48,4,Tim Frazier,0.0,DET,ATL,-1.5,229.5,115.5,25,0.5,10.2,19.0,PG,3000,2.0,20.0,11.0,106,110,-1%,3,4,4,12,14,13,10.2,11.5,3.3,19.7,21.7,12.0,4.0,11.8,3.92,11.0,12.5,3.7,11.4,3.81,13.0,3.6666666666666665,11.219999999999999,9.9,10.961538461538462
48,5,Norman Powell,0.0,TOR,MIN,-5.0,222.5,113.8,13,16.8,35.3,53.0,SG/SF,5500,0.0,19.0,16.0,105,107,5%,14,13,11,28,31,29,35.3,26.0,14.9,37.1,24.5,34.3,6.2,23.0,4.18,24.0,26.5,4.4,23.5,4.29,29.333333333333332,12.666666666666666,27.360000000000003,35.03333333333333,21.230113636363637
48,6,Dwight Howard,0.0,LAL,HOU,3.0,235.5,116.3,20,19.5,33.5,44.3,C,5500,2.0,14.0,19.0,106,107,-2%,11,8,4,25,25,20,35.8,21.4,11.9,30.8,24.8,30.5,5.5,22.0,4.0,27.9,24.5,5.1,24.95,4.55,23.333333333333332,7.666666666666667,24.970000000000002,32.43333333333333,26.1975
48,7,Carmelo Anthony,0.0,POR,OKC,7.0,215.0,104.0,8,10.5,29.8,38.0,SF/PF,6300,0.0,22.0,14.0,101,106,-11%,13,13,14,33,32,33,29.8,29.8,19.9,39.8,32.3,15.0,2.4,30.5,4.84,30.6,35.0,4.9,30.55,4.87,32.666666666666664,13.333333333333334,29.970000000000006,26.099999999999998,32.73214285714286
49,0,Collin Sexton,0.0,CLE,CHI,6.5,213.0,103.3,2,24.8,33.4,42.0,PG/SG,6200,0.0,27.0,15.0,102,105,-14%,22,19,16,33,35,32,33.4,28.2,21.3,35.0,33.6,37.8,6.1,27.3,4.4,29.4,33.5,4.7,28.35,4.550000000000001,33.333333333333336,19.0,29.25,33.4,28.49175
49,1,Svi Mykhailiuk,0.0,DET,ATL,-1.5,229.5,115.5,17,5.5,22.4,32.3,SG/SF,4400,2.0,16.0,11.0,106,110,19%,9,9,6,32,31,21,22.4,14.0,5.2,22.7,28.9,37.5,8.5,21.5,4.89,21.4,29.0,4.9,21.45,4.895,28.0,8.0,17.15,20.066666666666666,22.21607142857143
49,2,Thon Maker,0.0,DET,ATL,-1.5,229.5,115.5,14,0.0,9.5,23.5,PF/C,3100,2.0,14.0,12.0,106,110,3%,1,3,2,4,11,11,9.5,8.4,1.7,15.1,4.9,6.3,2.0,5.5,1.77,0.0,0.0,0.0,2.75,0.885,8.666666666666666,2.0,7.49,11.0,0.0
49,3,Norman Powell,0.0,TOR,MIN,-5.0,222.5,113.8,13,16.8,35.3,53.0,SG/SF,5500,0.0,19.0,16.0,105,107,5%,14,13,11,28,31,29,35.3,26.0,14.9,37.1,24.5,34.3,6.2,23.0,4.18,24.0,26.5,4.4,23.5,4.29,29.333333333333332,12.666666666666666,27.360000000000003,35.03333333333333,21.230113636363637
49,4,Quinn Cook,0.0,LAL,HOU,3.0,235.5,116.3,27,5.0,16.0,32.0,PG,3300,2.0,20.0,11.0,106,107,2%,11,7,5,23,14,13,15.9,10.0,0.6,19.4,4.7,7.3,2.2,13.8,4.17,15.0,17.0,4.5,14.4,4.335,16.666666666666668,7.666666666666667,12.059999999999999,17.666666666666668,14.688
49,5,Rayjon Tucker,0.0,UTA,SAC,-9.0,223.0,116.0,26,0.0,3.2,5.0,SG/SF,3000,1.0,0.0,0.0,100,108,-4%,1,1,1,4,9,7,3.2,3.2,1.4,4.9,3.3,1.3,0.4,1.0,0.33,0.0,0.0,0.0,0.5,0.165,6.666666666666667,1.0,2.64,2.733333333333333,0.0
49,6,Tristan Thompson,0.0,CLE,CHI,6.5,213.0,103.3,25,10.0,33.4,65.5,C,6600,0.0,19.0,17.0,102,105,11%,5,10,10,24,33,32,33.4,32.2,20.8,43.6,36.8,31.0,4.7,32.0,4.85,33.5,32.0,5.1,32.75,4.975,29.666666666666668,8.333333333333334,32.55,36.300000000000004,35.32584269662921
49,7,Bruno Fernando,0.0,ATL,DET,1.5,229.5,114.0,29,1.3,8.7,19.5,C,3000,0.0,16.0,11.0,101,110,5%,4,3,3,9,11,12,8.7,9.9,3.4,16.3,17.6,11.3,3.8,6.8,2.25,0.0,0.0,0.0,3.4,1.125,10.666666666666666,3.3333333333333335,8.34,9.833333333333334,0.0
