Lineup Num,,Player Name,injury_status,team,opp,spread,over_under,implied_team_score,L5_dvp_rank,L5_ppg_floor,L5_ppg_avg,L5_ppg_max,Pos,Salary,Rest,USG,PER,Opp Pace,Opp DEff,Opp DvP,L2 FGA,L5 FGA,S FGA,L2 Min,L5 Min,S Min,L5 FP,S FP,Floor FP,Ceil FP,Actual Min,Actual FP,Actual Val,FantasyFuelPPGProj,FantasyFuelValueProj,DFN_PPGProj,DFN_MinProj,DFN_ValueProj,Avg Proj,Avg Value Proj,Avg Skewed Min,Avg Skewed FGA,Avg Skewed FP,Avg L5 PPG,Proj Min Enhanced
0,0,Bruce Brown,0.0,DET,CHA,-3.0,205.5,104.3,12,22.3,28.7,46.5,PG/SF,5000,1,17.0,12.0,99,111,2%,9,9,8,34,36,28,28.6,23.4,13.3,33.6,38.8,32.5,6.5,24.5,4.9,27.5,32.5,5.5,26.0,5.2,32.666666666666664,8.666666666666666,24.979999999999997,32.5,25.867346938775512
0,1,Bryn Forbes,0.0,SA,DEN,6.5,216.0,104.8,17,11.3,18.4,29.3,PG/SG,3800,1,18.0,11.0,100,106,-3%,9,8,10,25,23,26,18.4,18.4,10.0,26.8,28.6,27.3,7.2,17.8,4.67,16.5,24.0,4.3,17.15,4.484999999999999,24.666666666666668,9.0,18.15,19.666666666666668,16.686486486486487
0,2,Aaron Gordon,0.0,ORL,ATL,-8.5,220.5,114.5,30,27.8,37.6,47.0,SF/PF,6400,1,21.0,13.0,106,111,6%,13,15,13,33,34,33,37.6,31.0,22.4,39.6,36.9,45.3,7.1,34.8,5.43,33.6,33.0,5.3,34.2,5.365,33.333333333333336,13.666666666666666,32.96,37.46666666666667,33.858000000000004
0,3,Dorian Finney-Smith,0.0,DAL,UTA,-1.5,216.5,109.0,8,19.3,29.4,44.8,SF/PF,5400,1,13.0,13.0,101,106,-9%,10,10,7,33,32,30,29.4,21.8,14.1,29.5,35.1,24.8,4.6,23.5,4.35,24.5,32.0,4.5,24.0,4.425,31.666666666666668,9.0,23.759999999999998,31.166666666666668,24.25263157894737
0,4,Elie Okobo,0.0,PHO,LAL,12.0,230.0,109.0,20,6.5,12.6,21.5,PG,3200,1,16.0,12.0,103,104,1%,2,2,3,20,22,13,12.6,10.6,2.4,18.8,16.3,4.0,1.3,12.8,3.98,11.9,16.0,3.7,12.350000000000001,3.84,18.333333333333332,2.3333333333333335,11.35,13.533333333333333,10.778181818181821
0,5,Sekou Doumbouya,0.0,DET,CHA,-3.0,205.5,104.3,20,9.8,15.6,23.3,SF/PF,3500,1,17.0,8.0,99,111,6%,7,9,6,19,23,20,15.6,13.4,2.6,24.2,18.7,9.0,2.6,13.0,3.71,9.2,12.5,2.6,11.1,3.1550000000000002,20.666666666666668,7.333333333333333,13.38,16.233333333333334,6.713709677419353
0,6,Robin Lopez,0.0,MIL,SAC,-10.0,229.5,119.8,24,1.3,8.6,18.8,C,3000,1,16.0,12.0,100,109,-4%,5,3,5,15,12,15,8.6,11.5,4.1,19.0,1.9,1.3,0.4,17.0,5.67,14.6,16.0,4.9,15.8,5.285,14.0,4.333333333333333,11.8,9.566666666666668,18.057142857142857
0,7,Kevin Huerter,0.0,ATL,ORL,8.5,220.5,106.0,22,21.0,32.7,47.8,SG/SF,6300,0,18.0,12.0,100,105,-1%,18,16,11,45,41,31,32.7,26.0,15.5,36.4,34.8,24.5,3.9,28.5,4.52,26.6,35.0,4.2,27.55,4.359999999999999,39.0,15.0,27.630000000000003,33.833333333333336,24.724358974358974
1,0,Jordan McLaughlin,0.0,MIN,TOR,9.5,230.5,110.5,26,16.0,26.4,48.0,PG,5300,1,17.0,15.0,103,102,-1%,15,9,6,34,25,20,26.4,17.0,5.5,28.5,16.4,16.0,3.0,14.8,2.78,13.1,16.0,2.5,13.95,2.6399999999999997,26.333333333333332,10.0,18.270000000000003,30.133333333333336,8.475949367088608
1,1,Derrick White,0.0,SA,DEN,6.5,216.0,104.8,17,18.5,21.4,27.0,PG/SG,4300,1,18.0,15.0,100,106,-5%,11,8,8,24,24,24,21.4,21.7,13.7,29.7,18.6,23.5,5.5,20.8,4.83,19.9,23.5,4.6,20.35,4.715,24.0,9.0,21.369999999999997,22.3,19.92604166666667
1,2,Wilson Chandler,0.0,BKN,IND,6.5,218.5,106.0,30,5.8,14.7,23.8,PF,3300,1,14.0,9.0,101,106,-16%,7,5,5,24,21,21,14.7,15.8,10.0,21.5,15.3,4.8,1.5,15.3,4.62,14.8,21.5,4.5,15.05,4.5600000000000005,22.0,5.666666666666667,15.41,14.766666666666666,14.707954545454545
1,3,Buddy Hield,0.0,SAC,MIL,10.0,229.5,109.8,16,25.0,37.3,53.5,SG/SF,6600,1,27.0,16.0,107,100,-2%,17,15,18,34,29,34,36.1,35.5,25.0,45.9,32.6,27.8,4.2,32.5,4.92,33.9,31.0,5.1,33.2,5.01,32.333333333333336,16.666666666666668,35.14,38.6,31.830927835051543
1,4,J.J. Barea,0.0,DAL,UTA,-1.5,216.5,109.0,29,3.0,17.2,29.8,PG/SG,3400,1,0.0,0.0,101,106,-2%,7,7,8,15,14,15,17.1,17.2,8.9,25.5,16.0,23.8,7.0,15.8,4.63,0.0,0.0,0.0,7.9,2.315,14.666666666666666,7.333333333333333,15.320000000000002,16.666666666666668,0.0
1,5,Danny Green,0.0,LAL,PHO,-12.0,230.0,121.0,1,12.8,20.3,28.0,SF,4100,1,15.0,12.0,104,108,0%,7,7,7,30,25,25,20.3,19.2,10.3,28.1,25.4,11.8,2.9,19.8,4.82,21.6,26.5,5.3,20.700000000000003,5.0600000000000005,26.666666666666668,7.0,19.72,20.366666666666667,20.570625000000003
1,6,Brook Lopez,0.0,MIL,SAC,-10.0,229.5,119.8,24,15.5,27.2,40.0,C,5300,1,16.0,14.0,100,109,-4%,10,11,9,29,30,27,27.6,25.7,16.5,34.9,25.2,31.0,5.8,27.3,5.14,31.5,30.5,5.9,29.4,5.52,28.666666666666668,10.0,26.82,27.566666666666666,31.28023255813953
1,7,De'Aaron Fox,0.0,SAC,MIL,10.0,229.5,109.8,15,22.0,40.2,61.8,PG,7500,1,31.0,20.0,107,100,0%,12,16,16,31,33,32,40.2,39.6,28.1,51.0,34.6,46.5,6.2,41.0,5.47,42.1,34.0,5.6,41.55,5.535,32.0,14.666666666666666,40.089999999999996,41.333333333333336,44.146874999999994
2,0,Victor Oladipo,0.0,IND,BKN,-6.5,218.5,112.5,10,13.0,18.1,25.3,PG/SG,4200,1,0.0,0.0,104,106,0%,13,13,13,26,24,24,18.1,18.1,13.1,23.0,27.2,22.5,5.4,31.8,7.56,28.8,28.0,6.9,30.3,7.23,24.666666666666668,13.0,20.52,18.8,34.394594594594594
2,1,Kevin Huerter,0.0,ATL,ORL,8.5,220.5,106.0,22,21.0,32.7,47.8,SG/SF,6300,0,18.0,12.0,100,105,-1%,18,16,11,45,41,31,32.7,26.0,15.5,36.4,34.8,24.5,3.9,28.5,4.52,26.6,35.0,4.2,27.55,4.359999999999999,39.0,15.0,27.630000000000003,33.833333333333336,24.724358974358974
2,2,Paul Millsap,0.0,DEN,SA,-6.5,216.0,111.3,3,10.0,23.4,34.8,PF/C,4700,1,20.0,17.0,102,111,1%,6,8,9,21,24,25,23.4,24.6,15.6,33.7,19.3,43.3,9.2,22.8,4.84,21.3,20.5,4.5,22.05,4.67,23.333333333333332,7.666666666666667,23.869999999999997,22.73333333333333,19.372500000000002
2,3,Kyle Korver,0.0,MIL,SAC,-10.0,229.5,119.8,21,8.0,12.6,15.5,SG/SF,3000,1,15.0,11.0,100,109,5%,8,6,5,15,17,17,12.6,13.0,6.8,19.2,15.1,7.3,2.4,14.0,4.67,15.2,17.5,5.1,14.6,4.885,16.333333333333332,6.333333333333333,13.239999999999998,12.033333333333333,15.642857142857144
2,4,Joe Ingles,0.0,UTA,DAL,1.5,216.5,107.5,8,13.3,20.7,28.0,SG/SF,4800,0,17.0,13.0,101,109,0%,6,5,8,33,32,31,20.6,25.6,16.1,35.1,32.0,28.3,5.9,24.3,5.05,26.8,32.5,5.6,25.55,5.324999999999999,32.0,6.333333333333333,24.59,20.666666666666668,25.94921875
2,5,Buddy Hield,0.0,SAC,MIL,10.0,229.5,109.8,16,25.0,37.3,53.5,SG/SF,6600,1,27.0,16.0,107,100,-2%,17,15,18,34,29,34,36.1,35.5,25.0,45.9,32.6,27.8,4.2,32.5,4.92,33.9,31.0,5.1,33.2,5.01,32.333333333333336,16.666666666666668,35.14,38.6,31.830927835051543
2,6,Dewayne Dedmon,0.0,ATL,ORL,8.5,220.5,106.0,15,13.0,26.7,41.8,C,4400,0,18.0,9.0,100,105,-7%,10,8,5,34,28,16,26.7,14.4,4.8,24.0,28.0,31.8,7.2,24.5,5.57,22.4,25.5,5.1,23.45,5.335,26.0,7.666666666666667,18.669999999999998,27.166666666666668,22.99903846153846
2,7,Elie Okobo,0.0,PHO,LAL,12.0,230.0,109.0,20,6.5,12.6,21.5,PG,3200,1,16.0,12.0,103,104,1%,2,2,3,20,22,13,12.6,10.6,2.4,18.8,16.3,4.0,1.3,12.8,3.98,11.9,16.0,3.7,12.350000000000001,3.84,18.333333333333332,2.3333333333333335,11.35,13.533333333333333,10.778181818181821
3,0,Monte Morris,0.0,DEN,SA,-6.5,216.0,111.3,7,13.5,24.4,41.3,PG,5200,1,19.0,15.0,102,111,2%,11,10,7,34,32,21,24.4,17.8,9.0,26.6,22.6,24.5,4.7,24.8,4.76,21.8,24.5,4.2,23.3,4.48,29.0,9.333333333333334,20.220000000000002,26.399999999999995,19.684482758620693
3,1,Garrett Temple,0.0,BKN,IND,6.5,218.5,106.0,24,9.5,19.8,30.3,PG/SG,3900,1,17.0,10.0,101,106,0%,8,9,10,22,26,28,19.8,21.0,12.4,29.6,28.3,22.0,5.6,16.3,4.17,16.6,23.5,4.3,16.450000000000003,4.234999999999999,25.333333333333332,9.0,19.85,19.866666666666667,15.259539473684214
3,2,Cheick Diallo,0.0,PHO,LAL,12.0,230.0,109.0,5,1.3,16.1,27.5,PF/C,3100,1,17.0,17.0,103,104,-8%,3,5,3,15,16,10,16.1,9.6,0.7,18.5,39.0,25.5,8.2,27.8,8.95,25.5,30.0,8.2,26.65,8.575,13.666666666666666,3.6666666666666665,14.310000000000002,14.966666666666669,58.5
3,3,Lonnie Walker IV,0.0,SA,DEN,6.5,216.0,104.8,4,5.3,11.7,17.8,SG/SF,3000,1,19.0,12.0,100,106,-3%,6,6,5,16,18,13,11.7,10.5,1.7,19.2,26.9,19.3,6.4,13.8,4.58,12.8,17.5,4.3,13.3,4.4399999999999995,15.666666666666666,5.666666666666667,11.280000000000001,11.6,14.856382978723405
3,4,Ky Bowman,0.0,GS,MIA,5.0,218.5,106.8,1,4.0,14.8,26.0,PG,4200,1,18.0,9.0,100,107,-11%,4,6,7,23,22,23,14.8,17.4,7.0,27.8,15.3,8.3,2.0,22.8,5.42,20.7,28.5,4.9,21.75,5.16,22.666666666666668,5.666666666666667,17.75,14.933333333333332,27.347426470588232
3,5,Thon Maker,0.0,DET,CHA,-3.0,205.5,104.3,8,5.0,14.1,33.3,PF/C,4300,1,15.0,13.0,99,111,8%,9,5,3,31,19,12,14.1,10.0,1.7,18.3,23.9,34.0,7.9,21.8,5.06,22.7,25.5,5.3,22.25,5.18,20.666666666666668,5.666666666666667,13.270000000000001,17.466666666666665,27.453629032258064
3,6,Jerami Grant,0.0,DEN,SA,-6.5,216.0,111.3,3,20.0,27.6,36.0,PF/C,4600,1,17.0,14.0,102,111,3%,9,10,9,30,34,26,27.6,20.8,11.7,29.9,29.7,18.3,4.0,24.8,5.38,24.1,28.5,5.2,24.450000000000003,5.29,30.0,9.333333333333334,22.890000000000004,27.866666666666664,23.227500000000003
3,7,PJ Washington,0.0,CHA,DET,3.0,205.5,101.3,7,7.5,18.0,22.5,PF/C,4400,1,18.0,13.0,101,110,4%,10,9,10,27,25,30,18.0,25.6,16.3,34.9,35.8,22.8,5.2,24.0,5.45,22.7,29.0,5.2,23.35,5.325,27.333333333333332,9.666666666666666,23.630000000000003,16.0,24.77378048780488
5,0,Malcolm Brogdon,0.0,IND,BKN,-6.5,218.5,112.5,10,29.0,34.9,39.5,PG,6900,1,27.0,19.0,104,106,8%,15,15,15,33,33,32,34.8,37.6,28.9,46.3,31.6,15.0,2.2,36.3,5.25,36.6,32.0,5.3,36.45,5.275,32.666666666666664,15.0,36.81,34.46666666666667,35.7061224489796
5,1,Garrett Temple,0.0,BKN,IND,6.5,218.5,106.0,24,9.5,19.8,30.3,PG/SG,3900,1,17.0,10.0,101,106,0%,8,9,10,22,26,28,19.8,21.0,12.4,29.6,28.3,22.0,5.6,16.3,4.17,16.6,23.5,4.3,16.450000000000003,4.234999999999999,25.333333333333332,9.0,19.85,19.866666666666667,15.259539473684214
5,2,Kristaps Porzingis,0.0,DAL,UTA,-1.5,216.5,109.0,1,13.8,43.9,60.0,PF/C,8400,1,26.0,18.0,101,106,-6%,15,15,15,25,29,31,43.9,37.8,25.3,50.3,35.3,42.8,5.1,41.0,4.88,43.7,32.5,5.2,42.35,5.04,28.333333333333332,15.0,39.93,39.233333333333334,48.577941176470596
5,3,Duncan Robinson,0.0,MIA,GS,-5.0,218.5,111.8,17,15.8,27.2,35.8,SF,5200,0,15.0,13.0,103,110,7%,12,10,9,40,34,30,27.3,22.2,13.5,30.9,36.8,25.3,4.9,25.3,4.86,25.0,32.5,4.8,25.15,4.83,34.666666666666664,10.333333333333334,23.810000000000002,26.266666666666666,23.578125
5,4,Kendrick Nunn,0.0,MIA,GS,-5.0,218.5,111.8,16,7.5,20.0,30.3,PG/SG,6000,0,24.0,14.0,103,110,7%,19,14,14,31,29,31,22.6,27.0,17.7,36.2,23.1,7.8,1.3,28.3,4.71,26.6,28.5,4.4,27.450000000000003,4.555,30.333333333333332,15.666666666666666,26.190000000000005,19.266666666666666,25.79093406593407
5,5,Jerami Grant,0.0,DEN,SA,-6.5,216.0,111.3,3,20.0,27.6,36.0,PF/C,4600,1,17.0,14.0,102,111,3%,9,10,9,30,34,26,27.6,20.8,11.7,29.9,29.7,18.3,4.0,24.8,5.38,24.1,28.5,5.2,24.450000000000003,5.29,30.0,9.333333333333334,22.890000000000004,27.866666666666664,23.227500000000003
5,6,Jarrett Allen,0.0,BKN,IND,6.5,218.5,106.0,12,12.0,27.5,44.8,C,5400,1,15.0,20.0,101,106,3%,4,5,7,19,23,27,27.4,29.9,18.8,41.1,19.9,27.0,5.0,26.0,4.81,27.4,26.0,5.1,26.7,4.955,23.0,5.333333333333333,28.78,28.099999999999998,30.182608695652174
5,7,Kent Bazemore,0.0,SAC,MIL,10.0,229.5,109.8,16,14.8,19.5,25.3,SG/SF,3500,1,16.0,8.0,107,100,-2%,11,8,8,25,22,25,19.5,18.6,11.5,25.7,13.1,13.5,3.9,19.8,5.64,17.8,24.5,5.1,18.8,5.369999999999999,24.0,9.0,18.82,19.866666666666664,19.191666666666666
6,0,Malcolm Brogdon,0.0,IND,BKN,-6.5,218.5,112.5,10,29.0,34.9,39.5,PG,6900,1,27.0,19.0,104,106,8%,15,15,15,33,33,32,34.8,37.6,28.9,46.3,31.6,15.0,2.2,36.3,5.25,36.6,32.0,5.3,36.45,5.275,32.666666666666664,15.0,36.81,34.46666666666667,35.7061224489796
6,1,Michael Carter-Williams,0.0,ORL,ATL,-8.5,220.5,114.5,9,18.0,23.6,31.3,PG/SG,4600,1,19.0,16.0,106,111,-1%,8,6,6,24,23,18,23.6,17.8,9.6,25.9,19.6,19.0,4.1,22.3,4.84,22.3,21.5,4.8,22.3,4.82,21.666666666666668,6.666666666666667,19.84,24.3,22.128461538461536
6,2,Kristaps Porzingis,0.0,DAL,UTA,-1.5,216.5,109.0,1,13.8,43.9,60.0,PF/C,8400,1,26.0,18.0,101,106,-6%,15,15,15,25,29,31,43.9,37.8,25.3,50.3,35.3,42.8,5.1,41.0,4.88,43.7,32.5,5.2,42.35,5.04,28.333333333333332,15.0,39.93,39.233333333333334,48.577941176470596
6,3,Georges Niang,0.0,UTA,DAL,1.5,216.5,107.5,11,5.8,9.1,12.5,SF/PF,3000,0,16.0,13.0,101,109,0%,4,5,5,9,13,14,9.1,10.9,4.2,17.6,13.8,11.3,3.8,13.3,4.42,10.8,15.0,3.6,12.05,4.01,12.0,4.666666666666667,10.770000000000001,9.133333333333333,15.0625
6,4,Joe Ingles,0.0,UTA,DAL,1.5,216.5,107.5,8,13.3,20.7,28.0,SG/SF,4800,0,17.0,13.0,101,109,0%,6,5,8,33,32,31,20.6,25.6,16.1,35.1,32.0,28.3,5.9,24.3,5.05,26.8,32.5,5.6,25.55,5.324999999999999,32.0,6.333333333333333,24.59,20.666666666666668,25.94921875
6,5,Juan Toscano-Anderson,0.0,GS,MIA,5.0,218.5,106.8,15,11.8,11.8,11.8,SF/PF,3000,1,0.0,0.0,100,107,0%,6,6,6,19,19,19,11.8,11.8,11.8,11.8,13.9,11.8,3.9,6.0,2.0,7.9,10.5,2.6,6.95,2.3,19.0,6.0,10.830000000000002,11.800000000000002,3.840789473684211
6,6,DeAndre Jordan,0.0,BKN,IND,6.5,218.5,106.0,12,14.5,25.8,40.0,C,5000,1,15.0,20.0,101,106,3%,8,5,5,25,22,21,25.8,25.7,16.4,35.0,28.1,40.3,8.1,24.3,4.85,25.2,21.5,5.0,24.75,4.925,22.666666666666668,6.0,25.53,26.766666666666666,23.476102941176467
6,7,Spencer Dinwiddie,0.0,BKN,IND,6.5,218.5,106.0,24,20.3,34.1,49.5,PG/SG,7900,1,31.0,18.0,101,106,-3%,12,15,17,30,30,32,34.0,38.1,27.9,48.2,35.3,47.5,6.0,37.8,4.78,40.2,34.5,5.1,39.0,4.9399999999999995,30.666666666666668,14.666666666666666,37.44,34.63333333333333,43.87499999999999
7,0,Devonte' Graham,0.0,CHA,DET,3.0,205.5,101.3,8,25.3,35.1,50.5,PG,7100,1,26.0,16.0,101,110,2%,16,14,15,35,36,36,34.9,37.8,27.5,48.1,35.3,46.8,6.6,34.5,4.86,34.2,35.5,4.8,34.35,4.83,35.666666666666664,15.0,36.529999999999994,36.96666666666667,34.189485981308415
7,1,Yogi Ferrell,0.0,SAC,MIL,10.0,229.5,109.8,15,1.5,5.8,8.3,PG/SG,3000,1,19.0,12.0,107,100,0%,3,3,4,7,6,11,5.8,8.7,2.6,14.8,10.5,4.8,1.6,5.8,1.92,0.0,0.0,0.0,2.9,0.96,8.0,3.3333333333333335,6.960000000000001,5.2,0.0
7,2,Ersan Ilyasova,0.0,MIL,SAC,-10.0,229.5,119.8,2,4.5,7.1,13.5,PF/C,3200,1,17.0,17.0,100,109,-9%,6,5,6,14,14,16,11.3,17.1,7.2,26.9,24.9,22.5,7.0,23.0,7.19,27.6,25.5,8.6,25.3,7.895,14.666666666666666,5.666666666666667,17.56,8.366666666666667,43.987500000000004
7,3,Sterling Brown,0.0,MIL,SAC,-10.0,229.5,119.8,21,1.5,6.4,14.3,SG/SF,3000,1,16.0,10.0,100,109,5%,3,4,5,7,8,15,6.3,12.4,3.6,21.2,23.5,28.5,9.5,8.5,2.83,0.0,0.0,0.0,4.25,1.415,10.0,4.0,9.55,7.400000000000001,0.0
7,4,Draymond Green,0.0,GS,MIA,5.0,218.5,106.8,1,13.8,35.3,48.8,PG/SF,6700,1,18.0,13.0,100,107,0%,7,7,8,27,28,29,35.3,29.7,18.2,41.2,31.4,32.8,4.9,32.8,4.89,32.7,30.0,4.9,32.75,4.895,28.0,7.333333333333333,31.43,32.63333333333333,35.089285714285715
7,5,Jeremy Lamb,0.0,IND,BKN,-6.5,218.5,112.5,18,9.8,20.6,41.3,SG/SF,5300,1,19.0,14.0,104,106,0%,11,9,11,31,28,30,20.6,25.9,16.3,35.5,26.0,17.8,3.4,22.5,4.25,21.8,25.0,4.1,22.15,4.175,29.666666666666668,10.333333333333334,24.089999999999996,23.900000000000002,18.66573033707865
7,6,Cody Zeller,0.0,CHA,DET,3.0,205.5,101.3,7,10.8,27.6,48.0,PF/C,4800,1,21.0,18.0,101,110,3%,6,9,8,17,23,23,27.6,24.1,14.2,34.0,22.3,23.0,4.8,23.5,4.9,24.6,24.5,5.1,24.05,5.0,21.0,7.666666666666667,24.79,28.8,28.05833333333333
7,7,Rondae Hollis-Jefferson,0.0,TOR,MIN,-9.5,230.5,120.0,10,2.3,12.3,20.3,PF,3200,1,18.0,16.0,105,109,6%,4,3,6,15,14,20,12.3,18.8,9.4,28.2,33.5,36.0,11.3,24.5,7.66,27.2,26.0,8.5,25.85,8.08,16.333333333333332,4.333333333333333,18.910000000000004,11.633333333333335,41.14897959183674
8,0,J.J. Barea,0.0,DAL,UTA,-1.5,216.5,109.0,29,3.0,17.2,29.8,PG/SG,3400,1,0.0,0.0,101,106,-2%,7,7,8,15,14,15,17.1,17.2,8.9,25.5,16.0,23.8,7.0,15.8,4.63,0.0,0.0,0.0,7.9,2.315,14.666666666666666,7.333333333333333,15.320000000000002,16.666666666666668,0.0
8,1,Lonnie Walker IV,0.0,SA,DEN,6.5,216.0,104.8,4,5.3,11.7,17.8,SG/SF,3000,1,19.0,12.0,100,106,-3%,6,6,5,16,18,13,11.7,10.5,1.7,19.2,26.9,19.3,6.4,13.8,4.58,12.8,17.5,4.3,13.3,4.4399999999999995,15.666666666666666,5.666666666666667,11.280000000000001,11.6,14.856382978723405
8,2,Kyle Kuzma,0.0,LAL,PHO,-12.0,230.0,121.0,1,15.0,27.2,40.5,SF/PF,4900,1,22.0,12.0,104,108,-2%,8,10,11,25,25,25,27.1,22.1,12.3,31.8,20.4,30.5,6.2,21.8,4.44,23.0,25.5,4.7,22.4,4.57,25.0,9.666666666666666,23.139999999999997,27.566666666666666,22.848
8,3,Allen Crabbe,0.0,MIN,TOR,9.5,230.5,110.5,6,0.8,5.6,10.5,SG/SF,3000,1,13.0,6.0,103,102,-1%,2,4,5,15,18,19,7.3,10.6,4.3,16.8,16.5,12.8,4.3,9.8,3.25,10.4,17.0,3.5,10.100000000000001,3.375,17.333333333333332,3.6666666666666665,9.82,5.633333333333333,9.905769230769234
8,4,Joe Ingles,0.0,UTA,DAL,1.5,216.5,107.5,8,13.3,20.7,28.0,SG/SF,4800,0,17.0,13.0,101,109,0%,6,5,8,33,32,31,20.6,25.6,16.1,35.1,32.0,28.3,5.9,24.3,5.05,26.8,32.5,5.6,25.55,5.324999999999999,32.0,6.333333333333333,24.59,20.666666666666668,25.94921875
8,5,Nemanja Bjelica,0.0,SAC,MIL,10.0,229.5,109.8,12,20.3,27.0,35.5,PF,6000,1,18.0,17.0,107,100,3%,9,9,10,35,31,29,27.0,28.4,17.9,39.0,33.8,33.5,5.6,32.8,5.46,34.2,34.5,5.7,33.5,5.58,31.666666666666668,9.333333333333334,29.160000000000004,27.599999999999998,36.49736842105263
8,6,Domantas Sabonis,0.0,IND,BKN,-6.5,218.5,112.5,23,36.5,44.1,59.0,PF/C,9600,1,24.0,21.0,104,106,8%,13,13,14,37,36,35,44.0,44.1,35.0,53.1,37.8,58.5,6.1,45.8,4.77,44.5,35.5,4.6,45.15,4.685,36.0,13.333333333333334,44.269999999999996,46.53333333333333,44.52291666666667
8,7,Donte DiVincenzo,0.0,MIL,SAC,-10.0,229.5,119.8,19,13.5,22.0,29.3,PG/SG,4100,1,17.0,15.0,100,109,5%,6,9,8,25,23,24,21.9,22.5,15.4,29.7,25.4,19.0,4.6,22.5,5.49,25.8,25.0,6.3,24.15,5.895,24.0,7.666666666666667,22.73,21.599999999999998,25.156249999999996
9,0,Trae Young,0.0,ATL,ORL,8.5,220.5,106.0,2,19.5,56.9,77.0,PG,10100,0,36.0,24.0,100,105,-2%,27,22,22,42,37,36,56.9,53.3,38.5,68.1,33.6,43.3,4.3,50.3,4.98,51.1,36.0,5.1,50.7,5.04,38.333333333333336,23.666666666666668,53.5,51.13333333333333,47.61391304347826
9,1,Wesley Matthews,0.0,MIL,SAC,-10.0,229.5,119.8,21,4.3,16.5,27.0,SG,3700,1,12.0,9.0,100,109,5%,8,7,6,32,28,25,16.5,14.9,7.5,22.2,32.0,17.3,4.7,20.5,5.54,21.8,31.0,5.9,21.15,5.720000000000001,28.333333333333332,7.0,16.45,15.933333333333332,23.140588235294118
9,2,Miles Bridges,0.0,CHA,DET,3.0,205.5,101.3,4,25.8,37.1,44.8,SF/PF,6200,1,19.0,13.0,101,110,-1%,16,17,11,37,36,31,37.1,25.5,15.4,35.7,32.8,28.8,4.6,30.8,4.96,28.1,35.5,4.5,29.450000000000003,4.73,34.666666666666664,14.666666666666666,28.630000000000006,35.9,30.157932692307696
9,3,Georges Niang,0.0,UTA,DAL,1.5,216.5,107.5,11,5.8,9.1,12.5,SF/PF,3000,0,16.0,13.0,101,109,0%,4,5,5,9,13,14,9.1,10.9,4.2,17.6,13.8,11.3,3.8,13.3,4.42,10.8,15.0,3.6,12.05,4.01,12.0,4.666666666666667,10.770000000000001,9.133333333333333,15.0625
9,4,Kyle Korver,0.0,MIL,SAC,-10.0,229.5,119.8,21,8.0,12.6,15.5,SG/SF,3000,1,15.0,11.0,100,109,5%,8,6,5,15,17,17,12.6,13.0,6.8,19.2,15.1,7.3,2.4,14.0,4.67,15.2,17.5,5.1,14.6,4.885,16.333333333333332,6.333333333333333,13.239999999999998,12.033333333333333,15.642857142857144
9,5,Royce O'Neale,0.0,UTA,DAL,1.5,216.5,107.5,11,9.5,14.0,18.0,SF,3300,0,9.0,9.0,101,109,0%,4,4,5,25,26,29,16.3,18.8,12.3,25.3,32.3,10.3,3.1,15.5,4.7,18.5,29.0,5.6,17.0,5.15,26.666666666666668,4.333333333333333,17.94,13.833333333333334,18.487499999999997
9,6,Pascal Siakam,0.0,TOR,MIN,-9.5,230.5,120.0,10,21.0,37.7,49.8,PF/C,8100,1,29.0,19.0,105,109,-1%,21,18,20,34,34,35,37.7,42.6,32.4,52.9,36.5,56.5,7.0,45.5,5.62,45.9,35.5,5.7,45.7,5.66,34.333333333333336,19.666666666666668,42.260000000000005,36.166666666666664,47.25291262135922
9,7,Nemanja Bjelica,0.0,SAC,MIL,10.0,229.5,109.8,12,20.3,27.0,35.5,PF,6000,1,18.0,17.0,107,100,3%,9,9,10,35,31,29,27.0,28.4,17.9,39.0,33.8,33.5,5.6,32.8,5.46,34.2,34.5,5.7,33.5,5.58,31.666666666666668,9.333333333333334,29.160000000000004,27.599999999999998,36.49736842105263
10,0,Malcolm Brogdon,0.0,IND,BKN,-6.5,218.5,112.5,10,29.0,34.9,39.5,PG,6900,1,27.0,19.0,104,106,8%,15,15,15,33,33,32,34.8,37.6,28.9,46.3,31.6,15.0,2.2,36.3,5.25,36.6,32.0,5.3,36.45,5.275,32.666666666666664,15.0,36.81,34.46666666666667,35.7061224489796
10,1,Mikal Bridges,0.0,PHO,LAL,12.0,230.0,109.0,27,16.3,26.7,37.0,SG/SF,4800,1,12.0,13.0,103,104,-5%,7,9,6,33,35,26,26.9,19.0,9.5,28.4,30.7,35.0,7.3,22.5,4.69,21.5,31.0,4.5,22.0,4.595000000000001,31.333333333333332,7.333333333333333,21.16,26.666666666666668,21.76595744680851
10,2,Juancho Hernangomez,0.0,MIN,TOR,9.5,230.5,110.5,19,8.8,17.5,25.3,PF,3600,1,14.0,8.0,103,102,5%,6,6,3,27,20,13,17.4,8.6,1.0,16.1,25.8,23.3,6.5,17.3,4.79,20.1,27.0,5.6,18.700000000000003,5.195,20.0,5.0,12.360000000000001,17.2,25.245000000000005
10,3,Harrison Barnes,0.0,SAC,MIL,10.0,229.5,109.8,16,11.5,23.4,40.3,SF/PF,5100,1,18.0,13.0,107,100,-6%,11,9,11,33,32,35,23.4,25.7,16.1,35.2,36.6,34.8,6.8,24.3,4.75,24.6,34.5,4.8,24.450000000000003,4.775,33.333333333333336,10.333333333333334,24.970000000000002,25.066666666666663,25.30575
10,4,Damion Lee,0.0,GS,MIA,5.0,218.5,106.8,29,14.0,24.2,32.8,SG/SF,5100,1,19.0,12.0,100,107,-2%,9,10,10,26,29,29,24.1,24.7,14.4,35.0,30.0,32.0,6.3,24.5,4.8,25.2,28.5,4.9,24.85,4.85,28.0,9.666666666666666,24.610000000000003,23.666666666666668,25.293750000000003
10,5,Kent Bazemore,0.0,SAC,MIL,10.0,229.5,109.8,16,14.8,19.5,25.3,SG/SF,3500,1,16.0,8.0,107,100,-2%,11,8,8,25,22,25,19.5,18.6,11.5,25.7,13.1,13.5,3.9,19.8,5.64,17.8,24.5,5.1,18.8,5.369999999999999,24.0,9.0,18.82,19.866666666666664,19.191666666666666
10,6,Jakob Poeltl,0.0,SA,DEN,6.5,216.0,104.8,21,10.8,17.8,32.8,C,3300,1,14.0,20.0,100,106,-3%,4,5,4,12,14,17,17.6,18.8,10.4,27.1,15.7,11.0,3.3,15.8,4.77,13.7,13.5,4.2,14.75,4.484999999999999,14.333333333333334,4.333333333333333,17.73,20.466666666666665,13.892441860465118
10,7,Kendrick Nunn,0.0,MIA,GS,-5.0,218.5,111.8,16,7.5,20.0,30.3,PG/SG,6000,0,24.0,14.0,103,110,7%,19,14,14,31,29,31,22.6,27.0,17.7,36.2,23.1,7.8,1.3,28.3,4.71,26.6,28.5,4.4,27.450000000000003,4.555,30.333333333333332,15.666666666666666,26.190000000000005,19.266666666666666,25.79093406593407
11,0,Cory Joseph,0.0,SAC,MIL,10.0,229.5,109.8,15,6.0,16.2,35.0,PG,3200,1,14.0,9.0,107,100,0%,3,6,6,22,23,25,16.2,16.5,8.4,24.5,28.7,22.0,6.9,15.0,4.69,13.8,21.0,4.3,14.4,4.495,23.333333333333332,5.0,16.000000000000004,19.066666666666666,12.96
11,1,Derrick White,0.0,SA,DEN,6.5,216.0,104.8,17,18.5,21.4,27.0,PG/SG,4300,1,18.0,15.0,100,106,-5%,11,8,8,24,24,24,21.4,21.7,13.7,29.7,18.6,23.5,5.5,20.8,4.83,19.9,23.5,4.6,20.35,4.715,24.0,9.0,21.369999999999997,22.3,19.92604166666667
11,2,Kristaps Porzingis,0.0,DAL,UTA,-1.5,216.5,109.0,1,13.8,43.9,60.0,PF/C,8400,1,26.0,18.0,101,106,-6%,15,15,15,25,29,31,43.9,37.8,25.3,50.3,35.3,42.8,5.1,41.0,4.88,43.7,32.5,5.2,42.35,5.04,28.333333333333332,15.0,39.93,39.233333333333334,48.577941176470596
11,3,Tony Snell,0.0,DET,CHA,-3.0,205.5,104.3,30,9.5,17.1,25.0,SG/SF,4000,1,12.0,9.0,99,111,2%,9,8,7,34,34,28,17.1,15.5,9.3,21.6,33.8,14.0,3.5,18.8,4.69,17.8,30.5,4.5,18.3,4.595000000000001,32.0,8.0,16.36,17.2,17.4421875
11,4,Dejounte Murray,0.0,SA,DEN,6.5,216.0,104.8,17,11.8,26.3,48.8,PG,5600,1,21.0,17.0,100,106,-5%,9,8,9,26,26,25,26.3,26.3,16.5,36.1,33.6,37.5,6.7,24.5,4.38,24.2,25.5,4.3,24.35,4.34,25.666666666666668,8.666666666666666,25.910000000000004,28.96666666666667,24.191883116883115
11,5,Damion Lee,0.0,GS,MIA,5.0,218.5,106.8,29,14.0,24.2,32.8,SG/SF,5100,1,19.0,12.0,100,107,-2%,9,10,10,26,29,29,24.1,24.7,14.4,35.0,30.0,32.0,6.3,24.5,4.8,25.2,28.5,4.9,24.85,4.85,28.0,9.666666666666666,24.610000000000003,23.666666666666668,25.293750000000003
11,6,Willie Cauley-Stein,0.0,DAL,UTA,-1.5,216.5,109.0,26,5.5,18.7,34.5,C,4600,1,14.0,17.0,101,106,1%,5,5,6,19,17,22,19.9,21.9,14.4,29.4,4.8,9.3,2.0,14.0,3.04,11.7,11.5,2.5,12.85,2.77,19.333333333333332,5.333333333333333,19.689999999999998,19.566666666666666,7.643534482758621
11,7,Marquese Chriss,0.0,GS,MIA,5.0,218.5,106.8,4,20.3,29.1,45.3,PF/C,5800,1,19.0,19.0,100,107,0%,13,9,6,28,26,19,29.1,20.6,11.1,30.1,26.7,33.8,5.8,27.8,4.78,30.1,28.0,5.2,28.950000000000003,4.99,24.333333333333332,9.333333333333334,23.970000000000002,31.566666666666666,33.3123287671233
12,0,Goran Dragic,0.0,MIA,GS,-5.0,218.5,111.8,16,22.0,32.6,46.0,PG,5900,0,26.0,16.0,103,110,7%,16,13,13,30,30,29,32.5,29.8,20.9,38.8,29.6,25.5,4.3,28.5,4.83,28.6,27.5,4.8,28.55,4.8149999999999995,29.666666666666668,14.0,30.110000000000003,33.53333333333333,26.46488764044944
12,1,Bryn Forbes,0.0,SA,DEN,6.5,216.0,104.8,17,11.3,18.4,29.3,PG/SG,3800,1,18.0,11.0,100,106,-3%,9,8,10,25,23,26,18.4,18.4,10.0,26.8,28.6,27.3,7.2,17.8,4.67,16.5,24.0,4.3,17.15,4.484999999999999,24.666666666666668,9.0,18.15,19.666666666666668,16.686486486486487
12,2,Jerami Grant,0.0,DEN,SA,-6.5,216.0,111.3,3,20.0,27.6,36.0,PF/C,4600,1,17.0,14.0,102,111,3%,9,10,9,30,34,26,27.6,20.8,11.7,29.9,29.7,18.3,4.0,24.8,5.38,24.1,28.5,5.2,24.450000000000003,5.29,30.0,9.333333333333334,22.890000000000004,27.866666666666664,23.227500000000003
12,3,Harrison Barnes,0.0,SAC,MIL,10.0,229.5,109.8,16,11.5,23.4,40.3,SF/PF,5100,1,18.0,13.0,107,100,-6%,11,9,11,33,32,35,23.4,25.7,16.1,35.2,36.6,34.8,6.8,24.3,4.75,24.6,34.5,4.8,24.450000000000003,4.775,33.333333333333336,10.333333333333334,24.970000000000002,25.066666666666663,25.30575
12,4,Delon Wright,0.0,DAL,UTA,-1.5,216.5,109.0,29,16.0,20.8,27.3,PG/SG,4400,1,17.0,17.0,101,106,-2%,7,7,6,22,24,22,20.8,21.1,12.4,29.8,13.3,9.3,2.1,21.0,4.77,20.7,21.5,4.7,20.85,4.734999999999999,22.666666666666668,6.666666666666667,20.990000000000002,21.366666666666664,19.776838235294118
12,5,Patrick McCaw,0.0,TOR,MIN,-9.5,230.5,120.0,6,4.8,9.1,18.5,PG/SF,3100,1,10.0,8.0,105,109,1%,2,2,5,21,20,25,9.1,13.8,4.3,23.4,25.6,19.5,6.3,11.8,3.79,11.7,20.0,3.8,11.75,3.795,22.0,3.0,12.469999999999999,10.799999999999999,10.681818181818182
12,6,JaVale McGee,0.0,LAL,PHO,-12.0,230.0,121.0,25,12.8,16.0,22.3,C,3600,1,15.0,21.0,104,108,2%,5,5,5,19,16,17,16.0,19.6,10.7,28.4,15.0,12.8,3.6,17.0,4.72,18.1,15.5,5.0,17.55,4.859999999999999,17.333333333333332,5.0,18.45,17.033333333333335,15.693750000000003
12,7,Derrick White,0.0,SA,DEN,6.5,216.0,104.8,17,18.5,21.4,27.0,PG/SG,4300,1,18.0,15.0,100,106,-5%,11,8,8,24,24,24,21.4,21.7,13.7,29.7,18.6,23.5,5.5,20.8,4.83,19.9,23.5,4.6,20.35,4.715,24.0,9.0,21.369999999999997,22.3,19.92604166666667
13,0,Monte Morris,0.0,DEN,SA,-6.5,216.0,111.3,7,13.5,24.4,41.3,PG,5200,1,19.0,15.0,102,111,2%,11,10,7,34,32,21,24.4,17.8,9.0,26.6,22.6,24.5,4.7,24.8,4.76,21.8,24.5,4.2,23.3,4.48,29.0,9.333333333333334,20.220000000000002,26.399999999999995,19.684482758620693
13,1,Andrew Wiggins,0.0,GS,MIA,5.0,218.5,106.8,29,23.3,40.0,63.8,SG/SF,7800,1,27.0,17.0,100,107,1%,16,15,19,34,34,35,40.0,38.2,27.8,48.6,34.1,26.5,3.4,34.8,4.46,39.1,32.5,5.0,36.95,4.73,34.333333333333336,16.666666666666668,38.31,42.36666666666667,34.97694174757281
13,2,John Collins,0.0,ATL,ORL,8.5,220.5,106.0,15,40.8,49.2,60.5,PF/C,8500,0,22.0,22.0,100,105,0%,19,18,15,44,40,32,49.2,40.8,30.4,51.3,33.2,37.0,4.4,42.3,4.97,41.2,34.5,4.8,41.75,4.885,38.666666666666664,17.333333333333332,42.690000000000005,50.166666666666664,37.251077586206904
13,3,Royce O'Neale,0.0,UTA,DAL,1.5,216.5,107.5,11,9.5,14.0,18.0,SF,3300,0,9.0,9.0,101,109,0%,4,4,5,25,26,29,16.3,18.8,12.3,25.3,32.3,10.3,3.1,15.5,4.7,18.5,29.0,5.6,17.0,5.15,26.666666666666668,4.333333333333333,17.94,13.833333333333334,18.487499999999997
13,4,De'Aaron Fox,0.0,SAC,MIL,10.0,229.5,109.8,15,22.0,40.2,61.8,PG,7500,1,31.0,20.0,107,100,0%,12,16,16,31,33,32,40.2,39.6,28.1,51.0,34.6,46.5,6.2,41.0,5.47,42.1,34.0,5.6,41.55,5.535,32.0,14.666666666666666,40.089999999999996,41.333333333333336,44.146874999999994
13,5,Jerami Grant,0.0,DEN,SA,-6.5,216.0,111.3,3,20.0,27.6,36.0,PF/C,4600,1,17.0,14.0,102,111,3%,9,10,9,30,34,26,27.6,20.8,11.7,29.9,29.7,18.3,4.0,24.8,5.38,24.1,28.5,5.2,24.450000000000003,5.29,30.0,9.333333333333334,22.890000000000004,27.866666666666664,23.227500000000003
13,6,Cheick Diallo,0.0,PHO,LAL,12.0,230.0,109.0,5,1.3,16.1,27.5,PF/C,3100,1,17.0,17.0,103,104,-8%,3,5,3,15,16,10,16.1,9.6,0.7,18.5,39.0,25.5,8.2,27.8,8.95,25.5,30.0,8.2,26.65,8.575,13.666666666666666,3.6666666666666665,14.310000000000002,14.966666666666669,58.5
13,7,Fred VanVleet,0.0,TOR,MIN,-9.5,230.5,120.0,6,30.5,36.9,44.0,PG/SG,7600,1,23.0,17.0,105,109,4%,17,13,15,37,36,37,36.9,38.6,29.3,47.9,37.3,34.0,4.5,36.8,4.84,40.2,35.5,5.3,38.5,5.07,36.666666666666664,15.0,38.24,37.13333333333333,37.275
14,0,Dejounte Murray,0.0,SA,DEN,6.5,216.0,104.8,17,11.8,26.3,48.8,PG,5600,1,21.0,17.0,100,106,-5%,9,8,9,26,26,25,26.3,26.3,16.5,36.1,33.6,37.5,6.7,24.5,4.38,24.2,25.5,4.3,24.35,4.34,25.666666666666668,8.666666666666666,25.910000000000004,28.96666666666667,24.191883116883115
14,1,Kent Bazemore,0.0,SAC,MIL,10.0,229.5,109.8,16,14.8,19.5,25.3,SG/SF,3500,1,16.0,8.0,107,100,-2%,11,8,8,25,22,25,19.5,18.6,11.5,25.7,13.1,13.5,3.9,19.8,5.64,17.8,24.5,5.1,18.8,5.369999999999999,24.0,9.0,18.82,19.866666666666664,19.191666666666666
14,2,Kelly Oubre Jr.,0.0,PHO,LAL,12.0,230.0,109.0,9,29.3,39.4,58.8,SF/PF,7300,1,22.0,16.0,103,104,-5%,19,19,15,39,39,36,39.4,35.3,24.7,45.9,26.8,16.3,2.2,35.5,4.86,36.5,37.0,5.0,36.0,4.93,38.0,17.666666666666668,36.26,42.5,35.05263157894737
14,3,Draymond Green,0.0,GS,MIA,5.0,218.5,106.8,1,13.8,35.3,48.8,PG/SF,6700,1,18.0,13.0,100,107,0%,7,7,8,27,28,29,35.3,29.7,18.2,41.2,31.4,32.8,4.9,32.8,4.89,32.7,30.0,4.9,32.75,4.895,28.0,7.333333333333333,31.43,32.63333333333333,35.089285714285715
14,4,Malcolm Brogdon,0.0,IND,BKN,-6.5,218.5,112.5,10,29.0,34.9,39.5,PG,6900,1,27.0,19.0,104,106,8%,15,15,15,33,33,32,34.8,37.6,28.9,46.3,31.6,15.0,2.2,36.3,5.25,36.6,32.0,5.3,36.45,5.275,32.666666666666664,15.0,36.81,34.46666666666667,35.7061224489796
14,5,Mikal Bridges,0.0,PHO,LAL,12.0,230.0,109.0,27,16.3,26.7,37.0,SG/SF,4800,1,12.0,13.0,103,104,-5%,7,9,6,33,35,26,26.9,19.0,9.5,28.4,30.7,35.0,7.3,22.5,4.69,21.5,31.0,4.5,22.0,4.595000000000001,31.333333333333332,7.333333333333333,21.16,26.666666666666668,21.76595744680851
14,6,Tony Bradley,0.0,UTA,DAL,1.5,216.5,107.5,2,3.3,8.0,13.8,C,3000,0,16.0,19.0,101,109,-2%,4,3,3,8,9,10,8.0,10.9,3.3,18.5,12.1,15.3,5.1,13.0,4.33,0.0,0.0,0.0,6.5,2.165,9.0,3.3333333333333335,9.44,8.366666666666667,0.0
14,7,Zach Norvell Jr.,0.0,GS,MIA,5.0,218.5,106.8,1,0.0,6.9,19.5,PG/SG,3000,1,0.0,0.0,100,107,-11%,2,2,2,10,7,7,6.9,6.9,-4.0,17.8,10.6,5.8,1.9,7.8,2.58,0.0,0.0,0.0,3.9,1.29,8.0,2.0,6.3,8.799999999999999,0.0
15,0,Garrett Temple,0.0,BKN,IND,6.5,218.5,106.0,24,9.5,19.8,30.3,PG/SG,3900,1,17.0,10.0,101,106,0%,8,9,10,22,26,28,19.8,21.0,12.4,29.6,28.3,22.0,5.6,16.3,4.17,16.6,23.5,4.3,16.450000000000003,4.234999999999999,25.333333333333332,9.0,19.85,19.866666666666667,15.259539473684214
15,1,Michael Carter-Williams,0.0,ORL,ATL,-8.5,220.5,114.5,9,18.0,23.6,31.3,PG/SG,4600,1,19.0,16.0,106,111,-1%,8,6,6,24,23,18,23.6,17.8,9.6,25.9,19.6,19.0,4.1,22.3,4.84,22.3,21.5,4.8,22.3,4.82,21.666666666666668,6.666666666666667,19.84,24.3,22.128461538461536
15,2,Cody Zeller,0.0,CHA,DET,3.0,205.5,101.3,7,10.8,27.6,48.0,PF/C,4800,1,21.0,18.0,101,110,3%,6,9,8,17,23,23,27.6,24.1,14.2,34.0,22.3,23.0,4.8,23.5,4.9,24.6,24.5,5.1,24.05,5.0,21.0,7.666666666666667,24.79,28.8,28.05833333333333
15,3,LeBron James,0.0,LAL,PHO,-12.0,230.0,121.0,18,49.5,53.4,62.3,PG/SF,10900,1,34.0,26.0,104,108,0%,18,19,20,35,35,35,53.7,55.3,45.0,65.5,30.1,40.0,3.7,55.8,5.11,56.0,34.5,5.1,55.9,5.105,35.0,19.0,55.08,55.06666666666666,55.10142857142857
15,4,Jeremy Lamb,0.0,IND,BKN,-6.5,218.5,112.5,18,9.8,20.6,41.3,SG/SF,5300,1,19.0,14.0,104,106,0%,11,9,11,31,28,30,20.6,25.9,16.3,35.5,26.0,17.8,3.4,22.5,4.25,21.8,25.0,4.1,22.15,4.175,29.666666666666668,10.333333333333334,24.089999999999996,23.900000000000002,18.66573033707865
15,5,Joe Harris,0.0,BKN,IND,6.5,218.5,106.0,15,15.5,26.2,33.3,SG/SF,4800,1,17.0,12.0,101,106,-16%,11,10,11,30,29,32,22.9,24.6,16.8,32.5,34.3,29.5,6.1,23.5,4.9,23.7,31.5,4.9,23.6,4.9,30.333333333333332,10.666666666666666,24.080000000000002,25.0,24.507692307692313
15,6,Karl-Anthony Towns,0.0,MIN,TOR,9.5,230.5,110.5,6,39.5,49.3,57.3,C,10500,1,29.0,27.0,103,102,-10%,14,17,18,36,37,34,49.3,52.8,41.5,64.0,36.8,50.5,4.8,50.8,4.83,52.8,35.5,5.0,51.8,4.915,35.666666666666664,16.333333333333332,51.879999999999995,48.699999999999996,51.55794392523365
15,7,Kyle Kuzma,0.0,LAL,PHO,-12.0,230.0,121.0,1,15.0,27.2,40.5,SF/PF,4900,1,22.0,12.0,104,108,-2%,8,10,11,25,25,25,27.1,22.1,12.3,31.8,20.4,30.5,6.2,21.8,4.44,23.0,25.5,4.7,22.4,4.57,25.0,9.666666666666666,23.139999999999997,27.566666666666666,22.848
16,0,Draymond Green,0.0,GS,MIA,5.0,218.5,106.8,1,13.8,35.3,48.8,PG/SF,6700,1,18.0,13.0,100,107,0%,7,7,8,27,28,29,35.3,29.7,18.2,41.2,31.4,32.8,4.9,32.8,4.89,32.7,30.0,4.9,32.75,4.895,28.0,7.333333333333333,31.43,32.63333333333333,35.089285714285715
16,1,Pat Connaughton,0.0,MIL,SAC,-10.0,229.5,119.8,21,8.0,16.8,27.0,SG/SF,3200,1,12.0,11.0,100,109,5%,4,4,4,15,21,19,16.8,14.8,7.6,22.1,25.9,21.8,6.8,15.3,4.77,18.6,20.0,5.8,16.950000000000003,5.285,18.333333333333332,4.0,15.65,17.266666666666666,18.490909090909096
16,2,Kyle Kuzma,0.0,LAL,PHO,-12.0,230.0,121.0,1,15.0,27.2,40.5,SF/PF,4900,1,22.0,12.0,104,108,-2%,8,10,11,25,25,25,27.1,22.1,12.3,31.8,20.4,30.5,6.2,21.8,4.44,23.0,25.5,4.7,22.4,4.57,25.0,9.666666666666666,23.139999999999997,27.566666666666666,22.848
16,3,Sekou Doumbouya,0.0,DET,CHA,-3.0,205.5,104.3,20,9.8,15.6,23.3,SF/PF,3500,1,17.0,8.0,99,111,6%,7,9,6,19,23,20,15.6,13.4,2.6,24.2,18.7,9.0,2.6,13.0,3.71,9.2,12.5,2.6,11.1,3.1550000000000002,20.666666666666668,7.333333333333333,13.38,16.233333333333334,6.713709677419353
16,4,Devin Booker,0.0,PHO,LAL,12.0,230.0,109.0,20,22.5,39.9,50.8,PG/SG,8000,1,30.0,21.0,103,104,2%,17,16,18,33,35,36,39.9,42.9,30.8,55.0,31.5,21.0,2.6,42.3,5.28,44.7,37.0,5.6,43.5,5.4399999999999995,34.666666666666664,17.0,42.42,37.73333333333333,46.42788461538461
16,5,Miles Bridges,0.0,CHA,DET,3.0,205.5,101.3,4,25.8,37.1,44.8,SF/PF,6200,1,19.0,13.0,101,110,-1%,16,17,11,37,36,31,37.1,25.5,15.4,35.7,32.8,28.8,4.6,30.8,4.96,28.1,35.5,4.5,29.450000000000003,4.73,34.666666666666664,14.666666666666666,28.630000000000006,35.9,30.157932692307696
16,6,Trey Lyles,0.0,SA,DEN,6.5,216.0,104.8,11,4.8,19.1,43.0,PF/C,4000,1,13.0,12.0,100,106,-3%,8,7,5,26,24,18,19.1,15.5,7.0,24.0,28.6,24.3,6.1,16.5,4.13,16.8,22.0,4.2,16.65,4.165,22.666666666666668,6.666666666666667,16.45,22.3,16.16029411764706
16,7,Wilson Chandler,0.0,BKN,IND,6.5,218.5,106.0,30,5.8,14.7,23.8,PF,3300,1,14.0,9.0,101,106,-16%,7,5,5,24,21,21,14.7,15.8,10.0,21.5,15.3,4.8,1.5,15.3,4.62,14.8,21.5,4.5,15.05,4.5600000000000005,22.0,5.666666666666667,15.41,14.766666666666666,14.707954545454545
18,0,Donte DiVincenzo,0.0,MIL,SAC,-10.0,229.5,119.8,19,13.5,22.0,29.3,PG/SG,4100,1,17.0,15.0,100,109,5%,6,9,8,25,23,24,21.9,22.5,15.4,29.7,25.4,19.0,4.6,22.5,5.49,25.8,25.0,6.3,24.15,5.895,24.0,7.666666666666667,22.73,21.599999999999998,25.156249999999996
18,1,Kevin Huerter,0.0,ATL,ORL,8.5,220.5,106.0,22,21.0,32.7,47.8,SG/SF,6300,0,18.0,12.0,100,105,-1%,18,16,11,45,41,31,32.7,26.0,15.5,36.4,34.8,24.5,3.9,28.5,4.52,26.6,35.0,4.2,27.55,4.359999999999999,39.0,15.0,27.630000000000003,33.833333333333336,24.724358974358974
18,2,Trey Lyles,0.0,SA,DEN,6.5,216.0,104.8,11,4.8,19.1,43.0,PF/C,4000,1,13.0,12.0,100,106,-3%,8,7,5,26,24,18,19.1,15.5,7.0,24.0,28.6,24.3,6.1,16.5,4.13,16.8,22.0,4.2,16.65,4.165,22.666666666666668,6.666666666666667,16.45,22.3,16.16029411764706
18,3,Torrey Craig,0.0,DEN,SA,-6.5,216.0,111.3,20,11.3,17.8,25.5,SG/SF,3700,1,12.0,10.0,102,111,1%,6,5,4,34,26,18,17.8,11.9,2.4,21.4,31.1,25.3,6.8,20.8,5.61,20.3,30.0,5.5,20.55,5.555,26.0,5.0,14.809999999999999,18.2,23.711538461538463
18,4,Draymond Green,0.0,GS,MIA,5.0,218.5,106.8,1,13.8,35.3,48.8,PG/SF,6700,1,18.0,13.0,100,107,0%,7,7,8,27,28,29,35.3,29.7,18.2,41.2,31.4,32.8,4.9,32.8,4.89,32.7,30.0,4.9,32.75,4.895,28.0,7.333333333333333,31.43,32.63333333333333,35.089285714285715
18,5,Terrence Ross,0.0,ORL,ATL,-8.5,220.5,114.5,28,13.3,24.6,29.0,SG/SF,4900,1,22.0,13.0,106,111,4%,14,12,12,32,31,27,24.6,22.5,15.1,29.8,30.9,28.8,5.9,27.5,5.61,27.1,30.0,5.5,27.3,5.555,30.0,12.666666666666666,23.86,22.3,27.3
18,6,Ersan Ilyasova,0.0,MIL,SAC,-10.0,229.5,119.8,2,4.5,7.1,13.5,PF/C,3200,1,17.0,17.0,100,109,-9%,6,5,6,14,14,16,11.3,17.1,7.2,26.9,24.9,22.5,7.0,23.0,7.19,27.6,25.5,8.6,25.3,7.895,14.666666666666666,5.666666666666667,17.56,8.366666666666667,43.987500000000004
18,7,Nemanja Bjelica,0.0,SAC,MIL,10.0,229.5,109.8,12,20.3,27.0,35.5,PF,6000,1,18.0,17.0,107,100,3%,9,9,10,35,31,29,27.0,28.4,17.9,39.0,33.8,33.5,5.6,32.8,5.46,34.2,34.5,5.7,33.5,5.58,31.666666666666668,9.333333333333334,29.160000000000004,27.599999999999998,36.49736842105263
19,0,Malik Monk,0.0,CHA,DET,3.0,205.5,101.3,8,16.5,23.5,28.0,PG/SG,4500,1,22.0,12.0,101,110,-6%,13,12,9,30,28,21,23.4,17.9,7.2,28.5,28.5,27.8,6.2,23.8,5.28,23.3,28.0,5.2,23.55,5.24,26.333333333333332,11.333333333333334,20.11,22.666666666666668,25.040506329113928
19,1,Bogdan Bogdanovic,0.0,SAC,MIL,10.0,229.5,109.8,16,11.0,25.3,41.5,SG/SF,5000,1,23.0,14.0,107,100,-2%,13,9,12,30,29,28,25.3,26.2,15.5,36.8,34.4,27.3,5.5,24.5,4.9,26.8,30.0,5.4,25.65,5.15,29.0,11.333333333333334,25.889999999999997,25.933333333333334,26.534482758620687
19,2,Keita Bates-Diop,0.0,DEN,SA,-6.5,216.0,111.3,22,0.0,10.7,22.3,SF/PF,3000,1,6.0,13.0,102,111,3%,1,4,6,10,15,18,10.7,14.0,4.8,23.3,4.7,5.0,1.7,10.0,3.33,10.8,13.0,3.6,10.4,3.465,14.333333333333334,3.6666666666666665,12.639999999999999,11.0,9.432558139534883
19,3,Jarrett Culver,0.0,MIN,TOR,9.5,230.5,110.5,26,9.8,12.7,16.3,PG/SF,3800,1,19.0,9.0,103,102,-1%,8,7,9,27,24,25,12.7,19.4,9.3,29.4,21.2,23.3,6.1,17.0,4.47,17.6,23.0,4.6,17.3,4.535,25.333333333333332,8.0,17.619999999999997,12.933333333333332,15.706578947368422
19,4,Seth Curry,0.0,DAL,UTA,-1.5,216.5,109.0,10,10.5,28.3,45.0,SG,5500,1,19.0,15.0,101,106,-9%,16,11,9,28,24,24,28.3,19.1,8.2,30.1,34.6,24.3,4.4,21.0,3.82,24.4,26.5,4.4,22.7,4.11,25.333333333333332,12.0,21.68,27.933333333333334,23.74539473684211
19,5,PJ Washington,0.0,CHA,DET,3.0,205.5,101.3,7,7.5,18.0,22.5,PF/C,4400,1,18.0,13.0,101,110,4%,10,9,10,27,25,30,18.0,25.6,16.3,34.9,35.8,22.8,5.2,24.0,5.45,22.7,29.0,5.2,23.35,5.325,27.333333333333332,9.666666666666666,23.630000000000003,16.0,24.77378048780488
19,6,Brook Lopez,0.0,MIL,SAC,-10.0,229.5,119.8,24,15.5,27.2,40.0,C,5300,1,16.0,14.0,100,109,-4%,10,11,9,29,30,27,27.6,25.7,16.5,34.9,25.2,31.0,5.8,27.3,5.14,31.5,30.5,5.9,29.4,5.52,28.666666666666668,10.0,26.82,27.566666666666666,31.28023255813953
19,7,DeAndre Jordan,0.0,BKN,IND,6.5,218.5,106.0,12,14.5,25.8,40.0,C,5000,1,15.0,20.0,101,106,3%,8,5,5,25,22,21,25.8,25.7,16.4,35.0,28.1,40.3,8.1,24.3,4.85,25.2,21.5,5.0,24.75,4.925,22.666666666666668,6.0,25.53,26.766666666666666,23.476102941176467
20,0,Goran Dragic,0.0,MIA,GS,-5.0,218.5,111.8,16,22.0,32.6,46.0,PG,5900,0,26.0,16.0,103,110,7%,16,13,13,30,30,29,32.5,29.8,20.9,38.8,29.6,25.5,4.3,28.5,4.83,28.6,27.5,4.8,28.55,4.8149999999999995,29.666666666666668,14.0,30.110000000000003,33.53333333333333,26.46488764044944
20,1,Troy Daniels,0.0,LAL,PHO,-12.0,230.0,121.0,14,-0.5,4.9,7.8,SG,3000,1,15.0,9.0,104,108,0%,2,3,4,11,9,12,4.8,7.3,1.1,13.4,4.8,6.0,2.0,6.0,2.0,0.0,0.0,0.0,3.0,1.0,10.666666666666666,3.0,5.92,4.066666666666666,0.0
20,2,Chris Boucher,0.0,TOR,MIN,-9.5,230.5,120.0,10,9.5,17.8,26.8,PF/C,3400,1,19.0,21.0,105,109,-1%,5,6,5,12,15,13,17.8,15.4,4.7,26.0,13.3,8.0,2.4,32.0,9.41,26.6,22.0,7.8,29.3,8.605,13.333333333333334,5.333333333333333,18.64,18.033333333333335,48.345
20,3,Damion Lee,0.0,GS,MIA,5.0,218.5,106.8,29,14.0,24.2,32.8,SG/SF,5100,1,19.0,12.0,100,107,-2%,9,10,10,26,29,29,24.1,24.7,14.4,35.0,30.0,32.0,6.3,24.5,4.8,25.2,28.5,4.9,24.85,4.85,28.0,9.666666666666666,24.610000000000003,23.666666666666668,25.293750000000003
20,4,Terrence Ross,0.0,ORL,ATL,-8.5,220.5,114.5,28,13.3,24.6,29.0,SG/SF,4900,1,22.0,13.0,106,111,4%,14,12,12,32,31,27,24.6,22.5,15.1,29.8,30.9,28.8,5.9,27.5,5.61,27.1,30.0,5.5,27.3,5.555,30.0,12.666666666666666,23.86,22.3,27.3
20,5,Juan Toscano-Anderson,0.0,GS,MIA,5.0,218.5,106.8,15,11.8,11.8,11.8,SF/PF,3000,1,0.0,0.0,100,107,0%,6,6,6,19,19,19,11.8,11.8,11.8,11.8,13.9,11.8,3.9,6.0,2.0,7.9,10.5,2.6,6.95,2.3,19.0,6.0,10.830000000000002,11.800000000000002,3.840789473684211
20,6,Brook Lopez,0.0,MIL,SAC,-10.0,229.5,119.8,24,15.5,27.2,40.0,C,5300,1,16.0,14.0,100,109,-4%,10,11,9,29,30,27,27.6,25.7,16.5,34.9,25.2,31.0,5.8,27.3,5.14,31.5,30.5,5.9,29.4,5.52,28.666666666666668,10.0,26.82,27.566666666666666,31.28023255813953
20,7,Draymond Green,0.0,GS,MIA,5.0,218.5,106.8,1,13.8,35.3,48.8,PG/SF,6700,1,18.0,13.0,100,107,0%,7,7,8,27,28,29,35.3,29.7,18.2,41.2,31.4,32.8,4.9,32.8,4.89,32.7,30.0,4.9,32.75,4.895,28.0,7.333333333333333,31.43,32.63333333333333,35.089285714285715
21,0,Caris LeVert,0.0,BKN,IND,6.5,218.5,106.0,24,11.8,33.6,51.3,PG/SF,7000,1,28.0,13.0,101,106,0%,19,14,14,30,26,27,33.5,26.3,15.5,37.2,33.3,21.5,3.1,31.0,4.43,31.9,31.5,4.6,31.45,4.515,27.666666666666668,15.666666666666666,28.79,32.233333333333334,35.80753012048192
21,1,Terrence Ross,0.0,ORL,ATL,-8.5,220.5,114.5,28,13.3,24.6,29.0,SG/SF,4900,1,22.0,13.0,106,111,4%,14,12,12,32,31,27,24.6,22.5,15.1,29.8,30.9,28.8,5.9,27.5,5.61,27.1,30.0,5.5,27.3,5.555,30.0,12.666666666666666,23.86,22.3,27.3
21,2,Domantas Sabonis,0.0,IND,BKN,-6.5,218.5,112.5,23,36.5,44.1,59.0,PF/C,9600,1,24.0,21.0,104,106,8%,13,13,14,37,36,35,44.0,44.1,35.0,53.1,37.8,58.5,6.1,45.8,4.77,44.5,35.5,4.6,45.15,4.685,36.0,13.333333333333334,44.269999999999996,46.53333333333333,44.52291666666667
21,3,Khris Middleton,0.0,MIL,SAC,-10.0,229.5,119.8,3,34.8,44.3,51.8,SF,7900,1,25.0,22.0,100,109,2%,16,15,15,34,34,30,44.3,37.2,27.1,47.3,33.7,57.8,7.3,43.5,5.51,48.1,34.0,6.1,45.8,5.805,32.666666666666664,15.333333333333334,40.339999999999996,43.633333333333326,47.669387755102036
21,4,Jamal Murray,0.0,DEN,SA,-6.5,216.0,111.3,7,10.3,33.0,54.3,PG,7000,1,26.0,18.0,102,111,2%,22,17,16,39,34,33,39.2,34.6,23.7,45.5,34.4,39.5,5.6,34.0,4.86,37.1,34.0,5.3,35.55,5.08,35.333333333333336,18.333333333333332,35.71,32.53333333333333,34.20849056603773
21,5,Andre Iguodala,0.0,MIA,GS,-5.0,218.5,111.8,12,17.0,23.1,30.5,SG/SF,3700,0,0.0,0.0,103,110,5%,0,0,0,0,0,0,0.0,0.0,0.0,0.0,16.9,10.8,2.9,13.8,3.72,15.7,20.0,4.2,14.75,3.96,0.0,0.0,2.95,23.53333333333333,0.0
21,6,Paul Millsap,0.0,DEN,SA,-6.5,216.0,111.3,3,10.0,23.4,34.8,PF/C,4700,1,20.0,17.0,102,111,1%,6,8,9,21,24,25,23.4,24.6,15.6,33.7,19.3,43.3,9.2,22.8,4.84,21.3,20.5,4.5,22.05,4.67,23.333333333333332,7.666666666666667,23.869999999999997,22.73333333333333,19.372500000000002
21,7,Sterling Brown,0.0,MIL,SAC,-10.0,229.5,119.8,21,1.5,6.4,14.3,SG/SF,3000,1,16.0,10.0,100,109,5%,3,4,5,7,8,15,6.3,12.4,3.6,21.2,23.5,28.5,9.5,8.5,2.83,0.0,0.0,0.0,4.25,1.415,10.0,4.0,9.55,7.400000000000001,0.0
22,0,Caris LeVert,0.0,BKN,IND,6.5,218.5,106.0,24,11.8,33.6,51.3,PG/SF,7000,1,28.0,13.0,101,106,0%,19,14,14,30,26,27,33.5,26.3,15.5,37.2,33.3,21.5,3.1,31.0,4.43,31.9,31.5,4.6,31.45,4.515,27.666666666666668,15.666666666666666,28.79,32.233333333333334,35.80753012048192
22,1,Yogi Ferrell,0.0,SAC,MIL,10.0,229.5,109.8,15,1.5,5.8,8.3,PG/SG,3000,1,19.0,12.0,107,100,0%,3,3,4,7,6,11,5.8,8.7,2.6,14.8,10.5,4.8,1.6,5.8,1.92,0.0,0.0,0.0,2.9,0.96,8.0,3.3333333333333335,6.960000000000001,5.2,0.0
22,2,Paul Millsap,0.0,DEN,SA,-6.5,216.0,111.3,3,10.0,23.4,34.8,PF/C,4700,1,20.0,17.0,102,111,1%,6,8,9,21,24,25,23.4,24.6,15.6,33.7,19.3,43.3,9.2,22.8,4.84,21.3,20.5,4.5,22.05,4.67,23.333333333333332,7.666666666666667,23.869999999999997,22.73333333333333,19.372500000000002
22,3,Kelly Oubre Jr.,0.0,PHO,LAL,12.0,230.0,109.0,9,29.3,39.4,58.8,SF/PF,7300,1,22.0,16.0,103,104,-5%,19,19,15,39,39,36,39.4,35.3,24.7,45.9,26.8,16.3,2.2,35.5,4.86,36.5,37.0,5.0,36.0,4.93,38.0,17.666666666666668,36.26,42.5,35.05263157894737
22,4,Torrey Craig,0.0,DEN,SA,-6.5,216.0,111.3,20,11.3,17.8,25.5,SG/SF,3700,1,12.0,10.0,102,111,1%,6,5,4,34,26,18,17.8,11.9,2.4,21.4,31.1,25.3,6.8,20.8,5.61,20.3,30.0,5.5,20.55,5.555,26.0,5.0,14.809999999999999,18.2,23.711538461538463
22,5,Gary Clark,0.0,ORL,ATL,-8.5,220.5,114.5,9,5.0,9.0,16.0,PF/C,3000,1,12.0,12.0,106,111,6%,3,2,3,15,14,12,9.0,9.2,1.8,16.5,11.2,6.0,2.0,7.5,2.5,0.0,0.0,0.0,3.75,1.25,13.666666666666666,2.6666666666666665,8.05,10.0,0.0
22,6,Marquese Chriss,0.0,GS,MIA,5.0,218.5,106.8,4,20.3,29.1,45.3,PF/C,5800,1,19.0,19.0,100,107,0%,13,9,6,28,26,19,29.1,20.6,11.1,30.1,26.7,33.8,5.8,27.8,4.78,30.1,28.0,5.2,28.950000000000003,4.99,24.333333333333332,9.333333333333334,23.970000000000002,31.566666666666666,33.3123287671233
22,7,Terence Davis,0.0,TOR,MIN,-9.5,230.5,120.0,6,10.8,28.4,39.5,PG/SG,4800,1,19.0,16.0,105,109,-1%,13,11,6,28,24,18,28.4,17.8,6.5,29.1,15.0,5.5,1.1,23.3,4.84,26.2,25.0,5.5,24.75,5.17,23.333333333333332,10.0,21.310000000000002,26.233333333333334,26.517857142857142
24,0,Patrick McCaw,0.0,TOR,MIN,-9.5,230.5,120.0,6,4.8,9.1,18.5,PG/SF,3100,1,10.0,8.0,105,109,1%,2,2,5,21,20,25,9.1,13.8,4.3,23.4,25.6,19.5,6.3,11.8,3.79,11.7,20.0,3.8,11.75,3.795,22.0,3.0,12.469999999999999,10.799999999999999,10.681818181818182
24,1,Malik Monk,0.0,CHA,DET,3.0,205.5,101.3,8,16.5,23.5,28.0,PG/SG,4500,1,22.0,12.0,101,110,-6%,13,12,9,30,28,21,23.4,17.9,7.2,28.5,28.5,27.8,6.2,23.8,5.28,23.3,28.0,5.2,23.55,5.24,26.333333333333332,11.333333333333334,20.11,22.666666666666668,25.040506329113928
24,2,Cody Zeller,0.0,CHA,DET,3.0,205.5,101.3,7,10.8,27.6,48.0,PF/C,4800,1,21.0,18.0,101,110,3%,6,9,8,17,23,23,27.6,24.1,14.2,34.0,22.3,23.0,4.8,23.5,4.9,24.6,24.5,5.1,24.05,5.0,21.0,7.666666666666667,24.79,28.8,28.05833333333333
24,3,Tony Snell,0.0,DET,CHA,-3.0,205.5,104.3,30,9.5,17.1,25.0,SG/SF,4000,1,12.0,9.0,99,111,2%,9,8,7,34,34,28,17.1,15.5,9.3,21.6,33.8,14.0,3.5,18.8,4.69,17.8,30.5,4.5,18.3,4.595000000000001,32.0,8.0,16.36,17.2,17.4421875
24,4,Seth Curry,0.0,DAL,UTA,-1.5,216.5,109.0,10,10.5,28.3,45.0,SG,5500,1,19.0,15.0,101,106,-9%,16,11,9,28,24,24,28.3,19.1,8.2,30.1,34.6,24.3,4.4,21.0,3.82,24.4,26.5,4.4,22.7,4.11,25.333333333333332,12.0,21.68,27.933333333333334,23.74539473684211
24,5,Bruce Brown,0.0,DET,CHA,-3.0,205.5,104.3,12,22.3,28.7,46.5,PG/SF,5000,1,17.0,12.0,99,111,2%,9,9,8,34,36,28,28.6,23.4,13.3,33.6,38.8,32.5,6.5,24.5,4.9,27.5,32.5,5.5,26.0,5.2,32.666666666666664,8.666666666666666,24.979999999999997,32.5,25.867346938775512
24,6,Gary Clark,0.0,ORL,ATL,-8.5,220.5,114.5,9,5.0,9.0,16.0,PF/C,3000,1,12.0,12.0,106,111,6%,3,2,3,15,14,12,9.0,9.2,1.8,16.5,11.2,6.0,2.0,7.5,2.5,0.0,0.0,0.0,3.75,1.25,13.666666666666666,2.6666666666666665,8.05,10.0,0.0
24,7,Joe Ingles,0.0,UTA,DAL,1.5,216.5,107.5,8,13.3,20.7,28.0,SG/SF,4800,0,17.0,13.0,101,109,0%,6,5,8,33,32,31,20.6,25.6,16.1,35.1,32.0,28.3,5.9,24.3,5.05,26.8,32.5,5.6,25.55,5.324999999999999,32.0,6.333333333333333,24.59,20.666666666666668,25.94921875
25,0,Jordan Clarkson,0.0,UTA,DAL,1.5,216.5,107.5,23,14.8,28.3,46.5,PG/SG,4400,0,26.0,18.0,101,109,-4%,16,15,12,25,25,24,28.3,23.6,14.6,32.7,30.9,46.3,10.5,21.3,4.83,24.3,28.0,5.5,22.8,5.165,24.666666666666668,14.333333333333334,24.4,29.866666666666664,25.88108108108108
25,1,Tim Hardaway Jr.,0.0,DAL,UTA,-1.5,216.5,109.0,10,10.8,27.6,38.5,SG/SF,5400,1,21.0,14.0,101,106,-9%,13,13,12,31,31,28,27.6,23.4,13.2,33.6,37.0,45.8,8.5,26.3,4.86,26.9,31.0,5.0,26.6,4.93,30.0,12.666666666666666,24.880000000000003,25.633333333333336,27.486666666666668
25,2,Kevon Looney,0.0,GS,MIA,5.0,218.5,106.8,4,2.8,12.0,23.8,PF/C,3100,1,0.0,0.0,100,107,1%,7,4,4,16,13,11,11.9,9.2,3.4,15.0,16.4,6.8,2.2,10.0,3.23,13.4,14.0,4.3,11.7,3.7649999999999997,13.333333333333334,5.0,10.24,12.866666666666667,12.285
25,3,Bogdan Bogdanovic,0.0,SAC,MIL,10.0,229.5,109.8,16,11.0,25.3,41.5,SG/SF,5000,1,23.0,14.0,107,100,-2%,13,9,12,30,29,28,25.3,26.2,15.5,36.8,34.4,27.3,5.5,24.5,4.9,26.8,30.0,5.4,25.65,5.15,29.0,11.333333333333334,25.889999999999997,25.933333333333334,26.534482758620687
25,4,Andrew Wiggins,0.0,GS,MIA,5.0,218.5,106.8,29,23.3,40.0,63.8,SG/SF,7800,1,27.0,17.0,100,107,1%,16,15,19,34,34,35,40.0,38.2,27.8,48.6,34.1,26.5,3.4,34.8,4.46,39.1,32.5,5.0,36.95,4.73,34.333333333333336,16.666666666666668,38.31,42.36666666666667,34.97694174757281
25,5,Maxi Kleber,0.0,DAL,UTA,-1.5,216.5,109.0,1,18.0,23.5,39.0,PF/C,4700,1,14.0,14.0,101,106,-6%,5,7,7,27,30,25,23.5,20.6,13.0,28.2,22.8,9.5,2.0,23.8,5.05,22.1,26.0,4.7,22.950000000000003,4.875,27.333333333333332,6.333333333333333,21.65,26.833333333333332,21.830487804878054
25,6,LaMarcus Aldridge,0.0,SA,DEN,6.5,216.0,104.8,11,14.3,32.2,50.3,PF/C,7100,1,22.0,20.0,100,106,-3%,17,14,15,35,32,34,32.1,37.4,26.4,48.4,35.1,50.5,7.1,37.0,5.21,35.8,33.5,5.0,36.4,5.105,33.666666666666664,15.333333333333334,36.14,32.266666666666666,36.21980198019802
25,7,Doug McDermott,0.0,IND,BKN,-6.5,218.5,112.5,2,9.5,15.0,26.0,SF/PF,3700,1,19.0,14.0,104,106,-13%,9,9,8,19,19,21,15.0,16.5,8.7,24.3,18.2,20.5,5.5,14.0,3.78,12.8,17.0,3.5,13.4,3.6399999999999997,19.666666666666668,8.666666666666666,15.580000000000002,16.833333333333332,11.583050847457628
26,0,Victor Oladipo,0.0,IND,BKN,-6.5,218.5,112.5,10,13.0,18.1,25.3,PG/SG,4200,1,0.0,0.0,104,106,0%,13,13,13,26,24,24,18.1,18.1,13.1,23.0,27.2,22.5,5.4,31.8,7.56,28.8,28.0,6.9,30.3,7.23,24.666666666666668,13.0,20.52,18.8,34.394594594594594
26,1,Pat Connaughton,0.0,MIL,SAC,-10.0,229.5,119.8,21,8.0,16.8,27.0,SG/SF,3200,1,12.0,11.0,100,109,5%,4,4,4,15,21,19,16.8,14.8,7.6,22.1,25.9,21.8,6.8,15.3,4.77,18.6,20.0,5.8,16.950000000000003,5.285,18.333333333333332,4.0,15.65,17.266666666666666,18.490909090909096
26,2,Juan Toscano-Anderson,0.0,GS,MIA,5.0,218.5,106.8,15,11.8,11.8,11.8,SF/PF,3000,1,0.0,0.0,100,107,0%,6,6,6,19,19,19,11.8,11.8,11.8,11.8,13.9,11.8,3.9,6.0,2.0,7.9,10.5,2.6,6.95,2.3,19.0,6.0,10.830000000000002,11.800000000000002,3.840789473684211
26,3,Kyle Kuzma,0.0,LAL,PHO,-12.0,230.0,121.0,1,15.0,27.2,40.5,SF/PF,4900,1,22.0,12.0,104,108,-2%,8,10,11,25,25,25,27.1,22.1,12.3,31.8,20.4,30.5,6.2,21.8,4.44,23.0,25.5,4.7,22.4,4.57,25.0,9.666666666666666,23.139999999999997,27.566666666666666,22.848
26,4,Bogdan Bogdanovic,0.0,SAC,MIL,10.0,229.5,109.8,16,11.0,25.3,41.5,SG/SF,5000,1,23.0,14.0,107,100,-2%,13,9,12,30,29,28,25.3,26.2,15.5,36.8,34.4,27.3,5.5,24.5,4.9,26.8,30.0,5.4,25.65,5.15,29.0,11.333333333333334,25.889999999999997,25.933333333333334,26.534482758620687
26,5,Chris Boucher,0.0,TOR,MIN,-9.5,230.5,120.0,10,9.5,17.8,26.8,PF/C,3400,1,19.0,21.0,105,109,-1%,5,6,5,12,15,13,17.8,15.4,4.7,26.0,13.3,8.0,2.4,32.0,9.41,26.6,22.0,7.8,29.3,8.605,13.333333333333334,5.333333333333333,18.64,18.033333333333335,48.345
26,6,Thon Maker,0.0,DET,CHA,-3.0,205.5,104.3,8,5.0,14.1,33.3,PF/C,4300,1,15.0,13.0,99,111,8%,9,5,3,31,19,12,14.1,10.0,1.7,18.3,23.9,34.0,7.9,21.8,5.06,22.7,25.5,5.3,22.25,5.18,20.666666666666668,5.666666666666667,13.270000000000001,17.466666666666665,27.453629032258064
26,7,Wilson Chandler,0.0,BKN,IND,6.5,218.5,106.0,30,5.8,14.7,23.8,PF,3300,1,14.0,9.0,101,106,-16%,7,5,5,24,21,21,14.7,15.8,10.0,21.5,15.3,4.8,1.5,15.3,4.62,14.8,21.5,4.5,15.05,4.5600000000000005,22.0,5.666666666666667,15.41,14.766666666666666,14.707954545454545
27,0,Fred VanVleet,0.0,TOR,MIN,-9.5,230.5,120.0,6,30.5,36.9,44.0,PG/SG,7600,1,23.0,17.0,105,109,4%,17,13,15,37,36,37,36.9,38.6,29.3,47.9,37.3,34.0,4.5,36.8,4.84,40.2,35.5,5.3,38.5,5.07,36.666666666666664,15.0,38.24,37.13333333333333,37.275
27,1,Joe Harris,0.0,BKN,IND,6.5,218.5,106.0,15,15.5,26.2,33.3,SG/SF,4800,1,17.0,12.0,101,106,-16%,11,10,11,30,29,32,22.9,24.6,16.8,32.5,34.3,29.5,6.1,23.5,4.9,23.7,31.5,4.9,23.6,4.9,30.333333333333332,10.666666666666666,24.080000000000002,25.0,24.507692307692313
27,2,LaMarcus Aldridge,0.0,SA,DEN,6.5,216.0,104.8,11,14.3,32.2,50.3,PF/C,7100,1,22.0,20.0,100,106,-3%,17,14,15,35,32,34,32.1,37.4,26.4,48.4,35.1,50.5,7.1,37.0,5.21,35.8,33.5,5.0,36.4,5.105,33.666666666666664,15.333333333333334,36.14,32.266666666666666,36.21980198019802
27,3,Damion Lee,0.0,GS,MIA,5.0,218.5,106.8,29,14.0,24.2,32.8,SG/SF,5100,1,19.0,12.0,100,107,-2%,9,10,10,26,29,29,24.1,24.7,14.4,35.0,30.0,32.0,6.3,24.5,4.8,25.2,28.5,4.9,24.85,4.85,28.0,9.666666666666666,24.610000000000003,23.666666666666668,25.293750000000003
27,4,Pat Connaughton,0.0,MIL,SAC,-10.0,229.5,119.8,21,8.0,16.8,27.0,SG/SF,3200,1,12.0,11.0,100,109,5%,4,4,4,15,21,19,16.8,14.8,7.6,22.1,25.9,21.8,6.8,15.3,4.77,18.6,20.0,5.8,16.950000000000003,5.285,18.333333333333332,4.0,15.65,17.266666666666666,18.490909090909096
27,5,Marquese Chriss,0.0,GS,MIA,5.0,218.5,106.8,4,20.3,29.1,45.3,PF/C,5800,1,19.0,19.0,100,107,0%,13,9,6,28,26,19,29.1,20.6,11.1,30.1,26.7,33.8,5.8,27.8,4.78,30.1,28.0,5.2,28.950000000000003,4.99,24.333333333333332,9.333333333333334,23.970000000000002,31.566666666666666,33.3123287671233
27,6,John Collins,0.0,ATL,ORL,8.5,220.5,106.0,15,40.8,49.2,60.5,PF/C,8500,0,22.0,22.0,100,105,0%,19,18,15,44,40,32,49.2,40.8,30.4,51.3,33.2,37.0,4.4,42.3,4.97,41.2,34.5,4.8,41.75,4.885,38.666666666666664,17.333333333333332,42.690000000000005,50.166666666666664,37.251077586206904
27,7,Andre Iguodala,0.0,MIA,GS,-5.0,218.5,111.8,12,17.0,23.1,30.5,SG/SF,3700,0,0.0,0.0,103,110,5%,0,0,0,0,0,0,0.0,0.0,0.0,0.0,16.9,10.8,2.9,13.8,3.72,15.7,20.0,4.2,14.75,3.96,0.0,0.0,2.95,23.53333333333333,0.0
29,0,Malik Monk,0.0,CHA,DET,3.0,205.5,101.3,8,16.5,23.5,28.0,PG/SG,4500,1,22.0,12.0,101,110,-6%,13,12,9,30,28,21,23.4,17.9,7.2,28.5,28.5,27.8,6.2,23.8,5.28,23.3,28.0,5.2,23.55,5.24,26.333333333333332,11.333333333333334,20.11,22.666666666666668,25.040506329113928
29,1,Terrence Ross,0.0,ORL,ATL,-8.5,220.5,114.5,28,13.3,24.6,29.0,SG/SF,4900,1,22.0,13.0,106,111,4%,14,12,12,32,31,27,24.6,22.5,15.1,29.8,30.9,28.8,5.9,27.5,5.61,27.1,30.0,5.5,27.3,5.555,30.0,12.666666666666666,23.86,22.3,27.3
29,2,Jalen McDaniels,0.0,CHA,DET,3.0,205.5,101.3,7,2.0,4.9,9.5,PF,3000,1,0.0,0.0,101,110,4%,4,3,3,11,8,8,4.8,4.8,1.0,8.5,16.8,12.8,4.3,8.5,2.83,10.0,13.0,3.3,9.25,3.065,9.0,3.3333333333333335,5.67,5.466666666666666,13.36111111111111
29,3,Kelly Oubre Jr.,0.0,PHO,LAL,12.0,230.0,109.0,9,29.3,39.4,58.8,SF/PF,7300,1,22.0,16.0,103,104,-5%,19,19,15,39,39,36,39.4,35.3,24.7,45.9,26.8,16.3,2.2,35.5,4.86,36.5,37.0,5.0,36.0,4.93,38.0,17.666666666666668,36.26,42.5,35.05263157894737
29,4,Evan Fournier,0.0,ORL,ATL,-8.5,220.5,114.5,28,21.3,26.0,35.5,SG,5800,1,25.0,16.0,106,111,18%,11,13,14,33,33,32,26.0,29.5,21.5,37.4,32.3,32.3,5.6,32.0,5.52,31.9,32.5,5.5,31.95,5.51,32.666666666666664,12.666666666666666,29.27,27.599999999999998,31.786989795918366
29,5,Wilson Chandler,0.0,BKN,IND,6.5,218.5,106.0,30,5.8,14.7,23.8,PF,3300,1,14.0,9.0,101,106,-16%,7,5,5,24,21,21,14.7,15.8,10.0,21.5,15.3,4.8,1.5,15.3,4.62,14.8,21.5,4.5,15.05,4.5600000000000005,22.0,5.666666666666667,15.41,14.766666666666666,14.707954545454545
29,6,Rudy Gobert,0.0,UTA,DAL,1.5,216.5,107.5,2,30.3,37.0,43.8,C,7800,0,16.0,23.0,101,109,-2%,8,8,9,36,36,35,37.0,42.0,33.0,51.1,35.9,41.0,5.3,42.8,5.48,42.5,35.0,5.4,42.65,5.44,35.666666666666664,8.333333333333334,41.15,37.03333333333333,41.85280373831776
29,7,Dejounte Murray,0.0,SA,DEN,6.5,216.0,104.8,17,11.8,26.3,48.8,PG,5600,1,21.0,17.0,100,106,-5%,9,8,9,26,26,25,26.3,26.3,16.5,36.1,33.6,37.5,6.7,24.5,4.38,24.2,25.5,4.3,24.35,4.34,25.666666666666668,8.666666666666666,25.910000000000004,28.96666666666667,24.191883116883115
30,0,Jevon Carter,0.0,PHO,LAL,12.0,230.0,109.0,20,3.5,13.7,30.5,PG/SG,3100,1,14.0,10.0,103,104,1%,6,6,4,17,20,14,13.7,10.5,2.8,18.2,19.6,18.0,5.8,11.5,3.71,10.3,14.5,3.3,10.9,3.505,17.0,5.333333333333333,11.219999999999999,15.9,9.297058823529413
30,1,Donovan Mitchell,0.0,UTA,DAL,1.5,216.5,107.5,23,20.3,32.2,39.8,PG/SG,7400,0,31.0,20.0,101,109,-4%,20,19,21,36,35,35,32.2,39.8,30.8,48.8,34.9,28.0,3.8,38.0,5.14,38.8,35.0,5.2,38.4,5.17,35.333333333333336,20.0,38.0,30.766666666666666,38.0377358490566
30,2,OG Anunoby,0.0,TOR,MIN,-9.5,230.5,120.0,27,5.3,15.1,30.8,SF/PF,3900,1,14.0,12.0,105,109,6%,6,4,8,29,26,30,15.1,23.2,12.0,34.4,35.8,55.0,14.1,23.5,6.03,24.2,29.5,6.2,23.85,6.115,28.333333333333332,6.0,21.709999999999997,17.066666666666666,24.832058823529415
30,3,Duncan Robinson,0.0,MIA,GS,-5.0,218.5,111.8,17,15.8,27.2,35.8,SF,5200,0,15.0,13.0,103,110,7%,12,10,9,40,34,30,27.3,22.2,13.5,30.9,36.8,25.3,4.9,25.3,4.86,25.0,32.5,4.8,25.15,4.83,34.666666666666664,10.333333333333334,23.810000000000002,26.266666666666666,23.578125
30,4,Joe Ingles,0.0,UTA,DAL,1.5,216.5,107.5,8,13.3,20.7,28.0,SG/SF,4800,0,17.0,13.0,101,109,0%,6,5,8,33,32,31,20.6,25.6,16.1,35.1,32.0,28.3,5.9,24.3,5.05,26.8,32.5,5.6,25.55,5.324999999999999,32.0,6.333333333333333,24.59,20.666666666666668,25.94921875
30,5,Pat Connaughton,0.0,MIL,SAC,-10.0,229.5,119.8,21,8.0,16.8,27.0,SG/SF,3200,1,12.0,11.0,100,109,5%,4,4,4,15,21,19,16.8,14.8,7.6,22.1,25.9,21.8,6.8,15.3,4.77,18.6,20.0,5.8,16.950000000000003,5.285,18.333333333333332,4.0,15.65,17.266666666666666,18.490909090909096
30,6,Chris Boucher,0.0,TOR,MIN,-9.5,230.5,120.0,10,9.5,17.8,26.8,PF/C,3400,1,19.0,21.0,105,109,-1%,5,6,5,12,15,13,17.8,15.4,4.7,26.0,13.3,8.0,2.4,32.0,9.41,26.6,22.0,7.8,29.3,8.605,13.333333333333334,5.333333333333333,18.64,18.033333333333335,48.345
30,7,Caris LeVert,0.0,BKN,IND,6.5,218.5,106.0,24,11.8,33.6,51.3,PG/SF,7000,1,28.0,13.0,101,106,0%,19,14,14,30,26,27,33.5,26.3,15.5,37.2,33.3,21.5,3.1,31.0,4.43,31.9,31.5,4.6,31.45,4.515,27.666666666666668,15.666666666666666,28.79,32.233333333333334,35.80753012048192
31,0,Caris LeVert,0.0,BKN,IND,6.5,218.5,106.0,24,11.8,33.6,51.3,PG/SF,7000,1,28.0,13.0,101,106,0%,19,14,14,30,26,27,33.5,26.3,15.5,37.2,33.3,21.5,3.1,31.0,4.43,31.9,31.5,4.6,31.45,4.515,27.666666666666668,15.666666666666666,28.79,32.233333333333334,35.80753012048192
31,1,Andrew Wiggins,0.0,GS,MIA,5.0,218.5,106.8,29,23.3,40.0,63.8,SG/SF,7800,1,27.0,17.0,100,107,1%,16,15,19,34,34,35,40.0,38.2,27.8,48.6,34.1,26.5,3.4,34.8,4.46,39.1,32.5,5.0,36.95,4.73,34.333333333333336,16.666666666666668,38.31,42.36666666666667,34.97694174757281
31,2,Gary Clark,0.0,ORL,ATL,-8.5,220.5,114.5,9,5.0,9.0,16.0,PF/C,3000,1,12.0,12.0,106,111,6%,3,2,3,15,14,12,9.0,9.2,1.8,16.5,11.2,6.0,2.0,7.5,2.5,0.0,0.0,0.0,3.75,1.25,13.666666666666666,2.6666666666666665,8.05,10.0,0.0
31,3,Bogdan Bogdanovic,0.0,SAC,MIL,10.0,229.5,109.8,16,11.0,25.3,41.5,SG/SF,5000,1,23.0,14.0,107,100,-2%,13,9,12,30,29,28,25.3,26.2,15.5,36.8,34.4,27.3,5.5,24.5,4.9,26.8,30.0,5.4,25.65,5.15,29.0,11.333333333333334,25.889999999999997,25.933333333333334,26.534482758620687
31,4,Tony Snell,0.0,DET,CHA,-3.0,205.5,104.3,30,9.5,17.1,25.0,SG/SF,4000,1,12.0,9.0,99,111,2%,9,8,7,34,34,28,17.1,15.5,9.3,21.6,33.8,14.0,3.5,18.8,4.69,17.8,30.5,4.5,18.3,4.595000000000001,32.0,8.0,16.36,17.2,17.4421875
31,5,Kevin Huerter,0.0,ATL,ORL,8.5,220.5,106.0,22,21.0,32.7,47.8,SG/SF,6300,0,18.0,12.0,100,105,-1%,18,16,11,45,41,31,32.7,26.0,15.5,36.4,34.8,24.5,3.9,28.5,4.52,26.6,35.0,4.2,27.55,4.359999999999999,39.0,15.0,27.630000000000003,33.833333333333336,24.724358974358974
31,6,Cheick Diallo,0.0,PHO,LAL,12.0,230.0,109.0,5,1.3,16.1,27.5,PF/C,3100,1,17.0,17.0,103,104,-8%,3,5,3,15,16,10,16.1,9.6,0.7,18.5,39.0,25.5,8.2,27.8,8.95,25.5,30.0,8.2,26.65,8.575,13.666666666666666,3.6666666666666665,14.310000000000002,14.966666666666669,58.5
31,7,Cody Zeller,0.0,CHA,DET,3.0,205.5,101.3,7,10.8,27.6,48.0,PF/C,4800,1,21.0,18.0,101,110,3%,6,9,8,17,23,23,27.6,24.1,14.2,34.0,22.3,23.0,4.8,23.5,4.9,24.6,24.5,5.1,24.05,5.0,21.0,7.666666666666667,24.79,28.8,28.05833333333333
32,0,Garrett Temple,0.0,BKN,IND,6.5,218.5,106.0,24,9.5,19.8,30.3,PG/SG,3900,1,17.0,10.0,101,106,0%,8,9,10,22,26,28,19.8,21.0,12.4,29.6,28.3,22.0,5.6,16.3,4.17,16.6,23.5,4.3,16.450000000000003,4.234999999999999,25.333333333333332,9.0,19.85,19.866666666666667,15.259539473684214
32,1,Jordan McRae,0.0,DEN,SA,-6.5,216.0,111.3,20,5.8,18.1,28.8,SG/SF,4900,1,25.0,15.0,102,111,1%,9,9,11,18,20,23,18.1,24.7,11.7,37.6,16.7,21.8,4.4,13.3,2.7,0.0,0.0,0.0,6.65,1.35,20.333333333333332,9.666666666666666,19.750000000000004,17.566666666666666,0.0
32,2,Jalen McDaniels,0.0,CHA,DET,3.0,205.5,101.3,7,2.0,4.9,9.5,PF,3000,1,0.0,0.0,101,110,4%,4,3,3,11,8,8,4.8,4.8,1.0,8.5,16.8,12.8,4.3,8.5,2.83,10.0,13.0,3.3,9.25,3.065,9.0,3.3333333333333335,5.67,5.466666666666666,13.36111111111111
32,3,Rudy Gay,0.0,SA,DEN,6.5,216.0,104.8,24,5.8,8.9,12.8,SF,3200,1,20.0,14.0,100,106,-8%,4,6,8,18,18,22,12.6,21.3,12.6,30.0,16.5,20.5,6.4,16.0,5.0,16.0,17.5,5.0,16.0,5.0,19.333333333333332,6.0,18.5,9.166666666666666,14.482758620689657
32,4,Draymond Green,0.0,GS,MIA,5.0,218.5,106.8,1,13.8,35.3,48.8,PG/SF,6700,1,18.0,13.0,100,107,0%,7,7,8,27,28,29,35.3,29.7,18.2,41.2,31.4,32.8,4.9,32.8,4.89,32.7,30.0,4.9,32.75,4.895,28.0,7.333333333333333,31.43,32.63333333333333,35.089285714285715
32,5,Jarrett Culver,0.0,MIN,TOR,9.5,230.5,110.5,26,9.8,12.7,16.3,PG/SF,3800,1,19.0,9.0,103,102,-1%,8,7,9,27,24,25,12.7,19.4,9.3,29.4,21.2,23.3,6.1,17.0,4.47,17.6,23.0,4.6,17.3,4.535,25.333333333333332,8.0,17.619999999999997,12.933333333333332,15.706578947368422
32,6,PJ Washington,0.0,CHA,DET,3.0,205.5,101.3,7,7.5,18.0,22.5,PF/C,4400,1,18.0,13.0,101,110,4%,10,9,10,27,25,30,18.0,25.6,16.3,34.9,35.8,22.8,5.2,24.0,5.45,22.7,29.0,5.2,23.35,5.325,27.333333333333332,9.666666666666666,23.630000000000003,16.0,24.77378048780488
32,7,Juancho Hernangomez,0.0,MIN,TOR,9.5,230.5,110.5,19,8.8,17.5,25.3,PF,3600,1,14.0,8.0,103,102,5%,6,6,3,27,20,13,17.4,8.6,1.0,16.1,25.8,23.3,6.5,17.3,4.79,20.1,27.0,5.6,18.700000000000003,5.195,20.0,5.0,12.360000000000001,17.2,25.245000000000005
34,0,Zach Norvell Jr.,0.0,GS,MIA,5.0,218.5,106.8,1,0.0,6.9,19.5,PG/SG,3000,1,0.0,0.0,100,107,-11%,2,2,2,10,7,7,6.9,6.9,-4.0,17.8,10.6,5.8,1.9,7.8,2.58,0.0,0.0,0.0,3.9,1.29,8.0,2.0,6.3,8.799999999999999,0.0
34,1,Jordan McRae,0.0,DEN,SA,-6.5,216.0,111.3,20,5.8,18.1,28.8,SG/SF,4900,1,25.0,15.0,102,111,1%,9,9,11,18,20,23,18.1,24.7,11.7,37.6,16.7,21.8,4.4,13.3,2.7,0.0,0.0,0.0,6.65,1.35,20.333333333333332,9.666666666666666,19.750000000000004,17.566666666666666,0.0
34,2,Harrison Barnes,0.0,SAC,MIL,10.0,229.5,109.8,16,11.5,23.4,40.3,SF/PF,5100,1,18.0,13.0,107,100,-6%,11,9,11,33,32,35,23.4,25.7,16.1,35.2,36.6,34.8,6.8,24.3,4.75,24.6,34.5,4.8,24.450000000000003,4.775,33.333333333333336,10.333333333333334,24.970000000000002,25.066666666666663,25.30575
34,3,Vince Carter,0.0,ATL,ORL,8.5,220.5,106.0,26,3.3,13.9,30.8,SF/PF,3300,0,17.0,8.0,100,105,-1%,5,7,6,20,22,16,18.8,11.6,3.7,19.5,14.7,10.5,3.2,6.3,1.89,0.0,0.0,0.0,3.15,0.945,19.333333333333332,6.0,11.35,16.0,0.0
34,4,Tim Hardaway Jr.,0.0,DAL,UTA,-1.5,216.5,109.0,10,10.8,27.6,38.5,SG/SF,5400,1,21.0,14.0,101,106,-9%,13,13,12,31,31,28,27.6,23.4,13.2,33.6,37.0,45.8,8.5,26.3,4.86,26.9,31.0,5.0,26.6,4.93,30.0,12.666666666666666,24.880000000000003,25.633333333333336,27.486666666666668
34,5,Terrence Ross,0.0,ORL,ATL,-8.5,220.5,114.5,28,13.3,24.6,29.0,SG/SF,4900,1,22.0,13.0,106,111,4%,14,12,12,32,31,27,24.6,22.5,15.1,29.8,30.9,28.8,5.9,27.5,5.61,27.1,30.0,5.5,27.3,5.555,30.0,12.666666666666666,23.86,22.3,27.3
34,6,Myles Turner,0.0,IND,BKN,-6.5,218.5,112.5,3,20.5,25.5,35.0,C,5100,1,17.0,14.0,104,106,8%,6,6,9,31,30,30,25.9,27.2,17.7,36.8,23.2,27.8,5.5,30.0,5.88,28.9,29.0,5.7,29.45,5.79,30.333333333333332,7.0,27.409999999999997,27.0,28.155494505494506
34,7,Trae Young,0.0,ATL,ORL,8.5,220.5,106.0,2,19.5,56.9,77.0,PG,10100,0,36.0,24.0,100,105,-2%,27,22,22,42,37,36,56.9,53.3,38.5,68.1,33.6,43.3,4.3,50.3,4.98,51.1,36.0,5.1,50.7,5.04,38.333333333333336,23.666666666666668,53.5,51.13333333333333,47.61391304347826
36,0,J.J. Barea,0.0,DAL,UTA,-1.5,216.5,109.0,29,3.0,17.2,29.8,PG/SG,3400,1,0.0,0.0,101,106,-2%,7,7,8,15,14,15,17.1,17.2,8.9,25.5,16.0,23.8,7.0,15.8,4.63,0.0,0.0,0.0,7.9,2.315,14.666666666666666,7.333333333333333,15.320000000000002,16.666666666666668,0.0
36,1,Terence Davis,0.0,TOR,MIN,-9.5,230.5,120.0,6,10.8,28.4,39.5,PG/SG,4800,1,19.0,16.0,105,109,-1%,13,11,6,28,24,18,28.4,17.8,6.5,29.1,15.0,5.5,1.1,23.3,4.84,26.2,25.0,5.5,24.75,5.17,23.333333333333332,10.0,21.310000000000002,26.233333333333334,26.517857142857142
36,2,Harrison Barnes,0.0,SAC,MIL,10.0,229.5,109.8,16,11.5,23.4,40.3,SF/PF,5100,1,18.0,13.0,107,100,-6%,11,9,11,33,32,35,23.4,25.7,16.1,35.2,36.6,34.8,6.8,24.3,4.75,24.6,34.5,4.8,24.450000000000003,4.775,33.333333333333336,10.333333333333334,24.970000000000002,25.066666666666663,25.30575
36,3,Duncan Robinson,0.0,MIA,GS,-5.0,218.5,111.8,17,15.8,27.2,35.8,SF,5200,0,15.0,13.0,103,110,7%,12,10,9,40,34,30,27.3,22.2,13.5,30.9,36.8,25.3,4.9,25.3,4.86,25.0,32.5,4.8,25.15,4.83,34.666666666666664,10.333333333333334,23.810000000000002,26.266666666666666,23.578125
36,4,Terry Rozier,0.0,CHA,DET,3.0,205.5,101.3,8,20.3,28.9,37.8,PG/SG,6300,1,25.0,15.0,101,110,2%,14,15,15,33,35,35,28.9,32.7,21.9,43.4,35.2,22.3,3.5,30.3,4.8,30.5,34.0,4.8,30.4,4.8,34.333333333333336,14.666666666666666,31.46,29.0,30.104854368932035
36,5,Jae Crowder,0.0,MIA,GS,-5.0,218.5,111.8,28,14.8,27.1,45.8,PF,4500,0,16.0,11.0,103,110,1%,8,7,9,30,29,30,27.1,26.2,15.0,37.3,31.5,39.0,8.7,22.3,4.94,21.8,25.0,4.8,22.05,4.87,29.666666666666668,8.0,25.529999999999998,29.233333333333334,18.581460674157302
36,6,Pascal Siakam,0.0,TOR,MIN,-9.5,230.5,120.0,10,21.0,37.7,49.8,PF/C,8100,1,29.0,19.0,105,109,-1%,21,18,20,34,34,35,37.7,42.6,32.4,52.9,36.5,56.5,7.0,45.5,5.62,45.9,35.5,5.7,45.7,5.66,34.333333333333336,19.666666666666668,42.260000000000005,36.166666666666664,47.25291262135922
36,7,Sterling Brown,0.0,MIL,SAC,-10.0,229.5,119.8,21,1.5,6.4,14.3,SG/SF,3000,1,16.0,10.0,100,109,5%,3,4,5,7,8,15,6.3,12.4,3.6,21.2,23.5,28.5,9.5,8.5,2.83,0.0,0.0,0.0,4.25,1.415,10.0,4.0,9.55,7.400000000000001,0.0
37,0,Terry Rozier,0.0,CHA,DET,3.0,205.5,101.3,8,20.3,28.9,37.8,PG/SG,6300,1,25.0,15.0,101,110,2%,14,15,15,33,35,35,28.9,32.7,21.9,43.4,35.2,22.3,3.5,30.3,4.8,30.5,34.0,4.8,30.4,4.8,34.333333333333336,14.666666666666666,31.46,29.0,30.104854368932035
37,1,Pat Connaughton,0.0,MIL,SAC,-10.0,229.5,119.8,21,8.0,16.8,27.0,SG/SF,3200,1,12.0,11.0,100,109,5%,4,4,4,15,21,19,16.8,14.8,7.6,22.1,25.9,21.8,6.8,15.3,4.77,18.6,20.0,5.8,16.950000000000003,5.285,18.333333333333332,4.0,15.65,17.266666666666666,18.490909090909096
37,2,Rondae Hollis-Jefferson,0.0,TOR,MIN,-9.5,230.5,120.0,10,2.3,12.3,20.3,PF,3200,1,18.0,16.0,105,109,6%,4,3,6,15,14,20,12.3,18.8,9.4,28.2,33.5,36.0,11.3,24.5,7.66,27.2,26.0,8.5,25.85,8.08,16.333333333333332,4.333333333333333,18.910000000000004,11.633333333333335,41.14897959183674
37,3,Juan Toscano-Anderson,0.0,GS,MIA,5.0,218.5,106.8,15,11.8,11.8,11.8,SF/PF,3000,1,0.0,0.0,100,107,0%,6,6,6,19,19,19,11.8,11.8,11.8,11.8,13.9,11.8,3.9,6.0,2.0,7.9,10.5,2.6,6.95,2.3,19.0,6.0,10.830000000000002,11.800000000000002,3.840789473684211
37,4,Derrick White,0.0,SA,DEN,6.5,216.0,104.8,17,18.5,21.4,27.0,PG/SG,4300,1,18.0,15.0,100,106,-5%,11,8,8,24,24,24,21.4,21.7,13.7,29.7,18.6,23.5,5.5,20.8,4.83,19.9,23.5,4.6,20.35,4.715,24.0,9.0,21.369999999999997,22.3,19.92604166666667
37,5,Torrey Craig,0.0,DEN,SA,-6.5,216.0,111.3,20,11.3,17.8,25.5,SG/SF,3700,1,12.0,10.0,102,111,1%,6,5,4,34,26,18,17.8,11.9,2.4,21.4,31.1,25.3,6.8,20.8,5.61,20.3,30.0,5.5,20.55,5.555,26.0,5.0,14.809999999999999,18.2,23.711538461538463
37,6,Domantas Sabonis,0.0,IND,BKN,-6.5,218.5,112.5,23,36.5,44.1,59.0,PF/C,9600,1,24.0,21.0,104,106,8%,13,13,14,37,36,35,44.0,44.1,35.0,53.1,37.8,58.5,6.1,45.8,4.77,44.5,35.5,4.6,45.15,4.685,36.0,13.333333333333334,44.269999999999996,46.53333333333333,44.52291666666667
37,7,James Johnson,0.0,MIN,TOR,9.5,230.5,110.5,19,5.8,14.2,31.8,PF/C,3400,1,0.0,0.0,103,102,5%,7,6,5,18,14,16,14.2,14.1,3.0,25.3,27.7,20.8,6.1,15.3,4.49,17.9,20.0,5.3,16.6,4.895,16.0,6.0,14.639999999999997,17.266666666666666,20.75
38,0,Jevon Carter,0.0,PHO,LAL,12.0,230.0,109.0,20,3.5,13.7,30.5,PG/SG,3100,1,14.0,10.0,103,104,1%,6,6,4,17,20,14,13.7,10.5,2.8,18.2,19.6,18.0,5.8,11.5,3.71,10.3,14.5,3.3,10.9,3.505,17.0,5.333333333333333,11.219999999999999,15.9,9.297058823529413
38,1,Troy Daniels,0.0,LAL,PHO,-12.0,230.0,121.0,14,-0.5,4.9,7.8,SG,3000,1,15.0,9.0,104,108,0%,2,3,4,11,9,12,4.8,7.3,1.1,13.4,4.8,6.0,2.0,6.0,2.0,0.0,0.0,0.0,3.0,1.0,10.666666666666666,3.0,5.92,4.066666666666666,0.0
38,2,LaMarcus Aldridge,0.0,SA,DEN,6.5,216.0,104.8,11,14.3,32.2,50.3,PF/C,7100,1,22.0,20.0,100,106,-3%,17,14,15,35,32,34,32.1,37.4,26.4,48.4,35.1,50.5,7.1,37.0,5.21,35.8,33.5,5.0,36.4,5.105,33.666666666666664,15.333333333333334,36.14,32.266666666666666,36.21980198019802
38,3,Torrey Craig,0.0,DEN,SA,-6.5,216.0,111.3,20,11.3,17.8,25.5,SG/SF,3700,1,12.0,10.0,102,111,1%,6,5,4,34,26,18,17.8,11.9,2.4,21.4,31.1,25.3,6.8,20.8,5.61,20.3,30.0,5.5,20.55,5.555,26.0,5.0,14.809999999999999,18.2,23.711538461538463
38,4,Joe Ingles,0.0,UTA,DAL,1.5,216.5,107.5,8,13.3,20.7,28.0,SG/SF,4800,0,17.0,13.0,101,109,0%,6,5,8,33,32,31,20.6,25.6,16.1,35.1,32.0,28.3,5.9,24.3,5.05,26.8,32.5,5.6,25.55,5.324999999999999,32.0,6.333333333333333,24.59,20.666666666666668,25.94921875
38,5,Mikal Bridges,0.0,PHO,LAL,12.0,230.0,109.0,27,16.3,26.7,37.0,SG/SF,4800,1,12.0,13.0,103,104,-5%,7,9,6,33,35,26,26.9,19.0,9.5,28.4,30.7,35.0,7.3,22.5,4.69,21.5,31.0,4.5,22.0,4.595000000000001,31.333333333333332,7.333333333333333,21.16,26.666666666666668,21.76595744680851
38,6,Tariq Owens,0.0,PHO,LAL,12.0,230.0,109.0,8,0.0,0.0,0.0,C,3000,1,0.0,0.0,103,104,-10%,2,2,2,5,5,5,3.3,3.3,1.5,5.0,4.8,3.3,1.1,5.3,1.75,0.0,0.0,0.0,2.65,0.875,5.0,2.0,3.15,0.0,0.0
38,7,Keita Bates-Diop,0.0,DEN,SA,-6.5,216.0,111.3,22,0.0,10.7,22.3,SF/PF,3000,1,6.0,13.0,102,111,3%,1,4,6,10,15,18,10.7,14.0,4.8,23.3,4.7,5.0,1.7,10.0,3.33,10.8,13.0,3.6,10.4,3.465,14.333333333333334,3.6666666666666665,12.639999999999999,11.0,9.432558139534883
39,0,Jarrett Culver,0.0,MIN,TOR,9.5,230.5,110.5,26,9.8,12.7,16.3,PG/SF,3800,1,19.0,9.0,103,102,-1%,8,7,9,27,24,25,12.7,19.4,9.3,29.4,21.2,23.3,6.1,17.0,4.47,17.6,23.0,4.6,17.3,4.535,25.333333333333332,8.0,17.619999999999997,12.933333333333332,15.706578947368422
39,1,Caleb Martin,0.0,CHA,DET,3.0,205.5,101.3,13,0.8,2.9,6.5,SG/SF,3000,1,0.0,0.0,101,110,2%,1,1,2,13,7,9,2.9,5.1,-0.8,11.0,19.5,8.3,2.8,5.3,1.75,13.6,19.0,4.5,9.45,3.125,9.666666666666666,1.3333333333333333,5.529999999999999,3.4,18.574137931034482
39,2,Kyle Kuzma,0.0,LAL,PHO,-12.0,230.0,121.0,1,15.0,27.2,40.5,SF/PF,4900,1,22.0,12.0,104,108,-2%,8,10,11,25,25,25,27.1,22.1,12.3,31.8,20.4,30.5,6.2,21.8,4.44,23.0,25.5,4.7,22.4,4.57,25.0,9.666666666666666,23.139999999999997,27.566666666666666,22.848
39,3,Joe Harris,0.0,BKN,IND,6.5,218.5,106.0,15,15.5,26.2,33.3,SG/SF,4800,1,17.0,12.0,101,106,-16%,11,10,11,30,29,32,22.9,24.6,16.8,32.5,34.3,29.5,6.1,23.5,4.9,23.7,31.5,4.9,23.6,4.9,30.333333333333332,10.666666666666666,24.080000000000002,25.0,24.507692307692313
39,4,Torrey Craig,0.0,DEN,SA,-6.5,216.0,111.3,20,11.3,17.8,25.5,SG/SF,3700,1,12.0,10.0,102,111,1%,6,5,4,34,26,18,17.8,11.9,2.4,21.4,31.1,25.3,6.8,20.8,5.61,20.3,30.0,5.5,20.55,5.555,26.0,5.0,14.809999999999999,18.2,23.711538461538463
39,5,Jerami Grant,0.0,DEN,SA,-6.5,216.0,111.3,3,20.0,27.6,36.0,PF/C,4600,1,17.0,14.0,102,111,3%,9,10,9,30,34,26,27.6,20.8,11.7,29.9,29.7,18.3,4.0,24.8,5.38,24.1,28.5,5.2,24.450000000000003,5.29,30.0,9.333333333333334,22.890000000000004,27.866666666666664,23.227500000000003
39,6,Harry Giles III,0.0,SAC,MIL,10.0,229.5,109.8,19,3.3,15.8,27.0,C,3500,1,0.0,0.0,107,100,3%,7,5,4,21,15,12,15.8,12.4,4.7,20.2,15.4,20.8,5.9,22.3,6.36,19.4,19.0,5.5,20.85,5.93,16.0,5.333333333333333,14.790000000000003,15.366666666666667,24.759375000000002
39,7,Draymond Green,0.0,GS,MIA,5.0,218.5,106.8,1,13.8,35.3,48.8,PG/SF,6700,1,18.0,13.0,100,107,0%,7,7,8,27,28,29,35.3,29.7,18.2,41.2,31.4,32.8,4.9,32.8,4.89,32.7,30.0,4.9,32.75,4.895,28.0,7.333333333333333,31.43,32.63333333333333,35.089285714285715
40,0,Malcolm Brogdon,0.0,IND,BKN,-6.5,218.5,112.5,10,29.0,34.9,39.5,PG,6900,1,27.0,19.0,104,106,8%,15,15,15,33,33,32,34.8,37.6,28.9,46.3,31.6,15.0,2.2,36.3,5.25,36.6,32.0,5.3,36.45,5.275,32.666666666666664,15.0,36.81,34.46666666666667,35.7061224489796
40,1,Malik Beasley,0.0,MIN,TOR,9.5,230.5,110.5,6,17.3,27.8,48.0,SG,4500,1,20.0,11.0,103,102,-1%,17,13,8,26,26,19,27.8,15.3,5.1,25.4,31.5,24.0,5.3,22.0,4.89,25.8,30.0,5.7,23.9,5.295,23.666666666666668,12.666666666666666,19.5,31.03333333333333,30.295774647887324
40,2,Kristaps Porzingis,0.0,DAL,UTA,-1.5,216.5,109.0,1,13.8,43.9,60.0,PF/C,8400,1,26.0,18.0,101,106,-6%,15,15,15,25,29,31,43.9,37.8,25.3,50.3,35.3,42.8,5.1,41.0,4.88,43.7,32.5,5.2,42.35,5.04,28.333333333333332,15.0,39.93,39.233333333333334,48.577941176470596
40,3,OG Anunoby,0.0,TOR,MIN,-9.5,230.5,120.0,27,5.3,15.1,30.8,SF/PF,3900,1,14.0,12.0,105,109,6%,6,4,8,29,26,30,15.1,23.2,12.0,34.4,35.8,55.0,14.1,23.5,6.03,24.2,29.5,6.2,23.85,6.115,28.333333333333332,6.0,21.709999999999997,17.066666666666666,24.832058823529415
40,4,Michael Carter-Williams,0.0,ORL,ATL,-8.5,220.5,114.5,9,18.0,23.6,31.3,PG/SG,4600,1,19.0,16.0,106,111,-1%,8,6,6,24,23,18,23.6,17.8,9.6,25.9,19.6,19.0,4.1,22.3,4.84,22.3,21.5,4.8,22.3,4.82,21.666666666666668,6.666666666666667,19.84,24.3,22.128461538461536
40,5,Vince Carter,0.0,ATL,ORL,8.5,220.5,106.0,26,3.3,13.9,30.8,SF/PF,3300,0,17.0,8.0,100,105,-1%,5,7,6,20,22,16,18.8,11.6,3.7,19.5,14.7,10.5,3.2,6.3,1.89,0.0,0.0,0.0,3.15,0.945,19.333333333333332,6.0,11.35,16.0,0.0
40,6,Alen Smailagic,0.0,GS,MIA,5.0,218.5,106.8,23,4.5,10.6,16.8,C,3000,1,0.0,0.0,100,107,0%,4,3,3,13,10,11,10.6,10.5,5.8,15.2,4.8,2.8,0.9,4.8,1.58,0.0,0.0,0.0,2.4,0.79,11.333333333333334,3.3333333333333335,8.899999999999999,10.633333333333333,0.0
40,7,Kentavious Caldwell-Pope,0.0,LAL,PHO,-12.0,230.0,121.0,14,3.5,11.0,21.5,SG/SF,3300,1,15.0,12.0,104,108,0%,6,6,8,26,26,26,13.2,17.8,11.0,24.6,24.7,21.3,6.5,18.5,5.61,16.4,23.0,5.0,17.45,5.305,26.0,6.666666666666667,16.81,12.0,15.43653846153846
41,0,Bruce Brown,0.0,DET,CHA,-3.0,205.5,104.3,12,22.3,28.7,46.5,PG/SF,5000,1,17.0,12.0,99,111,2%,9,9,8,34,36,28,28.6,23.4,13.3,33.6,38.8,32.5,6.5,24.5,4.9,27.5,32.5,5.5,26.0,5.2,32.666666666666664,8.666666666666666,24.979999999999997,32.5,25.867346938775512
41,1,Kevin Huerter,0.0,ATL,ORL,8.5,220.5,106.0,22,21.0,32.7,47.8,SG/SF,6300,0,18.0,12.0,100,105,-1%,18,16,11,45,41,31,32.7,26.0,15.5,36.4,34.8,24.5,3.9,28.5,4.52,26.6,35.0,4.2,27.55,4.359999999999999,39.0,15.0,27.630000000000003,33.833333333333336,24.724358974358974
41,2,Christian Wood,0.0,DET,CHA,-3.0,205.5,104.3,8,19.5,36.1,52.0,PF/C,7200,1,21.0,23.0,99,111,6%,16,13,7,36,31,19,36.1,21.8,9.1,34.5,23.3,20.5,2.8,40.3,5.59,41.9,32.0,5.8,41.099999999999994,5.695,28.666666666666668,12.0,28.52,35.86666666666667,45.879069767441855
41,3,Timothe Luwawu-Cabarrot,0.0,BKN,IND,6.5,218.5,106.0,7,3.5,9.2,22.3,SF/PF,3000,1,14.0,8.0,101,106,0%,8,4,4,20,10,15,9.2,9.7,2.3,17.1,13.8,16.5,5.5,13.0,4.33,12.6,18.0,4.2,12.8,4.265000000000001,15.0,5.333333333333333,10.219999999999999,11.666666666666666,15.360000000000001
41,4,Jeremy Lamb,0.0,IND,BKN,-6.5,218.5,112.5,18,9.8,20.6,41.3,SG/SF,5300,1,19.0,14.0,104,106,0%,11,9,11,31,28,30,20.6,25.9,16.3,35.5,26.0,17.8,3.4,22.5,4.25,21.8,25.0,4.1,22.15,4.175,29.666666666666668,10.333333333333334,24.089999999999996,23.900000000000002,18.66573033707865
41,5,OG Anunoby,0.0,TOR,MIN,-9.5,230.5,120.0,27,5.3,15.1,30.8,SF/PF,3900,1,14.0,12.0,105,109,6%,6,4,8,29,26,30,15.1,23.2,12.0,34.4,35.8,55.0,14.1,23.5,6.03,24.2,29.5,6.2,23.85,6.115,28.333333333333332,6.0,21.709999999999997,17.066666666666666,24.832058823529415
41,6,Rudy Gobert,0.0,UTA,DAL,1.5,216.5,107.5,2,30.3,37.0,43.8,C,7800,0,16.0,23.0,101,109,-2%,8,8,9,36,36,35,37.0,42.0,33.0,51.1,35.9,41.0,5.3,42.8,5.48,42.5,35.0,5.4,42.65,5.44,35.666666666666664,8.333333333333334,41.15,37.03333333333333,41.85280373831776
41,7,Caris LeVert,0.0,BKN,IND,6.5,218.5,106.0,24,11.8,33.6,51.3,PG/SF,7000,1,28.0,13.0,101,106,0%,19,14,14,30,26,27,33.5,26.3,15.5,37.2,33.3,21.5,3.1,31.0,4.43,31.9,31.5,4.6,31.45,4.515,27.666666666666668,15.666666666666666,28.79,32.233333333333334,35.80753012048192
42,0,Bruce Brown,0.0,DET,CHA,-3.0,205.5,104.3,12,22.3,28.7,46.5,PG/SF,5000,1,17.0,12.0,99,111,2%,9,9,8,34,36,28,28.6,23.4,13.3,33.6,38.8,32.5,6.5,24.5,4.9,27.5,32.5,5.5,26.0,5.2,32.666666666666664,8.666666666666666,24.979999999999997,32.5,25.867346938775512
42,1,Damion Lee,0.0,GS,MIA,5.0,218.5,106.8,29,14.0,24.2,32.8,SG/SF,5100,1,19.0,12.0,100,107,-2%,9,10,10,26,29,29,24.1,24.7,14.4,35.0,30.0,32.0,6.3,24.5,4.8,25.2,28.5,4.9,24.85,4.85,28.0,9.666666666666666,24.610000000000003,23.666666666666668,25.293750000000003
42,2,Vince Carter,0.0,ATL,ORL,8.5,220.5,106.0,26,3.3,13.9,30.8,SF/PF,3300,0,17.0,8.0,100,105,-1%,5,7,6,20,22,16,18.8,11.6,3.7,19.5,14.7,10.5,3.2,6.3,1.89,0.0,0.0,0.0,3.15,0.945,19.333333333333332,6.0,11.35,16.0,0.0
42,3,Keita Bates-Diop,0.0,DEN,SA,-6.5,216.0,111.3,22,0.0,10.7,22.3,SF/PF,3000,1,6.0,13.0,102,111,3%,1,4,6,10,15,18,10.7,14.0,4.8,23.3,4.7,5.0,1.7,10.0,3.33,10.8,13.0,3.6,10.4,3.465,14.333333333333334,3.6666666666666665,12.639999999999999,11.0,9.432558139534883
42,4,Draymond Green,0.0,GS,MIA,5.0,218.5,106.8,1,13.8,35.3,48.8,PG/SF,6700,1,18.0,13.0,100,107,0%,7,7,8,27,28,29,35.3,29.7,18.2,41.2,31.4,32.8,4.9,32.8,4.89,32.7,30.0,4.9,32.75,4.895,28.0,7.333333333333333,31.43,32.63333333333333,35.089285714285715
42,5,Kent Bazemore,0.0,SAC,MIL,10.0,229.5,109.8,16,14.8,19.5,25.3,SG/SF,3500,1,16.0,8.0,107,100,-2%,11,8,8,25,22,25,19.5,18.6,11.5,25.7,13.1,13.5,3.9,19.8,5.64,17.8,24.5,5.1,18.8,5.369999999999999,24.0,9.0,18.82,19.866666666666664,19.191666666666666
42,6,Jerami Grant,0.0,DEN,SA,-6.5,216.0,111.3,3,20.0,27.6,36.0,PF/C,4600,1,17.0,14.0,102,111,3%,9,10,9,30,34,26,27.6,20.8,11.7,29.9,29.7,18.3,4.0,24.8,5.38,24.1,28.5,5.2,24.450000000000003,5.29,30.0,9.333333333333334,22.890000000000004,27.866666666666664,23.227500000000003
42,7,Terrence Ross,0.0,ORL,ATL,-8.5,220.5,114.5,28,13.3,24.6,29.0,SG/SF,4900,1,22.0,13.0,106,111,4%,14,12,12,32,31,27,24.6,22.5,15.1,29.8,30.9,28.8,5.9,27.5,5.61,27.1,30.0,5.5,27.3,5.555,30.0,12.666666666666666,23.86,22.3,27.3
43,0,Goran Dragic,0.0,MIA,GS,-5.0,218.5,111.8,16,22.0,32.6,46.0,PG,5900,0,26.0,16.0,103,110,7%,16,13,13,30,30,29,32.5,29.8,20.9,38.8,29.6,25.5,4.3,28.5,4.83,28.6,27.5,4.8,28.55,4.8149999999999995,29.666666666666668,14.0,30.110000000000003,33.53333333333333,26.46488764044944
43,1,Devin Booker,0.0,PHO,LAL,12.0,230.0,109.0,20,22.5,39.9,50.8,PG/SG,8000,1,30.0,21.0,103,104,2%,17,16,18,33,35,36,39.9,42.9,30.8,55.0,31.5,21.0,2.6,42.3,5.28,44.7,37.0,5.6,43.5,5.4399999999999995,34.666666666666664,17.0,42.42,37.73333333333333,46.42788461538461
43,2,Kristaps Porzingis,0.0,DAL,UTA,-1.5,216.5,109.0,1,13.8,43.9,60.0,PF/C,8400,1,26.0,18.0,101,106,-6%,15,15,15,25,29,31,43.9,37.8,25.3,50.3,35.3,42.8,5.1,41.0,4.88,43.7,32.5,5.2,42.35,5.04,28.333333333333332,15.0,39.93,39.233333333333334,48.577941176470596
43,3,Miles Bridges,0.0,CHA,DET,3.0,205.5,101.3,4,25.8,37.1,44.8,SF/PF,6200,1,19.0,13.0,101,110,-1%,16,17,11,37,36,31,37.1,25.5,15.4,35.7,32.8,28.8,4.6,30.8,4.96,28.1,35.5,4.5,29.450000000000003,4.73,34.666666666666664,14.666666666666666,28.630000000000006,35.9,30.157932692307696
43,4,Fred VanVleet,0.0,TOR,MIN,-9.5,230.5,120.0,6,30.5,36.9,44.0,PG/SG,7600,1,23.0,17.0,105,109,4%,17,13,15,37,36,37,36.9,38.6,29.3,47.9,37.3,34.0,4.5,36.8,4.84,40.2,35.5,5.3,38.5,5.07,36.666666666666664,15.0,38.24,37.13333333333333,37.275
43,5,Caris LeVert,0.0,BKN,IND,6.5,218.5,106.0,24,11.8,33.6,51.3,PG/SF,7000,1,28.0,13.0,101,106,0%,19,14,14,30,26,27,33.5,26.3,15.5,37.2,33.3,21.5,3.1,31.0,4.43,31.9,31.5,4.6,31.45,4.515,27.666666666666668,15.666666666666666,28.79,32.233333333333334,35.80753012048192
43,6,Chris Boucher,0.0,TOR,MIN,-9.5,230.5,120.0,10,9.5,17.8,26.8,PF/C,3400,1,19.0,21.0,105,109,-1%,5,6,5,12,15,13,17.8,15.4,4.7,26.0,13.3,8.0,2.4,32.0,9.41,26.6,22.0,7.8,29.3,8.605,13.333333333333334,5.333333333333333,18.64,18.033333333333335,48.345
43,7,Allen Crabbe,0.0,MIN,TOR,9.5,230.5,110.5,6,0.8,5.6,10.5,SG/SF,3000,1,13.0,6.0,103,102,-1%,2,4,5,15,18,19,7.3,10.6,4.3,16.8,16.5,12.8,4.3,9.8,3.25,10.4,17.0,3.5,10.100000000000001,3.375,17.333333333333332,3.6666666666666665,9.82,5.633333333333333,9.905769230769234
44,0,Ricky Rubio,0.0,PHO,LAL,12.0,230.0,109.0,20,14.3,23.5,29.8,PG,5600,1,22.0,15.0,103,104,1%,7,6,11,28,29,32,26.1,34.7,23.3,46.1,24.6,26.8,4.8,31.0,5.54,30.8,31.5,5.5,30.9,5.52,29.666666666666668,8.0,32.220000000000006,22.53333333333333,32.80955056179775
44,1,Kent Bazemore,0.0,SAC,MIL,10.0,229.5,109.8,16,14.8,19.5,25.3,SG/SF,3500,1,16.0,8.0,107,100,-2%,11,8,8,25,22,25,19.5,18.6,11.5,25.7,13.1,13.5,3.9,19.8,5.64,17.8,24.5,5.1,18.8,5.369999999999999,24.0,9.0,18.82,19.866666666666664,19.191666666666666
44,2,Bojan Bogdanovic,0.0,UTA,DAL,1.5,216.5,107.5,11,17.0,29.3,38.0,SF/PF,6100,0,25.0,17.0,101,109,0%,12,13,15,33,33,34,29.3,31.0,22.4,39.7,33.4,30.8,5.0,29.5,4.84,30.7,34.0,5.0,30.1,4.92,33.333333333333336,13.333333333333334,30.5,28.099999999999998,30.702
44,3,Rudy Gay,0.0,SA,DEN,6.5,216.0,104.8,24,5.8,8.9,12.8,SF,3200,1,20.0,14.0,100,106,-8%,4,6,8,18,18,22,12.6,21.3,12.6,30.0,16.5,20.5,6.4,16.0,5.0,16.0,17.5,5.0,16.0,5.0,19.333333333333332,6.0,18.5,9.166666666666666,14.482758620689657
44,4,Kendrick Nunn,0.0,MIA,GS,-5.0,218.5,111.8,16,7.5,20.0,30.3,PG/SG,6000,0,24.0,14.0,103,110,7%,19,14,14,31,29,31,22.6,27.0,17.7,36.2,23.1,7.8,1.3,28.3,4.71,26.6,28.5,4.4,27.450000000000003,4.555,30.333333333333332,15.666666666666666,26.190000000000005,19.266666666666666,25.79093406593407
44,5,Jordan McRae,0.0,DEN,SA,-6.5,216.0,111.3,20,5.8,18.1,28.8,SG/SF,4900,1,25.0,15.0,102,111,1%,9,9,11,18,20,23,18.1,24.7,11.7,37.6,16.7,21.8,4.4,13.3,2.7,0.0,0.0,0.0,6.65,1.35,20.333333333333332,9.666666666666666,19.750000000000004,17.566666666666666,0.0
44,6,Nikola Vucevic,0.0,ORL,ATL,-8.5,220.5,114.5,22,29.5,41.8,52.0,C,8900,1,26.0,21.0,106,111,4%,17,16,17,34,34,33,41.8,42.7,33.7,51.7,33.2,52.8,5.9,48.3,5.42,48.4,33.0,5.4,48.349999999999994,5.41,33.666666666666664,16.666666666666668,43.64999999999999,41.1,47.39257425742574
44,7,Damian Jones,0.0,ATL,ORL,8.5,220.5,106.0,15,7.0,18.1,32.0,C,3500,0,12.0,16.0,100,105,-7%,2,3,4,18,22,17,18.1,14.2,5.9,22.6,15.4,12.0,3.4,13.0,3.71,12.4,16.5,3.5,12.7,3.605,19.0,3.0,14.7,19.033333333333335,11.028947368421052
46,0,Jeremy Pargo,0.0,GS,MIA,5.0,218.5,106.8,1,0.0,0.0,0.0,PG,3000,1,0.0,0.0,100,107,-11%,6,6,6,14,14,14,16.0,16.0,16.0,16.0,9.2,6.5,2.2,7.0,2.33,0.0,0.0,0.0,3.5,1.165,14.0,6.0,13.5,0.0,0.0
46,1,Jordan Poole,0.0,GS,MIA,5.0,218.5,106.8,29,3.0,16.9,29.5,SG/SF,4000,1,21.0,6.0,100,107,-11%,13,8,8,25,19,21,16.9,14.7,6.4,23.0,31.0,22.5,5.6,18.8,4.69,17.7,23.5,4.4,18.25,4.545,21.666666666666668,9.666666666666666,15.85,16.466666666666665,19.79423076923077
46,2,Harrison Barnes,0.0,SAC,MIL,10.0,229.5,109.8,16,11.5,23.4,40.3,SF/PF,5100,1,18.0,13.0,107,100,-6%,11,9,11,33,32,35,23.4,25.7,16.1,35.2,36.6,34.8,6.8,24.3,4.75,24.6,34.5,4.8,24.450000000000003,4.775,33.333333333333336,10.333333333333334,24.970000000000002,25.066666666666663,25.30575
46,3,Danny Green,0.0,LAL,PHO,-12.0,230.0,121.0,1,12.8,20.3,28.0,SF,4100,1,15.0,12.0,104,108,0%,7,7,7,30,25,25,20.3,19.2,10.3,28.1,25.4,11.8,2.9,19.8,4.82,21.6,26.5,5.3,20.700000000000003,5.0600000000000005,26.666666666666668,7.0,19.72,20.366666666666667,20.570625000000003
46,4,Cory Joseph,0.0,SAC,MIL,10.0,229.5,109.8,15,6.0,16.2,35.0,PG,3200,1,14.0,9.0,107,100,0%,3,6,6,22,23,25,16.2,16.5,8.4,24.5,28.7,22.0,6.9,15.0,4.69,13.8,21.0,4.3,14.4,4.495,23.333333333333332,5.0,16.000000000000004,19.066666666666666,12.96
46,5,Wilson Chandler,0.0,BKN,IND,6.5,218.5,106.0,30,5.8,14.7,23.8,PF,3300,1,14.0,9.0,101,106,-16%,7,5,5,24,21,21,14.7,15.8,10.0,21.5,15.3,4.8,1.5,15.3,4.62,14.8,21.5,4.5,15.05,4.5600000000000005,22.0,5.666666666666667,15.41,14.766666666666666,14.707954545454545
46,6,Thon Maker,0.0,DET,CHA,-3.0,205.5,104.3,8,5.0,14.1,33.3,PF/C,4300,1,15.0,13.0,99,111,8%,9,5,3,31,19,12,14.1,10.0,1.7,18.3,23.9,34.0,7.9,21.8,5.06,22.7,25.5,5.3,22.25,5.18,20.666666666666668,5.666666666666667,13.270000000000001,17.466666666666665,27.453629032258064
46,7,Rudy Gay,0.0,SA,DEN,6.5,216.0,104.8,24,5.8,8.9,12.8,SF,3200,1,20.0,14.0,100,106,-8%,4,6,8,18,18,22,12.6,21.3,12.6,30.0,16.5,20.5,6.4,16.0,5.0,16.0,17.5,5.0,16.0,5.0,19.333333333333332,6.0,18.5,9.166666666666666,14.482758620689657
47,0,De'Aaron Fox,0.0,SAC,MIL,10.0,229.5,109.8,15,22.0,40.2,61.8,PG,7500,1,31.0,20.0,107,100,0%,12,16,16,31,33,32,40.2,39.6,28.1,51.0,34.6,46.5,6.2,41.0,5.47,42.1,34.0,5.6,41.55,5.535,32.0,14.666666666666666,40.089999999999996,41.333333333333336,44.146874999999994
47,1,Devin Booker,0.0,PHO,LAL,12.0,230.0,109.0,20,22.5,39.9,50.8,PG/SG,8000,1,30.0,21.0,103,104,2%,17,16,18,33,35,36,39.9,42.9,30.8,55.0,31.5,21.0,2.6,42.3,5.28,44.7,37.0,5.6,43.5,5.4399999999999995,34.666666666666664,17.0,42.42,37.73333333333333,46.42788461538461
47,2,Nemanja Bjelica,0.0,SAC,MIL,10.0,229.5,109.8,12,20.3,27.0,35.5,PF,6000,1,18.0,17.0,107,100,3%,9,9,10,35,31,29,27.0,28.4,17.9,39.0,33.8,33.5,5.6,32.8,5.46,34.2,34.5,5.7,33.5,5.58,31.666666666666668,9.333333333333334,29.160000000000004,27.599999999999998,36.49736842105263
47,3,Danny Green,0.0,LAL,PHO,-12.0,230.0,121.0,1,12.8,20.3,28.0,SF,4100,1,15.0,12.0,104,108,0%,7,7,7,30,25,25,20.3,19.2,10.3,28.1,25.4,11.8,2.9,19.8,4.82,21.6,26.5,5.3,20.700000000000003,5.0600000000000005,26.666666666666668,7.0,19.72,20.366666666666667,20.570625000000003
47,4,Seth Curry,0.0,DAL,UTA,-1.5,216.5,109.0,10,10.5,28.3,45.0,SG,5500,1,19.0,15.0,101,106,-9%,16,11,9,28,24,24,28.3,19.1,8.2,30.1,34.6,24.3,4.4,21.0,3.82,24.4,26.5,4.4,22.7,4.11,25.333333333333332,12.0,21.68,27.933333333333334,23.74539473684211
47,5,Tim Hardaway Jr.,0.0,DAL,UTA,-1.5,216.5,109.0,10,10.8,27.6,38.5,SG/SF,5400,1,21.0,14.0,101,106,-9%,13,13,12,31,31,28,27.6,23.4,13.2,33.6,37.0,45.8,8.5,26.3,4.86,26.9,31.0,5.0,26.6,4.93,30.0,12.666666666666666,24.880000000000003,25.633333333333336,27.486666666666668
47,6,Paul Millsap,0.0,DEN,SA,-6.5,216.0,111.3,3,10.0,23.4,34.8,PF/C,4700,1,20.0,17.0,102,111,1%,6,8,9,21,24,25,23.4,24.6,15.6,33.7,19.3,43.3,9.2,22.8,4.84,21.3,20.5,4.5,22.05,4.67,23.333333333333332,7.666666666666667,23.869999999999997,22.73333333333333,19.372500000000002
47,7,Jordan Clarkson,0.0,UTA,DAL,1.5,216.5,107.5,23,14.8,28.3,46.5,PG/SG,4400,0,26.0,18.0,101,109,-4%,16,15,12,25,25,24,28.3,23.6,14.6,32.7,30.9,46.3,10.5,21.3,4.83,24.3,28.0,5.5,22.8,5.165,24.666666666666668,14.333333333333334,24.4,29.866666666666664,25.88108108108108
48,0,Goran Dragic,0.0,MIA,GS,-5.0,218.5,111.8,16,22.0,32.6,46.0,PG,5900,0,26.0,16.0,103,110,7%,16,13,13,30,30,29,32.5,29.8,20.9,38.8,29.6,25.5,4.3,28.5,4.83,28.6,27.5,4.8,28.55,4.8149999999999995,29.666666666666668,14.0,30.110000000000003,33.53333333333333,26.46488764044944
48,1,Terrence Ross,0.0,ORL,ATL,-8.5,220.5,114.5,28,13.3,24.6,29.0,SG/SF,4900,1,22.0,13.0,106,111,4%,14,12,12,32,31,27,24.6,22.5,15.1,29.8,30.9,28.8,5.9,27.5,5.61,27.1,30.0,5.5,27.3,5.555,30.0,12.666666666666666,23.86,22.3,27.3
48,2,Marquese Chriss,0.0,GS,MIA,5.0,218.5,106.8,4,20.3,29.1,45.3,PF/C,5800,1,19.0,19.0,100,107,0%,13,9,6,28,26,19,29.1,20.6,11.1,30.1,26.7,33.8,5.8,27.8,4.78,30.1,28.0,5.2,28.950000000000003,4.99,24.333333333333332,9.333333333333334,23.970000000000002,31.566666666666666,33.3123287671233
48,3,Kyle Korver,0.0,MIL,SAC,-10.0,229.5,119.8,21,8.0,12.6,15.5,SG/SF,3000,1,15.0,11.0,100,109,5%,8,6,5,15,17,17,12.6,13.0,6.8,19.2,15.1,7.3,2.4,14.0,4.67,15.2,17.5,5.1,14.6,4.885,16.333333333333332,6.333333333333333,13.239999999999998,12.033333333333333,15.642857142857144
48,4,Jordan McRae,0.0,DEN,SA,-6.5,216.0,111.3,20,5.8,18.1,28.8,SG/SF,4900,1,25.0,15.0,102,111,1%,9,9,11,18,20,23,18.1,24.7,11.7,37.6,16.7,21.8,4.4,13.3,2.7,0.0,0.0,0.0,6.65,1.35,20.333333333333332,9.666666666666666,19.750000000000004,17.566666666666666,0.0
48,5,Kent Bazemore,0.0,SAC,MIL,10.0,229.5,109.8,16,14.8,19.5,25.3,SG/SF,3500,1,16.0,8.0,107,100,-2%,11,8,8,25,22,25,19.5,18.6,11.5,25.7,13.1,13.5,3.9,19.8,5.64,17.8,24.5,5.1,18.8,5.369999999999999,24.0,9.0,18.82,19.866666666666664,19.191666666666666
48,6,Kristaps Porzingis,0.0,DAL,UTA,-1.5,216.5,109.0,1,13.8,43.9,60.0,PF/C,8400,1,26.0,18.0,101,106,-6%,15,15,15,25,29,31,43.9,37.8,25.3,50.3,35.3,42.8,5.1,41.0,4.88,43.7,32.5,5.2,42.35,5.04,28.333333333333332,15.0,39.93,39.233333333333334,48.577941176470596
48,7,Tim Hardaway Jr.,0.0,DAL,UTA,-1.5,216.5,109.0,10,10.8,27.6,38.5,SG/SF,5400,1,21.0,14.0,101,106,-9%,13,13,12,31,31,28,27.6,23.4,13.2,33.6,37.0,45.8,8.5,26.3,4.86,26.9,31.0,5.0,26.6,4.93,30.0,12.666666666666666,24.880000000000003,25.633333333333336,27.486666666666668
