Lineup Num,,Player Name,injury_status,team,opp,spread,over_under,implied_team_score,L5_dvp_rank,L5_ppg_floor,L5_ppg_avg,L5_ppg_max,Pos,Salary,Rest,USG,PER,Opp Pace,Opp DEff,Opp DvP,L2 FGA,L5 FGA,S FGA,L2 Min,L5 Min,S Min,L5 FP,S FP,Floor FP,Ceil FP,Actual Min,Actual FP,Actual Val,FantasyFuelPPGProj,FantasyFuelValueProj,DFN_PPGProj,DFN_MinProj,DFN_ValueProj,Avg Proj,Avg Value Proj,Avg Skewed Min,Avg Skewed FGA,Avg Skewed FP,Avg L5 PPG,Proj Min Enhanced
1,0,Donte DiVincenzo,0.0,MIL,PHO,-7.0,229,118.0,20,18.5,26.4,40.8,PG/SG,4800,1,17.0,15.0,104,108,0%,12,8,8,24,24,24,26.4,22.8,15.4,30.3,28.8,35.8,7.5,23.3,4.84,23.2,23.5,4.8,23.25,4.82,24.0,9.333333333333334,23.630000000000003,28.566666666666663,22.765625
1,1,Wayne Ellington,0.0,NY,DET,-6.0,211,108.5,13,2.0,12.4,28.3,SG/SF,3000,1,15.0,9.0,100,110,-7%,5,5,5,19,16,17,12.4,11.0,3.3,18.8,22.5,15.8,5.3,13.5,4.5,12.0,17.0,4.0,12.75,4.25,17.333333333333332,5.0,11.65,14.233333333333334,12.504807692307693
1,2,Kelly Olynyk,0.0,MIA,WAS,-5.0,232,118.5,4,8.3,20.4,36.3,PF/C,3400,1,17.0,15.0,106,113,4%,4,5,6,13,14,19,20.4,18.5,7.9,29.1,9.6,6.8,2.0,16.0,4.71,15.0,15.0,4.4,15.5,4.555,15.333333333333334,5.0,18.28,21.666666666666668,15.163043478260871
1,3,Bruce Brown,0.0,DET,NY,6.0,211,102.5,26,16.0,26.8,41.0,PG/SF,5000,0,17.0,12.0,101,111,-2%,8,8,8,29,31,28,26.8,23.7,13.6,33.8,37.0,30.0,6.0,18.5,3.7,23.7,28.5,4.7,21.1,4.2,29.333333333333332,8.0,23.8,27.933333333333334,20.50056818181818
1,4,Markelle Fultz,0.0,ORL,HOU,8.0,231,111.5,7,17.3,27.7,40.0,PG/SG,5800,1,22.0,14.0,106,107,0%,12,11,11,29,28,29,27.9,26.7,18.7,34.6,27.5,26.3,4.5,29.5,5.09,30.0,30.5,5.2,29.75,5.145,28.666666666666668,11.333333333333334,27.529999999999994,28.333333333333332,31.65261627906977
1,5,Luguentz Dort,0.0,OKC,BOS,4.0,219,107.5,1,8.5,11.5,16.3,SG/SF,3000,1,12.0,7.0,102,104,-5%,7,6,6,23,24,22,11.4,11.5,4.5,18.5,31.0,20.5,6.8,12.0,4.0,13.7,26.5,4.6,12.85,4.3,23.0,6.333333333333333,11.75,12.1,14.805434782608696
1,6,Domantas Sabonis,0.0,IND,DAL,5.5,217,105.8,6,37.0,43.6,55.3,PF/C,8700,1,24.0,21.0,101,108,-3%,15,14,14,37,36,35,43.5,44.2,35.2,53.2,41.3,53.8,6.2,46.0,5.29,45.9,36.0,5.3,45.95,5.295,36.0,14.333333333333334,44.410000000000004,45.29999999999999,45.95
1,7,Steven Adams,0.0,OKC,BOS,4.0,219,107.5,10,19.0,25.2,32.8,C,5700,1,17.0,21.0,102,104,-7%,7,7,8,28,26,28,25.2,31.1,21.1,41.2,26.4,22.5,3.9,30.0,5.26,29.9,27.5,5.2,29.95,5.23,27.333333333333332,7.333333333333333,29.709999999999997,25.666666666666668,30.132621951219512
3,0,Ricky Rubio,0.0,PHO,MIL,7.0,229,111.0,6,19.3,38.2,48.5,PG,6900,1,22.0,16.0,107,99,-2%,11,10,11,34,32,32,38.1,35.6,24.0,47.2,37.7,72.3,10.5,36.3,5.25,38.1,33.5,5.5,37.2,5.375,32.666666666666664,10.666666666666666,36.42,35.333333333333336,38.148979591836735
3,1,Shabazz Napier,0.0,WAS,MIA,5.0,232,113.5,10,13.5,20.0,25.8,PG/SG,4900,1,21.0,14.0,101,107,-8%,9,7,8,25,25,24,20.0,23.9,13.5,34.3,39.7,51.5,10.5,24.5,5.0,25.7,28.5,5.2,25.1,5.1,24.666666666666668,8.0,23.359999999999996,19.766666666666666,29.000675675675673
3,2,Domantas Sabonis,0.0,IND,DAL,5.5,217,105.8,6,37.0,43.6,55.3,PF/C,8700,1,24.0,21.0,101,108,-3%,15,14,14,37,36,35,43.5,44.2,35.2,53.2,41.3,53.8,6.2,46.0,5.29,45.9,36.0,5.3,45.95,5.295,36.0,14.333333333333334,44.410000000000004,45.29999999999999,45.95
3,3,Derrick Jones Jr.,0.0,MIA,WAS,-5.0,232,118.5,25,12.0,17.4,24.0,SF/PF,3400,1,14.0,14.0,106,113,8%,6,6,7,22,21,25,17.4,19.7,11.3,28.1,30.9,26.0,7.6,21.5,6.32,20.6,26.5,6.1,21.05,6.21,22.666666666666668,6.333333333333333,19.509999999999998,17.8,24.609926470588235
3,4,Donte DiVincenzo,0.0,MIL,PHO,-7.0,229,118.0,20,18.5,26.4,40.8,PG/SG,4800,1,17.0,15.0,104,108,0%,12,8,8,24,24,24,26.4,22.8,15.4,30.3,28.8,35.8,7.5,23.3,4.84,23.2,23.5,4.8,23.25,4.82,24.0,9.333333333333334,23.630000000000003,28.566666666666663,22.765625
3,5,Bruce Brown,0.0,DET,NY,6.0,211,102.5,26,16.0,26.8,41.0,PG/SF,5000,0,17.0,12.0,101,111,-2%,8,8,8,29,31,28,26.8,23.7,13.6,33.8,37.0,30.0,6.0,18.5,3.7,23.7,28.5,4.7,21.1,4.2,29.333333333333332,8.0,23.8,27.933333333333334,20.50056818181818
3,6,Enes Kanter,0.0,BOS,OKC,-4.0,219,111.5,11,4.8,16.4,27.3,C,3400,1,19.0,22.0,101,107,-1%,6,5,7,15,16,19,17.1,22.9,12.4,33.4,5.9,5.5,1.6,10.8,3.16,0.0,0.0,0.0,5.4,1.58,16.666666666666668,6.0,18.240000000000002,16.166666666666668,0.0
3,7,Hamidou Diallo,0.0,OKC,BOS,4.0,219,107.5,1,5.0,10.4,19.5,SG/SF,3100,1,17.0,9.0,102,104,-1%,8,5,6,23,16,19,10.9,13.0,5.6,20.4,17.6,5.8,1.9,12.3,3.95,11.0,16.0,3.5,11.65,3.725,19.333333333333332,6.333333333333333,12.309999999999999,11.633333333333333,9.641379310344828
4,0,Derrick White,0.0,SA,CLE,-4.5,224,114.3,25,20.0,25.1,32.5,PG/SG,4500,1,19.0,16.0,101,114,6%,11,8,8,24,25,24,24.9,22.1,14.2,30.1,24.7,23.5,5.2,26.0,5.78,27.6,27.5,6.1,26.8,5.9399999999999995,24.333333333333332,9.0,23.619999999999997,25.866666666666664,30.287671232876715
4,1,Justin Holiday,0.0,IND,DAL,5.5,217,105.8,6,11.3,16.1,19.3,SG/SF,3500,1,13.0,13.0,101,108,-2%,8,8,7,22,23,26,20.1,19.2,11.4,26.9,22.4,18.3,5.2,16.5,4.71,16.8,23.5,4.8,16.65,4.755,23.666666666666668,7.666666666666667,18.85,15.566666666666668,16.53274647887324
4,2,Harry Giles III,0.0,SAC,TOR,5.0,226,110.5,17,15.0,22.0,28.8,PF/C,4400,0,20.0,17.0,103,102,5%,7,9,6,17,22,15,21.9,15.7,6.6,24.9,14.3,8.8,2.0,18.5,4.2,20.3,20.0,4.6,19.4,4.4,18.0,7.333333333333333,17.7,21.933333333333334,21.555555555555554
4,3,Justin Jackson,0.0,DAL,IND,-5.5,217,111.3,2,4.0,13.1,24.0,SF/PF,3100,1,16.0,10.0,101,105,-13%,6,5,6,20,18,16,13.1,10.9,4.3,17.5,18.9,26.0,8.4,10.8,3.47,14.4,22.5,4.6,12.600000000000001,4.035,18.0,5.666666666666667,11.68,13.700000000000001,15.750000000000002
4,4,Cory Joseph,0.0,SAC,TOR,5.0,226,110.5,16,6.3,13.4,27.5,PG,3000,0,14.0,10.0,103,102,-3%,3,4,6,18,19,24,13.4,16.5,8.4,24.6,17.4,20.3,6.8,13.8,4.58,12.3,17.0,4.1,13.05,4.34,20.333333333333332,4.333333333333333,15.190000000000001,15.733333333333334,10.91065573770492
4,5,Kevin Love,0.0,CLE,SA,4.5,224,109.8,7,24.8,42.0,55.0,PF,7800,0,23.0,18.0,102,111,0%,17,14,13,37,34,32,42.0,37.8,26.3,49.3,40.1,41.0,5.3,38.3,4.9,40.3,33.0,5.2,39.3,5.050000000000001,34.333333333333336,14.666666666666666,38.94,40.6,37.773786407766984
4,6,Nerlens Noel,0.0,OKC,BOS,4.0,219,107.5,10,9.8,17.9,26.3,C,3400,1,15.0,22.0,102,104,-7%,6,4,5,17,16,19,17.9,20.9,12.9,28.9,21.6,14.8,4.4,18.5,5.44,17.9,18.0,5.3,18.2,5.37,17.333333333333332,5.0,19.759999999999998,18.0,18.900000000000002
4,7,Jevon Carter,0.0,PHO,MIL,7.0,229,111.0,6,1.5,9.4,14.3,PG/SG,3000,1,14.0,10.0,107,99,-2%,7,5,4,18,17,15,9.0,10.7,3.3,18.0,32.4,21.0,7.0,13.5,4.5,11.7,16.0,3.9,12.6,4.2,16.666666666666668,5.333333333333333,10.72,8.4,12.095999999999998
6,0,Eric Bledsoe,0.0,MIL,PHO,-7.0,229,118.0,20,8.8,20.5,32.8,PG,5400,1,25.0,18.0,104,108,2%,11,8,12,28,24,28,20.4,31.8,21.1,42.6,35.0,43.8,8.1,30.8,5.69,36.8,28.5,6.8,33.8,6.245,26.666666666666668,10.333333333333334,29.939999999999998,20.7,36.123749999999994
6,1,Edmond Sumner,0.0,IND,DAL,5.5,217,105.8,6,2.0,9.2,25.3,SG/SF,3100,1,0.0,0.0,101,108,-3%,7,5,4,15,11,13,9.3,10.3,2.4,18.1,19.1,11.8,3.8,9.0,2.9,9.0,12.5,2.9,9.0,2.9,13.0,5.333333333333333,9.82,12.166666666666666,8.653846153846153
6,2,Kelly Olynyk,0.0,MIA,WAS,-5.0,232,118.5,4,8.3,20.4,36.3,PF/C,3400,1,17.0,15.0,106,113,4%,4,5,6,13,14,19,20.4,18.5,7.9,29.1,9.6,6.8,2.0,16.0,4.71,15.0,15.0,4.4,15.5,4.555,15.333333333333334,5.0,18.28,21.666666666666668,15.163043478260871
6,3,Keldon Johnson,0.0,SA,CLE,-4.5,224,114.3,28,0.0,10.8,21.3,SF,3000,1,0.0,0.0,101,114,6%,5,4,4,18,11,9,10.8,8.3,-0.2,16.8,17.4,16.5,5.5,17.5,5.83,14.3,18.0,4.8,15.9,5.3149999999999995,12.666666666666666,4.333333333333333,10.32,10.700000000000001,22.594736842105263
6,4,Jimmy Butler,0.0,MIA,WAS,-5.0,232,118.5,25,36.3,40.3,53.0,SG/SF,8100,1,26.0,24.0,106,113,6%,13,14,14,36,35,35,40.3,42.7,33.4,52.0,24.4,10.5,1.3,43.0,5.31,44.5,35.0,5.5,43.75,5.404999999999999,35.333333333333336,13.666666666666666,42.43,43.199999999999996,43.3372641509434
6,5,Trey Lyles,0.0,SA,CLE,-4.5,224,114.3,15,17.3,28.9,44.8,PF/C,5100,1,14.0,13.0,101,114,4%,10,11,5,28,31,20,28.9,16.9,7.7,26.2,41.3,30.8,6.0,28.8,5.64,28.4,32.5,5.6,28.6,5.619999999999999,26.333333333333332,8.666666666666666,21.660000000000004,30.333333333333332,35.29746835443038
6,6,Domantas Sabonis,0.0,IND,DAL,5.5,217,105.8,6,37.0,43.6,55.3,PF/C,8700,1,24.0,21.0,101,108,-3%,15,14,14,37,36,35,43.5,44.2,35.2,53.2,41.3,53.8,6.2,46.0,5.29,45.9,36.0,5.3,45.95,5.295,36.0,14.333333333333334,44.410000000000004,45.29999999999999,45.95
6,7,Robin Lopez,0.0,MIL,PHO,-7.0,229,118.0,19,3.5,8.0,13.0,C,3000,1,16.0,11.0,104,108,2%,3,4,5,15,15,14,8.0,11.1,3.8,18.4,7.0,5.3,1.8,13.0,4.33,0.0,0.0,0.0,6.5,2.165,14.666666666666666,4.0,9.559999999999999,8.166666666666666,0.0
7,0,Eric Bledsoe,0.0,MIL,PHO,-7.0,229,118.0,20,8.8,20.5,32.8,PG,5400,1,25.0,18.0,104,108,2%,11,8,12,28,24,28,20.4,31.8,21.1,42.6,35.0,43.8,8.1,30.8,5.69,36.8,28.5,6.8,33.8,6.245,26.666666666666668,10.333333333333334,29.939999999999998,20.7,36.123749999999994
7,1,Reggie Bullock,0.0,NY,DET,-6.0,211,108.5,13,2.0,6.8,11.3,SG/SF,3000,1,16.0,9.0,100,110,-5%,3,5,9,19,21,25,10.8,16.8,9.9,23.6,12.0,3.8,1.3,5.8,1.92,0.0,0.0,0.0,2.9,0.96,21.666666666666668,5.666666666666667,12.8,6.7,0.0
7,2,Solomon Hill,0.0,MIA,WAS,-5.0,232,118.5,25,4.0,7.8,11.3,SF/PF,3000,1,15.0,10.0,106,113,8%,3,3,5,12,15,18,7.9,13.8,7.4,20.2,30.1,20.0,6.7,11.0,3.67,11.4,16.0,3.8,11.2,3.735,15.0,3.6666666666666665,12.1,7.7,11.946666666666665
7,3,Dario Saric,0.0,PHO,MIL,7.0,229,111.0,6,16.8,26.3,42.5,SF/PF,5600,1,17.0,13.0,107,99,0%,11,9,9,30,29,26,26.3,23.3,12.2,34.5,26.3,21.8,3.9,29.5,5.27,30.9,35.5,5.5,30.2,5.385,28.333333333333332,9.666666666666666,25.3,28.53333333333333,37.83882352941177
7,4,Terrence Ross,0.0,ORL,HOU,8.0,231,111.5,5,30.8,37.3,51.3,SG/SF,5800,1,22.0,14.0,106,107,6%,14,16,12,34,32,28,37.3,24.2,15.8,32.7,29.9,28.0,4.8,29.0,5.0,31.6,32.5,5.4,30.3,5.2,31.333333333333332,14.0,28.060000000000002,39.8,31.428191489361705
7,5,Norman Powell,0.0,TOR,SAC,-5.0,226,115.5,23,29.3,36.7,50.8,SG/SF,6600,2,21.0,17.0,101,109,2%,18,17,12,38,36,29,36.5,27.3,16.6,38.0,42.8,49.5,7.5,27.5,4.17,35.2,35.5,5.3,31.35,4.734999999999999,34.333333333333336,15.666666666666666,29.95,38.93333333333333,32.41529126213592
7,6,Trey Lyles,0.0,SA,CLE,-4.5,224,114.3,15,17.3,28.9,44.8,PF/C,5100,1,14.0,13.0,101,114,4%,10,11,5,28,31,20,28.9,16.9,7.7,26.2,41.3,30.8,6.0,28.8,5.64,28.4,32.5,5.6,28.6,5.619999999999999,26.333333333333332,8.666666666666666,21.660000000000004,30.333333333333332,35.29746835443038
7,7,Davis Bertans,0.0,WAS,MIA,5.0,232,113.5,10,17.8,29.5,39.0,PF,5200,1,19.0,16.0,101,107,1%,14,13,11,28,29,29,29.4,27.7,19.0,36.4,27.2,31.0,6.0,25.5,4.9,26.5,29.0,5.1,26.0,5.0,28.666666666666668,12.666666666666666,27.7,28.766666666666666,26.302325581395348
9,0,Eric Bledsoe,0.0,MIL,PHO,-7.0,229,118.0,20,8.8,20.5,32.8,PG,5400,1,25.0,18.0,104,108,2%,11,8,12,28,24,28,20.4,31.8,21.1,42.6,35.0,43.8,8.1,30.8,5.69,36.8,28.5,6.8,33.8,6.245,26.666666666666668,10.333333333333334,29.939999999999998,20.7,36.123749999999994
9,1,Matthew Dellavedova,0.0,CLE,SA,4.5,224,109.8,5,8.0,19.3,36.0,PG/SG,3200,0,15.0,7.0,102,111,3%,6,5,3,33,27,14,19.3,9.2,2.4,16.0,44.6,35.5,11.1,23.3,7.27,20.7,30.5,6.5,22.0,6.885,24.666666666666668,4.666666666666667,13.780000000000001,21.099999999999998,27.2027027027027
9,2,Aaron Gordon,0.0,ORL,HOU,8.0,231,111.5,5,24.0,42.1,57.0,PF,8200,1,21.0,15.0,106,107,7%,13,11,13,36,38,34,42.4,33.4,22.9,43.9,35.6,47.5,5.8,41.0,5.0,41.3,36.5,5.0,41.15,5.0,36.0,12.333333333333334,36.75,41.03333333333333,41.72152777777777
9,3,Bruce Brown,0.0,DET,NY,6.0,211,102.5,26,16.0,26.8,41.0,PG/SF,5000,0,17.0,12.0,101,111,-2%,8,8,8,29,31,28,26.8,23.7,13.6,33.8,37.0,30.0,6.0,18.5,3.7,23.7,28.5,4.7,21.1,4.2,29.333333333333332,8.0,23.8,27.933333333333334,20.50056818181818
9,4,Patty Mills,0.0,SA,CLE,-4.5,224,114.3,25,11.8,19.2,34.5,PG/SG,3200,1,20.0,15.0,101,114,6%,7,9,9,19,22,23,19.2,19.3,10.6,28.0,19.3,12.5,3.9,17.8,5.55,18.4,21.5,5.8,18.1,5.675,21.333333333333332,8.333333333333334,19.04,21.833333333333332,18.24140625
9,5,Marvin Williams,0.0,MIL,PHO,-7.0,229,118.0,22,2.8,11.2,19.8,PF,3000,1,10.0,11.0,104,108,0%,5,3,5,20,18,20,11.2,14.0,5.4,22.5,25.9,18.3,6.1,17.3,5.75,17.4,20.5,5.8,17.35,5.775,19.333333333333332,4.333333333333333,14.09,11.266666666666666,18.39698275862069
9,6,Rui Hachimura,0.0,WAS,MIA,5.0,232,113.5,10,17.5,26.7,35.5,PF/C,5000,1,19.0,14.0,101,107,-1%,9,9,11,31,31,30,26.6,25.6,16.4,34.8,39.5,13.5,2.7,24.5,4.9,27.6,31.5,5.5,26.05,5.2,30.666666666666668,9.666666666666666,25.890000000000004,26.566666666666666,26.75788043478261
9,7,Reggie Bullock,0.0,NY,DET,-6.0,211,108.5,13,2.0,6.8,11.3,SG/SF,3000,1,16.0,9.0,100,110,-5%,3,5,9,19,21,25,10.8,16.8,9.9,23.6,12.0,3.8,1.3,5.8,1.92,0.0,0.0,0.0,2.9,0.96,21.666666666666668,5.666666666666667,12.8,6.7,0.0
10,0,T.J. McConnell,0.0,IND,DAL,5.5,217,105.8,28,7.8,16.4,30.0,PG,4000,1,19.0,16.0,101,108,-3%,8,5,6,25,19,19,16.4,18.9,10.8,27.0,15.9,20.3,5.1,17.0,4.25,17.4,19.0,4.3,17.2,4.275,21.0,6.333333333333333,18.06,18.066666666666666,15.561904761904762
10,1,Luguentz Dort,0.0,OKC,BOS,4.0,219,107.5,1,8.5,11.5,16.3,SG/SF,3000,1,12.0,7.0,102,104,-5%,7,6,6,23,24,22,11.4,11.5,4.5,18.5,31.0,20.5,6.8,12.0,4.0,13.7,26.5,4.6,12.85,4.3,23.0,6.333333333333333,11.75,12.1,14.805434782608696
10,2,Pascal Siakam,0.0,TOR,SAC,-5.0,226,115.5,21,33.3,41.3,52.3,PF,8800,2,28.0,19.0,101,109,-9%,19,19,19,41,40,36,41.3,42.8,32.2,53.4,38.4,47.0,5.3,42.3,4.8,43.9,37.0,5.0,43.099999999999994,4.9,39.0,19.0,42.559999999999995,42.3,40.88974358974358
10,3,Solomon Hill,0.0,MIA,WAS,-5.0,232,118.5,25,4.0,7.8,11.3,SF/PF,3000,1,15.0,10.0,106,113,8%,3,3,5,12,15,18,7.9,13.8,7.4,20.2,30.1,20.0,6.7,11.0,3.67,11.4,16.0,3.8,11.2,3.735,15.0,3.6666666666666665,12.1,7.7,11.946666666666665
10,4,Austin Rivers,0.0,HOU,ORL,-8.0,231,119.5,17,4.3,15.9,36.5,PG/SG,4000,0,15.0,11.0,100,107,1%,6,7,7,25,22,24,15.8,16.1,7.7,24.5,27.9,19.0,4.8,15.0,3.75,18.1,26.0,4.5,16.55,4.125,23.666666666666668,6.666666666666667,16.130000000000003,18.900000000000002,18.18169014084507
10,5,Tony Snell,0.0,DET,NY,6.0,211,102.5,27,12.8,22.1,31.5,SF/PF,3900,0,12.0,10.0,101,111,-2%,6,6,7,32,33,28,22.1,16.2,9.4,23.0,28.6,16.8,4.3,21.5,5.51,19.6,31.5,5.0,20.55,5.255,31.0,6.333333333333333,18.25,22.133333333333336,20.881451612903227
10,6,Larry Nance Jr.,0.0,CLE,SA,4.5,224,109.8,7,11.3,28.6,53.3,PF/C,6700,0,16.0,17.0,102,111,0%,10,9,8,35,30,26,28.6,25.2,13.6,36.8,43.3,34.5,5.1,27.3,4.07,27.6,28.5,4.1,27.450000000000003,4.085,30.333333333333332,9.0,26.329999999999995,31.066666666666666,25.79093406593407
10,7,Mitchell Robinson,0.0,NY,DET,-6.0,211,108.5,30,21.5,33.7,46.0,C,5300,1,13.0,23.0,100,110,1%,7,8,6,23,27,23,33.6,24.9,15.8,34.1,27.5,37.3,7.0,26.3,4.95,29.4,24.5,5.5,27.85,5.225,24.333333333333332,7.0,27.25,33.733333333333334,28.040753424657538
11,0,J.J. Barea,0.0,DAL,IND,-5.5,217,111.3,24,8.0,10.4,14.8,PG/SG,3300,1,0.0,0.0,101,105,-2%,5,6,7,14,13,15,10.4,16.7,8.7,24.7,4.0,1.5,0.5,12.5,3.79,0.0,0.0,0.0,6.25,1.895,14.0,6.0,13.35,11.066666666666668,0.0
11,1,DeMar DeRozan,0.0,SA,CLE,-4.5,224,114.3,3,27.5,38.9,51.5,SG/SF,7300,1,27.0,22.0,101,114,8%,12,12,16,33,34,35,38.9,39.6,31.2,47.9,42.1,43.5,6.0,40.5,5.55,43.8,35.0,6.0,42.15,5.775,34.0,13.333333333333334,39.95,39.300000000000004,43.38970588235294
11,2,Pascal Siakam,0.0,TOR,SAC,-5.0,226,115.5,21,33.3,41.3,52.3,PF,8800,2,28.0,19.0,101,109,-9%,19,19,19,41,40,36,41.3,42.8,32.2,53.4,38.4,47.0,5.3,42.3,4.8,43.9,37.0,5.0,43.099999999999994,4.9,39.0,19.0,42.559999999999995,42.3,40.88974358974358
11,3,Danuel House Jr.,0.0,HOU,ORL,-8.0,231,119.5,5,5.5,18.9,32.0,SF/PF,4200,0,13.0,12.0,100,107,-1%,7,9,9,25,28,31,18.9,22.0,12.4,31.7,30.1,17.0,4.0,18.5,4.4,21.1,29.0,5.0,19.8,4.7,28.0,8.333333333333334,20.96,18.8,20.50714285714286
11,4,Dejounte Murray,0.0,SA,CLE,-4.5,224,114.3,25,17.5,28.7,40.8,PG,5500,1,21.0,17.0,101,114,6%,15,12,9,27,27,25,28.7,27.1,17.0,37.3,30.7,49.3,9.0,31.0,5.64,32.7,28.0,5.9,31.85,5.77,26.333333333333332,12.0,28.389999999999997,29.0,33.86582278481013
11,5,Rudy Gay,0.0,SA,CLE,-4.5,224,114.3,28,18.0,24.6,39.0,SF/PF,4800,1,21.0,14.0,101,114,7%,10,10,8,25,25,22,24.6,21.3,12.7,29.9,35.8,37.3,7.8,24.5,5.1,25.3,26.0,5.3,24.9,5.199999999999999,24.0,9.333333333333334,22.68,27.2,26.974999999999998
11,6,Nikola Vucevic,0.0,ORL,HOU,8.0,231,111.5,24,26.3,47.3,56.0,C,8900,1,26.0,22.0,106,107,-1%,19,19,17,38,36,33,47.0,43.7,34.5,52.9,32.7,46.0,5.2,44.0,4.94,47.6,34.5,5.3,45.8,5.12,35.666666666666664,18.333333333333332,44.779999999999994,43.199999999999996,44.30186915887851
11,7,Justin Holiday,0.0,IND,DAL,5.5,217,105.8,6,11.3,16.1,19.3,SG/SF,3500,1,13.0,13.0,101,108,-2%,8,8,7,22,23,26,20.1,19.2,11.4,26.9,22.4,18.3,5.2,16.5,4.71,16.8,23.5,4.8,16.65,4.755,23.666666666666668,7.666666666666667,18.85,15.566666666666668,16.53274647887324
12,0,Collin Sexton,0.0,CLE,SA,4.5,224,109.8,5,24.8,43.2,55.3,PG/SG,7100,0,27.0,16.0,102,111,3%,25,20,17,43,40,33,43.1,30.8,22.4,39.2,39.4,32.3,4.5,35.5,5.0,38.0,39.0,5.4,36.75,5.2,38.666666666666664,20.666666666666668,34.45,41.1,37.06681034482759
12,1,Wesley Matthews,0.0,MIL,PHO,-7.0,229,118.0,14,7.0,18.6,28.0,SG,3200,1,12.0,9.0,104,108,0%,8,9,7,26,27,25,18.6,15.2,8.1,22.4,17.6,8.0,2.5,16.0,5.0,16.7,25.5,5.2,16.35,5.1,26.0,8.0,16.130000000000003,17.866666666666667,16.035576923076924
12,2,Ersan Ilyasova,0.0,MIL,PHO,-7.0,229,118.0,22,5.3,9.4,17.3,PF/C,3000,1,16.0,16.0,104,108,0%,2,3,6,12,15,16,9.3,16.4,6.8,26.1,15.3,8.3,2.8,22.0,7.33,21.1,20.5,7.0,21.55,7.165,14.333333333333334,3.6666666666666665,16.029999999999998,10.666666666666666,30.821511627906975
12,3,Romeo Langford,0.0,BOS,OKC,-4.0,219,111.5,20,0.0,3.7,6.5,SG/SF,3000,1,0.0,0.0,101,107,-1%,2,2,2,9,10,11,3.6,5.1,-1.5,11.7,19.9,13.3,4.4,4.3,1.42,0.0,0.0,0.0,2.15,0.71,10.0,2.0,4.209999999999999,3.4,0.0
12,4,DeMar DeRozan,0.0,SA,CLE,-4.5,224,114.3,3,27.5,38.9,51.5,SG/SF,7300,1,27.0,22.0,101,114,8%,12,12,16,33,34,35,38.9,39.6,31.2,47.9,42.1,43.5,6.0,40.5,5.55,43.8,35.0,6.0,42.15,5.775,34.0,13.333333333333334,39.95,39.300000000000004,43.38970588235294
12,5,Pascal Siakam,0.0,TOR,SAC,-5.0,226,115.5,21,33.3,41.3,52.3,PF,8800,2,28.0,19.0,101,109,-9%,19,19,19,41,40,36,41.3,42.8,32.2,53.4,38.4,47.0,5.3,42.3,4.8,43.9,37.0,5.0,43.099999999999994,4.9,39.0,19.0,42.559999999999995,42.3,40.88974358974358
12,6,Serge Ibaka,0.0,TOR,SAC,-5.0,226,115.5,6,11.8,31.8,46.8,C,6000,2,23.0,18.0,101,109,-9%,13,13,13,29,29,28,31.8,31.2,21.9,40.6,35.8,40.0,6.7,29.3,4.88,32.3,28.0,5.4,30.799999999999997,5.140000000000001,28.666666666666668,13.0,31.26,30.133333333333336,30.083720930232552
12,7,Wes Iwundu,0.0,ORL,HOU,8.0,231,111.5,30,3.0,12.5,20.0,SF,3000,1,13.0,10.0,106,107,8%,6,4,4,19,18,18,13.1,11.7,5.4,18.0,18.1,15.5,5.2,14.3,4.75,15.0,22.5,5.0,14.65,4.875,18.333333333333332,4.666666666666667,12.569999999999999,11.833333333333334,17.979545454545455
13,0,Collin Sexton,0.0,CLE,SA,4.5,224,109.8,5,24.8,43.2,55.3,PG/SG,7100,0,27.0,16.0,102,111,3%,25,20,17,43,40,33,43.1,30.8,22.4,39.2,39.4,32.3,4.5,35.5,5.0,38.0,39.0,5.4,36.75,5.2,38.666666666666664,20.666666666666668,34.45,41.1,37.06681034482759
13,1,Wayne Ellington,0.0,NY,DET,-6.0,211,108.5,13,2.0,12.4,28.3,SG/SF,3000,1,15.0,9.0,100,110,-7%,5,5,5,19,16,17,12.4,11.0,3.3,18.8,22.5,15.8,5.3,13.5,4.5,12.0,17.0,4.0,12.75,4.25,17.333333333333332,5.0,11.65,14.233333333333334,12.504807692307693
13,2,Justin Jackson,0.0,DAL,IND,-5.5,217,111.3,2,4.0,13.1,24.0,SF/PF,3100,1,16.0,10.0,101,105,-13%,6,5,6,20,18,16,13.1,10.9,4.3,17.5,18.9,26.0,8.4,10.8,3.47,14.4,22.5,4.6,12.600000000000001,4.035,18.0,5.666666666666667,11.68,13.700000000000001,15.750000000000002
13,3,Tony Snell,0.0,DET,NY,6.0,211,102.5,27,12.8,22.1,31.5,SF/PF,3900,0,12.0,10.0,101,111,-2%,6,6,7,32,33,28,22.1,16.2,9.4,23.0,28.6,16.8,4.3,21.5,5.51,19.6,31.5,5.0,20.55,5.255,31.0,6.333333333333333,18.25,22.133333333333336,20.881451612903227
13,4,Ty Jerome,0.0,PHO,MIL,7.0,229,111.0,6,-0.5,3.7,8.0,PG/SG,3000,1,0.0,0.0,107,99,-2%,2,3,4,8,8,11,3.6,9.0,1.1,16.9,14.0,8.5,2.8,10.3,3.42,10.4,13.0,3.5,10.350000000000001,3.46,9.0,3.0,8.190000000000001,3.733333333333333,14.950000000000001
13,5,Nemanja Bjelica,0.0,SAC,TOR,5.0,226,110.5,17,15.8,22.9,35.8,PF,5400,0,18.0,16.0,103,102,5%,8,9,10,26,28,29,22.4,27.9,17.8,37.9,29.9,33.0,6.1,25.5,4.72,25.3,26.5,4.7,25.4,4.71,27.666666666666668,9.0,26.279999999999994,24.833333333333332,24.3289156626506
13,6,Nerlens Noel,0.0,OKC,BOS,4.0,219,107.5,10,9.8,17.9,26.3,C,3400,1,15.0,22.0,102,104,-7%,6,4,5,17,16,19,17.9,20.9,12.9,28.9,21.6,14.8,4.4,18.5,5.44,17.9,18.0,5.3,18.2,5.37,17.333333333333332,5.0,19.759999999999998,18.0,18.900000000000002
13,7,DeMar DeRozan,0.0,SA,CLE,-4.5,224,114.3,3,27.5,38.9,51.5,SG/SF,7300,1,27.0,22.0,101,114,8%,12,12,16,33,34,35,38.9,39.6,31.2,47.9,42.1,43.5,6.0,40.5,5.55,43.8,35.0,6.0,42.15,5.775,34.0,13.333333333333334,39.95,39.300000000000004,43.38970588235294
14,0,Michael Carter-Williams,0.0,ORL,HOU,8.0,231,111.5,7,13.5,20.2,28.5,PG/SG,3800,1,19.0,15.0,106,107,0%,8,6,6,20,20,19,20.1,17.9,10.3,25.5,27.0,27.0,7.1,18.0,4.74,19.6,20.0,5.2,18.8,4.970000000000001,19.666666666666668,6.666666666666667,18.52,20.733333333333334,19.11864406779661
14,1,Bradley Beal,0.0,WAS,MIA,5.0,232,113.5,19,48.5,57.2,70.8,SG/SF,10300,1,34.0,23.0,101,107,-1%,25,26,23,38,38,37,57.2,49.2,37.9,60.6,35.9,39.8,3.9,50.5,4.9,51.9,38.0,5.0,51.2,4.95,37.666666666666664,24.666666666666668,51.220000000000006,58.833333333333336,51.65309734513275
14,2,Danuel House Jr.,0.0,HOU,ORL,-8.0,231,119.5,5,5.5,18.9,32.0,SF/PF,4200,0,13.0,12.0,100,107,-1%,7,9,9,25,28,31,18.9,22.0,12.4,31.7,30.1,17.0,4.0,18.5,4.4,21.1,29.0,5.0,19.8,4.7,28.0,8.333333333333334,20.96,18.8,20.50714285714286
14,3,Moe Harkless,0.0,NY,DET,-6.0,211,108.5,14,6.5,18.2,30.3,SF/PF,3300,1,10.0,10.0,100,110,-5%,4,7,5,20,24,24,18.1,15.4,8.0,22.7,16.9,4.3,1.3,15.5,4.7,15.5,23.5,4.7,15.5,4.7,22.666666666666668,5.333333333333333,15.940000000000001,18.333333333333332,16.06985294117647
14,4,Matt Thomas,0.0,TOR,SAC,-5.0,226,115.5,23,2.8,6.2,16.0,SG,3000,2,0.0,0.0,101,109,-1%,2,3,3,7,8,10,6.2,7.9,0.7,15.1,4.3,2.3,0.8,12.8,4.25,0.0,0.0,0.0,6.4,2.125,8.333333333333334,2.6666666666666665,7.260000000000001,8.333333333333334,0.0
14,5,Khris Middleton,0.0,MIL,PHO,-7.0,229,118.0,26,23.3,35.7,59.8,SF,6500,1,26.0,21.0,104,108,1%,18,19,15,33,33,31,35.6,37.5,27.0,48.1,35.1,47.0,7.2,46.5,7.15,46.6,33.5,7.2,46.55,7.175000000000001,32.333333333333336,17.333333333333332,38.95,39.6,48.229639175257724
14,6,Jeff Green,0.0,HOU,ORL,-8.0,231,119.5,26,8.3,21.4,40.5,PF/C,3100,0,16.0,12.0,100,107,-4%,13,8,7,25,20,19,21.4,15.0,7.3,22.7,26.6,26.3,8.5,14.8,4.76,15.2,20.0,4.9,15.0,4.83,21.333333333333332,9.333333333333334,16.279999999999998,23.400000000000002,14.0625
14,7,Rui Hachimura,0.0,WAS,MIA,5.0,232,113.5,10,17.5,26.7,35.5,PF/C,5000,1,19.0,14.0,101,107,-1%,9,9,11,31,31,30,26.6,25.6,16.4,34.8,39.5,13.5,2.7,24.5,4.9,27.6,31.5,5.5,26.05,5.2,30.666666666666668,9.666666666666666,25.890000000000004,26.566666666666666,26.75788043478261
15,0,Matthew Dellavedova,0.0,CLE,SA,4.5,224,109.8,5,8.0,19.3,36.0,PG/SG,3200,0,15.0,7.0,102,111,3%,6,5,3,33,27,14,19.3,9.2,2.4,16.0,44.6,35.5,11.1,23.3,7.27,20.7,30.5,6.5,22.0,6.885,24.666666666666668,4.666666666666667,13.780000000000001,21.099999999999998,27.2027027027027
15,1,Aaron Holiday,0.0,IND,DAL,5.5,217,105.8,28,7.5,15.3,24.3,PG/SG,4300,1,20.0,12.0,101,108,-3%,6,5,9,30,25,24,15.3,20.4,9.7,31.1,32.5,12.8,3.0,28.0,6.51,26.8,32.5,6.2,27.4,6.355,26.333333333333332,6.666666666666667,20.78,15.700000000000001,33.81645569620253
15,2,Abdel Nader,0.0,OKC,BOS,4.0,219,107.5,23,11.0,15.9,21.5,PF,3000,1,16.0,11.0,102,104,-5%,7,6,5,18,19,15,15.9,10.7,3.6,17.8,17.5,18.3,6.1,13.8,4.58,13.6,20.5,4.5,13.7,4.54,17.333333333333332,6.0,12.34,16.133333333333333,16.202884615384615
15,3,Svi Mykhailiuk,0.0,DET,NY,6.0,211,102.5,22,10.0,21.3,26.0,SG/SF,4000,0,17.0,11.0,101,111,1%,11,11,7,24,27,23,21.3,15.8,6.9,24.8,26.3,24.8,6.2,19.5,4.88,18.0,25.5,4.5,18.75,4.6899999999999995,24.666666666666668,9.666666666666666,17.51,19.099999999999998,19.383445945945944
15,4,Bryn Forbes,0.0,SA,CLE,-4.5,224,114.3,25,11.5,14.9,19.5,PG/SG,3200,1,18.0,11.0,101,114,8%,7,8,9,22,23,25,14.9,18.2,10.2,26.3,31.7,23.3,7.3,18.0,5.63,21.1,26.5,6.6,19.55,6.115,23.333333333333332,8.0,17.830000000000002,15.299999999999999,22.20321428571429
15,5,Bobby Portis,0.0,NY,DET,-6.0,211,108.5,20,8.3,21.1,29.0,PF/C,4300,1,21.0,15.0,100,110,4%,13,10,9,29,23,22,21.1,20.7,11.2,30.2,19.3,16.3,3.8,23.5,5.47,24.0,23.0,5.6,23.75,5.535,24.666666666666668,10.666666666666666,21.39,19.46666666666667,22.14527027027027
15,6,Goga Bitadze,0.0,IND,DAL,5.5,217,105.8,8,0.0,7.9,14.5,C,3000,1,18.0,12.0,101,108,-3%,5,3,3,8,7,9,7.8,7.6,0.1,15.2,1.9,1.3,0.4,6.0,2.0,0.0,0.0,0.0,3.0,1.0,8.0,3.6666666666666665,6.74,7.466666666666666,0.0
15,7,Buddy Hield,0.0,SAC,TOR,5.0,226,110.5,15,24.5,30.8,36.3,SG/SF,5400,0,27.0,16.0,103,102,-1%,15,15,17,26,25,32,30.8,34.2,23.8,44.6,23.6,21.3,3.9,26.8,4.95,28.3,25.5,5.2,27.55,5.075,27.666666666666668,15.666666666666666,32.190000000000005,30.53333333333333,25.392469879518075
16,0,De'Aaron Fox,0.0,SAC,TOR,5.0,226,110.5,16,38.3,40.7,42.5,PG,7700,0,31.0,20.0,103,102,-3%,14,16,16,32,32,32,40.7,39.4,29.2,49.6,30.7,38.5,5.0,38.0,4.94,40.2,32.5,5.2,39.1,5.07,32.0,15.333333333333334,39.599999999999994,40.5,39.7109375
16,1,Dennis Schroder,0.0,OKC,BOS,4.0,219,107.5,30,10.8,27.4,40.3,PG/SG,5500,1,27.0,17.0,102,104,-5%,15,15,15,30,31,31,31.6,31.5,22.1,40.8,34.1,43.0,7.8,32.0,5.82,30.8,31.5,5.6,31.4,5.71,30.666666666666668,15.0,31.48,26.166666666666668,32.25326086956522
16,2,Jayson Tatum,0.0,BOS,OKC,-4.0,219,111.5,20,34.8,52.2,64.8,SF/PF,9500,1,28.0,20.0,101,107,-2%,22,22,19,36,38,35,52.5,42.2,31.0,53.3,38.1,35.8,3.8,47.0,4.95,47.2,36.5,5.0,47.1,4.975,36.333333333333336,21.0,45.22,50.6,47.31605504587156
16,3,Reggie Bullock,0.0,NY,DET,-6.0,211,108.5,13,2.0,6.8,11.3,SG/SF,3000,1,16.0,9.0,100,110,-5%,3,5,9,19,21,25,10.8,16.8,9.9,23.6,12.0,3.8,1.3,5.8,1.92,0.0,0.0,0.0,2.9,0.96,21.666666666666668,5.666666666666667,12.8,6.7,0.0
16,4,Kemba Walker,0.0,BOS,OKC,-4.0,219,111.5,2,26.0,31.9,42.3,PG,7400,1,29.0,21.0,101,107,-1%,17,17,17,25,31,33,31.9,38.8,27.4,50.2,30.7,33.0,4.5,35.0,4.73,35.2,30.0,4.8,35.1,4.765000000000001,29.666666666666668,17.0,36.67999999999999,33.4,35.49438202247191
16,5,Jimmy Butler,0.0,MIA,WAS,-5.0,232,118.5,25,36.3,40.3,53.0,SG/SF,8100,1,26.0,24.0,106,113,6%,13,14,14,36,35,35,40.3,42.7,33.4,52.0,24.4,10.5,1.3,43.0,5.31,44.5,35.0,5.5,43.75,5.404999999999999,35.333333333333336,13.666666666666666,42.43,43.199999999999996,43.3372641509434
16,6,Ersan Ilyasova,0.0,MIL,PHO,-7.0,229,118.0,22,5.3,9.4,17.3,PF/C,3000,1,16.0,16.0,104,108,0%,2,3,6,12,15,16,9.3,16.4,6.8,26.1,15.3,8.3,2.8,22.0,7.33,21.1,20.5,7.0,21.55,7.165,14.333333333333334,3.6666666666666665,16.029999999999998,10.666666666666666,30.821511627906975
16,7,Duncan Robinson,0.0,MIA,WAS,-5.0,232,118.5,25,14.3,28.1,38.8,SG/SF,5100,1,15.0,13.0,106,113,6%,13,10,10,38,35,31,28.1,22.7,14.0,31.4,38.8,42.8,8.4,27.3,5.34,27.7,35.5,5.4,27.5,5.37,34.666666666666664,11.0,24.74,27.066666666666666,28.161057692307693
18,0,Ricky Rubio,0.0,PHO,MIL,7.0,229,111.0,6,19.3,38.2,48.5,PG,6900,1,22.0,16.0,107,99,-2%,11,10,11,34,32,32,38.1,35.6,24.0,47.2,37.7,72.3,10.5,36.3,5.25,38.1,33.5,5.5,37.2,5.375,32.666666666666664,10.666666666666666,36.42,35.333333333333336,38.148979591836735
18,1,Matthew Dellavedova,0.0,CLE,SA,4.5,224,109.8,5,8.0,19.3,36.0,PG/SG,3200,0,15.0,7.0,102,111,3%,6,5,3,33,27,14,19.3,9.2,2.4,16.0,44.6,35.5,11.1,23.3,7.27,20.7,30.5,6.5,22.0,6.885,24.666666666666668,4.666666666666667,13.780000000000001,21.099999999999998,27.2027027027027
18,2,Davis Bertans,0.0,WAS,MIA,5.0,232,113.5,10,17.8,29.5,39.0,PF,5200,1,19.0,16.0,101,107,1%,14,13,11,28,29,29,29.4,27.7,19.0,36.4,27.2,31.0,6.0,25.5,4.9,26.5,29.0,5.1,26.0,5.0,28.666666666666668,12.666666666666666,27.7,28.766666666666666,26.302325581395348
18,3,OG Anunoby,0.0,TOR,SAC,-5.0,226,115.5,9,26.5,38.3,60.8,SF/PF,6100,2,14.0,13.0,101,109,2%,10,11,9,37,37,31,38.3,25.0,12.5,37.6,38.8,16.5,2.7,24.0,3.93,29.3,35.0,4.8,26.65,4.365,35.0,10.0,28.01,41.86666666666667,26.65
18,4,Cory Joseph,0.0,SAC,TOR,5.0,226,110.5,16,6.3,13.4,27.5,PG,3000,0,14.0,10.0,103,102,-3%,3,4,6,18,19,24,13.4,16.5,8.4,24.6,17.4,20.3,6.8,13.8,4.58,12.3,17.0,4.1,13.05,4.34,20.333333333333332,4.333333333333333,15.190000000000001,15.733333333333334,10.91065573770492
18,5,Aaron Gordon,0.0,ORL,HOU,8.0,231,111.5,5,24.0,42.1,57.0,PF,8200,1,21.0,15.0,106,107,7%,13,11,13,36,38,34,42.4,33.4,22.9,43.9,35.6,47.5,5.8,41.0,5.0,41.3,36.5,5.0,41.15,5.0,36.0,12.333333333333334,36.75,41.03333333333333,41.72152777777777
18,6,Taj Gibson,0.0,NY,DET,-6.0,211,108.5,30,2.3,16.9,31.5,C,3200,1,15.0,16.0,100,110,4%,5,6,5,13,17,17,16.9,14.4,6.8,22.0,16.6,5.8,1.8,15.8,4.92,13.2,14.5,4.1,14.5,4.51,15.666666666666666,5.333333333333333,14.919999999999998,16.900000000000002,13.420212765957448
18,7,Kemba Walker,0.0,BOS,OKC,-4.0,219,111.5,2,26.0,31.9,42.3,PG,7400,1,29.0,21.0,101,107,-1%,17,17,17,25,31,33,31.9,38.8,27.4,50.2,30.7,33.0,4.5,35.0,4.73,35.2,30.0,4.8,35.1,4.765000000000001,29.666666666666668,17.0,36.67999999999999,33.4,35.49438202247191
19,0,Bryn Forbes,0.0,SA,CLE,-4.5,224,114.3,25,11.5,14.9,19.5,PG/SG,3200,1,18.0,11.0,101,114,8%,7,8,9,22,23,25,14.9,18.2,10.2,26.3,31.7,23.3,7.3,18.0,5.63,21.1,26.5,6.6,19.55,6.115,23.333333333333332,8.0,17.830000000000002,15.299999999999999,22.20321428571429
19,1,Svi Mykhailiuk,0.0,DET,NY,6.0,211,102.5,22,10.0,21.3,26.0,SG/SF,4000,0,17.0,11.0,101,111,1%,11,11,7,24,27,23,21.3,15.8,6.9,24.8,26.3,24.8,6.2,19.5,4.88,18.0,25.5,4.5,18.75,4.6899999999999995,24.666666666666668,9.666666666666666,17.51,19.099999999999998,19.383445945945944
19,2,Harrison Barnes,0.0,SAC,TOR,5.0,226,110.5,16,15.5,25.6,30.5,SF/PF,4900,0,17.0,13.0,103,102,3%,12,9,11,37,35,35,25.6,26.5,17.5,35.4,34.0,24.3,5.0,26.5,5.41,27.8,35.0,5.7,27.15,5.555,35.666666666666664,10.666666666666666,26.43,23.866666666666664,26.64252336448598
19,3,Hamidou Diallo,0.0,OKC,BOS,4.0,219,107.5,1,5.0,10.4,19.5,SG/SF,3100,1,17.0,9.0,102,104,-1%,8,5,6,23,16,19,10.9,13.0,5.6,20.4,17.6,5.8,1.9,12.3,3.95,11.0,16.0,3.5,11.65,3.725,19.333333333333332,6.333333333333333,12.309999999999999,11.633333333333333,9.641379310344828
19,4,Langston Galloway,0.0,DET,NY,6.0,211,102.5,22,11.8,17.6,24.8,SG,3300,0,16.0,12.0,101,111,-2%,9,9,8,27,25,26,17.6,17.9,11.1,24.8,23.7,18.8,5.7,15.8,4.77,15.5,24.0,4.7,15.65,4.734999999999999,26.0,8.666666666666666,17.41,18.066666666666666,14.446153846153845
19,5,Bradley Beal,0.0,WAS,MIA,5.0,232,113.5,19,48.5,57.2,70.8,SG/SF,10300,1,34.0,23.0,101,107,-1%,25,26,23,38,38,37,57.2,49.2,37.9,60.6,35.9,39.8,3.9,50.5,4.9,51.9,38.0,5.0,51.2,4.95,37.666666666666664,24.666666666666668,51.220000000000006,58.833333333333336,51.65309734513275
19,6,Robert Williams,0.0,BOS,OKC,-4.0,219,111.5,11,0.0,0.0,0.0,C,3100,1,0.0,0.0,101,107,-10%,4,3,3,15,14,14,15.6,15.3,8.2,22.5,13.8,17.8,5.7,12.5,4.03,13.9,14.0,4.5,13.2,4.265000000000001,14.333333333333334,3.3333333333333335,14.959999999999999,0.0,12.893023255813953
19,7,Cory Joseph,0.0,SAC,TOR,5.0,226,110.5,16,6.3,13.4,27.5,PG,3000,0,14.0,10.0,103,102,-3%,3,4,6,18,19,24,13.4,16.5,8.4,24.6,17.4,20.3,6.8,13.8,4.58,12.3,17.0,4.1,13.05,4.34,20.333333333333332,4.333333333333333,15.190000000000001,15.733333333333334,10.91065573770492
20,0,Chris Paul,0.0,OKC,BOS,4.0,219,107.5,30,28.5,36.3,51.8,PG,7500,1,24.0,22.0,102,104,-5%,12,12,13,32,31,32,36.3,37.5,28.6,46.4,37.5,48.0,6.4,36.0,4.8,36.9,32.5,4.9,36.45,4.85,31.666666666666668,12.333333333333334,37.05,38.86666666666667,37.40921052631579
20,1,Wayne Ellington,0.0,NY,DET,-6.0,211,108.5,13,2.0,12.4,28.3,SG/SF,3000,1,15.0,9.0,100,110,-7%,5,5,5,19,16,17,12.4,11.0,3.3,18.8,22.5,15.8,5.3,13.5,4.5,12.0,17.0,4.0,12.75,4.25,17.333333333333332,5.0,11.65,14.233333333333334,12.504807692307693
20,2,Kevin Love,0.0,CLE,SA,4.5,224,109.8,7,24.8,42.0,55.0,PF,7800,0,23.0,18.0,102,111,0%,17,14,13,37,34,32,42.0,37.8,26.3,49.3,40.1,41.0,5.3,38.3,4.9,40.3,33.0,5.2,39.3,5.050000000000001,34.333333333333336,14.666666666666666,38.94,40.6,37.773786407766984
20,3,Justin Jackson,0.0,DAL,IND,-5.5,217,111.3,2,4.0,13.1,24.0,SF/PF,3100,1,16.0,10.0,101,105,-13%,6,5,6,20,18,16,13.1,10.9,4.3,17.5,18.9,26.0,8.4,10.8,3.47,14.4,22.5,4.6,12.600000000000001,4.035,18.0,5.666666666666667,11.68,13.700000000000001,15.750000000000002
20,4,Marcus Smart,0.0,BOS,OKC,-4.0,219,111.5,2,26.0,41.8,51.8,PG/SG,6600,1,20.0,14.0,101,107,-1%,19,18,12,35,38,33,41.6,30.6,19.7,41.5,37.8,38.5,5.8,29.3,4.43,32.2,35.0,4.9,30.75,4.665,35.333333333333336,16.333333333333332,32.83,39.86666666666667,30.459905660377355
20,5,Abdel Nader,0.0,OKC,BOS,4.0,219,107.5,23,11.0,15.9,21.5,PF,3000,1,16.0,11.0,102,104,-5%,7,6,5,18,19,15,15.9,10.7,3.6,17.8,17.5,18.3,6.1,13.8,4.58,13.6,20.5,4.5,13.7,4.54,17.333333333333332,6.0,12.34,16.133333333333333,16.202884615384615
20,6,Mo Bamba,0.0,ORL,HOU,8.0,231,111.5,24,2.5,13.7,21.5,C,3200,1,17.0,18.0,106,107,-1%,5,5,5,12,14,15,23.6,16.9,9.4,24.4,13.7,12.8,4.0,15.0,4.69,11.6,10.0,3.6,13.3,4.1450000000000005,13.666666666666666,5.0,17.520000000000003,12.566666666666668,9.731707317073171
20,7,Moritz Wagner,0.0,WAS,MIA,5.0,232,113.5,10,3.8,12.0,25.3,PF/C,3500,1,19.0,17.0,101,107,-1%,6,3,7,19,15,19,12.7,20.6,10.7,30.5,18.2,10.5,3.0,15.5,4.43,17.4,18.5,5.0,16.45,4.715,17.666666666666668,5.333333333333333,18.19,13.700000000000001,17.225943396226413
21,0,Cory Joseph,0.0,SAC,TOR,5.0,226,110.5,16,6.3,13.4,27.5,PG,3000,0,14.0,10.0,103,102,-3%,3,4,6,18,19,24,13.4,16.5,8.4,24.6,17.4,20.3,6.8,13.8,4.58,12.3,17.0,4.1,13.05,4.34,20.333333333333332,4.333333333333333,15.190000000000001,15.733333333333334,10.91065573770492
21,1,Kyle Korver,0.0,MIL,PHO,-7.0,229,118.0,14,3.0,10.6,15.5,SG/SF,3000,1,15.0,10.0,104,108,0%,4,6,5,14,15,17,10.6,12.7,6.4,18.9,13.6,17.3,5.8,10.3,3.42,10.5,12.5,3.5,10.4,3.46,15.333333333333334,5.0,11.799999999999999,9.700000000000001,8.478260869565217
21,2,Rudy Gay,0.0,SA,CLE,-4.5,224,114.3,28,18.0,24.6,39.0,SF/PF,4800,1,21.0,14.0,101,114,7%,10,10,8,25,25,22,24.6,21.3,12.7,29.9,35.8,37.3,7.8,24.5,5.1,25.3,26.0,5.3,24.9,5.199999999999999,24.0,9.333333333333334,22.68,27.2,26.974999999999998
21,3,Buddy Hield,0.0,SAC,TOR,5.0,226,110.5,15,24.5,30.8,36.3,SG/SF,5400,0,27.0,16.0,103,102,-1%,15,15,17,26,25,32,30.8,34.2,23.8,44.6,23.6,21.3,3.9,26.8,4.95,28.3,25.5,5.2,27.55,5.075,27.666666666666668,15.666666666666666,32.190000000000005,30.53333333333333,25.392469879518075
21,4,Austin Rivers,0.0,HOU,ORL,-8.0,231,119.5,17,4.3,15.9,36.5,PG/SG,4000,0,15.0,11.0,100,107,1%,6,7,7,25,22,24,15.8,16.1,7.7,24.5,27.9,19.0,4.8,15.0,3.75,18.1,26.0,4.5,16.55,4.125,23.666666666666668,6.666666666666667,16.130000000000003,18.900000000000002,18.18169014084507
21,5,Andre Iguodala,0.0,MIA,WAS,-5.0,232,118.5,25,9.3,16.3,33.3,SG/SF,3300,1,0.0,0.0,106,113,8%,6,4,4,20,16,19,16.3,15.5,8.1,23.0,19.3,8.3,2.5,18.0,5.45,16.5,21.0,5.0,17.25,5.225,18.333333333333332,4.666666666666667,16.03,19.633333333333333,19.759090909090908
21,6,Robert Covington,0.0,HOU,ORL,-8.0,231,119.5,26,21.8,37.0,49.8,PF/C,6300,0,15.0,14.0,100,107,-4%,10,11,11,33,34,31,37.0,29.5,20.6,38.3,25.5,21.0,3.3,31.3,4.96,35.4,34.0,5.6,33.35,5.279999999999999,32.666666666666664,10.666666666666666,31.75,36.199999999999996,34.711224489795924
21,7,Enes Kanter,0.0,BOS,OKC,-4.0,219,111.5,11,4.8,16.4,27.3,C,3400,1,19.0,22.0,101,107,-1%,6,5,7,15,16,19,17.1,22.9,12.4,33.4,5.9,5.5,1.6,10.8,3.16,0.0,0.0,0.0,5.4,1.58,16.666666666666668,6.0,18.240000000000002,16.166666666666668,0.0
22,0,Elfrid Payton,0.0,NY,DET,-6.0,211,108.5,23,17.3,33.5,45.0,PG,6200,1,22.0,16.0,100,110,4%,13,10,10,29,29,29,33.5,30.9,20.1,41.6,30.6,32.3,5.2,30.8,4.96,31.6,28.5,5.1,31.200000000000003,5.029999999999999,29.0,11.0,31.46,31.933333333333334,30.662068965517246
22,1,Kyle Korver,0.0,MIL,PHO,-7.0,229,118.0,14,3.0,10.6,15.5,SG/SF,3000,1,15.0,10.0,104,108,0%,4,6,5,14,15,17,10.6,12.7,6.4,18.9,13.6,17.3,5.8,10.3,3.42,10.5,12.5,3.5,10.4,3.46,15.333333333333334,5.0,11.799999999999999,9.700000000000001,8.478260869565217
22,2,Kelly Olynyk,0.0,MIA,WAS,-5.0,232,118.5,4,8.3,20.4,36.3,PF/C,3400,1,17.0,15.0,106,113,4%,4,5,6,13,14,19,20.4,18.5,7.9,29.1,9.6,6.8,2.0,16.0,4.71,15.0,15.0,4.4,15.5,4.555,15.333333333333334,5.0,18.28,21.666666666666668,15.163043478260871
22,3,Sekou Doumbouya,0.0,DET,NY,6.0,211,102.5,27,3.5,9.3,13.8,SF/PF,3000,0,16.0,6.0,101,111,8%,5,5,6,16,17,20,9.3,12.8,3.1,22.4,15.8,8.8,2.9,11.0,3.67,10.4,16.0,3.5,10.7,3.585,17.666666666666668,5.333333333333333,11.66,8.866666666666667,9.690566037735847
22,4,Goran Dragic,0.0,MIA,WAS,-5.0,232,118.5,8,19.8,32.5,44.0,PG,5600,1,26.0,16.0,106,113,6%,15,15,13,29,30,29,32.5,29.9,21.3,38.5,23.4,20.0,3.6,31.5,5.63,30.5,28.5,5.4,31.0,5.515000000000001,29.333333333333332,14.333333333333334,30.639999999999997,32.1,30.119318181818183
22,5,DeMar DeRozan,0.0,SA,CLE,-4.5,224,114.3,3,27.5,38.9,51.5,SG/SF,7300,1,27.0,22.0,101,114,8%,12,12,16,33,34,35,38.9,39.6,31.2,47.9,42.1,43.5,6.0,40.5,5.55,43.8,35.0,6.0,42.15,5.775,34.0,13.333333333333334,39.95,39.300000000000004,43.38970588235294
22,6,Julius Randle,0.0,NY,DET,-6.0,211,108.5,20,20.5,40.8,52.0,PF/C,7200,1,28.0,17.0,100,110,4%,16,16,16,30,32,33,40.8,38.5,29.1,47.8,32.6,45.5,6.3,36.0,5.0,40.8,32.0,5.7,38.4,5.35,31.666666666666668,16.0,38.92,37.766666666666666,38.804210526315785
22,7,Kemba Walker,0.0,BOS,OKC,-4.0,219,111.5,2,26.0,31.9,42.3,PG,7400,1,29.0,21.0,101,107,-1%,17,17,17,25,31,33,31.9,38.8,27.4,50.2,30.7,33.0,4.5,35.0,4.73,35.2,30.0,4.8,35.1,4.765000000000001,29.666666666666668,17.0,36.67999999999999,33.4,35.49438202247191
23,0,Kyle Lowry,0.0,TOR,SAC,-5.0,226,115.5,13,24.5,40.8,53.3,PG,8600,2,24.0,18.0,101,109,-1%,17,15,15,35,38,37,40.8,41.7,31.7,51.7,35.7,56.3,6.5,38.0,4.42,41.4,35.0,4.8,39.7,4.609999999999999,36.666666666666664,15.666666666666666,41.11999999999999,39.53333333333333,37.895454545454555
23,1,Dennis Schroder,0.0,OKC,BOS,4.0,219,107.5,30,10.8,27.4,40.3,PG/SG,5500,1,27.0,17.0,102,104,-5%,15,15,15,30,31,31,31.6,31.5,22.1,40.8,34.1,43.0,7.8,32.0,5.82,30.8,31.5,5.6,31.4,5.71,30.666666666666668,15.0,31.48,26.166666666666668,32.25326086956522
23,2,Rudy Gay,0.0,SA,CLE,-4.5,224,114.3,28,18.0,24.6,39.0,SF/PF,4800,1,21.0,14.0,101,114,7%,10,10,8,25,25,22,24.6,21.3,12.7,29.9,35.8,37.3,7.8,24.5,5.1,25.3,26.0,5.3,24.9,5.199999999999999,24.0,9.333333333333334,22.68,27.2,26.974999999999998
23,3,Isaac Bonga,0.0,WAS,MIA,5.0,232,113.5,4,2.0,9.6,18.8,SF/PF,3000,1,11.0,11.0,101,107,-8%,4,3,3,20,17,18,9.6,12.5,5.1,19.8,15.4,5.5,1.8,13.5,4.5,16.9,25.5,5.6,15.2,5.05,18.333333333333332,3.3333333333333335,12.440000000000001,10.133333333333333,21.14181818181818
23,4,Edmond Sumner,0.0,IND,DAL,5.5,217,105.8,6,2.0,9.2,25.3,SG/SF,3100,1,0.0,0.0,101,108,-3%,7,5,4,15,11,13,9.3,10.3,2.4,18.1,19.1,11.8,3.8,9.0,2.9,9.0,12.5,2.9,9.0,2.9,13.0,5.333333333333333,9.82,12.166666666666666,8.653846153846153
23,5,Alfonzo McKinnie,0.0,CLE,SA,4.5,224,109.8,15,5.3,10.1,13.3,SF/PF,3000,0,15.0,8.0,102,111,3%,5,6,4,15,17,15,10.1,9.7,2.1,17.3,19.3,20.3,6.8,12.8,4.25,14.0,21.5,4.7,13.4,4.475,15.666666666666666,5.0,10.52,9.566666666666666,18.38936170212766
23,6,Thon Maker,0.0,DET,NY,6.0,211,102.5,1,1.5,9.8,19.0,PF/C,3100,0,16.0,14.0,101,111,-5%,4,3,3,11,10,13,9.8,10.9,2.0,19.9,27.6,17.5,5.6,8.3,2.66,0.0,0.0,0.0,4.15,1.33,11.333333333333334,3.3333333333333335,9.35,10.1,0.0
23,7,Justin Jackson,0.0,DAL,IND,-5.5,217,111.3,2,4.0,13.1,24.0,SF/PF,3100,1,16.0,10.0,101,105,-13%,6,5,6,20,18,16,13.1,10.9,4.3,17.5,18.9,26.0,8.4,10.8,3.47,14.4,22.5,4.6,12.600000000000001,4.035,18.0,5.666666666666667,11.68,13.700000000000001,15.750000000000002
24,0,Kyle Lowry,0.0,TOR,SAC,-5.0,226,115.5,13,24.5,40.8,53.3,PG,8600,2,24.0,18.0,101,109,-1%,17,15,15,35,38,37,40.8,41.7,31.7,51.7,35.7,56.3,6.5,38.0,4.42,41.4,35.0,4.8,39.7,4.609999999999999,36.666666666666664,15.666666666666666,41.11999999999999,39.53333333333333,37.895454545454555
24,1,Jevon Carter,0.0,PHO,MIL,7.0,229,111.0,6,1.5,9.4,14.3,PG/SG,3000,1,14.0,10.0,107,99,-2%,7,5,4,18,17,15,9.0,10.7,3.3,18.0,32.4,21.0,7.0,13.5,4.5,11.7,16.0,3.9,12.6,4.2,16.666666666666668,5.333333333333333,10.72,8.4,12.095999999999998
24,2,OG Anunoby,0.0,TOR,SAC,-5.0,226,115.5,9,26.5,38.3,60.8,SF/PF,6100,2,14.0,13.0,101,109,2%,10,11,9,37,37,31,38.3,25.0,12.5,37.6,38.8,16.5,2.7,24.0,3.93,29.3,35.0,4.8,26.65,4.365,35.0,10.0,28.01,41.86666666666667,26.65
24,3,Hamidou Diallo,0.0,OKC,BOS,4.0,219,107.5,1,5.0,10.4,19.5,SG/SF,3100,1,17.0,9.0,102,104,-1%,8,5,6,23,16,19,10.9,13.0,5.6,20.4,17.6,5.8,1.9,12.3,3.95,11.0,16.0,3.5,11.65,3.725,19.333333333333332,6.333333333333333,12.309999999999999,11.633333333333333,9.641379310344828
24,4,Russell Westbrook,0.0,HOU,ORL,-8.0,231,119.5,17,39.3,54.2,62.3,PG,10000,0,35.0,22.0,100,107,1%,23,25,23,35,37,36,54.1,52.5,41.4,63.6,30.3,39.0,3.9,49.8,4.98,56.2,37.0,5.6,53.0,5.29,36.0,23.666666666666668,52.92,51.93333333333334,54.47222222222223
24,5,Kelly Olynyk,0.0,MIA,WAS,-5.0,232,118.5,4,8.3,20.4,36.3,PF/C,3400,1,17.0,15.0,106,113,4%,4,5,6,13,14,19,20.4,18.5,7.9,29.1,9.6,6.8,2.0,16.0,4.71,15.0,15.0,4.4,15.5,4.555,15.333333333333334,5.0,18.28,21.666666666666668,15.163043478260871
24,6,Mitchell Robinson,0.0,NY,DET,-6.0,211,108.5,30,21.5,33.7,46.0,C,5300,1,13.0,23.0,100,110,1%,7,8,6,23,27,23,33.6,24.9,15.8,34.1,27.5,37.3,7.0,26.3,4.95,29.4,24.5,5.5,27.85,5.225,24.333333333333332,7.0,27.25,33.733333333333334,28.040753424657538
24,7,Ersan Ilyasova,0.0,MIL,PHO,-7.0,229,118.0,22,5.3,9.4,17.3,PF/C,3000,1,16.0,16.0,104,108,0%,2,3,6,12,15,16,9.3,16.4,6.8,26.1,15.3,8.3,2.8,22.0,7.33,21.1,20.5,7.0,21.55,7.165,14.333333333333334,3.6666666666666665,16.029999999999998,10.666666666666666,30.821511627906975
26,0,Kendrick Nunn,0.0,MIA,WAS,-5.0,232,118.5,8,5.8,20.7,29.0,PG/SG,4700,1,23.0,13.0,106,113,6%,10,11,14,20,26,30,20.6,26.2,16.2,36.2,29.4,28.3,6.0,26.0,5.53,24.3,26.5,5.2,25.15,5.365,25.333333333333332,11.666666666666666,24.869999999999997,18.5,26.308223684210525
26,1,Bryn Forbes,0.0,SA,CLE,-4.5,224,114.3,25,11.5,14.9,19.5,PG/SG,3200,1,18.0,11.0,101,114,8%,7,8,9,22,23,25,14.9,18.2,10.2,26.3,31.7,23.3,7.3,18.0,5.63,21.1,26.5,6.6,19.55,6.115,23.333333333333332,8.0,17.830000000000002,15.299999999999999,22.20321428571429
26,2,Kevin Love,0.0,CLE,SA,4.5,224,109.8,7,24.8,42.0,55.0,PF,7800,0,23.0,18.0,102,111,0%,17,14,13,37,34,32,42.0,37.8,26.3,49.3,40.1,41.0,5.3,38.3,4.9,40.3,33.0,5.2,39.3,5.050000000000001,34.333333333333336,14.666666666666666,38.94,40.6,37.773786407766984
26,3,Alfonzo McKinnie,0.0,CLE,SA,4.5,224,109.8,15,5.3,10.1,13.3,SF/PF,3000,0,15.0,8.0,102,111,3%,5,6,4,15,17,15,10.1,9.7,2.1,17.3,19.3,20.3,6.8,12.8,4.25,14.0,21.5,4.7,13.4,4.475,15.666666666666666,5.0,10.52,9.566666666666666,18.38936170212766
26,4,Matthew Dellavedova,0.0,CLE,SA,4.5,224,109.8,5,8.0,19.3,36.0,PG/SG,3200,0,15.0,7.0,102,111,3%,6,5,3,33,27,14,19.3,9.2,2.4,16.0,44.6,35.5,11.1,23.3,7.27,20.7,30.5,6.5,22.0,6.885,24.666666666666668,4.666666666666667,13.780000000000001,21.099999999999998,27.2027027027027
26,5,Robert Covington,0.0,HOU,ORL,-8.0,231,119.5,26,21.8,37.0,49.8,PF/C,6300,0,15.0,14.0,100,107,-4%,10,11,11,33,34,31,37.0,29.5,20.6,38.3,25.5,21.0,3.3,31.3,4.96,35.4,34.0,5.6,33.35,5.279999999999999,32.666666666666664,10.666666666666666,31.75,36.199999999999996,34.711224489795924
26,6,Mo Bamba,0.0,ORL,HOU,8.0,231,111.5,24,2.5,13.7,21.5,C,3200,1,17.0,18.0,106,107,-1%,5,5,5,12,14,15,23.6,16.9,9.4,24.4,13.7,12.8,4.0,15.0,4.69,11.6,10.0,3.6,13.3,4.1450000000000005,13.666666666666666,5.0,17.520000000000003,12.566666666666668,9.731707317073171
26,7,Sekou Doumbouya,0.0,DET,NY,6.0,211,102.5,27,3.5,9.3,13.8,SF/PF,3000,0,16.0,6.0,101,111,8%,5,5,6,16,17,20,9.3,12.8,3.1,22.4,15.8,8.8,2.9,11.0,3.67,10.4,16.0,3.5,10.7,3.585,17.666666666666668,5.333333333333333,11.66,8.866666666666667,9.690566037735847
27,0,Patty Mills,0.0,SA,CLE,-4.5,224,114.3,25,11.8,19.2,34.5,PG/SG,3200,1,20.0,15.0,101,114,6%,7,9,9,19,22,23,19.2,19.3,10.6,28.0,19.3,12.5,3.9,17.8,5.55,18.4,21.5,5.8,18.1,5.675,21.333333333333332,8.333333333333334,19.04,21.833333333333332,18.24140625
27,1,Jimmy Butler,0.0,MIA,WAS,-5.0,232,118.5,25,36.3,40.3,53.0,SG/SF,8100,1,26.0,24.0,106,113,6%,13,14,14,36,35,35,40.3,42.7,33.4,52.0,24.4,10.5,1.3,43.0,5.31,44.5,35.0,5.5,43.75,5.404999999999999,35.333333333333336,13.666666666666666,42.43,43.199999999999996,43.3372641509434
27,2,Rui Hachimura,0.0,WAS,MIA,5.0,232,113.5,10,17.5,26.7,35.5,PF/C,5000,1,19.0,14.0,101,107,-1%,9,9,11,31,31,30,26.6,25.6,16.4,34.8,39.5,13.5,2.7,24.5,4.9,27.6,31.5,5.5,26.05,5.2,30.666666666666668,9.666666666666666,25.890000000000004,26.566666666666666,26.75788043478261
27,3,Rudy Gay,0.0,SA,CLE,-4.5,224,114.3,28,18.0,24.6,39.0,SF/PF,4800,1,21.0,14.0,101,114,7%,10,10,8,25,25,22,24.6,21.3,12.7,29.9,35.8,37.3,7.8,24.5,5.1,25.3,26.0,5.3,24.9,5.199999999999999,24.0,9.333333333333334,22.68,27.2,26.974999999999998
27,4,Collin Sexton,0.0,CLE,SA,4.5,224,109.8,5,24.8,43.2,55.3,PG/SG,7100,0,27.0,16.0,102,111,3%,25,20,17,43,40,33,43.1,30.8,22.4,39.2,39.4,32.3,4.5,35.5,5.0,38.0,39.0,5.4,36.75,5.2,38.666666666666664,20.666666666666668,34.45,41.1,37.06681034482759
27,5,Rondae Hollis-Jefferson,0.0,TOR,SAC,-5.0,226,115.5,21,0.8,13.7,23.0,PF/C,3500,2,17.0,15.0,101,109,2%,1,4,6,8,17,20,13.7,18.6,9.1,28.0,5.7,2.8,0.8,16.0,4.57,0.0,0.0,0.0,8.0,2.285,15.0,3.6666666666666665,15.479999999999999,12.5,0.0
27,6,Julius Randle,0.0,NY,DET,-6.0,211,108.5,20,20.5,40.8,52.0,PF/C,7200,1,28.0,17.0,100,110,4%,16,16,16,30,32,33,40.8,38.5,29.1,47.8,32.6,45.5,6.3,36.0,5.0,40.8,32.0,5.7,38.4,5.35,31.666666666666668,16.0,38.92,37.766666666666666,38.804210526315785
27,7,Willie Cauley-Stein,0.0,DAL,IND,-5.5,217,111.3,16,5.3,15.4,34.5,C,3100,1,15.0,17.0,101,105,2%,3,4,6,13,14,21,17.9,21.2,13.4,28.9,9.6,8.8,2.8,11.8,3.79,12.8,14.0,4.1,12.3,3.945,16.0,4.333333333333333,18.740000000000002,18.400000000000002,10.762500000000001
28,0,Dejounte Murray,0.0,SA,CLE,-4.5,224,114.3,25,17.5,28.7,40.8,PG,5500,1,21.0,17.0,101,114,6%,15,12,9,27,27,25,28.7,27.1,17.0,37.3,30.7,49.3,9.0,31.0,5.64,32.7,28.0,5.9,31.85,5.77,26.333333333333332,12.0,28.389999999999997,29.0,33.86582278481013
28,1,Terence Davis,0.0,TOR,SAC,-5.0,226,115.5,13,1.8,12.9,20.0,PG/SG,3300,2,19.0,15.0,101,109,-9%,4,6,6,12,15,18,12.9,17.1,6.1,28.0,5.9,3.3,1.0,10.0,3.03,14.3,14.5,4.3,12.15,3.665,15.0,5.333333333333333,15.25,11.566666666666668,11.745000000000001
28,2,Aaron Gordon,0.0,ORL,HOU,8.0,231,111.5,5,24.0,42.1,57.0,PF,8200,1,21.0,15.0,106,107,7%,13,11,13,36,38,34,42.4,33.4,22.9,43.9,35.6,47.5,5.8,41.0,5.0,41.3,36.5,5.0,41.15,5.0,36.0,12.333333333333334,36.75,41.03333333333333,41.72152777777777
28,3,Luguentz Dort,0.0,OKC,BOS,4.0,219,107.5,1,8.5,11.5,16.3,SG/SF,3000,1,12.0,7.0,102,104,-5%,7,6,6,23,24,22,11.4,11.5,4.5,18.5,31.0,20.5,6.8,12.0,4.0,13.7,26.5,4.6,12.85,4.3,23.0,6.333333333333333,11.75,12.1,14.805434782608696
28,4,Chris Paul,0.0,OKC,BOS,4.0,219,107.5,30,28.5,36.3,51.8,PG,7500,1,24.0,22.0,102,104,-5%,12,12,13,32,31,32,36.3,37.5,28.6,46.4,37.5,48.0,6.4,36.0,4.8,36.9,32.5,4.9,36.45,4.85,31.666666666666668,12.333333333333334,37.05,38.86666666666667,37.40921052631579
28,5,Kent Bazemore,0.0,SAC,TOR,5.0,226,110.5,15,14.0,23.1,28.8,SG/SF,4500,0,16.0,9.0,103,102,-1%,8,7,8,29,29,25,23.1,19.6,12.0,27.2,26.3,24.0,5.3,22.0,4.89,20.1,25.5,4.5,21.05,4.695,27.666666666666668,7.666666666666667,20.59,21.96666666666667,19.401506024096385
28,6,Trey Lyles,0.0,SA,CLE,-4.5,224,114.3,15,17.3,28.9,44.8,PF/C,5100,1,14.0,13.0,101,114,4%,10,11,5,28,31,20,28.9,16.9,7.7,26.2,41.3,30.8,6.0,28.8,5.64,28.4,32.5,5.6,28.6,5.619999999999999,26.333333333333332,8.666666666666666,21.660000000000004,30.333333333333332,35.29746835443038
28,7,Cory Joseph,0.0,SAC,TOR,5.0,226,110.5,16,6.3,13.4,27.5,PG,3000,0,14.0,10.0,103,102,-3%,3,4,6,18,19,24,13.4,16.5,8.4,24.6,17.4,20.3,6.8,13.8,4.58,12.3,17.0,4.1,13.05,4.34,20.333333333333332,4.333333333333333,15.190000000000001,15.733333333333334,10.91065573770492
29,0,Devin Booker,0.0,PHO,MIL,7.0,229,111.0,6,23.5,38.5,50.8,PG/SG,8400,1,30.0,20.0,107,99,-3%,17,17,18,38,39,36,38.5,42.3,30.4,54.1,39.2,59.3,7.1,46.0,5.48,46.3,38.5,5.5,46.15,5.49,37.666666666666664,17.333333333333332,42.290000000000006,37.6,47.17101769911505
29,1,Terrence Ross,0.0,ORL,HOU,8.0,231,111.5,5,30.8,37.3,51.3,SG/SF,5800,1,22.0,14.0,106,107,6%,14,16,12,34,32,28,37.3,24.2,15.8,32.7,29.9,28.0,4.8,29.0,5.0,31.6,32.5,5.4,30.3,5.2,31.333333333333332,14.0,28.060000000000002,39.8,31.428191489361705
29,2,Thon Maker,0.0,DET,NY,6.0,211,102.5,1,1.5,9.8,19.0,PF/C,3100,0,16.0,14.0,101,111,-5%,4,3,3,11,10,13,9.8,10.9,2.0,19.9,27.6,17.5,5.6,8.3,2.66,0.0,0.0,0.0,4.15,1.33,11.333333333333334,3.3333333333333335,9.35,10.1,0.0
29,3,Kent Bazemore,0.0,SAC,TOR,5.0,226,110.5,15,14.0,23.1,28.8,SG/SF,4500,0,16.0,9.0,103,102,-1%,8,7,8,29,29,25,23.1,19.6,12.0,27.2,26.3,24.0,5.3,22.0,4.89,20.1,25.5,4.5,21.05,4.695,27.666666666666668,7.666666666666667,20.59,21.96666666666667,19.401506024096385
29,4,Patrick McCaw,0.0,TOR,SAC,-5.0,226,115.5,13,6.5,9.3,13.8,PG/SF,3100,2,10.0,8.0,101,109,4%,4,5,5,29,24,25,9.3,13.3,4.4,22.3,16.8,9.5,3.1,8.8,2.82,12.3,22.5,4.0,10.55,3.41,26.0,4.666666666666667,11.970000000000002,9.866666666666667,9.129807692307692
29,5,Tony Snell,0.0,DET,NY,6.0,211,102.5,27,12.8,22.1,31.5,SF/PF,3900,0,12.0,10.0,101,111,-2%,6,6,7,32,33,28,22.1,16.2,9.4,23.0,28.6,16.8,4.3,21.5,5.51,19.6,31.5,5.0,20.55,5.255,31.0,6.333333333333333,18.25,22.133333333333336,20.881451612903227
29,6,John Henson,0.0,DET,NY,6.0,211,102.5,13,13.8,18.3,25.8,C,3900,0,17.0,18.0,101,111,8%,7,6,4,17,19,15,18.3,16.3,8.8,23.8,14.6,4.8,1.2,19.5,5.0,19.6,19.5,5.0,19.55,5.0,17.0,5.666666666666667,17.35,19.3,22.425000000000004
29,7,Domantas Sabonis,0.0,IND,DAL,5.5,217,105.8,6,37.0,43.6,55.3,PF/C,8700,1,24.0,21.0,101,108,-3%,15,14,14,37,36,35,43.5,44.2,35.2,53.2,41.3,53.8,6.2,46.0,5.29,45.9,36.0,5.3,45.95,5.295,36.0,14.333333333333334,44.410000000000004,45.29999999999999,45.95
30,0,Jordan McRae,0.0,DET,NY,6.0,211,102.5,26,0.0,9.4,22.0,PG/SG,4500,0,12.0,15.0,101,111,-2%,10,4,10,25,13,21,9.3,21.7,8.1,35.4,20.4,11.8,2.6,23.3,5.17,23.5,25.0,5.2,23.4,5.1850000000000005,19.666666666666668,8.0,19.580000000000002,10.466666666666667,29.745762711864405
30,1,Dennis Schroder,0.0,OKC,BOS,4.0,219,107.5,30,10.8,27.4,40.3,PG/SG,5500,1,27.0,17.0,102,104,-5%,15,15,15,30,31,31,31.6,31.5,22.1,40.8,34.1,43.0,7.8,32.0,5.82,30.8,31.5,5.6,31.4,5.71,30.666666666666668,15.0,31.48,26.166666666666668,32.25326086956522
30,2,Tony Snell,0.0,DET,NY,6.0,211,102.5,27,12.8,22.1,31.5,SF/PF,3900,0,12.0,10.0,101,111,-2%,6,6,7,32,33,28,22.1,16.2,9.4,23.0,28.6,16.8,4.3,21.5,5.51,19.6,31.5,5.0,20.55,5.255,31.0,6.333333333333333,18.25,22.133333333333336,20.881451612903227
30,3,DeMarre Carroll,0.0,HOU,ORL,-8.0,231,119.5,5,9.8,13.0,15.5,SF,3000,0,0.0,0.0,100,107,-4%,4,4,2,17,16,11,13.0,7.9,3.1,12.7,16.1,12.5,4.2,11.5,3.83,13.7,17.0,4.6,12.6,4.215,14.666666666666666,3.3333333333333335,9.86,12.766666666666666,14.604545454545455
30,4,Edmond Sumner,0.0,IND,DAL,5.5,217,105.8,6,2.0,9.2,25.3,SG/SF,3100,1,0.0,0.0,101,108,-3%,7,5,4,15,11,13,9.3,10.3,2.4,18.1,19.1,11.8,3.8,9.0,2.9,9.0,12.5,2.9,9.0,2.9,13.0,5.333333333333333,9.82,12.166666666666666,8.653846153846153
30,5,Mikal Bridges,0.0,PHO,MIL,7.0,229,111.0,9,19.3,27.9,33.3,SG/SF,5400,1,12.0,13.0,107,99,-8%,10,9,6,38,38,27,28.7,20.1,10.5,29.6,42.8,42.0,7.8,29.3,5.42,29.7,38.0,5.5,29.5,5.46,34.333333333333336,8.333333333333334,23.68,26.833333333333332,32.6504854368932
30,6,Aron Baynes,0.0,PHO,MIL,7.0,229,111.0,15,10.3,24.6,69.5,C,5400,1,21.0,16.0,107,99,0%,14,9,9,24,18,22,24.6,22.7,9.2,36.1,33.4,37.3,6.9,31.3,5.79,33.7,32.0,6.2,32.5,5.995,21.333333333333332,10.666666666666666,25.020000000000003,34.800000000000004,48.75
30,7,Thon Maker,0.0,DET,NY,6.0,211,102.5,1,1.5,9.8,19.0,PF/C,3100,0,16.0,14.0,101,111,-5%,4,3,3,11,10,13,9.8,10.9,2.0,19.9,27.6,17.5,5.6,8.3,2.66,0.0,0.0,0.0,4.15,1.33,11.333333333333334,3.3333333333333335,9.35,10.1,0.0
31,0,James Harden,0.0,HOU,ORL,-8.0,231,119.5,17,30.8,48.9,66.5,PG/SG,11300,0,37.0,29.0,100,107,1%,22,22,23,42,38,38,55.3,60.9,47.0,74.9,32.3,46.3,4.1,58.5,5.18,60.0,37.0,5.3,59.25,5.24,39.333333333333336,22.333333333333332,59.470000000000006,48.73333333333333,55.73516949152542
31,1,Austin Rivers,0.0,HOU,ORL,-8.0,231,119.5,17,4.3,15.9,36.5,PG/SG,4000,0,15.0,11.0,100,107,1%,6,7,7,25,22,24,15.8,16.1,7.7,24.5,27.9,19.0,4.8,15.0,3.75,18.1,26.0,4.5,16.55,4.125,23.666666666666668,6.666666666666667,16.130000000000003,18.900000000000002,18.18169014084507
31,2,Bobby Portis,0.0,NY,DET,-6.0,211,108.5,20,8.3,21.1,29.0,PF/C,4300,1,21.0,15.0,100,110,4%,13,10,9,29,23,22,21.1,20.7,11.2,30.2,19.3,16.3,3.8,23.5,5.47,24.0,23.0,5.6,23.75,5.535,24.666666666666668,10.666666666666666,21.39,19.46666666666667,22.14527027027027
31,3,Svi Mykhailiuk,0.0,DET,NY,6.0,211,102.5,22,10.0,21.3,26.0,SG/SF,4000,0,17.0,11.0,101,111,1%,11,11,7,24,27,23,21.3,15.8,6.9,24.8,26.3,24.8,6.2,19.5,4.88,18.0,25.5,4.5,18.75,4.6899999999999995,24.666666666666668,9.666666666666666,17.51,19.099999999999998,19.383445945945944
31,4,Jimmy Butler,0.0,MIA,WAS,-5.0,232,118.5,25,36.3,40.3,53.0,SG/SF,8100,1,26.0,24.0,106,113,6%,13,14,14,36,35,35,40.3,42.7,33.4,52.0,24.4,10.5,1.3,43.0,5.31,44.5,35.0,5.5,43.75,5.404999999999999,35.333333333333336,13.666666666666666,42.43,43.199999999999996,43.3372641509434
31,5,Andre Iguodala,0.0,MIA,WAS,-5.0,232,118.5,25,9.3,16.3,33.3,SG/SF,3300,1,0.0,0.0,106,113,8%,6,4,4,20,16,19,16.3,15.5,8.1,23.0,19.3,8.3,2.5,18.0,5.45,16.5,21.0,5.0,17.25,5.225,18.333333333333332,4.666666666666667,16.03,19.633333333333333,19.759090909090908
31,6,Alex Len,0.0,SAC,TOR,5.0,226,110.5,27,4.5,18.0,34.3,C,3700,0,18.0,18.0,103,102,-8%,2,4,6,12,17,19,18.0,20.4,10.1,30.7,14.8,29.3,7.9,9.3,2.5,0.0,0.0,0.0,4.65,1.25,16.0,4.0,16.77,18.933333333333334,0.0
31,7,Markelle Fultz,0.0,ORL,HOU,8.0,231,111.5,7,17.3,27.7,40.0,PG/SG,5800,1,22.0,14.0,106,107,0%,12,11,11,29,28,29,27.9,26.7,18.7,34.6,27.5,26.3,4.5,29.5,5.09,30.0,30.5,5.2,29.75,5.145,28.666666666666668,11.333333333333334,27.529999999999994,28.333333333333332,31.65261627906977
32,0,Elfrid Payton,0.0,NY,DET,-6.0,211,108.5,23,17.3,33.5,45.0,PG,6200,1,22.0,16.0,100,110,4%,13,10,10,29,29,29,33.5,30.9,20.1,41.6,30.6,32.3,5.2,30.8,4.96,31.6,28.5,5.1,31.200000000000003,5.029999999999999,29.0,11.0,31.46,31.933333333333334,30.662068965517246
32,1,Pat Connaughton,0.0,MIL,PHO,-7.0,229,118.0,14,13.8,18.6,25.5,SG/SF,3100,1,12.0,12.0,104,108,0%,4,5,4,19,20,19,19.0,15.2,8.3,22.1,18.1,12.8,4.1,15.0,4.84,16.5,18.5,5.3,15.75,5.07,19.333333333333332,4.333333333333333,16.07,19.3,15.071120689655173
32,2,Moritz Wagner,0.0,WAS,MIA,5.0,232,113.5,10,3.8,12.0,25.3,PF/C,3500,1,19.0,17.0,101,107,-1%,6,3,7,19,15,19,12.7,20.6,10.7,30.5,18.2,10.5,3.0,15.5,4.43,17.4,18.5,5.0,16.45,4.715,17.666666666666668,5.333333333333333,18.19,13.700000000000001,17.225943396226413
32,3,Kent Bazemore,0.0,SAC,TOR,5.0,226,110.5,15,14.0,23.1,28.8,SG/SF,4500,0,16.0,9.0,103,102,-1%,8,7,8,29,29,25,23.1,19.6,12.0,27.2,26.3,24.0,5.3,22.0,4.89,20.1,25.5,4.5,21.05,4.695,27.666666666666668,7.666666666666667,20.59,21.96666666666667,19.401506024096385
32,4,Luka Doncic,0.0,DAL,IND,-5.5,217,111.3,24,39.5,51.7,71.8,PG,10800,1,39.0,28.0,101,105,-2%,20,20,21,36,37,34,52.3,57.8,43.8,71.7,36.3,64.5,6.0,57.0,5.28,57.3,35.5,5.3,57.15,5.29,35.666666666666664,20.333333333333332,56.55,54.333333333333336,56.88294392523365
32,5,Kevin Love,0.0,CLE,SA,4.5,224,109.8,7,24.8,42.0,55.0,PF,7800,0,23.0,18.0,102,111,0%,17,14,13,37,34,32,42.0,37.8,26.3,49.3,40.1,41.0,5.3,38.3,4.9,40.3,33.0,5.2,39.3,5.050000000000001,34.333333333333336,14.666666666666666,38.94,40.6,37.773786407766984
32,6,Boban Marjanovic,0.0,DAL,IND,-5.5,217,111.3,16,4.8,12.6,34.0,C,3100,1,0.0,0.0,101,105,2%,8,5,5,13,7,9,12.6,12.8,1.7,23.9,5.5,7.8,2.5,7.5,2.42,0.0,0.0,0.0,3.75,1.21,9.666666666666666,6.0,10.95,17.133333333333333,0.0
32,7,Matt Thomas,0.0,TOR,SAC,-5.0,226,115.5,23,2.8,6.2,16.0,SG,3000,2,0.0,0.0,101,109,-1%,2,3,3,7,8,10,6.2,7.9,0.7,15.1,4.3,2.3,0.8,12.8,4.25,0.0,0.0,0.0,6.4,2.125,8.333333333333334,2.6666666666666665,7.260000000000001,8.333333333333334,0.0
33,0,Eric Bledsoe,0.0,MIL,PHO,-7.0,229,118.0,20,8.8,20.5,32.8,PG,5400,1,25.0,18.0,104,108,2%,11,8,12,28,24,28,20.4,31.8,21.1,42.6,35.0,43.8,8.1,30.8,5.69,36.8,28.5,6.8,33.8,6.245,26.666666666666668,10.333333333333334,29.939999999999998,20.7,36.123749999999994
33,1,Langston Galloway,0.0,DET,NY,6.0,211,102.5,22,11.8,17.6,24.8,SG,3300,0,16.0,12.0,101,111,-2%,9,9,8,27,25,26,17.6,17.9,11.1,24.8,23.7,18.8,5.7,15.8,4.77,15.5,24.0,4.7,15.65,4.734999999999999,26.0,8.666666666666666,17.41,18.066666666666666,14.446153846153845
33,2,Harry Giles III,0.0,SAC,TOR,5.0,226,110.5,17,15.0,22.0,28.8,PF/C,4400,0,20.0,17.0,103,102,5%,7,9,6,17,22,15,21.9,15.7,6.6,24.9,14.3,8.8,2.0,18.5,4.2,20.3,20.0,4.6,19.4,4.4,18.0,7.333333333333333,17.7,21.933333333333334,21.555555555555554
33,3,Justin Jackson,0.0,DAL,IND,-5.5,217,111.3,2,4.0,13.1,24.0,SF/PF,3100,1,16.0,10.0,101,105,-13%,6,5,6,20,18,16,13.1,10.9,4.3,17.5,18.9,26.0,8.4,10.8,3.47,14.4,22.5,4.6,12.600000000000001,4.035,18.0,5.666666666666667,11.68,13.700000000000001,15.750000000000002
33,4,Luka Doncic,0.0,DAL,IND,-5.5,217,111.3,24,39.5,51.7,71.8,PG,10800,1,39.0,28.0,101,105,-2%,20,20,21,36,37,34,52.3,57.8,43.8,71.7,36.3,64.5,6.0,57.0,5.28,57.3,35.5,5.3,57.15,5.29,35.666666666666664,20.333333333333332,56.55,54.333333333333336,56.88294392523365
33,5,Trey Lyles,0.0,SA,CLE,-4.5,224,114.3,15,17.3,28.9,44.8,PF/C,5100,1,14.0,13.0,101,114,4%,10,11,5,28,31,20,28.9,16.9,7.7,26.2,41.3,30.8,6.0,28.8,5.64,28.4,32.5,5.6,28.6,5.619999999999999,26.333333333333332,8.666666666666666,21.660000000000004,30.333333333333332,35.29746835443038
33,6,Bobby Portis,0.0,NY,DET,-6.0,211,108.5,20,8.3,21.1,29.0,PF/C,4300,1,21.0,15.0,100,110,4%,13,10,9,29,23,22,21.1,20.7,11.2,30.2,19.3,16.3,3.8,23.5,5.47,24.0,23.0,5.6,23.75,5.535,24.666666666666668,10.666666666666666,21.39,19.46666666666667,22.14527027027027
33,7,Derrick White,0.0,SA,CLE,-4.5,224,114.3,25,20.0,25.1,32.5,PG/SG,4500,1,19.0,16.0,101,114,6%,11,8,8,24,25,24,24.9,22.1,14.2,30.1,24.7,23.5,5.2,26.0,5.78,27.6,27.5,6.1,26.8,5.9399999999999995,24.333333333333332,9.0,23.619999999999997,25.866666666666664,30.287671232876715
34,0,Bryn Forbes,0.0,SA,CLE,-4.5,224,114.3,25,11.5,14.9,19.5,PG/SG,3200,1,18.0,11.0,101,114,8%,7,8,9,22,23,25,14.9,18.2,10.2,26.3,31.7,23.3,7.3,18.0,5.63,21.1,26.5,6.6,19.55,6.115,23.333333333333332,8.0,17.830000000000002,15.299999999999999,22.20321428571429
34,1,Kyle Korver,0.0,MIL,PHO,-7.0,229,118.0,14,3.0,10.6,15.5,SG/SF,3000,1,15.0,10.0,104,108,0%,4,6,5,14,15,17,10.6,12.7,6.4,18.9,13.6,17.3,5.8,10.3,3.42,10.5,12.5,3.5,10.4,3.46,15.333333333333334,5.0,11.799999999999999,9.700000000000001,8.478260869565217
34,2,Marvin Williams,0.0,MIL,PHO,-7.0,229,118.0,22,2.8,11.2,19.8,PF,3000,1,10.0,11.0,104,108,0%,5,3,5,20,18,20,11.2,14.0,5.4,22.5,25.9,18.3,6.1,17.3,5.75,17.4,20.5,5.8,17.35,5.775,19.333333333333332,4.333333333333333,14.09,11.266666666666666,18.39698275862069
34,3,Sekou Doumbouya,0.0,DET,NY,6.0,211,102.5,27,3.5,9.3,13.8,SF/PF,3000,0,16.0,6.0,101,111,8%,5,5,6,16,17,20,9.3,12.8,3.1,22.4,15.8,8.8,2.9,11.0,3.67,10.4,16.0,3.5,10.7,3.585,17.666666666666668,5.333333333333333,11.66,8.866666666666667,9.690566037735847
34,4,James Harden,0.0,HOU,ORL,-8.0,231,119.5,17,30.8,48.9,66.5,PG/SG,11300,0,37.0,29.0,100,107,1%,22,22,23,42,38,38,55.3,60.9,47.0,74.9,32.3,46.3,4.1,58.5,5.18,60.0,37.0,5.3,59.25,5.24,39.333333333333336,22.333333333333332,59.470000000000006,48.73333333333333,55.73516949152542
34,5,Alfonzo McKinnie,0.0,CLE,SA,4.5,224,109.8,15,5.3,10.1,13.3,SF/PF,3000,0,15.0,8.0,102,111,3%,5,6,4,15,17,15,10.1,9.7,2.1,17.3,19.3,20.3,6.8,12.8,4.25,14.0,21.5,4.7,13.4,4.475,15.666666666666666,5.0,10.52,9.566666666666666,18.38936170212766
34,6,Daniel Theis,0.0,BOS,OKC,-4.0,219,111.5,11,12.8,26.9,36.8,C,5100,1,15.0,18.0,101,107,-10%,5,8,7,23,28,24,26.9,24.1,16.2,32.0,28.3,20.8,4.1,25.0,4.9,24.1,25.5,4.7,24.55,4.800000000000001,25.0,6.666666666666667,24.75,25.5,25.041
34,7,Andre Iguodala,0.0,MIA,WAS,-5.0,232,118.5,25,9.3,16.3,33.3,SG/SF,3300,1,0.0,0.0,106,113,8%,6,4,4,20,16,19,16.3,15.5,8.1,23.0,19.3,8.3,2.5,18.0,5.45,16.5,21.0,5.0,17.25,5.225,18.333333333333332,4.666666666666667,16.03,19.633333333333333,19.759090909090908
35,0,Dejounte Murray,0.0,SA,CLE,-4.5,224,114.3,25,17.5,28.7,40.8,PG,5500,1,21.0,17.0,101,114,6%,15,12,9,27,27,25,28.7,27.1,17.0,37.3,30.7,49.3,9.0,31.0,5.64,32.7,28.0,5.9,31.85,5.77,26.333333333333332,12.0,28.389999999999997,29.0,33.86582278481013
35,1,Andre Iguodala,0.0,MIA,WAS,-5.0,232,118.5,25,9.3,16.3,33.3,SG/SF,3300,1,0.0,0.0,106,113,8%,6,4,4,20,16,19,16.3,15.5,8.1,23.0,19.3,8.3,2.5,18.0,5.45,16.5,21.0,5.0,17.25,5.225,18.333333333333332,4.666666666666667,16.03,19.633333333333333,19.759090909090908
35,2,Danilo Gallinari,0.0,OKC,BOS,4.0,219,107.5,23,23.5,31.7,38.8,SF/PF,5900,1,23.0,20.0,102,104,-5%,14,15,14,30,31,31,31.7,32.1,24.9,39.3,34.4,26.0,4.4,32.0,5.42,33.6,32.5,5.7,32.8,5.5600000000000005,30.666666666666668,14.333333333333334,32.160000000000004,31.333333333333332,34.760869565217384
35,3,Jayson Tatum,0.0,BOS,OKC,-4.0,219,111.5,20,34.8,52.2,64.8,SF/PF,9500,1,28.0,20.0,101,107,-2%,22,22,19,36,38,35,52.5,42.2,31.0,53.3,38.1,35.8,3.8,47.0,4.95,47.2,36.5,5.0,47.1,4.975,36.333333333333336,21.0,45.22,50.6,47.31605504587156
35,4,Kendrick Nunn,0.0,MIA,WAS,-5.0,232,118.5,8,5.8,20.7,29.0,PG/SG,4700,1,23.0,13.0,106,113,6%,10,11,14,20,26,30,20.6,26.2,16.2,36.2,29.4,28.3,6.0,26.0,5.53,24.3,26.5,5.2,25.15,5.365,25.333333333333332,11.666666666666666,24.869999999999997,18.5,26.308223684210525
35,5,Buddy Hield,0.0,SAC,TOR,5.0,226,110.5,15,24.5,30.8,36.3,SG/SF,5400,0,27.0,16.0,103,102,-1%,15,15,17,26,25,32,30.8,34.2,23.8,44.6,23.6,21.3,3.9,26.8,4.95,28.3,25.5,5.2,27.55,5.075,27.666666666666668,15.666666666666666,32.190000000000005,30.53333333333333,25.392469879518075
35,6,Nikola Vucevic,0.0,ORL,HOU,8.0,231,111.5,24,26.3,47.3,56.0,C,8900,1,26.0,22.0,106,107,-1%,19,19,17,38,36,33,47.0,43.7,34.5,52.9,32.7,46.0,5.2,44.0,4.94,47.6,34.5,5.3,45.8,5.12,35.666666666666664,18.333333333333332,44.779999999999994,43.199999999999996,44.30186915887851
35,7,Delon Wright,0.0,DAL,IND,-5.5,217,111.3,24,6.0,21.7,34.5,PG/SG,4500,1,16.0,16.0,101,105,-2%,6,5,6,27,26,22,21.6,20.8,12.2,29.5,22.9,16.3,3.6,21.8,4.83,21.9,25.5,4.9,21.85,4.865,25.0,5.666666666666667,21.190000000000005,20.733333333333334,22.287000000000003
36,0,Markelle Fultz,0.0,ORL,HOU,8.0,231,111.5,7,17.3,27.7,40.0,PG/SG,5800,1,22.0,14.0,106,107,0%,12,11,11,29,28,29,27.9,26.7,18.7,34.6,27.5,26.3,4.5,29.5,5.09,30.0,30.5,5.2,29.75,5.145,28.666666666666668,11.333333333333334,27.529999999999994,28.333333333333332,31.65261627906977
36,1,Aaron Holiday,0.0,IND,DAL,5.5,217,105.8,28,7.5,15.3,24.3,PG/SG,4300,1,20.0,12.0,101,108,-3%,6,5,9,30,25,24,15.3,20.4,9.7,31.1,32.5,12.8,3.0,28.0,6.51,26.8,32.5,6.2,27.4,6.355,26.333333333333332,6.666666666666667,20.78,15.700000000000001,33.81645569620253
36,2,Pascal Siakam,0.0,TOR,SAC,-5.0,226,115.5,21,33.3,41.3,52.3,PF,8800,2,28.0,19.0,101,109,-9%,19,19,19,41,40,36,41.3,42.8,32.2,53.4,38.4,47.0,5.3,42.3,4.8,43.9,37.0,5.0,43.099999999999994,4.9,39.0,19.0,42.559999999999995,42.3,40.88974358974358
36,3,Jayson Tatum,0.0,BOS,OKC,-4.0,219,111.5,20,34.8,52.2,64.8,SF/PF,9500,1,28.0,20.0,101,107,-2%,22,22,19,36,38,35,52.5,42.2,31.0,53.3,38.1,35.8,3.8,47.0,4.95,47.2,36.5,5.0,47.1,4.975,36.333333333333336,21.0,45.22,50.6,47.31605504587156
36,4,Matt Thomas,0.0,TOR,SAC,-5.0,226,115.5,23,2.8,6.2,16.0,SG,3000,2,0.0,0.0,101,109,-1%,2,3,3,7,8,10,6.2,7.9,0.7,15.1,4.3,2.3,0.8,12.8,4.25,0.0,0.0,0.0,6.4,2.125,8.333333333333334,2.6666666666666665,7.260000000000001,8.333333333333334,0.0
36,5,Harry Giles III,0.0,SAC,TOR,5.0,226,110.5,17,15.0,22.0,28.8,PF/C,4400,0,20.0,17.0,103,102,5%,7,9,6,17,22,15,21.9,15.7,6.6,24.9,14.3,8.8,2.0,18.5,4.2,20.3,20.0,4.6,19.4,4.4,18.0,7.333333333333333,17.7,21.933333333333334,21.555555555555554
36,6,Nikola Vucevic,0.0,ORL,HOU,8.0,231,111.5,24,26.3,47.3,56.0,C,8900,1,26.0,22.0,106,107,-1%,19,19,17,38,36,33,47.0,43.7,34.5,52.9,32.7,46.0,5.2,44.0,4.94,47.6,34.5,5.3,45.8,5.12,35.666666666666664,18.333333333333332,44.779999999999994,43.199999999999996,44.30186915887851
36,7,Reggie Bullock,0.0,NY,DET,-6.0,211,108.5,13,2.0,6.8,11.3,SG/SF,3000,1,16.0,9.0,100,110,-5%,3,5,9,19,21,25,10.8,16.8,9.9,23.6,12.0,3.8,1.3,5.8,1.92,0.0,0.0,0.0,2.9,0.96,21.666666666666668,5.666666666666667,12.8,6.7,0.0
37,0,Michael Carter-Williams,0.0,ORL,HOU,8.0,231,111.5,7,13.5,20.2,28.5,PG/SG,3800,1,19.0,15.0,106,107,0%,8,6,6,20,20,19,20.1,17.9,10.3,25.5,27.0,27.0,7.1,18.0,4.74,19.6,20.0,5.2,18.8,4.970000000000001,19.666666666666668,6.666666666666667,18.52,20.733333333333334,19.11864406779661
37,1,Bryn Forbes,0.0,SA,CLE,-4.5,224,114.3,25,11.5,14.9,19.5,PG/SG,3200,1,18.0,11.0,101,114,8%,7,8,9,22,23,25,14.9,18.2,10.2,26.3,31.7,23.3,7.3,18.0,5.63,21.1,26.5,6.6,19.55,6.115,23.333333333333332,8.0,17.830000000000002,15.299999999999999,22.20321428571429
37,2,Justin Jackson,0.0,DAL,IND,-5.5,217,111.3,2,4.0,13.1,24.0,SF/PF,3100,1,16.0,10.0,101,105,-13%,6,5,6,20,18,16,13.1,10.9,4.3,17.5,18.9,26.0,8.4,10.8,3.47,14.4,22.5,4.6,12.600000000000001,4.035,18.0,5.666666666666667,11.68,13.700000000000001,15.750000000000002
37,3,Jakarr Sampson,0.0,IND,DAL,5.5,217,105.8,13,1.3,10.8,26.3,SF/PF,3200,1,0.0,0.0,101,108,2%,4,3,3,17,12,13,10.8,9.0,1.2,16.9,13.6,5.0,1.6,11.3,3.52,11.1,15.5,3.5,11.2,3.51,14.0,3.3333333333333335,9.820000000000002,12.800000000000002,12.399999999999999
37,4,D.J. Augustin,0.0,ORL,HOU,8.0,231,111.5,7,8.0,18.4,28.8,PG,3600,1,20.0,14.0,106,107,0%,7,8,8,25,23,26,19.1,22.0,13.4,30.6,26.8,34.0,9.4,19.3,5.35,20.6,23.5,5.7,19.950000000000003,5.525,24.666666666666668,7.666666666666667,21.01,18.400000000000002,19.00641891891892
37,5,Duncan Robinson,0.0,MIA,WAS,-5.0,232,118.5,25,14.3,28.1,38.8,SG/SF,5100,1,15.0,13.0,106,113,6%,13,10,10,38,35,31,28.1,22.7,14.0,31.4,38.8,42.8,8.4,27.3,5.34,27.7,35.5,5.4,27.5,5.37,34.666666666666664,11.0,24.74,27.066666666666666,28.161057692307693
37,6,Gary Clark,0.0,ORL,HOU,8.0,231,111.5,5,0.0,4.9,12.8,PF/C,3000,1,12.0,11.0,106,107,7%,2,2,3,16,12,12,4.9,8.5,1.4,15.7,7.1,5.3,1.8,6.3,2.08,0.0,0.0,0.0,3.15,1.04,13.333333333333334,2.3333333333333335,6.7299999999999995,5.900000000000001,0.0
37,7,Cedi Osman,0.0,CLE,SA,4.5,224,109.8,15,12.8,21.6,30.8,SF/PF,4800,0,17.0,11.0,102,111,3%,13,10,9,41,35,30,21.6,21.5,13.4,29.5,36.9,38.5,8.0,25.8,5.36,25.3,35.5,5.3,25.55,5.33,35.333333333333336,10.666666666666666,22.31,21.733333333333334,25.670518867924528
38,0,Matthew Dellavedova,0.0,CLE,SA,4.5,224,109.8,5,8.0,19.3,36.0,PG/SG,3200,0,15.0,7.0,102,111,3%,6,5,3,33,27,14,19.3,9.2,2.4,16.0,44.6,35.5,11.1,23.3,7.27,20.7,30.5,6.5,22.0,6.885,24.666666666666668,4.666666666666667,13.780000000000001,21.099999999999998,27.2027027027027
38,1,Ty Jerome,0.0,PHO,MIL,7.0,229,111.0,6,-0.5,3.7,8.0,PG/SG,3000,1,0.0,0.0,107,99,-2%,2,3,4,8,8,11,3.6,9.0,1.1,16.9,14.0,8.5,2.8,10.3,3.42,10.4,13.0,3.5,10.350000000000001,3.46,9.0,3.0,8.190000000000001,3.733333333333333,14.950000000000001
38,2,Kevin Love,0.0,CLE,SA,4.5,224,109.8,7,24.8,42.0,55.0,PF,7800,0,23.0,18.0,102,111,0%,17,14,13,37,34,32,42.0,37.8,26.3,49.3,40.1,41.0,5.3,38.3,4.9,40.3,33.0,5.2,39.3,5.050000000000001,34.333333333333336,14.666666666666666,38.94,40.6,37.773786407766984
38,3,Jakarr Sampson,0.0,IND,DAL,5.5,217,105.8,13,1.3,10.8,26.3,SF/PF,3200,1,0.0,0.0,101,108,2%,4,3,3,17,12,13,10.8,9.0,1.2,16.9,13.6,5.0,1.6,11.3,3.52,11.1,15.5,3.5,11.2,3.51,14.0,3.3333333333333335,9.820000000000002,12.800000000000002,12.399999999999999
38,4,Cory Joseph,0.0,SAC,TOR,5.0,226,110.5,16,6.3,13.4,27.5,PG,3000,0,14.0,10.0,103,102,-3%,3,4,6,18,19,24,13.4,16.5,8.4,24.6,17.4,20.3,6.8,13.8,4.58,12.3,17.0,4.1,13.05,4.34,20.333333333333332,4.333333333333333,15.190000000000001,15.733333333333334,10.91065573770492
38,5,Dario Saric,0.0,PHO,MIL,7.0,229,111.0,6,16.8,26.3,42.5,SF/PF,5600,1,17.0,13.0,107,99,0%,11,9,9,30,29,26,26.3,23.3,12.2,34.5,26.3,21.8,3.9,29.5,5.27,30.9,35.5,5.5,30.2,5.385,28.333333333333332,9.666666666666666,25.3,28.53333333333333,37.83882352941177
38,6,Harry Giles III,0.0,SAC,TOR,5.0,226,110.5,17,15.0,22.0,28.8,PF/C,4400,0,20.0,17.0,103,102,5%,7,9,6,17,22,15,21.9,15.7,6.6,24.9,14.3,8.8,2.0,18.5,4.2,20.3,20.0,4.6,19.4,4.4,18.0,7.333333333333333,17.7,21.933333333333334,21.555555555555554
38,7,Drew Eubanks,0.0,SA,CLE,-4.5,224,114.3,21,2.8,8.4,13.3,C,3000,1,0.0,0.0,101,114,1%,2,2,2,13,13,9,8.4,7.2,1.1,13.2,22.0,20.0,6.7,13.3,4.42,13.8,17.0,4.6,13.55,4.51,11.666666666666666,2.0,8.690000000000001,8.166666666666666,19.744285714285716
39,0,Jevon Carter,0.0,PHO,MIL,7.0,229,111.0,6,1.5,9.4,14.3,PG/SG,3000,1,14.0,10.0,107,99,-2%,7,5,4,18,17,15,9.0,10.7,3.3,18.0,32.4,21.0,7.0,13.5,4.5,11.7,16.0,3.9,12.6,4.2,16.666666666666668,5.333333333333333,10.72,8.4,12.095999999999998
39,1,Edmond Sumner,0.0,IND,DAL,5.5,217,105.8,6,2.0,9.2,25.3,SG/SF,3100,1,0.0,0.0,101,108,-3%,7,5,4,15,11,13,9.3,10.3,2.4,18.1,19.1,11.8,3.8,9.0,2.9,9.0,12.5,2.9,9.0,2.9,13.0,5.333333333333333,9.82,12.166666666666666,8.653846153846153
39,2,Aaron Gordon,0.0,ORL,HOU,8.0,231,111.5,5,24.0,42.1,57.0,PF,8200,1,21.0,15.0,106,107,7%,13,11,13,36,38,34,42.4,33.4,22.9,43.9,35.6,47.5,5.8,41.0,5.0,41.3,36.5,5.0,41.15,5.0,36.0,12.333333333333334,36.75,41.03333333333333,41.72152777777777
39,3,Danilo Gallinari,0.0,OKC,BOS,4.0,219,107.5,23,23.5,31.7,38.8,SF/PF,5900,1,23.0,20.0,102,104,-5%,14,15,14,30,31,31,31.7,32.1,24.9,39.3,34.4,26.0,4.4,32.0,5.42,33.6,32.5,5.7,32.8,5.5600000000000005,30.666666666666668,14.333333333333334,32.160000000000004,31.333333333333332,34.760869565217384
39,4,Eric Bledsoe,0.0,MIL,PHO,-7.0,229,118.0,20,8.8,20.5,32.8,PG,5400,1,25.0,18.0,104,108,2%,11,8,12,28,24,28,20.4,31.8,21.1,42.6,35.0,43.8,8.1,30.8,5.69,36.8,28.5,6.8,33.8,6.245,26.666666666666668,10.333333333333334,29.939999999999998,20.7,36.123749999999994
39,5,Isaac Bonga,0.0,WAS,MIA,5.0,232,113.5,4,2.0,9.6,18.8,SF/PF,3000,1,11.0,11.0,101,107,-8%,4,3,3,20,17,18,9.6,12.5,5.1,19.8,15.4,5.5,1.8,13.5,4.5,16.9,25.5,5.6,15.2,5.05,18.333333333333332,3.3333333333333335,12.440000000000001,10.133333333333333,21.14181818181818
39,6,Christian Wood,0.0,DET,NY,6.0,211,102.5,1,37.5,43.1,46.8,PF/C,7900,0,22.0,23.0,101,111,8%,20,17,8,39,36,21,43.0,24.6,10.7,38.5,33.1,38.5,4.9,43.0,5.44,43.6,35.5,5.5,43.3,5.470000000000001,32.0,15.0,32.019999999999996,42.46666666666666,48.035937499999996
39,7,Terence Davis,0.0,TOR,SAC,-5.0,226,115.5,13,1.8,12.9,20.0,PG/SG,3300,2,19.0,15.0,101,109,-9%,4,6,6,12,15,18,12.9,17.1,6.1,28.0,5.9,3.3,1.0,10.0,3.03,14.3,14.5,4.3,12.15,3.665,15.0,5.333333333333333,15.25,11.566666666666668,11.745000000000001
41,0,Kendrick Nunn,0.0,MIA,WAS,-5.0,232,118.5,8,5.8,20.7,29.0,PG/SG,4700,1,23.0,13.0,106,113,6%,10,11,14,20,26,30,20.6,26.2,16.2,36.2,29.4,28.3,6.0,26.0,5.53,24.3,26.5,5.2,25.15,5.365,25.333333333333332,11.666666666666666,24.869999999999997,18.5,26.308223684210525
41,1,Bryn Forbes,0.0,SA,CLE,-4.5,224,114.3,25,11.5,14.9,19.5,PG/SG,3200,1,18.0,11.0,101,114,8%,7,8,9,22,23,25,14.9,18.2,10.2,26.3,31.7,23.3,7.3,18.0,5.63,21.1,26.5,6.6,19.55,6.115,23.333333333333332,8.0,17.830000000000002,15.299999999999999,22.20321428571429
41,2,Grant Williams,0.0,BOS,OKC,-4.0,219,111.5,20,5.5,10.0,19.8,SF/PF,3800,1,12.0,8.0,101,107,-10%,5,3,3,22,20,16,9.9,10.3,3.1,17.5,14.8,11.3,3.0,11.3,2.96,9.7,14.5,2.6,10.5,2.7800000000000002,19.333333333333332,3.6666666666666665,10.260000000000002,11.766666666666666,7.875
41,3,Troy Brown Jr.,0.0,WAS,MIA,5.0,232,113.5,19,12.8,20.6,29.5,SG/SF,3800,1,17.0,14.0,101,107,1%,9,7,8,24,20,25,20.6,22.8,12.9,32.6,30.2,14.0,3.7,21.3,5.59,23.3,27.0,6.1,22.3,5.845,23.0,8.0,22.240000000000002,20.96666666666667,26.178260869565218
41,4,Russell Westbrook,0.0,HOU,ORL,-8.0,231,119.5,17,39.3,54.2,62.3,PG,10000,0,35.0,22.0,100,107,1%,23,25,23,35,37,36,54.1,52.5,41.4,63.6,30.3,39.0,3.9,49.8,4.98,56.2,37.0,5.6,53.0,5.29,36.0,23.666666666666668,52.92,51.93333333333334,54.47222222222223
41,5,Justin Jackson,0.0,DAL,IND,-5.5,217,111.3,2,4.0,13.1,24.0,SF/PF,3100,1,16.0,10.0,101,105,-13%,6,5,6,20,18,16,13.1,10.9,4.3,17.5,18.9,26.0,8.4,10.8,3.47,14.4,22.5,4.6,12.600000000000001,4.035,18.0,5.666666666666667,11.68,13.700000000000001,15.750000000000002
41,6,Robert Williams,0.0,BOS,OKC,-4.0,219,111.5,11,0.0,0.0,0.0,C,3100,1,0.0,0.0,101,107,-10%,4,3,3,15,14,14,15.6,15.3,8.2,22.5,13.8,17.8,5.7,12.5,4.03,13.9,14.0,4.5,13.2,4.265000000000001,14.333333333333334,3.3333333333333335,14.959999999999999,0.0,12.893023255813953
41,7,Mo Bamba,0.0,ORL,HOU,8.0,231,111.5,24,2.5,13.7,21.5,C,3200,1,17.0,18.0,106,107,-1%,5,5,5,12,14,15,23.6,16.9,9.4,24.4,13.7,12.8,4.0,15.0,4.69,11.6,10.0,3.6,13.3,4.1450000000000005,13.666666666666666,5.0,17.520000000000003,12.566666666666668,9.731707317073171
42,0,T.J. McConnell,0.0,IND,DAL,5.5,217,105.8,28,7.8,16.4,30.0,PG,4000,1,19.0,16.0,101,108,-3%,8,5,6,25,19,19,16.4,18.9,10.8,27.0,15.9,20.3,5.1,17.0,4.25,17.4,19.0,4.3,17.2,4.275,21.0,6.333333333333333,18.06,18.066666666666666,15.561904761904762
42,1,Jevon Carter,0.0,PHO,MIL,7.0,229,111.0,6,1.5,9.4,14.3,PG/SG,3000,1,14.0,10.0,107,99,-2%,7,5,4,18,17,15,9.0,10.7,3.3,18.0,32.4,21.0,7.0,13.5,4.5,11.7,16.0,3.9,12.6,4.2,16.666666666666668,5.333333333333333,10.72,8.4,12.095999999999998
42,2,Abdel Nader,0.0,OKC,BOS,4.0,219,107.5,23,11.0,15.9,21.5,PF,3000,1,16.0,11.0,102,104,-5%,7,6,5,18,19,15,15.9,10.7,3.6,17.8,17.5,18.3,6.1,13.8,4.58,13.6,20.5,4.5,13.7,4.54,17.333333333333332,6.0,12.34,16.133333333333333,16.202884615384615
42,3,Kevin Knox II,0.0,NY,DET,-6.0,211,108.5,14,2.3,11.9,21.5,SF/PF,3100,1,18.0,8.0,100,110,-5%,6,6,6,16,16,18,11.9,13.2,5.9,20.5,19.1,15.5,5.0,12.0,3.87,10.7,15.5,3.5,11.35,3.685,16.666666666666668,6.0,12.57,11.9,10.555499999999999
42,4,Duncan Robinson,0.0,MIA,WAS,-5.0,232,118.5,25,14.3,28.1,38.8,SG/SF,5100,1,15.0,13.0,106,113,6%,13,10,10,38,35,31,28.1,22.7,14.0,31.4,38.8,42.8,8.4,27.3,5.34,27.7,35.5,5.4,27.5,5.37,34.666666666666664,11.0,24.74,27.066666666666666,28.161057692307693
42,5,Christian Wood,0.0,DET,NY,6.0,211,102.5,1,37.5,43.1,46.8,PF/C,7900,0,22.0,23.0,101,111,8%,20,17,8,39,36,21,43.0,24.6,10.7,38.5,33.1,38.5,4.9,43.0,5.44,43.6,35.5,5.5,43.3,5.470000000000001,32.0,15.0,32.019999999999996,42.46666666666666,48.035937499999996
42,6,Gary Clark,0.0,ORL,HOU,8.0,231,111.5,5,0.0,4.9,12.8,PF/C,3000,1,12.0,11.0,106,107,7%,2,2,3,16,12,12,4.9,8.5,1.4,15.7,7.1,5.3,1.8,6.3,2.08,0.0,0.0,0.0,3.15,1.04,13.333333333333334,2.3333333333333335,6.7299999999999995,5.900000000000001,0.0
42,7,Wesley Matthews,0.0,MIL,PHO,-7.0,229,118.0,14,7.0,18.6,28.0,SG,3200,1,12.0,9.0,104,108,0%,8,9,7,26,27,25,18.6,15.2,8.1,22.4,17.6,8.0,2.5,16.0,5.0,16.7,25.5,5.2,16.35,5.1,26.0,8.0,16.130000000000003,17.866666666666667,16.035576923076924
43,0,Ty Jerome,0.0,PHO,MIL,7.0,229,111.0,6,-0.5,3.7,8.0,PG/SG,3000,1,0.0,0.0,107,99,-2%,2,3,4,8,8,11,3.6,9.0,1.1,16.9,14.0,8.5,2.8,10.3,3.42,10.4,13.0,3.5,10.350000000000001,3.46,9.0,3.0,8.190000000000001,3.733333333333333,14.950000000000001
43,1,Hamidou Diallo,0.0,OKC,BOS,4.0,219,107.5,1,5.0,10.4,19.5,SG/SF,3100,1,17.0,9.0,102,104,-1%,8,5,6,23,16,19,10.9,13.0,5.6,20.4,17.6,5.8,1.9,12.3,3.95,11.0,16.0,3.5,11.65,3.725,19.333333333333332,6.333333333333333,12.309999999999999,11.633333333333333,9.641379310344828
43,2,Derrick Jones Jr.,0.0,MIA,WAS,-5.0,232,118.5,25,12.0,17.4,24.0,SF/PF,3400,1,14.0,14.0,106,113,8%,6,6,7,22,21,25,17.4,19.7,11.3,28.1,30.9,26.0,7.6,21.5,6.32,20.6,26.5,6.1,21.05,6.21,22.666666666666668,6.333333333333333,19.509999999999998,17.8,24.609926470588235
43,3,Tony Snell,0.0,DET,NY,6.0,211,102.5,27,12.8,22.1,31.5,SF/PF,3900,0,12.0,10.0,101,111,-2%,6,6,7,32,33,28,22.1,16.2,9.4,23.0,28.6,16.8,4.3,21.5,5.51,19.6,31.5,5.0,20.55,5.255,31.0,6.333333333333333,18.25,22.133333333333336,20.881451612903227
43,4,Donte DiVincenzo,0.0,MIL,PHO,-7.0,229,118.0,20,18.5,26.4,40.8,PG/SG,4800,1,17.0,15.0,104,108,0%,12,8,8,24,24,24,26.4,22.8,15.4,30.3,28.8,35.8,7.5,23.3,4.84,23.2,23.5,4.8,23.25,4.82,24.0,9.333333333333334,23.630000000000003,28.566666666666663,22.765625
43,5,Harrison Barnes,0.0,SAC,TOR,5.0,226,110.5,16,15.5,25.6,30.5,SF/PF,4900,0,17.0,13.0,103,102,3%,12,9,11,37,35,35,25.6,26.5,17.5,35.4,34.0,24.3,5.0,26.5,5.41,27.8,35.0,5.7,27.15,5.555,35.666666666666664,10.666666666666666,26.43,23.866666666666664,26.64252336448598
43,6,Robert Williams,0.0,BOS,OKC,-4.0,219,111.5,11,0.0,0.0,0.0,C,3100,1,0.0,0.0,101,107,-10%,4,3,3,15,14,14,15.6,15.3,8.2,22.5,13.8,17.8,5.7,12.5,4.03,13.9,14.0,4.5,13.2,4.265000000000001,14.333333333333334,3.3333333333333335,14.959999999999999,0.0,12.893023255813953
43,7,Larry Nance Jr.,0.0,CLE,SA,4.5,224,109.8,7,11.3,28.6,53.3,PF/C,6700,0,16.0,17.0,102,111,0%,10,9,8,35,30,26,28.6,25.2,13.6,36.8,43.3,34.5,5.1,27.3,4.07,27.6,28.5,4.1,27.450000000000003,4.085,30.333333333333332,9.0,26.329999999999995,31.066666666666666,25.79093406593407
45,0,Kendrick Nunn,0.0,MIA,WAS,-5.0,232,118.5,8,5.8,20.7,29.0,PG/SG,4700,1,23.0,13.0,106,113,6%,10,11,14,20,26,30,20.6,26.2,16.2,36.2,29.4,28.3,6.0,26.0,5.53,24.3,26.5,5.2,25.15,5.365,25.333333333333332,11.666666666666666,24.869999999999997,18.5,26.308223684210525
45,1,DeMar DeRozan,0.0,SA,CLE,-4.5,224,114.3,3,27.5,38.9,51.5,SG/SF,7300,1,27.0,22.0,101,114,8%,12,12,16,33,34,35,38.9,39.6,31.2,47.9,42.1,43.5,6.0,40.5,5.55,43.8,35.0,6.0,42.15,5.775,34.0,13.333333333333334,39.95,39.300000000000004,43.38970588235294
45,2,Jakarr Sampson,0.0,IND,DAL,5.5,217,105.8,13,1.3,10.8,26.3,SF/PF,3200,1,0.0,0.0,101,108,2%,4,3,3,17,12,13,10.8,9.0,1.2,16.9,13.6,5.0,1.6,11.3,3.52,11.1,15.5,3.5,11.2,3.51,14.0,3.3333333333333335,9.820000000000002,12.800000000000002,12.399999999999999
45,3,Bruce Brown,0.0,DET,NY,6.0,211,102.5,26,16.0,26.8,41.0,PG/SF,5000,0,17.0,12.0,101,111,-2%,8,8,8,29,31,28,26.8,23.7,13.6,33.8,37.0,30.0,6.0,18.5,3.7,23.7,28.5,4.7,21.1,4.2,29.333333333333332,8.0,23.8,27.933333333333334,20.50056818181818
45,4,Derrick White,0.0,SA,CLE,-4.5,224,114.3,25,20.0,25.1,32.5,PG/SG,4500,1,19.0,16.0,101,114,6%,11,8,8,24,25,24,24.9,22.1,14.2,30.1,24.7,23.5,5.2,26.0,5.78,27.6,27.5,6.1,26.8,5.9399999999999995,24.333333333333332,9.0,23.619999999999997,25.866666666666664,30.287671232876715
45,5,Bradley Beal,0.0,WAS,MIA,5.0,232,113.5,19,48.5,57.2,70.8,SG/SF,10300,1,34.0,23.0,101,107,-1%,25,26,23,38,38,37,57.2,49.2,37.9,60.6,35.9,39.8,3.9,50.5,4.9,51.9,38.0,5.0,51.2,4.95,37.666666666666664,24.666666666666668,51.220000000000006,58.833333333333336,51.65309734513275
45,6,Bam Adebayo,0.0,MIA,WAS,-5.0,232,118.5,18,25.8,38.1,44.8,C,8000,1,21.0,20.0,106,113,4%,10,11,11,34,33,35,38.0,42.2,31.5,52.9,33.3,54.5,6.8,41.8,5.22,44.2,34.0,5.5,43.0,5.359999999999999,34.0,10.666666666666666,41.519999999999996,36.233333333333334,43.0
45,7,Taj Gibson,0.0,NY,DET,-6.0,211,108.5,30,2.3,16.9,31.5,C,3200,1,15.0,16.0,100,110,4%,5,6,5,13,17,17,16.9,14.4,6.8,22.0,16.6,5.8,1.8,15.8,4.92,13.2,14.5,4.1,14.5,4.51,15.666666666666666,5.333333333333333,14.919999999999998,16.900000000000002,13.420212765957448
46,0,Terence Davis,0.0,TOR,SAC,-5.0,226,115.5,13,1.8,12.9,20.0,PG/SG,3300,2,19.0,15.0,101,109,-9%,4,6,6,12,15,18,12.9,17.1,6.1,28.0,5.9,3.3,1.0,10.0,3.03,14.3,14.5,4.3,12.15,3.665,15.0,5.333333333333333,15.25,11.566666666666668,11.745000000000001
46,1,Bryn Forbes,0.0,SA,CLE,-4.5,224,114.3,25,11.5,14.9,19.5,PG/SG,3200,1,18.0,11.0,101,114,8%,7,8,9,22,23,25,14.9,18.2,10.2,26.3,31.7,23.3,7.3,18.0,5.63,21.1,26.5,6.6,19.55,6.115,23.333333333333332,8.0,17.830000000000002,15.299999999999999,22.20321428571429
46,2,Justin Jackson,0.0,DAL,IND,-5.5,217,111.3,2,4.0,13.1,24.0,SF/PF,3100,1,16.0,10.0,101,105,-13%,6,5,6,20,18,16,13.1,10.9,4.3,17.5,18.9,26.0,8.4,10.8,3.47,14.4,22.5,4.6,12.600000000000001,4.035,18.0,5.666666666666667,11.68,13.700000000000001,15.750000000000002
46,3,Norman Powell,0.0,TOR,SAC,-5.0,226,115.5,23,29.3,36.7,50.8,SG/SF,6600,2,21.0,17.0,101,109,2%,18,17,12,38,36,29,36.5,27.3,16.6,38.0,42.8,49.5,7.5,27.5,4.17,35.2,35.5,5.3,31.35,4.734999999999999,34.333333333333336,15.666666666666666,29.95,38.93333333333333,32.41529126213592
46,4,Chris Paul,0.0,OKC,BOS,4.0,219,107.5,30,28.5,36.3,51.8,PG,7500,1,24.0,22.0,102,104,-5%,12,12,13,32,31,32,36.3,37.5,28.6,46.4,37.5,48.0,6.4,36.0,4.8,36.9,32.5,4.9,36.45,4.85,31.666666666666668,12.333333333333334,37.05,38.86666666666667,37.40921052631579
46,5,Domantas Sabonis,0.0,IND,DAL,5.5,217,105.8,6,37.0,43.6,55.3,PF/C,8700,1,24.0,21.0,101,108,-3%,15,14,14,37,36,35,43.5,44.2,35.2,53.2,41.3,53.8,6.2,46.0,5.29,45.9,36.0,5.3,45.95,5.295,36.0,14.333333333333334,44.410000000000004,45.29999999999999,45.95
46,6,Maxi Kleber,0.0,DAL,IND,-5.5,217,111.3,24,16.0,26.6,35.5,PF/C,4900,1,14.0,14.0,101,105,-5%,8,7,7,35,30,25,26.9,21.3,13.3,29.3,34.3,9.8,2.0,24.0,4.9,25.8,33.0,5.3,24.9,5.1,30.0,7.333333333333333,23.139999999999997,26.03333333333333,27.389999999999997
46,7,Danuel House Jr.,0.0,HOU,ORL,-8.0,231,119.5,5,5.5,18.9,32.0,SF/PF,4200,0,13.0,12.0,100,107,-1%,7,9,9,25,28,31,18.9,22.0,12.4,31.7,30.1,17.0,4.0,18.5,4.4,21.1,29.0,5.0,19.8,4.7,28.0,8.333333333333334,20.96,18.8,20.50714285714286
47,0,Kendrick Nunn,0.0,MIA,WAS,-5.0,232,118.5,8,5.8,20.7,29.0,PG/SG,4700,1,23.0,13.0,106,113,6%,10,11,14,20,26,30,20.6,26.2,16.2,36.2,29.4,28.3,6.0,26.0,5.53,24.3,26.5,5.2,25.15,5.365,25.333333333333332,11.666666666666666,24.869999999999997,18.5,26.308223684210525
47,1,Duncan Robinson,0.0,MIA,WAS,-5.0,232,118.5,25,14.3,28.1,38.8,SG/SF,5100,1,15.0,13.0,106,113,6%,13,10,10,38,35,31,28.1,22.7,14.0,31.4,38.8,42.8,8.4,27.3,5.34,27.7,35.5,5.4,27.5,5.37,34.666666666666664,11.0,24.74,27.066666666666666,28.161057692307693
47,2,Solomon Hill,0.0,MIA,WAS,-5.0,232,118.5,25,4.0,7.8,11.3,SF/PF,3000,1,15.0,10.0,106,113,8%,3,3,5,12,15,18,7.9,13.8,7.4,20.2,30.1,20.0,6.7,11.0,3.67,11.4,16.0,3.8,11.2,3.735,15.0,3.6666666666666665,12.1,7.7,11.946666666666665
47,3,DeMarre Carroll,0.0,HOU,ORL,-8.0,231,119.5,5,9.8,13.0,15.5,SF,3000,0,0.0,0.0,100,107,-4%,4,4,2,17,16,11,13.0,7.9,3.1,12.7,16.1,12.5,4.2,11.5,3.83,13.7,17.0,4.6,12.6,4.215,14.666666666666666,3.3333333333333335,9.86,12.766666666666666,14.604545454545455
47,4,Terence Davis,0.0,TOR,SAC,-5.0,226,115.5,13,1.8,12.9,20.0,PG/SG,3300,2,19.0,15.0,101,109,-9%,4,6,6,12,15,18,12.9,17.1,6.1,28.0,5.9,3.3,1.0,10.0,3.03,14.3,14.5,4.3,12.15,3.665,15.0,5.333333333333333,15.25,11.566666666666668,11.745000000000001
47,5,Cedi Osman,0.0,CLE,SA,4.5,224,109.8,15,12.8,21.6,30.8,SF/PF,4800,0,17.0,11.0,102,111,3%,13,10,9,41,35,30,21.6,21.5,13.4,29.5,36.9,38.5,8.0,25.8,5.36,25.3,35.5,5.3,25.55,5.33,35.333333333333336,10.666666666666666,22.31,21.733333333333334,25.670518867924528
47,6,Jeff Green,0.0,HOU,ORL,-8.0,231,119.5,26,8.3,21.4,40.5,PF/C,3100,0,16.0,12.0,100,107,-4%,13,8,7,25,20,19,21.4,15.0,7.3,22.7,26.6,26.3,8.5,14.8,4.76,15.2,20.0,4.9,15.0,4.83,21.333333333333332,9.333333333333334,16.279999999999998,23.400000000000002,14.0625
47,7,Alfonzo McKinnie,0.0,CLE,SA,4.5,224,109.8,15,5.3,10.1,13.3,SF/PF,3000,0,15.0,8.0,102,111,3%,5,6,4,15,17,15,10.1,9.7,2.1,17.3,19.3,20.3,6.8,12.8,4.25,14.0,21.5,4.7,13.4,4.475,15.666666666666666,5.0,10.52,9.566666666666666,18.38936170212766
48,0,Terence Davis,0.0,TOR,SAC,-5.0,226,115.5,13,1.8,12.9,20.0,PG/SG,3300,2,19.0,15.0,101,109,-9%,4,6,6,12,15,18,12.9,17.1,6.1,28.0,5.9,3.3,1.0,10.0,3.03,14.3,14.5,4.3,12.15,3.665,15.0,5.333333333333333,15.25,11.566666666666668,11.745000000000001
48,1,Bradley Beal,0.0,WAS,MIA,5.0,232,113.5,19,48.5,57.2,70.8,SG/SF,10300,1,34.0,23.0,101,107,-1%,25,26,23,38,38,37,57.2,49.2,37.9,60.6,35.9,39.8,3.9,50.5,4.9,51.9,38.0,5.0,51.2,4.95,37.666666666666664,24.666666666666668,51.220000000000006,58.833333333333336,51.65309734513275
48,2,Jeff Green,0.0,HOU,ORL,-8.0,231,119.5,26,8.3,21.4,40.5,PF/C,3100,0,16.0,12.0,100,107,-4%,13,8,7,25,20,19,21.4,15.0,7.3,22.7,26.6,26.3,8.5,14.8,4.76,15.2,20.0,4.9,15.0,4.83,21.333333333333332,9.333333333333334,16.279999999999998,23.400000000000002,14.0625
48,3,Grant Williams,0.0,BOS,OKC,-4.0,219,111.5,20,5.5,10.0,19.8,SF/PF,3800,1,12.0,8.0,101,107,-10%,5,3,3,22,20,16,9.9,10.3,3.1,17.5,14.8,11.3,3.0,11.3,2.96,9.7,14.5,2.6,10.5,2.7800000000000002,19.333333333333332,3.6666666666666665,10.260000000000002,11.766666666666666,7.875
48,4,Luguentz Dort,0.0,OKC,BOS,4.0,219,107.5,1,8.5,11.5,16.3,SG/SF,3000,1,12.0,7.0,102,104,-5%,7,6,6,23,24,22,11.4,11.5,4.5,18.5,31.0,20.5,6.8,12.0,4.0,13.7,26.5,4.6,12.85,4.3,23.0,6.333333333333333,11.75,12.1,14.805434782608696
48,5,Abdel Nader,0.0,OKC,BOS,4.0,219,107.5,23,11.0,15.9,21.5,PF,3000,1,16.0,11.0,102,104,-5%,7,6,5,18,19,15,15.9,10.7,3.6,17.8,17.5,18.3,6.1,13.8,4.58,13.6,20.5,4.5,13.7,4.54,17.333333333333332,6.0,12.34,16.133333333333333,16.202884615384615
48,6,Serge Ibaka,0.0,TOR,SAC,-5.0,226,115.5,6,11.8,31.8,46.8,C,6000,2,23.0,18.0,101,109,-9%,13,13,13,29,29,28,31.8,31.2,21.9,40.6,35.8,40.0,6.7,29.3,4.88,32.3,28.0,5.4,30.799999999999997,5.140000000000001,28.666666666666668,13.0,31.26,30.133333333333336,30.083720930232552
48,7,Robin Lopez,0.0,MIL,PHO,-7.0,229,118.0,19,3.5,8.0,13.0,C,3000,1,16.0,11.0,104,108,2%,3,4,5,15,15,14,8.0,11.1,3.8,18.4,7.0,5.3,1.8,13.0,4.33,0.0,0.0,0.0,6.5,2.165,14.666666666666666,4.0,9.559999999999999,8.166666666666666,0.0
49,0,Brad Wanamaker,0.0,BOS,OKC,-4.0,219,111.5,2,3.5,13.7,18.0,PG,3400,1,17.0,12.0,101,107,-1%,7,6,6,28,24,21,13.7,15.8,9.4,22.2,9.8,4.0,1.2,15.8,4.63,16.3,22.0,4.8,16.05,4.715,24.333333333333332,6.333333333333333,15.430000000000001,11.733333333333334,14.51095890410959
49,1,Collin Sexton,0.0,CLE,SA,4.5,224,109.8,5,24.8,43.2,55.3,PG/SG,7100,0,27.0,16.0,102,111,3%,25,20,17,43,40,33,43.1,30.8,22.4,39.2,39.4,32.3,4.5,35.5,5.0,38.0,39.0,5.4,36.75,5.2,38.666666666666664,20.666666666666668,34.45,41.1,37.06681034482759
49,2,Larry Nance Jr.,0.0,CLE,SA,4.5,224,109.8,7,11.3,28.6,53.3,PF/C,6700,0,16.0,17.0,102,111,0%,10,9,8,35,30,26,28.6,25.2,13.6,36.8,43.3,34.5,5.1,27.3,4.07,27.6,28.5,4.1,27.450000000000003,4.085,30.333333333333332,9.0,26.329999999999995,31.066666666666666,25.79093406593407
49,3,Norman Powell,0.0,TOR,SAC,-5.0,226,115.5,23,29.3,36.7,50.8,SG/SF,6600,2,21.0,17.0,101,109,2%,18,17,12,38,36,29,36.5,27.3,16.6,38.0,42.8,49.5,7.5,27.5,4.17,35.2,35.5,5.3,31.35,4.734999999999999,34.333333333333336,15.666666666666666,29.95,38.93333333333333,32.41529126213592
49,4,De'Aaron Fox,0.0,SAC,TOR,5.0,226,110.5,16,38.3,40.7,42.5,PG,7700,0,31.0,20.0,103,102,-3%,14,16,16,32,32,32,40.7,39.4,29.2,49.6,30.7,38.5,5.0,38.0,4.94,40.2,32.5,5.2,39.1,5.07,32.0,15.333333333333334,39.599999999999994,40.5,39.7109375
49,5,Justin Jackson,0.0,DAL,IND,-5.5,217,111.3,2,4.0,13.1,24.0,SF/PF,3100,1,16.0,10.0,101,105,-13%,6,5,6,20,18,16,13.1,10.9,4.3,17.5,18.9,26.0,8.4,10.8,3.47,14.4,22.5,4.6,12.600000000000001,4.035,18.0,5.666666666666667,11.68,13.700000000000001,15.750000000000002
49,6,Rui Hachimura,0.0,WAS,MIA,5.0,232,113.5,10,17.5,26.7,35.5,PF/C,5000,1,19.0,14.0,101,107,-1%,9,9,11,31,31,30,26.6,25.6,16.4,34.8,39.5,13.5,2.7,24.5,4.9,27.6,31.5,5.5,26.05,5.2,30.666666666666668,9.666666666666666,25.890000000000004,26.566666666666666,26.75788043478261
49,7,Marcus Smart,0.0,BOS,OKC,-4.0,219,111.5,2,26.0,41.8,51.8,PG/SG,6600,1,20.0,14.0,101,107,-1%,19,18,12,35,38,33,41.6,30.6,19.7,41.5,37.8,38.5,5.8,29.3,4.43,32.2,35.0,4.9,30.75,4.665,35.333333333333336,16.333333333333332,32.83,39.86666666666667,30.459905660377355
