Lineup Num,,Player Name,injury_status,team,opp,spread,over_under,implied_team_score,L5_dvp_rank,L5_ppg_floor,L5_ppg_avg,L5_ppg_max,Pos,Salary,Rest,USG,PER,Opp Pace,Opp DEff,Opp DvP,L2 FGA,L5 FGA,S FGA,L2 Min,L5 Min,S Min,L5 FP,S FP,Floor FP,Ceil FP,Actual Min,Actual FP,Actual Val,FantasyFuelPPGProj,FantasyFuelValueProj,DFN_PPGProj,DFN_MinProj,DFN_ValueProj,Avg Proj,Avg Value Proj,Avg Skewed Min,Avg Skewed FGA,Avg Skewed FP,Avg L5 PPG,Proj Min Enhanced
0,0,Ricky Rubio,0.0,PHO,GS,-9.5,222.0,115.8,29,36.8,48.1,62.0,PG,7300,0,23.0,16.0,103,111,7%,12,11,11,32,32,32,48.1,35.8,24.1,47.5,28.6,19.3,2.6,37.0,5.07,38.3,32.0,5.2,37.65,5.135,32.0,11.333333333333334,38.63,48.96666666666667,37.65
0,1,Michael Carter-Williams,0.0,ORL,SA,4.0,222.5,109.3,27,8.0,16.1,24.3,PG/SG,3400,0,19.0,15.0,102,111,3%,5,4,6,17,18,18,16.1,17.6,9.8,25.3,18.7,18.3,5.4,17.5,5.15,15.8,16.5,4.6,16.65,4.875,17.666666666666668,5.0,17.089999999999996,16.133333333333336,15.550471698113205
0,2,Trey Lyles,0.0,SA,ORL,-4.0,222.5,113.3,30,14.5,20.1,25.3,PF/C,3800,2,13.0,12.0,100,106,-2%,5,6,5,21,26,19,20.1,16.1,7.9,24.3,39.8,44.8,11.8,22.5,5.92,21.8,25.0,5.7,22.15,5.8100000000000005,22.0,5.333333333333333,18.110000000000003,19.96666666666667,25.170454545454547
0,3,Gary Trent Jr.,0.0,POR,ATL,1.5,238.5,118.5,30,4.0,18.3,30.3,SG/SF,4300,1,15.0,12.0,106,112,4%,13,10,6,35,31,19,18.3,13.3,2.6,24.0,29.1,14.0,3.3,25.0,5.81,26.1,34.0,6.1,25.55,5.955,28.333333333333332,9.666666666666666,16.75,17.533333333333335,30.660000000000004
0,4,Justin Holiday,0.0,IND,CLE,-9.0,215.0,112.0,20,14.3,19.7,31.3,SG/SF,4300,1,13.0,13.0,101,113,9%,9,7,7,23,25,26,19.7,19.3,11.4,27.2,14.3,11.3,2.6,20.5,4.77,18.5,25.0,4.3,19.5,4.535,24.666666666666668,7.666666666666667,19.42,21.766666666666666,19.763513513513512
0,5,Yuta Watanabe,0.0,MEM,LAL,9.0,226.5,108.8,28,0.0,5.1,14.3,SF/PF,3000,0,0.0,0.0,103,103,-1%,3,3,2,10,9,6,5.1,3.7,-0.9,8.3,12.6,7.5,2.5,2.5,0.83,0.0,0.0,0.0,1.25,0.415,8.333333333333334,2.6666666666666665,3.4900000000000007,6.466666666666666,0.0
0,6,Jeff Green,0.0,HOU,BOS,-1.5,232.0,116.8,11,7.8,18.4,24.8,PF/C,3300,2,15.0,11.0,102,104,-5%,6,6,6,20,19,19,18.4,14.4,7.8,20.9,13.8,8.3,2.5,11.0,3.33,10.7,15.0,3.2,10.85,3.265,19.333333333333332,6.0,14.469999999999999,17.0,8.418103448275863
0,7,Terrence Ross,0.0,ORL,SA,4.0,222.5,109.3,6,19.0,33.0,51.3,SG/SF,5400,0,22.0,13.0,102,111,0%,20,16,12,31,31,27,33.0,23.5,15.3,31.8,32.5,31.5,5.8,25.0,4.63,24.3,28.0,4.5,24.65,4.5649999999999995,29.666666666666668,16.0,25.65,34.43333333333333,23.265168539325842
1,0,Derrick White,0.0,SA,ORL,-4.0,222.5,113.3,25,10.3,24.6,37.0,PG/SG,4100,2,19.0,15.0,100,106,0%,8,8,8,28,24,24,24.6,21.9,13.9,30.0,25.3,24.3,5.9,23.0,5.61,24.9,25.5,6.1,23.95,5.855,25.333333333333332,8.0,22.87,23.96666666666667,24.107565789473686
1,1,Michael Carter-Williams,0.0,ORL,SA,4.0,222.5,109.3,27,8.0,16.1,24.3,PG/SG,3400,0,19.0,15.0,102,111,3%,5,4,6,17,18,18,16.1,17.6,9.8,25.3,18.7,18.3,5.4,17.5,5.15,15.8,16.5,4.6,16.65,4.875,17.666666666666668,5.0,17.089999999999996,16.133333333333336,15.550471698113205
1,2,Carmelo Anthony,0.0,POR,ATL,1.5,238.5,118.5,3,20.0,29.1,41.0,PF,5700,1,21.0,12.0,106,112,9%,11,14,14,35,35,33,29.1,28.5,18.5,38.5,36.5,21.0,3.7,32.5,5.7,33.7,34.5,5.9,33.1,5.800000000000001,34.333333333333336,13.0,29.54,30.03333333333333,33.26067961165048
1,3,Garrett Temple,0.0,BKN,MIA,7.0,218.0,105.5,24,16.0,27.8,38.3,SG/SF,4400,0,17.0,10.0,101,107,-1%,13,11,10,32,30,29,27.8,21.9,13.3,30.5,22.2,21.8,5.0,21.8,4.94,21.2,29.5,4.8,21.5,4.87,30.333333333333332,11.333333333333334,23.0,27.366666666666664,20.90934065934066
1,4,T.J. McConnell,0.0,IND,CLE,-9.0,215.0,112.0,13,1.0,9.3,13.3,PG,3100,1,20.0,17.0,101,113,7%,4,4,6,20,17,19,13.6,19.0,10.9,27.1,17.0,7.8,2.5,13.8,4.44,17.7,18.0,5.7,15.75,5.07,18.666666666666668,4.666666666666667,17.270000000000003,7.866666666666667,15.1875
1,5,Jimmy Butler,0.0,MIA,BKN,-7.0,218.0,112.5,27,34.5,41.5,51.5,SG/SF,7800,0,26.0,24.0,104,106,0%,12,16,14,34,34,35,41.5,42.8,33.4,52.2,36.4,36.5,4.7,40.5,5.19,41.6,33.5,5.3,41.05,5.245,34.333333333333336,14.0,42.19,42.5,40.05364077669902
1,6,Kelly Olynyk,0.0,MIA,BKN,-7.0,218.0,112.5,25,13.3,25.9,36.3,PF/C,4600,0,16.0,14.0,104,106,8%,6,6,6,18,18,20,25.9,19.0,8.4,29.6,15.8,13.0,2.8,15.5,3.37,14.9,15.0,3.2,15.2,3.285,18.666666666666668,6.0,19.62,25.166666666666668,12.214285714285712
1,7,Daniel Theis,0.0,BOS,HOU,1.5,232.0,115.3,10,23.3,30.4,48.0,C,4900,2,15.0,18.0,106,107,5%,9,10,7,25,27,24,30.4,23.9,16.1,31.7,39.1,36.8,7.5,26.3,5.36,25.6,26.0,5.2,25.950000000000003,5.28,25.333333333333332,8.666666666666666,25.610000000000003,33.9,26.63289473684211
2,0,T.J. McConnell,0.0,IND,CLE,-9.0,215.0,112.0,13,1.0,9.3,13.3,PG,3100,1,20.0,17.0,101,113,7%,4,4,6,20,17,19,13.6,19.0,10.9,27.1,17.0,7.8,2.5,13.8,4.44,17.7,18.0,5.7,15.75,5.07,18.666666666666668,4.666666666666667,17.270000000000003,7.866666666666667,15.1875
2,1,DeMar DeRozan,0.0,SA,ORL,-4.0,222.5,113.3,21,20.8,35.4,51.5,SG/SF,7600,2,27.0,22.0,100,106,-1%,16,16,16,35,34,35,41.0,39.9,31.4,48.3,32.9,35.8,4.7,39.0,5.13,43.1,34.0,5.7,41.05,5.415,34.666666666666664,16.0,40.33,35.9,40.26057692307692
2,2,Kyle Anderson,0.0,MEM,LAL,9.0,226.5,108.8,28,16.3,22.6,28.3,SF/PF,4600,0,14.0,14.0,103,103,-5%,6,6,5,26,24,19,22.6,16.7,9.1,24.4,31.5,15.3,3.3,22.3,4.84,22.6,27.5,4.9,22.450000000000003,4.87,23.0,5.666666666666667,19.05,22.400000000000002,26.84239130434783
2,3,Marco Belinelli,0.0,SA,ORL,-4.0,222.5,113.3,1,1.3,11.7,31.0,SF,3300,2,17.0,10.0,100,106,-1%,9,6,6,18,17,16,14.2,11.6,4.9,18.3,5.3,2.0,0.6,14.8,4.47,11.9,14.0,3.6,13.350000000000001,4.035,17.0,7.0,12.469999999999999,14.666666666666666,10.994117647058825
2,4,Trae Young,0.0,ATL,POR,-1.5,238.5,120.0,18,48.0,56.5,71.0,PG,10300,0,36.0,25.0,103,111,8%,23,23,22,35,37,36,56.5,53.4,39.3,67.5,34.6,53.5,5.2,56.3,5.46,57.9,36.5,5.6,57.099999999999994,5.529999999999999,36.0,22.666666666666668,54.75999999999999,58.5,57.893055555555556
2,5,Lonnie Walker IV,0.0,SA,ORL,-4.0,222.5,113.3,21,6.5,16.2,24.8,SG/SF,3400,2,18.0,11.0,100,106,-1%,7,6,5,25,23,14,16.2,11.1,2.3,19.8,10.6,3.3,1.0,17.5,5.15,17.3,20.5,5.1,17.4,5.125,20.666666666666668,6.0,13.359999999999996,15.833333333333334,17.259677419354837
2,6,Larry Nance Jr.,0.0,CLE,IND,9.0,215.0,103.0,24,11.3,25.9,39.8,PF/C,6100,0,16.0,17.0,101,105,-7%,7,9,7,24,27,25,25.9,24.5,13.6,35.5,25.2,16.8,2.8,25.5,4.18,26.1,29.5,4.3,25.8,4.24,25.333333333333332,7.666666666666667,25.06,25.666666666666668,30.043421052631583
2,7,T.J. Warren,0.0,IND,CLE,-9.0,215.0,112.0,24,15.0,34.0,52.8,SF/PF,5900,1,22.0,17.0,101,113,4%,13,15,14,33,34,33,34.0,28.9,17.6,40.2,36.2,44.3,7.5,31.0,5.25,31.0,34.5,5.3,31.0,5.275,33.333333333333336,14.0,30.339999999999996,33.93333333333333,32.085
3,0,Collin Sexton,0.0,CLE,IND,9.0,215.0,103.0,5,20.5,33.0,44.0,PG/SG,6200,0,27.0,16.0,101,105,-2%,18,16,17,36,34,33,33.0,30.4,23.3,37.6,37.0,24.8,4.0,30.5,4.92,30.4,34.5,4.9,30.45,4.91,34.333333333333336,17.0,30.95,32.5,30.59781553398058
3,1,Michael Carter-Williams,0.0,ORL,SA,4.0,222.5,109.3,27,8.0,16.1,24.3,PG/SG,3400,0,19.0,15.0,102,111,3%,5,4,6,17,18,18,16.1,17.6,9.8,25.3,18.7,18.3,5.4,17.5,5.15,15.8,16.5,4.6,16.65,4.875,17.666666666666668,5.0,17.089999999999996,16.133333333333336,15.550471698113205
3,2,Doug McDermott,0.0,IND,CLE,-9.0,215.0,112.0,24,5.0,11.8,18.0,SF/PF,3000,1,19.0,14.0,101,113,4%,8,6,8,14,14,20,11.8,16.2,8.5,23.8,10.2,10.8,3.6,13.8,4.58,12.1,15.5,4.0,12.95,4.29,16.0,7.333333333333333,14.65,11.6,12.5453125
3,3,Garrett Temple,0.0,BKN,MIA,7.0,218.0,105.5,24,16.0,27.8,38.3,SG/SF,4400,0,17.0,10.0,101,107,-1%,13,11,10,32,30,29,27.8,21.9,13.3,30.5,22.2,21.8,5.0,21.8,4.94,21.2,29.5,4.8,21.5,4.87,30.333333333333332,11.333333333333334,23.0,27.366666666666664,20.90934065934066
3,4,Rajon Rondo,0.0,LAL,MEM,-9.0,226.5,117.8,19,4.8,15.6,29.0,PG,4200,1,21.0,14.0,106,109,3%,7,4,7,19,18,21,15.6,20.8,9.6,31.9,25.1,10.3,2.5,17.8,4.23,16.7,17.5,4.0,17.25,4.115,19.333333333333332,6.0,19.029999999999998,16.466666666666665,15.614224137931036
3,5,Jimmy Butler,0.0,MIA,BKN,-7.0,218.0,112.5,27,34.5,41.5,51.5,SG/SF,7800,0,26.0,24.0,104,106,0%,12,16,14,34,34,35,41.5,42.8,33.4,52.2,36.4,36.5,4.7,40.5,5.19,41.6,33.5,5.3,41.05,5.245,34.333333333333336,14.0,42.19,42.5,40.05364077669902
3,6,Damian Jones,0.0,ATL,POR,-1.5,238.5,120.0,18,3.8,9.5,13.5,C,3000,0,11.0,16.0,103,111,5%,2,2,3,9,14,17,9.4,13.9,5.6,22.2,5.7,1.3,0.4,9.8,3.25,0.0,0.0,0.0,4.9,1.625,13.333333333333334,2.3333333333333335,11.2,8.933333333333334,0.0
3,7,Aaron Gordon,0.0,ORL,SA,4.0,222.5,109.3,4,42.0,52.5,57.0,PF,8500,0,21.0,15.0,102,111,0%,14,14,13,41,40,33,52.8,33.4,22.7,44.1,36.0,24.0,2.8,36.3,4.26,39.3,37.5,4.6,37.8,4.43,38.0,13.666666666666666,38.15999999999999,50.5,37.30263157894736
4,0,Anfernee Simons,0.0,POR,ATL,1.5,238.5,118.5,4,8.0,17.8,34.8,PG/SG,3400,1,19.0,9.0,106,112,4%,10,10,8,21,23,23,17.8,15.6,7.8,23.3,15.8,12.3,3.6,17.5,5.15,16.9,21.0,5.0,17.2,5.075,22.333333333333332,9.333333333333334,16.34,20.2,16.17313432835821
4,1,John Konchar,0.0,MEM,LAL,9.0,226.5,108.8,14,4.5,12.3,24.8,SG/SF,3200,0,0.0,0.0,103,103,-1%,3,3,2,11,11,8,12.3,7.2,-2.0,16.3,12.4,18.3,5.7,11.0,3.44,11.4,13.5,3.6,11.2,3.52,10.0,2.6666666666666665,9.0,13.866666666666667,15.12
4,2,James Ennis III,0.0,ORL,SA,4.0,222.5,109.3,22,5.8,15.0,22.0,SF/PF,3700,0,16.0,12.0,102,111,3%,8,6,5,25,22,17,14.9,13.0,6.1,19.9,27.5,28.5,7.7,17.0,4.59,19.1,26.5,5.2,18.05,4.895,21.333333333333332,6.333333333333333,14.39,14.266666666666666,22.421484375000002
4,3,Marco Belinelli,0.0,SA,ORL,-4.0,222.5,113.3,1,1.3,11.7,31.0,SF,3300,2,17.0,10.0,100,106,-1%,9,6,6,18,17,16,14.2,11.6,4.9,18.3,5.3,2.0,0.6,14.8,4.47,11.9,14.0,3.6,13.350000000000001,4.035,17.0,7.0,12.469999999999999,14.666666666666666,10.994117647058825
4,4,Aaron Holiday,0.0,IND,CLE,-9.0,215.0,112.0,13,5.0,14.0,28.5,PG/SG,4200,1,21.0,13.0,101,113,7%,5,7,9,22,22,24,15.6,20.8,9.9,31.7,15.1,7.5,1.8,19.5,4.64,15.0,17.5,3.6,17.25,4.12,22.666666666666668,7.0,19.05,15.833333333333334,13.318014705882351
4,5,De'Andre Hunter,0.0,ATL,POR,-1.5,238.5,120.0,7,15.8,29.4,37.0,SF/PF,4700,0,17.0,9.0,103,111,8%,9,12,11,34,34,32,29.4,22.9,13.0,32.7,38.3,30.5,6.5,23.3,4.95,25.2,34.5,5.4,24.25,5.175000000000001,33.333333333333336,10.666666666666666,24.45,27.400000000000002,25.09875
4,6,Kelly Olynyk,0.0,MIA,BKN,-7.0,218.0,112.5,25,13.3,25.9,36.3,PF/C,4600,0,16.0,14.0,104,106,8%,6,6,6,18,18,20,25.9,19.0,8.4,29.6,15.8,13.0,2.8,15.5,3.37,14.9,15.0,3.2,15.2,3.285,18.666666666666668,6.0,19.62,25.166666666666668,12.214285714285712
4,7,Jayson Tatum,0.0,BOS,HOU,1.5,232.0,115.3,29,49.5,53.8,57.3,SF/PF,9400,2,28.0,21.0,106,107,8%,21,21,19,36,39,35,54.0,41.6,30.9,52.3,44.6,64.8,6.9,47.3,5.03,49.8,36.0,5.3,48.55,5.165,36.666666666666664,20.333333333333332,45.46999999999999,53.53333333333333,47.66727272727273
5,0,Brad Wanamaker,0.0,BOS,HOU,1.5,232.0,115.3,23,10.8,16.7,28.3,PG/SG,3100,2,17.0,12.0,106,107,1%,6,5,6,24,23,20,16.3,16.0,9.6,22.5,13.0,3.5,1.1,17.5,5.65,17.4,21.5,5.6,17.45,5.625,22.333333333333332,5.666666666666667,16.369999999999997,18.599999999999998,16.798880597014925
5,1,Joe Harris,0.0,BKN,MIA,7.0,218.0,105.5,24,15.3,21.7,28.8,SG/SF,4500,0,17.0,12.0,101,107,1%,13,11,11,29,29,32,21.6,24.6,17.0,32.3,30.9,32.0,7.1,25.3,5.61,23.9,30.0,5.3,24.6,5.455,30.0,11.666666666666666,24.02,21.933333333333334,24.6
5,2,Mario Hezonja,0.0,POR,ATL,1.5,238.5,118.5,18,1.5,8.8,29.0,SF/PF,3000,1,13.0,8.0,106,112,4%,2,3,4,13,14,16,8.8,11.1,3.1,19.2,12.6,15.5,5.2,7.8,2.58,8.3,10.5,2.8,8.05,2.69,14.333333333333334,3.0,10.05,13.1,5.897093023255815
5,3,Romeo Langford,0.0,BOS,HOU,1.5,232.0,115.3,13,0.0,2.5,5.5,SG/SF,3000,2,0.0,0.0,106,107,1%,4,2,2,14,12,11,2.5,5.4,-1.7,12.4,11.1,2.5,0.8,4.5,1.5,6.6,11.5,2.2,5.55,1.85,12.333333333333334,2.6666666666666665,4.83,2.6666666666666665,5.175
5,4,Spencer Dinwiddie,0.0,BKN,MIA,7.0,218.0,105.5,22,27.5,37.5,49.8,PG/SG,7400,0,31.0,18.0,101,107,-8%,14,15,17,33,33,32,37.5,38.2,28.3,48.1,32.4,49.0,6.6,36.0,4.86,37.7,33.5,5.1,36.85,4.98,32.666666666666664,15.333333333333334,37.790000000000006,38.266666666666666,37.79005102040817
5,5,Danuel House Jr.,0.0,HOU,BOS,-1.5,232.0,116.8,25,5.5,18.8,30.8,SF/PF,3800,2,13.0,11.0,102,104,-2%,5,6,8,26,27,31,18.8,22.0,12.2,31.8,33.7,19.0,5.0,17.5,4.61,18.0,25.5,4.7,17.75,4.655,28.0,6.333333333333333,20.509999999999998,18.366666666666667,16.16517857142857
5,6,Myles Turner,0.0,IND,CLE,-9.0,215.0,112.0,21,22.5,31.0,42.0,C,5300,1,17.0,15.0,101,113,0%,12,11,9,30,31,30,31.6,27.7,18.3,37.0,35.9,32.0,6.0,28.8,5.42,28.8,30.5,5.4,28.8,5.41,30.333333333333332,10.666666666666666,28.68,31.833333333333332,28.958241758241762
5,7,Mychal Mulder,0.0,GS,PHO,9.5,222.0,106.3,4,0.0,0.0,0.0,SG,3400,1,0.0,0.0,104,106,2%,6,6,6,22,22,22,7.0,7.0,7.0,7.0,33.7,23.0,6.8,11.5,3.38,0.0,0.0,0.0,5.75,1.69,22.0,6.0,6.75,0.0,0.0
7,0,Anfernee Simons,0.0,POR,ATL,1.5,238.5,118.5,4,8.0,17.8,34.8,PG/SG,3400,1,19.0,9.0,106,112,4%,10,10,8,21,23,23,17.8,15.6,7.8,23.3,15.8,12.3,3.6,17.5,5.15,16.9,21.0,5.0,17.2,5.075,22.333333333333332,9.333333333333334,16.34,20.2,16.17313432835821
7,1,DeMar DeRozan,0.0,SA,ORL,-4.0,222.5,113.3,21,20.8,35.4,51.5,SG/SF,7600,2,27.0,22.0,100,106,-1%,16,16,16,35,34,35,41.0,39.9,31.4,48.3,32.9,35.8,4.7,39.0,5.13,43.1,34.0,5.7,41.05,5.415,34.666666666666664,16.0,40.33,35.9,40.26057692307692
7,2,Vince Carter,0.0,ATL,POR,-1.5,238.5,120.0,7,1.3,3.7,10.0,SF/PF,3000,0,16.0,8.0,103,111,-2%,3,2,5,8,7,15,3.7,10.7,3.0,18.5,12.2,12.0,4.0,6.3,2.08,0.0,0.0,0.0,3.15,1.04,10.0,3.3333333333333335,7.81,5.0,0.0
7,3,Andre Iguodala,0.0,MIA,BKN,-7.0,218.0,112.5,27,5.3,13.6,22.3,SG/SF,3200,0,0.0,0.0,104,106,-13%,4,4,4,18,19,20,13.4,14.3,8.2,20.3,11.8,12.3,3.8,15.3,4.77,13.2,17.0,4.1,14.25,4.435,19.0,4.0,14.09,13.733333333333334,12.75
7,4,Collin Sexton,0.0,CLE,IND,9.0,215.0,103.0,5,20.5,33.0,44.0,PG/SG,6200,0,27.0,16.0,101,105,-2%,18,16,17,36,34,33,33.0,30.4,23.3,37.6,37.0,24.8,4.0,30.5,4.92,30.4,34.5,4.9,30.45,4.91,34.333333333333336,17.0,30.95,32.5,30.59781553398058
7,5,Derrick Jones Jr.,0.0,MIA,BKN,-7.0,218.0,112.5,11,14.0,21.8,32.5,SF/PF,3900,0,14.0,15.0,104,106,-13%,5,6,7,21,24,26,21.8,19.8,11.2,28.5,19.7,24.0,6.2,19.3,4.94,16.6,21.5,4.3,17.950000000000003,4.62,23.666666666666668,6.0,19.85,22.766666666666666,16.306690140845074
7,6,Kyle Kuzma,0.0,LAL,MEM,-9.0,226.5,117.8,16,8.8,17.6,26.8,PF/C,4600,1,23.0,12.0,106,109,0%,15,10,11,28,23,25,21.2,22.0,12.4,31.5,26.3,17.8,3.9,21.5,4.67,19.3,21.0,4.2,20.4,4.4350000000000005,25.333333333333332,12.0,21.5,17.733333333333334,16.910526315789472
7,7,Daniel Theis,0.0,BOS,HOU,1.5,232.0,115.3,10,23.3,30.4,48.0,C,4900,2,15.0,18.0,106,107,5%,9,10,7,25,27,24,30.4,23.9,16.1,31.7,39.1,36.8,7.5,26.3,5.36,25.6,26.0,5.2,25.950000000000003,5.28,25.333333333333332,8.666666666666666,25.610000000000003,33.9,26.63289473684211
9,0,CJ McCollum,0.0,POR,ATL,1.5,238.5,118.5,4,37.3,52.5,76.3,PG/SG,9200,1,26.0,17.0,106,112,4%,26,26,20,38,39,37,52.5,37.4,25.7,49.0,38.9,53.3,5.8,45.3,4.92,47.9,38.0,5.2,46.599999999999994,5.0600000000000005,38.0,24.0,42.239999999999995,55.36666666666667,46.599999999999994
9,1,Terrence Ross,0.0,ORL,SA,4.0,222.5,109.3,6,19.0,33.0,51.3,SG/SF,5400,0,22.0,13.0,102,111,0%,20,16,12,31,31,27,33.0,23.5,15.3,31.8,32.5,31.5,5.8,25.0,4.63,24.3,28.0,4.5,24.65,4.5649999999999995,29.666666666666668,16.0,25.65,34.43333333333333,23.265168539325842
9,2,Aaron Gordon,0.0,ORL,SA,4.0,222.5,109.3,4,42.0,52.5,57.0,PF,8500,0,21.0,15.0,102,111,0%,14,14,13,41,40,33,52.8,33.4,22.7,44.1,36.0,24.0,2.8,36.3,4.26,39.3,37.5,4.6,37.8,4.43,38.0,13.666666666666666,38.15999999999999,50.5,37.30263157894736
9,3,Evan Fournier,0.0,ORL,SA,4.0,222.5,109.3,6,19.3,32.9,46.5,SG/SF,6500,0,25.0,17.0,102,111,3%,13,15,14,32,33,32,32.9,29.8,21.8,37.9,29.5,45.8,7.0,29.0,4.46,29.4,32.5,4.5,29.2,4.48,32.333333333333336,14.0,30.32,32.9,29.35051546391752
9,4,Matthew Dellavedova,0.0,CLE,IND,9.0,215.0,103.0,5,1.3,8.7,19.3,PG,3100,0,16.0,7.0,101,105,-2%,6,3,3,22,13,12,8.7,8.4,2.9,13.9,18.5,8.0,2.6,10.0,3.23,8.9,13.5,2.9,9.45,3.065,15.666666666666666,4.0,8.669999999999998,9.766666666666667,8.143085106382978
9,5,Robert Covington,0.0,HOU,BOS,-1.5,232.0,116.8,25,27.0,34.0,39.3,SF/PF,5900,2,16.0,14.0,102,104,-5%,9,11,11,30,32,30,34.0,28.7,20.5,36.9,39.0,46.0,7.8,29.5,5.0,31.6,33.5,5.4,30.55,5.2,30.666666666666668,10.333333333333334,30.130000000000003,33.43333333333333,33.37255434782609
9,6,Daniel Theis,0.0,BOS,HOU,1.5,232.0,115.3,10,23.3,30.4,48.0,C,4900,2,15.0,18.0,106,107,5%,9,10,7,25,27,24,30.4,23.9,16.1,31.7,39.1,36.8,7.5,26.3,5.36,25.6,26.0,5.2,25.950000000000003,5.28,25.333333333333332,8.666666666666666,25.610000000000003,33.9,26.63289473684211
9,7,Avery Bradley,0.0,LAL,MEM,-9.0,226.5,117.8,19,8.0,16.4,30.3,PG/SG,3300,1,15.0,9.0,106,109,6%,8,7,8,22,27,24,16.4,15.1,7.3,23.0,20.7,10.3,3.1,15.5,4.7,17.1,27.5,5.2,16.3,4.95,24.333333333333332,7.666666666666667,15.62,18.233333333333334,18.42123287671233
10,0,Rajon Rondo,0.0,LAL,MEM,-9.0,226.5,117.8,19,4.8,15.6,29.0,PG,4200,1,21.0,14.0,106,109,3%,7,4,7,19,18,21,15.6,20.8,9.6,31.9,25.1,10.3,2.5,17.8,4.23,16.7,17.5,4.0,17.25,4.115,19.333333333333332,6.0,19.029999999999998,16.466666666666665,15.614224137931036
10,1,Andre Iguodala,0.0,MIA,BKN,-7.0,218.0,112.5,27,5.3,13.6,22.3,SG/SF,3200,0,0.0,0.0,104,106,-13%,4,4,4,18,19,20,13.4,14.3,8.2,20.3,11.8,12.3,3.8,15.3,4.77,13.2,17.0,4.1,14.25,4.435,19.0,4.0,14.09,13.733333333333334,12.75
10,2,Jeff Green,0.0,HOU,BOS,-1.5,232.0,116.8,11,7.8,18.4,24.8,PF/C,3300,2,15.0,11.0,102,104,-5%,6,6,6,20,19,19,18.4,14.4,7.8,20.9,13.8,8.3,2.5,11.0,3.33,10.7,15.0,3.2,10.85,3.265,19.333333333333332,6.0,14.469999999999999,17.0,8.418103448275863
10,3,Cedi Osman,0.0,CLE,IND,9.0,215.0,103.0,5,8.0,21.9,40.3,SF/PF,3900,0,17.0,11.0,101,105,-14%,7,9,9,28,31,29,23.3,21.3,13.2,29.5,22.3,12.8,3.3,21.3,5.45,19.2,29.0,4.9,20.25,5.175000000000001,29.333333333333332,8.333333333333334,21.509999999999998,23.399999999999995,20.019886363636367
10,4,Evan Fournier,0.0,ORL,SA,4.0,222.5,109.3,6,19.3,32.9,46.5,SG/SF,6500,0,25.0,17.0,102,111,3%,13,15,14,32,33,32,32.9,29.8,21.8,37.9,29.5,45.8,7.0,29.0,4.46,29.4,32.5,4.5,29.2,4.48,32.333333333333336,14.0,30.32,32.9,29.35051546391752
10,5,Justin Holiday,0.0,IND,CLE,-9.0,215.0,112.0,20,14.3,19.7,31.3,SG/SF,4300,1,13.0,13.0,101,113,9%,9,7,7,23,25,26,19.7,19.3,11.4,27.2,14.3,11.3,2.6,20.5,4.77,18.5,25.0,4.3,19.5,4.535,24.666666666666668,7.666666666666667,19.42,21.766666666666666,19.763513513513512
10,6,P.J. Tucker,0.0,HOU,BOS,-1.5,232.0,116.8,19,13.8,18.0,24.8,C,3500,2,9.0,9.0,102,104,-5%,6,5,6,25,30,35,18.0,22.3,13.0,31.5,39.3,33.8,9.7,16.8,4.79,18.7,33.0,5.3,17.75,5.045,30.0,5.666666666666667,20.509999999999998,18.866666666666667,19.525
10,7,Yuta Watanabe,0.0,MEM,LAL,9.0,226.5,108.8,28,0.0,5.1,14.3,SF/PF,3000,0,0.0,0.0,103,103,-1%,3,3,2,10,9,6,5.1,3.7,-0.9,8.3,12.6,7.5,2.5,2.5,0.83,0.0,0.0,0.0,1.25,0.415,8.333333333333334,2.6666666666666665,3.4900000000000007,6.466666666666666,0.0
11,0,Darius Garland,0.0,CLE,IND,9.0,215.0,103.0,5,13.5,24.7,36.8,PG,4500,0,21.0,9.0,101,105,-2%,14,12,12,35,36,31,24.6,21.7,13.9,29.5,29.8,19.0,4.2,24.0,5.33,22.4,34.0,5.0,23.2,5.165,34.0,12.666666666666666,22.580000000000002,25.0,23.2
11,1,Kendrick Nunn,0.0,MIA,BKN,-7.0,218.0,112.5,1,19.5,31.7,46.0,PG/SG,5700,0,24.0,14.0,104,106,2%,15,13,14,26,29,30,31.7,27.0,17.4,36.6,35.5,29.0,5.1,25.5,4.47,26.4,29.5,4.6,25.95,4.535,28.333333333333332,14.0,27.73,32.4,27.018529411764707
11,2,Wilson Chandler,0.0,BKN,MIA,7.0,218.0,105.5,21,5.3,14.0,23.5,PF,3200,0,13.0,9.0,101,107,1%,5,6,5,21,25,21,14.0,15.1,9.0,21.2,19.7,17.3,5.4,15.5,4.84,15.1,21.5,4.7,15.3,4.77,22.333333333333332,5.333333333333333,14.919999999999998,14.266666666666666,14.72910447761194
11,3,Juan Toscano-Anderson,0.0,GS,PHO,9.5,222.0,106.3,26,7.3,19.6,37.5,SF/PF,3700,1,0.0,0.0,104,108,0%,5,6,5,21,22,20,19.6,17.3,5.8,28.9,30.9,15.5,4.2,18.5,5.0,26.3,30.5,7.1,22.4,6.05,21.0,5.333333333333333,18.8,21.46666666666667,32.53333333333333
11,4,Jimmy Butler,0.0,MIA,BKN,-7.0,218.0,112.5,27,34.5,41.5,51.5,SG/SF,7800,0,26.0,24.0,104,106,0%,12,16,14,34,34,35,41.5,42.8,33.4,52.2,36.4,36.5,4.7,40.5,5.19,41.6,33.5,5.3,41.05,5.245,34.333333333333336,14.0,42.19,42.5,40.05364077669902
11,5,Domantas Sabonis,0.0,IND,CLE,-9.0,215.0,112.0,10,32.3,43.2,54.8,PF/C,9100,1,24.0,21.0,101,113,0%,13,14,14,29,31,35,42.9,44.2,35.1,53.4,41.9,55.3,6.1,44.0,4.84,43.7,34.5,4.8,43.85,4.82,31.666666666666668,13.666666666666666,43.89,43.43333333333334,47.773421052631576
11,6,JaVale McGee,0.0,LAL,MEM,-9.0,226.5,117.8,4,9.8,14.1,21.5,C,3600,1,15.0,21.0,106,109,5%,4,3,5,16,14,17,14.1,18.9,10.3,27.6,16.6,7.8,2.2,16.5,4.58,15.3,14.0,4.3,15.9,4.4399999999999995,15.666666666666666,4.0,17.360000000000003,15.133333333333333,14.208510638297872
11,7,Austin Rivers,0.0,HOU,BOS,-1.5,232.0,116.8,21,4.5,18.3,36.5,PG/SG,3600,2,15.0,11.0,102,104,-6%,10,7,8,25,22,24,18.3,16.5,8.1,25.0,21.8,9.8,2.7,12.0,3.33,11.1,17.0,3.1,11.55,3.215,23.666666666666668,8.333333333333334,15.889999999999997,19.766666666666666,8.296478873239437
12,0,Kendrick Nunn,0.0,MIA,BKN,-7.0,218.0,112.5,1,19.5,31.7,46.0,PG/SG,5700,0,24.0,14.0,104,106,2%,15,13,14,26,29,30,31.7,27.0,17.4,36.6,35.5,29.0,5.1,25.5,4.47,26.4,29.5,4.6,25.95,4.535,28.333333333333332,14.0,27.73,32.4,27.018529411764707
12,1,Alex Caruso,0.0,LAL,MEM,-9.0,226.5,117.8,19,8.0,19.2,29.3,PG/SG,3500,1,14.0,11.0,106,109,6%,5,6,5,16,17,19,19.1,14.0,6.8,21.3,20.6,14.0,4.0,16.5,4.71,20.2,25.0,5.8,18.35,5.255,17.333333333333332,5.333333333333333,15.910000000000002,18.833333333333332,26.46634615384616
12,2,Jeff Green,0.0,HOU,BOS,-1.5,232.0,116.8,11,7.8,18.4,24.8,PF/C,3300,2,15.0,11.0,102,104,-5%,6,6,6,20,19,19,18.4,14.4,7.8,20.9,13.8,8.3,2.5,11.0,3.33,10.7,15.0,3.2,10.85,3.265,19.333333333333332,6.0,14.469999999999999,17.0,8.418103448275863
12,3,Gordon Hayward,0.0,BOS,HOU,1.5,232.0,115.3,29,19.3,34.1,50.3,SF/PF,7400,2,21.0,18.0,106,107,8%,10,14,13,33,38,34,34.1,34.5,23.4,45.5,40.5,38.0,5.1,38.0,5.14,37.4,34.5,5.1,37.7,5.119999999999999,35.0,12.333333333333334,35.04,34.56666666666667,37.16142857142857
12,4,Russell Westbrook,0.0,HOU,BOS,-1.5,232.0,116.8,21,44.3,54.2,62.3,PG,10100,2,35.0,22.0,102,104,-6%,25,25,23,36,36,36,54.2,52.4,41.2,63.6,43.3,62.0,6.1,50.0,4.95,53.8,37.0,5.3,51.9,5.125,36.0,24.333333333333332,52.65999999999999,53.6,53.34166666666667
12,5,Doug McDermott,0.0,IND,CLE,-9.0,215.0,112.0,24,5.0,11.8,18.0,SF/PF,3000,1,19.0,14.0,101,113,4%,8,6,8,14,14,20,11.8,16.2,8.5,23.8,10.2,10.8,3.6,13.8,4.58,12.1,15.5,4.0,12.95,4.29,16.0,7.333333333333333,14.65,11.6,12.5453125
12,6,Bruno Fernando,0.0,ATL,POR,-1.5,238.5,120.0,18,9.0,17.8,27.3,C,3500,0,16.0,12.0,103,111,4%,8,6,4,21,16,13,17.8,11.2,3.6,18.9,17.1,16.0,4.6,18.0,5.14,19.6,21.0,5.6,18.8,5.369999999999999,16.666666666666668,6.0,14.059999999999999,18.033333333333335,23.688
12,7,Rudy Gay,0.0,SA,ORL,-4.0,222.5,113.3,1,10.5,17.6,27.0,SF/PF,3300,2,21.0,14.0,100,106,-4%,10,8,8,20,18,21,17.6,20.9,12.3,29.5,29.9,39.0,11.8,20.5,6.21,20.7,20.5,6.3,20.6,6.255,19.666666666666668,8.666666666666666,20.18,18.366666666666667,21.472881355932202
13,0,Quinn Cook,0.0,LAL,MEM,-9.0,226.5,117.8,19,0.8,4.6,10.5,PG,3000,1,21.0,11.0,106,109,3%,4,3,5,6,5,11,4.6,8.8,0.2,17.5,1.8,1.3,0.4,6.0,2.0,0.0,0.0,0.0,3.0,1.0,7.333333333333333,4.0,6.8199999999999985,5.3,0.0
13,1,DeMar DeRozan,0.0,SA,ORL,-4.0,222.5,113.3,21,20.8,35.4,51.5,SG/SF,7600,2,27.0,22.0,100,106,-1%,16,16,16,35,34,35,41.0,39.9,31.4,48.3,32.9,35.8,4.7,39.0,5.13,43.1,34.0,5.7,41.05,5.415,34.666666666666664,16.0,40.33,35.9,40.26057692307692
13,2,De'Andre Hunter,0.0,ATL,POR,-1.5,238.5,120.0,7,15.8,29.4,37.0,SF/PF,4700,0,17.0,9.0,103,111,8%,9,12,11,34,34,32,29.4,22.9,13.0,32.7,38.3,30.5,6.5,23.3,4.95,25.2,34.5,5.4,24.25,5.175000000000001,33.333333333333336,10.666666666666666,24.45,27.400000000000002,25.09875
13,3,Gordon Hayward,0.0,BOS,HOU,1.5,232.0,115.3,29,19.3,34.1,50.3,SF/PF,7400,2,21.0,18.0,106,107,8%,10,14,13,33,38,34,34.1,34.5,23.4,45.5,40.5,38.0,5.1,38.0,5.14,37.4,34.5,5.1,37.7,5.119999999999999,35.0,12.333333333333334,35.04,34.56666666666667,37.16142857142857
13,4,Bryn Forbes,0.0,SA,ORL,-4.0,222.5,113.3,25,11.5,18.6,27.3,PG/SG,3200,2,18.0,11.0,100,106,-1%,7,7,9,21,24,25,18.6,18.4,10.2,26.7,23.7,15.8,4.9,18.0,5.63,18.6,24.0,5.8,18.3,5.715,23.333333333333332,7.666666666666667,18.44,19.133333333333336,18.822857142857146
13,5,Kevin Love,0.0,CLE,IND,9.0,215.0,103.0,24,11.3,28.7,45.5,PF,6700,0,23.0,18.0,101,105,-7%,10,10,13,30,29,32,28.7,37.0,25.5,48.6,37.3,48.5,7.2,34.0,5.07,32.6,31.0,4.9,33.3,4.985,30.333333333333332,11.0,34.620000000000005,28.5,34.03186813186813
13,6,Jarrett Allen,0.0,BKN,MIA,7.0,218.0,105.5,12,1.5,23.9,41.8,C,4800,0,15.0,21.0,101,107,-6%,2,5,7,20,22,27,30.4,29.9,19.0,40.8,27.8,32.3,6.7,23.3,4.84,25.0,24.0,5.2,24.15,5.02,23.0,4.666666666666667,28.85,22.399999999999995,25.200000000000003
13,7,John Konchar,0.0,MEM,LAL,9.0,226.5,108.8,14,4.5,12.3,24.8,SG/SF,3200,0,0.0,0.0,103,103,-1%,3,3,2,11,11,8,12.3,7.2,-2.0,16.3,12.4,18.3,5.7,11.0,3.44,11.4,13.5,3.6,11.2,3.52,10.0,2.6666666666666665,9.0,13.866666666666667,15.12
14,0,CJ McCollum,0.0,POR,ATL,1.5,238.5,118.5,4,37.3,52.5,76.3,PG/SG,9200,1,26.0,17.0,106,112,4%,26,26,20,38,39,37,52.5,37.4,25.7,49.0,38.9,53.3,5.8,45.3,4.92,47.9,38.0,5.2,46.599999999999994,5.0600000000000005,38.0,24.0,42.239999999999995,55.36666666666667,46.599999999999994
14,1,Jevon Carter,0.0,PHO,GS,-9.5,222.0,115.8,29,2.5,10.9,18.3,PG/SG,3000,0,14.0,11.0,103,111,7%,4,4,4,17,14,14,10.5,10.8,3.4,18.2,12.3,1.5,0.5,11.5,3.83,11.9,15.5,4.0,11.7,3.915,15.0,4.0,10.919999999999998,10.566666666666668,12.089999999999998
14,2,Eric Paschall,0.0,GS,PHO,9.5,222.0,106.3,26,19.8,22.8,30.3,SF/PF,4900,1,21.0,14.0,104,108,0%,11,9,11,31,31,28,23.0,23.6,13.2,34.1,32.5,34.8,7.1,24.0,4.9,28.4,32.0,5.8,26.2,5.35,30.0,10.333333333333334,24.020000000000003,24.3,27.946666666666665
14,3,Duncan Robinson,0.0,MIA,BKN,-7.0,218.0,112.5,27,15.5,23.1,36.3,SG/SF,4800,0,15.0,12.0,104,106,2%,9,11,10,31,33,30,23.1,22.5,14.0,30.9,28.0,16.8,3.5,22.8,4.74,23.9,32.0,5.0,23.35,4.87,31.333333333333332,10.0,22.77,24.96666666666667,23.8468085106383
14,4,Patty Mills,0.0,SA,ORL,-4.0,222.5,113.3,25,14.8,17.3,21.0,PG/SG,3200,2,20.0,14.0,100,106,0%,11,10,9,22,22,23,17.3,19.3,10.6,28.0,21.3,11.8,3.7,19.3,6.02,19.4,24.0,6.1,19.35,6.06,22.333333333333332,10.0,18.909999999999997,17.7,20.79402985074627
14,5,Kevin Love,0.0,CLE,IND,9.0,215.0,103.0,24,11.3,28.7,45.5,PF,6700,0,23.0,18.0,101,105,-7%,10,10,13,30,29,32,28.7,37.0,25.5,48.6,37.3,48.5,7.2,34.0,5.07,32.6,31.0,4.9,33.3,4.985,30.333333333333332,11.0,34.620000000000005,28.5,34.03186813186813
14,6,Nikola Vucevic,0.0,ORL,SA,4.0,222.5,109.3,27,40.0,47.6,55.5,C,8800,0,26.0,22.0,102,111,2%,17,19,17,33,35,33,47.5,43.5,34.5,52.4,35.8,26.3,3.0,49.8,5.65,45.7,33.5,5.2,47.75,5.425000000000001,33.666666666666664,17.666666666666668,45.13,47.699999999999996,47.51361386138614
14,7,Marquese Chriss,0.0,GS,PHO,9.5,222.0,106.3,3,20.3,31.5,43.5,C,5400,1,19.0,19.0,104,108,0%,8,9,6,24,25,19,31.4,21.6,11.6,31.6,25.7,33.8,6.3,30.3,5.6,33.5,29.0,6.2,31.9,5.9,22.666666666666668,7.666666666666667,25.619999999999997,31.766666666666666,40.813235294117646
15,0,Darius Garland,0.0,CLE,IND,9.0,215.0,103.0,5,13.5,24.7,36.8,PG,4500,0,21.0,9.0,101,105,-2%,14,12,12,35,36,31,24.6,21.7,13.9,29.5,29.8,19.0,4.2,24.0,5.33,22.4,34.0,5.0,23.2,5.165,34.0,12.666666666666666,22.580000000000002,25.0,23.2
15,1,Mikal Bridges,0.0,PHO,GS,-9.5,222.0,115.8,15,11.8,22.9,30.3,SG/SF,5200,0,12.0,13.0,103,111,4%,8,6,6,38,32,26,23.3,19.7,10.2,29.3,38.9,29.8,5.7,27.5,5.29,28.7,35.5,5.5,28.1,5.395,32.0,6.666666666666667,22.119999999999997,21.666666666666668,31.173437500000002
15,2,Kelly Olynyk,0.0,MIA,BKN,-7.0,218.0,112.5,25,13.3,25.9,36.3,PF/C,4600,0,16.0,14.0,104,106,8%,6,6,6,18,18,20,25.9,19.0,8.4,29.6,15.8,13.0,2.8,15.5,3.37,14.9,15.0,3.2,15.2,3.285,18.666666666666668,6.0,19.62,25.166666666666668,12.214285714285712
15,3,Derrick Jones Jr.,0.0,MIA,BKN,-7.0,218.0,112.5,11,14.0,21.8,32.5,SF/PF,3900,0,14.0,15.0,104,106,-13%,5,6,7,21,24,26,21.8,19.8,11.2,28.5,19.7,24.0,6.2,19.3,4.94,16.6,21.5,4.3,17.950000000000003,4.62,23.666666666666668,6.0,19.85,22.766666666666666,16.306690140845074
15,4,Dillon Brooks,0.0,MEM,LAL,9.0,226.5,108.8,14,15.0,23.0,38.5,SG,5200,0,24.0,11.0,103,103,-5%,24,17,15,35,30,29,22.9,26.5,16.6,36.4,34.8,30.8,5.9,27.5,5.29,27.3,31.5,5.3,27.4,5.295,31.333333333333332,18.666666666666668,25.96,25.5,27.54574468085106
15,5,Josh Jackson,0.0,MEM,LAL,9.0,226.5,108.8,28,15.3,23.2,26.8,SF/PF,4400,0,0.0,0.0,103,103,-5%,8,9,8,24,23,21,23.1,18.9,12.5,25.4,15.2,5.5,1.3,21.5,4.89,20.4,24.0,4.6,20.95,4.744999999999999,22.666666666666668,8.333333333333334,20.17,21.766666666666666,22.182352941176468
15,6,Trey Lyles,0.0,SA,ORL,-4.0,222.5,113.3,30,14.5,20.1,25.3,PF/C,3800,2,13.0,12.0,100,106,-2%,5,6,5,21,26,19,20.1,16.1,7.9,24.3,39.8,44.8,11.8,22.5,5.92,21.8,25.0,5.7,22.15,5.8100000000000005,22.0,5.333333333333333,18.110000000000003,19.96666666666667,25.170454545454547
15,7,Bryn Forbes,0.0,SA,ORL,-4.0,222.5,113.3,25,11.5,18.6,27.3,PG/SG,3200,2,18.0,11.0,100,106,-1%,7,7,9,21,24,25,18.6,18.4,10.2,26.7,23.7,15.8,4.9,18.0,5.63,18.6,24.0,5.8,18.3,5.715,23.333333333333332,7.666666666666667,18.44,19.133333333333336,18.822857142857146
17,0,Trae Young,0.0,ATL,POR,-1.5,238.5,120.0,18,48.0,56.5,71.0,PG,10300,0,36.0,25.0,103,111,8%,23,23,22,35,37,36,56.5,53.4,39.3,67.5,34.6,53.5,5.2,56.3,5.46,57.9,36.5,5.6,57.099999999999994,5.529999999999999,36.0,22.666666666666668,54.75999999999999,58.5,57.893055555555556
17,1,Evan Fournier,0.0,ORL,SA,4.0,222.5,109.3,6,19.3,32.9,46.5,SG/SF,6500,0,25.0,17.0,102,111,3%,13,15,14,32,33,32,32.9,29.8,21.8,37.9,29.5,45.8,7.0,29.0,4.46,29.4,32.5,4.5,29.2,4.48,32.333333333333336,14.0,30.32,32.9,29.35051546391752
17,2,Mario Hezonja,0.0,POR,ATL,1.5,238.5,118.5,18,1.5,8.8,29.0,SF/PF,3000,1,13.0,8.0,106,112,4%,2,3,4,13,14,16,8.8,11.1,3.1,19.2,12.6,15.5,5.2,7.8,2.58,8.3,10.5,2.8,8.05,2.69,14.333333333333334,3.0,10.05,13.1,5.897093023255815
17,3,Cam Reddish,0.0,ATL,POR,-1.5,238.5,120.0,11,10.3,28.7,39.5,SG/SF,4300,0,18.0,8.0,103,111,4%,12,12,10,33,33,27,28.7,20.5,11.2,29.8,24.3,14.8,3.4,25.8,5.99,27.0,32.5,6.3,26.4,6.145,31.0,11.333333333333334,23.32,26.166666666666668,27.677419354838708
17,4,Anfernee Simons,0.0,POR,ATL,1.5,238.5,118.5,4,8.0,17.8,34.8,PG/SG,3400,1,19.0,9.0,106,112,4%,10,10,8,21,23,23,17.8,15.6,7.8,23.3,15.8,12.3,3.6,17.5,5.15,16.9,21.0,5.0,17.2,5.075,22.333333333333332,9.333333333333334,16.34,20.2,16.17313432835821
17,5,Nassir Little,0.0,POR,ATL,1.5,238.5,118.5,18,1.3,7.8,16.3,SF/PF,3000,1,13.0,9.0,106,112,9%,2,3,3,12,14,13,7.8,8.7,1.2,16.2,10.2,2.0,0.7,10.5,3.5,10.7,13.0,3.6,10.6,3.55,13.0,2.6666666666666665,8.900000000000002,8.466666666666667,10.6
17,6,Jeff Green,0.0,HOU,BOS,-1.5,232.0,116.8,11,7.8,18.4,24.8,PF/C,3300,2,15.0,11.0,102,104,-5%,6,6,6,20,19,19,18.4,14.4,7.8,20.9,13.8,8.3,2.5,11.0,3.33,10.7,15.0,3.2,10.85,3.265,19.333333333333332,6.0,14.469999999999999,17.0,8.418103448275863
17,7,Dragan Bender,0.0,GS,PHO,9.5,222.0,106.3,15,6.0,11.9,19.8,PF/C,3900,1,0.0,0.0,104,108,0%,5,4,4,24,17,16,11.8,11.5,6.4,16.6,30.8,38.3,9.8,18.3,4.68,21.0,28.5,5.4,19.65,5.04,19.0,4.333333333333333,13.190000000000001,12.566666666666668,29.475
18,0,Tyus Jones,0.0,MEM,LAL,9.0,226.5,108.8,3,8.0,16.3,29.8,PG,3200,0,19.0,15.0,103,103,-1%,9,8,6,20,19,19,16.3,17.3,9.5,25.0,21.6,18.3,5.7,18.0,5.63,18.1,19.5,5.7,18.05,5.665,19.333333333333332,7.666666666666667,17.229999999999997,18.033333333333335,18.205603448275863
18,1,Mikal Bridges,0.0,PHO,GS,-9.5,222.0,115.8,15,11.8,22.9,30.3,SG/SF,5200,0,12.0,13.0,103,111,4%,8,6,6,38,32,26,23.3,19.7,10.2,29.3,38.9,29.8,5.7,27.5,5.29,28.7,35.5,5.5,28.1,5.395,32.0,6.666666666666667,22.119999999999997,21.666666666666668,31.173437500000002
18,2,Kyle Anderson,0.0,MEM,LAL,9.0,226.5,108.8,28,16.3,22.6,28.3,SF/PF,4600,0,14.0,14.0,103,103,-5%,6,6,5,26,24,19,22.6,16.7,9.1,24.4,31.5,15.3,3.3,22.3,4.84,22.6,27.5,4.9,22.450000000000003,4.87,23.0,5.666666666666667,19.05,22.400000000000002,26.84239130434783
18,3,Justin Holiday,0.0,IND,CLE,-9.0,215.0,112.0,20,14.3,19.7,31.3,SG/SF,4300,1,13.0,13.0,101,113,9%,9,7,7,23,25,26,19.7,19.3,11.4,27.2,14.3,11.3,2.6,20.5,4.77,18.5,25.0,4.3,19.5,4.535,24.666666666666668,7.666666666666667,19.42,21.766666666666666,19.763513513513512
18,4,Jeff Teague,0.0,ATL,POR,-1.5,238.5,120.0,18,6.5,16.5,29.3,PG/SG,3600,0,19.0,15.0,103,111,8%,7,6,9,21,20,26,16.4,24.8,14.3,35.4,17.3,8.5,2.4,19.3,5.35,18.1,19.0,5.0,18.700000000000003,5.175,22.333333333333332,7.333333333333333,21.919999999999998,17.433333333333334,15.9089552238806
18,5,Andre Iguodala,0.0,MIA,BKN,-7.0,218.0,112.5,27,5.3,13.6,22.3,SG/SF,3200,0,0.0,0.0,104,106,-13%,4,4,4,18,19,20,13.4,14.3,8.2,20.3,11.8,12.3,3.8,15.3,4.77,13.2,17.0,4.1,14.25,4.435,19.0,4.0,14.09,13.733333333333334,12.75
18,6,P.J. Tucker,0.0,HOU,BOS,-1.5,232.0,116.8,19,13.8,18.0,24.8,C,3500,2,9.0,9.0,102,104,-5%,6,5,6,25,30,35,18.0,22.3,13.0,31.5,39.3,33.8,9.7,16.8,4.79,18.7,33.0,5.3,17.75,5.045,30.0,5.666666666666667,20.509999999999998,18.866666666666667,19.525
18,7,T.J. Warren,0.0,IND,CLE,-9.0,215.0,112.0,24,15.0,34.0,52.8,SF/PF,5900,1,22.0,17.0,101,113,4%,13,15,14,33,34,33,34.0,28.9,17.6,40.2,36.2,44.3,7.5,31.0,5.25,31.0,34.5,5.3,31.0,5.275,33.333333333333336,14.0,30.339999999999996,33.93333333333333,32.085
19,0,D.J. Augustin,0.0,ORL,SA,4.0,222.5,109.3,27,2.8,11.5,20.0,PG,3100,0,20.0,14.0,102,111,3%,8,8,8,22,24,26,19.9,22.1,13.3,30.8,18.5,23.0,7.4,14.3,4.6,16.0,18.5,5.2,15.15,4.9,24.0,8.0,20.25,11.433333333333332,11.678125
19,1,Damion Lee,0.0,GS,PHO,9.5,222.0,106.3,4,25.3,30.3,37.5,SG,5300,1,19.0,13.0,104,108,0%,12,12,11,32,32,29,30.3,25.6,15.7,35.4,37.0,41.3,7.8,31.5,5.94,32.1,36.0,6.1,31.8,6.02,31.0,11.666666666666666,27.76,31.03333333333333,36.92903225806452
19,2,Nassir Little,0.0,POR,ATL,1.5,238.5,118.5,18,1.3,7.8,16.3,SF/PF,3000,1,13.0,9.0,106,112,9%,2,3,3,12,14,13,7.8,8.7,1.2,16.2,10.2,2.0,0.7,10.5,3.5,10.7,13.0,3.6,10.6,3.55,13.0,2.6666666666666665,8.900000000000002,8.466666666666667,10.6
19,3,Eric Paschall,0.0,GS,PHO,9.5,222.0,106.3,26,19.8,22.8,30.3,SF/PF,4900,1,21.0,14.0,104,108,0%,11,9,11,31,31,28,23.0,23.6,13.2,34.1,32.5,34.8,7.1,24.0,4.9,28.4,32.0,5.8,26.2,5.35,30.0,10.333333333333334,24.020000000000003,24.3,27.946666666666665
19,4,Garrett Temple,0.0,BKN,MIA,7.0,218.0,105.5,24,16.0,27.8,38.3,SG/SF,4400,0,17.0,10.0,101,107,-1%,13,11,10,32,30,29,27.8,21.9,13.3,30.5,22.2,21.8,5.0,21.8,4.94,21.2,29.5,4.8,21.5,4.87,30.333333333333332,11.333333333333334,23.0,27.366666666666664,20.90934065934066
19,5,Wilson Chandler,0.0,BKN,MIA,7.0,218.0,105.5,21,5.3,14.0,23.5,PF,3200,0,13.0,9.0,101,107,1%,5,6,5,21,25,21,14.0,15.1,9.0,21.2,19.7,17.3,5.4,15.5,4.84,15.1,21.5,4.7,15.3,4.77,22.333333333333332,5.333333333333333,14.919999999999998,14.266666666666666,14.72910447761194
19,6,Bam Adebayo,0.0,MIA,BKN,-7.0,218.0,112.5,15,33.8,50.3,69.8,C,8600,0,21.0,21.0,104,106,8%,12,13,11,31,33,35,50.4,42.4,31.6,53.3,32.3,42.5,4.9,42.3,4.91,45.6,34.0,5.3,43.95,5.105,33.0,12.0,44.33,51.29999999999999,45.28181818181819
19,7,Larry Nance Jr.,0.0,CLE,IND,9.0,215.0,103.0,24,11.3,25.9,39.8,PF/C,6100,0,16.0,17.0,101,105,-7%,7,9,7,24,27,25,25.9,24.5,13.6,35.5,25.2,16.8,2.8,25.5,4.18,26.1,29.5,4.3,25.8,4.24,25.333333333333332,7.666666666666667,25.06,25.666666666666668,30.043421052631583
20,0,Collin Sexton,0.0,CLE,IND,9.0,215.0,103.0,5,20.5,33.0,44.0,PG/SG,6200,0,27.0,16.0,101,105,-2%,18,16,17,36,34,33,33.0,30.4,23.3,37.6,37.0,24.8,4.0,30.5,4.92,30.4,34.5,4.9,30.45,4.91,34.333333333333336,17.0,30.95,32.5,30.59781553398058
20,1,Cam Reddish,0.0,ATL,POR,-1.5,238.5,120.0,11,10.3,28.7,39.5,SG/SF,4300,0,18.0,8.0,103,111,4%,12,12,10,33,33,27,28.7,20.5,11.2,29.8,24.3,14.8,3.4,25.8,5.99,27.0,32.5,6.3,26.4,6.145,31.0,11.333333333333334,23.32,26.166666666666668,27.677419354838708
20,2,Trey Lyles,0.0,SA,ORL,-4.0,222.5,113.3,30,14.5,20.1,25.3,PF/C,3800,2,13.0,12.0,100,106,-2%,5,6,5,21,26,19,20.1,16.1,7.9,24.3,39.8,44.8,11.8,22.5,5.92,21.8,25.0,5.7,22.15,5.8100000000000005,22.0,5.333333333333333,18.110000000000003,19.96666666666667,25.170454545454547
20,3,Evan Fournier,0.0,ORL,SA,4.0,222.5,109.3,6,19.3,32.9,46.5,SG/SF,6500,0,25.0,17.0,102,111,3%,13,15,14,32,33,32,32.9,29.8,21.8,37.9,29.5,45.8,7.0,29.0,4.46,29.4,32.5,4.5,29.2,4.48,32.333333333333336,14.0,30.32,32.9,29.35051546391752
20,4,Tyus Jones,0.0,MEM,LAL,9.0,226.5,108.8,3,8.0,16.3,29.8,PG,3200,0,19.0,15.0,103,103,-1%,9,8,6,20,19,19,16.3,17.3,9.5,25.0,21.6,18.3,5.7,18.0,5.63,18.1,19.5,5.7,18.05,5.665,19.333333333333332,7.666666666666667,17.229999999999997,18.033333333333335,18.205603448275863
20,5,Markieff Morris,0.0,LAL,MEM,-9.0,226.5,117.8,21,7.3,17.0,29.0,SF/PF,3400,1,21.0,13.0,106,109,0%,4,7,9,17,19,23,17.0,19.9,11.5,28.2,16.6,13.5,4.0,16.0,4.71,16.4,18.0,4.8,16.2,4.755,19.666666666666668,6.666666666666667,18.56,17.766666666666666,14.827118644067795
20,6,Jakob Poeltl,0.0,SA,ORL,-4.0,222.5,113.3,6,11.0,15.6,23.8,C,3200,2,14.0,20.0,100,106,-5%,5,3,4,13,13,17,15.6,18.5,10.3,26.7,4.2,1.0,0.3,23.5,7.34,26.9,23.5,8.4,25.2,7.87,14.333333333333334,4.0,19.259999999999998,16.8,41.31627906976744
20,7,Darius Garland,0.0,CLE,IND,9.0,215.0,103.0,5,13.5,24.7,36.8,PG,4500,0,21.0,9.0,101,105,-2%,14,12,12,35,36,31,24.6,21.7,13.9,29.5,29.8,19.0,4.2,24.0,5.33,22.4,34.0,5.0,23.2,5.165,34.0,12.666666666666666,22.580000000000002,25.0,23.2
22,0,Anfernee Simons,0.0,POR,ATL,1.5,238.5,118.5,4,8.0,17.8,34.8,PG/SG,3400,1,19.0,9.0,106,112,4%,10,10,8,21,23,23,17.8,15.6,7.8,23.3,15.8,12.3,3.6,17.5,5.15,16.9,21.0,5.0,17.2,5.075,22.333333333333332,9.333333333333334,16.34,20.2,16.17313432835821
22,1,CJ McCollum,0.0,POR,ATL,1.5,238.5,118.5,4,37.3,52.5,76.3,PG/SG,9200,1,26.0,17.0,106,112,4%,26,26,20,38,39,37,52.5,37.4,25.7,49.0,38.9,53.3,5.8,45.3,4.92,47.9,38.0,5.2,46.599999999999994,5.0600000000000005,38.0,24.0,42.239999999999995,55.36666666666667,46.599999999999994
22,2,Larry Nance Jr.,0.0,CLE,IND,9.0,215.0,103.0,24,11.3,25.9,39.8,PF/C,6100,0,16.0,17.0,101,105,-7%,7,9,7,24,27,25,25.9,24.5,13.6,35.5,25.2,16.8,2.8,25.5,4.18,26.1,29.5,4.3,25.8,4.24,25.333333333333332,7.666666666666667,25.06,25.666666666666668,30.043421052631583
22,3,Josh Jackson,0.0,MEM,LAL,9.0,226.5,108.8,28,15.3,23.2,26.8,SF/PF,4400,0,0.0,0.0,103,103,-5%,8,9,8,24,23,21,23.1,18.9,12.5,25.4,15.2,5.5,1.3,21.5,4.89,20.4,24.0,4.6,20.95,4.744999999999999,22.666666666666668,8.333333333333334,20.17,21.766666666666666,22.182352941176468
22,4,Matthew Dellavedova,0.0,CLE,IND,9.0,215.0,103.0,5,1.3,8.7,19.3,PG,3100,0,16.0,7.0,101,105,-2%,6,3,3,22,13,12,8.7,8.4,2.9,13.9,18.5,8.0,2.6,10.0,3.23,8.9,13.5,2.9,9.45,3.065,15.666666666666666,4.0,8.669999999999998,9.766666666666667,8.143085106382978
22,5,Jeff Green,0.0,HOU,BOS,-1.5,232.0,116.8,11,7.8,18.4,24.8,PF/C,3300,2,15.0,11.0,102,104,-5%,6,6,6,20,19,19,18.4,14.4,7.8,20.9,13.8,8.3,2.5,11.0,3.33,10.7,15.0,3.2,10.85,3.265,19.333333333333332,6.0,14.469999999999999,17.0,8.418103448275863
22,6,Gorgui Dieng,0.0,MEM,LAL,9.0,226.5,108.8,13,5.5,22.4,38.5,C,5000,0,18.0,18.0,103,103,-10%,7,6,6,21,21,17,22.4,20.1,7.3,32.9,21.1,17.0,3.4,26.0,5.2,25.5,22.5,5.1,25.75,5.15,19.666666666666668,6.333333333333333,21.69,22.133333333333336,29.45974576271186
22,7,Evan Fournier,0.0,ORL,SA,4.0,222.5,109.3,6,19.3,32.9,46.5,SG/SF,6500,0,25.0,17.0,102,111,3%,13,15,14,32,33,32,32.9,29.8,21.8,37.9,29.5,45.8,7.0,29.0,4.46,29.4,32.5,4.5,29.2,4.48,32.333333333333336,14.0,30.32,32.9,29.35051546391752
23,0,Dejounte Murray,0.0,SA,ORL,-4.0,222.5,113.3,25,15.3,32.7,45.8,PG,5600,2,21.0,17.0,100,106,0%,10,12,9,22,28,25,32.6,26.9,16.8,37.0,30.4,34.5,6.2,27.3,4.87,30.2,27.0,5.4,28.75,5.135,25.0,10.333333333333334,28.410000000000004,31.266666666666666,31.049999999999997
23,1,DeMar DeRozan,0.0,SA,ORL,-4.0,222.5,113.3,21,20.8,35.4,51.5,SG/SF,7600,2,27.0,22.0,100,106,-1%,16,16,16,35,34,35,41.0,39.9,31.4,48.3,32.9,35.8,4.7,39.0,5.13,43.1,34.0,5.7,41.05,5.415,34.666666666666664,16.0,40.33,35.9,40.26057692307692
23,2,Semi Ojeleye,0.0,BOS,HOU,1.5,232.0,115.3,1,0.0,3.0,5.3,PF,3000,2,8.0,7.0,106,107,5%,1,0,2,6,8,14,3.0,6.9,1.2,12.5,13.7,5.8,1.9,5.0,1.67,0.0,0.0,0.0,2.5,0.835,9.333333333333334,1.0,5.22,2.766666666666667,0.0
23,3,Terrence Ross,0.0,ORL,SA,4.0,222.5,109.3,6,19.0,33.0,51.3,SG/SF,5400,0,22.0,13.0,102,111,0%,20,16,12,31,31,27,33.0,23.5,15.3,31.8,32.5,31.5,5.8,25.0,4.63,24.3,28.0,4.5,24.65,4.5649999999999995,29.666666666666668,16.0,25.65,34.43333333333333,23.265168539325842
23,4,Patty Mills,0.0,SA,ORL,-4.0,222.5,113.3,25,14.8,17.3,21.0,PG/SG,3200,2,20.0,14.0,100,106,0%,11,10,9,22,22,23,17.3,19.3,10.6,28.0,21.3,11.8,3.7,19.3,6.02,19.4,24.0,6.1,19.35,6.06,22.333333333333332,10.0,18.909999999999997,17.7,20.79402985074627
23,5,Joe Harris,0.0,BKN,MIA,7.0,218.0,105.5,24,15.3,21.7,28.8,SG/SF,4500,0,17.0,12.0,101,107,1%,13,11,11,29,29,32,21.6,24.6,17.0,32.3,30.9,32.0,7.1,25.3,5.61,23.9,30.0,5.3,24.6,5.455,30.0,11.666666666666666,24.02,21.933333333333334,24.6
23,6,Mo Bamba,0.0,ORL,SA,4.0,222.5,109.3,27,6.3,21.5,38.5,C,4100,0,17.0,18.0,102,111,2%,6,5,5,15,14,15,21.5,16.8,9.2,24.4,12.0,18.3,4.5,20.0,4.88,15.9,14.5,3.9,17.95,4.39,14.666666666666666,5.333333333333333,17.97,22.099999999999998,17.746022727272727
23,7,Yuta Watanabe,0.0,MEM,LAL,9.0,226.5,108.8,28,0.0,5.1,14.3,SF/PF,3000,0,0.0,0.0,103,103,-1%,3,3,2,10,9,6,5.1,3.7,-0.9,8.3,12.6,7.5,2.5,2.5,0.83,0.0,0.0,0.0,1.25,0.415,8.333333333333334,2.6666666666666665,3.4900000000000007,6.466666666666666,0.0
24,0,CJ McCollum,0.0,POR,ATL,1.5,238.5,118.5,4,37.3,52.5,76.3,PG/SG,9200,1,26.0,17.0,106,112,4%,26,26,20,38,39,37,52.5,37.4,25.7,49.0,38.9,53.3,5.8,45.3,4.92,47.9,38.0,5.2,46.599999999999994,5.0600000000000005,38.0,24.0,42.239999999999995,55.36666666666667,46.599999999999994
24,1,Brad Wanamaker,0.0,BOS,HOU,1.5,232.0,115.3,23,10.8,16.7,28.3,PG/SG,3100,2,17.0,12.0,106,107,1%,6,5,6,24,23,20,16.3,16.0,9.6,22.5,13.0,3.5,1.1,17.5,5.65,17.4,21.5,5.6,17.45,5.625,22.333333333333332,5.666666666666667,16.369999999999997,18.599999999999998,16.798880597014925
24,2,Aaron Gordon,0.0,ORL,SA,4.0,222.5,109.3,4,42.0,52.5,57.0,PF,8500,0,21.0,15.0,102,111,0%,14,14,13,41,40,33,52.8,33.4,22.7,44.1,36.0,24.0,2.8,36.3,4.26,39.3,37.5,4.6,37.8,4.43,38.0,13.666666666666666,38.15999999999999,50.5,37.30263157894736
24,3,Mikal Bridges,0.0,PHO,GS,-9.5,222.0,115.8,15,11.8,22.9,30.3,SG/SF,5200,0,12.0,13.0,103,111,4%,8,6,6,38,32,26,23.3,19.7,10.2,29.3,38.9,29.8,5.7,27.5,5.29,28.7,35.5,5.5,28.1,5.395,32.0,6.666666666666667,22.119999999999997,21.666666666666668,31.173437500000002
24,4,Goran Dragic,0.0,MIA,BKN,-7.0,218.0,112.5,1,27.3,30.6,36.5,PG,5500,0,26.0,17.0,104,106,2%,11,11,12,29,29,29,30.6,29.7,21.3,38.1,32.2,40.8,7.4,27.3,4.95,28.3,27.5,5.1,27.8,5.025,29.0,11.333333333333334,29.5,31.46666666666667,26.362068965517242
24,5,Garrett Temple,0.0,BKN,MIA,7.0,218.0,105.5,24,16.0,27.8,38.3,SG/SF,4400,0,17.0,10.0,101,107,-1%,13,11,10,32,30,29,27.8,21.9,13.3,30.5,22.2,21.8,5.0,21.8,4.94,21.2,29.5,4.8,21.5,4.87,30.333333333333332,11.333333333333334,23.0,27.366666666666664,20.90934065934066
24,6,Dwight Howard,0.0,LAL,MEM,-9.0,226.5,117.8,4,11.8,22.0,34.3,C,4300,1,14.0,19.0,106,109,5%,3,4,4,21,21,20,22.0,21.9,12.5,31.2,18.3,18.8,4.4,20.8,4.83,19.7,18.0,4.6,20.25,4.715,20.666666666666668,3.6666666666666665,21.57,22.7,17.637096774193548
24,7,Jarrett Allen,0.0,BKN,MIA,7.0,218.0,105.5,12,1.5,23.9,41.8,C,4800,0,15.0,21.0,101,107,-6%,2,5,7,20,22,27,30.4,29.9,19.0,40.8,27.8,32.3,6.7,23.3,4.84,25.0,24.0,5.2,24.15,5.02,23.0,4.666666666666667,28.85,22.399999999999995,25.200000000000003
25,0,Derrick White,0.0,SA,ORL,-4.0,222.5,113.3,25,10.3,24.6,37.0,PG/SG,4100,2,19.0,15.0,100,106,0%,8,8,8,28,24,24,24.6,21.9,13.9,30.0,25.3,24.3,5.9,23.0,5.61,24.9,25.5,6.1,23.95,5.855,25.333333333333332,8.0,22.87,23.96666666666667,24.107565789473686
25,1,Collin Sexton,0.0,CLE,IND,9.0,215.0,103.0,5,20.5,33.0,44.0,PG/SG,6200,0,27.0,16.0,101,105,-2%,18,16,17,36,34,33,33.0,30.4,23.3,37.6,37.0,24.8,4.0,30.5,4.92,30.4,34.5,4.9,30.45,4.91,34.333333333333336,17.0,30.95,32.5,30.59781553398058
25,2,Larry Nance Jr.,0.0,CLE,IND,9.0,215.0,103.0,24,11.3,25.9,39.8,PF/C,6100,0,16.0,17.0,101,105,-7%,7,9,7,24,27,25,25.9,24.5,13.6,35.5,25.2,16.8,2.8,25.5,4.18,26.1,29.5,4.3,25.8,4.24,25.333333333333332,7.666666666666667,25.06,25.666666666666668,30.043421052631583
25,3,Garrett Temple,0.0,BKN,MIA,7.0,218.0,105.5,24,16.0,27.8,38.3,SG/SF,4400,0,17.0,10.0,101,107,-1%,13,11,10,32,30,29,27.8,21.9,13.3,30.5,22.2,21.8,5.0,21.8,4.94,21.2,29.5,4.8,21.5,4.87,30.333333333333332,11.333333333333334,23.0,27.366666666666664,20.90934065934066
25,4,Rajon Rondo,0.0,LAL,MEM,-9.0,226.5,117.8,19,4.8,15.6,29.0,PG,4200,1,21.0,14.0,106,109,3%,7,4,7,19,18,21,15.6,20.8,9.6,31.9,25.1,10.3,2.5,17.8,4.23,16.7,17.5,4.0,17.25,4.115,19.333333333333332,6.0,19.029999999999998,16.466666666666665,15.614224137931036
25,5,Taurean Prince,0.0,BKN,MIA,7.0,218.0,105.5,21,12.8,21.2,28.3,PF,5000,0,20.0,10.0,101,107,1%,11,10,12,27,27,30,21.2,26.2,17.3,35.2,21.1,14.0,2.8,23.5,4.7,23.2,28.0,4.6,23.35,4.65,28.0,11.0,24.65,20.766666666666666,23.35
25,6,Jonas Valanciunas,0.0,MEM,LAL,9.0,226.5,108.8,13,16.3,28.9,49.8,C,6400,0,21.0,22.0,103,103,-10%,12,10,11,28,25,26,28.9,34.3,22.3,46.3,30.8,51.5,8.0,34.5,5.39,34.1,27.5,5.3,34.3,5.345,26.333333333333332,11.0,33.220000000000006,31.666666666666668,35.81962025316456
25,7,Mo Bamba,0.0,ORL,SA,4.0,222.5,109.3,27,6.3,21.5,38.5,C,4100,0,17.0,18.0,102,111,2%,6,5,5,15,14,15,21.5,16.8,9.2,24.4,12.0,18.3,4.5,20.0,4.88,15.9,14.5,3.9,17.95,4.39,14.666666666666666,5.333333333333333,17.97,22.099999999999998,17.746022727272727
26,0,Marcus Smart,0.0,BOS,HOU,1.5,232.0,115.3,23,31.5,37.7,49.5,PG/SG,6500,2,20.0,14.0,106,107,1%,17,15,11,34,37,32,37.6,29.7,19.3,40.2,44.9,51.8,8.0,32.3,4.96,34.8,35.0,5.4,33.55,5.18,34.333333333333336,14.333333333333334,32.07,39.56666666666667,34.2014563106796
26,1,Gary Trent Jr.,0.0,POR,ATL,1.5,238.5,118.5,30,4.0,18.3,30.3,SG/SF,4300,1,15.0,12.0,106,112,4%,13,10,6,35,31,19,18.3,13.3,2.6,24.0,29.1,14.0,3.3,25.0,5.81,26.1,34.0,6.1,25.55,5.955,28.333333333333332,9.666666666666666,16.75,17.533333333333335,30.660000000000004
26,2,John Collins,0.0,ATL,POR,-1.5,238.5,120.0,13,31.3,47.7,67.8,PF,8900,0,22.0,23.0,103,111,4%,17,15,15,34,35,33,47.6,41.5,30.6,52.5,36.1,50.0,5.6,46.0,5.17,46.4,35.0,5.2,46.2,5.1850000000000005,34.0,15.666666666666666,43.67999999999999,48.93333333333334,47.55882352941177
26,3,Kentavious Caldwell-Pope,0.0,LAL,MEM,-9.0,226.5,117.8,22,15.3,19.8,22.5,SG/SF,3600,1,15.0,12.0,106,109,6%,10,9,8,26,28,27,19.8,18.0,11.5,24.5,28.9,17.0,4.7,19.8,5.49,18.0,26.0,5.0,18.9,5.245,27.0,9.0,18.54,19.2,18.2
26,4,Jaylen Brown,0.0,BOS,HOU,1.5,232.0,115.3,13,27.8,35.2,39.5,SG,6900,2,24.0,17.0,106,107,6%,18,17,16,36,35,34,35.6,34.9,25.8,44.1,44.1,36.8,5.3,37.8,5.47,38.4,36.0,5.6,38.099999999999994,5.535,35.0,17.0,35.7,34.166666666666664,39.18857142857142
26,5,Marco Belinelli,0.0,SA,ORL,-4.0,222.5,113.3,1,1.3,11.7,31.0,SF,3300,2,17.0,10.0,100,106,-1%,9,6,6,18,17,16,14.2,11.6,4.9,18.3,5.3,2.0,0.6,14.8,4.47,11.9,14.0,3.6,13.350000000000001,4.035,17.0,7.0,12.469999999999999,14.666666666666666,10.994117647058825
26,6,DeAndre Jordan,0.0,BKN,MIA,7.0,218.0,105.5,12,16.3,27.2,39.8,C,5800,0,15.0,21.0,101,107,-6%,7,7,5,25,26,22,27.2,26.2,16.8,35.5,20.0,20.8,3.6,25.0,4.31,25.2,23.5,4.3,25.1,4.305,24.333333333333332,6.333333333333333,26.160000000000004,27.766666666666666,24.24041095890411
26,7,T.J. Warren,0.0,IND,CLE,-9.0,215.0,112.0,24,15.0,34.0,52.8,SF/PF,5900,1,22.0,17.0,101,113,4%,13,15,14,33,34,33,34.0,28.9,17.6,40.2,36.2,44.3,7.5,31.0,5.25,31.0,34.5,5.3,31.0,5.275,33.333333333333336,14.0,30.339999999999996,33.93333333333333,32.085
28,0,Victor Oladipo,0.0,IND,CLE,-9.0,215.0,112.0,13,11.8,21.7,27.3,PG/SG,5800,1,0.0,0.0,101,113,9%,9,10,11,26,27,25,21.7,19.3,13.8,24.8,28.7,31.3,5.4,27.0,4.66,27.2,28.5,4.7,27.1,4.68,26.0,10.0,21.339999999999996,20.266666666666666,29.70576923076923
28,1,Duncan Robinson,0.0,MIA,BKN,-7.0,218.0,112.5,27,15.5,23.1,36.3,SG/SF,4800,0,15.0,12.0,104,106,2%,9,11,10,31,33,30,23.1,22.5,14.0,30.9,28.0,16.8,3.5,22.8,4.74,23.9,32.0,5.0,23.35,4.87,31.333333333333332,10.0,22.77,24.96666666666667,23.8468085106383
28,2,Nassir Little,0.0,POR,ATL,1.5,238.5,118.5,18,1.3,7.8,16.3,SF/PF,3000,1,13.0,9.0,106,112,9%,2,3,3,12,14,13,7.8,8.7,1.2,16.2,10.2,2.0,0.7,10.5,3.5,10.7,13.0,3.6,10.6,3.55,13.0,2.6666666666666665,8.900000000000002,8.466666666666667,10.6
28,3,Eric Paschall,0.0,GS,PHO,9.5,222.0,106.3,26,19.8,22.8,30.3,SF/PF,4900,1,21.0,14.0,104,108,0%,11,9,11,31,31,28,23.0,23.6,13.2,34.1,32.5,34.8,7.1,24.0,4.9,28.4,32.0,5.8,26.2,5.35,30.0,10.333333333333334,24.020000000000003,24.3,27.946666666666665
28,4,Malcolm Brogdon,0.0,IND,CLE,-9.0,215.0,112.0,13,24.8,33.9,42.8,PG,7000,1,27.0,18.0,101,113,7%,14,14,15,32,33,32,33.9,36.6,27.5,45.7,35.2,36.8,5.3,37.5,5.36,37.2,33.0,5.3,37.35,5.33,32.333333333333336,14.333333333333334,36.209999999999994,33.833333333333336,38.1201030927835
28,5,Dragan Bender,0.0,GS,PHO,9.5,222.0,106.3,15,6.0,11.9,19.8,PF/C,3900,1,0.0,0.0,104,108,0%,5,4,4,24,17,16,11.8,11.5,6.4,16.6,30.8,38.3,9.8,18.3,4.68,21.0,28.5,5.4,19.65,5.04,19.0,4.333333333333333,13.190000000000001,12.566666666666668,29.475
28,6,DeAndre Jordan,0.0,BKN,MIA,7.0,218.0,105.5,12,16.3,27.2,39.8,C,5800,0,15.0,21.0,101,107,-6%,7,7,5,25,26,22,27.2,26.2,16.8,35.5,20.0,20.8,3.6,25.0,4.31,25.2,23.5,4.3,25.1,4.305,24.333333333333332,6.333333333333333,26.160000000000004,27.766666666666666,24.24041095890411
28,7,Mikal Bridges,0.0,PHO,GS,-9.5,222.0,115.8,15,11.8,22.9,30.3,SG/SF,5200,0,12.0,13.0,103,111,4%,8,6,6,38,32,26,23.3,19.7,10.2,29.3,38.9,29.8,5.7,27.5,5.29,28.7,35.5,5.5,28.1,5.395,32.0,6.666666666666667,22.119999999999997,21.666666666666668,31.173437500000002
29,0,D.J. Augustin,0.0,ORL,SA,4.0,222.5,109.3,27,2.8,11.5,20.0,PG,3100,0,20.0,14.0,102,111,3%,8,8,8,22,24,26,19.9,22.1,13.3,30.8,18.5,23.0,7.4,14.3,4.6,16.0,18.5,5.2,15.15,4.9,24.0,8.0,20.25,11.433333333333332,11.678125
29,1,Damion Lee,0.0,GS,PHO,9.5,222.0,106.3,4,25.3,30.3,37.5,SG,5300,1,19.0,13.0,104,108,0%,12,12,11,32,32,29,30.3,25.6,15.7,35.4,37.0,41.3,7.8,31.5,5.94,32.1,36.0,6.1,31.8,6.02,31.0,11.666666666666666,27.76,31.03333333333333,36.92903225806452
29,2,Markieff Morris,0.0,LAL,MEM,-9.0,226.5,117.8,21,7.3,17.0,29.0,SF/PF,3400,1,21.0,13.0,106,109,0%,4,7,9,17,19,23,17.0,19.9,11.5,28.2,16.6,13.5,4.0,16.0,4.71,16.4,18.0,4.8,16.2,4.755,19.666666666666668,6.666666666666667,18.56,17.766666666666666,14.827118644067795
29,3,Duncan Robinson,0.0,MIA,BKN,-7.0,218.0,112.5,27,15.5,23.1,36.3,SG/SF,4800,0,15.0,12.0,104,106,2%,9,11,10,31,33,30,23.1,22.5,14.0,30.9,28.0,16.8,3.5,22.8,4.74,23.9,32.0,5.0,23.35,4.87,31.333333333333332,10.0,22.77,24.96666666666667,23.8468085106383
29,4,Troy Daniels,0.0,LAL,MEM,-9.0,226.5,117.8,22,-0.5,3.9,6.0,SG,3000,1,16.0,9.0,106,109,6%,5,3,4,6,8,11,3.9,7.2,1.2,13.1,3.1,3.5,1.2,5.5,1.83,0.0,0.0,0.0,2.75,0.915,8.333333333333334,4.0,5.63,3.1333333333333333,0.0
29,5,John Collins,0.0,ATL,POR,-1.5,238.5,120.0,13,31.3,47.7,67.8,PF,8900,0,22.0,23.0,103,111,4%,17,15,15,34,35,33,47.6,41.5,30.6,52.5,36.1,50.0,5.6,46.0,5.17,46.4,35.0,5.2,46.2,5.1850000000000005,34.0,15.666666666666666,43.67999999999999,48.93333333333334,47.55882352941177
29,6,Larry Nance Jr.,0.0,CLE,IND,9.0,215.0,103.0,24,11.3,25.9,39.8,PF/C,6100,0,16.0,17.0,101,105,-7%,7,9,7,24,27,25,25.9,24.5,13.6,35.5,25.2,16.8,2.8,25.5,4.18,26.1,29.5,4.3,25.8,4.24,25.333333333333332,7.666666666666667,25.06,25.666666666666668,30.043421052631583
29,7,Marcus Smart,0.0,BOS,HOU,1.5,232.0,115.3,23,31.5,37.7,49.5,PG/SG,6500,2,20.0,14.0,106,107,1%,17,15,11,34,37,32,37.6,29.7,19.3,40.2,44.9,51.8,8.0,32.3,4.96,34.8,35.0,5.4,33.55,5.18,34.333333333333336,14.333333333333334,32.07,39.56666666666667,34.2014563106796
30,0,Malcolm Brogdon,0.0,IND,CLE,-9.0,215.0,112.0,13,24.8,33.9,42.8,PG,7000,1,27.0,18.0,101,113,7%,14,14,15,32,33,32,33.9,36.6,27.5,45.7,35.2,36.8,5.3,37.5,5.36,37.2,33.0,5.3,37.35,5.33,32.333333333333336,14.333333333333334,36.209999999999994,33.833333333333336,38.1201030927835
30,1,Jeff Teague,0.0,ATL,POR,-1.5,238.5,120.0,18,6.5,16.5,29.3,PG/SG,3600,0,19.0,15.0,103,111,8%,7,6,9,21,20,26,16.4,24.8,14.3,35.4,17.3,8.5,2.4,19.3,5.35,18.1,19.0,5.0,18.700000000000003,5.175,22.333333333333332,7.333333333333333,21.919999999999998,17.433333333333334,15.9089552238806
30,2,Josh Jackson,0.0,MEM,LAL,9.0,226.5,108.8,28,15.3,23.2,26.8,SF/PF,4400,0,0.0,0.0,103,103,-5%,8,9,8,24,23,21,23.1,18.9,12.5,25.4,15.2,5.5,1.3,21.5,4.89,20.4,24.0,4.6,20.95,4.744999999999999,22.666666666666668,8.333333333333334,20.17,21.766666666666666,22.182352941176468
30,3,Kyle Anderson,0.0,MEM,LAL,9.0,226.5,108.8,28,16.3,22.6,28.3,SF/PF,4600,0,14.0,14.0,103,103,-5%,6,6,5,26,24,19,22.6,16.7,9.1,24.4,31.5,15.3,3.3,22.3,4.84,22.6,27.5,4.9,22.450000000000003,4.87,23.0,5.666666666666667,19.05,22.400000000000002,26.84239130434783
30,4,Quinn Cook,0.0,LAL,MEM,-9.0,226.5,117.8,19,0.8,4.6,10.5,PG,3000,1,21.0,11.0,106,109,3%,4,3,5,6,5,11,4.6,8.8,0.2,17.5,1.8,1.3,0.4,6.0,2.0,0.0,0.0,0.0,3.0,1.0,7.333333333333333,4.0,6.8199999999999985,5.3,0.0
30,5,Domantas Sabonis,0.0,IND,CLE,-9.0,215.0,112.0,10,32.3,43.2,54.8,PF/C,9100,1,24.0,21.0,101,113,0%,13,14,14,29,31,35,42.9,44.2,35.1,53.4,41.9,55.3,6.1,44.0,4.84,43.7,34.5,4.8,43.85,4.82,31.666666666666668,13.666666666666666,43.89,43.43333333333334,47.773421052631576
30,6,Kyle Kuzma,0.0,LAL,MEM,-9.0,226.5,117.8,16,8.8,17.6,26.8,PF/C,4600,1,23.0,12.0,106,109,0%,15,10,11,28,23,25,21.2,22.0,12.4,31.5,26.3,17.8,3.9,21.5,4.67,19.3,21.0,4.2,20.4,4.4350000000000005,25.333333333333332,12.0,21.5,17.733333333333334,16.910526315789472
30,7,Ricky Rubio,0.0,PHO,GS,-9.5,222.0,115.8,29,36.8,48.1,62.0,PG,7300,0,23.0,16.0,103,111,7%,12,11,11,32,32,32,48.1,35.8,24.1,47.5,28.6,19.3,2.6,37.0,5.07,38.3,32.0,5.2,37.65,5.135,32.0,11.333333333333334,38.63,48.96666666666667,37.65
32,0,Alex Caruso,0.0,LAL,MEM,-9.0,226.5,117.8,19,8.0,19.2,29.3,PG/SG,3500,1,14.0,11.0,106,109,6%,5,6,5,16,17,19,19.1,14.0,6.8,21.3,20.6,14.0,4.0,16.5,4.71,20.2,25.0,5.8,18.35,5.255,17.333333333333332,5.333333333333333,15.910000000000002,18.833333333333332,26.46634615384616
32,1,Patty Mills,0.0,SA,ORL,-4.0,222.5,113.3,25,14.8,17.3,21.0,PG/SG,3200,2,20.0,14.0,100,106,0%,11,10,9,22,22,23,17.3,19.3,10.6,28.0,21.3,11.8,3.7,19.3,6.02,19.4,24.0,6.1,19.35,6.06,22.333333333333332,10.0,18.909999999999997,17.7,20.79402985074627
32,2,T.J. Warren,0.0,IND,CLE,-9.0,215.0,112.0,24,15.0,34.0,52.8,SF/PF,5900,1,22.0,17.0,101,113,4%,13,15,14,33,34,33,34.0,28.9,17.6,40.2,36.2,44.3,7.5,31.0,5.25,31.0,34.5,5.3,31.0,5.275,33.333333333333336,14.0,30.339999999999996,33.93333333333333,32.085
32,3,Kevin Huerter,0.0,ATL,POR,-1.5,238.5,120.0,11,21.8,26.2,32.3,SG/SF,5200,0,18.0,11.0,103,111,-2%,11,12,11,31,36,32,26.2,26.2,16.6,35.9,35.0,45.0,8.7,28.5,5.48,27.5,34.5,5.3,28.0,5.390000000000001,33.0,11.333333333333334,26.580000000000002,26.766666666666666,29.272727272727273
32,4,Jevon Carter,0.0,PHO,GS,-9.5,222.0,115.8,29,2.5,10.9,18.3,PG/SG,3000,0,14.0,11.0,103,111,7%,4,4,4,17,14,14,10.5,10.8,3.4,18.2,12.3,1.5,0.5,11.5,3.83,11.9,15.5,4.0,11.7,3.915,15.0,4.0,10.919999999999998,10.566666666666668,12.089999999999998
32,5,Carmelo Anthony,0.0,POR,ATL,1.5,238.5,118.5,3,20.0,29.1,41.0,PF,5700,1,21.0,12.0,106,112,9%,11,14,14,35,35,33,29.1,28.5,18.5,38.5,36.5,21.0,3.7,32.5,5.7,33.7,34.5,5.9,33.1,5.800000000000001,34.333333333333336,13.0,29.54,30.03333333333333,33.26067961165048
32,6,Caleb Swanigan,0.0,POR,ATL,1.5,238.5,118.5,30,9.3,11.7,13.3,C,3000,1,0.0,0.0,106,112,9%,3,3,2,12,13,11,11.7,9.1,2.7,15.4,10.1,7.0,2.3,9.0,3.0,0.0,0.0,0.0,4.5,1.5,12.0,2.6666666666666665,8.68,11.433333333333332,0.0
32,7,Kyle Anderson,0.0,MEM,LAL,9.0,226.5,108.8,28,16.3,22.6,28.3,SF/PF,4600,0,14.0,14.0,103,103,-5%,6,6,5,26,24,19,22.6,16.7,9.1,24.4,31.5,15.3,3.3,22.3,4.84,22.6,27.5,4.9,22.450000000000003,4.87,23.0,5.666666666666667,19.05,22.400000000000002,26.84239130434783
33,0,Victor Oladipo,0.0,IND,CLE,-9.0,215.0,112.0,13,11.8,21.7,27.3,PG/SG,5800,1,0.0,0.0,101,113,9%,9,10,11,26,27,25,21.7,19.3,13.8,24.8,28.7,31.3,5.4,27.0,4.66,27.2,28.5,4.7,27.1,4.68,26.0,10.0,21.339999999999996,20.266666666666666,29.70576923076923
33,1,Devin Booker,0.0,PHO,GS,-9.5,222.0,115.8,29,29.0,40.4,44.8,PG/SG,8100,0,30.0,20.0,103,111,8%,18,19,18,40,37,36,40.4,42.4,30.5,54.3,38.3,23.5,2.9,46.8,5.77,47.5,37.0,5.9,47.15,5.835,37.666666666666664,18.333333333333332,42.95,38.06666666666667,46.31548672566372
33,2,Wilson Chandler,0.0,BKN,MIA,7.0,218.0,105.5,21,5.3,14.0,23.5,PF,3200,0,13.0,9.0,101,107,1%,5,6,5,21,25,21,14.0,15.1,9.0,21.2,19.7,17.3,5.4,15.5,4.84,15.1,21.5,4.7,15.3,4.77,22.333333333333332,5.333333333333333,14.919999999999998,14.266666666666666,14.72910447761194
33,3,Jayson Tatum,0.0,BOS,HOU,1.5,232.0,115.3,29,49.5,53.8,57.3,SF/PF,9400,2,28.0,21.0,106,107,8%,21,21,19,36,39,35,54.0,41.6,30.9,52.3,44.6,64.8,6.9,47.3,5.03,49.8,36.0,5.3,48.55,5.165,36.666666666666664,20.333333333333332,45.46999999999999,53.53333333333333,47.66727272727273
33,4,Jaylen Brown,0.0,BOS,HOU,1.5,232.0,115.3,13,27.8,35.2,39.5,SG,6900,2,24.0,17.0,106,107,6%,18,17,16,36,35,34,35.6,34.9,25.8,44.1,44.1,36.8,5.3,37.8,5.47,38.4,36.0,5.6,38.099999999999994,5.535,35.0,17.0,35.7,34.166666666666664,39.18857142857142
33,5,Taurean Prince,0.0,BKN,MIA,7.0,218.0,105.5,21,12.8,21.2,28.3,PF,5000,0,20.0,10.0,101,107,1%,11,10,12,27,27,30,21.2,26.2,17.3,35.2,21.1,14.0,2.8,23.5,4.7,23.2,28.0,4.6,23.35,4.65,28.0,11.0,24.65,20.766666666666666,23.35
33,6,Marquese Chriss,0.0,GS,PHO,9.5,222.0,106.3,3,20.3,31.5,43.5,C,5400,1,19.0,19.0,104,108,0%,8,9,6,24,25,19,31.4,21.6,11.6,31.6,25.7,33.8,6.3,30.3,5.6,33.5,29.0,6.2,31.9,5.9,22.666666666666668,7.666666666666667,25.619999999999997,31.766666666666666,40.813235294117646
33,7,Goran Dragic,0.0,MIA,BKN,-7.0,218.0,112.5,1,27.3,30.6,36.5,PG,5500,0,26.0,17.0,104,106,2%,11,11,12,29,29,29,30.6,29.7,21.3,38.1,32.2,40.8,7.4,27.3,4.95,28.3,27.5,5.1,27.8,5.025,29.0,11.333333333333334,29.5,31.46666666666667,26.362068965517242
34,0,Dejounte Murray,0.0,SA,ORL,-4.0,222.5,113.3,25,15.3,32.7,45.8,PG,5600,2,21.0,17.0,100,106,0%,10,12,9,22,28,25,32.6,26.9,16.8,37.0,30.4,34.5,6.2,27.3,4.87,30.2,27.0,5.4,28.75,5.135,25.0,10.333333333333334,28.410000000000004,31.266666666666666,31.049999999999997
34,1,Aaron Holiday,0.0,IND,CLE,-9.0,215.0,112.0,13,5.0,14.0,28.5,PG/SG,4200,1,21.0,13.0,101,113,7%,5,7,9,22,22,24,15.6,20.8,9.9,31.7,15.1,7.5,1.8,19.5,4.64,15.0,17.5,3.6,17.25,4.12,22.666666666666668,7.0,19.05,15.833333333333334,13.318014705882351
34,2,Timothe Luwawu-Cabarrot,0.0,BKN,MIA,7.0,218.0,105.5,2,6.8,13.4,27.5,SF/PF,3000,0,15.0,9.0,101,107,-1%,7,7,5,19,19,16,13.4,10.7,3.4,18.0,18.2,10.8,3.6,13.8,4.58,11.4,16.0,3.8,12.600000000000001,4.1899999999999995,18.0,6.333333333333333,11.620000000000001,15.9,11.200000000000001
34,3,Kevin Huerter,0.0,ATL,POR,-1.5,238.5,120.0,11,21.8,26.2,32.3,SG/SF,5200,0,18.0,11.0,103,111,-2%,11,12,11,31,36,32,26.2,26.2,16.6,35.9,35.0,45.0,8.7,28.5,5.48,27.5,34.5,5.3,28.0,5.390000000000001,33.0,11.333333333333334,26.580000000000002,26.766666666666666,29.272727272727273
34,4,Lonnie Walker IV,0.0,SA,ORL,-4.0,222.5,113.3,21,6.5,16.2,24.8,SG/SF,3400,2,18.0,11.0,100,106,-1%,7,6,5,25,23,14,16.2,11.1,2.3,19.8,10.6,3.3,1.0,17.5,5.15,17.3,20.5,5.1,17.4,5.125,20.666666666666668,6.0,13.359999999999996,15.833333333333334,17.259677419354837
34,5,Doug McDermott,0.0,IND,CLE,-9.0,215.0,112.0,24,5.0,11.8,18.0,SF/PF,3000,1,19.0,14.0,101,113,4%,8,6,8,14,14,20,11.8,16.2,8.5,23.8,10.2,10.8,3.6,13.8,4.58,12.1,15.5,4.0,12.95,4.29,16.0,7.333333333333333,14.65,11.6,12.5453125
34,6,Jarrett Allen,0.0,BKN,MIA,7.0,218.0,105.5,12,1.5,23.9,41.8,C,4800,0,15.0,21.0,101,107,-6%,2,5,7,20,22,27,30.4,29.9,19.0,40.8,27.8,32.3,6.7,23.3,4.84,25.0,24.0,5.2,24.15,5.02,23.0,4.666666666666667,28.85,22.399999999999995,25.200000000000003
34,7,Kelly Olynyk,0.0,MIA,BKN,-7.0,218.0,112.5,25,13.3,25.9,36.3,PF/C,4600,0,16.0,14.0,104,106,8%,6,6,6,18,18,20,25.9,19.0,8.4,29.6,15.8,13.0,2.8,15.5,3.37,14.9,15.0,3.2,15.2,3.285,18.666666666666668,6.0,19.62,25.166666666666668,12.214285714285712
35,0,Collin Sexton,0.0,CLE,IND,9.0,215.0,103.0,5,20.5,33.0,44.0,PG/SG,6200,0,27.0,16.0,101,105,-2%,18,16,17,36,34,33,33.0,30.4,23.3,37.6,37.0,24.8,4.0,30.5,4.92,30.4,34.5,4.9,30.45,4.91,34.333333333333336,17.0,30.95,32.5,30.59781553398058
35,1,Marcus Smart,0.0,BOS,HOU,1.5,232.0,115.3,23,31.5,37.7,49.5,PG/SG,6500,2,20.0,14.0,106,107,1%,17,15,11,34,37,32,37.6,29.7,19.3,40.2,44.9,51.8,8.0,32.3,4.96,34.8,35.0,5.4,33.55,5.18,34.333333333333336,14.333333333333334,32.07,39.56666666666667,34.2014563106796
35,2,Kelly Olynyk,0.0,MIA,BKN,-7.0,218.0,112.5,25,13.3,25.9,36.3,PF/C,4600,0,16.0,14.0,104,106,8%,6,6,6,18,18,20,25.9,19.0,8.4,29.6,15.8,13.0,2.8,15.5,3.37,14.9,15.0,3.2,15.2,3.285,18.666666666666668,6.0,19.62,25.166666666666668,12.214285714285712
35,3,James Ennis III,0.0,ORL,SA,4.0,222.5,109.3,22,5.8,15.0,22.0,SF/PF,3700,0,16.0,12.0,102,111,3%,8,6,5,25,22,17,14.9,13.0,6.1,19.9,27.5,28.5,7.7,17.0,4.59,19.1,26.5,5.2,18.05,4.895,21.333333333333332,6.333333333333333,14.39,14.266666666666666,22.421484375000002
35,4,John Konchar,0.0,MEM,LAL,9.0,226.5,108.8,14,4.5,12.3,24.8,SG/SF,3200,0,0.0,0.0,103,103,-1%,3,3,2,11,11,8,12.3,7.2,-2.0,16.3,12.4,18.3,5.7,11.0,3.44,11.4,13.5,3.6,11.2,3.52,10.0,2.6666666666666665,9.0,13.866666666666667,15.12
35,5,Rudy Gay,0.0,SA,ORL,-4.0,222.5,113.3,1,10.5,17.6,27.0,SF/PF,3300,2,21.0,14.0,100,106,-4%,10,8,8,20,18,21,17.6,20.9,12.3,29.5,29.9,39.0,11.8,20.5,6.21,20.7,20.5,6.3,20.6,6.255,19.666666666666668,8.666666666666666,20.18,18.366666666666667,21.472881355932202
35,6,Bam Adebayo,0.0,MIA,BKN,-7.0,218.0,112.5,15,33.8,50.3,69.8,C,8600,0,21.0,21.0,104,106,8%,12,13,11,31,33,35,50.4,42.4,31.6,53.3,32.3,42.5,4.9,42.3,4.91,45.6,34.0,5.3,43.95,5.105,33.0,12.0,44.33,51.29999999999999,45.28181818181819
35,7,Ja Morant,0.0,MEM,LAL,9.0,226.5,108.8,3,16.5,25.8,41.3,PG,6200,0,27.0,18.0,103,103,-1%,15,14,14,32,30,30,25.8,33.8,22.6,44.9,33.6,59.5,9.6,33.0,5.32,34.7,31.5,5.6,33.85,5.46,30.666666666666668,14.333333333333334,32.19,27.866666666666664,34.76983695652174
36,0,Avery Bradley,0.0,LAL,MEM,-9.0,226.5,117.8,19,8.0,16.4,30.3,PG/SG,3300,1,15.0,9.0,106,109,6%,8,7,8,22,27,24,16.4,15.1,7.3,23.0,20.7,10.3,3.1,15.5,4.7,17.1,27.5,5.2,16.3,4.95,24.333333333333332,7.666666666666667,15.62,18.233333333333334,18.42123287671233
36,1,Kevin Huerter,0.0,ATL,POR,-1.5,238.5,120.0,11,21.8,26.2,32.3,SG/SF,5200,0,18.0,11.0,103,111,-2%,11,12,11,31,36,32,26.2,26.2,16.6,35.9,35.0,45.0,8.7,28.5,5.48,27.5,34.5,5.3,28.0,5.390000000000001,33.0,11.333333333333334,26.580000000000002,26.766666666666666,29.272727272727273
36,2,Aaron Gordon,0.0,ORL,SA,4.0,222.5,109.3,4,42.0,52.5,57.0,PF,8500,0,21.0,15.0,102,111,0%,14,14,13,41,40,33,52.8,33.4,22.7,44.1,36.0,24.0,2.8,36.3,4.26,39.3,37.5,4.6,37.8,4.43,38.0,13.666666666666666,38.15999999999999,50.5,37.30263157894736
36,3,De'Andre Hunter,0.0,ATL,POR,-1.5,238.5,120.0,7,15.8,29.4,37.0,SF/PF,4700,0,17.0,9.0,103,111,8%,9,12,11,34,34,32,29.4,22.9,13.0,32.7,38.3,30.5,6.5,23.3,4.95,25.2,34.5,5.4,24.25,5.175000000000001,33.333333333333336,10.666666666666666,24.45,27.400000000000002,25.09875
36,4,T.J. McConnell,0.0,IND,CLE,-9.0,215.0,112.0,13,1.0,9.3,13.3,PG,3100,1,20.0,17.0,101,113,7%,4,4,6,20,17,19,13.6,19.0,10.9,27.1,17.0,7.8,2.5,13.8,4.44,17.7,18.0,5.7,15.75,5.07,18.666666666666668,4.666666666666667,17.270000000000003,7.866666666666667,15.1875
36,5,James Ennis III,0.0,ORL,SA,4.0,222.5,109.3,22,5.8,15.0,22.0,SF/PF,3700,0,16.0,12.0,102,111,3%,8,6,5,25,22,17,14.9,13.0,6.1,19.9,27.5,28.5,7.7,17.0,4.59,19.1,26.5,5.2,18.05,4.895,21.333333333333332,6.333333333333333,14.39,14.266666666666666,22.421484375000002
36,6,Nikola Vucevic,0.0,ORL,SA,4.0,222.5,109.3,27,40.0,47.6,55.5,C,8800,0,26.0,22.0,102,111,2%,17,19,17,33,35,33,47.5,43.5,34.5,52.4,35.8,26.3,3.0,49.8,5.65,45.7,33.5,5.2,47.75,5.425000000000001,33.666666666666664,17.666666666666668,45.13,47.699999999999996,47.51361386138614
36,7,Jimmy Butler,0.0,MIA,BKN,-7.0,218.0,112.5,27,34.5,41.5,51.5,SG/SF,7800,0,26.0,24.0,104,106,0%,12,16,14,34,34,35,41.5,42.8,33.4,52.2,36.4,36.5,4.7,40.5,5.19,41.6,33.5,5.3,41.05,5.245,34.333333333333336,14.0,42.19,42.5,40.05364077669902
39,0,Kendrick Nunn,0.0,MIA,BKN,-7.0,218.0,112.5,1,19.5,31.7,46.0,PG/SG,5700,0,24.0,14.0,104,106,2%,15,13,14,26,29,30,31.7,27.0,17.4,36.6,35.5,29.0,5.1,25.5,4.47,26.4,29.5,4.6,25.95,4.535,28.333333333333332,14.0,27.73,32.4,27.018529411764707
39,1,Patty Mills,0.0,SA,ORL,-4.0,222.5,113.3,25,14.8,17.3,21.0,PG/SG,3200,2,20.0,14.0,100,106,0%,11,10,9,22,22,23,17.3,19.3,10.6,28.0,21.3,11.8,3.7,19.3,6.02,19.4,24.0,6.1,19.35,6.06,22.333333333333332,10.0,18.909999999999997,17.7,20.79402985074627
39,2,John Collins,0.0,ATL,POR,-1.5,238.5,120.0,13,31.3,47.7,67.8,PF,8900,0,22.0,23.0,103,111,4%,17,15,15,34,35,33,47.6,41.5,30.6,52.5,36.1,50.0,5.6,46.0,5.17,46.4,35.0,5.2,46.2,5.1850000000000005,34.0,15.666666666666666,43.67999999999999,48.93333333333334,47.55882352941177
39,3,Jakarr Sampson,0.0,IND,CLE,-9.0,215.0,112.0,24,1.3,6.8,15.3,SF/PF,3000,1,0.0,0.0,101,113,4%,4,3,3,11,11,13,6.8,8.6,1.3,15.9,1.9,1.3,0.4,1.0,0.33,0.0,0.0,0.0,0.5,0.165,11.666666666666666,3.3333333333333335,6.619999999999999,7.8,0.0
39,4,Aaron Holiday,0.0,IND,CLE,-9.0,215.0,112.0,13,5.0,14.0,28.5,PG/SG,4200,1,21.0,13.0,101,113,7%,5,7,9,22,22,24,15.6,20.8,9.9,31.7,15.1,7.5,1.8,19.5,4.64,15.0,17.5,3.6,17.25,4.12,22.666666666666668,7.0,19.05,15.833333333333334,13.318014705882351
39,5,Semi Ojeleye,0.0,BOS,HOU,1.5,232.0,115.3,1,0.0,3.0,5.3,PF,3000,2,8.0,7.0,106,107,5%,1,0,2,6,8,14,3.0,6.9,1.2,12.5,13.7,5.8,1.9,5.0,1.67,0.0,0.0,0.0,2.5,0.835,9.333333333333334,1.0,5.22,2.766666666666667,0.0
39,6,Domantas Sabonis,0.0,IND,CLE,-9.0,215.0,112.0,10,32.3,43.2,54.8,PF/C,9100,1,24.0,21.0,101,113,0%,13,14,14,29,31,35,42.9,44.2,35.1,53.4,41.9,55.3,6.1,44.0,4.84,43.7,34.5,4.8,43.85,4.82,31.666666666666668,13.666666666666666,43.89,43.43333333333334,47.773421052631576
39,7,Damion Lee,0.0,GS,PHO,9.5,222.0,106.3,4,25.3,30.3,37.5,SG,5300,1,19.0,13.0,104,108,0%,12,12,11,32,32,29,30.3,25.6,15.7,35.4,37.0,41.3,7.8,31.5,5.94,32.1,36.0,6.1,31.8,6.02,31.0,11.666666666666666,27.76,31.03333333333333,36.92903225806452
40,0,Jevon Carter,0.0,PHO,GS,-9.5,222.0,115.8,29,2.5,10.9,18.3,PG/SG,3000,0,14.0,11.0,103,111,7%,4,4,4,17,14,14,10.5,10.8,3.4,18.2,12.3,1.5,0.5,11.5,3.83,11.9,15.5,4.0,11.7,3.915,15.0,4.0,10.919999999999998,10.566666666666668,12.089999999999998
40,1,Spencer Dinwiddie,0.0,BKN,MIA,7.0,218.0,105.5,22,27.5,37.5,49.8,PG/SG,7400,0,31.0,18.0,101,107,-8%,14,15,17,33,33,32,37.5,38.2,28.3,48.1,32.4,49.0,6.6,36.0,4.86,37.7,33.5,5.1,36.85,4.98,32.666666666666664,15.333333333333334,37.790000000000006,38.266666666666666,37.79005102040817
40,2,Nassir Little,0.0,POR,ATL,1.5,238.5,118.5,18,1.3,7.8,16.3,SF/PF,3000,1,13.0,9.0,106,112,9%,2,3,3,12,14,13,7.8,8.7,1.2,16.2,10.2,2.0,0.7,10.5,3.5,10.7,13.0,3.6,10.6,3.55,13.0,2.6666666666666665,8.900000000000002,8.466666666666667,10.6
40,3,Vince Carter,0.0,ATL,POR,-1.5,238.5,120.0,7,1.3,3.7,10.0,SF/PF,3000,0,16.0,8.0,103,111,-2%,3,2,5,8,7,15,3.7,10.7,3.0,18.5,12.2,12.0,4.0,6.3,2.08,0.0,0.0,0.0,3.15,1.04,10.0,3.3333333333333335,7.81,5.0,0.0
40,4,Evan Fournier,0.0,ORL,SA,4.0,222.5,109.3,6,19.3,32.9,46.5,SG/SF,6500,0,25.0,17.0,102,111,3%,13,15,14,32,33,32,32.9,29.8,21.8,37.9,29.5,45.8,7.0,29.0,4.46,29.4,32.5,4.5,29.2,4.48,32.333333333333336,14.0,30.32,32.9,29.35051546391752
40,5,Domantas Sabonis,0.0,IND,CLE,-9.0,215.0,112.0,10,32.3,43.2,54.8,PF/C,9100,1,24.0,21.0,101,113,0%,13,14,14,29,31,35,42.9,44.2,35.1,53.4,41.9,55.3,6.1,44.0,4.84,43.7,34.5,4.8,43.85,4.82,31.666666666666668,13.666666666666666,43.89,43.43333333333334,47.773421052631576
40,6,Kelly Olynyk,0.0,MIA,BKN,-7.0,218.0,112.5,25,13.3,25.9,36.3,PF/C,4600,0,16.0,14.0,104,106,8%,6,6,6,18,18,20,25.9,19.0,8.4,29.6,15.8,13.0,2.8,15.5,3.37,14.9,15.0,3.2,15.2,3.285,18.666666666666668,6.0,19.62,25.166666666666668,12.214285714285712
40,7,Dwight Howard,0.0,LAL,MEM,-9.0,226.5,117.8,4,11.8,22.0,34.3,C,4300,1,14.0,19.0,106,109,5%,3,4,4,21,21,20,22.0,21.9,12.5,31.2,18.3,18.8,4.4,20.8,4.83,19.7,18.0,4.6,20.25,4.715,20.666666666666668,3.6666666666666665,21.57,22.7,17.637096774193548
41,0,Avery Bradley,0.0,LAL,MEM,-9.0,226.5,117.8,19,8.0,16.4,30.3,PG/SG,3300,1,15.0,9.0,106,109,6%,8,7,8,22,27,24,16.4,15.1,7.3,23.0,20.7,10.3,3.1,15.5,4.7,17.1,27.5,5.2,16.3,4.95,24.333333333333332,7.666666666666667,15.62,18.233333333333334,18.42123287671233
41,1,Troy Daniels,0.0,LAL,MEM,-9.0,226.5,117.8,22,-0.5,3.9,6.0,SG,3000,1,16.0,9.0,106,109,6%,5,3,4,6,8,11,3.9,7.2,1.2,13.1,3.1,3.5,1.2,5.5,1.83,0.0,0.0,0.0,2.75,0.915,8.333333333333334,4.0,5.63,3.1333333333333333,0.0
41,2,Gordon Hayward,0.0,BOS,HOU,1.5,232.0,115.3,29,19.3,34.1,50.3,SF/PF,7400,2,21.0,18.0,106,107,8%,10,14,13,33,38,34,34.1,34.5,23.4,45.5,40.5,38.0,5.1,38.0,5.14,37.4,34.5,5.1,37.7,5.119999999999999,35.0,12.333333333333334,35.04,34.56666666666667,37.16142857142857
41,3,Duncan Robinson,0.0,MIA,BKN,-7.0,218.0,112.5,27,15.5,23.1,36.3,SG/SF,4800,0,15.0,12.0,104,106,2%,9,11,10,31,33,30,23.1,22.5,14.0,30.9,28.0,16.8,3.5,22.8,4.74,23.9,32.0,5.0,23.35,4.87,31.333333333333332,10.0,22.77,24.96666666666667,23.8468085106383
41,4,Anfernee Simons,0.0,POR,ATL,1.5,238.5,118.5,4,8.0,17.8,34.8,PG/SG,3400,1,19.0,9.0,106,112,4%,10,10,8,21,23,23,17.8,15.6,7.8,23.3,15.8,12.3,3.6,17.5,5.15,16.9,21.0,5.0,17.2,5.075,22.333333333333332,9.333333333333334,16.34,20.2,16.17313432835821
41,5,Wilson Chandler,0.0,BKN,MIA,7.0,218.0,105.5,21,5.3,14.0,23.5,PF,3200,0,13.0,9.0,101,107,1%,5,6,5,21,25,21,14.0,15.1,9.0,21.2,19.7,17.3,5.4,15.5,4.84,15.1,21.5,4.7,15.3,4.77,22.333333333333332,5.333333333333333,14.919999999999998,14.266666666666666,14.72910447761194
41,6,DeAndre Jordan,0.0,BKN,MIA,7.0,218.0,105.5,12,16.3,27.2,39.8,C,5800,0,15.0,21.0,101,107,-6%,7,7,5,25,26,22,27.2,26.2,16.8,35.5,20.0,20.8,3.6,25.0,4.31,25.2,23.5,4.3,25.1,4.305,24.333333333333332,6.333333333333333,26.160000000000004,27.766666666666666,24.24041095890411
41,7,Elie Okobo,0.0,PHO,GS,-9.5,222.0,115.8,29,-0.5,4.0,7.5,PG,3000,0,16.0,10.0,103,111,7%,3,2,3,13,10,13,4.0,10.0,2.0,18.0,20.5,30.3,10.1,12.5,4.17,9.7,13.5,3.2,11.1,3.685,12.0,2.6666666666666665,9.02,3.6666666666666665,12.487499999999999
44,0,Malcolm Brogdon,0.0,IND,CLE,-9.0,215.0,112.0,13,24.8,33.9,42.8,PG,7000,1,27.0,18.0,101,113,7%,14,14,15,32,33,32,33.9,36.6,27.5,45.7,35.2,36.8,5.3,37.5,5.36,37.2,33.0,5.3,37.35,5.33,32.333333333333336,14.333333333333334,36.209999999999994,33.833333333333336,38.1201030927835
44,1,Patty Mills,0.0,SA,ORL,-4.0,222.5,113.3,25,14.8,17.3,21.0,PG/SG,3200,2,20.0,14.0,100,106,0%,11,10,9,22,22,23,17.3,19.3,10.6,28.0,21.3,11.8,3.7,19.3,6.02,19.4,24.0,6.1,19.35,6.06,22.333333333333332,10.0,18.909999999999997,17.7,20.79402985074627
44,2,Aaron Gordon,0.0,ORL,SA,4.0,222.5,109.3,4,42.0,52.5,57.0,PF,8500,0,21.0,15.0,102,111,0%,14,14,13,41,40,33,52.8,33.4,22.7,44.1,36.0,24.0,2.8,36.3,4.26,39.3,37.5,4.6,37.8,4.43,38.0,13.666666666666666,38.15999999999999,50.5,37.30263157894736
44,3,Terrence Ross,0.0,ORL,SA,4.0,222.5,109.3,6,19.0,33.0,51.3,SG/SF,5400,0,22.0,13.0,102,111,0%,20,16,12,31,31,27,33.0,23.5,15.3,31.8,32.5,31.5,5.8,25.0,4.63,24.3,28.0,4.5,24.65,4.5649999999999995,29.666666666666668,16.0,25.65,34.43333333333333,23.265168539325842
44,4,Ricky Rubio,0.0,PHO,GS,-9.5,222.0,115.8,29,36.8,48.1,62.0,PG,7300,0,23.0,16.0,103,111,7%,12,11,11,32,32,32,48.1,35.8,24.1,47.5,28.6,19.3,2.6,37.0,5.07,38.3,32.0,5.2,37.65,5.135,32.0,11.333333333333334,38.63,48.96666666666667,37.65
44,5,Joe Harris,0.0,BKN,MIA,7.0,218.0,105.5,24,15.3,21.7,28.8,SG/SF,4500,0,17.0,12.0,101,107,1%,13,11,11,29,29,32,21.6,24.6,17.0,32.3,30.9,32.0,7.1,25.3,5.61,23.9,30.0,5.3,24.6,5.455,30.0,11.666666666666666,24.02,21.933333333333334,24.6
44,6,Hassan Whiteside,0.0,POR,ATL,1.5,238.5,118.5,30,34.8,46.5,50.3,C,9300,1,19.0,25.0,106,112,8%,14,13,11,35,35,31,46.5,43.0,31.4,54.7,31.1,47.8,5.1,51.5,5.54,55.3,35.0,5.9,53.4,5.720000000000001,33.666666666666664,12.666666666666666,45.8,43.86666666666667,55.51485148514852
44,7,Jevon Carter,0.0,PHO,GS,-9.5,222.0,115.8,29,2.5,10.9,18.3,PG/SG,3000,0,14.0,11.0,103,111,7%,4,4,4,17,14,14,10.5,10.8,3.4,18.2,12.3,1.5,0.5,11.5,3.83,11.9,15.5,4.0,11.7,3.915,15.0,4.0,10.919999999999998,10.566666666666668,12.089999999999998
45,0,Markelle Fultz,0.0,ORL,SA,4.0,222.5,109.3,27,19.3,30.8,49.3,PG/SG,5600,0,22.0,14.0,102,111,3%,10,11,11,30,32,29,30.8,26.6,18.7,34.5,29.5,17.3,3.1,27.3,4.87,27.5,31.0,4.9,27.4,4.885,30.333333333333332,10.666666666666666,27.6,33.13333333333333,28.002197802197802
45,1,Joe Harris,0.0,BKN,MIA,7.0,218.0,105.5,24,15.3,21.7,28.8,SG/SF,4500,0,17.0,12.0,101,107,1%,13,11,11,29,29,32,21.6,24.6,17.0,32.3,30.9,32.0,7.1,25.3,5.61,23.9,30.0,5.3,24.6,5.455,30.0,11.666666666666666,24.02,21.933333333333334,24.6
45,2,Dragan Bender,0.0,GS,PHO,9.5,222.0,106.3,15,6.0,11.9,19.8,PF/C,3900,1,0.0,0.0,104,108,0%,5,4,4,24,17,16,11.8,11.5,6.4,16.6,30.8,38.3,9.8,18.3,4.68,21.0,28.5,5.4,19.65,5.04,19.0,4.333333333333333,13.190000000000001,12.566666666666668,29.475
45,3,Vince Carter,0.0,ATL,POR,-1.5,238.5,120.0,7,1.3,3.7,10.0,SF/PF,3000,0,16.0,8.0,103,111,-2%,3,2,5,8,7,15,3.7,10.7,3.0,18.5,12.2,12.0,4.0,6.3,2.08,0.0,0.0,0.0,3.15,1.04,10.0,3.3333333333333335,7.81,5.0,0.0
45,4,Evan Fournier,0.0,ORL,SA,4.0,222.5,109.3,6,19.3,32.9,46.5,SG/SF,6500,0,25.0,17.0,102,111,3%,13,15,14,32,33,32,32.9,29.8,21.8,37.9,29.5,45.8,7.0,29.0,4.46,29.4,32.5,4.5,29.2,4.48,32.333333333333336,14.0,30.32,32.9,29.35051546391752
45,5,Lonnie Walker IV,0.0,SA,ORL,-4.0,222.5,113.3,21,6.5,16.2,24.8,SG/SF,3400,2,18.0,11.0,100,106,-1%,7,6,5,25,23,14,16.2,11.1,2.3,19.8,10.6,3.3,1.0,17.5,5.15,17.3,20.5,5.1,17.4,5.125,20.666666666666668,6.0,13.359999999999996,15.833333333333334,17.259677419354837
45,6,JaVale McGee,0.0,LAL,MEM,-9.0,226.5,117.8,4,9.8,14.1,21.5,C,3600,1,15.0,21.0,106,109,5%,4,3,5,16,14,17,14.1,18.9,10.3,27.6,16.6,7.8,2.2,16.5,4.58,15.3,14.0,4.3,15.9,4.4399999999999995,15.666666666666666,4.0,17.360000000000003,15.133333333333333,14.208510638297872
45,7,Wilson Chandler,0.0,BKN,MIA,7.0,218.0,105.5,21,5.3,14.0,23.5,PF,3200,0,13.0,9.0,101,107,1%,5,6,5,21,25,21,14.0,15.1,9.0,21.2,19.7,17.3,5.4,15.5,4.84,15.1,21.5,4.7,15.3,4.77,22.333333333333332,5.333333333333333,14.919999999999998,14.266666666666666,14.72910447761194
46,0,Michael Carter-Williams,0.0,ORL,SA,4.0,222.5,109.3,27,8.0,16.1,24.3,PG/SG,3400,0,19.0,15.0,102,111,3%,5,4,6,17,18,18,16.1,17.6,9.8,25.3,18.7,18.3,5.4,17.5,5.15,15.8,16.5,4.6,16.65,4.875,17.666666666666668,5.0,17.089999999999996,16.133333333333336,15.550471698113205
46,1,De'Anthony Melton,0.0,MEM,LAL,9.0,226.5,108.8,3,6.8,21.4,41.5,PG/SG,4500,0,21.0,15.0,103,103,-1%,8,8,7,24,23,20,21.4,21.6,13.3,29.9,24.6,18.3,4.1,21.5,4.78,22.5,24.5,5.0,22.0,4.890000000000001,22.333333333333332,7.666666666666667,21.64,23.233333333333334,24.134328358208958
46,2,Gordon Hayward,0.0,BOS,HOU,1.5,232.0,115.3,29,19.3,34.1,50.3,SF/PF,7400,2,21.0,18.0,106,107,8%,10,14,13,33,38,34,34.1,34.5,23.4,45.5,40.5,38.0,5.1,38.0,5.14,37.4,34.5,5.1,37.7,5.119999999999999,35.0,12.333333333333334,35.04,34.56666666666667,37.16142857142857
46,3,Robert Covington,0.0,HOU,BOS,-1.5,232.0,116.8,25,27.0,34.0,39.3,SF/PF,5900,2,16.0,14.0,102,104,-5%,9,11,11,30,32,30,34.0,28.7,20.5,36.9,39.0,46.0,7.8,29.5,5.0,31.6,33.5,5.4,30.55,5.2,30.666666666666668,10.333333333333334,30.130000000000003,33.43333333333333,33.37255434782609
46,4,Kevin Porter Jr.,0.0,CLE,IND,9.0,215.0,103.0,10,9.0,25.1,51.5,SG/SF,5100,0,21.0,11.0,101,105,-2%,13,10,8,29,25,23,25.1,19.1,10.0,28.3,34.3,27.0,5.3,24.5,4.8,24.0,29.5,4.7,24.25,4.75,25.666666666666668,10.333333333333334,21.35,28.53333333333333,27.871753246753244
46,5,Wenyen Gabriel,0.0,POR,ATL,1.5,238.5,118.5,3,1.3,5.3,9.0,PF,3000,1,0.0,0.0,106,112,9%,1,1,2,7,9,7,5.3,4.7,0.1,9.3,18.2,17.8,5.9,7.0,2.33,0.0,0.0,0.0,3.5,1.165,7.666666666666667,1.3333333333333333,4.58,5.2,0.0
46,6,Bam Adebayo,0.0,MIA,BKN,-7.0,218.0,112.5,15,33.8,50.3,69.8,C,8600,0,21.0,21.0,104,106,8%,12,13,11,31,33,35,50.4,42.4,31.6,53.3,32.3,42.5,4.9,42.3,4.91,45.6,34.0,5.3,43.95,5.105,33.0,12.0,44.33,51.29999999999999,45.28181818181819
46,7,Vince Carter,0.0,ATL,POR,-1.5,238.5,120.0,7,1.3,3.7,10.0,SF/PF,3000,0,16.0,8.0,103,111,-2%,3,2,5,8,7,15,3.7,10.7,3.0,18.5,12.2,12.0,4.0,6.3,2.08,0.0,0.0,0.0,3.15,1.04,10.0,3.3333333333333335,7.81,5.0,0.0
47,0,Austin Rivers,0.0,HOU,BOS,-1.5,232.0,116.8,21,4.5,18.3,36.5,PG/SG,3600,2,15.0,11.0,102,104,-6%,10,7,8,25,22,24,18.3,16.5,8.1,25.0,21.8,9.8,2.7,12.0,3.33,11.1,17.0,3.1,11.55,3.215,23.666666666666668,8.333333333333334,15.889999999999997,19.766666666666666,8.296478873239437
47,1,Kevin Huerter,0.0,ATL,POR,-1.5,238.5,120.0,11,21.8,26.2,32.3,SG/SF,5200,0,18.0,11.0,103,111,-2%,11,12,11,31,36,32,26.2,26.2,16.6,35.9,35.0,45.0,8.7,28.5,5.48,27.5,34.5,5.3,28.0,5.390000000000001,33.0,11.333333333333334,26.580000000000002,26.766666666666666,29.272727272727273
47,2,Domantas Sabonis,0.0,IND,CLE,-9.0,215.0,112.0,10,32.3,43.2,54.8,PF/C,9100,1,24.0,21.0,101,113,0%,13,14,14,29,31,35,42.9,44.2,35.1,53.4,41.9,55.3,6.1,44.0,4.84,43.7,34.5,4.8,43.85,4.82,31.666666666666668,13.666666666666666,43.89,43.43333333333334,47.773421052631576
47,3,Gary Trent Jr.,0.0,POR,ATL,1.5,238.5,118.5,30,4.0,18.3,30.3,SG/SF,4300,1,15.0,12.0,106,112,4%,13,10,6,35,31,19,18.3,13.3,2.6,24.0,29.1,14.0,3.3,25.0,5.81,26.1,34.0,6.1,25.55,5.955,28.333333333333332,9.666666666666666,16.75,17.533333333333335,30.660000000000004
47,4,James Harden,0.0,HOU,BOS,-1.5,232.0,116.8,21,46.3,59.4,67.0,PG/SG,10900,2,37.0,29.0,102,104,-6%,24,21,24,36,36,38,63.4,61.5,47.4,75.6,41.0,43.5,4.0,54.3,4.98,58.9,37.0,5.4,56.599999999999994,5.19,36.666666666666664,23.0,60.9,57.56666666666666,57.11454545454545
47,5,Mario Hezonja,0.0,POR,ATL,1.5,238.5,118.5,18,1.5,8.8,29.0,SF/PF,3000,1,13.0,8.0,106,112,4%,2,3,4,13,14,16,8.8,11.1,3.1,19.2,12.6,15.5,5.2,7.8,2.58,8.3,10.5,2.8,8.05,2.69,14.333333333333334,3.0,10.05,13.1,5.897093023255815
47,6,Mo Bamba,0.0,ORL,SA,4.0,222.5,109.3,27,6.3,21.5,38.5,C,4100,0,17.0,18.0,102,111,2%,6,5,5,15,14,15,21.5,16.8,9.2,24.4,12.0,18.3,4.5,20.0,4.88,15.9,14.5,3.9,17.95,4.39,14.666666666666666,5.333333333333333,17.97,22.099999999999998,17.746022727272727
47,7,Marcus Smart,0.0,BOS,HOU,1.5,232.0,115.3,23,31.5,37.7,49.5,PG/SG,6500,2,20.0,14.0,106,107,1%,17,15,11,34,37,32,37.6,29.7,19.3,40.2,44.9,51.8,8.0,32.3,4.96,34.8,35.0,5.4,33.55,5.18,34.333333333333336,14.333333333333334,32.07,39.56666666666667,34.2014563106796
48,0,Spencer Dinwiddie,0.0,BKN,MIA,7.0,218.0,105.5,22,27.5,37.5,49.8,PG/SG,7400,0,31.0,18.0,101,107,-8%,14,15,17,33,33,32,37.5,38.2,28.3,48.1,32.4,49.0,6.6,36.0,4.86,37.7,33.5,5.1,36.85,4.98,32.666666666666664,15.333333333333334,37.790000000000006,38.266666666666666,37.79005102040817
48,1,Romeo Langford,0.0,BOS,HOU,1.5,232.0,115.3,13,0.0,2.5,5.5,SG/SF,3000,2,0.0,0.0,106,107,1%,4,2,2,14,12,11,2.5,5.4,-1.7,12.4,11.1,2.5,0.8,4.5,1.5,6.6,11.5,2.2,5.55,1.85,12.333333333333334,2.6666666666666665,4.83,2.6666666666666665,5.175
48,2,Larry Nance Jr.,0.0,CLE,IND,9.0,215.0,103.0,24,11.3,25.9,39.8,PF/C,6100,0,16.0,17.0,101,105,-7%,7,9,7,24,27,25,25.9,24.5,13.6,35.5,25.2,16.8,2.8,25.5,4.18,26.1,29.5,4.3,25.8,4.24,25.333333333333332,7.666666666666667,25.06,25.666666666666668,30.043421052631583
48,3,Derrick Jones Jr.,0.0,MIA,BKN,-7.0,218.0,112.5,11,14.0,21.8,32.5,SF/PF,3900,0,14.0,15.0,104,106,-13%,5,6,7,21,24,26,21.8,19.8,11.2,28.5,19.7,24.0,6.2,19.3,4.94,16.6,21.5,4.3,17.950000000000003,4.62,23.666666666666668,6.0,19.85,22.766666666666666,16.306690140845074
48,4,Brandon Goodwin,0.0,ATL,POR,-1.5,238.5,120.0,18,3.5,7.7,18.8,PG,3000,0,23.0,12.0,103,111,8%,5,4,6,10,9,13,7.7,12.5,2.4,22.5,6.1,2.0,0.7,7.0,2.33,0.0,0.0,0.0,3.5,1.165,10.666666666666666,5.0,9.72,10.0,0.0
48,5,Garrett Temple,0.0,BKN,MIA,7.0,218.0,105.5,24,16.0,27.8,38.3,SG/SF,4400,0,17.0,10.0,101,107,-1%,13,11,10,32,30,29,27.8,21.9,13.3,30.5,22.2,21.8,5.0,21.8,4.94,21.2,29.5,4.8,21.5,4.87,30.333333333333332,11.333333333333334,23.0,27.366666666666664,20.90934065934066
48,6,Kevon Looney,0.0,GS,PHO,9.5,222.0,106.3,3,7.3,12.1,15.0,C,3000,1,0.0,0.0,104,108,2%,6,5,4,17,18,13,11.9,9.9,4.6,15.2,14.7,22.0,7.3,16.8,5.58,19.4,21.5,6.5,18.1,6.04,16.0,5.0,11.940000000000001,11.466666666666667,24.321875000000002
48,7,John Konchar,0.0,MEM,LAL,9.0,226.5,108.8,14,4.5,12.3,24.8,SG/SF,3200,0,0.0,0.0,103,103,-1%,3,3,2,11,11,8,12.3,7.2,-2.0,16.3,12.4,18.3,5.7,11.0,3.44,11.4,13.5,3.6,11.2,3.52,10.0,2.6666666666666665,9.0,13.866666666666667,15.12
49,0,Markelle Fultz,0.0,ORL,SA,4.0,222.5,109.3,27,19.3,30.8,49.3,PG/SG,5600,0,22.0,14.0,102,111,3%,10,11,11,30,32,29,30.8,26.6,18.7,34.5,29.5,17.3,3.1,27.3,4.87,27.5,31.0,4.9,27.4,4.885,30.333333333333332,10.666666666666666,27.6,33.13333333333333,28.002197802197802
49,1,Victor Oladipo,0.0,IND,CLE,-9.0,215.0,112.0,13,11.8,21.7,27.3,PG/SG,5800,1,0.0,0.0,101,113,9%,9,10,11,26,27,25,21.7,19.3,13.8,24.8,28.7,31.3,5.4,27.0,4.66,27.2,28.5,4.7,27.1,4.68,26.0,10.0,21.339999999999996,20.266666666666666,29.70576923076923
49,2,Jae Crowder,0.0,MIA,BKN,-7.0,218.0,112.5,25,19.3,27.0,33.8,PF,5500,0,16.0,12.0,104,106,-3%,8,9,9,31,30,30,26.9,26.4,15.8,37.1,28.4,21.0,3.8,23.8,4.32,24.4,29.0,4.4,24.1,4.36,30.333333333333332,8.666666666666666,26.060000000000002,26.7,23.040659340659342
49,3,John Konchar,0.0,MEM,LAL,9.0,226.5,108.8,14,4.5,12.3,24.8,SG/SF,3200,0,0.0,0.0,103,103,-1%,3,3,2,11,11,8,12.3,7.2,-2.0,16.3,12.4,18.3,5.7,11.0,3.44,11.4,13.5,3.6,11.2,3.52,10.0,2.6666666666666665,9.0,13.866666666666667,15.12
49,4,Collin Sexton,0.0,CLE,IND,9.0,215.0,103.0,5,20.5,33.0,44.0,PG/SG,6200,0,27.0,16.0,101,105,-2%,18,16,17,36,34,33,33.0,30.4,23.3,37.6,37.0,24.8,4.0,30.5,4.92,30.4,34.5,4.9,30.45,4.91,34.333333333333336,17.0,30.95,32.5,30.59781553398058
49,5,Evan Fournier,0.0,ORL,SA,4.0,222.5,109.3,6,19.3,32.9,46.5,SG/SF,6500,0,25.0,17.0,102,111,3%,13,15,14,32,33,32,32.9,29.8,21.8,37.9,29.5,45.8,7.0,29.0,4.46,29.4,32.5,4.5,29.2,4.48,32.333333333333336,14.0,30.32,32.9,29.35051546391752
49,6,Trey Lyles,0.0,SA,ORL,-4.0,222.5,113.3,30,14.5,20.1,25.3,PF/C,3800,2,13.0,12.0,100,106,-2%,5,6,5,21,26,19,20.1,16.1,7.9,24.3,39.8,44.8,11.8,22.5,5.92,21.8,25.0,5.7,22.15,5.8100000000000005,22.0,5.333333333333333,18.110000000000003,19.96666666666667,25.170454545454547
49,7,Dillon Brooks,0.0,MEM,LAL,9.0,226.5,108.8,14,15.0,23.0,38.5,SG,5200,0,24.0,11.0,103,103,-5%,24,17,15,35,30,29,22.9,26.5,16.6,36.4,34.8,30.8,5.9,27.5,5.29,27.3,31.5,5.3,27.4,5.295,31.333333333333332,18.666666666666668,25.96,25.5,27.54574468085106
