Lineup Num,,Player Name,injury_status,team,opp,spread,over_under,implied_team_score,L5_dvp_rank,L5_ppg_floor,L5_ppg_avg,L5_ppg_max,Pos,Salary,Rest,USG,PER,Opp Pace,Opp DEff,Opp DvP,L2 FGA,L5 FGA,S FGA,L2 Min,L5 Min,S Min,L5 FP,S FP,Floor FP,Ceil FP,Actual Min,Actual FP,Actual Val,FantasyFuelPPGProj,FantasyFuelValueProj,DFN_PPGProj,DFN_MinProj,DFN_ValueProj,Avg Proj,Avg Value Proj,Avg Skewed Min,Avg Skewed FGA,Avg Skewed FP,Avg L5 PPG,Proj Min Enhanced
0,0,Bruce Brown,0.0,DET,POR,5.5,221.5,108.0,21,16.0,27.0,41.0,PG/SF,5600,2,17.0,12.0,104,111,-2%,6,8,8,29,33,28,26.9,23.8,13.5,34.1,33.3,23.0,4.1,26.8,4.78,27.8,32.0,5.0,27.3,4.890000000000001,30.0,7.333333333333333,25.12,28.0,29.12
0,1,Jordan Poole,0.0,GS,NO,10.5,238.0,113.8,24,22.3,26.5,29.5,PG/SG,4600,2,21.0,6.0,106,110,5%,14,13,9,32,29,22,26.4,15.3,6.9,23.7,32.6,30.0,6.5,26.5,5.76,26.5,32.0,5.8,26.5,5.779999999999999,27.666666666666668,12.0,19.76,26.099999999999998,30.65060240963855
0,2,Davis Bertans,0.0,WAS,CHI,-2.0,229.5,115.8,14,16.5,26.8,37.0,PF,5500,1,18.0,16.0,102,107,3%,8,10,11,28,29,29,26.8,27.5,18.6,36.4,37.0,30.0,5.5,26.8,4.86,26.4,27.5,4.8,26.6,4.83,28.666666666666668,9.666666666666666,27.179999999999996,26.766666666666666,25.51744186046512
0,3,Gary Trent Jr.,0.0,POR,DET,-5.5,221.5,113.5,6,4.0,21.1,37.5,SG/SF,5200,1,15.0,13.0,101,110,-6%,8,10,6,26,30,18,21.1,12.7,2.0,23.4,34.5,19.0,3.7,25.0,4.81,26.2,35.0,5.0,25.6,4.904999999999999,24.666666666666668,8.0,16.96,20.866666666666667,36.32432432432432
0,4,Bradley Beal,0.0,WAS,CHI,-2.0,229.5,115.8,21,34.8,42.4,47.0,SG,9600,1,34.0,22.0,102,107,-2%,26,25,23,34,35,36,42.8,47.5,36.5,58.6,39.4,70.3,7.3,45.8,4.77,45.3,34.5,4.7,45.55,4.734999999999999,35.0,24.666666666666668,46.19,41.4,44.89928571428571
0,5,Jeremy Lamb,0.0,IND,TOR,5.5,217.5,106.0,7,17.3,24.8,41.3,SG/SF,4800,1,19.0,14.0,103,102,1%,9,9,11,24,27,29,24.5,25.6,16.2,34.9,7.7,10.5,2.2,22.0,4.58,22.6,26.5,4.7,22.3,4.640000000000001,26.666666666666668,9.666666666666666,24.7,27.8,22.160625
0,6,Hassan Whiteside,0.0,POR,DET,-5.5,221.5,113.5,13,34.8,45.3,57.8,C,9700,1,19.0,25.0,101,110,2%,12,11,11,33,33,31,45.3,42.7,30.8,54.5,38.4,50.3,5.2,46.8,4.82,54.5,34.0,5.6,50.65,5.21,32.333333333333336,11.333333333333334,44.790000000000006,45.96666666666666,53.260824742268035
0,7,Matt Thomas,0.0,TOR,IND,-5.5,217.5,111.5,19,0.0,9.2,31.5,SG,3000,1,0.0,0.0,101,106,-2%,1,3,3,2,10,10,9.2,7.8,0.6,14.9,15.4,21.3,7.1,3.5,1.17,0.0,0.0,0.0,1.75,0.585,7.333333333333333,2.3333333333333335,6.85,13.566666666666668,0.0
1,0,Langston Galloway,0.0,DET,POR,5.5,221.5,108.0,21,9.0,15.4,22.5,PG/SG,3600,2,15.0,12.0,104,111,-2%,9,8,8,27,28,26,15.3,17.8,10.8,24.8,24.4,26.5,7.4,16.8,4.65,15.8,23.5,4.4,16.3,4.525,27.0,8.333333333333334,17.0,15.633333333333333,14.187037037037038
1,1,Torrey Craig,0.0,DEN,MIN,-13.5,221.0,117.3,3,7.8,19.0,25.5,SG/SF,3500,1,12.0,10.0,105,109,3%,4,5,4,23,29,18,18.9,12.3,2.8,21.8,9.1,6.0,1.7,10.5,3.0,10.2,15.0,2.9,10.35,2.95,23.333333333333332,4.333333333333333,13.229999999999999,17.433333333333334,6.6535714285714285
1,2,Stanley Johnson,0.0,TOR,IND,-5.5,217.5,111.5,1,0.0,2.4,6.0,SF/PF,3000,1,0.0,0.0,101,106,-15%,0,1,2,3,3,5,2.4,3.3,-0.1,6.7,9.5,12.0,4.0,5.5,1.83,0.0,0.0,0.0,2.75,0.915,3.6666666666666665,1.0,3.01,2.8000000000000003,0.0
1,3,Danilo Gallinari,0.0,OKC,SA,-5.0,222.0,113.5,14,24.3,32.8,37.8,SF/PF,6300,1,24.0,20.0,102,111,3%,16,15,14,33,32,31,32.8,32.5,25.3,39.6,25.9,18.0,2.9,34.8,5.52,35.4,31.5,5.6,35.099999999999994,5.56,32.0,15.0,33.06,31.63333333333333,34.551562499999996
1,4,Jrue Holiday,0.0,NO,GS,-10.5,238.0,124.3,30,24.3,42.6,61.0,PG/SG,7800,1,26.0,17.0,103,111,6%,12,14,17,34,32,35,42.3,40.7,30.6,50.7,38.4,56.8,7.3,38.3,4.9,38.7,32.5,5.0,38.5,4.95,33.666666666666664,14.333333333333334,40.559999999999995,42.63333333333333,37.16584158415842
1,5,Brandon Ingram,0.0,NO,GS,-10.5,238.0,124.3,19,29.5,39.0,49.5,SF/PF,6900,1,28.0,21.0,103,111,4%,14,15,18,32,31,35,40.5,43.1,33.1,53.2,33.7,33.0,4.8,40.3,5.83,40.5,33.0,5.9,40.4,5.865,32.666666666666664,15.666666666666666,42.06,39.333333333333336,40.81224489795918
1,6,Naz Reid,0.0,MIN,DEN,13.5,221.0,103.8,8,13.8,24.3,38.8,PF/C,5500,1,0.0,0.0,100,106,-2%,11,9,7,27,18,12,24.3,15.1,3.9,26.3,21.9,22.3,4.1,29.3,5.32,35.3,30.0,6.4,32.3,5.86,19.0,9.0,20.380000000000003,25.633333333333336,51.0
1,7,Malcolm Miller,0.0,TOR,IND,-5.5,217.5,111.5,19,0.0,0.7,2.0,SG,3000,1,0.0,0.0,101,106,-15%,1,0,1,2,2,5,0.7,2.7,-1.9,7.3,5.5,3.5,1.2,5.0,1.67,0.0,0.0,0.0,2.5,0.835,3.0,0.6666666666666666,2.26,0.9,0.0
2,0,Jarrett Culver,0.0,MIN,DEN,13.5,221.0,103.8,26,5.5,13.4,23.3,PG/SF,3200,1,19.0,9.0,100,106,-5%,4,7,9,19,22,24,13.3,19.0,9.0,29.0,25.8,27.3,8.5,19.8,6.17,18.9,25.0,5.9,19.35,6.035,21.666666666666668,6.666666666666667,17.93,14.066666666666668,22.326923076923077
2,1,Andrew Wiggins,0.0,GS,NO,10.5,238.0,113.8,5,26.5,39.4,52.0,SG/SF,8000,2,25.0,17.0,106,110,3%,16,15,19,31,33,35,39.4,38.1,27.6,48.5,34.3,32.5,4.1,38.8,4.84,42.6,34.0,5.3,40.7,5.07,33.0,16.666666666666668,38.86,39.300000000000004,41.93333333333334
2,2,Thaddeus Young,0.0,CHI,WAS,2.0,229.5,113.8,21,21.8,31.0,48.3,PF,6500,0,20.0,13.0,106,113,3%,15,12,9,33,34,24,30.9,21.7,13.0,30.4,30.4,41.0,6.3,31.0,4.77,28.7,32.5,4.4,29.85,4.585,30.333333333333332,12.0,25.169999999999998,33.699999999999996,31.982142857142858
2,3,Juan Toscano-Anderson,0.0,GS,NO,10.5,238.0,113.8,23,7.3,15.2,30.0,SF/PF,3300,2,0.0,0.0,106,110,7%,6,5,5,19,18,18,15.2,15.2,5.1,25.3,27.5,37.5,11.4,19.0,5.76,19.3,22.0,5.8,19.15,5.779999999999999,18.333333333333332,5.333333333333333,15.99,17.5,22.979999999999997
2,4,Will Barton,0.0,DEN,MIN,-13.5,221.0,117.3,3,25.8,35.7,48.3,SG/SF,5400,1,21.0,16.0,105,109,3%,11,14,13,28,33,34,35.6,33.0,23.2,42.7,26.5,24.5,4.5,27.0,5.0,32.2,32.5,6.0,29.6,5.5,31.666666666666668,12.666666666666666,32.82,36.6,30.378947368421056
2,5,Rondae Hollis-Jefferson,0.0,TOR,IND,-5.5,217.5,111.5,20,12.0,21.5,36.0,PF,4000,1,18.0,16.0,101,106,-15%,4,6,6,20,21,20,21.5,19.5,10.3,28.7,20.4,20.0,5.0,19.3,4.81,19.9,22.5,5.0,19.6,4.904999999999999,20.333333333333332,5.333333333333333,19.919999999999998,23.166666666666668,21.688524590163937
2,6,Steven Adams,0.0,OKC,SA,-5.0,222.0,113.5,21,21.8,36.4,56.8,C,6800,1,17.0,21.0,102,111,1%,12,11,8,30,30,28,36.4,31.3,21.0,41.6,27.4,41.5,6.1,33.0,4.85,34.0,30.0,5.0,33.5,4.925,29.333333333333332,10.333333333333334,32.760000000000005,38.333333333333336,34.26136363636364
2,7,Jakob Poeltl,0.0,SA,OKC,5.0,222.0,108.5,14,11.0,14.5,23.8,C,3100,1,14.0,20.0,101,106,0%,2,3,4,11,13,17,14.4,18.6,10.3,26.9,15.5,19.5,6.3,14.5,4.68,14.2,13.5,4.6,14.35,4.64,13.666666666666666,3.0,16.91,16.433333333333334,14.175
3,0,Adam Mokoka,0.0,CHI,WAS,2.0,229.5,113.8,17,0.0,5.6,16.5,PG/SG,3000,0,0.0,0.0,106,113,4%,4,2,2,11,7,6,5.5,4.3,-1.5,10.1,18.4,5.0,1.7,6.8,2.25,10.2,12.5,3.4,8.5,2.825,8.0,2.6666666666666665,5.38,7.366666666666667,13.28125
3,1,Shai Gilgeous-Alexander,0.0,OKC,SA,-5.0,222.0,113.5,15,29.0,33.7,38.5,PG/SG,7100,1,23.0,17.0,102,111,0%,14,13,15,38,36,36,33.6,36.0,26.1,45.9,31.8,44.8,6.3,36.0,5.07,36.3,35.5,5.1,36.15,5.085,36.666666666666664,14.0,35.55,33.733333333333334,34.99977272727273
3,2,Nicolo Melli,0.0,NO,GS,-10.5,238.0,124.3,24,0.0,0.0,0.0,PF,3800,1,16.0,12.0,103,111,1%,9,9,5,22,23,16,23.2,13.5,3.4,23.5,22.9,32.3,8.5,14.5,3.82,16.1,17.5,4.2,15.3,4.01,20.333333333333332,7.666666666666667,15.780000000000001,0.0,13.168032786885247
3,3,Ryan Arcidiacono,0.0,CHI,WAS,2.0,229.5,113.8,12,8.8,17.0,29.0,SG/SF,3200,0,13.0,9.0,106,113,7%,9,6,4,31,25,16,16.9,10.2,3.7,16.7,21.2,18.3,5.7,20.5,6.41,19.6,29.0,6.1,20.05,6.255,24.0,6.333333333333333,13.51,18.266666666666666,24.227083333333333
3,4,Matt Thomas,0.0,TOR,IND,-5.5,217.5,111.5,19,0.0,9.2,31.5,SG,3000,1,0.0,0.0,101,106,-2%,1,3,3,2,10,10,9.2,7.8,0.6,14.9,15.4,21.3,7.1,3.5,1.17,0.0,0.0,0.0,1.75,0.585,7.333333333333333,2.3333333333333335,6.85,13.566666666666668,0.0
3,5,Luguentz Dort,0.0,OKC,SA,-5.0,222.0,113.5,14,4.8,10.4,21.8,SF,3100,1,13.0,7.0,102,111,2%,8,6,6,23,21,22,10.4,11.1,4.1,18.1,24.1,27.0,8.7,13.8,4.44,12.9,21.5,4.2,13.350000000000001,4.32,22.0,6.666666666666667,11.41,12.333333333333334,13.046590909090911
3,6,Nerlens Noel,0.0,OKC,SA,-5.0,222.0,113.5,21,0.8,12.2,23.5,C,3200,1,15.0,22.0,102,111,1%,5,4,5,13,14,19,12.2,21.5,13.5,29.5,16.2,23.3,7.3,18.3,5.7,17.5,16.5,5.5,17.9,5.6,15.333333333333334,4.666666666666667,18.919999999999998,12.166666666666666,19.261956521739126
3,7,Trevor Ariza,0.0,POR,DET,-5.5,221.5,113.5,20,2.0,24.9,42.5,SF,5000,1,12.0,11.0,101,110,-2%,9,8,6,35,35,28,27.6,19.5,9.3,29.6,36.1,8.5,1.7,24.5,4.9,26.1,35.0,5.2,25.3,5.050000000000001,32.666666666666664,7.666666666666667,22.259999999999998,23.133333333333336,27.10714285714286
4,0,Jarrett Culver,0.0,MIN,DEN,13.5,221.0,103.8,26,5.5,13.4,23.3,PG/SF,3200,1,19.0,9.0,100,106,-5%,4,7,9,19,22,24,13.3,19.0,9.0,29.0,25.8,27.3,8.5,19.8,6.17,18.9,25.0,5.9,19.35,6.035,21.666666666666668,6.666666666666667,17.93,14.066666666666668,22.326923076923077
4,1,Andrew Wiggins,0.0,GS,NO,10.5,238.0,113.8,5,26.5,39.4,52.0,SG/SF,8000,2,25.0,17.0,106,110,3%,16,15,19,31,33,35,39.4,38.1,27.6,48.5,34.3,32.5,4.1,38.8,4.84,42.6,34.0,5.3,40.7,5.07,33.0,16.666666666666668,38.86,39.300000000000004,41.93333333333334
4,2,Paul Millsap,0.0,DEN,MIN,-13.5,221.0,117.3,16,10.0,24.8,43.3,PF/C,4500,1,20.0,18.0,105,109,0%,5,7,9,24,22,25,24.8,24.8,15.3,34.3,26.0,41.3,9.2,24.5,5.44,26.8,25.0,6.0,25.65,5.720000000000001,23.666666666666668,7.0,24.97,26.03333333333333,27.095070422535205
4,3,Josh Hart,0.0,NO,GS,-10.5,238.0,124.3,4,20.8,29.0,36.3,SG/SF,5400,1,15.0,12.0,103,111,8%,5,7,9,27,27,29,28.9,25.9,17.8,34.0,27.5,21.5,4.0,23.0,4.26,23.9,26.5,4.4,23.45,4.33,27.666666666666668,7.0,26.009999999999998,28.7,22.46114457831325
4,4,Fred VanVleet,0.0,TOR,IND,-5.5,217.5,111.5,25,28.5,35.8,41.0,PG/SG,7600,1,23.0,17.0,101,106,-2%,16,16,15,37,37,37,35.8,38.2,29.1,47.4,25.8,20.8,2.7,36.5,4.8,37.0,36.5,4.9,36.75,4.85,37.0,15.666666666666666,37.45,35.1,36.25337837837838
4,5,Carmelo Anthony,0.0,POR,DET,-5.5,221.5,113.5,18,14.0,24.0,31.8,PF,5600,1,21.0,12.0,101,110,5%,16,14,14,34,33,33,23.9,28.5,18.4,38.6,37.4,41.0,7.3,26.5,4.73,32.8,34.0,5.9,29.65,5.315,33.333333333333336,14.666666666666666,27.810000000000002,23.266666666666666,30.242999999999995
4,6,Zion Williamson,0.0,NO,GS,-10.5,238.0,124.3,24,31.0,39.2,50.8,PF/C,8500,1,0.0,0.0,103,111,1%,18,17,15,30,29,29,39.2,36.3,29.0,43.5,33.1,41.8,4.9,40.8,4.79,42.6,31.5,5.0,41.7,4.895,29.333333333333332,16.666666666666668,37.94,40.333333333333336,44.780113636363645
4,7,Thaddeus Young,0.0,CHI,WAS,2.0,229.5,113.8,21,21.8,31.0,48.3,PF,6500,0,20.0,13.0,106,113,3%,15,12,9,33,34,24,30.9,21.7,13.0,30.4,30.4,41.0,6.3,31.0,4.77,28.7,32.5,4.4,29.85,4.585,30.333333333333332,12.0,25.169999999999998,33.699999999999996,31.982142857142858
5,0,Langston Galloway,0.0,DET,POR,5.5,221.5,108.0,21,9.0,15.4,22.5,PG/SG,3600,2,15.0,12.0,104,111,-2%,9,8,8,27,28,26,15.3,17.8,10.8,24.8,24.4,26.5,7.4,16.8,4.65,15.8,23.5,4.4,16.3,4.525,27.0,8.333333333333334,17.0,15.633333333333333,14.187037037037038
5,1,E'Twaun Moore,0.0,NO,GS,-10.5,238.0,124.3,4,8.5,11.1,13.5,SG/SF,3000,1,20.0,12.0,103,111,8%,2,5,9,15,18,20,11.1,17.0,8.7,25.3,9.5,5.3,1.8,13.8,4.58,0.0,0.0,0.0,6.9,2.29,17.666666666666668,5.333333333333333,13.800000000000002,11.033333333333333,0.0
5,2,T.J. Warren,0.0,IND,TOR,5.5,217.5,106.0,9,10.3,34.3,52.8,SF/PF,6400,1,22.0,18.0,103,102,3%,20,14,14,38,32,33,34.3,29.2,17.7,40.7,28.8,15.0,2.3,31.0,4.84,32.0,34.5,5.0,31.5,4.92,34.333333333333336,16.0,30.68,32.46666666666666,31.65291262135922
5,3,Sekou Doumbouya,0.0,DET,POR,5.5,221.5,108.0,7,9.0,12.3,19.3,SF/PF,3400,2,17.0,7.0,104,111,3%,7,7,6,24,21,20,12.3,13.3,3.0,23.7,24.2,13.3,3.9,20.0,5.88,19.6,27.0,5.8,19.8,5.84,21.666666666666668,6.666666666666667,14.419999999999998,13.533333333333333,24.673846153846153
5,4,Monte Morris,0.0,DEN,MIN,-13.5,221.0,117.3,18,10.8,22.0,28.0,PG,4700,1,19.0,15.0,105,109,3%,8,9,7,23,27,21,22.0,17.9,9.3,26.6,31.1,33.5,7.1,16.5,3.51,16.9,19.0,3.6,16.7,3.5549999999999997,23.666666666666668,8.0,18.5,20.266666666666666,13.407042253521126
5,5,Doug McDermott,0.0,IND,TOR,5.5,217.5,106.0,9,7.0,12.5,20.5,SF/PF,3100,1,19.0,14.0,103,102,3%,5,7,8,12,16,21,12.4,16.4,8.7,24.0,19.3,13.8,4.5,16.3,5.24,13.4,16.5,4.3,14.850000000000001,4.77,16.333333333333332,6.666666666666667,15.27,13.333333333333334,15.0015306122449
5,6,Chris Boucher,0.0,TOR,IND,-5.5,217.5,111.5,20,4.5,11.6,20.3,PF/C,3100,1,19.0,20.0,101,106,-7%,3,4,5,11,12,13,11.6,15.0,4.5,25.5,17.2,34.3,11.1,14.0,4.52,14.9,14.5,4.8,14.45,4.66,12.0,4.0,14.209999999999999,12.133333333333335,17.460416666666667
5,7,Thaddeus Young,0.0,CHI,WAS,2.0,229.5,113.8,21,21.8,31.0,48.3,PF,6500,0,20.0,13.0,106,113,3%,15,12,9,33,34,24,30.9,21.7,13.0,30.4,30.4,41.0,6.3,31.0,4.77,28.7,32.5,4.4,29.85,4.585,30.333333333333332,12.0,25.169999999999998,33.699999999999996,31.982142857142858
7,0,Monte Morris,0.0,DEN,MIN,-13.5,221.0,117.3,18,10.8,22.0,28.0,PG,4700,1,19.0,15.0,105,109,3%,8,9,7,23,27,21,22.0,17.9,9.3,26.6,31.1,33.5,7.1,16.5,3.51,16.9,19.0,3.6,16.7,3.5549999999999997,23.666666666666668,8.0,18.5,20.266666666666666,13.407042253521126
7,1,Zach LaVine,0.0,CHI,WAS,2.0,229.5,113.8,12,33.3,45.5,63.8,SG,9100,0,31.0,20.0,106,113,7%,21,21,20,37,36,35,45.5,41.1,29.1,53.1,36.0,48.0,5.3,50.0,5.49,47.2,36.5,5.2,48.6,5.345000000000001,36.0,20.666666666666668,43.48,47.53333333333333,49.275000000000006
7,2,Brandon Ingram,0.0,NO,GS,-10.5,238.0,124.3,19,29.5,39.0,49.5,SF/PF,6900,1,28.0,21.0,103,111,4%,14,15,18,32,31,35,40.5,43.1,33.1,53.2,33.7,33.0,4.8,40.3,5.83,40.5,33.0,5.9,40.4,5.865,32.666666666666664,15.666666666666666,42.06,39.333333333333336,40.81224489795918
7,3,Terrance Ferguson,0.0,OKC,SA,-5.0,222.0,113.5,17,0.8,4.9,9.8,SG/SF,3000,1,9.0,4.0,102,111,0%,2,2,4,20,20,26,4.9,10.2,4.2,16.2,9.5,4.3,1.4,12.5,4.17,9.2,21.0,3.1,10.85,3.635,22.0,2.6666666666666665,9.27,5.166666666666667,10.35681818181818
7,4,Malcolm Miller,0.0,TOR,IND,-5.5,217.5,111.5,19,0.0,0.7,2.0,SG,3000,1,0.0,0.0,101,106,-15%,1,0,1,2,2,5,0.7,2.7,-1.9,7.3,5.5,3.5,1.2,5.0,1.67,0.0,0.0,0.0,2.5,0.835,3.0,0.6666666666666666,2.26,0.9,0.0
7,5,Nicolo Melli,0.0,NO,GS,-10.5,238.0,124.3,24,0.0,0.0,0.0,PF,3800,1,16.0,12.0,103,111,1%,9,9,5,22,23,16,23.2,13.5,3.4,23.5,22.9,32.3,8.5,14.5,3.82,16.1,17.5,4.2,15.3,4.01,20.333333333333332,7.666666666666667,15.780000000000001,0.0,13.168032786885247
7,6,Myles Turner,0.0,IND,TOR,5.5,217.5,106.0,28,20.5,27.7,35.0,C,5000,1,17.0,14.0,103,102,-9%,10,8,9,32,30,30,28.4,27.3,18.0,36.7,28.4,23.8,4.8,27.5,5.5,27.2,30.5,5.4,27.35,5.45,30.666666666666668,9.0,27.55,27.733333333333334,27.201358695652175
7,7,Patty Mills,0.0,SA,OKC,5.0,222.0,108.5,23,3.3,15.3,21.0,PG/SG,3100,1,20.0,15.0,101,106,1%,12,9,9,24,21,23,15.3,19.4,10.6,28.2,15.4,14.8,4.8,15.0,4.84,16.3,20.0,5.3,15.65,5.07,22.666666666666668,10.0,17.830000000000002,13.200000000000001,13.808823529411764
8,0,CJ McCollum,0.0,POR,DET,-5.5,221.5,113.5,16,22.5,35.6,50.0,PG/SG,8400,1,26.0,16.0,101,110,-6%,24,20,19,39,38,36,35.5,36.1,25.9,46.4,43.3,76.3,9.1,40.3,4.79,43.3,38.0,5.2,41.8,4.995,37.666666666666664,21.0,37.14,36.03333333333333,42.16991150442478
8,1,Ryan Arcidiacono,0.0,CHI,WAS,2.0,229.5,113.8,12,8.8,17.0,29.0,SG/SF,3200,0,13.0,9.0,106,113,7%,9,6,4,31,25,16,16.9,10.2,3.7,16.7,21.2,18.3,5.7,20.5,6.41,19.6,29.0,6.1,20.05,6.255,24.0,6.333333333333333,13.51,18.266666666666666,24.227083333333333
8,2,Isaac Bonga,0.0,WAS,CHI,-2.0,229.5,115.8,16,8.5,15.5,32.8,SF/PF,3300,1,11.0,11.0,102,107,-11%,5,4,3,17,19,18,15.5,12.9,5.3,20.5,15.2,4.0,1.2,15.3,4.62,13.7,19.5,4.2,14.5,4.41,18.0,4.0,13.739999999999998,18.933333333333334,15.708333333333334
8,3,Stanley Johnson,0.0,TOR,IND,-5.5,217.5,111.5,1,0.0,2.4,6.0,SF/PF,3000,1,0.0,0.0,101,106,-15%,0,1,2,3,3,5,2.4,3.3,-0.1,6.7,9.5,12.0,4.0,5.5,1.83,0.0,0.0,0.0,2.75,0.915,3.6666666666666665,1.0,3.01,2.8000000000000003,0.0
8,4,E'Twaun Moore,0.0,NO,GS,-10.5,238.0,124.3,4,8.5,11.1,13.5,SG/SF,3000,1,20.0,12.0,103,111,8%,2,5,9,15,18,20,11.1,17.0,8.7,25.3,9.5,5.3,1.8,13.8,4.58,0.0,0.0,0.0,6.9,2.29,17.666666666666668,5.333333333333333,13.800000000000002,11.033333333333333,0.0
8,5,James Johnson,0.0,MIN,DEN,13.5,221.0,103.8,8,14.5,25.4,31.8,PF/C,4900,1,17.0,12.0,100,106,-3%,9,7,5,27,23,17,24.9,15.8,4.5,27.0,27.2,28.8,5.9,24.0,4.9,24.1,24.5,4.9,24.05,4.9,22.333333333333332,7.0,19.25,23.900000000000002,26.383208955223882
8,6,John Henson,0.0,DET,POR,5.5,221.5,108.0,29,3.3,18.4,33.8,C,3200,2,17.0,17.0,104,111,3%,3,5,4,11,17,14,18.4,15.2,7.1,23.2,23.0,27.8,8.7,17.0,5.31,15.5,14.0,4.8,16.25,5.055,14.0,4.0,16.03,18.5,16.25
8,7,Doug McDermott,0.0,IND,TOR,5.5,217.5,106.0,9,7.0,12.5,20.5,SF/PF,3100,1,19.0,14.0,103,102,3%,5,7,8,12,16,21,12.4,16.4,8.7,24.0,19.3,13.8,4.5,16.3,5.24,13.4,16.5,4.3,14.850000000000001,4.77,16.333333333333332,6.666666666666667,15.27,13.333333333333334,15.0015306122449
9,0,Dennis Schroder,0.0,OKC,SA,-5.0,222.0,113.5,15,18.0,26.9,37.3,PG/SG,5700,1,27.0,17.0,102,111,2%,13,15,15,29,31,31,26.9,31.6,21.8,41.4,28.5,25.8,4.5,31.3,5.48,32.0,30.5,5.6,31.65,5.54,30.333333333333332,14.333333333333334,30.669999999999998,27.399999999999995,31.8239010989011
9,1,E'Twaun Moore,0.0,NO,GS,-10.5,238.0,124.3,4,8.5,11.1,13.5,SG/SF,3000,1,20.0,12.0,103,111,8%,2,5,9,15,18,20,11.1,17.0,8.7,25.3,9.5,5.3,1.8,13.8,4.58,0.0,0.0,0.0,6.9,2.29,17.666666666666668,5.333333333333333,13.800000000000002,11.033333333333333,0.0
9,2,Trey Lyles,0.0,SA,OKC,5.0,222.0,108.5,30,8.8,23.9,43.0,PF/C,3900,1,13.0,12.0,101,106,-13%,7,7,5,30,28,19,23.9,15.9,7.5,24.3,18.0,14.5,3.7,19.0,4.87,21.4,28.0,5.5,20.2,5.1850000000000005,25.666666666666668,6.333333333333333,18.36,25.233333333333334,22.036363636363635
9,3,Luguentz Dort,0.0,OKC,SA,-5.0,222.0,113.5,14,4.8,10.4,21.8,SF,3100,1,13.0,7.0,102,111,2%,8,6,6,23,21,22,10.4,11.1,4.1,18.1,24.1,27.0,8.7,13.8,4.44,12.9,21.5,4.2,13.350000000000001,4.32,22.0,6.666666666666667,11.41,12.333333333333334,13.046590909090911
9,4,Andrew Wiggins,0.0,GS,NO,10.5,238.0,113.8,5,26.5,39.4,52.0,SG/SF,8000,2,25.0,17.0,106,110,3%,16,15,19,31,33,35,39.4,38.1,27.6,48.5,34.3,32.5,4.1,38.8,4.84,42.6,34.0,5.3,40.7,5.07,33.0,16.666666666666668,38.86,39.300000000000004,41.93333333333334
9,5,Jarrett Culver,0.0,MIN,DEN,13.5,221.0,103.8,26,5.5,13.4,23.3,PG/SF,3200,1,19.0,9.0,100,106,-5%,4,7,9,19,22,24,13.3,19.0,9.0,29.0,25.8,27.3,8.5,19.8,6.17,18.9,25.0,5.9,19.35,6.035,21.666666666666668,6.666666666666667,17.93,14.066666666666668,22.326923076923077
9,6,Zion Williamson,0.0,NO,GS,-10.5,238.0,124.3,24,31.0,39.2,50.8,PF/C,8500,1,0.0,0.0,103,111,1%,18,17,15,30,29,29,39.2,36.3,29.0,43.5,33.1,41.8,4.9,40.8,4.79,42.6,31.5,5.0,41.7,4.895,29.333333333333332,16.666666666666668,37.94,40.333333333333336,44.780113636363645
9,7,Ian Mahinmi,0.0,WAS,CHI,-2.0,229.5,115.8,17,12.3,18.6,27.0,C,3700,1,16.0,15.0,102,107,8%,5,6,6,23,21,22,18.6,21.3,12.4,30.3,8.1,4.5,1.2,13.5,3.65,14.3,15.0,3.9,13.9,3.775,22.0,5.666666666666667,19.300000000000004,19.3,9.477272727272727
11,0,Dennis Schroder,0.0,OKC,SA,-5.0,222.0,113.5,15,18.0,26.9,37.3,PG/SG,5700,1,27.0,17.0,102,111,2%,13,15,15,29,31,31,26.9,31.6,21.8,41.4,28.5,25.8,4.5,31.3,5.48,32.0,30.5,5.6,31.65,5.54,30.333333333333332,14.333333333333334,30.669999999999998,27.399999999999995,31.8239010989011
11,1,Patty Mills,0.0,SA,OKC,5.0,222.0,108.5,23,3.3,15.3,21.0,PG/SG,3100,1,20.0,15.0,101,106,1%,12,9,9,24,21,23,15.3,19.4,10.6,28.2,15.4,14.8,4.8,15.0,4.84,16.3,20.0,5.3,15.65,5.07,22.666666666666668,10.0,17.830000000000002,13.200000000000001,13.808823529411764
11,2,Rudy Gay,0.0,SA,OKC,5.0,222.0,108.5,3,8.8,12.8,20.5,SF/PF,3000,1,20.0,14.0,101,106,-4%,6,6,8,16,17,21,12.8,20.8,12.2,29.5,17.7,27.0,9.0,17.8,5.92,14.6,16.5,4.9,16.2,5.41,18.0,6.666666666666667,18.3,14.033333333333333,14.849999999999998
11,3,Juan Toscano-Anderson,0.0,GS,NO,10.5,238.0,113.8,23,7.3,15.2,30.0,SF/PF,3300,2,0.0,0.0,106,110,7%,6,5,5,19,18,18,15.2,15.2,5.1,25.3,27.5,37.5,11.4,19.0,5.76,19.3,22.0,5.8,19.15,5.779999999999999,18.333333333333332,5.333333333333333,15.99,17.5,22.979999999999997
11,4,Brandon Knight,0.0,DET,POR,5.5,221.5,108.0,21,2.3,5.1,13.5,PG,3000,2,0.0,0.0,104,111,8%,4,4,5,13,16,14,5.0,9.1,1.2,16.9,20.3,23.5,7.8,6.3,2.08,0.0,0.0,0.0,3.15,1.04,14.333333333333334,4.333333333333333,7.07,6.966666666666666,0.0
11,5,Nicolo Melli,0.0,NO,GS,-10.5,238.0,124.3,24,0.0,0.0,0.0,PF,3800,1,16.0,12.0,103,111,1%,9,9,5,22,23,16,23.2,13.5,3.4,23.5,22.9,32.3,8.5,14.5,3.82,16.1,17.5,4.2,15.3,4.01,20.333333333333332,7.666666666666667,15.780000000000001,0.0,13.168032786885247
11,6,Rui Hachimura,0.0,WAS,CHI,-2.0,229.5,115.8,14,15.3,29.2,36.5,PF/C,5300,1,19.0,15.0,102,107,8%,10,11,12,27,28,29,29.1,25.6,15.6,35.7,28.5,26.0,4.9,26.0,4.91,27.0,29.5,5.1,26.5,5.005,28.0,11.0,26.5,27.0,27.919642857142858
11,7,Michael Porter Jr.,0.0,DEN,MIN,-13.5,221.0,117.3,30,6.0,26.4,37.8,SF/PF,4100,1,22.0,20.0,105,109,0%,8,10,6,16,21,14,26.4,16.4,3.2,29.6,9.7,5.8,1.4,20.5,5.0,14.0,12.0,3.4,17.25,4.2,17.0,8.0,18.57,23.399999999999995,12.176470588235293
12,0,Patty Mills,0.0,SA,OKC,5.0,222.0,108.5,23,3.3,15.3,21.0,PG/SG,3100,1,20.0,15.0,101,106,1%,12,9,9,24,21,23,15.3,19.4,10.6,28.2,15.4,14.8,4.8,15.0,4.84,16.3,20.0,5.3,15.65,5.07,22.666666666666668,10.0,17.830000000000002,13.200000000000001,13.808823529411764
12,1,Damion Lee,0.0,GS,NO,10.5,238.0,113.8,5,14.0,23.9,32.0,SG,5300,2,19.0,12.0,106,110,-1%,11,10,10,30,28,29,23.9,25.0,15.1,34.9,34.7,37.5,7.1,29.0,5.47,31.9,33.0,6.0,30.45,5.734999999999999,29.0,10.333333333333334,25.869999999999997,23.3,34.65
12,2,Naz Reid,0.0,MIN,DEN,13.5,221.0,103.8,8,13.8,24.3,38.8,PF/C,5500,1,0.0,0.0,100,106,-2%,11,9,7,27,18,12,24.3,15.1,3.9,26.3,21.9,22.3,4.1,29.3,5.32,35.3,30.0,6.4,32.3,5.86,19.0,9.0,20.380000000000003,25.633333333333336,51.0
12,3,OG Anunoby,0.0,TOR,IND,-5.5,217.5,111.5,1,10.8,28.0,55.0,SF/PF,4800,1,14.0,13.0,101,106,-15%,7,8,9,35,33,30,27.9,23.9,12.1,35.7,27.6,18.0,3.8,20.5,4.27,22.1,32.5,4.6,21.3,4.435,32.666666666666664,8.0,24.18,31.266666666666666,21.191326530612248
12,4,JJ Redick,0.0,NO,GS,-10.5,238.0,124.3,4,13.3,28.6,39.5,SG/SF,4600,1,20.0,16.0,103,111,4%,14,13,11,26,25,27,28.6,24.2,14.9,33.6,20.9,14.8,3.2,20.8,4.51,19.4,21.5,4.2,20.1,4.355,26.0,12.666666666666666,24.28,27.133333333333336,16.621153846153845
12,5,Kelan Martin,0.0,MIN,DEN,13.5,221.0,103.8,8,2.0,13.8,20.8,PF,3000,1,16.0,7.0,100,106,-3%,3,5,6,9,15,17,13.8,12.1,3.8,20.4,29.7,29.0,9.7,13.3,4.42,16.6,19.5,5.5,14.950000000000001,4.96,13.666666666666666,4.666666666666667,13.01,12.200000000000001,21.33109756097561
12,6,James Johnson,0.0,MIN,DEN,13.5,221.0,103.8,8,14.5,25.4,31.8,PF/C,4900,1,17.0,12.0,100,106,-3%,9,7,5,27,23,17,24.9,15.8,4.5,27.0,27.2,28.8,5.9,24.0,4.9,24.1,24.5,4.9,24.05,4.9,22.333333333333332,7.0,19.25,23.900000000000002,26.383208955223882
12,7,Anfernee Simons,0.0,POR,DET,-5.5,221.5,113.5,16,7.8,18.7,34.8,PG/SG,3900,1,19.0,10.0,101,110,-6%,12,9,8,28,22,23,19.7,15.8,7.9,23.7,18.4,8.0,2.1,22.5,5.77,21.9,28.0,5.6,22.2,5.685,24.333333333333332,9.666666666666666,17.860000000000003,20.433333333333334,25.545205479452054
13,0,Derrick Rose,0.0,DET,POR,5.5,221.5,108.0,21,5.8,19.6,36.5,PG,5900,2,32.0,21.0,104,111,8%,14,16,15,20,28,27,27.5,31.8,22.9,40.8,27.7,20.0,3.4,32.0,5.42,31.8,25.5,5.4,31.9,5.41,25.0,15.0,30.98,20.633333333333336,32.538000000000004
13,1,Shai Gilgeous-Alexander,0.0,OKC,SA,-5.0,222.0,113.5,15,29.0,33.7,38.5,PG/SG,7100,1,23.0,17.0,102,111,0%,14,13,15,38,36,36,33.6,36.0,26.1,45.9,31.8,44.8,6.3,36.0,5.07,36.3,35.5,5.1,36.15,5.085,36.666666666666664,14.0,35.55,33.733333333333334,34.99977272727273
13,2,Eric Paschall,0.0,GS,NO,10.5,238.0,113.8,23,13.8,20.6,28.8,SF/PF,4400,2,21.0,14.0,106,110,7%,8,10,11,29,27,28,20.9,23.6,12.9,34.4,30.9,20.3,4.6,31.3,7.1,31.5,33.0,7.2,31.4,7.15,28.0,9.666666666666666,24.640000000000004,21.066666666666666,37.00714285714286
13,3,Bruce Brown,0.0,DET,POR,5.5,221.5,108.0,21,16.0,27.0,41.0,PG/SF,5600,2,17.0,12.0,104,111,-2%,6,8,8,29,33,28,26.9,23.8,13.5,34.1,33.3,23.0,4.1,26.8,4.78,27.8,32.0,5.0,27.3,4.890000000000001,30.0,7.333333333333333,25.12,28.0,29.12
13,4,Hamidou Diallo,0.0,OKC,SA,-5.0,222.0,113.5,17,2.0,5.9,11.8,SG/SF,3000,1,17.0,9.0,102,111,0%,2,3,6,10,14,19,5.8,13.5,5.8,21.1,14.7,11.0,3.7,6.0,2.0,0.0,0.0,0.0,3.0,1.0,14.333333333333334,3.6666666666666665,9.84,6.566666666666667,0.0
13,5,Rondae Hollis-Jefferson,0.0,TOR,IND,-5.5,217.5,111.5,20,12.0,21.5,36.0,PF,4000,1,18.0,16.0,101,106,-15%,4,6,6,20,21,20,21.5,19.5,10.3,28.7,20.4,20.0,5.0,19.3,4.81,19.9,22.5,5.0,19.6,4.904999999999999,20.333333333333332,5.333333333333333,19.919999999999998,23.166666666666668,21.688524590163937
13,6,Serge Ibaka,0.0,TOR,IND,-5.5,217.5,111.5,25,25.0,36.3,46.8,C,6700,1,23.0,19.0,101,106,-7%,14,15,13,30,33,28,36.3,31.4,22.3,40.4,23.8,37.8,5.6,32.8,4.89,36.2,32.5,5.4,34.5,5.145,30.333333333333332,14.0,32.980000000000004,36.03333333333333,36.964285714285715
13,7,Thaddeus Young,0.0,CHI,WAS,2.0,229.5,113.8,21,21.8,31.0,48.3,PF,6500,0,20.0,13.0,106,113,3%,15,12,9,33,34,24,30.9,21.7,13.0,30.4,30.4,41.0,6.3,31.0,4.77,28.7,32.5,4.4,29.85,4.585,30.333333333333332,12.0,25.169999999999998,33.699999999999996,31.982142857142858
14,0,Aaron Holiday,0.0,IND,TOR,5.5,217.5,106.0,27,5.0,13.4,25.8,PG/SG,3000,1,21.0,13.0,103,102,-1%,6,8,9,17,23,24,18.6,20.8,9.7,31.9,32.3,28.5,9.5,20.5,6.83,15.5,18.5,5.2,18.0,6.015000000000001,21.333333333333332,7.666666666666667,19.800000000000004,14.733333333333334,15.609375
14,1,Jeremy Lamb,0.0,IND,TOR,5.5,217.5,106.0,7,17.3,24.8,41.3,SG/SF,4800,1,19.0,14.0,103,102,1%,9,9,11,24,27,29,24.5,25.6,16.2,34.9,7.7,10.5,2.2,22.0,4.58,22.6,26.5,4.7,22.3,4.640000000000001,26.666666666666668,9.666666666666666,24.7,27.8,22.160625
14,2,Nicolo Melli,0.0,NO,GS,-10.5,238.0,124.3,24,0.0,0.0,0.0,PF,3800,1,16.0,12.0,103,111,1%,9,9,5,22,23,16,23.2,13.5,3.4,23.5,22.9,32.3,8.5,14.5,3.82,16.1,17.5,4.2,15.3,4.01,20.333333333333332,7.666666666666667,15.780000000000001,0.0,13.168032786885247
14,3,Andrew Wiggins,0.0,GS,NO,10.5,238.0,113.8,5,26.5,39.4,52.0,SG/SF,8000,2,25.0,17.0,106,110,3%,16,15,19,31,33,35,39.4,38.1,27.6,48.5,34.3,32.5,4.1,38.8,4.84,42.6,34.0,5.3,40.7,5.07,33.0,16.666666666666668,38.86,39.300000000000004,41.93333333333334
14,4,DeMar DeRozan,0.0,SA,OKC,5.0,222.0,108.5,10,25.3,38.4,49.5,SG/SF,7200,1,27.0,22.0,101,106,-7%,14,17,16,33,34,35,38.3,39.8,31.5,48.2,23.5,20.8,2.9,36.8,5.1,38.2,34.5,5.3,37.5,5.199999999999999,34.0,15.666666666666666,39.06,37.733333333333334,38.0514705882353
14,5,Juancho Hernangomez,0.0,MIN,DEN,13.5,221.0,103.8,18,23.3,27.6,37.0,SF/PF,5100,1,14.0,9.0,100,106,-3%,14,10,4,32,29,14,27.6,10.3,0.9,19.7,26.9,11.5,2.3,28.0,5.49,26.7,31.0,5.2,27.35,5.345000000000001,25.0,9.333333333333334,17.17,29.3,33.914
14,6,Alen Smailagic,0.0,GS,NO,10.5,238.0,113.8,4,1.0,8.4,16.8,PF/C,3000,2,0.0,0.0,106,110,7%,2,2,3,9,10,10,8.4,9.2,4.0,14.4,8.7,2.5,0.8,15.5,5.17,16.5,17.0,5.5,16.0,5.335,9.666666666666666,2.3333333333333335,10.4,8.733333333333334,28.13793103448276
14,7,Will Barton,0.0,DEN,MIN,-13.5,221.0,117.3,3,25.8,35.7,48.3,SG/SF,5400,1,21.0,16.0,105,109,3%,11,14,13,28,33,34,35.6,33.0,23.2,42.7,26.5,24.5,4.5,27.0,5.0,32.2,32.5,6.0,29.6,5.5,31.666666666666668,12.666666666666666,32.82,36.6,30.378947368421056
16,0,Aaron Holiday,0.0,IND,TOR,5.5,217.5,106.0,27,5.0,13.4,25.8,PG/SG,3000,1,21.0,13.0,103,102,-1%,6,8,9,17,23,24,18.6,20.8,9.7,31.9,32.3,28.5,9.5,20.5,6.83,15.5,18.5,5.2,18.0,6.015000000000001,21.333333333333332,7.666666666666667,19.800000000000004,14.733333333333334,15.609375
16,1,Dennis Schroder,0.0,OKC,SA,-5.0,222.0,113.5,15,18.0,26.9,37.3,PG/SG,5700,1,27.0,17.0,102,111,2%,13,15,15,29,31,31,26.9,31.6,21.8,41.4,28.5,25.8,4.5,31.3,5.48,32.0,30.5,5.6,31.65,5.54,30.333333333333332,14.333333333333334,30.669999999999998,27.399999999999995,31.8239010989011
16,2,Zion Williamson,0.0,NO,GS,-10.5,238.0,124.3,24,31.0,39.2,50.8,PF/C,8500,1,0.0,0.0,103,111,1%,18,17,15,30,29,29,39.2,36.3,29.0,43.5,33.1,41.8,4.9,40.8,4.79,42.6,31.5,5.0,41.7,4.895,29.333333333333332,16.666666666666668,37.94,40.333333333333336,44.780113636363645
16,3,Troy Brown Jr.,0.0,WAS,CHI,-2.0,229.5,115.8,16,19.8,23.1,27.8,SF,4500,1,17.0,14.0,102,107,3%,9,7,9,20,22,26,23.1,23.6,13.6,33.5,21.3,15.8,3.5,20.0,4.44,18.6,20.5,4.1,19.3,4.27,22.666666666666668,8.333333333333334,22.619999999999997,23.566666666666666,17.455147058823528
16,4,Malcolm Miller,0.0,TOR,IND,-5.5,217.5,111.5,19,0.0,0.7,2.0,SG,3000,1,0.0,0.0,101,106,-15%,1,0,1,2,2,5,0.7,2.7,-1.9,7.3,5.5,3.5,1.2,5.0,1.67,0.0,0.0,0.0,2.5,0.835,3.0,0.6666666666666666,2.26,0.9,0.0
16,5,Andrew Wiggins,0.0,GS,NO,10.5,238.0,113.8,5,26.5,39.4,52.0,SG/SF,8000,2,25.0,17.0,106,110,3%,16,15,19,31,33,35,39.4,38.1,27.6,48.5,34.3,32.5,4.1,38.8,4.84,42.6,34.0,5.3,40.7,5.07,33.0,16.666666666666668,38.86,39.300000000000004,41.93333333333334
16,6,Chris Boucher,0.0,TOR,IND,-5.5,217.5,111.5,20,4.5,11.6,20.3,PF/C,3100,1,19.0,20.0,101,106,-7%,3,4,5,11,12,13,11.6,15.0,4.5,25.5,17.2,34.3,11.1,14.0,4.52,14.9,14.5,4.8,14.45,4.66,12.0,4.0,14.209999999999999,12.133333333333335,17.460416666666667
16,7,Gary Harris,0.0,DEN,MIN,-13.5,221.0,117.3,3,11.5,18.1,23.8,SG,4200,1,16.0,9.0,105,109,3%,10,10,10,32,33,32,18.1,20.3,13.0,27.6,30.4,23.3,5.5,19.8,4.7,20.3,30.5,4.8,20.05,4.75,32.333333333333336,10.0,19.81,17.8,18.91314432989691
17,0,T.J. McConnell,0.0,IND,TOR,5.5,217.5,106.0,27,9.5,17.0,33.0,PG,3300,1,20.0,17.0,103,102,-1%,3,6,6,14,17,19,17.0,19.2,11.0,27.4,8.7,1.0,0.3,13.8,4.17,15.5,16.5,4.7,14.65,4.4350000000000005,16.666666666666668,5.0,17.85,19.833333333333332,14.5035
17,1,Torrey Craig,0.0,DEN,MIN,-13.5,221.0,117.3,3,7.8,19.0,25.5,SG/SF,3500,1,12.0,10.0,105,109,3%,4,5,4,23,29,18,18.9,12.3,2.8,21.8,9.1,6.0,1.7,10.5,3.0,10.2,15.0,2.9,10.35,2.95,23.333333333333332,4.333333333333333,13.229999999999999,17.433333333333334,6.6535714285714285
17,2,Michael Porter Jr.,0.0,DEN,MIN,-13.5,221.0,117.3,30,6.0,26.4,37.8,SF/PF,4100,1,22.0,20.0,105,109,0%,8,10,6,16,21,14,26.4,16.4,3.2,29.6,9.7,5.8,1.4,20.5,5.0,14.0,12.0,3.4,17.25,4.2,17.0,8.0,18.57,23.399999999999995,12.176470588235293
17,3,Juan Toscano-Anderson,0.0,GS,NO,10.5,238.0,113.8,23,7.3,15.2,30.0,SF/PF,3300,2,0.0,0.0,106,110,7%,6,5,5,19,18,18,15.2,15.2,5.1,25.3,27.5,37.5,11.4,19.0,5.76,19.3,22.0,5.8,19.15,5.779999999999999,18.333333333333332,5.333333333333333,15.99,17.5,22.979999999999997
17,4,Ryan Arcidiacono,0.0,CHI,WAS,2.0,229.5,113.8,12,8.8,17.0,29.0,SG/SF,3200,0,13.0,9.0,106,113,7%,9,6,4,31,25,16,16.9,10.2,3.7,16.7,21.2,18.3,5.7,20.5,6.41,19.6,29.0,6.1,20.05,6.255,24.0,6.333333333333333,13.51,18.266666666666666,24.227083333333333
17,5,Nicolo Melli,0.0,NO,GS,-10.5,238.0,124.3,24,0.0,0.0,0.0,PF,3800,1,16.0,12.0,103,111,1%,9,9,5,22,23,16,23.2,13.5,3.4,23.5,22.9,32.3,8.5,14.5,3.82,16.1,17.5,4.2,15.3,4.01,20.333333333333332,7.666666666666667,15.780000000000001,0.0,13.168032786885247
17,6,Pascal Siakam,0.0,TOR,IND,-5.5,217.5,111.5,20,21.0,42.8,65.5,PF/C,9200,1,28.0,19.0,101,106,-7%,18,20,20,38,36,36,42.8,43.3,32.5,54.1,30.5,29.0,3.2,40.3,4.38,41.3,36.0,4.5,40.8,4.4399999999999995,36.666666666666664,19.333333333333332,42.7,43.1,40.05818181818182
17,7,Kyle Lowry,0.0,TOR,IND,-5.5,217.5,111.5,25,36.3,48.6,62.5,PG,8300,1,24.0,18.0,101,106,-2%,12,14,15,35,35,37,48.9,41.5,31.6,51.3,31.7,55.3,6.7,37.5,4.52,39.4,35.5,4.7,38.45,4.609999999999999,35.666666666666664,13.666666666666666,42.35,49.13333333333333,38.27032710280374
18,0,Patty Mills,0.0,SA,OKC,5.0,222.0,108.5,23,3.3,15.3,21.0,PG/SG,3100,1,20.0,15.0,101,106,1%,12,9,9,24,21,23,15.3,19.4,10.6,28.2,15.4,14.8,4.8,15.0,4.84,16.3,20.0,5.3,15.65,5.07,22.666666666666668,10.0,17.830000000000002,13.200000000000001,13.808823529411764
18,1,Derrick White,0.0,SA,OKC,5.0,222.0,108.5,23,18.8,25.9,37.0,PG/SG,4200,1,19.0,16.0,101,106,1%,8,9,8,24,23,24,25.9,22.1,14.0,30.2,27.2,10.3,2.5,21.0,5.0,20.2,22.5,4.8,20.6,4.9,23.666666666666668,8.333333333333334,22.560000000000002,27.233333333333334,19.584507042253524
18,2,Isaac Bonga,0.0,WAS,CHI,-2.0,229.5,115.8,16,8.5,15.5,32.8,SF/PF,3300,1,11.0,11.0,102,107,-11%,5,4,3,17,19,18,15.5,12.9,5.3,20.5,15.2,4.0,1.2,15.3,4.62,13.7,19.5,4.2,14.5,4.41,18.0,4.0,13.739999999999998,18.933333333333334,15.708333333333334
18,3,Eric Paschall,0.0,GS,NO,10.5,238.0,113.8,23,13.8,20.6,28.8,SF/PF,4400,2,21.0,14.0,106,110,7%,8,10,11,29,27,28,20.9,23.6,12.9,34.4,30.9,20.3,4.6,31.3,7.1,31.5,33.0,7.2,31.4,7.15,28.0,9.666666666666666,24.640000000000004,21.066666666666666,37.00714285714286
18,4,Coby White,0.0,CHI,WAS,2.0,229.5,113.8,17,17.5,30.4,42.8,PG/SG,5200,0,23.0,10.0,106,113,7%,17,14,11,32,31,25,30.4,21.5,12.2,30.9,33.8,49.5,9.5,30.3,5.82,29.9,32.5,5.8,30.1,5.8100000000000005,29.333333333333332,14.0,25.02,30.23333333333333,33.34943181818182
18,5,Tony Snell,0.0,DET,POR,5.5,221.5,108.0,15,14.0,18.9,31.3,SG/SF,3900,2,12.0,10.0,104,111,-2%,7,7,7,27,31,28,18.9,15.8,9.4,22.1,24.9,8.8,2.3,18.5,4.74,16.2,27.5,4.2,17.35,4.470000000000001,28.666666666666668,7.0,16.71,21.400000000000002,16.64389534883721
18,6,Cristiano Felicio,0.0,CHI,WAS,2.0,229.5,113.8,6,12.3,16.4,22.8,C,3200,0,0.0,0.0,106,113,5%,3,4,3,23,23,20,16.4,12.8,5.9,19.7,23.3,14.5,4.5,21.0,6.56,17.9,22.5,5.6,19.45,6.08,22.0,3.3333333333333335,14.85,17.166666666666668,19.892045454545453
18,7,Brandon Knight,0.0,DET,POR,5.5,221.5,108.0,21,2.3,5.1,13.5,PG,3000,2,0.0,0.0,104,111,8%,4,4,5,13,16,14,5.0,9.1,1.2,16.9,20.3,23.5,7.8,6.3,2.08,0.0,0.0,0.0,3.15,1.04,14.333333333333334,4.333333333333333,7.07,6.966666666666666,0.0
19,0,Shai Gilgeous-Alexander,0.0,OKC,SA,-5.0,222.0,113.5,15,29.0,33.7,38.5,PG/SG,7100,1,23.0,17.0,102,111,0%,14,13,15,38,36,36,33.6,36.0,26.1,45.9,31.8,44.8,6.3,36.0,5.07,36.3,35.5,5.1,36.15,5.085,36.666666666666664,14.0,35.55,33.733333333333334,34.99977272727273
19,1,Adam Mokoka,0.0,CHI,WAS,2.0,229.5,113.8,17,0.0,5.6,16.5,PG/SG,3000,0,0.0,0.0,106,113,4%,4,2,2,11,7,6,5.5,4.3,-1.5,10.1,18.4,5.0,1.7,6.8,2.25,10.2,12.5,3.4,8.5,2.825,8.0,2.6666666666666665,5.38,7.366666666666667,13.28125
19,2,Pascal Siakam,0.0,TOR,IND,-5.5,217.5,111.5,20,21.0,42.8,65.5,PF/C,9200,1,28.0,19.0,101,106,-7%,18,20,20,38,36,36,42.8,43.3,32.5,54.1,30.5,29.0,3.2,40.3,4.38,41.3,36.0,4.5,40.8,4.4399999999999995,36.666666666666664,19.333333333333332,42.7,43.1,40.05818181818182
19,3,Terrance Ferguson,0.0,OKC,SA,-5.0,222.0,113.5,17,0.8,4.9,9.8,SG/SF,3000,1,9.0,4.0,102,111,0%,2,2,4,20,20,26,4.9,10.2,4.2,16.2,9.5,4.3,1.4,12.5,4.17,9.2,21.0,3.1,10.85,3.635,22.0,2.6666666666666665,9.27,5.166666666666667,10.35681818181818
19,4,Torrey Craig,0.0,DEN,MIN,-13.5,221.0,117.3,3,7.8,19.0,25.5,SG/SF,3500,1,12.0,10.0,105,109,3%,4,5,4,23,29,18,18.9,12.3,2.8,21.8,9.1,6.0,1.7,10.5,3.0,10.2,15.0,2.9,10.35,2.95,23.333333333333332,4.333333333333333,13.229999999999999,17.433333333333334,6.6535714285714285
19,5,Jerome Robinson,0.0,WAS,CHI,-2.0,229.5,115.8,21,3.5,11.5,15.3,SG/SF,3000,1,15.0,5.0,102,107,-2%,7,5,4,17,14,12,11.4,7.8,0.2,15.4,16.2,9.0,3.0,8.5,2.83,9.1,13.5,3.0,8.8,2.915,14.333333333333334,5.333333333333333,8.720000000000002,10.1,8.288372093023256
19,6,Myles Turner,0.0,IND,TOR,5.5,217.5,106.0,28,20.5,27.7,35.0,C,5000,1,17.0,14.0,103,102,-9%,10,8,9,32,30,30,28.4,27.3,18.0,36.7,28.4,23.8,4.8,27.5,5.5,27.2,30.5,5.4,27.35,5.45,30.666666666666668,9.0,27.55,27.733333333333334,27.201358695652175
19,7,Nicolo Melli,0.0,NO,GS,-10.5,238.0,124.3,24,0.0,0.0,0.0,PF,3800,1,16.0,12.0,103,111,1%,9,9,5,22,23,16,23.2,13.5,3.4,23.5,22.9,32.3,8.5,14.5,3.82,16.1,17.5,4.2,15.3,4.01,20.333333333333332,7.666666666666667,15.780000000000001,0.0,13.168032786885247
20,0,Shaquille Harrison,0.0,CHI,WAS,2.0,229.5,113.8,17,9.8,15.9,20.3,PG,3600,0,0.0,0.0,106,113,7%,8,6,3,18,14,8,15.8,8.6,-0.5,17.8,15.8,8.8,2.4,17.0,4.72,17.8,19.0,4.9,17.4,4.8100000000000005,13.333333333333334,5.666666666666667,11.82,15.333333333333334,24.794999999999998
20,1,Jrue Holiday,0.0,NO,GS,-10.5,238.0,124.3,30,24.3,42.6,61.0,PG/SG,7800,1,26.0,17.0,103,111,6%,12,14,17,34,32,35,42.3,40.7,30.6,50.7,38.4,56.8,7.3,38.3,4.9,38.7,32.5,5.0,38.5,4.95,33.666666666666664,14.333333333333334,40.559999999999995,42.63333333333333,37.16584158415842
20,2,Nicolo Melli,0.0,NO,GS,-10.5,238.0,124.3,24,0.0,0.0,0.0,PF,3800,1,16.0,12.0,103,111,1%,9,9,5,22,23,16,23.2,13.5,3.4,23.5,22.9,32.3,8.5,14.5,3.82,16.1,17.5,4.2,15.3,4.01,20.333333333333332,7.666666666666667,15.780000000000001,0.0,13.168032786885247
20,3,Nassir Little,0.0,POR,DET,-5.5,221.5,113.5,20,8.8,12.6,16.3,SF/PF,3000,1,13.0,10.0,101,110,5%,6,5,3,19,16,13,12.6,9.1,1.6,16.7,7.4,1.3,0.4,9.3,3.08,12.0,14.5,4.0,10.65,3.54,16.0,4.666666666666667,10.129999999999999,12.566666666666668,9.6515625
20,4,Jordan Poole,0.0,GS,NO,10.5,238.0,113.8,24,22.3,26.5,29.5,PG/SG,4600,2,21.0,6.0,106,110,5%,14,13,9,32,29,22,26.4,15.3,6.9,23.7,32.6,30.0,6.5,26.5,5.76,26.5,32.0,5.8,26.5,5.779999999999999,27.666666666666668,12.0,19.76,26.099999999999998,30.65060240963855
20,5,Moritz Wagner,0.0,WAS,CHI,-2.0,229.5,115.8,14,11.3,19.0,33.3,PF/C,4100,1,21.0,18.0,102,107,8%,6,7,7,16,20,20,18.9,22.1,12.5,31.8,15.0,11.5,2.8,19.3,4.7,16.6,16.0,4.0,17.950000000000003,4.35,18.666666666666668,6.666666666666667,20.65,21.2,15.385714285714288
20,6,Mason Plumlee,0.0,DEN,MIN,-13.5,221.0,117.3,26,11.0,22.4,45.3,C,3400,1,20.0,19.0,105,109,1%,3,6,5,12,17,17,22.4,19.4,10.7,28.0,14.7,18.0,5.3,18.5,5.44,17.3,14.5,5.1,17.9,5.27,15.333333333333334,4.666666666666667,19.68,26.23333333333333,16.927173913043475
20,7,Bruce Brown,0.0,DET,POR,5.5,221.5,108.0,21,16.0,27.0,41.0,PG/SF,5600,2,17.0,12.0,104,111,-2%,6,8,8,29,33,28,26.9,23.8,13.5,34.1,33.3,23.0,4.1,26.8,4.78,27.8,32.0,5.0,27.3,4.890000000000001,30.0,7.333333333333333,25.12,28.0,29.12
21,0,Monte Morris,0.0,DEN,MIN,-13.5,221.0,117.3,18,10.8,22.0,28.0,PG,4700,1,19.0,15.0,105,109,3%,8,9,7,23,27,21,22.0,17.9,9.3,26.6,31.1,33.5,7.1,16.5,3.51,16.9,19.0,3.6,16.7,3.5549999999999997,23.666666666666668,8.0,18.5,20.266666666666666,13.407042253521126
21,1,Derrick White,0.0,SA,OKC,5.0,222.0,108.5,23,18.8,25.9,37.0,PG/SG,4200,1,19.0,16.0,101,106,1%,8,9,8,24,23,24,25.9,22.1,14.0,30.2,27.2,10.3,2.5,21.0,5.0,20.2,22.5,4.8,20.6,4.9,23.666666666666668,8.333333333333334,22.560000000000002,27.233333333333334,19.584507042253524
21,2,Thon Maker,0.0,DET,POR,5.5,221.5,108.0,27,19.3,27.6,34.0,PF/C,4700,2,16.0,14.0,104,111,5%,9,9,3,23,26,13,27.6,11.1,1.9,20.3,16.0,14.3,3.0,23.5,5.0,22.3,23.5,4.7,22.9,4.85,20.666666666666668,7.0,16.759999999999998,26.96666666666667,26.039516129032254
21,3,Troy Brown Jr.,0.0,WAS,CHI,-2.0,229.5,115.8,16,19.8,23.1,27.8,SF,4500,1,17.0,14.0,102,107,3%,9,7,9,20,22,26,23.1,23.6,13.6,33.5,21.3,15.8,3.5,20.0,4.44,18.6,20.5,4.1,19.3,4.27,22.666666666666668,8.333333333333334,22.619999999999997,23.566666666666666,17.455147058823528
21,4,Kyle Lowry,0.0,TOR,IND,-5.5,217.5,111.5,25,36.3,48.6,62.5,PG,8300,1,24.0,18.0,101,106,-2%,12,14,15,35,35,37,48.9,41.5,31.6,51.3,31.7,55.3,6.7,37.5,4.52,39.4,35.5,4.7,38.45,4.609999999999999,35.666666666666664,13.666666666666666,42.35,49.13333333333333,38.27032710280374
21,5,Terrance Ferguson,0.0,OKC,SA,-5.0,222.0,113.5,17,0.8,4.9,9.8,SG/SF,3000,1,9.0,4.0,102,111,0%,2,2,4,20,20,26,4.9,10.2,4.2,16.2,9.5,4.3,1.4,12.5,4.17,9.2,21.0,3.1,10.85,3.635,22.0,2.6666666666666665,9.27,5.166666666666667,10.35681818181818
21,6,Chris Boucher,0.0,TOR,IND,-5.5,217.5,111.5,20,4.5,11.6,20.3,PF/C,3100,1,19.0,20.0,101,106,-7%,3,4,5,11,12,13,11.6,15.0,4.5,25.5,17.2,34.3,11.1,14.0,4.52,14.9,14.5,4.8,14.45,4.66,12.0,4.0,14.209999999999999,12.133333333333335,17.460416666666667
21,7,Jerami Grant,0.0,DEN,MIN,-13.5,221.0,117.3,16,8.3,20.8,30.5,PF,3800,1,17.0,14.0,105,109,7%,9,8,9,30,30,26,20.8,20.6,11.6,29.7,19.6,16.0,4.2,21.5,5.66,19.6,22.5,5.2,20.55,5.43,28.666666666666668,8.666666666666666,20.65,19.866666666666667,16.129360465116278
22,0,Derrick White,0.0,SA,OKC,5.0,222.0,108.5,23,18.8,25.9,37.0,PG/SG,4200,1,19.0,16.0,101,106,1%,8,9,8,24,23,24,25.9,22.1,14.0,30.2,27.2,10.3,2.5,21.0,5.0,20.2,22.5,4.8,20.6,4.9,23.666666666666668,8.333333333333334,22.560000000000002,27.233333333333334,19.584507042253524
22,1,Zach LaVine,0.0,CHI,WAS,2.0,229.5,113.8,12,33.3,45.5,63.8,SG,9100,0,31.0,20.0,106,113,7%,21,21,20,37,36,35,45.5,41.1,29.1,53.1,36.0,48.0,5.3,50.0,5.49,47.2,36.5,5.2,48.6,5.345000000000001,36.0,20.666666666666668,43.48,47.53333333333333,49.275000000000006
22,2,Jerami Grant,0.0,DEN,MIN,-13.5,221.0,117.3,16,8.3,20.8,30.5,PF,3800,1,17.0,14.0,105,109,7%,9,8,9,30,30,26,20.8,20.6,11.6,29.7,19.6,16.0,4.2,21.5,5.66,19.6,22.5,5.2,20.55,5.43,28.666666666666668,8.666666666666666,20.65,19.866666666666667,16.129360465116278
22,3,Juancho Hernangomez,0.0,MIN,DEN,13.5,221.0,103.8,18,23.3,27.6,37.0,SF/PF,5100,1,14.0,9.0,100,106,-3%,14,10,4,32,29,14,27.6,10.3,0.9,19.7,26.9,11.5,2.3,28.0,5.49,26.7,31.0,5.2,27.35,5.345000000000001,25.0,9.333333333333334,17.17,29.3,33.914
22,4,Kyle Lowry,0.0,TOR,IND,-5.5,217.5,111.5,25,36.3,48.6,62.5,PG,8300,1,24.0,18.0,101,106,-2%,12,14,15,35,35,37,48.9,41.5,31.6,51.3,31.7,55.3,6.7,37.5,4.52,39.4,35.5,4.7,38.45,4.609999999999999,35.666666666666664,13.666666666666666,42.35,49.13333333333333,38.27032710280374
22,5,Michael Porter Jr.,0.0,DEN,MIN,-13.5,221.0,117.3,30,6.0,26.4,37.8,SF/PF,4100,1,22.0,20.0,105,109,0%,8,10,6,16,21,14,26.4,16.4,3.2,29.6,9.7,5.8,1.4,20.5,5.0,14.0,12.0,3.4,17.25,4.2,17.0,8.0,18.57,23.399999999999995,12.176470588235293
22,6,Naz Reid,0.0,MIN,DEN,13.5,221.0,103.8,8,13.8,24.3,38.8,PF/C,5500,1,0.0,0.0,100,106,-2%,11,9,7,27,18,12,24.3,15.1,3.9,26.3,21.9,22.3,4.1,29.3,5.32,35.3,30.0,6.4,32.3,5.86,19.0,9.0,20.380000000000003,25.633333333333336,51.0
22,7,DeMar DeRozan,0.0,SA,OKC,5.0,222.0,108.5,10,25.3,38.4,49.5,SG/SF,7200,1,27.0,22.0,101,106,-7%,14,17,16,33,34,35,38.3,39.8,31.5,48.2,23.5,20.8,2.9,36.8,5.1,38.2,34.5,5.3,37.5,5.199999999999999,34.0,15.666666666666666,39.06,37.733333333333334,38.0514705882353
23,0,Chris Paul,0.0,OKC,SA,-5.0,222.0,113.5,15,35.5,42.6,49.5,PG,8200,1,24.0,22.0,102,111,2%,15,15,13,34,34,32,42.5,37.5,28.4,46.7,28.0,41.8,5.1,40.3,4.91,40.1,33.5,4.9,40.2,4.905,33.333333333333336,14.333333333333334,39.06,42.53333333333333,40.400999999999996
23,1,Terrance Ferguson,0.0,OKC,SA,-5.0,222.0,113.5,17,0.8,4.9,9.8,SG/SF,3000,1,9.0,4.0,102,111,0%,2,2,4,20,20,26,4.9,10.2,4.2,16.2,9.5,4.3,1.4,12.5,4.17,9.2,21.0,3.1,10.85,3.635,22.0,2.6666666666666665,9.27,5.166666666666667,10.35681818181818
23,2,Naz Reid,0.0,MIN,DEN,13.5,221.0,103.8,8,13.8,24.3,38.8,PF/C,5500,1,0.0,0.0,100,106,-2%,11,9,7,27,18,12,24.3,15.1,3.9,26.3,21.9,22.3,4.1,29.3,5.32,35.3,30.0,6.4,32.3,5.86,19.0,9.0,20.380000000000003,25.633333333333336,51.0
23,3,Hamidou Diallo,0.0,OKC,SA,-5.0,222.0,113.5,17,2.0,5.9,11.8,SG/SF,3000,1,17.0,9.0,102,111,0%,2,3,6,10,14,19,5.8,13.5,5.8,21.1,14.7,11.0,3.7,6.0,2.0,0.0,0.0,0.0,3.0,1.0,14.333333333333334,3.6666666666666665,9.84,6.566666666666667,0.0
23,4,Bradley Beal,0.0,WAS,CHI,-2.0,229.5,115.8,21,34.8,42.4,47.0,SG,9600,1,34.0,22.0,102,107,-2%,26,25,23,34,35,36,42.8,47.5,36.5,58.6,39.4,70.3,7.3,45.8,4.77,45.3,34.5,4.7,45.55,4.734999999999999,35.0,24.666666666666668,46.19,41.4,44.89928571428571
23,5,JJ Redick,0.0,NO,GS,-10.5,238.0,124.3,4,13.3,28.6,39.5,SG/SF,4600,1,20.0,16.0,103,111,4%,14,13,11,26,25,27,28.6,24.2,14.9,33.6,20.9,14.8,3.2,20.8,4.51,19.4,21.5,4.2,20.1,4.355,26.0,12.666666666666666,24.28,27.133333333333336,16.621153846153845
23,6,Domantas Sabonis,0.0,IND,TOR,5.5,217.5,106.0,7,32.3,43.6,57.0,PF/C,9800,1,24.0,21.0,103,102,-9%,16,14,14,34,36,35,43.6,44.2,35.0,53.4,31.0,37.8,3.9,44.3,4.52,43.8,35.5,4.5,44.05,4.51,35.0,14.666666666666666,44.05,44.300000000000004,44.67928571428571
23,7,Tomas Satoransky,0.0,CHI,WAS,2.0,229.5,113.8,17,7.5,24.0,33.5,PG,5300,0,18.0,14.0,106,113,7%,9,10,9,28,28,29,23.9,25.4,15.9,34.9,39.3,48.3,9.1,30.5,5.75,28.8,30.5,5.4,29.65,5.575,28.333333333333332,9.333333333333334,25.95,21.666666666666668,31.917352941176468
24,0,Chris Paul,0.0,OKC,SA,-5.0,222.0,113.5,15,35.5,42.6,49.5,PG,8200,1,24.0,22.0,102,111,2%,15,15,13,34,34,32,42.5,37.5,28.4,46.7,28.0,41.8,5.1,40.3,4.91,40.1,33.5,4.9,40.2,4.905,33.333333333333336,14.333333333333334,39.06,42.53333333333333,40.400999999999996
24,1,Jeremy Lamb,0.0,IND,TOR,5.5,217.5,106.0,7,17.3,24.8,41.3,SG/SF,4800,1,19.0,14.0,103,102,1%,9,9,11,24,27,29,24.5,25.6,16.2,34.9,7.7,10.5,2.2,22.0,4.58,22.6,26.5,4.7,22.3,4.640000000000001,26.666666666666668,9.666666666666666,24.7,27.8,22.160625
24,2,Pascal Siakam,0.0,TOR,IND,-5.5,217.5,111.5,20,21.0,42.8,65.5,PF/C,9200,1,28.0,19.0,101,106,-7%,18,20,20,38,36,36,42.8,43.3,32.5,54.1,30.5,29.0,3.2,40.3,4.38,41.3,36.0,4.5,40.8,4.4399999999999995,36.666666666666664,19.333333333333332,42.7,43.1,40.05818181818182
24,3,Luguentz Dort,0.0,OKC,SA,-5.0,222.0,113.5,14,4.8,10.4,21.8,SF,3100,1,13.0,7.0,102,111,2%,8,6,6,23,21,22,10.4,11.1,4.1,18.1,24.1,27.0,8.7,13.8,4.44,12.9,21.5,4.2,13.350000000000001,4.32,22.0,6.666666666666667,11.41,12.333333333333334,13.046590909090911
24,4,Ky Bowman,0.0,GS,NO,10.5,238.0,113.8,24,-0.5,11.9,26.0,PG,3700,2,18.0,9.0,106,110,5%,5,4,7,16,19,22,11.9,16.5,5.8,27.1,32.3,40.5,10.9,23.8,6.42,22.6,26.0,6.1,23.200000000000003,6.26,19.0,5.333333333333333,16.9,12.466666666666667,31.747368421052638
24,5,Paul Millsap,0.0,DEN,MIN,-13.5,221.0,117.3,16,10.0,24.8,43.3,PF/C,4500,1,20.0,18.0,105,109,0%,5,7,9,24,22,25,24.8,24.8,15.3,34.3,26.0,41.3,9.2,24.5,5.44,26.8,25.0,6.0,25.65,5.720000000000001,23.666666666666668,7.0,24.97,26.03333333333333,27.095070422535205
24,6,Moritz Wagner,0.0,WAS,CHI,-2.0,229.5,115.8,14,11.3,19.0,33.3,PF/C,4100,1,21.0,18.0,102,107,8%,6,7,7,16,20,20,18.9,22.1,12.5,31.8,15.0,11.5,2.8,19.3,4.7,16.6,16.0,4.0,17.950000000000003,4.35,18.666666666666668,6.666666666666667,20.65,21.2,15.385714285714288
24,7,OG Anunoby,0.0,TOR,IND,-5.5,217.5,111.5,1,10.8,28.0,55.0,SF/PF,4800,1,14.0,13.0,101,106,-15%,7,8,9,35,33,30,27.9,23.9,12.1,35.7,27.6,18.0,3.8,20.5,4.27,22.1,32.5,4.6,21.3,4.435,32.666666666666664,8.0,24.18,31.266666666666666,21.191326530612248
25,0,Bruce Brown,0.0,DET,POR,5.5,221.5,108.0,21,16.0,27.0,41.0,PG/SF,5600,2,17.0,12.0,104,111,-2%,6,8,8,29,33,28,26.9,23.8,13.5,34.1,33.3,23.0,4.1,26.8,4.78,27.8,32.0,5.0,27.3,4.890000000000001,30.0,7.333333333333333,25.12,28.0,29.12
25,1,Aaron Holiday,0.0,IND,TOR,5.5,217.5,106.0,27,5.0,13.4,25.8,PG/SG,3000,1,21.0,13.0,103,102,-1%,6,8,9,17,23,24,18.6,20.8,9.7,31.9,32.3,28.5,9.5,20.5,6.83,15.5,18.5,5.2,18.0,6.015000000000001,21.333333333333332,7.666666666666667,19.800000000000004,14.733333333333334,15.609375
25,2,Thaddeus Young,0.0,CHI,WAS,2.0,229.5,113.8,21,21.8,31.0,48.3,PF,6500,0,20.0,13.0,106,113,3%,15,12,9,33,34,24,30.9,21.7,13.0,30.4,30.4,41.0,6.3,31.0,4.77,28.7,32.5,4.4,29.85,4.585,30.333333333333332,12.0,25.169999999999998,33.699999999999996,31.982142857142858
25,3,Gary Trent Jr.,0.0,POR,DET,-5.5,221.5,113.5,6,4.0,21.1,37.5,SG/SF,5200,1,15.0,13.0,101,110,-6%,8,10,6,26,30,18,21.1,12.7,2.0,23.4,34.5,19.0,3.7,25.0,4.81,26.2,35.0,5.0,25.6,4.904999999999999,24.666666666666668,8.0,16.96,20.866666666666667,36.32432432432432
25,4,DeMar DeRozan,0.0,SA,OKC,5.0,222.0,108.5,10,25.3,38.4,49.5,SG/SF,7200,1,27.0,22.0,101,106,-7%,14,17,16,33,34,35,38.3,39.8,31.5,48.2,23.5,20.8,2.9,36.8,5.1,38.2,34.5,5.3,37.5,5.199999999999999,34.0,15.666666666666666,39.06,37.733333333333334,38.0514705882353
25,5,Davis Bertans,0.0,WAS,CHI,-2.0,229.5,115.8,14,16.5,26.8,37.0,PF,5500,1,18.0,16.0,102,107,3%,8,10,11,28,29,29,26.8,27.5,18.6,36.4,37.0,30.0,5.5,26.8,4.86,26.4,27.5,4.8,26.6,4.83,28.666666666666668,9.666666666666666,27.179999999999996,26.766666666666666,25.51744186046512
25,6,Daniel Gafford,0.0,CHI,WAS,2.0,229.5,113.8,6,0.8,12.1,22.8,C,3500,0,14.0,17.0,106,113,3%,3,2,3,21,15,13,12.1,11.4,2.6,20.3,21.7,15.0,4.3,21.0,6.0,22.4,25.0,6.4,21.7,6.2,16.333333333333332,2.6666666666666665,13.62,11.9,33.214285714285715
25,7,Damion Lee,0.0,GS,NO,10.5,238.0,113.8,5,14.0,23.9,32.0,SG,5300,2,19.0,12.0,106,110,-1%,11,10,10,30,28,29,23.9,25.0,15.1,34.9,34.7,37.5,7.1,29.0,5.47,31.9,33.0,6.0,30.45,5.734999999999999,29.0,10.333333333333334,25.869999999999997,23.3,34.65
26,0,Adam Mokoka,0.0,CHI,WAS,2.0,229.5,113.8,17,0.0,5.6,16.5,PG/SG,3000,0,0.0,0.0,106,113,4%,4,2,2,11,7,6,5.5,4.3,-1.5,10.1,18.4,5.0,1.7,6.8,2.25,10.2,12.5,3.4,8.5,2.825,8.0,2.6666666666666665,5.38,7.366666666666667,13.28125
26,1,Matt Thomas,0.0,TOR,IND,-5.5,217.5,111.5,19,0.0,9.2,31.5,SG,3000,1,0.0,0.0,101,106,-2%,1,3,3,2,10,10,9.2,7.8,0.6,14.9,15.4,21.3,7.1,3.5,1.17,0.0,0.0,0.0,1.75,0.585,7.333333333333333,2.3333333333333335,6.85,13.566666666666668,0.0
26,2,Juancho Hernangomez,0.0,MIN,DEN,13.5,221.0,103.8,18,23.3,27.6,37.0,SF/PF,5100,1,14.0,9.0,100,106,-3%,14,10,4,32,29,14,27.6,10.3,0.9,19.7,26.9,11.5,2.3,28.0,5.49,26.7,31.0,5.2,27.35,5.345000000000001,25.0,9.333333333333334,17.17,29.3,33.914
26,3,Jerome Robinson,0.0,WAS,CHI,-2.0,229.5,115.8,21,3.5,11.5,15.3,SG/SF,3000,1,15.0,5.0,102,107,-2%,7,5,4,17,14,12,11.4,7.8,0.2,15.4,16.2,9.0,3.0,8.5,2.83,9.1,13.5,3.0,8.8,2.915,14.333333333333334,5.333333333333333,8.720000000000002,10.1,8.288372093023256
26,4,Gary Harris,0.0,DEN,MIN,-13.5,221.0,117.3,3,11.5,18.1,23.8,SG,4200,1,16.0,9.0,105,109,3%,10,10,10,32,33,32,18.1,20.3,13.0,27.6,30.4,23.3,5.5,19.8,4.7,20.3,30.5,4.8,20.05,4.75,32.333333333333336,10.0,19.81,17.8,18.91314432989691
26,5,Doug McDermott,0.0,IND,TOR,5.5,217.5,106.0,9,7.0,12.5,20.5,SF/PF,3100,1,19.0,14.0,103,102,3%,5,7,8,12,16,21,12.4,16.4,8.7,24.0,19.3,13.8,4.5,16.3,5.24,13.4,16.5,4.3,14.850000000000001,4.77,16.333333333333332,6.666666666666667,15.27,13.333333333333334,15.0015306122449
26,6,Nikola Jokic,0.0,DEN,MIN,-13.5,221.0,117.3,26,48.3,56.2,77.8,C,10200,1,29.0,26.0,105,109,1%,17,17,16,36,37,33,56.5,48.6,35.5,61.8,30.9,48.3,4.7,55.0,5.39,54.5,33.5,5.3,54.75,5.345,35.333333333333336,16.666666666666668,51.42999999999999,60.76666666666667,51.90919811320754
26,7,Jarrett Culver,0.0,MIN,DEN,13.5,221.0,103.8,26,5.5,13.4,23.3,PG/SF,3200,1,19.0,9.0,100,106,-5%,4,7,9,19,22,24,13.3,19.0,9.0,29.0,25.8,27.3,8.5,19.8,6.17,18.9,25.0,5.9,19.35,6.035,21.666666666666668,6.666666666666667,17.93,14.066666666666668,22.326923076923077
30,0,Jordan Poole,0.0,GS,NO,10.5,238.0,113.8,24,22.3,26.5,29.5,PG/SG,4600,2,21.0,6.0,106,110,5%,14,13,9,32,29,22,26.4,15.3,6.9,23.7,32.6,30.0,6.5,26.5,5.76,26.5,32.0,5.8,26.5,5.779999999999999,27.666666666666668,12.0,19.76,26.099999999999998,30.65060240963855
30,1,Zach LaVine,0.0,CHI,WAS,2.0,229.5,113.8,12,33.3,45.5,63.8,SG,9100,0,31.0,20.0,106,113,7%,21,21,20,37,36,35,45.5,41.1,29.1,53.1,36.0,48.0,5.3,50.0,5.49,47.2,36.5,5.2,48.6,5.345000000000001,36.0,20.666666666666668,43.48,47.53333333333333,49.275000000000006
30,2,Michael Porter Jr.,0.0,DEN,MIN,-13.5,221.0,117.3,30,6.0,26.4,37.8,SF/PF,4100,1,22.0,20.0,105,109,0%,8,10,6,16,21,14,26.4,16.4,3.2,29.6,9.7,5.8,1.4,20.5,5.0,14.0,12.0,3.4,17.25,4.2,17.0,8.0,18.57,23.399999999999995,12.176470588235293
30,3,Isaac Bonga,0.0,WAS,CHI,-2.0,229.5,115.8,16,8.5,15.5,32.8,SF/PF,3300,1,11.0,11.0,102,107,-11%,5,4,3,17,19,18,15.5,12.9,5.3,20.5,15.2,4.0,1.2,15.3,4.62,13.7,19.5,4.2,14.5,4.41,18.0,4.0,13.739999999999998,18.933333333333334,15.708333333333334
30,4,Gary Harris,0.0,DEN,MIN,-13.5,221.0,117.3,3,11.5,18.1,23.8,SG,4200,1,16.0,9.0,105,109,3%,10,10,10,32,33,32,18.1,20.3,13.0,27.6,30.4,23.3,5.5,19.8,4.7,20.3,30.5,4.8,20.05,4.75,32.333333333333336,10.0,19.81,17.8,18.91314432989691
30,5,Christian Wood,0.0,DET,POR,5.5,221.5,108.0,27,20.5,39.9,52.0,PF/C,7400,2,21.0,23.0,104,111,3%,12,13,7,33,32,19,39.9,22.6,9.5,35.6,30.7,43.8,5.9,38.8,5.24,36.2,28.0,4.9,37.5,5.07,28.0,10.666666666666666,29.02,37.46666666666667,37.5
30,6,Moritz Wagner,0.0,WAS,CHI,-2.0,229.5,115.8,14,11.3,19.0,33.3,PF/C,4100,1,21.0,18.0,102,107,8%,6,7,7,16,20,20,18.9,22.1,12.5,31.8,15.0,11.5,2.8,19.3,4.7,16.6,16.0,4.0,17.950000000000003,4.35,18.666666666666668,6.666666666666667,20.65,21.2,15.385714285714288
30,7,Tony Snell,0.0,DET,POR,5.5,221.5,108.0,15,14.0,18.9,31.3,SG/SF,3900,2,12.0,10.0,104,111,-2%,7,7,7,27,31,28,18.9,15.8,9.4,22.1,24.9,8.8,2.3,18.5,4.74,16.2,27.5,4.2,17.35,4.470000000000001,28.666666666666668,7.0,16.71,21.400000000000002,16.64389534883721
31,0,Shaquille Harrison,0.0,CHI,WAS,2.0,229.5,113.8,17,9.8,15.9,20.3,PG,3600,0,0.0,0.0,106,113,7%,8,6,3,18,14,8,15.8,8.6,-0.5,17.8,15.8,8.8,2.4,17.0,4.72,17.8,19.0,4.9,17.4,4.8100000000000005,13.333333333333334,5.666666666666667,11.82,15.333333333333334,24.794999999999998
31,1,Malcolm Miller,0.0,TOR,IND,-5.5,217.5,111.5,19,0.0,0.7,2.0,SG,3000,1,0.0,0.0,101,106,-15%,1,0,1,2,2,5,0.7,2.7,-1.9,7.3,5.5,3.5,1.2,5.0,1.67,0.0,0.0,0.0,2.5,0.835,3.0,0.6666666666666666,2.26,0.9,0.0
31,2,Sekou Doumbouya,0.0,DET,POR,5.5,221.5,108.0,7,9.0,12.3,19.3,SF/PF,3400,2,17.0,7.0,104,111,3%,7,7,6,24,21,20,12.3,13.3,3.0,23.7,24.2,13.3,3.9,20.0,5.88,19.6,27.0,5.8,19.8,5.84,21.666666666666668,6.666666666666667,14.419999999999998,13.533333333333333,24.673846153846153
31,3,Justin Holiday,0.0,IND,TOR,5.5,217.5,106.0,9,10.3,15.4,25.5,SF,3500,1,13.0,12.0,103,102,1%,5,5,7,25,25,26,15.3,19.1,11.1,27.0,26.7,20.0,5.7,19.8,5.64,19.5,27.0,5.6,19.65,5.619999999999999,25.333333333333332,5.666666666666667,18.43,17.066666666666666,20.94276315789474
31,4,Adam Mokoka,0.0,CHI,WAS,2.0,229.5,113.8,17,0.0,5.6,16.5,PG/SG,3000,0,0.0,0.0,106,113,4%,4,2,2,11,7,6,5.5,4.3,-1.5,10.1,18.4,5.0,1.7,6.8,2.25,10.2,12.5,3.4,8.5,2.825,8.0,2.6666666666666665,5.38,7.366666666666667,13.28125
31,5,Domantas Sabonis,0.0,IND,TOR,5.5,217.5,106.0,7,32.3,43.6,57.0,PF/C,9800,1,24.0,21.0,103,102,-9%,16,14,14,34,36,35,43.6,44.2,35.0,53.4,31.0,37.8,3.9,44.3,4.52,43.8,35.5,4.5,44.05,4.51,35.0,14.666666666666666,44.05,44.300000000000004,44.67928571428571
31,6,Zion Williamson,0.0,NO,GS,-10.5,238.0,124.3,24,31.0,39.2,50.8,PF/C,8500,1,0.0,0.0,103,111,1%,18,17,15,30,29,29,39.2,36.3,29.0,43.5,33.1,41.8,4.9,40.8,4.79,42.6,31.5,5.0,41.7,4.895,29.333333333333332,16.666666666666668,37.94,40.333333333333336,44.780113636363645
31,7,Fred VanVleet,0.0,TOR,IND,-5.5,217.5,111.5,25,28.5,35.8,41.0,PG/SG,7600,1,23.0,17.0,101,106,-2%,16,16,15,37,37,37,35.8,38.2,29.1,47.4,25.8,20.8,2.7,36.5,4.8,37.0,36.5,4.9,36.75,4.85,37.0,15.666666666666666,37.45,35.1,36.25337837837838
33,0,Shaquille Harrison,0.0,CHI,WAS,2.0,229.5,113.8,17,9.8,15.9,20.3,PG,3600,0,0.0,0.0,106,113,7%,8,6,3,18,14,8,15.8,8.6,-0.5,17.8,15.8,8.8,2.4,17.0,4.72,17.8,19.0,4.9,17.4,4.8100000000000005,13.333333333333334,5.666666666666667,11.82,15.333333333333334,24.794999999999998
33,1,Fred VanVleet,0.0,TOR,IND,-5.5,217.5,111.5,25,28.5,35.8,41.0,PG/SG,7600,1,23.0,17.0,101,106,-2%,16,16,15,37,37,37,35.8,38.2,29.1,47.4,25.8,20.8,2.7,36.5,4.8,37.0,36.5,4.9,36.75,4.85,37.0,15.666666666666666,37.45,35.1,36.25337837837838
33,2,Rui Hachimura,0.0,WAS,CHI,-2.0,229.5,115.8,14,15.3,29.2,36.5,PF/C,5300,1,19.0,15.0,102,107,8%,10,11,12,27,28,29,29.1,25.6,15.6,35.7,28.5,26.0,4.9,26.0,4.91,27.0,29.5,5.1,26.5,5.005,28.0,11.0,26.5,27.0,27.919642857142858
33,3,Hamidou Diallo,0.0,OKC,SA,-5.0,222.0,113.5,17,2.0,5.9,11.8,SG/SF,3000,1,17.0,9.0,102,111,0%,2,3,6,10,14,19,5.8,13.5,5.8,21.1,14.7,11.0,3.7,6.0,2.0,0.0,0.0,0.0,3.0,1.0,14.333333333333334,3.6666666666666665,9.84,6.566666666666667,0.0
33,4,Jrue Holiday,0.0,NO,GS,-10.5,238.0,124.3,30,24.3,42.6,61.0,PG/SG,7800,1,26.0,17.0,103,111,6%,12,14,17,34,32,35,42.3,40.7,30.6,50.7,38.4,56.8,7.3,38.3,4.9,38.7,32.5,5.0,38.5,4.95,33.666666666666664,14.333333333333334,40.559999999999995,42.63333333333333,37.16584158415842
33,5,Jerome Robinson,0.0,WAS,CHI,-2.0,229.5,115.8,21,3.5,11.5,15.3,SG/SF,3000,1,15.0,5.0,102,107,-2%,7,5,4,17,14,12,11.4,7.8,0.2,15.4,16.2,9.0,3.0,8.5,2.83,9.1,13.5,3.0,8.8,2.915,14.333333333333334,5.333333333333333,8.720000000000002,10.1,8.288372093023256
33,6,Jakob Poeltl,0.0,SA,OKC,5.0,222.0,108.5,14,11.0,14.5,23.8,C,3100,1,14.0,20.0,101,106,0%,2,3,4,11,13,17,14.4,18.6,10.3,26.9,15.5,19.5,6.3,14.5,4.68,14.2,13.5,4.6,14.35,4.64,13.666666666666666,3.0,16.91,16.433333333333334,14.175
33,7,Nicolo Melli,0.0,NO,GS,-10.5,238.0,124.3,24,0.0,0.0,0.0,PF,3800,1,16.0,12.0,103,111,1%,9,9,5,22,23,16,23.2,13.5,3.4,23.5,22.9,32.3,8.5,14.5,3.82,16.1,17.5,4.2,15.3,4.01,20.333333333333332,7.666666666666667,15.780000000000001,0.0,13.168032786885247
34,0,Jarrett Culver,0.0,MIN,DEN,13.5,221.0,103.8,26,5.5,13.4,23.3,PG/SF,3200,1,19.0,9.0,100,106,-5%,4,7,9,19,22,24,13.3,19.0,9.0,29.0,25.8,27.3,8.5,19.8,6.17,18.9,25.0,5.9,19.35,6.035,21.666666666666668,6.666666666666667,17.93,14.066666666666668,22.326923076923077
34,1,Damion Lee,0.0,GS,NO,10.5,238.0,113.8,5,14.0,23.9,32.0,SG,5300,2,19.0,12.0,106,110,-1%,11,10,10,30,28,29,23.9,25.0,15.1,34.9,34.7,37.5,7.1,29.0,5.47,31.9,33.0,6.0,30.45,5.734999999999999,29.0,10.333333333333334,25.869999999999997,23.3,34.65
34,2,Alen Smailagic,0.0,GS,NO,10.5,238.0,113.8,4,1.0,8.4,16.8,PF/C,3000,2,0.0,0.0,106,110,7%,2,2,3,9,10,10,8.4,9.2,4.0,14.4,8.7,2.5,0.8,15.5,5.17,16.5,17.0,5.5,16.0,5.335,9.666666666666666,2.3333333333333335,10.4,8.733333333333334,28.13793103448276
34,3,Eric Paschall,0.0,GS,NO,10.5,238.0,113.8,23,13.8,20.6,28.8,SF/PF,4400,2,21.0,14.0,106,110,7%,8,10,11,29,27,28,20.9,23.6,12.9,34.4,30.9,20.3,4.6,31.3,7.1,31.5,33.0,7.2,31.4,7.15,28.0,9.666666666666666,24.640000000000004,21.066666666666666,37.00714285714286
34,4,Tomas Satoransky,0.0,CHI,WAS,2.0,229.5,113.8,17,7.5,24.0,33.5,PG,5300,0,18.0,14.0,106,113,7%,9,10,9,28,28,29,23.9,25.4,15.9,34.9,39.3,48.3,9.1,30.5,5.75,28.8,30.5,5.4,29.65,5.575,28.333333333333332,9.333333333333334,25.95,21.666666666666668,31.917352941176468
34,5,OG Anunoby,0.0,TOR,IND,-5.5,217.5,111.5,1,10.8,28.0,55.0,SF/PF,4800,1,14.0,13.0,101,106,-15%,7,8,9,35,33,30,27.9,23.9,12.1,35.7,27.6,18.0,3.8,20.5,4.27,22.1,32.5,4.6,21.3,4.435,32.666666666666664,8.0,24.18,31.266666666666666,21.191326530612248
34,6,Thon Maker,0.0,DET,POR,5.5,221.5,108.0,27,19.3,27.6,34.0,PF/C,4700,2,16.0,14.0,104,111,5%,9,9,3,23,26,13,27.6,11.1,1.9,20.3,16.0,14.3,3.0,23.5,5.0,22.3,23.5,4.7,22.9,4.85,20.666666666666668,7.0,16.759999999999998,26.96666666666667,26.039516129032254
34,7,Rudy Gay,0.0,SA,OKC,5.0,222.0,108.5,3,8.8,12.8,20.5,SF/PF,3000,1,20.0,14.0,101,106,-4%,6,6,8,16,17,21,12.8,20.8,12.2,29.5,17.7,27.0,9.0,17.8,5.92,14.6,16.5,4.9,16.2,5.41,18.0,6.666666666666667,18.3,14.033333333333333,14.849999999999998
35,0,Dennis Schroder,0.0,OKC,SA,-5.0,222.0,113.5,15,18.0,26.9,37.3,PG/SG,5700,1,27.0,17.0,102,111,2%,13,15,15,29,31,31,26.9,31.6,21.8,41.4,28.5,25.8,4.5,31.3,5.48,32.0,30.5,5.6,31.65,5.54,30.333333333333332,14.333333333333334,30.669999999999998,27.399999999999995,31.8239010989011
35,1,Terence Davis,0.0,TOR,IND,-5.5,217.5,111.5,25,3.5,20.4,37.0,PG/SG,4100,1,19.0,16.0,101,106,-7%,9,10,6,21,23,18,20.4,17.4,6.1,28.6,23.6,22.5,5.5,19.8,4.82,22.0,25.0,5.4,20.9,5.11,20.666666666666668,8.333333333333334,18.68,20.3,25.282258064516128
35,2,James Johnson,0.0,MIN,DEN,13.5,221.0,103.8,8,14.5,25.4,31.8,PF/C,4900,1,17.0,12.0,100,106,-3%,9,7,5,27,23,17,24.9,15.8,4.5,27.0,27.2,28.8,5.9,24.0,4.9,24.1,24.5,4.9,24.05,4.9,22.333333333333332,7.0,19.25,23.900000000000002,26.383208955223882
35,3,Will Barton,0.0,DEN,MIN,-13.5,221.0,117.3,3,25.8,35.7,48.3,SG/SF,5400,1,21.0,16.0,105,109,3%,11,14,13,28,33,34,35.6,33.0,23.2,42.7,26.5,24.5,4.5,27.0,5.0,32.2,32.5,6.0,29.6,5.5,31.666666666666668,12.666666666666666,32.82,36.6,30.378947368421056
35,4,Josh Okogie,0.0,MIN,DEN,13.5,221.0,103.8,1,13.8,22.4,31.5,SG/SF,4300,1,16.0,12.0,100,106,-4%,7,7,7,29,28,25,22.8,19.1,11.0,27.1,25.1,21.5,5.0,23.0,5.35,23.8,30.0,5.5,23.4,5.425,27.333333333333332,7.0,20.68,22.566666666666666,25.682926829268293
35,5,Sekou Doumbouya,0.0,DET,POR,5.5,221.5,108.0,7,9.0,12.3,19.3,SF/PF,3400,2,17.0,7.0,104,111,3%,7,7,6,24,21,20,12.3,13.3,3.0,23.7,24.2,13.3,3.9,20.0,5.88,19.6,27.0,5.8,19.8,5.84,21.666666666666668,6.666666666666667,14.419999999999998,13.533333333333333,24.673846153846153
35,6,Christian Wood,0.0,DET,POR,5.5,221.5,108.0,27,20.5,39.9,52.0,PF/C,7400,2,21.0,23.0,104,111,3%,12,13,7,33,32,19,39.9,22.6,9.5,35.6,30.7,43.8,5.9,38.8,5.24,36.2,28.0,4.9,37.5,5.07,28.0,10.666666666666666,29.02,37.46666666666667,37.5
35,7,Terrance Ferguson,0.0,OKC,SA,-5.0,222.0,113.5,17,0.8,4.9,9.8,SG/SF,3000,1,9.0,4.0,102,111,0%,2,2,4,20,20,26,4.9,10.2,4.2,16.2,9.5,4.3,1.4,12.5,4.17,9.2,21.0,3.1,10.85,3.635,22.0,2.6666666666666665,9.27,5.166666666666667,10.35681818181818
36,0,Aaron Holiday,0.0,IND,TOR,5.5,217.5,106.0,27,5.0,13.4,25.8,PG/SG,3000,1,21.0,13.0,103,102,-1%,6,8,9,17,23,24,18.6,20.8,9.7,31.9,32.3,28.5,9.5,20.5,6.83,15.5,18.5,5.2,18.0,6.015000000000001,21.333333333333332,7.666666666666667,19.800000000000004,14.733333333333334,15.609375
36,1,Langston Galloway,0.0,DET,POR,5.5,221.5,108.0,21,9.0,15.4,22.5,PG/SG,3600,2,15.0,12.0,104,111,-2%,9,8,8,27,28,26,15.3,17.8,10.8,24.8,24.4,26.5,7.4,16.8,4.65,15.8,23.5,4.4,16.3,4.525,27.0,8.333333333333334,17.0,15.633333333333333,14.187037037037038
36,2,Rui Hachimura,0.0,WAS,CHI,-2.0,229.5,115.8,14,15.3,29.2,36.5,PF/C,5300,1,19.0,15.0,102,107,8%,10,11,12,27,28,29,29.1,25.6,15.6,35.7,28.5,26.0,4.9,26.0,4.91,27.0,29.5,5.1,26.5,5.005,28.0,11.0,26.5,27.0,27.919642857142858
36,3,Doug McDermott,0.0,IND,TOR,5.5,217.5,106.0,9,7.0,12.5,20.5,SF/PF,3100,1,19.0,14.0,103,102,3%,5,7,8,12,16,21,12.4,16.4,8.7,24.0,19.3,13.8,4.5,16.3,5.24,13.4,16.5,4.3,14.850000000000001,4.77,16.333333333333332,6.666666666666667,15.27,13.333333333333334,15.0015306122449
36,4,Lonnie Walker IV,0.0,SA,OKC,5.0,222.0,108.5,10,5.3,12.0,19.3,SG/SF,3000,1,19.0,11.0,101,106,-7%,4,5,5,19,19,14,11.9,10.7,2.1,19.4,23.4,13.5,4.5,13.8,4.58,11.3,15.0,3.8,12.55,4.1899999999999995,17.333333333333332,4.666666666666667,11.330000000000002,12.200000000000001,10.860576923076925
36,5,Josh Hart,0.0,NO,GS,-10.5,238.0,124.3,4,20.8,29.0,36.3,SG/SF,5400,1,15.0,12.0,103,111,8%,5,7,9,27,27,29,28.9,25.9,17.8,34.0,27.5,21.5,4.0,23.0,4.26,23.9,26.5,4.4,23.45,4.33,27.666666666666668,7.0,26.009999999999998,28.7,22.46114457831325
36,6,Ian Mahinmi,0.0,WAS,CHI,-2.0,229.5,115.8,17,12.3,18.6,27.0,C,3700,1,16.0,15.0,102,107,8%,5,6,6,23,21,22,18.6,21.3,12.4,30.3,8.1,4.5,1.2,13.5,3.65,14.3,15.0,3.9,13.9,3.775,22.0,5.666666666666667,19.300000000000004,19.3,9.477272727272727
36,7,Matt Thomas,0.0,TOR,IND,-5.5,217.5,111.5,19,0.0,9.2,31.5,SG,3000,1,0.0,0.0,101,106,-2%,1,3,3,2,10,10,9.2,7.8,0.6,14.9,15.4,21.3,7.1,3.5,1.17,0.0,0.0,0.0,1.75,0.585,7.333333333333333,2.3333333333333335,6.85,13.566666666666668,0.0
37,0,Anfernee Simons,0.0,POR,DET,-5.5,221.5,113.5,16,7.8,18.7,34.8,PG/SG,3900,1,19.0,10.0,101,110,-6%,12,9,8,28,22,23,19.7,15.8,7.9,23.7,18.4,8.0,2.1,22.5,5.77,21.9,28.0,5.6,22.2,5.685,24.333333333333332,9.666666666666666,17.860000000000003,20.433333333333334,25.545205479452054
37,1,Shabazz Napier,0.0,WAS,CHI,-2.0,229.5,115.8,9,16.3,20.5,29.3,PG/SG,3900,1,21.0,14.0,102,107,-11%,6,7,8,19,19,24,20.4,23.7,12.9,34.5,17.0,14.5,3.7,18.8,4.81,18.0,18.0,4.6,18.4,4.705,20.666666666666668,7.0,21.98,22.03333333333333,16.0258064516129
37,2,T.J. Warren,0.0,IND,TOR,5.5,217.5,106.0,9,10.3,34.3,52.8,SF/PF,6400,1,22.0,18.0,103,102,3%,20,14,14,38,32,33,34.3,29.2,17.7,40.7,28.8,15.0,2.3,31.0,4.84,32.0,34.5,5.0,31.5,4.92,34.333333333333336,16.0,30.68,32.46666666666666,31.65291262135922
37,3,Rudy Gay,0.0,SA,OKC,5.0,222.0,108.5,3,8.8,12.8,20.5,SF/PF,3000,1,20.0,14.0,101,106,-4%,6,6,8,16,17,21,12.8,20.8,12.2,29.5,17.7,27.0,9.0,17.8,5.92,14.6,16.5,4.9,16.2,5.41,18.0,6.666666666666667,18.3,14.033333333333333,14.849999999999998
37,4,Bradley Beal,0.0,WAS,CHI,-2.0,229.5,115.8,21,34.8,42.4,47.0,SG,9600,1,34.0,22.0,102,107,-2%,26,25,23,34,35,36,42.8,47.5,36.5,58.6,39.4,70.3,7.3,45.8,4.77,45.3,34.5,4.7,45.55,4.734999999999999,35.0,24.666666666666668,46.19,41.4,44.89928571428571
37,5,Eric Paschall,0.0,GS,NO,10.5,238.0,113.8,23,13.8,20.6,28.8,SF/PF,4400,2,21.0,14.0,106,110,7%,8,10,11,29,27,28,20.9,23.6,12.9,34.4,30.9,20.3,4.6,31.3,7.1,31.5,33.0,7.2,31.4,7.15,28.0,9.666666666666666,24.640000000000004,21.066666666666666,37.00714285714286
37,6,Serge Ibaka,0.0,TOR,IND,-5.5,217.5,111.5,25,25.0,36.3,46.8,C,6700,1,23.0,19.0,101,106,-7%,14,15,13,30,33,28,36.3,31.4,22.3,40.4,23.8,37.8,5.6,32.8,4.89,36.2,32.5,5.4,34.5,5.145,30.333333333333332,14.0,32.980000000000004,36.03333333333333,36.964285714285715
37,7,Trevor Ariza,0.0,POR,DET,-5.5,221.5,113.5,20,2.0,24.9,42.5,SF,5000,1,12.0,11.0,101,110,-2%,9,8,6,35,35,28,27.6,19.5,9.3,29.6,36.1,8.5,1.7,24.5,4.9,26.1,35.0,5.2,25.3,5.050000000000001,32.666666666666664,7.666666666666667,22.259999999999998,23.133333333333336,27.10714285714286
38,0,Shabazz Napier,0.0,WAS,CHI,-2.0,229.5,115.8,9,16.3,20.5,29.3,PG/SG,3900,1,21.0,14.0,102,107,-11%,6,7,8,19,19,24,20.4,23.7,12.9,34.5,17.0,14.5,3.7,18.8,4.81,18.0,18.0,4.6,18.4,4.705,20.666666666666668,7.0,21.98,22.03333333333333,16.0258064516129
38,1,Zach LaVine,0.0,CHI,WAS,2.0,229.5,113.8,12,33.3,45.5,63.8,SG,9100,0,31.0,20.0,106,113,7%,21,21,20,37,36,35,45.5,41.1,29.1,53.1,36.0,48.0,5.3,50.0,5.49,47.2,36.5,5.2,48.6,5.345000000000001,36.0,20.666666666666668,43.48,47.53333333333333,49.275000000000006
38,2,Sekou Doumbouya,0.0,DET,POR,5.5,221.5,108.0,7,9.0,12.3,19.3,SF/PF,3400,2,17.0,7.0,104,111,3%,7,7,6,24,21,20,12.3,13.3,3.0,23.7,24.2,13.3,3.9,20.0,5.88,19.6,27.0,5.8,19.8,5.84,21.666666666666668,6.666666666666667,14.419999999999998,13.533333333333333,24.673846153846153
38,3,Tony Snell,0.0,DET,POR,5.5,221.5,108.0,15,14.0,18.9,31.3,SG/SF,3900,2,12.0,10.0,104,111,-2%,7,7,7,27,31,28,18.9,15.8,9.4,22.1,24.9,8.8,2.3,18.5,4.74,16.2,27.5,4.2,17.35,4.470000000000001,28.666666666666668,7.0,16.71,21.400000000000002,16.64389534883721
38,4,Terrance Ferguson,0.0,OKC,SA,-5.0,222.0,113.5,17,0.8,4.9,9.8,SG/SF,3000,1,9.0,4.0,102,111,0%,2,2,4,20,20,26,4.9,10.2,4.2,16.2,9.5,4.3,1.4,12.5,4.17,9.2,21.0,3.1,10.85,3.635,22.0,2.6666666666666665,9.27,5.166666666666667,10.35681818181818
38,5,Jeremy Lamb,0.0,IND,TOR,5.5,217.5,106.0,7,17.3,24.8,41.3,SG/SF,4800,1,19.0,14.0,103,102,1%,9,9,11,24,27,29,24.5,25.6,16.2,34.9,7.7,10.5,2.2,22.0,4.58,22.6,26.5,4.7,22.3,4.640000000000001,26.666666666666668,9.666666666666666,24.7,27.8,22.160625
38,6,Steven Adams,0.0,OKC,SA,-5.0,222.0,113.5,21,21.8,36.4,56.8,C,6800,1,17.0,21.0,102,111,1%,12,11,8,30,30,28,36.4,31.3,21.0,41.6,27.4,41.5,6.1,33.0,4.85,34.0,30.0,5.0,33.5,4.925,29.333333333333332,10.333333333333334,32.760000000000005,38.333333333333336,34.26136363636364
38,7,Kevon Looney,0.0,GS,NO,10.5,238.0,113.8,18,2.8,11.7,23.8,C,3000,2,0.0,0.0,106,110,3%,4,4,4,17,15,12,11.6,9.2,3.7,14.7,18.8,13.5,4.5,20.3,6.75,22.1,22.0,7.4,21.200000000000003,7.075,14.666666666666666,4.0,12.080000000000002,12.766666666666666,31.800000000000008
39,0,Dennis Schroder,0.0,OKC,SA,-5.0,222.0,113.5,15,18.0,26.9,37.3,PG/SG,5700,1,27.0,17.0,102,111,2%,13,15,15,29,31,31,26.9,31.6,21.8,41.4,28.5,25.8,4.5,31.3,5.48,32.0,30.5,5.6,31.65,5.54,30.333333333333332,14.333333333333334,30.669999999999998,27.399999999999995,31.8239010989011
39,1,Lonnie Walker IV,0.0,SA,OKC,5.0,222.0,108.5,10,5.3,12.0,19.3,SG/SF,3000,1,19.0,11.0,101,106,-7%,4,5,5,19,19,14,11.9,10.7,2.1,19.4,23.4,13.5,4.5,13.8,4.58,11.3,15.0,3.8,12.55,4.1899999999999995,17.333333333333332,4.666666666666667,11.330000000000002,12.200000000000001,10.860576923076925
39,2,Rui Hachimura,0.0,WAS,CHI,-2.0,229.5,115.8,14,15.3,29.2,36.5,PF/C,5300,1,19.0,15.0,102,107,8%,10,11,12,27,28,29,29.1,25.6,15.6,35.7,28.5,26.0,4.9,26.0,4.91,27.0,29.5,5.1,26.5,5.005,28.0,11.0,26.5,27.0,27.919642857142858
39,3,DeMar DeRozan,0.0,SA,OKC,5.0,222.0,108.5,10,25.3,38.4,49.5,SG/SF,7200,1,27.0,22.0,101,106,-7%,14,17,16,33,34,35,38.3,39.8,31.5,48.2,23.5,20.8,2.9,36.8,5.1,38.2,34.5,5.3,37.5,5.199999999999999,34.0,15.666666666666666,39.06,37.733333333333334,38.0514705882353
39,4,Will Barton,0.0,DEN,MIN,-13.5,221.0,117.3,3,25.8,35.7,48.3,SG/SF,5400,1,21.0,16.0,105,109,3%,11,14,13,28,33,34,35.6,33.0,23.2,42.7,26.5,24.5,4.5,27.0,5.0,32.2,32.5,6.0,29.6,5.5,31.666666666666668,12.666666666666666,32.82,36.6,30.378947368421056
39,5,Sekou Doumbouya,0.0,DET,POR,5.5,221.5,108.0,7,9.0,12.3,19.3,SF/PF,3400,2,17.0,7.0,104,111,3%,7,7,6,24,21,20,12.3,13.3,3.0,23.7,24.2,13.3,3.9,20.0,5.88,19.6,27.0,5.8,19.8,5.84,21.666666666666668,6.666666666666667,14.419999999999998,13.533333333333333,24.673846153846153
39,6,James Johnson,0.0,MIN,DEN,13.5,221.0,103.8,8,14.5,25.4,31.8,PF/C,4900,1,17.0,12.0,100,106,-3%,9,7,5,27,23,17,24.9,15.8,4.5,27.0,27.2,28.8,5.9,24.0,4.9,24.1,24.5,4.9,24.05,4.9,22.333333333333332,7.0,19.25,23.900000000000002,26.383208955223882
39,7,Serge Ibaka,0.0,TOR,IND,-5.5,217.5,111.5,25,25.0,36.3,46.8,C,6700,1,23.0,19.0,101,106,-7%,14,15,13,30,33,28,36.3,31.4,22.3,40.4,23.8,37.8,5.6,32.8,4.89,36.2,32.5,5.4,34.5,5.145,30.333333333333332,14.0,32.980000000000004,36.03333333333333,36.964285714285715
40,0,Dejounte Murray,0.0,SA,OKC,5.0,222.0,108.5,23,18.5,38.7,48.8,PG,6000,1,21.0,18.0,101,106,1%,14,11,9,31,30,25,38.6,27.2,17.1,37.3,20.8,15.3,2.6,30.5,5.08,29.8,29.0,5.0,30.15,5.04,28.666666666666668,11.333333333333334,30.07,35.333333333333336,30.500581395348835
40,1,Svi Mykhailiuk,0.0,DET,POR,5.5,221.5,108.0,15,5.3,16.6,24.3,SG/SF,3400,2,16.0,11.0,104,111,7%,8,6,7,23,25,22,16.6,15.4,6.3,24.5,15.4,9.3,2.7,15.8,4.63,19.7,27.5,5.8,17.75,5.215,23.333333333333332,7.0,16.11,15.4,20.919642857142858
40,2,Juan Toscano-Anderson,0.0,GS,NO,10.5,238.0,113.8,23,7.3,15.2,30.0,SF/PF,3300,2,0.0,0.0,106,110,7%,6,5,5,19,18,18,15.2,15.2,5.1,25.3,27.5,37.5,11.4,19.0,5.76,19.3,22.0,5.8,19.15,5.779999999999999,18.333333333333332,5.333333333333333,15.99,17.5,22.979999999999997
40,3,Will Barton,0.0,DEN,MIN,-13.5,221.0,117.3,3,25.8,35.7,48.3,SG/SF,5400,1,21.0,16.0,105,109,3%,11,14,13,28,33,34,35.6,33.0,23.2,42.7,26.5,24.5,4.5,27.0,5.0,32.2,32.5,6.0,29.6,5.5,31.666666666666668,12.666666666666666,32.82,36.6,30.378947368421056
40,4,Coby White,0.0,CHI,WAS,2.0,229.5,113.8,17,17.5,30.4,42.8,PG/SG,5200,0,23.0,10.0,106,113,7%,17,14,11,32,31,25,30.4,21.5,12.2,30.9,33.8,49.5,9.5,30.3,5.82,29.9,32.5,5.8,30.1,5.8100000000000005,29.333333333333332,14.0,25.02,30.23333333333333,33.34943181818182
40,5,Gary Trent Jr.,0.0,POR,DET,-5.5,221.5,113.5,6,4.0,21.1,37.5,SG/SF,5200,1,15.0,13.0,101,110,-6%,8,10,6,26,30,18,21.1,12.7,2.0,23.4,34.5,19.0,3.7,25.0,4.81,26.2,35.0,5.0,25.6,4.904999999999999,24.666666666666668,8.0,16.96,20.866666666666667,36.32432432432432
40,6,LaMarcus Aldridge,0.0,SA,OKC,5.0,222.0,108.5,30,32.0,42.4,51.5,PF/C,7500,1,23.0,20.0,101,106,-13%,19,19,15,37,36,34,42.4,37.9,26.9,49.0,21.0,13.8,1.8,37.0,4.93,37.2,34.5,5.0,37.1,4.965,35.666666666666664,17.666666666666668,38.660000000000004,41.96666666666667,35.88644859813084
40,7,Jarrett Culver,0.0,MIN,DEN,13.5,221.0,103.8,26,5.5,13.4,23.3,PG/SF,3200,1,19.0,9.0,100,106,-5%,4,7,9,19,22,24,13.3,19.0,9.0,29.0,25.8,27.3,8.5,19.8,6.17,18.9,25.0,5.9,19.35,6.035,21.666666666666668,6.666666666666667,17.93,14.066666666666668,22.326923076923077
42,0,T.J. McConnell,0.0,IND,TOR,5.5,217.5,106.0,27,9.5,17.0,33.0,PG,3300,1,20.0,17.0,103,102,-1%,3,6,6,14,17,19,17.0,19.2,11.0,27.4,8.7,1.0,0.3,13.8,4.17,15.5,16.5,4.7,14.65,4.4350000000000005,16.666666666666668,5.0,17.85,19.833333333333332,14.5035
42,1,Jeremy Lamb,0.0,IND,TOR,5.5,217.5,106.0,7,17.3,24.8,41.3,SG/SF,4800,1,19.0,14.0,103,102,1%,9,9,11,24,27,29,24.5,25.6,16.2,34.9,7.7,10.5,2.2,22.0,4.58,22.6,26.5,4.7,22.3,4.640000000000001,26.666666666666668,9.666666666666666,24.7,27.8,22.160625
42,2,Sekou Doumbouya,0.0,DET,POR,5.5,221.5,108.0,7,9.0,12.3,19.3,SF/PF,3400,2,17.0,7.0,104,111,3%,7,7,6,24,21,20,12.3,13.3,3.0,23.7,24.2,13.3,3.9,20.0,5.88,19.6,27.0,5.8,19.8,5.84,21.666666666666668,6.666666666666667,14.419999999999998,13.533333333333333,24.673846153846153
42,3,Justin Holiday,0.0,IND,TOR,5.5,217.5,106.0,9,10.3,15.4,25.5,SF,3500,1,13.0,12.0,103,102,1%,5,5,7,25,25,26,15.3,19.1,11.1,27.0,26.7,20.0,5.7,19.8,5.64,19.5,27.0,5.6,19.65,5.619999999999999,25.333333333333332,5.666666666666667,18.43,17.066666666666666,20.94276315789474
42,4,Chris Paul,0.0,OKC,SA,-5.0,222.0,113.5,15,35.5,42.6,49.5,PG,8200,1,24.0,22.0,102,111,2%,15,15,13,34,34,32,42.5,37.5,28.4,46.7,28.0,41.8,5.1,40.3,4.91,40.1,33.5,4.9,40.2,4.905,33.333333333333336,14.333333333333334,39.06,42.53333333333333,40.400999999999996
42,5,Doug McDermott,0.0,IND,TOR,5.5,217.5,106.0,9,7.0,12.5,20.5,SF/PF,3100,1,19.0,14.0,103,102,3%,5,7,8,12,16,21,12.4,16.4,8.7,24.0,19.3,13.8,4.5,16.3,5.24,13.4,16.5,4.3,14.850000000000001,4.77,16.333333333333332,6.666666666666667,15.27,13.333333333333334,15.0015306122449
42,6,Nerlens Noel,0.0,OKC,SA,-5.0,222.0,113.5,21,0.8,12.2,23.5,C,3200,1,15.0,22.0,102,111,1%,5,4,5,13,14,19,12.2,21.5,13.5,29.5,16.2,23.3,7.3,18.3,5.7,17.5,16.5,5.5,17.9,5.6,15.333333333333334,4.666666666666667,18.919999999999998,12.166666666666666,19.261956521739126
42,7,Fred VanVleet,0.0,TOR,IND,-5.5,217.5,111.5,25,28.5,35.8,41.0,PG/SG,7600,1,23.0,17.0,101,106,-2%,16,16,15,37,37,37,35.8,38.2,29.1,47.4,25.8,20.8,2.7,36.5,4.8,37.0,36.5,4.9,36.75,4.85,37.0,15.666666666666666,37.45,35.1,36.25337837837838
43,0,Monte Morris,0.0,DEN,MIN,-13.5,221.0,117.3,18,10.8,22.0,28.0,PG,4700,1,19.0,15.0,105,109,3%,8,9,7,23,27,21,22.0,17.9,9.3,26.6,31.1,33.5,7.1,16.5,3.51,16.9,19.0,3.6,16.7,3.5549999999999997,23.666666666666668,8.0,18.5,20.266666666666666,13.407042253521126
43,1,Gary Harris,0.0,DEN,MIN,-13.5,221.0,117.3,3,11.5,18.1,23.8,SG,4200,1,16.0,9.0,105,109,3%,10,10,10,32,33,32,18.1,20.3,13.0,27.6,30.4,23.3,5.5,19.8,4.7,20.3,30.5,4.8,20.05,4.75,32.333333333333336,10.0,19.81,17.8,18.91314432989691
43,2,LaMarcus Aldridge,0.0,SA,OKC,5.0,222.0,108.5,30,32.0,42.4,51.5,PF/C,7500,1,23.0,20.0,101,106,-13%,19,19,15,37,36,34,42.4,37.9,26.9,49.0,21.0,13.8,1.8,37.0,4.93,37.2,34.5,5.0,37.1,4.965,35.666666666666664,17.666666666666668,38.660000000000004,41.96666666666667,35.88644859813084
43,3,Jeremy Lamb,0.0,IND,TOR,5.5,217.5,106.0,7,17.3,24.8,41.3,SG/SF,4800,1,19.0,14.0,103,102,1%,9,9,11,24,27,29,24.5,25.6,16.2,34.9,7.7,10.5,2.2,22.0,4.58,22.6,26.5,4.7,22.3,4.640000000000001,26.666666666666668,9.666666666666666,24.7,27.8,22.160625
43,4,Torrey Craig,0.0,DEN,MIN,-13.5,221.0,117.3,3,7.8,19.0,25.5,SG/SF,3500,1,12.0,10.0,105,109,3%,4,5,4,23,29,18,18.9,12.3,2.8,21.8,9.1,6.0,1.7,10.5,3.0,10.2,15.0,2.9,10.35,2.95,23.333333333333332,4.333333333333333,13.229999999999999,17.433333333333334,6.6535714285714285
43,5,Eric Paschall,0.0,GS,NO,10.5,238.0,113.8,23,13.8,20.6,28.8,SF/PF,4400,2,21.0,14.0,106,110,7%,8,10,11,29,27,28,20.9,23.6,12.9,34.4,30.9,20.3,4.6,31.3,7.1,31.5,33.0,7.2,31.4,7.15,28.0,9.666666666666666,24.640000000000004,21.066666666666666,37.00714285714286
43,6,Paul Millsap,0.0,DEN,MIN,-13.5,221.0,117.3,16,10.0,24.8,43.3,PF/C,4500,1,20.0,18.0,105,109,0%,5,7,9,24,22,25,24.8,24.8,15.3,34.3,26.0,41.3,9.2,24.5,5.44,26.8,25.0,6.0,25.65,5.720000000000001,23.666666666666668,7.0,24.97,26.03333333333333,27.095070422535205
43,7,Steven Adams,0.0,OKC,SA,-5.0,222.0,113.5,21,21.8,36.4,56.8,C,6800,1,17.0,21.0,102,111,1%,12,11,8,30,30,28,36.4,31.3,21.0,41.6,27.4,41.5,6.1,33.0,4.85,34.0,30.0,5.0,33.5,4.925,29.333333333333332,10.333333333333334,32.760000000000005,38.333333333333336,34.26136363636364
44,0,Chris Paul,0.0,OKC,SA,-5.0,222.0,113.5,15,35.5,42.6,49.5,PG,8200,1,24.0,22.0,102,111,2%,15,15,13,34,34,32,42.5,37.5,28.4,46.7,28.0,41.8,5.1,40.3,4.91,40.1,33.5,4.9,40.2,4.905,33.333333333333336,14.333333333333334,39.06,42.53333333333333,40.400999999999996
44,1,Patty Mills,0.0,SA,OKC,5.0,222.0,108.5,23,3.3,15.3,21.0,PG/SG,3100,1,20.0,15.0,101,106,1%,12,9,9,24,21,23,15.3,19.4,10.6,28.2,15.4,14.8,4.8,15.0,4.84,16.3,20.0,5.3,15.65,5.07,22.666666666666668,10.0,17.830000000000002,13.200000000000001,13.808823529411764
44,2,Thaddeus Young,0.0,CHI,WAS,2.0,229.5,113.8,21,21.8,31.0,48.3,PF,6500,0,20.0,13.0,106,113,3%,15,12,9,33,34,24,30.9,21.7,13.0,30.4,30.4,41.0,6.3,31.0,4.77,28.7,32.5,4.4,29.85,4.585,30.333333333333332,12.0,25.169999999999998,33.699999999999996,31.982142857142858
44,3,Eric Paschall,0.0,GS,NO,10.5,238.0,113.8,23,13.8,20.6,28.8,SF/PF,4400,2,21.0,14.0,106,110,7%,8,10,11,29,27,28,20.9,23.6,12.9,34.4,30.9,20.3,4.6,31.3,7.1,31.5,33.0,7.2,31.4,7.15,28.0,9.666666666666666,24.640000000000004,21.066666666666666,37.00714285714286
44,4,Brandon Knight,0.0,DET,POR,5.5,221.5,108.0,21,2.3,5.1,13.5,PG,3000,2,0.0,0.0,104,111,8%,4,4,5,13,16,14,5.0,9.1,1.2,16.9,20.3,23.5,7.8,6.3,2.08,0.0,0.0,0.0,3.15,1.04,14.333333333333334,4.333333333333333,7.07,6.966666666666666,0.0
44,5,Alen Smailagic,0.0,GS,NO,10.5,238.0,113.8,4,1.0,8.4,16.8,PF/C,3000,2,0.0,0.0,106,110,7%,2,2,3,9,10,10,8.4,9.2,4.0,14.4,8.7,2.5,0.8,15.5,5.17,16.5,17.0,5.5,16.0,5.335,9.666666666666666,2.3333333333333335,10.4,8.733333333333334,28.13793103448276
44,6,Ian Mahinmi,0.0,WAS,CHI,-2.0,229.5,115.8,17,12.3,18.6,27.0,C,3700,1,16.0,15.0,102,107,8%,5,6,6,23,21,22,18.6,21.3,12.4,30.3,8.1,4.5,1.2,13.5,3.65,14.3,15.0,3.9,13.9,3.775,22.0,5.666666666666667,19.300000000000004,19.3,9.477272727272727
44,7,Rudy Gay,0.0,SA,OKC,5.0,222.0,108.5,3,8.8,12.8,20.5,SF/PF,3000,1,20.0,14.0,101,106,-4%,6,6,8,16,17,21,12.8,20.8,12.2,29.5,17.7,27.0,9.0,17.8,5.92,14.6,16.5,4.9,16.2,5.41,18.0,6.666666666666667,18.3,14.033333333333333,14.849999999999998
45,0,Anfernee Simons,0.0,POR,DET,-5.5,221.5,113.5,16,7.8,18.7,34.8,PG/SG,3900,1,19.0,10.0,101,110,-6%,12,9,8,28,22,23,19.7,15.8,7.9,23.7,18.4,8.0,2.1,22.5,5.77,21.9,28.0,5.6,22.2,5.685,24.333333333333332,9.666666666666666,17.860000000000003,20.433333333333334,25.545205479452054
45,1,Malik Beasley,0.0,MIN,DEN,13.5,221.0,103.8,1,23.0,34.6,48.0,SG,5800,1,20.0,12.0,100,106,-4%,22,18,8,37,32,20,34.6,16.2,5.0,27.3,34.1,33.0,5.7,32.8,5.65,33.4,34.5,5.8,33.099999999999994,5.725,29.666666666666668,16.0,23.24,35.199999999999996,38.49269662921348
45,2,Moritz Wagner,0.0,WAS,CHI,-2.0,229.5,115.8,14,11.3,19.0,33.3,PF/C,4100,1,21.0,18.0,102,107,8%,6,7,7,16,20,20,18.9,22.1,12.5,31.8,15.0,11.5,2.8,19.3,4.7,16.6,16.0,4.0,17.950000000000003,4.35,18.666666666666668,6.666666666666667,20.65,21.2,15.385714285714288
45,3,Abdel Nader,0.0,OKC,SA,-5.0,222.0,113.5,14,1.3,9.1,18.0,SF/PF,3000,1,16.0,11.0,102,111,3%,5,4,4,16,12,15,9.1,9.8,2.7,16.8,22.1,15.8,5.3,10.5,3.5,9.9,14.5,3.3,10.2,3.4,14.333333333333334,4.333333333333333,9.720000000000002,9.466666666666667,10.31860465116279
45,4,Terence Davis,0.0,TOR,IND,-5.5,217.5,111.5,25,3.5,20.4,37.0,PG/SG,4100,1,19.0,16.0,101,106,-7%,9,10,6,21,23,18,20.4,17.4,6.1,28.6,23.6,22.5,5.5,19.8,4.82,22.0,25.0,5.4,20.9,5.11,20.666666666666668,8.333333333333334,18.68,20.3,25.282258064516128
45,5,Danilo Gallinari,0.0,OKC,SA,-5.0,222.0,113.5,14,24.3,32.8,37.8,SF/PF,6300,1,24.0,20.0,102,111,3%,16,15,14,33,32,31,32.8,32.5,25.3,39.6,25.9,18.0,2.9,34.8,5.52,35.4,31.5,5.6,35.099999999999994,5.56,32.0,15.0,33.06,31.63333333333333,34.551562499999996
45,6,Naz Reid,0.0,MIN,DEN,13.5,221.0,103.8,8,13.8,24.3,38.8,PF/C,5500,1,0.0,0.0,100,106,-2%,11,9,7,27,18,12,24.3,15.1,3.9,26.3,21.9,22.3,4.1,29.3,5.32,35.3,30.0,6.4,32.3,5.86,19.0,9.0,20.380000000000003,25.633333333333336,51.0
45,7,Tomas Satoransky,0.0,CHI,WAS,2.0,229.5,113.8,17,7.5,24.0,33.5,PG,5300,0,18.0,14.0,106,113,7%,9,10,9,28,28,29,23.9,25.4,15.9,34.9,39.3,48.3,9.1,30.5,5.75,28.8,30.5,5.4,29.65,5.575,28.333333333333332,9.333333333333334,25.95,21.666666666666668,31.917352941176468
46,0,Fred VanVleet,0.0,TOR,IND,-5.5,217.5,111.5,25,28.5,35.8,41.0,PG/SG,7600,1,23.0,17.0,101,106,-2%,16,16,15,37,37,37,35.8,38.2,29.1,47.4,25.8,20.8,2.7,36.5,4.8,37.0,36.5,4.9,36.75,4.85,37.0,15.666666666666666,37.45,35.1,36.25337837837838
46,1,Matt Thomas,0.0,TOR,IND,-5.5,217.5,111.5,19,0.0,9.2,31.5,SG,3000,1,0.0,0.0,101,106,-2%,1,3,3,2,10,10,9.2,7.8,0.6,14.9,15.4,21.3,7.1,3.5,1.17,0.0,0.0,0.0,1.75,0.585,7.333333333333333,2.3333333333333335,6.85,13.566666666666668,0.0
46,2,Nicolo Melli,0.0,NO,GS,-10.5,238.0,124.3,24,0.0,0.0,0.0,PF,3800,1,16.0,12.0,103,111,1%,9,9,5,22,23,16,23.2,13.5,3.4,23.5,22.9,32.3,8.5,14.5,3.82,16.1,17.5,4.2,15.3,4.01,20.333333333333332,7.666666666666667,15.780000000000001,0.0,13.168032786885247
46,3,Juancho Hernangomez,0.0,MIN,DEN,13.5,221.0,103.8,18,23.3,27.6,37.0,SF/PF,5100,1,14.0,9.0,100,106,-3%,14,10,4,32,29,14,27.6,10.3,0.9,19.7,26.9,11.5,2.3,28.0,5.49,26.7,31.0,5.2,27.35,5.345000000000001,25.0,9.333333333333334,17.17,29.3,33.914
46,4,Bradley Beal,0.0,WAS,CHI,-2.0,229.5,115.8,21,34.8,42.4,47.0,SG,9600,1,34.0,22.0,102,107,-2%,26,25,23,34,35,36,42.8,47.5,36.5,58.6,39.4,70.3,7.3,45.8,4.77,45.3,34.5,4.7,45.55,4.734999999999999,35.0,24.666666666666668,46.19,41.4,44.89928571428571
46,5,Davis Bertans,0.0,WAS,CHI,-2.0,229.5,115.8,14,16.5,26.8,37.0,PF,5500,1,18.0,16.0,102,107,3%,8,10,11,28,29,29,26.8,27.5,18.6,36.4,37.0,30.0,5.5,26.8,4.86,26.4,27.5,4.8,26.6,4.83,28.666666666666668,9.666666666666666,27.179999999999996,26.766666666666666,25.51744186046512
46,6,James Johnson,0.0,MIN,DEN,13.5,221.0,103.8,8,14.5,25.4,31.8,PF/C,4900,1,17.0,12.0,100,106,-3%,9,7,5,27,23,17,24.9,15.8,4.5,27.0,27.2,28.8,5.9,24.0,4.9,24.1,24.5,4.9,24.05,4.9,22.333333333333332,7.0,19.25,23.900000000000002,26.383208955223882
46,7,Damion Lee,0.0,GS,NO,10.5,238.0,113.8,5,14.0,23.9,32.0,SG,5300,2,19.0,12.0,106,110,-1%,11,10,10,30,28,29,23.9,25.0,15.1,34.9,34.7,37.5,7.1,29.0,5.47,31.9,33.0,6.0,30.45,5.734999999999999,29.0,10.333333333333334,25.869999999999997,23.3,34.65
47,0,Monte Morris,0.0,DEN,MIN,-13.5,221.0,117.3,18,10.8,22.0,28.0,PG,4700,1,19.0,15.0,105,109,3%,8,9,7,23,27,21,22.0,17.9,9.3,26.6,31.1,33.5,7.1,16.5,3.51,16.9,19.0,3.6,16.7,3.5549999999999997,23.666666666666668,8.0,18.5,20.266666666666666,13.407042253521126
47,1,Svi Mykhailiuk,0.0,DET,POR,5.5,221.5,108.0,15,5.3,16.6,24.3,SG/SF,3400,2,16.0,11.0,104,111,7%,8,6,7,23,25,22,16.6,15.4,6.3,24.5,15.4,9.3,2.7,15.8,4.63,19.7,27.5,5.8,17.75,5.215,23.333333333333332,7.0,16.11,15.4,20.919642857142858
47,2,Jerami Grant,0.0,DEN,MIN,-13.5,221.0,117.3,16,8.3,20.8,30.5,PF,3800,1,17.0,14.0,105,109,7%,9,8,9,30,30,26,20.8,20.6,11.6,29.7,19.6,16.0,4.2,21.5,5.66,19.6,22.5,5.2,20.55,5.43,28.666666666666668,8.666666666666666,20.65,19.866666666666667,16.129360465116278
47,3,Sekou Doumbouya,0.0,DET,POR,5.5,221.5,108.0,7,9.0,12.3,19.3,SF/PF,3400,2,17.0,7.0,104,111,3%,7,7,6,24,21,20,12.3,13.3,3.0,23.7,24.2,13.3,3.9,20.0,5.88,19.6,27.0,5.8,19.8,5.84,21.666666666666668,6.666666666666667,14.419999999999998,13.533333333333333,24.673846153846153
47,4,Torrey Craig,0.0,DEN,MIN,-13.5,221.0,117.3,3,7.8,19.0,25.5,SG/SF,3500,1,12.0,10.0,105,109,3%,4,5,4,23,29,18,18.9,12.3,2.8,21.8,9.1,6.0,1.7,10.5,3.0,10.2,15.0,2.9,10.35,2.95,23.333333333333332,4.333333333333333,13.229999999999999,17.433333333333334,6.6535714285714285
47,5,Paul Millsap,0.0,DEN,MIN,-13.5,221.0,117.3,16,10.0,24.8,43.3,PF/C,4500,1,20.0,18.0,105,109,0%,5,7,9,24,22,25,24.8,24.8,15.3,34.3,26.0,41.3,9.2,24.5,5.44,26.8,25.0,6.0,25.65,5.720000000000001,23.666666666666668,7.0,24.97,26.03333333333333,27.095070422535205
47,6,Jakob Poeltl,0.0,SA,OKC,5.0,222.0,108.5,14,11.0,14.5,23.8,C,3100,1,14.0,20.0,101,106,0%,2,3,4,11,13,17,14.4,18.6,10.3,26.9,15.5,19.5,6.3,14.5,4.68,14.2,13.5,4.6,14.35,4.64,13.666666666666666,3.0,16.91,16.433333333333334,14.175
47,7,Wenyen Gabriel,0.0,POR,DET,-5.5,221.5,113.5,18,1.3,5.6,15.0,PF,3000,1,0.0,0.0,101,110,5%,1,2,2,8,9,7,5.6,4.4,-0.3,9.1,12.8,9.0,3.0,6.8,2.25,0.0,0.0,0.0,3.4,1.125,8.0,1.6666666666666667,4.4399999999999995,7.3,0.0
48,0,Malcolm Brogdon,0.0,IND,TOR,5.5,217.5,106.0,27,15.0,32.4,42.8,PG,7000,1,27.0,18.0,103,102,-1%,14,13,15,35,34,32,32.3,37.0,27.8,46.2,30.7,24.8,3.5,35.0,5.0,35.9,33.5,5.1,35.45,5.05,33.666666666666664,14.0,35.75,30.066666666666663,35.27450495049506
48,1,Adam Mokoka,0.0,CHI,WAS,2.0,229.5,113.8,17,0.0,5.6,16.5,PG/SG,3000,0,0.0,0.0,106,113,4%,4,2,2,11,7,6,5.5,4.3,-1.5,10.1,18.4,5.0,1.7,6.8,2.25,10.2,12.5,3.4,8.5,2.825,8.0,2.6666666666666665,5.38,7.366666666666667,13.28125
48,2,Sekou Doumbouya,0.0,DET,POR,5.5,221.5,108.0,7,9.0,12.3,19.3,SF/PF,3400,2,17.0,7.0,104,111,3%,7,7,6,24,21,20,12.3,13.3,3.0,23.7,24.2,13.3,3.9,20.0,5.88,19.6,27.0,5.8,19.8,5.84,21.666666666666668,6.666666666666667,14.419999999999998,13.533333333333333,24.673846153846153
48,3,Brandon Ingram,0.0,NO,GS,-10.5,238.0,124.3,19,29.5,39.0,49.5,SF/PF,6900,1,28.0,21.0,103,111,4%,14,15,18,32,31,35,40.5,43.1,33.1,53.2,33.7,33.0,4.8,40.3,5.83,40.5,33.0,5.9,40.4,5.865,32.666666666666664,15.666666666666666,42.06,39.333333333333336,40.81224489795918
48,4,Coby White,0.0,CHI,WAS,2.0,229.5,113.8,17,17.5,30.4,42.8,PG/SG,5200,0,23.0,10.0,106,113,7%,17,14,11,32,31,25,30.4,21.5,12.2,30.9,33.8,49.5,9.5,30.3,5.82,29.9,32.5,5.8,30.1,5.8100000000000005,29.333333333333332,14.0,25.02,30.23333333333333,33.34943181818182
48,5,Rudy Gay,0.0,SA,OKC,5.0,222.0,108.5,3,8.8,12.8,20.5,SF/PF,3000,1,20.0,14.0,101,106,-4%,6,6,8,16,17,21,12.8,20.8,12.2,29.5,17.7,27.0,9.0,17.8,5.92,14.6,16.5,4.9,16.2,5.41,18.0,6.666666666666667,18.3,14.033333333333333,14.849999999999998
48,6,Nikola Jokic,0.0,DEN,MIN,-13.5,221.0,117.3,26,48.3,56.2,77.8,C,10200,1,29.0,26.0,105,109,1%,17,17,16,36,37,33,56.5,48.6,35.5,61.8,30.9,48.3,4.7,55.0,5.39,54.5,33.5,5.3,54.75,5.345,35.333333333333336,16.666666666666668,51.42999999999999,60.76666666666667,51.90919811320754
48,7,Jordan Poole,0.0,GS,NO,10.5,238.0,113.8,24,22.3,26.5,29.5,PG/SG,4600,2,21.0,6.0,106,110,5%,14,13,9,32,29,22,26.4,15.3,6.9,23.7,32.6,30.0,6.5,26.5,5.76,26.5,32.0,5.8,26.5,5.779999999999999,27.666666666666668,12.0,19.76,26.099999999999998,30.65060240963855
49,0,Ky Bowman,0.0,GS,NO,10.5,238.0,113.8,24,-0.5,11.9,26.0,PG,3700,2,18.0,9.0,106,110,5%,5,4,7,16,19,22,11.9,16.5,5.8,27.1,32.3,40.5,10.9,23.8,6.42,22.6,26.0,6.1,23.200000000000003,6.26,19.0,5.333333333333333,16.9,12.466666666666667,31.747368421052638
49,1,Shai Gilgeous-Alexander,0.0,OKC,SA,-5.0,222.0,113.5,15,29.0,33.7,38.5,PG/SG,7100,1,23.0,17.0,102,111,0%,14,13,15,38,36,36,33.6,36.0,26.1,45.9,31.8,44.8,6.3,36.0,5.07,36.3,35.5,5.1,36.15,5.085,36.666666666666664,14.0,35.55,33.733333333333334,34.99977272727273
49,2,Kelan Martin,0.0,MIN,DEN,13.5,221.0,103.8,8,2.0,13.8,20.8,PF,3000,1,16.0,7.0,100,106,-3%,3,5,6,9,15,17,13.8,12.1,3.8,20.4,29.7,29.0,9.7,13.3,4.42,16.6,19.5,5.5,14.950000000000001,4.96,13.666666666666666,4.666666666666667,13.01,12.200000000000001,21.33109756097561
49,3,Svi Mykhailiuk,0.0,DET,POR,5.5,221.5,108.0,15,5.3,16.6,24.3,SG/SF,3400,2,16.0,11.0,104,111,7%,8,6,7,23,25,22,16.6,15.4,6.3,24.5,15.4,9.3,2.7,15.8,4.63,19.7,27.5,5.8,17.75,5.215,23.333333333333332,7.0,16.11,15.4,20.919642857142858
49,4,Matt Thomas,0.0,TOR,IND,-5.5,217.5,111.5,19,0.0,9.2,31.5,SG,3000,1,0.0,0.0,101,106,-2%,1,3,3,2,10,10,9.2,7.8,0.6,14.9,15.4,21.3,7.1,3.5,1.17,0.0,0.0,0.0,1.75,0.585,7.333333333333333,2.3333333333333335,6.85,13.566666666666668,0.0
49,5,Jarrett Culver,0.0,MIN,DEN,13.5,221.0,103.8,26,5.5,13.4,23.3,PG/SF,3200,1,19.0,9.0,100,106,-5%,4,7,9,19,22,24,13.3,19.0,9.0,29.0,25.8,27.3,8.5,19.8,6.17,18.9,25.0,5.9,19.35,6.035,21.666666666666668,6.666666666666667,17.93,14.066666666666668,22.326923076923077
49,6,Ian Mahinmi,0.0,WAS,CHI,-2.0,229.5,115.8,17,12.3,18.6,27.0,C,3700,1,16.0,15.0,102,107,8%,5,6,6,23,21,22,18.6,21.3,12.4,30.3,8.1,4.5,1.2,13.5,3.65,14.3,15.0,3.9,13.9,3.775,22.0,5.666666666666667,19.300000000000004,19.3,9.477272727272727
49,7,Davis Bertans,0.0,WAS,CHI,-2.0,229.5,115.8,14,16.5,26.8,37.0,PF,5500,1,18.0,16.0,102,107,3%,8,10,11,28,29,29,26.8,27.5,18.6,36.4,37.0,30.0,5.5,26.8,4.86,26.4,27.5,4.8,26.6,4.83,28.666666666666668,9.666666666666666,27.179999999999996,26.766666666666666,25.51744186046512
