Lineup Num,,Player Name,injury_status,team,opp,spread,over_under,implied_team_score,L5_dvp_rank,L5_ppg_floor,L5_ppg_avg,L5_ppg_max,Pos,Salary,Rest,USG,PER,Opp Pace,Opp DEff,Opp DvP,L2 FGA,L5 FGA,S FGA,L2 Min,L5 Min,S Min,L5 FP,S FP,Floor FP,Ceil FP,Actual Min,Actual FP,Actual Val,FantasyFuelPPGProj,FantasyFuelValueProj,DFN_PPGProj,DFN_MinProj,DFN_ValueProj,Avg Proj,Avg Value Proj,Avg Skewed Min,Avg Skewed FGA,Avg Skewed FP,Avg L5 PPG,Proj Min Enhanced
0,0,Elie Okobo,0.0,PHO,MEM,-7.0,237.0,122.0,19,0.0,7.8,14.3,PG/SG,3000,1,20.0,16.0,106,110,6%,3,2,4,12,9,11,7.8,10.9,1.5,20.2,11.1,8.3,2.8,9.5,3.17,11.9,13.0,4.0,10.7,3.585,10.666666666666666,3.0,10.219999999999999,7.366666666666667,13.040625
0,1,Collin Sexton,0.0,CLE,MIN,4.0,214.5,105.3,2,26.3,30.3,40.3,PG/SG,5700,0,27.0,15.0,105,107,4%,20,18,16,36,34,31,30.3,27.4,20.6,34.3,35.5,28.8,5.1,32.3,5.66,32.2,33.5,5.6,32.25,5.63,33.666666666666664,18.0,28.97,32.300000000000004,32.09034653465347
0,2,Meyers Leonard,0.0,MIA,POR,-5.5,219.5,112.5,14,2.0,14.2,20.8,PF/C,3300,1,12.0,11.0,104,109,6%,8,6,4,24,24,19,14.2,14.6,5.8,23.4,23.5,28.3,8.6,16.5,5.0,17.9,21.5,5.4,17.2,5.2,22.333333333333332,6.0,15.039999999999997,12.333333333333334,16.55820895522388
0,3,Kelan Martin,0.0,MIN,CLE,-4.0,214.5,109.3,29,7.8,19.3,28.0,SF,4200,2,16.0,7.0,101,113,3%,10,9,6,26,24,17,19.3,12.2,3.1,21.3,19.7,15.5,3.7,20.0,4.76,0.0,0.0,0.0,10.0,2.38,22.333333333333332,8.333333333333334,13.180000000000001,18.366666666666667,0.0
0,4,Tyler Herro,0.0,MIA,POR,-5.5,219.5,112.5,8,11.8,20.0,26.8,SG,3700,1,22.0,11.0,104,109,5%,11,11,12,29,27,29,20.0,24.0,13.7,34.2,28.4,22.8,6.2,27.5,7.43,23.7,28.0,6.4,25.6,6.915,28.333333333333332,11.333333333333334,23.5,19.533333333333335,25.29882352941177
0,5,Derrick Jones Jr.,0.0,MIA,POR,-5.5,219.5,112.5,19,9.5,20.0,25.5,SF/PF,3300,1,14.0,12.0,104,109,8%,10,8,6,30,31,25,20.0,18.3,10.3,26.3,36.3,36.0,10.9,22.8,6.89,26.4,32.0,8.0,24.6,7.445,28.666666666666668,8.0,19.9,18.333333333333332,27.46046511627907
0,6,Jaren Jackson Jr.,0.0,MEM,PHO,7.0,237.0,115.0,18,29.0,35.5,41.5,PF/C,6600,0,24.0,17.0,105,109,-1%,12,14,14,33,31,29,35.5,31.6,21.7,41.6,30.9,38.5,5.8,32.8,4.96,34.4,31.5,5.2,33.599999999999994,5.08,31.0,13.333333333333334,32.8,35.333333333333336,34.14193548387097
0,7,Jae Crowder,0.0,MEM,PHO,7.0,237.0,115.0,3,13.0,28.4,62.0,SF/PF,4500,0,16.0,10.0,105,109,-1%,16,11,10,31,29,31,28.4,26.5,15.4,37.6,25.3,11.8,2.6,23.8,5.28,23.9,29.0,5.3,23.85,5.29,30.333333333333332,12.333333333333334,26.35,34.46666666666667,22.801648351648353
1,0,Derrick Rose,0.0,DET,LAL,14.5,220.0,102.8,16,25.0,30.5,40.8,PG/SG,5800,0,32.0,22.0,103,102,-2%,16,15,14,28,26,25,30.4,30.4,22.7,38.2,28.9,43.3,7.5,28.3,4.87,30.8,26.5,5.3,29.55,5.085,26.333333333333332,15.0,30.25,32.1,29.737025316455696
1,1,Dante Exum,0.0,CLE,MIN,4.0,214.5,105.3,2,7.3,12.3,16.8,PG/SG,3200,0,0.0,0.0,105,107,4%,4,4,3,15,15,10,12.1,7.0,1.9,12.1,24.2,37.3,11.7,13.8,4.3,13.7,16.0,4.3,13.75,4.3,13.333333333333334,3.6666666666666665,9.370000000000001,12.133333333333335,16.5
1,2,Cameron Johnson,0.0,PHO,MEM,-7.0,237.0,122.0,15,6.3,10.0,17.0,SF/PF,3000,1,16.0,12.0,106,110,6%,4,4,7,16,20,21,9.8,16.0,7.8,24.3,12.4,3.5,1.2,14.3,4.75,13.4,18.5,4.5,13.850000000000001,4.625,19.0,5.0,14.35,11.1,13.485526315789475
1,3,Mario Hezonja,0.0,POR,MIA,5.5,219.5,107.0,18,2.5,8.4,20.5,SF/PF,3000,1,14.0,8.0,101,104,-3%,5,3,4,15,14,17,8.4,11.9,3.7,20.2,19.6,20.8,6.9,14.8,4.92,12.9,18.0,4.3,13.850000000000001,4.609999999999999,15.333333333333334,4.0,11.610000000000001,10.466666666666667,16.258695652173913
1,4,Avery Bradley,0.0,LAL,DET,-14.5,220.0,117.3,3,4.0,13.5,31.3,PG/SG,3900,1,16.0,8.0,102,110,-3%,9,7,8,31,24,25,13.4,14.9,7.1,22.7,12.4,10.5,2.7,18.0,4.62,14.9,24.0,3.8,16.45,4.21,26.666666666666668,8.0,14.91,16.266666666666666,14.805
1,5,Jaren Jackson Jr.,0.0,MEM,PHO,7.0,237.0,115.0,18,29.0,35.5,41.5,PF/C,6600,0,24.0,17.0,105,109,-1%,12,14,14,33,31,29,35.5,31.6,21.7,41.6,30.9,38.5,5.8,32.8,4.96,34.4,31.5,5.2,33.599999999999994,5.08,31.0,13.333333333333334,32.8,35.333333333333336,34.14193548387097
1,6,Meyers Leonard,0.0,MIA,POR,-5.5,219.5,112.5,14,2.0,14.2,20.8,PF/C,3300,1,12.0,11.0,104,109,6%,8,6,4,24,24,19,14.2,14.6,5.8,23.4,23.5,28.3,8.6,16.5,5.0,17.9,21.5,5.4,17.2,5.2,22.333333333333332,6.0,15.039999999999997,12.333333333333334,16.55820895522388
1,7,Tim Frazier,0.0,DET,LAL,14.5,220.0,102.8,16,8.5,17.1,30.5,PG,3300,0,20.0,12.0,103,102,-2%,3,5,4,15,19,13,17.1,12.1,3.9,20.3,5.3,0.5,0.2,13.5,4.09,13.1,15.5,4.0,13.3,4.045,15.666666666666666,4.0,13.34,18.7,13.158510638297873
2,0,Derrick Rose,0.0,DET,LAL,14.5,220.0,102.8,16,25.0,30.5,40.8,PG/SG,5800,0,32.0,22.0,103,102,-2%,16,15,14,28,26,25,30.4,30.4,22.7,38.2,28.9,43.3,7.5,28.3,4.87,30.8,26.5,5.3,29.55,5.085,26.333333333333332,15.0,30.25,32.1,29.737025316455696
2,1,Tyler Herro,0.0,MIA,POR,-5.5,219.5,112.5,8,11.8,20.0,26.8,SG,3700,1,22.0,11.0,104,109,5%,11,11,12,29,27,29,20.0,24.0,13.7,34.2,28.4,22.8,6.2,27.5,7.43,23.7,28.0,6.4,25.6,6.915,28.333333333333332,11.333333333333334,23.5,19.533333333333335,25.29882352941177
2,2,Brandon Clarke,0.0,MEM,PHO,7.0,237.0,115.0,18,17.0,24.8,36.3,PF/C,4800,0,20.0,23.0,105,109,-1%,7,8,9,19,21,22,24.5,24.8,18.0,31.5,21.5,20.8,4.3,25.3,5.26,23.0,21.0,4.8,24.15,5.029999999999999,20.666666666666668,8.0,24.589999999999996,26.03333333333333,24.539516129032258
2,3,LeBron James,0.0,LAL,DET,-14.5,220.0,117.3,3,45.5,58.1,72.3,PG/SF,11000,1,34.0,26.0,102,110,4%,19,17,20,38,37,36,58.4,56.2,44.9,67.4,35.0,58.0,5.3,57.8,5.25,57.4,34.5,5.2,57.599999999999994,5.225,37.0,18.666666666666668,56.9,58.633333333333326,53.70810810810811
2,4,Ricky Rubio,0.0,PHO,MEM,-7.0,237.0,122.0,19,20.5,34.1,46.8,PG,6800,1,23.0,17.0,106,110,6%,7,10,12,29,31,32,34.0,37.5,27.6,47.5,36.9,28.3,4.2,37.3,5.48,38.1,33.0,5.6,37.7,5.54,30.666666666666668,9.666666666666666,36.86,33.800000000000004,40.56847826086957
2,5,Jaylen Hoard,0.0,POR,MIA,5.5,219.5,107.0,18,0.0,3.9,6.5,SF/PF,3000,1,0.0,0.0,101,104,1%,2,1,1,4,4,3,3.9,3.5,1.0,5.9,1.6,0.8,0.3,4.3,1.42,0.0,0.0,0.0,2.15,0.71,3.6666666666666665,1.3333333333333333,3.29,3.466666666666667,0.0
2,6,Dwight Howard,0.0,LAL,DET,-14.5,220.0,117.3,8,6.8,18.2,29.0,C,3800,1,13.0,17.0,102,110,-4%,4,5,4,16,17,20,18.1,19.6,11.6,27.6,21.4,31.3,8.2,18.3,4.8,18.0,17.5,4.7,18.15,4.75,17.666666666666668,4.333333333333333,19.01,18.0,17.978773584905657
2,7,Kent Bazemore,0.0,POR,MIA,5.5,219.5,107.0,23,13.8,17.0,22.0,SG/SF,3700,1,16.0,8.0,101,104,-3%,9,7,8,32,28,25,16.9,18.7,11.4,26.1,35.4,18.8,5.1,25.8,6.96,22.5,33.0,6.1,24.15,6.529999999999999,28.333333333333332,8.0,19.45,17.599999999999998,28.127647058823527
3,0,De'Anthony Melton,0.0,MEM,PHO,7.0,237.0,115.0,20,15.0,24.7,29.5,PG/SG,4100,0,21.0,18.0,105,109,3%,8,7,6,19,19,17,24.7,19.7,9.4,29.9,15.5,14.5,3.5,20.8,5.06,20.7,20.0,5.0,20.75,5.029999999999999,18.333333333333332,7.0,20.89,23.066666666666666,22.636363636363637
3,1,Kendrick Nunn,0.0,MIA,POR,-5.5,219.5,112.5,23,13.8,23.0,29.5,PG/SG,4500,1,24.0,13.0,104,109,5%,11,11,14,31,29,31,23.0,26.9,17.6,36.1,27.5,26.0,5.8,28.0,6.22,29.0,33.0,6.4,28.5,6.3100000000000005,30.333333333333332,12.0,26.419999999999998,22.099999999999998,31.005494505494504
3,2,Mario Hezonja,0.0,POR,MIA,5.5,219.5,107.0,18,2.5,8.4,20.5,SF/PF,3000,1,14.0,8.0,101,104,-3%,5,3,4,15,14,17,8.4,11.9,3.7,20.2,19.6,20.8,6.9,14.8,4.92,12.9,18.0,4.3,13.850000000000001,4.609999999999999,15.333333333333334,4.0,11.610000000000001,10.466666666666667,16.258695652173913
3,3,Duncan Robinson,0.0,MIA,POR,-5.5,219.5,112.5,8,13.0,20.7,27.8,SG/SF,3800,1,15.0,14.0,104,109,5%,8,9,9,25,26,28,20.7,20.8,11.2,30.4,35.5,17.3,4.6,18.5,4.87,21.3,29.5,5.6,19.9,5.234999999999999,26.333333333333332,8.666666666666666,20.6,20.5,22.293037974683546
3,4,Dante Exum,0.0,CLE,MIN,4.0,214.5,105.3,2,7.3,12.3,16.8,PG/SG,3200,0,0.0,0.0,105,107,4%,4,4,3,15,15,10,12.1,7.0,1.9,12.1,24.2,37.3,11.7,13.8,4.3,13.7,16.0,4.3,13.75,4.3,13.333333333333334,3.6666666666666665,9.370000000000001,12.133333333333335,16.5
3,5,Dillon Brooks,0.0,MEM,PHO,7.0,237.0,115.0,17,12.0,20.8,32.8,SG/SF,4900,0,23.0,11.0,105,109,6%,18,13,13,28,27,28,20.8,24.7,15.6,33.8,29.5,28.5,5.8,23.3,4.74,23.8,27.0,4.9,23.55,4.82,27.666666666666668,14.666666666666666,23.689999999999998,21.866666666666664,22.98253012048193
3,6,Thon Maker,0.0,DET,LAL,14.5,220.0,102.8,3,2.0,8.2,19.8,PF/C,3400,0,14.0,12.0,103,102,-11%,4,3,2,11,10,11,8.2,8.4,2.0,14.7,7.5,3.0,0.9,10.0,2.94,0.0,0.0,0.0,5.0,1.47,10.666666666666666,3.0,7.659999999999999,10.0,0.0
3,7,Collin Sexton,0.0,CLE,MIN,4.0,214.5,105.3,2,26.3,30.3,40.3,PG/SG,5700,0,27.0,15.0,105,107,4%,20,18,16,36,34,31,30.3,27.4,20.6,34.3,35.5,28.8,5.1,32.3,5.66,32.2,33.5,5.6,32.25,5.63,33.666666666666664,18.0,28.97,32.300000000000004,32.09034653465347
4,0,LeBron James,0.0,LAL,DET,-14.5,220.0,117.3,3,45.5,58.1,72.3,PG/SF,11000,1,34.0,26.0,102,110,4%,19,17,20,38,37,36,58.4,56.2,44.9,67.4,35.0,58.0,5.3,57.8,5.25,57.4,34.5,5.2,57.599999999999994,5.225,37.0,18.666666666666668,56.9,58.633333333333326,53.70810810810811
4,1,Dante Exum,0.0,CLE,MIN,4.0,214.5,105.3,2,7.3,12.3,16.8,PG/SG,3200,0,0.0,0.0,105,107,4%,4,4,3,15,15,10,12.1,7.0,1.9,12.1,24.2,37.3,11.7,13.8,4.3,13.7,16.0,4.3,13.75,4.3,13.333333333333334,3.6666666666666665,9.370000000000001,12.133333333333335,16.5
4,2,Cedi Osman,0.0,CLE,MIN,4.0,214.5,105.3,20,16.8,24.9,29.0,SF/PF,4300,0,16.0,11.0,105,107,6%,11,10,9,31,29,29,24.9,20.7,12.4,28.9,29.7,11.5,2.7,24.5,5.7,25.5,32.5,5.9,25.0,5.800000000000001,29.666666666666668,10.0,22.380000000000003,23.566666666666666,27.3876404494382
4,3,Alfonzo McKinnie,0.0,CLE,MIN,4.0,214.5,105.3,20,1.3,5.6,17.8,SF/PF,3000,0,0.0,0.0,105,107,6%,5,3,3,20,11,11,5.5,6.6,0.0,13.2,21.1,6.5,2.2,20.3,6.75,20.6,26.5,6.9,20.450000000000003,6.825,14.0,3.6666666666666665,9.15,8.233333333333333,38.70892857142857
4,4,Collin Sexton,0.0,CLE,MIN,4.0,214.5,105.3,2,26.3,30.3,40.3,PG/SG,5700,0,27.0,15.0,105,107,4%,20,18,16,36,34,31,30.3,27.4,20.6,34.3,35.5,28.8,5.1,32.3,5.66,32.2,33.5,5.6,32.25,5.63,33.666666666666664,18.0,28.97,32.300000000000004,32.09034653465347
4,5,Mikal Bridges,0.0,PHO,MEM,-7.0,237.0,122.0,5,12.5,17.3,24.8,SG/SF,3700,1,13.0,13.0,106,110,6%,4,5,5,22,24,22,17.3,16.9,8.5,25.3,31.5,30.8,8.3,20.0,5.41,18.0,23.0,4.9,19.0,5.155,22.666666666666668,4.666666666666667,17.4,18.2,19.27941176470588
4,6,Jaren Jackson Jr.,0.0,MEM,PHO,7.0,237.0,115.0,18,29.0,35.5,41.5,PF/C,6600,0,24.0,17.0,105,109,-1%,12,14,14,33,31,29,35.5,31.6,21.7,41.6,30.9,38.5,5.8,32.8,4.96,34.4,31.5,5.2,33.599999999999994,5.08,31.0,13.333333333333334,32.8,35.333333333333336,34.14193548387097
4,7,Devin Booker,0.0,PHO,MEM,-7.0,237.0,122.0,19,44.3,49.0,54.8,PG/SG,8200,1,29.0,20.0,106,110,6%,25,23,18,38,38,36,49.0,41.5,29.7,53.2,37.2,51.0,6.2,43.8,5.34,43.3,36.5,5.3,43.55,5.32,37.333333333333336,22.0,43.39,49.36666666666667,42.577901785714275
5,0,Darius Garland,0.0,CLE,MIN,4.0,214.5,105.3,2,7.0,25.1,35.3,PG,4600,0,21.0,8.0,105,107,4%,13,11,11,35,32,29,25.1,20.0,12.1,28.0,35.3,17.0,3.7,27.0,5.87,25.3,33.5,5.5,26.15,5.6850000000000005,32.0,11.666666666666666,22.27,22.46666666666667,27.37578125
5,1,Anfernee Simons,0.0,POR,MIA,5.5,219.5,107.0,10,5.5,17.3,29.0,PG/SG,3500,1,19.0,10.0,101,104,-3%,6,9,9,21,25,22,17.3,15.7,7.9,23.4,34.4,29.5,8.4,20.3,5.79,19.8,28.0,5.7,20.05,5.745,22.666666666666668,8.0,16.869999999999997,17.266666666666666,24.767647058823528
5,2,Derrick Jones Jr.,0.0,MIA,POR,-5.5,219.5,112.5,19,9.5,20.0,25.5,SF/PF,3300,1,14.0,12.0,104,109,8%,10,8,6,30,31,25,20.0,18.3,10.3,26.3,36.3,36.0,10.9,22.8,6.89,26.4,32.0,8.0,24.6,7.445,28.666666666666668,8.0,19.9,18.333333333333332,27.46046511627907
5,3,Josh Okogie,0.0,MIN,CLE,-4.0,214.5,109.3,7,7.0,15.2,22.5,SG/SF,4000,2,16.0,10.0,101,113,11%,7,6,6,24,21,24,15.2,18.0,10.6,25.4,17.3,12.3,3.1,12.5,3.13,13.4,18.0,3.4,12.95,3.2649999999999997,23.0,6.333333333333333,16.43,14.9,10.134782608695652
5,4,Kevin Porter Jr.,0.0,CLE,MIN,4.0,214.5,105.3,27,15.8,22.7,29.8,SG/SF,4400,0,20.0,10.0,105,107,4%,13,11,8,26,26,22,22.7,17.2,9.7,24.8,19.4,13.3,3.0,26.5,6.02,26.0,29.0,5.9,26.25,5.96,24.666666666666668,10.666666666666666,20.130000000000003,22.766666666666666,30.86148648648648
5,5,Carmelo Anthony,0.0,POR,MIA,5.5,219.5,107.0,18,18.8,25.9,35.8,SF/PF,6100,1,23.0,14.0,101,104,1%,13,14,15,31,34,33,25.9,29.8,20.3,39.2,37.3,17.5,2.9,28.8,4.71,30.6,34.5,5.0,29.700000000000003,4.855,32.666666666666664,14.0,28.98,26.833333333333332,31.366836734693884
5,6,Brandon Clarke,0.0,MEM,PHO,7.0,237.0,115.0,18,17.0,24.8,36.3,PF/C,4800,0,20.0,23.0,105,109,-1%,7,8,9,19,21,22,24.5,24.8,18.0,31.5,21.5,20.8,4.3,25.3,5.26,23.0,21.0,4.8,24.15,5.029999999999999,20.666666666666668,8.0,24.589999999999996,26.03333333333333,24.539516129032258
5,7,Tyus Jones,0.0,MEM,PHO,7.0,237.0,115.0,20,10.3,19.8,25.0,PG/SG,3300,0,18.0,14.0,105,109,3%,6,6,6,17,19,20,19.8,17.5,9.7,25.4,20.4,16.5,5.0,16.3,4.92,14.4,16.5,4.4,15.350000000000001,4.66,18.666666666666668,6.0,17.55,18.366666666666667,13.568303571428572
6,0,Ja Morant,0.0,MEM,PHO,7.0,237.0,115.0,20,19.3,29.3,42.0,PG,6200,0,28.0,18.0,105,109,3%,12,10,14,31,30,30,29.3,33.6,23.7,43.5,27.8,24.8,4.0,33.5,5.4,34.5,30.0,5.6,34.0,5.5,30.333333333333332,12.0,32.82,30.2,33.62637362637363
6,1,De'Anthony Melton,0.0,MEM,PHO,7.0,237.0,115.0,20,15.0,24.7,29.5,PG/SG,4100,0,21.0,18.0,105,109,3%,8,7,6,19,19,17,24.7,19.7,9.4,29.9,15.5,14.5,3.5,20.8,5.06,20.7,20.0,5.0,20.75,5.029999999999999,18.333333333333332,7.0,20.89,23.066666666666666,22.636363636363637
6,2,Aron Baynes,0.0,PHO,MEM,-7.0,237.0,122.0,21,15.3,26.6,42.0,PF/C,4900,1,20.0,17.0,106,110,5%,11,10,10,25,27,25,26.8,26.4,15.6,37.1,26.1,21.8,4.4,25.8,5.26,27.8,27.5,5.7,26.8,5.48,25.666666666666668,10.333333333333334,26.540000000000003,27.96666666666667,28.71428571428571
6,3,Jae Crowder,0.0,MEM,PHO,7.0,237.0,115.0,3,13.0,28.4,62.0,SF/PF,4500,0,16.0,10.0,105,109,-1%,16,11,10,31,29,31,28.4,26.5,15.4,37.6,25.3,11.8,2.6,23.8,5.28,23.9,29.0,5.3,23.85,5.29,30.333333333333332,12.333333333333334,26.35,34.46666666666667,22.801648351648353
6,4,Shabazz Napier,0.0,MIN,CLE,-4.0,214.5,109.3,15,16.5,31.7,43.3,PG/SG,6300,2,23.0,14.0,101,113,6%,11,13,8,32,29,21,31.6,21.0,9.4,32.5,30.1,36.5,5.8,20.0,3.17,23.3,23.5,3.7,21.65,3.435,27.333333333333332,10.666666666666666,23.23,30.5,18.61371951219512
6,5,Nassir Little,0.0,POR,MIA,5.5,219.5,107.0,18,0.0,2.1,3.5,SF/PF,3000,1,13.0,8.0,101,104,1%,1,1,3,6,9,13,1.6,9.1,0.4,17.7,4.0,3.8,1.3,3.0,1.0,0.0,0.0,0.0,1.5,0.5,9.333333333333334,1.6666666666666667,6.06,1.8666666666666665,0.0
6,6,John Henson,0.0,CLE,MIN,4.0,214.5,105.3,17,0.0,11.9,23.8,C,3400,0,0.0,0.0,105,107,-1%,5,3,3,14,13,13,15.1,14.6,7.7,21.5,23.4,26.8,7.9,27.3,8.01,27.8,25.5,8.2,27.55,8.105,13.333333333333334,3.6666666666666665,17.29,11.9,52.689375000000005
6,7,Derrick Jones Jr.,0.0,MIA,POR,-5.5,219.5,112.5,19,9.5,20.0,25.5,SF/PF,3300,1,14.0,12.0,104,109,8%,10,8,6,30,31,25,20.0,18.3,10.3,26.3,36.3,36.0,10.9,22.8,6.89,26.4,32.0,8.0,24.6,7.445,28.666666666666668,8.0,19.9,18.333333333333332,27.46046511627907
7,0,Devin Booker,0.0,PHO,MEM,-7.0,237.0,122.0,19,44.3,49.0,54.8,PG/SG,8200,1,29.0,20.0,106,110,6%,25,23,18,38,38,36,49.0,41.5,29.7,53.2,37.2,51.0,6.2,43.8,5.34,43.3,36.5,5.3,43.55,5.32,37.333333333333336,22.0,43.39,49.36666666666667,42.577901785714275
7,1,Collin Sexton,0.0,CLE,MIN,4.0,214.5,105.3,2,26.3,30.3,40.3,PG/SG,5700,0,27.0,15.0,105,107,4%,20,18,16,36,34,31,30.3,27.4,20.6,34.3,35.5,28.8,5.1,32.3,5.66,32.2,33.5,5.6,32.25,5.63,33.666666666666664,18.0,28.97,32.300000000000004,32.09034653465347
7,2,Solomon Hill,0.0,MEM,PHO,7.0,237.0,115.0,3,4.3,9.8,15.3,SF/PF,3100,0,14.0,10.0,105,109,6%,3,3,5,16,17,20,9.8,14.6,7.8,21.5,16.4,17.8,5.7,10.3,3.31,10.0,14.5,3.2,10.15,3.255,17.666666666666668,3.6666666666666665,12.77,9.8,8.33066037735849
7,3,Tony Snell,0.0,DET,LAL,14.5,220.0,102.8,4,8.3,11.5,17.8,SG/SF,3500,0,12.0,10.0,103,102,-1%,7,6,7,23,23,27,11.5,14.6,8.2,21.0,13.1,2.8,0.8,16.3,4.64,13.1,23.5,3.7,14.7,4.17,24.333333333333332,6.666666666666667,14.0,12.533333333333333,14.196575342465755
7,4,Tyus Jones,0.0,MEM,PHO,7.0,237.0,115.0,20,10.3,19.8,25.0,PG/SG,3300,0,18.0,14.0,105,109,3%,6,6,6,17,19,20,19.8,17.5,9.7,25.4,20.4,16.5,5.0,16.3,4.92,14.4,16.5,4.4,15.350000000000001,4.66,18.666666666666668,6.0,17.55,18.366666666666667,13.568303571428572
7,5,Naz Reid,0.0,MIN,CLE,-4.0,214.5,109.3,4,1.3,14.3,25.0,PF/C,4000,2,0.0,0.0,101,113,0%,11,8,8,19,13,13,14.3,14.3,3.0,25.5,10.8,20.0,5.0,18.8,4.69,0.0,0.0,0.0,9.4,2.345,15.0,9.0,13.3,13.533333333333333,0.0
7,6,Andre Drummond,0.0,DET,LAL,14.5,220.0,102.8,10,28.5,44.2,59.5,C,9400,0,24.0,22.0,103,102,-11%,12,12,14,28,31,33,44.1,48.5,36.2,60.9,40.5,45.0,4.8,45.8,4.87,45.3,32.5,4.8,45.55,4.835,30.666666666666668,12.666666666666666,47.05,44.06666666666666,48.27309782608695
7,7,Christian Wood,0.0,DET,LAL,14.5,220.0,102.8,3,13.0,22.9,36.8,PF/C,5500,0,20.0,23.0,103,102,-6%,7,7,6,21,23,16,23.1,18.9,7.3,30.6,29.7,21.0,3.8,26.0,4.73,27.2,26.0,4.9,26.6,4.815,20.0,6.666666666666667,21.3,24.23333333333333,34.58
8,0,Shabazz Napier,0.0,MIN,CLE,-4.0,214.5,109.3,15,16.5,31.7,43.3,PG/SG,6300,2,23.0,14.0,101,113,6%,11,13,8,32,29,21,31.6,21.0,9.4,32.5,30.1,36.5,5.8,20.0,3.17,23.3,23.5,3.7,21.65,3.435,27.333333333333332,10.666666666666666,23.23,30.5,18.61371951219512
8,1,Dillon Brooks,0.0,MEM,PHO,7.0,237.0,115.0,17,12.0,20.8,32.8,SG/SF,4900,0,23.0,11.0,105,109,6%,18,13,13,28,27,28,20.8,24.7,15.6,33.8,29.5,28.5,5.8,23.3,4.74,23.8,27.0,4.9,23.55,4.82,27.666666666666668,14.666666666666666,23.689999999999998,21.866666666666664,22.98253012048193
8,2,Cameron Johnson,0.0,PHO,MEM,-7.0,237.0,122.0,15,6.3,10.0,17.0,SF/PF,3000,1,16.0,12.0,106,110,6%,4,4,7,16,20,21,9.8,16.0,7.8,24.3,12.4,3.5,1.2,14.3,4.75,13.4,18.5,4.5,13.850000000000001,4.625,19.0,5.0,14.35,11.1,13.485526315789475
8,3,LeBron James,0.0,LAL,DET,-14.5,220.0,117.3,3,45.5,58.1,72.3,PG/SF,11000,1,34.0,26.0,102,110,4%,19,17,20,38,37,36,58.4,56.2,44.9,67.4,35.0,58.0,5.3,57.8,5.25,57.4,34.5,5.2,57.599999999999994,5.225,37.0,18.666666666666668,56.9,58.633333333333326,53.70810810810811
8,4,Rajon Rondo,0.0,LAL,DET,-14.5,220.0,117.3,3,1.0,14.8,24.3,PG,3900,1,21.0,14.0,102,110,6%,4,6,7,15,17,21,14.8,21.1,11.1,31.1,20.1,9.3,2.4,18.3,4.68,18.6,18.0,4.8,18.450000000000003,4.74,17.666666666666668,5.666666666666667,19.31,13.366666666666667,18.79811320754717
8,5,Cedi Osman,0.0,CLE,MIN,4.0,214.5,105.3,20,16.8,24.9,29.0,SF/PF,4300,0,16.0,11.0,105,107,6%,11,10,9,31,29,29,24.9,20.7,12.4,28.9,29.7,11.5,2.7,24.5,5.7,25.5,32.5,5.9,25.0,5.800000000000001,29.666666666666668,10.0,22.380000000000003,23.566666666666666,27.3876404494382
8,6,Christian Wood,0.0,DET,LAL,14.5,220.0,102.8,3,13.0,22.9,36.8,PF/C,5500,0,20.0,23.0,103,102,-6%,7,7,6,21,23,16,23.1,18.9,7.3,30.6,29.7,21.0,3.8,26.0,4.73,27.2,26.0,4.9,26.6,4.815,20.0,6.666666666666667,21.3,24.23333333333333,34.58
8,7,Jaylen Hoard,0.0,POR,MIA,5.5,219.5,107.0,18,0.0,3.9,6.5,SF/PF,3000,1,0.0,0.0,101,104,1%,2,1,1,4,4,3,3.9,3.5,1.0,5.9,1.6,0.8,0.3,4.3,1.42,0.0,0.0,0.0,2.15,0.71,3.6666666666666665,1.3333333333333333,3.29,3.466666666666667,0.0
9,0,Rajon Rondo,0.0,LAL,DET,-14.5,220.0,117.3,3,1.0,14.8,24.3,PG,3900,1,21.0,14.0,102,110,6%,4,6,7,15,17,21,14.8,21.1,11.1,31.1,20.1,9.3,2.4,18.3,4.68,18.6,18.0,4.8,18.450000000000003,4.74,17.666666666666668,5.666666666666667,19.31,13.366666666666667,18.79811320754717
9,1,Dante Exum,0.0,CLE,MIN,4.0,214.5,105.3,2,7.3,12.3,16.8,PG/SG,3200,0,0.0,0.0,105,107,4%,4,4,3,15,15,10,12.1,7.0,1.9,12.1,24.2,37.3,11.7,13.8,4.3,13.7,16.0,4.3,13.75,4.3,13.333333333333334,3.6666666666666665,9.370000000000001,12.133333333333335,16.5
9,2,Kyle Anderson,0.0,MEM,PHO,7.0,237.0,115.0,3,2.5,13.1,22.0,SF/PF,3100,0,15.0,13.0,105,109,6%,2,4,5,8,13,18,13.1,15.7,7.8,23.5,13.5,12.8,4.1,12.0,3.87,9.0,10.5,2.9,10.5,3.385,13.0,3.6666666666666665,14.12,12.533333333333333,8.480769230769232
9,3,Josh Okogie,0.0,MIN,CLE,-4.0,214.5,109.3,7,7.0,15.2,22.5,SG/SF,4000,2,16.0,10.0,101,113,11%,7,6,6,24,21,24,15.2,18.0,10.6,25.4,17.3,12.3,3.1,12.5,3.13,13.4,18.0,3.4,12.95,3.2649999999999997,23.0,6.333333333333333,16.43,14.9,10.134782608695652
9,4,Langston Galloway,0.0,DET,LAL,14.5,220.0,102.8,16,9.8,14.7,21.8,PG/SG,3300,0,16.0,13.0,103,102,-1%,8,7,8,21,21,26,14.5,18.1,11.3,24.9,22.7,30.8,9.3,15.5,4.7,13.9,20.5,4.2,14.7,4.45,22.666666666666668,7.666666666666667,16.7,15.433333333333332,13.294852941176469
9,5,Thon Maker,0.0,DET,LAL,14.5,220.0,102.8,3,2.0,8.2,19.8,PF/C,3400,0,14.0,12.0,103,102,-11%,4,3,2,11,10,11,8.2,8.4,2.0,14.7,7.5,3.0,0.9,10.0,2.94,0.0,0.0,0.0,5.0,1.47,10.666666666666666,3.0,7.659999999999999,10.0,0.0
9,6,Jonas Valanciunas,0.0,MEM,PHO,7.0,237.0,115.0,19,27.0,32.7,37.5,C,6500,0,22.0,21.0,105,109,2%,10,10,10,26,25,25,32.6,32.8,21.5,44.0,26.6,52.5,8.1,33.8,5.19,31.2,25.5,4.8,32.5,4.995,25.333333333333332,10.0,32.68,32.4,32.713815789473685
9,7,Hassan Whiteside,0.0,POR,MIA,5.5,219.5,107.0,30,18.5,45.0,61.8,C,8500,1,20.0,26.0,101,104,-6%,14,11,11,33,32,30,45.0,41.6,30.2,53.0,32.1,48.5,5.7,42.0,4.94,44.3,33.5,5.2,43.15,5.07,31.666666666666668,12.0,42.589999999999996,41.766666666666666,45.64815789473684
10,0,Damian Lillard,0.0,POR,MIA,5.5,219.5,107.0,10,38.5,48.6,54.0,PG,8800,1,30.0,25.0,101,104,-10%,20,20,20,35,37,38,48.6,47.1,37.2,56.9,41.6,62.3,7.1,46.0,5.23,46.2,38.5,5.3,46.1,5.265000000000001,36.666666666666664,20.0,47.18,47.03333333333333,48.405
10,1,Gary Trent Jr.,0.0,POR,MIA,5.5,219.5,107.0,23,5.5,8.7,18.8,SG,3000,1,14.0,9.0,101,104,-3%,5,5,4,17,16,12,8.7,7.3,1.2,13.4,17.1,7.0,2.3,15.8,5.25,17.2,27.5,5.7,16.5,5.475,15.0,4.666666666666667,9.419999999999998,11.0,30.250000000000004
10,2,Cedi Osman,0.0,CLE,MIN,4.0,214.5,105.3,20,16.8,24.9,29.0,SF/PF,4300,0,16.0,11.0,105,107,6%,11,10,9,31,29,29,24.9,20.7,12.4,28.9,29.7,11.5,2.7,24.5,5.7,25.5,32.5,5.9,25.0,5.800000000000001,29.666666666666668,10.0,22.380000000000003,23.566666666666666,27.3876404494382
10,3,Kentavious Caldwell-Pope,0.0,LAL,DET,-14.5,220.0,117.3,28,8.5,19.3,30.3,SG/SF,3600,1,15.0,11.0,102,110,-3%,6,7,8,26,28,27,19.3,17.7,11.3,24.1,25.8,14.0,3.9,17.5,4.86,17.9,25.0,5.0,17.7,4.93,27.0,7.0,18.020000000000003,19.366666666666667,16.38888888888889
10,4,Langston Galloway,0.0,DET,LAL,14.5,220.0,102.8,16,9.8,14.7,21.8,PG/SG,3300,0,16.0,13.0,103,102,-1%,8,7,8,21,21,26,14.5,18.1,11.3,24.9,22.7,30.8,9.3,15.5,4.7,13.9,20.5,4.2,14.7,4.45,22.666666666666668,7.666666666666667,16.7,15.433333333333332,13.294852941176469
10,5,Bruce Brown Jr.,0.0,DET,LAL,14.5,220.0,102.8,16,22.0,27.6,32.3,PG/SF,5200,0,17.0,12.0,103,102,-1%,12,8,8,30,32,28,27.6,23.1,12.9,33.3,26.6,21.5,4.1,25.8,4.95,24.4,29.5,4.7,25.1,4.825,30.0,9.333333333333334,24.4,27.3,24.68166666666667
10,6,Hassan Whiteside,0.0,POR,MIA,5.5,219.5,107.0,30,18.5,45.0,61.8,C,8500,1,20.0,26.0,101,104,-6%,14,11,11,33,32,30,45.0,41.6,30.2,53.0,32.1,48.5,5.7,42.0,4.94,44.3,33.5,5.2,43.15,5.07,31.666666666666668,12.0,42.589999999999996,41.766666666666666,45.64815789473684
10,7,Thon Maker,0.0,DET,LAL,14.5,220.0,102.8,3,2.0,8.2,19.8,PF/C,3400,0,14.0,12.0,103,102,-11%,4,3,2,11,10,11,8.2,8.4,2.0,14.7,7.5,3.0,0.9,10.0,2.94,0.0,0.0,0.0,5.0,1.47,10.666666666666666,3.0,7.659999999999999,10.0,0.0
11,0,Grayson Allen,0.0,MEM,PHO,7.0,237.0,115.0,20,2.0,11.8,25.3,PG/SG,3100,0,19.0,11.0,105,109,1%,3,5,7,11,15,18,11.8,14.1,7.6,20.7,12.5,6.8,2.2,9.5,3.06,9.6,13.0,3.1,9.55,3.08,14.666666666666666,5.0,12.75,13.033333333333333,8.46477272727273
11,1,Tyus Jones,0.0,MEM,PHO,7.0,237.0,115.0,20,10.3,19.8,25.0,PG/SG,3300,0,18.0,14.0,105,109,3%,6,6,6,17,19,20,19.8,17.5,9.7,25.4,20.4,16.5,5.0,16.3,4.92,14.4,16.5,4.4,15.350000000000001,4.66,18.666666666666668,6.0,17.55,18.366666666666667,13.568303571428572
11,2,Carmelo Anthony,0.0,POR,MIA,5.5,219.5,107.0,18,18.8,25.9,35.8,SF/PF,6100,1,23.0,14.0,101,104,1%,13,14,15,31,34,33,25.9,29.8,20.3,39.2,37.3,17.5,2.9,28.8,4.71,30.6,34.5,5.0,29.700000000000003,4.855,32.666666666666664,14.0,28.98,26.833333333333332,31.366836734693884
11,3,Tony Snell,0.0,DET,LAL,14.5,220.0,102.8,4,8.3,11.5,17.8,SG/SF,3500,0,12.0,10.0,103,102,-1%,7,6,7,23,23,27,11.5,14.6,8.2,21.0,13.1,2.8,0.8,16.3,4.64,13.1,23.5,3.7,14.7,4.17,24.333333333333332,6.666666666666667,14.0,12.533333333333333,14.196575342465755
11,4,Mikal Bridges,0.0,PHO,MEM,-7.0,237.0,122.0,5,12.5,17.3,24.8,SG/SF,3700,1,13.0,13.0,106,110,6%,4,5,5,22,24,22,17.3,16.9,8.5,25.3,31.5,30.8,8.3,20.0,5.41,18.0,23.0,4.9,19.0,5.155,22.666666666666668,4.666666666666667,17.4,18.2,19.27941176470588
11,5,Meyers Leonard,0.0,MIA,POR,-5.5,219.5,112.5,14,2.0,14.2,20.8,PF/C,3300,1,12.0,11.0,104,109,6%,8,6,4,24,24,19,14.2,14.6,5.8,23.4,23.5,28.3,8.6,16.5,5.0,17.9,21.5,5.4,17.2,5.2,22.333333333333332,6.0,15.039999999999997,12.333333333333334,16.55820895522388
11,6,Andre Drummond,0.0,DET,LAL,14.5,220.0,102.8,10,28.5,44.2,59.5,C,9400,0,24.0,22.0,103,102,-11%,12,12,14,28,31,33,44.1,48.5,36.2,60.9,40.5,45.0,4.8,45.8,4.87,45.3,32.5,4.8,45.55,4.835,30.666666666666668,12.666666666666666,47.05,44.06666666666666,48.27309782608695
11,7,Solomon Hill,0.0,MEM,PHO,7.0,237.0,115.0,3,4.3,9.8,15.3,SF/PF,3100,0,14.0,10.0,105,109,6%,3,3,5,16,17,20,9.8,14.6,7.8,21.5,16.4,17.8,5.7,10.3,3.31,10.0,14.5,3.2,10.15,3.255,17.666666666666668,3.6666666666666665,12.77,9.8,8.33066037735849
12,0,Avery Bradley,0.0,LAL,DET,-14.5,220.0,117.3,3,4.0,13.5,31.3,PG/SG,3900,1,16.0,8.0,102,110,-3%,9,7,8,31,24,25,13.4,14.9,7.1,22.7,12.4,10.5,2.7,18.0,4.62,14.9,24.0,3.8,16.45,4.21,26.666666666666668,8.0,14.91,16.266666666666666,14.805
12,1,Tyus Jones,0.0,MEM,PHO,7.0,237.0,115.0,20,10.3,19.8,25.0,PG/SG,3300,0,18.0,14.0,105,109,3%,6,6,6,17,19,20,19.8,17.5,9.7,25.4,20.4,16.5,5.0,16.3,4.92,14.4,16.5,4.4,15.350000000000001,4.66,18.666666666666668,6.0,17.55,18.366666666666667,13.568303571428572
12,2,Brandon Clarke,0.0,MEM,PHO,7.0,237.0,115.0,18,17.0,24.8,36.3,PF/C,4800,0,20.0,23.0,105,109,-1%,7,8,9,19,21,22,24.5,24.8,18.0,31.5,21.5,20.8,4.3,25.3,5.26,23.0,21.0,4.8,24.15,5.029999999999999,20.666666666666668,8.0,24.589999999999996,26.03333333333333,24.539516129032258
12,3,Alfonzo McKinnie,0.0,CLE,MIN,4.0,214.5,105.3,20,1.3,5.6,17.8,SF/PF,3000,0,0.0,0.0,105,107,6%,5,3,3,20,11,11,5.5,6.6,0.0,13.2,21.1,6.5,2.2,20.3,6.75,20.6,26.5,6.9,20.450000000000003,6.825,14.0,3.6666666666666665,9.15,8.233333333333333,38.70892857142857
12,4,Darius Garland,0.0,CLE,MIN,4.0,214.5,105.3,2,7.0,25.1,35.3,PG,4600,0,21.0,8.0,105,107,4%,13,11,11,35,32,29,25.1,20.0,12.1,28.0,35.3,17.0,3.7,27.0,5.87,25.3,33.5,5.5,26.15,5.6850000000000005,32.0,11.666666666666666,22.27,22.46666666666667,27.37578125
12,5,Meyers Leonard,0.0,MIA,POR,-5.5,219.5,112.5,14,2.0,14.2,20.8,PF/C,3300,1,12.0,11.0,104,109,6%,8,6,4,24,24,19,14.2,14.6,5.8,23.4,23.5,28.3,8.6,16.5,5.0,17.9,21.5,5.4,17.2,5.2,22.333333333333332,6.0,15.039999999999997,12.333333333333334,16.55820895522388
12,6,Bam Adebayo,0.0,MIA,POR,-5.5,219.5,112.5,23,21.8,35.5,46.8,C,7600,1,20.0,20.0,104,109,6%,8,10,10,35,36,34,35.5,40.5,29.0,51.9,35.5,41.5,5.5,45.3,5.95,45.5,36.0,6.0,45.4,5.975,35.0,9.333333333333334,40.46,34.699999999999996,46.69714285714286
12,7,Ja Morant,0.0,MEM,PHO,7.0,237.0,115.0,20,19.3,29.3,42.0,PG,6200,0,28.0,18.0,105,109,3%,12,10,14,31,30,30,29.3,33.6,23.7,43.5,27.8,24.8,4.0,33.5,5.4,34.5,30.0,5.6,34.0,5.5,30.333333333333332,12.0,32.82,30.2,33.62637362637363
13,0,Shabazz Napier,0.0,MIN,CLE,-4.0,214.5,109.3,15,16.5,31.7,43.3,PG/SG,6300,2,23.0,14.0,101,113,6%,11,13,8,32,29,21,31.6,21.0,9.4,32.5,30.1,36.5,5.8,20.0,3.17,23.3,23.5,3.7,21.65,3.435,27.333333333333332,10.666666666666666,23.23,30.5,18.61371951219512
13,1,De'Anthony Melton,0.0,MEM,PHO,7.0,237.0,115.0,20,15.0,24.7,29.5,PG/SG,4100,0,21.0,18.0,105,109,3%,8,7,6,19,19,17,24.7,19.7,9.4,29.9,15.5,14.5,3.5,20.8,5.06,20.7,20.0,5.0,20.75,5.029999999999999,18.333333333333332,7.0,20.89,23.066666666666666,22.636363636363637
13,2,Carmelo Anthony,0.0,POR,MIA,5.5,219.5,107.0,18,18.8,25.9,35.8,SF/PF,6100,1,23.0,14.0,101,104,1%,13,14,15,31,34,33,25.9,29.8,20.3,39.2,37.3,17.5,2.9,28.8,4.71,30.6,34.5,5.0,29.700000000000003,4.855,32.666666666666664,14.0,28.98,26.833333333333332,31.366836734693884
13,3,Kevin Porter Jr.,0.0,CLE,MIN,4.0,214.5,105.3,27,15.8,22.7,29.8,SG/SF,4400,0,20.0,10.0,105,107,4%,13,11,8,26,26,22,22.7,17.2,9.7,24.8,19.4,13.3,3.0,26.5,6.02,26.0,29.0,5.9,26.25,5.96,24.666666666666668,10.666666666666666,20.130000000000003,22.766666666666666,30.86148648648648
13,4,Mikal Bridges,0.0,PHO,MEM,-7.0,237.0,122.0,5,12.5,17.3,24.8,SG/SF,3700,1,13.0,13.0,106,110,6%,4,5,5,22,24,22,17.3,16.9,8.5,25.3,31.5,30.8,8.3,20.0,5.41,18.0,23.0,4.9,19.0,5.155,22.666666666666668,4.666666666666667,17.4,18.2,19.27941176470588
13,5,Bruce Brown Jr.,0.0,DET,LAL,14.5,220.0,102.8,16,22.0,27.6,32.3,PG/SF,5200,0,17.0,12.0,103,102,-1%,12,8,8,30,32,28,27.6,23.1,12.9,33.3,26.6,21.5,4.1,25.8,4.95,24.4,29.5,4.7,25.1,4.825,30.0,9.333333333333334,24.4,27.3,24.68166666666667
13,6,Christian Wood,0.0,DET,LAL,14.5,220.0,102.8,3,13.0,22.9,36.8,PF/C,5500,0,20.0,23.0,103,102,-6%,7,7,6,21,23,16,23.1,18.9,7.3,30.6,29.7,21.0,3.8,26.0,4.73,27.2,26.0,4.9,26.6,4.815,20.0,6.666666666666667,21.3,24.23333333333333,34.58
13,7,Naz Reid,0.0,MIN,CLE,-4.0,214.5,109.3,4,1.3,14.3,25.0,PF/C,4000,2,0.0,0.0,101,113,0%,11,8,8,19,13,13,14.3,14.3,3.0,25.5,10.8,20.0,5.0,18.8,4.69,0.0,0.0,0.0,9.4,2.345,15.0,9.0,13.3,13.533333333333333,0.0
14,0,Jarrett Culver,0.0,MIN,CLE,-4.0,214.5,109.3,15,13.5,24.8,41.3,PG/SG,5300,2,20.0,8.0,101,113,6%,14,13,9,33,28,23,24.6,18.5,8.6,28.4,28.1,34.8,6.6,16.3,3.07,20.1,22.5,3.8,18.200000000000003,3.4349999999999996,28.0,12.0,19.66,26.53333333333333,14.625000000000004
14,1,Collin Sexton,0.0,CLE,MIN,4.0,214.5,105.3,2,26.3,30.3,40.3,PG/SG,5700,0,27.0,15.0,105,107,4%,20,18,16,36,34,31,30.3,27.4,20.6,34.3,35.5,28.8,5.1,32.3,5.66,32.2,33.5,5.6,32.25,5.63,33.666666666666664,18.0,28.97,32.300000000000004,32.09034653465347
14,2,Naz Reid,0.0,MIN,CLE,-4.0,214.5,109.3,4,1.3,14.3,25.0,PF/C,4000,2,0.0,0.0,101,113,0%,11,8,8,19,13,13,14.3,14.3,3.0,25.5,10.8,20.0,5.0,18.8,4.69,0.0,0.0,0.0,9.4,2.345,15.0,9.0,13.3,13.533333333333333,0.0
14,3,Svi Mykhailiuk,0.0,DET,LAL,14.5,220.0,102.8,4,7.8,19.8,26.5,SG/SF,4200,0,16.0,10.0,103,102,-3%,12,10,6,30,26,19,19.8,12.3,4.5,20.0,31.6,24.3,5.8,20.3,4.82,16.6,25.0,4.0,18.450000000000003,4.41,25.0,9.333333333333334,15.010000000000002,18.033333333333335,18.450000000000003
14,4,Bruce Brown Jr.,0.0,DET,LAL,14.5,220.0,102.8,16,22.0,27.6,32.3,PG/SF,5200,0,17.0,12.0,103,102,-1%,12,8,8,30,32,28,27.6,23.1,12.9,33.3,26.6,21.5,4.1,25.8,4.95,24.4,29.5,4.7,25.1,4.825,30.0,9.333333333333334,24.4,27.3,24.68166666666667
14,5,Cameron Johnson,0.0,PHO,MEM,-7.0,237.0,122.0,15,6.3,10.0,17.0,SF/PF,3000,1,16.0,12.0,106,110,6%,4,4,7,16,20,21,9.8,16.0,7.8,24.3,12.4,3.5,1.2,14.3,4.75,13.4,18.5,4.5,13.850000000000001,4.625,19.0,5.0,14.35,11.1,13.485526315789475
14,6,JaVale McGee,0.0,LAL,DET,-14.5,220.0,117.3,8,11.0,18.1,24.8,C,3600,1,16.0,21.0,102,110,-4%,4,4,5,17,15,17,18.1,19.0,9.3,28.8,20.5,25.3,7.0,17.0,4.72,17.7,15.5,4.9,17.35,4.8100000000000005,16.333333333333332,4.333333333333333,18.51,17.96666666666667,16.46479591836735
14,7,De'Anthony Melton,0.0,MEM,PHO,7.0,237.0,115.0,20,15.0,24.7,29.5,PG/SG,4100,0,21.0,18.0,105,109,3%,8,7,6,19,19,17,24.7,19.7,9.4,29.9,15.5,14.5,3.5,20.8,5.06,20.7,20.0,5.0,20.75,5.029999999999999,18.333333333333332,7.0,20.89,23.066666666666666,22.636363636363637
15,0,Shabazz Napier,0.0,MIN,CLE,-4.0,214.5,109.3,15,16.5,31.7,43.3,PG/SG,6300,2,23.0,14.0,101,113,6%,11,13,8,32,29,21,31.6,21.0,9.4,32.5,30.1,36.5,5.8,20.0,3.17,23.3,23.5,3.7,21.65,3.435,27.333333333333332,10.666666666666666,23.23,30.5,18.61371951219512
15,1,Gary Trent Jr.,0.0,POR,MIA,5.5,219.5,107.0,23,5.5,8.7,18.8,SG,3000,1,14.0,9.0,101,104,-3%,5,5,4,17,16,12,8.7,7.3,1.2,13.4,17.1,7.0,2.3,15.8,5.25,17.2,27.5,5.7,16.5,5.475,15.0,4.666666666666667,9.419999999999998,11.0,30.250000000000004
15,2,Jae Crowder,0.0,MEM,PHO,7.0,237.0,115.0,3,13.0,28.4,62.0,SF/PF,4500,0,16.0,10.0,105,109,-1%,16,11,10,31,29,31,28.4,26.5,15.4,37.6,25.3,11.8,2.6,23.8,5.28,23.9,29.0,5.3,23.85,5.29,30.333333333333332,12.333333333333334,26.35,34.46666666666667,22.801648351648353
15,3,Derrick Jones Jr.,0.0,MIA,POR,-5.5,219.5,112.5,19,9.5,20.0,25.5,SF/PF,3300,1,14.0,12.0,104,109,8%,10,8,6,30,31,25,20.0,18.3,10.3,26.3,36.3,36.0,10.9,22.8,6.89,26.4,32.0,8.0,24.6,7.445,28.666666666666668,8.0,19.9,18.333333333333332,27.46046511627907
15,4,Derrick Rose,0.0,DET,LAL,14.5,220.0,102.8,16,25.0,30.5,40.8,PG/SG,5800,0,32.0,22.0,103,102,-2%,16,15,14,28,26,25,30.4,30.4,22.7,38.2,28.9,43.3,7.5,28.3,4.87,30.8,26.5,5.3,29.55,5.085,26.333333333333332,15.0,30.25,32.1,29.737025316455696
15,5,Kyle Kuzma,0.0,LAL,DET,-14.5,220.0,117.3,22,7.8,23.9,34.0,SF/PF,4800,1,22.0,11.0,102,110,5%,13,13,11,23,26,24,23.9,19.9,11.2,28.7,21.0,11.0,2.3,23.5,4.9,24.1,26.0,5.0,23.8,4.95,24.333333333333332,12.333333333333334,21.5,21.900000000000002,25.43013698630137
15,6,Thon Maker,0.0,DET,LAL,14.5,220.0,102.8,3,2.0,8.2,19.8,PF/C,3400,0,14.0,12.0,103,102,-11%,4,3,2,11,10,11,8.2,8.4,2.0,14.7,7.5,3.0,0.9,10.0,2.94,0.0,0.0,0.0,5.0,1.47,10.666666666666666,3.0,7.659999999999999,10.0,0.0
15,7,Anfernee Simons,0.0,POR,MIA,5.5,219.5,107.0,10,5.5,17.3,29.0,PG/SG,3500,1,19.0,10.0,101,104,-3%,6,9,9,21,25,22,17.3,15.7,7.9,23.4,34.4,29.5,8.4,20.3,5.79,19.8,28.0,5.7,20.05,5.745,22.666666666666668,8.0,16.869999999999997,17.266666666666666,24.767647058823528
16,0,Rajon Rondo,0.0,LAL,DET,-14.5,220.0,117.3,3,1.0,14.8,24.3,PG,3900,1,21.0,14.0,102,110,6%,4,6,7,15,17,21,14.8,21.1,11.1,31.1,20.1,9.3,2.4,18.3,4.68,18.6,18.0,4.8,18.450000000000003,4.74,17.666666666666668,5.666666666666667,19.31,13.366666666666667,18.79811320754717
16,1,Collin Sexton,0.0,CLE,MIN,4.0,214.5,105.3,2,26.3,30.3,40.3,PG/SG,5700,0,27.0,15.0,105,107,4%,20,18,16,36,34,31,30.3,27.4,20.6,34.3,35.5,28.8,5.1,32.3,5.66,32.2,33.5,5.6,32.25,5.63,33.666666666666664,18.0,28.97,32.300000000000004,32.09034653465347
16,2,Christian Wood,0.0,DET,LAL,14.5,220.0,102.8,3,13.0,22.9,36.8,PF/C,5500,0,20.0,23.0,103,102,-6%,7,7,6,21,23,16,23.1,18.9,7.3,30.6,29.7,21.0,3.8,26.0,4.73,27.2,26.0,4.9,26.6,4.815,20.0,6.666666666666667,21.3,24.23333333333333,34.58
16,3,Robert Covington,0.0,MIN,CLE,-4.0,214.5,109.3,29,29.3,36.5,47.0,SF/PF,6300,2,17.0,14.0,101,113,3%,10,12,10,32,35,29,36.5,27.1,17.9,36.2,33.9,32.5,5.2,28.0,4.44,30.9,30.5,4.9,29.45,4.67,32.0,10.666666666666666,29.43,37.6,28.06953125
16,4,Tyler Herro,0.0,MIA,POR,-5.5,219.5,112.5,8,11.8,20.0,26.8,SG,3700,1,22.0,11.0,104,109,5%,11,11,12,29,27,29,20.0,24.0,13.7,34.2,28.4,22.8,6.2,27.5,7.43,23.7,28.0,6.4,25.6,6.915,28.333333333333332,11.333333333333334,23.5,19.533333333333335,25.29882352941177
16,5,Duncan Robinson,0.0,MIA,POR,-5.5,219.5,112.5,8,13.0,20.7,27.8,SG/SF,3800,1,15.0,14.0,104,109,5%,8,9,9,25,26,28,20.7,20.8,11.2,30.4,35.5,17.3,4.6,18.5,4.87,21.3,29.5,5.6,19.9,5.234999999999999,26.333333333333332,8.666666666666666,20.6,20.5,22.293037974683546
16,6,Andre Drummond,0.0,DET,LAL,14.5,220.0,102.8,10,28.5,44.2,59.5,C,9400,0,24.0,22.0,103,102,-11%,12,12,14,28,31,33,44.1,48.5,36.2,60.9,40.5,45.0,4.8,45.8,4.87,45.3,32.5,4.8,45.55,4.835,30.666666666666668,12.666666666666666,47.05,44.06666666666666,48.27309782608695
16,7,Naz Reid,0.0,MIN,CLE,-4.0,214.5,109.3,4,1.3,14.3,25.0,PF/C,4000,2,0.0,0.0,101,113,0%,11,8,8,19,13,13,14.3,14.3,3.0,25.5,10.8,20.0,5.0,18.8,4.69,0.0,0.0,0.0,9.4,2.345,15.0,9.0,13.3,13.533333333333333,0.0
17,0,Tim Frazier,0.0,DET,LAL,14.5,220.0,102.8,16,8.5,17.1,30.5,PG,3300,0,20.0,12.0,103,102,-2%,3,5,4,15,19,13,17.1,12.1,3.9,20.3,5.3,0.5,0.2,13.5,4.09,13.1,15.5,4.0,13.3,4.045,15.666666666666666,4.0,13.34,18.7,13.158510638297873
17,1,Elie Okobo,0.0,PHO,MEM,-7.0,237.0,122.0,19,0.0,7.8,14.3,PG/SG,3000,1,20.0,16.0,106,110,6%,3,2,4,12,9,11,7.8,10.9,1.5,20.2,11.1,8.3,2.8,9.5,3.17,11.9,13.0,4.0,10.7,3.585,10.666666666666666,3.0,10.219999999999999,7.366666666666667,13.040625
17,2,Mario Hezonja,0.0,POR,MIA,5.5,219.5,107.0,18,2.5,8.4,20.5,SF/PF,3000,1,14.0,8.0,101,104,-3%,5,3,4,15,14,17,8.4,11.9,3.7,20.2,19.6,20.8,6.9,14.8,4.92,12.9,18.0,4.3,13.850000000000001,4.609999999999999,15.333333333333334,4.0,11.610000000000001,10.466666666666667,16.258695652173913
17,3,Sekou Doumbouya,0.0,DET,LAL,14.5,220.0,102.8,28,0.0,14.4,40.0,SF/PF,5000,0,0.0,0.0,103,102,-6%,11,5,4,33,16,10,14.8,9.2,-5.1,23.5,34.0,19.3,3.9,17.8,3.55,24.1,31.0,4.8,20.950000000000003,4.175,19.666666666666668,6.666666666666667,12.67,18.133333333333333,33.022881355932206
17,4,Tyus Jones,0.0,MEM,PHO,7.0,237.0,115.0,20,10.3,19.8,25.0,PG/SG,3300,0,18.0,14.0,105,109,3%,6,6,6,17,19,20,19.8,17.5,9.7,25.4,20.4,16.5,5.0,16.3,4.92,14.4,16.5,4.4,15.350000000000001,4.66,18.666666666666668,6.0,17.55,18.366666666666667,13.568303571428572
17,5,Mikal Bridges,0.0,PHO,MEM,-7.0,237.0,122.0,5,12.5,17.3,24.8,SG/SF,3700,1,13.0,13.0,106,110,6%,4,5,5,22,24,22,17.3,16.9,8.5,25.3,31.5,30.8,8.3,20.0,5.41,18.0,23.0,4.9,19.0,5.155,22.666666666666668,4.666666666666667,17.4,18.2,19.27941176470588
17,6,Dwight Howard,0.0,LAL,DET,-14.5,220.0,117.3,8,6.8,18.2,29.0,C,3800,1,13.0,17.0,102,110,-4%,4,5,4,16,17,20,18.1,19.6,11.6,27.6,21.4,31.3,8.2,18.3,4.8,18.0,17.5,4.7,18.15,4.75,17.666666666666668,4.333333333333333,19.01,18.0,17.978773584905657
17,7,Goran Dragic,0.0,MIA,POR,-5.5,219.5,112.5,23,18.0,24.1,35.5,PG,5100,1,26.0,16.0,104,109,5%,10,12,12,22,26,28,24.1,29.0,21.7,36.3,29.8,55.3,10.8,30.8,6.03,29.0,28.0,5.7,29.9,5.865,25.333333333333332,11.333333333333334,28.2,25.866666666666664,33.04736842105263
18,0,Shabazz Napier,0.0,MIN,CLE,-4.0,214.5,109.3,15,16.5,31.7,43.3,PG/SG,6300,2,23.0,14.0,101,113,6%,11,13,8,32,29,21,31.6,21.0,9.4,32.5,30.1,36.5,5.8,20.0,3.17,23.3,23.5,3.7,21.65,3.435,27.333333333333332,10.666666666666666,23.23,30.5,18.61371951219512
18,1,Kent Bazemore,0.0,POR,MIA,5.5,219.5,107.0,23,13.8,17.0,22.0,SG/SF,3700,1,16.0,8.0,101,104,-3%,9,7,8,32,28,25,16.9,18.7,11.4,26.1,35.4,18.8,5.1,25.8,6.96,22.5,33.0,6.1,24.15,6.529999999999999,28.333333333333332,8.0,19.45,17.599999999999998,28.127647058823527
18,2,Kelly Oubre Jr.,0.0,PHO,MEM,-7.0,237.0,122.0,15,15.8,41.5,51.8,SF/PF,7100,1,21.0,16.0,106,110,6%,15,14,15,38,36,34,41.8,34.5,24.0,45.1,38.5,36.5,5.1,37.8,5.32,35.9,36.5,5.1,36.849999999999994,5.21,36.0,14.666666666666666,36.45,36.36666666666667,37.361805555555556
18,3,Jaylen Hoard,0.0,POR,MIA,5.5,219.5,107.0,18,0.0,3.9,6.5,SF/PF,3000,1,0.0,0.0,101,104,1%,2,1,1,4,4,3,3.9,3.5,1.0,5.9,1.6,0.8,0.3,4.3,1.42,0.0,0.0,0.0,2.15,0.71,3.6666666666666665,1.3333333333333333,3.29,3.466666666666667,0.0
18,4,Duncan Robinson,0.0,MIA,POR,-5.5,219.5,112.5,8,13.0,20.7,27.8,SG/SF,3800,1,15.0,14.0,104,109,5%,8,9,9,25,26,28,20.7,20.8,11.2,30.4,35.5,17.3,4.6,18.5,4.87,21.3,29.5,5.6,19.9,5.234999999999999,26.333333333333332,8.666666666666666,20.6,20.5,22.293037974683546
18,5,Nassir Little,0.0,POR,MIA,5.5,219.5,107.0,18,0.0,2.1,3.5,SF/PF,3000,1,13.0,8.0,101,104,1%,1,1,3,6,9,13,1.6,9.1,0.4,17.7,4.0,3.8,1.3,3.0,1.0,0.0,0.0,0.0,1.5,0.5,9.333333333333334,1.6666666666666667,6.06,1.8666666666666665,0.0
18,6,Hassan Whiteside,0.0,POR,MIA,5.5,219.5,107.0,30,18.5,45.0,61.8,C,8500,1,20.0,26.0,101,104,-6%,14,11,11,33,32,30,45.0,41.6,30.2,53.0,32.1,48.5,5.7,42.0,4.94,44.3,33.5,5.2,43.15,5.07,31.666666666666668,12.0,42.589999999999996,41.766666666666666,45.64815789473684
18,7,Dillon Brooks,0.0,MEM,PHO,7.0,237.0,115.0,17,12.0,20.8,32.8,SG/SF,4900,0,23.0,11.0,105,109,6%,18,13,13,28,27,28,20.8,24.7,15.6,33.8,29.5,28.5,5.8,23.3,4.74,23.8,27.0,4.9,23.55,4.82,27.666666666666668,14.666666666666666,23.689999999999998,21.866666666666664,22.98253012048193
19,0,Grayson Allen,0.0,MEM,PHO,7.0,237.0,115.0,20,2.0,11.8,25.3,PG/SG,3100,0,19.0,11.0,105,109,1%,3,5,7,11,15,18,11.8,14.1,7.6,20.7,12.5,6.8,2.2,9.5,3.06,9.6,13.0,3.1,9.55,3.08,14.666666666666666,5.0,12.75,13.033333333333333,8.46477272727273
19,1,Anfernee Simons,0.0,POR,MIA,5.5,219.5,107.0,10,5.5,17.3,29.0,PG/SG,3500,1,19.0,10.0,101,104,-3%,6,9,9,21,25,22,17.3,15.7,7.9,23.4,34.4,29.5,8.4,20.3,5.79,19.8,28.0,5.7,20.05,5.745,22.666666666666668,8.0,16.869999999999997,17.266666666666666,24.767647058823528
19,2,Derrick Jones Jr.,0.0,MIA,POR,-5.5,219.5,112.5,19,9.5,20.0,25.5,SF/PF,3300,1,14.0,12.0,104,109,8%,10,8,6,30,31,25,20.0,18.3,10.3,26.3,36.3,36.0,10.9,22.8,6.89,26.4,32.0,8.0,24.6,7.445,28.666666666666668,8.0,19.9,18.333333333333332,27.46046511627907
19,3,Sekou Doumbouya,0.0,DET,LAL,14.5,220.0,102.8,28,0.0,14.4,40.0,SF/PF,5000,0,0.0,0.0,103,102,-6%,11,5,4,33,16,10,14.8,9.2,-5.1,23.5,34.0,19.3,3.9,17.8,3.55,24.1,31.0,4.8,20.950000000000003,4.175,19.666666666666668,6.666666666666667,12.67,18.133333333333333,33.022881355932206
19,4,Ricky Rubio,0.0,PHO,MEM,-7.0,237.0,122.0,19,20.5,34.1,46.8,PG,6800,1,23.0,17.0,106,110,6%,7,10,12,29,31,32,34.0,37.5,27.6,47.5,36.9,28.3,4.2,37.3,5.48,38.1,33.0,5.6,37.7,5.54,30.666666666666668,9.666666666666666,36.86,33.800000000000004,40.56847826086957
19,5,Danny Green,0.0,LAL,DET,-14.5,220.0,117.3,28,6.0,20.5,45.8,SG/SF,4400,1,14.0,12.0,102,110,-3%,11,9,7,28,25,26,20.5,19.1,9.8,28.5,21.7,12.8,2.9,20.5,4.66,19.0,24.0,4.3,19.75,4.48,26.333333333333332,9.0,19.529999999999998,24.099999999999998,18.0
19,6,Hassan Whiteside,0.0,POR,MIA,5.5,219.5,107.0,30,18.5,45.0,61.8,C,8500,1,20.0,26.0,101,104,-6%,14,11,11,33,32,30,45.0,41.6,30.2,53.0,32.1,48.5,5.7,42.0,4.94,44.3,33.5,5.2,43.15,5.07,31.666666666666668,12.0,42.589999999999996,41.766666666666666,45.64815789473684
19,7,Kelan Martin,0.0,MIN,CLE,-4.0,214.5,109.3,29,7.8,19.3,28.0,SF,4200,2,16.0,7.0,101,113,3%,10,9,6,26,24,17,19.3,12.2,3.1,21.3,19.7,15.5,3.7,20.0,4.76,0.0,0.0,0.0,10.0,2.38,22.333333333333332,8.333333333333334,13.180000000000001,18.366666666666667,0.0
20,0,Avery Bradley,0.0,LAL,DET,-14.5,220.0,117.3,3,4.0,13.5,31.3,PG/SG,3900,1,16.0,8.0,102,110,-3%,9,7,8,31,24,25,13.4,14.9,7.1,22.7,12.4,10.5,2.7,18.0,4.62,14.9,24.0,3.8,16.45,4.21,26.666666666666668,8.0,14.91,16.266666666666666,14.805
20,1,Anfernee Simons,0.0,POR,MIA,5.5,219.5,107.0,10,5.5,17.3,29.0,PG/SG,3500,1,19.0,10.0,101,104,-3%,6,9,9,21,25,22,17.3,15.7,7.9,23.4,34.4,29.5,8.4,20.3,5.79,19.8,28.0,5.7,20.05,5.745,22.666666666666668,8.0,16.869999999999997,17.266666666666666,24.767647058823528
20,2,Thon Maker,0.0,DET,LAL,14.5,220.0,102.8,3,2.0,8.2,19.8,PF/C,3400,0,14.0,12.0,103,102,-11%,4,3,2,11,10,11,8.2,8.4,2.0,14.7,7.5,3.0,0.9,10.0,2.94,0.0,0.0,0.0,5.0,1.47,10.666666666666666,3.0,7.659999999999999,10.0,0.0
20,3,Kelan Martin,0.0,MIN,CLE,-4.0,214.5,109.3,29,7.8,19.3,28.0,SF,4200,2,16.0,7.0,101,113,3%,10,9,6,26,24,17,19.3,12.2,3.1,21.3,19.7,15.5,3.7,20.0,4.76,0.0,0.0,0.0,10.0,2.38,22.333333333333332,8.333333333333334,13.180000000000001,18.366666666666667,0.0
20,4,Tyler Herro,0.0,MIA,POR,-5.5,219.5,112.5,8,11.8,20.0,26.8,SG,3700,1,22.0,11.0,104,109,5%,11,11,12,29,27,29,20.0,24.0,13.7,34.2,28.4,22.8,6.2,27.5,7.43,23.7,28.0,6.4,25.6,6.915,28.333333333333332,11.333333333333334,23.5,19.533333333333335,25.29882352941177
20,5,Kyle Anderson,0.0,MEM,PHO,7.0,237.0,115.0,3,2.5,13.1,22.0,SF/PF,3100,0,15.0,13.0,105,109,6%,2,4,5,8,13,18,13.1,15.7,7.8,23.5,13.5,12.8,4.1,12.0,3.87,9.0,10.5,2.9,10.5,3.385,13.0,3.6666666666666665,14.12,12.533333333333333,8.480769230769232
20,6,Hassan Whiteside,0.0,POR,MIA,5.5,219.5,107.0,30,18.5,45.0,61.8,C,8500,1,20.0,26.0,101,104,-6%,14,11,11,33,32,30,45.0,41.6,30.2,53.0,32.1,48.5,5.7,42.0,4.94,44.3,33.5,5.2,43.15,5.07,31.666666666666668,12.0,42.589999999999996,41.766666666666666,45.64815789473684
20,7,Cedi Osman,0.0,CLE,MIN,4.0,214.5,105.3,20,16.8,24.9,29.0,SF/PF,4300,0,16.0,11.0,105,107,6%,11,10,9,31,29,29,24.9,20.7,12.4,28.9,29.7,11.5,2.7,24.5,5.7,25.5,32.5,5.9,25.0,5.800000000000001,29.666666666666668,10.0,22.380000000000003,23.566666666666666,27.3876404494382
21,0,Langston Galloway,0.0,DET,LAL,14.5,220.0,102.8,16,9.8,14.7,21.8,PG/SG,3300,0,16.0,13.0,103,102,-1%,8,7,8,21,21,26,14.5,18.1,11.3,24.9,22.7,30.8,9.3,15.5,4.7,13.9,20.5,4.2,14.7,4.45,22.666666666666668,7.666666666666667,16.7,15.433333333333332,13.294852941176469
21,1,Dillon Brooks,0.0,MEM,PHO,7.0,237.0,115.0,17,12.0,20.8,32.8,SG/SF,4900,0,23.0,11.0,105,109,6%,18,13,13,28,27,28,20.8,24.7,15.6,33.8,29.5,28.5,5.8,23.3,4.74,23.8,27.0,4.9,23.55,4.82,27.666666666666668,14.666666666666666,23.689999999999998,21.866666666666664,22.98253012048193
21,2,Keita Bates-Diop,0.0,MIN,CLE,-4.0,214.5,109.3,29,7.3,16.8,33.3,SF/PF,3500,2,15.0,13.0,101,113,3%,9,7,6,21,19,18,16.8,13.8,4.5,23.1,14.2,1.3,0.4,16.0,4.57,11.5,15.0,3.3,13.75,3.935,19.333333333333332,7.333333333333333,14.39,19.133333333333333,10.668103448275863
21,3,Derrick Jones Jr.,0.0,MIA,POR,-5.5,219.5,112.5,19,9.5,20.0,25.5,SF/PF,3300,1,14.0,12.0,104,109,8%,10,8,6,30,31,25,20.0,18.3,10.3,26.3,36.3,36.0,10.9,22.8,6.89,26.4,32.0,8.0,24.6,7.445,28.666666666666668,8.0,19.9,18.333333333333332,27.46046511627907
21,4,Dante Exum,0.0,CLE,MIN,4.0,214.5,105.3,2,7.3,12.3,16.8,PG/SG,3200,0,0.0,0.0,105,107,4%,4,4,3,15,15,10,12.1,7.0,1.9,12.1,24.2,37.3,11.7,13.8,4.3,13.7,16.0,4.3,13.75,4.3,13.333333333333334,3.6666666666666665,9.370000000000001,12.133333333333335,16.5
21,5,Naz Reid,0.0,MIN,CLE,-4.0,214.5,109.3,4,1.3,14.3,25.0,PF/C,4000,2,0.0,0.0,101,113,0%,11,8,8,19,13,13,14.3,14.3,3.0,25.5,10.8,20.0,5.0,18.8,4.69,0.0,0.0,0.0,9.4,2.345,15.0,9.0,13.3,13.533333333333333,0.0
21,6,Dwight Howard,0.0,LAL,DET,-14.5,220.0,117.3,8,6.8,18.2,29.0,C,3800,1,13.0,17.0,102,110,-4%,4,5,4,16,17,20,18.1,19.6,11.6,27.6,21.4,31.3,8.2,18.3,4.8,18.0,17.5,4.7,18.15,4.75,17.666666666666668,4.333333333333333,19.01,18.0,17.978773584905657
21,7,Darius Garland,0.0,CLE,MIN,4.0,214.5,105.3,2,7.0,25.1,35.3,PG,4600,0,21.0,8.0,105,107,4%,13,11,11,35,32,29,25.1,20.0,12.1,28.0,35.3,17.0,3.7,27.0,5.87,25.3,33.5,5.5,26.15,5.6850000000000005,32.0,11.666666666666666,22.27,22.46666666666667,27.37578125
22,0,Tim Frazier,0.0,DET,LAL,14.5,220.0,102.8,16,8.5,17.1,30.5,PG,3300,0,20.0,12.0,103,102,-2%,3,5,4,15,19,13,17.1,12.1,3.9,20.3,5.3,0.5,0.2,13.5,4.09,13.1,15.5,4.0,13.3,4.045,15.666666666666666,4.0,13.34,18.7,13.158510638297873
22,1,Kevin Porter Jr.,0.0,CLE,MIN,4.0,214.5,105.3,27,15.8,22.7,29.8,SG/SF,4400,0,20.0,10.0,105,107,4%,13,11,8,26,26,22,22.7,17.2,9.7,24.8,19.4,13.3,3.0,26.5,6.02,26.0,29.0,5.9,26.25,5.96,24.666666666666668,10.666666666666666,20.130000000000003,22.766666666666666,30.86148648648648
22,2,Kyle Kuzma,0.0,LAL,DET,-14.5,220.0,117.3,22,7.8,23.9,34.0,SF/PF,4800,1,22.0,11.0,102,110,5%,13,13,11,23,26,24,23.9,19.9,11.2,28.7,21.0,11.0,2.3,23.5,4.9,24.1,26.0,5.0,23.8,4.95,24.333333333333332,12.333333333333334,21.5,21.900000000000002,25.43013698630137
22,3,LeBron James,0.0,LAL,DET,-14.5,220.0,117.3,3,45.5,58.1,72.3,PG/SF,11000,1,34.0,26.0,102,110,4%,19,17,20,38,37,36,58.4,56.2,44.9,67.4,35.0,58.0,5.3,57.8,5.25,57.4,34.5,5.2,57.599999999999994,5.225,37.0,18.666666666666668,56.9,58.633333333333326,53.70810810810811
22,4,Tony Snell,0.0,DET,LAL,14.5,220.0,102.8,4,8.3,11.5,17.8,SG/SF,3500,0,12.0,10.0,103,102,-1%,7,6,7,23,23,27,11.5,14.6,8.2,21.0,13.1,2.8,0.8,16.3,4.64,13.1,23.5,3.7,14.7,4.17,24.333333333333332,6.666666666666667,14.0,12.533333333333333,14.196575342465755
22,5,Mario Hezonja,0.0,POR,MIA,5.5,219.5,107.0,18,2.5,8.4,20.5,SF/PF,3000,1,14.0,8.0,101,104,-3%,5,3,4,15,14,17,8.4,11.9,3.7,20.2,19.6,20.8,6.9,14.8,4.92,12.9,18.0,4.3,13.850000000000001,4.609999999999999,15.333333333333334,4.0,11.610000000000001,10.466666666666667,16.258695652173913
22,6,Christian Wood,0.0,DET,LAL,14.5,220.0,102.8,3,13.0,22.9,36.8,PF/C,5500,0,20.0,23.0,103,102,-6%,7,7,6,21,23,16,23.1,18.9,7.3,30.6,29.7,21.0,3.8,26.0,4.73,27.2,26.0,4.9,26.6,4.815,20.0,6.666666666666667,21.3,24.23333333333333,34.58
22,7,Devin Booker,0.0,PHO,MEM,-7.0,237.0,122.0,19,44.3,49.0,54.8,PG/SG,8200,1,29.0,20.0,106,110,6%,25,23,18,38,38,36,49.0,41.5,29.7,53.2,37.2,51.0,6.2,43.8,5.34,43.3,36.5,5.3,43.55,5.32,37.333333333333336,22.0,43.39,49.36666666666667,42.577901785714275
24,0,Ja Morant,0.0,MEM,PHO,7.0,237.0,115.0,20,19.3,29.3,42.0,PG,6200,0,28.0,18.0,105,109,3%,12,10,14,31,30,30,29.3,33.6,23.7,43.5,27.8,24.8,4.0,33.5,5.4,34.5,30.0,5.6,34.0,5.5,30.333333333333332,12.0,32.82,30.2,33.62637362637363
24,1,Jarrett Culver,0.0,MIN,CLE,-4.0,214.5,109.3,15,13.5,24.8,41.3,PG/SG,5300,2,20.0,8.0,101,113,6%,14,13,9,33,28,23,24.6,18.5,8.6,28.4,28.1,34.8,6.6,16.3,3.07,20.1,22.5,3.8,18.200000000000003,3.4349999999999996,28.0,12.0,19.66,26.53333333333333,14.625000000000004
24,2,Kyle Anderson,0.0,MEM,PHO,7.0,237.0,115.0,3,2.5,13.1,22.0,SF/PF,3100,0,15.0,13.0,105,109,6%,2,4,5,8,13,18,13.1,15.7,7.8,23.5,13.5,12.8,4.1,12.0,3.87,9.0,10.5,2.9,10.5,3.385,13.0,3.6666666666666665,14.12,12.533333333333333,8.480769230769232
24,3,Sekou Doumbouya,0.0,DET,LAL,14.5,220.0,102.8,28,0.0,14.4,40.0,SF/PF,5000,0,0.0,0.0,103,102,-6%,11,5,4,33,16,10,14.8,9.2,-5.1,23.5,34.0,19.3,3.9,17.8,3.55,24.1,31.0,4.8,20.950000000000003,4.175,19.666666666666668,6.666666666666667,12.67,18.133333333333333,33.022881355932206
24,4,LeBron James,0.0,LAL,DET,-14.5,220.0,117.3,3,45.5,58.1,72.3,PG/SF,11000,1,34.0,26.0,102,110,4%,19,17,20,38,37,36,58.4,56.2,44.9,67.4,35.0,58.0,5.3,57.8,5.25,57.4,34.5,5.2,57.599999999999994,5.225,37.0,18.666666666666668,56.9,58.633333333333326,53.70810810810811
24,5,Kentavious Caldwell-Pope,0.0,LAL,DET,-14.5,220.0,117.3,28,8.5,19.3,30.3,SG/SF,3600,1,15.0,11.0,102,110,-3%,6,7,8,26,28,27,19.3,17.7,11.3,24.1,25.8,14.0,3.9,17.5,4.86,17.9,25.0,5.0,17.7,4.93,27.0,7.0,18.020000000000003,19.366666666666667,16.38888888888889
24,6,Thon Maker,0.0,DET,LAL,14.5,220.0,102.8,3,2.0,8.2,19.8,PF/C,3400,0,14.0,12.0,103,102,-11%,4,3,2,11,10,11,8.2,8.4,2.0,14.7,7.5,3.0,0.9,10.0,2.94,0.0,0.0,0.0,5.0,1.47,10.666666666666666,3.0,7.659999999999999,10.0,0.0
24,7,Cedi Osman,0.0,CLE,MIN,4.0,214.5,105.3,20,16.8,24.9,29.0,SF/PF,4300,0,16.0,11.0,105,107,6%,11,10,9,31,29,29,24.9,20.7,12.4,28.9,29.7,11.5,2.7,24.5,5.7,25.5,32.5,5.9,25.0,5.800000000000001,29.666666666666668,10.0,22.380000000000003,23.566666666666666,27.3876404494382
25,0,Derrick Rose,0.0,DET,LAL,14.5,220.0,102.8,16,25.0,30.5,40.8,PG/SG,5800,0,32.0,22.0,103,102,-2%,16,15,14,28,26,25,30.4,30.4,22.7,38.2,28.9,43.3,7.5,28.3,4.87,30.8,26.5,5.3,29.55,5.085,26.333333333333332,15.0,30.25,32.1,29.737025316455696
25,1,Tyus Jones,0.0,MEM,PHO,7.0,237.0,115.0,20,10.3,19.8,25.0,PG/SG,3300,0,18.0,14.0,105,109,3%,6,6,6,17,19,20,19.8,17.5,9.7,25.4,20.4,16.5,5.0,16.3,4.92,14.4,16.5,4.4,15.350000000000001,4.66,18.666666666666668,6.0,17.55,18.366666666666667,13.568303571428572
25,2,Jae Crowder,0.0,MEM,PHO,7.0,237.0,115.0,3,13.0,28.4,62.0,SF/PF,4500,0,16.0,10.0,105,109,-1%,16,11,10,31,29,31,28.4,26.5,15.4,37.6,25.3,11.8,2.6,23.8,5.28,23.9,29.0,5.3,23.85,5.29,30.333333333333332,12.333333333333334,26.35,34.46666666666667,22.801648351648353
25,3,Kyle Kuzma,0.0,LAL,DET,-14.5,220.0,117.3,22,7.8,23.9,34.0,SF/PF,4800,1,22.0,11.0,102,110,5%,13,13,11,23,26,24,23.9,19.9,11.2,28.7,21.0,11.0,2.3,23.5,4.9,24.1,26.0,5.0,23.8,4.95,24.333333333333332,12.333333333333334,21.5,21.900000000000002,25.43013698630137
25,4,Devin Booker,0.0,PHO,MEM,-7.0,237.0,122.0,19,44.3,49.0,54.8,PG/SG,8200,1,29.0,20.0,106,110,6%,25,23,18,38,38,36,49.0,41.5,29.7,53.2,37.2,51.0,6.2,43.8,5.34,43.3,36.5,5.3,43.55,5.32,37.333333333333336,22.0,43.39,49.36666666666667,42.577901785714275
25,5,Mario Hezonja,0.0,POR,MIA,5.5,219.5,107.0,18,2.5,8.4,20.5,SF/PF,3000,1,14.0,8.0,101,104,-3%,5,3,4,15,14,17,8.4,11.9,3.7,20.2,19.6,20.8,6.9,14.8,4.92,12.9,18.0,4.3,13.850000000000001,4.609999999999999,15.333333333333334,4.0,11.610000000000001,10.466666666666667,16.258695652173913
25,6,John Henson,0.0,CLE,MIN,4.0,214.5,105.3,17,0.0,11.9,23.8,C,3400,0,0.0,0.0,105,107,-1%,5,3,3,14,13,13,15.1,14.6,7.7,21.5,23.4,26.8,7.9,27.3,8.01,27.8,25.5,8.2,27.55,8.105,13.333333333333334,3.6666666666666665,17.29,11.9,52.689375000000005
25,7,Jarrett Culver,0.0,MIN,CLE,-4.0,214.5,109.3,15,13.5,24.8,41.3,PG/SG,5300,2,20.0,8.0,101,113,6%,14,13,9,33,28,23,24.6,18.5,8.6,28.4,28.1,34.8,6.6,16.3,3.07,20.1,22.5,3.8,18.200000000000003,3.4349999999999996,28.0,12.0,19.66,26.53333333333333,14.625000000000004
27,0,Ricky Rubio,0.0,PHO,MEM,-7.0,237.0,122.0,19,20.5,34.1,46.8,PG,6800,1,23.0,17.0,106,110,6%,7,10,12,29,31,32,34.0,37.5,27.6,47.5,36.9,28.3,4.2,37.3,5.48,38.1,33.0,5.6,37.7,5.54,30.666666666666668,9.666666666666666,36.86,33.800000000000004,40.56847826086957
27,1,Kentavious Caldwell-Pope,0.0,LAL,DET,-14.5,220.0,117.3,28,8.5,19.3,30.3,SG/SF,3600,1,15.0,11.0,102,110,-3%,6,7,8,26,28,27,19.3,17.7,11.3,24.1,25.8,14.0,3.9,17.5,4.86,17.9,25.0,5.0,17.7,4.93,27.0,7.0,18.020000000000003,19.366666666666667,16.38888888888889
27,2,Brandon Clarke,0.0,MEM,PHO,7.0,237.0,115.0,18,17.0,24.8,36.3,PF/C,4800,0,20.0,23.0,105,109,-1%,7,8,9,19,21,22,24.5,24.8,18.0,31.5,21.5,20.8,4.3,25.3,5.26,23.0,21.0,4.8,24.15,5.029999999999999,20.666666666666668,8.0,24.589999999999996,26.03333333333333,24.539516129032258
27,3,Nassir Little,0.0,POR,MIA,5.5,219.5,107.0,18,0.0,2.1,3.5,SF/PF,3000,1,13.0,8.0,101,104,1%,1,1,3,6,9,13,1.6,9.1,0.4,17.7,4.0,3.8,1.3,3.0,1.0,0.0,0.0,0.0,1.5,0.5,9.333333333333334,1.6666666666666667,6.06,1.8666666666666665,0.0
27,4,Shabazz Napier,0.0,MIN,CLE,-4.0,214.5,109.3,15,16.5,31.7,43.3,PG/SG,6300,2,23.0,14.0,101,113,6%,11,13,8,32,29,21,31.6,21.0,9.4,32.5,30.1,36.5,5.8,20.0,3.17,23.3,23.5,3.7,21.65,3.435,27.333333333333332,10.666666666666666,23.23,30.5,18.61371951219512
27,5,Kelan Martin,0.0,MIN,CLE,-4.0,214.5,109.3,29,7.8,19.3,28.0,SF,4200,2,16.0,7.0,101,113,3%,10,9,6,26,24,17,19.3,12.2,3.1,21.3,19.7,15.5,3.7,20.0,4.76,0.0,0.0,0.0,10.0,2.38,22.333333333333332,8.333333333333334,13.180000000000001,18.366666666666667,0.0
27,6,Dwight Howard,0.0,LAL,DET,-14.5,220.0,117.3,8,6.8,18.2,29.0,C,3800,1,13.0,17.0,102,110,-4%,4,5,4,16,17,20,18.1,19.6,11.6,27.6,21.4,31.3,8.2,18.3,4.8,18.0,17.5,4.7,18.15,4.75,17.666666666666668,4.333333333333333,19.01,18.0,17.978773584905657
27,7,Sekou Doumbouya,0.0,DET,LAL,14.5,220.0,102.8,28,0.0,14.4,40.0,SF/PF,5000,0,0.0,0.0,103,102,-6%,11,5,4,33,16,10,14.8,9.2,-5.1,23.5,34.0,19.3,3.9,17.8,3.55,24.1,31.0,4.8,20.950000000000003,4.175,19.666666666666668,6.666666666666667,12.67,18.133333333333333,33.022881355932206
30,0,Shabazz Napier,0.0,MIN,CLE,-4.0,214.5,109.3,15,16.5,31.7,43.3,PG/SG,6300,2,23.0,14.0,101,113,6%,11,13,8,32,29,21,31.6,21.0,9.4,32.5,30.1,36.5,5.8,20.0,3.17,23.3,23.5,3.7,21.65,3.435,27.333333333333332,10.666666666666666,23.23,30.5,18.61371951219512
30,1,Tyus Jones,0.0,MEM,PHO,7.0,237.0,115.0,20,10.3,19.8,25.0,PG/SG,3300,0,18.0,14.0,105,109,3%,6,6,6,17,19,20,19.8,17.5,9.7,25.4,20.4,16.5,5.0,16.3,4.92,14.4,16.5,4.4,15.350000000000001,4.66,18.666666666666668,6.0,17.55,18.366666666666667,13.568303571428572
30,2,Carmelo Anthony,0.0,POR,MIA,5.5,219.5,107.0,18,18.8,25.9,35.8,SF/PF,6100,1,23.0,14.0,101,104,1%,13,14,15,31,34,33,25.9,29.8,20.3,39.2,37.3,17.5,2.9,28.8,4.71,30.6,34.5,5.0,29.700000000000003,4.855,32.666666666666664,14.0,28.98,26.833333333333332,31.366836734693884
30,3,Josh Okogie,0.0,MIN,CLE,-4.0,214.5,109.3,7,7.0,15.2,22.5,SG/SF,4000,2,16.0,10.0,101,113,11%,7,6,6,24,21,24,15.2,18.0,10.6,25.4,17.3,12.3,3.1,12.5,3.13,13.4,18.0,3.4,12.95,3.2649999999999997,23.0,6.333333333333333,16.43,14.9,10.134782608695652
30,4,Kent Bazemore,0.0,POR,MIA,5.5,219.5,107.0,23,13.8,17.0,22.0,SG/SF,3700,1,16.0,8.0,101,104,-3%,9,7,8,32,28,25,16.9,18.7,11.4,26.1,35.4,18.8,5.1,25.8,6.96,22.5,33.0,6.1,24.15,6.529999999999999,28.333333333333332,8.0,19.45,17.599999999999998,28.127647058823527
30,5,Keita Bates-Diop,0.0,MIN,CLE,-4.0,214.5,109.3,29,7.3,16.8,33.3,SF/PF,3500,2,15.0,13.0,101,113,3%,9,7,6,21,19,18,16.8,13.8,4.5,23.1,14.2,1.3,0.4,16.0,4.57,11.5,15.0,3.3,13.75,3.935,19.333333333333332,7.333333333333333,14.39,19.133333333333333,10.668103448275863
30,6,Deandre Ayton,0.0,PHO,MEM,-7.0,237.0,122.0,9,20.0,37.2,43.3,C,6900,1,0.0,0.0,106,110,5%,12,13,13,35,29,29,37.2,37.2,27.5,46.9,31.7,41.5,6.0,41.0,5.94,43.0,35.0,6.2,42.0,6.07,31.0,12.666666666666666,38.160000000000004,33.5,47.41935483870967
30,7,Kentavious Caldwell-Pope,0.0,LAL,DET,-14.5,220.0,117.3,28,8.5,19.3,30.3,SG/SF,3600,1,15.0,11.0,102,110,-3%,6,7,8,26,28,27,19.3,17.7,11.3,24.1,25.8,14.0,3.9,17.5,4.86,17.9,25.0,5.0,17.7,4.93,27.0,7.0,18.020000000000003,19.366666666666667,16.38888888888889
31,0,Ricky Rubio,0.0,PHO,MEM,-7.0,237.0,122.0,19,20.5,34.1,46.8,PG,6800,1,23.0,17.0,106,110,6%,7,10,12,29,31,32,34.0,37.5,27.6,47.5,36.9,28.3,4.2,37.3,5.48,38.1,33.0,5.6,37.7,5.54,30.666666666666668,9.666666666666666,36.86,33.800000000000004,40.56847826086957
31,1,Tony Snell,0.0,DET,LAL,14.5,220.0,102.8,4,8.3,11.5,17.8,SG/SF,3500,0,12.0,10.0,103,102,-1%,7,6,7,23,23,27,11.5,14.6,8.2,21.0,13.1,2.8,0.8,16.3,4.64,13.1,23.5,3.7,14.7,4.17,24.333333333333332,6.666666666666667,14.0,12.533333333333333,14.196575342465755
31,2,Carmelo Anthony,0.0,POR,MIA,5.5,219.5,107.0,18,18.8,25.9,35.8,SF/PF,6100,1,23.0,14.0,101,104,1%,13,14,15,31,34,33,25.9,29.8,20.3,39.2,37.3,17.5,2.9,28.8,4.71,30.6,34.5,5.0,29.700000000000003,4.855,32.666666666666664,14.0,28.98,26.833333333333332,31.366836734693884
31,3,LeBron James,0.0,LAL,DET,-14.5,220.0,117.3,3,45.5,58.1,72.3,PG/SF,11000,1,34.0,26.0,102,110,4%,19,17,20,38,37,36,58.4,56.2,44.9,67.4,35.0,58.0,5.3,57.8,5.25,57.4,34.5,5.2,57.599999999999994,5.225,37.0,18.666666666666668,56.9,58.633333333333326,53.70810810810811
31,4,Kendrick Nunn,0.0,MIA,POR,-5.5,219.5,112.5,23,13.8,23.0,29.5,PG/SG,4500,1,24.0,13.0,104,109,5%,11,11,14,31,29,31,23.0,26.9,17.6,36.1,27.5,26.0,5.8,28.0,6.22,29.0,33.0,6.4,28.5,6.3100000000000005,30.333333333333332,12.0,26.419999999999998,22.099999999999998,31.005494505494504
31,5,Mikal Bridges,0.0,PHO,MEM,-7.0,237.0,122.0,5,12.5,17.3,24.8,SG/SF,3700,1,13.0,13.0,106,110,6%,4,5,5,22,24,22,17.3,16.9,8.5,25.3,31.5,30.8,8.3,20.0,5.41,18.0,23.0,4.9,19.0,5.155,22.666666666666668,4.666666666666667,17.4,18.2,19.27941176470588
31,6,Hassan Whiteside,0.0,POR,MIA,5.5,219.5,107.0,30,18.5,45.0,61.8,C,8500,1,20.0,26.0,101,104,-6%,14,11,11,33,32,30,45.0,41.6,30.2,53.0,32.1,48.5,5.7,42.0,4.94,44.3,33.5,5.2,43.15,5.07,31.666666666666668,12.0,42.589999999999996,41.766666666666666,45.64815789473684
31,7,Kent Bazemore,0.0,POR,MIA,5.5,219.5,107.0,23,13.8,17.0,22.0,SG/SF,3700,1,16.0,8.0,101,104,-3%,9,7,8,32,28,25,16.9,18.7,11.4,26.1,35.4,18.8,5.1,25.8,6.96,22.5,33.0,6.1,24.15,6.529999999999999,28.333333333333332,8.0,19.45,17.599999999999998,28.127647058823527
32,0,Kendrick Nunn,0.0,MIA,POR,-5.5,219.5,112.5,23,13.8,23.0,29.5,PG/SG,4500,1,24.0,13.0,104,109,5%,11,11,14,31,29,31,23.0,26.9,17.6,36.1,27.5,26.0,5.8,28.0,6.22,29.0,33.0,6.4,28.5,6.3100000000000005,30.333333333333332,12.0,26.419999999999998,22.099999999999998,31.005494505494504
32,1,Dillon Brooks,0.0,MEM,PHO,7.0,237.0,115.0,17,12.0,20.8,32.8,SG/SF,4900,0,23.0,11.0,105,109,6%,18,13,13,28,27,28,20.8,24.7,15.6,33.8,29.5,28.5,5.8,23.3,4.74,23.8,27.0,4.9,23.55,4.82,27.666666666666668,14.666666666666666,23.689999999999998,21.866666666666664,22.98253012048193
32,2,Solomon Hill,0.0,MEM,PHO,7.0,237.0,115.0,3,4.3,9.8,15.3,SF/PF,3100,0,14.0,10.0,105,109,6%,3,3,5,16,17,20,9.8,14.6,7.8,21.5,16.4,17.8,5.7,10.3,3.31,10.0,14.5,3.2,10.15,3.255,17.666666666666668,3.6666666666666665,12.77,9.8,8.33066037735849
32,3,Svi Mykhailiuk,0.0,DET,LAL,14.5,220.0,102.8,4,7.8,19.8,26.5,SG/SF,4200,0,16.0,10.0,103,102,-3%,12,10,6,30,26,19,19.8,12.3,4.5,20.0,31.6,24.3,5.8,20.3,4.82,16.6,25.0,4.0,18.450000000000003,4.41,25.0,9.333333333333334,15.010000000000002,18.033333333333335,18.450000000000003
32,4,Duncan Robinson,0.0,MIA,POR,-5.5,219.5,112.5,8,13.0,20.7,27.8,SG/SF,3800,1,15.0,14.0,104,109,5%,8,9,9,25,26,28,20.7,20.8,11.2,30.4,35.5,17.3,4.6,18.5,4.87,21.3,29.5,5.6,19.9,5.234999999999999,26.333333333333332,8.666666666666666,20.6,20.5,22.293037974683546
32,5,Kyle Kuzma,0.0,LAL,DET,-14.5,220.0,117.3,22,7.8,23.9,34.0,SF/PF,4800,1,22.0,11.0,102,110,5%,13,13,11,23,26,24,23.9,19.9,11.2,28.7,21.0,11.0,2.3,23.5,4.9,24.1,26.0,5.0,23.8,4.95,24.333333333333332,12.333333333333334,21.5,21.900000000000002,25.43013698630137
32,6,Gorgui Dieng,0.0,MIN,CLE,-4.0,214.5,109.3,12,16.8,33.2,48.5,C,5900,2,17.0,17.0,101,113,0%,10,10,6,26,30,17,33.1,19.6,6.5,32.6,29.3,57.8,9.8,28.5,4.83,33.4,28.5,5.7,30.95,5.265000000000001,24.333333333333332,8.666666666666666,24.550000000000004,32.833333333333336,36.24965753424658
32,7,Derrick Rose,0.0,DET,LAL,14.5,220.0,102.8,16,25.0,30.5,40.8,PG/SG,5800,0,32.0,22.0,103,102,-2%,16,15,14,28,26,25,30.4,30.4,22.7,38.2,28.9,43.3,7.5,28.3,4.87,30.8,26.5,5.3,29.55,5.085,26.333333333333332,15.0,30.25,32.1,29.737025316455696
33,0,Damian Lillard,0.0,POR,MIA,5.5,219.5,107.0,10,38.5,48.6,54.0,PG,8800,1,30.0,25.0,101,104,-10%,20,20,20,35,37,38,48.6,47.1,37.2,56.9,41.6,62.3,7.1,46.0,5.23,46.2,38.5,5.3,46.1,5.265000000000001,36.666666666666664,20.0,47.18,47.03333333333333,48.405
33,1,Mikal Bridges,0.0,PHO,MEM,-7.0,237.0,122.0,5,12.5,17.3,24.8,SG/SF,3700,1,13.0,13.0,106,110,6%,4,5,5,22,24,22,17.3,16.9,8.5,25.3,31.5,30.8,8.3,20.0,5.41,18.0,23.0,4.9,19.0,5.155,22.666666666666668,4.666666666666667,17.4,18.2,19.27941176470588
33,2,Jae Crowder,0.0,MEM,PHO,7.0,237.0,115.0,3,13.0,28.4,62.0,SF/PF,4500,0,16.0,10.0,105,109,-1%,16,11,10,31,29,31,28.4,26.5,15.4,37.6,25.3,11.8,2.6,23.8,5.28,23.9,29.0,5.3,23.85,5.29,30.333333333333332,12.333333333333334,26.35,34.46666666666667,22.801648351648353
33,3,Dillon Brooks,0.0,MEM,PHO,7.0,237.0,115.0,17,12.0,20.8,32.8,SG/SF,4900,0,23.0,11.0,105,109,6%,18,13,13,28,27,28,20.8,24.7,15.6,33.8,29.5,28.5,5.8,23.3,4.74,23.8,27.0,4.9,23.55,4.82,27.666666666666668,14.666666666666666,23.689999999999998,21.866666666666664,22.98253012048193
33,4,Gary Trent Jr.,0.0,POR,MIA,5.5,219.5,107.0,23,5.5,8.7,18.8,SG,3000,1,14.0,9.0,101,104,-3%,5,5,4,17,16,12,8.7,7.3,1.2,13.4,17.1,7.0,2.3,15.8,5.25,17.2,27.5,5.7,16.5,5.475,15.0,4.666666666666667,9.419999999999998,11.0,30.250000000000004
33,5,Kentavious Caldwell-Pope,0.0,LAL,DET,-14.5,220.0,117.3,28,8.5,19.3,30.3,SG/SF,3600,1,15.0,11.0,102,110,-3%,6,7,8,26,28,27,19.3,17.7,11.3,24.1,25.8,14.0,3.9,17.5,4.86,17.9,25.0,5.0,17.7,4.93,27.0,7.0,18.020000000000003,19.366666666666667,16.38888888888889
33,6,Jaren Jackson Jr.,0.0,MEM,PHO,7.0,237.0,115.0,18,29.0,35.5,41.5,PF/C,6600,0,24.0,17.0,105,109,-1%,12,14,14,33,31,29,35.5,31.6,21.7,41.6,30.9,38.5,5.8,32.8,4.96,34.4,31.5,5.2,33.599999999999994,5.08,31.0,13.333333333333334,32.8,35.333333333333336,34.14193548387097
33,7,Josh Okogie,0.0,MIN,CLE,-4.0,214.5,109.3,7,7.0,15.2,22.5,SG/SF,4000,2,16.0,10.0,101,113,11%,7,6,6,24,21,24,15.2,18.0,10.6,25.4,17.3,12.3,3.1,12.5,3.13,13.4,18.0,3.4,12.95,3.2649999999999997,23.0,6.333333333333333,16.43,14.9,10.134782608695652
34,0,Ricky Rubio,0.0,PHO,MEM,-7.0,237.0,122.0,19,20.5,34.1,46.8,PG,6800,1,23.0,17.0,106,110,6%,7,10,12,29,31,32,34.0,37.5,27.6,47.5,36.9,28.3,4.2,37.3,5.48,38.1,33.0,5.6,37.7,5.54,30.666666666666668,9.666666666666666,36.86,33.800000000000004,40.56847826086957
34,1,Elie Okobo,0.0,PHO,MEM,-7.0,237.0,122.0,19,0.0,7.8,14.3,PG/SG,3000,1,20.0,16.0,106,110,6%,3,2,4,12,9,11,7.8,10.9,1.5,20.2,11.1,8.3,2.8,9.5,3.17,11.9,13.0,4.0,10.7,3.585,10.666666666666666,3.0,10.219999999999999,7.366666666666667,13.040625
34,2,Robert Covington,0.0,MIN,CLE,-4.0,214.5,109.3,29,29.3,36.5,47.0,SF/PF,6300,2,17.0,14.0,101,113,3%,10,12,10,32,35,29,36.5,27.1,17.9,36.2,33.9,32.5,5.2,28.0,4.44,30.9,30.5,4.9,29.45,4.67,32.0,10.666666666666666,29.43,37.6,28.06953125
34,3,Carmelo Anthony,0.0,POR,MIA,5.5,219.5,107.0,18,18.8,25.9,35.8,SF/PF,6100,1,23.0,14.0,101,104,1%,13,14,15,31,34,33,25.9,29.8,20.3,39.2,37.3,17.5,2.9,28.8,4.71,30.6,34.5,5.0,29.700000000000003,4.855,32.666666666666664,14.0,28.98,26.833333333333332,31.366836734693884
34,4,Darius Garland,0.0,CLE,MIN,4.0,214.5,105.3,2,7.0,25.1,35.3,PG,4600,0,21.0,8.0,105,107,4%,13,11,11,35,32,29,25.1,20.0,12.1,28.0,35.3,17.0,3.7,27.0,5.87,25.3,33.5,5.5,26.15,5.6850000000000005,32.0,11.666666666666666,22.27,22.46666666666667,27.37578125
34,5,Keita Bates-Diop,0.0,MIN,CLE,-4.0,214.5,109.3,29,7.3,16.8,33.3,SF/PF,3500,2,15.0,13.0,101,113,3%,9,7,6,21,19,18,16.8,13.8,4.5,23.1,14.2,1.3,0.4,16.0,4.57,11.5,15.0,3.3,13.75,3.935,19.333333333333332,7.333333333333333,14.39,19.133333333333333,10.668103448275863
34,6,Andre Drummond,0.0,DET,LAL,14.5,220.0,102.8,10,28.5,44.2,59.5,C,9400,0,24.0,22.0,103,102,-11%,12,12,14,28,31,33,44.1,48.5,36.2,60.9,40.5,45.0,4.8,45.8,4.87,45.3,32.5,4.8,45.55,4.835,30.666666666666668,12.666666666666666,47.05,44.06666666666666,48.27309782608695
34,7,De'Anthony Melton,0.0,MEM,PHO,7.0,237.0,115.0,20,15.0,24.7,29.5,PG/SG,4100,0,21.0,18.0,105,109,3%,8,7,6,19,19,17,24.7,19.7,9.4,29.9,15.5,14.5,3.5,20.8,5.06,20.7,20.0,5.0,20.75,5.029999999999999,18.333333333333332,7.0,20.89,23.066666666666666,22.636363636363637
35,0,Grayson Allen,0.0,MEM,PHO,7.0,237.0,115.0,20,2.0,11.8,25.3,PG/SG,3100,0,19.0,11.0,105,109,1%,3,5,7,11,15,18,11.8,14.1,7.6,20.7,12.5,6.8,2.2,9.5,3.06,9.6,13.0,3.1,9.55,3.08,14.666666666666666,5.0,12.75,13.033333333333333,8.46477272727273
35,1,Shabazz Napier,0.0,MIN,CLE,-4.0,214.5,109.3,15,16.5,31.7,43.3,PG/SG,6300,2,23.0,14.0,101,113,6%,11,13,8,32,29,21,31.6,21.0,9.4,32.5,30.1,36.5,5.8,20.0,3.17,23.3,23.5,3.7,21.65,3.435,27.333333333333332,10.666666666666666,23.23,30.5,18.61371951219512
35,2,Derrick Jones Jr.,0.0,MIA,POR,-5.5,219.5,112.5,19,9.5,20.0,25.5,SF/PF,3300,1,14.0,12.0,104,109,8%,10,8,6,30,31,25,20.0,18.3,10.3,26.3,36.3,36.0,10.9,22.8,6.89,26.4,32.0,8.0,24.6,7.445,28.666666666666668,8.0,19.9,18.333333333333332,27.46046511627907
35,3,Kevin Porter Jr.,0.0,CLE,MIN,4.0,214.5,105.3,27,15.8,22.7,29.8,SG/SF,4400,0,20.0,10.0,105,107,4%,13,11,8,26,26,22,22.7,17.2,9.7,24.8,19.4,13.3,3.0,26.5,6.02,26.0,29.0,5.9,26.25,5.96,24.666666666666668,10.666666666666666,20.130000000000003,22.766666666666666,30.86148648648648
35,4,Goran Dragic,0.0,MIA,POR,-5.5,219.5,112.5,23,18.0,24.1,35.5,PG,5100,1,26.0,16.0,104,109,5%,10,12,12,22,26,28,24.1,29.0,21.7,36.3,29.8,55.3,10.8,30.8,6.03,29.0,28.0,5.7,29.9,5.865,25.333333333333332,11.333333333333334,28.2,25.866666666666664,33.04736842105263
35,5,Brandon Clarke,0.0,MEM,PHO,7.0,237.0,115.0,18,17.0,24.8,36.3,PF/C,4800,0,20.0,23.0,105,109,-1%,7,8,9,19,21,22,24.5,24.8,18.0,31.5,21.5,20.8,4.3,25.3,5.26,23.0,21.0,4.8,24.15,5.029999999999999,20.666666666666668,8.0,24.589999999999996,26.03333333333333,24.539516129032258
35,6,Naz Reid,0.0,MIN,CLE,-4.0,214.5,109.3,4,1.3,14.3,25.0,PF/C,4000,2,0.0,0.0,101,113,0%,11,8,8,19,13,13,14.3,14.3,3.0,25.5,10.8,20.0,5.0,18.8,4.69,0.0,0.0,0.0,9.4,2.345,15.0,9.0,13.3,13.533333333333333,0.0
35,7,JaVale McGee,0.0,LAL,DET,-14.5,220.0,117.3,8,11.0,18.1,24.8,C,3600,1,16.0,21.0,102,110,-4%,4,4,5,17,15,17,18.1,19.0,9.3,28.8,20.5,25.3,7.0,17.0,4.72,17.7,15.5,4.9,17.35,4.8100000000000005,16.333333333333332,4.333333333333333,18.51,17.96666666666667,16.46479591836735
36,0,Ja Morant,0.0,MEM,PHO,7.0,237.0,115.0,20,19.3,29.3,42.0,PG,6200,0,28.0,18.0,105,109,3%,12,10,14,31,30,30,29.3,33.6,23.7,43.5,27.8,24.8,4.0,33.5,5.4,34.5,30.0,5.6,34.0,5.5,30.333333333333332,12.0,32.82,30.2,33.62637362637363
36,1,Langston Galloway,0.0,DET,LAL,14.5,220.0,102.8,16,9.8,14.7,21.8,PG/SG,3300,0,16.0,13.0,103,102,-1%,8,7,8,21,21,26,14.5,18.1,11.3,24.9,22.7,30.8,9.3,15.5,4.7,13.9,20.5,4.2,14.7,4.45,22.666666666666668,7.666666666666667,16.7,15.433333333333332,13.294852941176469
36,2,Nassir Little,0.0,POR,MIA,5.5,219.5,107.0,18,0.0,2.1,3.5,SF/PF,3000,1,13.0,8.0,101,104,1%,1,1,3,6,9,13,1.6,9.1,0.4,17.7,4.0,3.8,1.3,3.0,1.0,0.0,0.0,0.0,1.5,0.5,9.333333333333334,1.6666666666666667,6.06,1.8666666666666665,0.0
36,3,Jae Crowder,0.0,MEM,PHO,7.0,237.0,115.0,3,13.0,28.4,62.0,SF/PF,4500,0,16.0,10.0,105,109,-1%,16,11,10,31,29,31,28.4,26.5,15.4,37.6,25.3,11.8,2.6,23.8,5.28,23.9,29.0,5.3,23.85,5.29,30.333333333333332,12.333333333333334,26.35,34.46666666666667,22.801648351648353
36,4,Avery Bradley,0.0,LAL,DET,-14.5,220.0,117.3,3,4.0,13.5,31.3,PG/SG,3900,1,16.0,8.0,102,110,-3%,9,7,8,31,24,25,13.4,14.9,7.1,22.7,12.4,10.5,2.7,18.0,4.62,14.9,24.0,3.8,16.45,4.21,26.666666666666668,8.0,14.91,16.266666666666666,14.805
36,5,Svi Mykhailiuk,0.0,DET,LAL,14.5,220.0,102.8,4,7.8,19.8,26.5,SG/SF,4200,0,16.0,10.0,103,102,-3%,12,10,6,30,26,19,19.8,12.3,4.5,20.0,31.6,24.3,5.8,20.3,4.82,16.6,25.0,4.0,18.450000000000003,4.41,25.0,9.333333333333334,15.010000000000002,18.033333333333335,18.450000000000003
36,6,Jaren Jackson Jr.,0.0,MEM,PHO,7.0,237.0,115.0,18,29.0,35.5,41.5,PF/C,6600,0,24.0,17.0,105,109,-1%,12,14,14,33,31,29,35.5,31.6,21.7,41.6,30.9,38.5,5.8,32.8,4.96,34.4,31.5,5.2,33.599999999999994,5.08,31.0,13.333333333333334,32.8,35.333333333333336,34.14193548387097
36,7,Ricky Rubio,0.0,PHO,MEM,-7.0,237.0,122.0,19,20.5,34.1,46.8,PG,6800,1,23.0,17.0,106,110,6%,7,10,12,29,31,32,34.0,37.5,27.6,47.5,36.9,28.3,4.2,37.3,5.48,38.1,33.0,5.6,37.7,5.54,30.666666666666668,9.666666666666666,36.86,33.800000000000004,40.56847826086957
37,0,Bruce Brown Jr.,0.0,DET,LAL,14.5,220.0,102.8,16,22.0,27.6,32.3,PG/SF,5200,0,17.0,12.0,103,102,-1%,12,8,8,30,32,28,27.6,23.1,12.9,33.3,26.6,21.5,4.1,25.8,4.95,24.4,29.5,4.7,25.1,4.825,30.0,9.333333333333334,24.4,27.3,24.68166666666667
37,1,Shabazz Napier,0.0,MIN,CLE,-4.0,214.5,109.3,15,16.5,31.7,43.3,PG/SG,6300,2,23.0,14.0,101,113,6%,11,13,8,32,29,21,31.6,21.0,9.4,32.5,30.1,36.5,5.8,20.0,3.17,23.3,23.5,3.7,21.65,3.435,27.333333333333332,10.666666666666666,23.23,30.5,18.61371951219512
37,2,Cameron Johnson,0.0,PHO,MEM,-7.0,237.0,122.0,15,6.3,10.0,17.0,SF/PF,3000,1,16.0,12.0,106,110,6%,4,4,7,16,20,21,9.8,16.0,7.8,24.3,12.4,3.5,1.2,14.3,4.75,13.4,18.5,4.5,13.850000000000001,4.625,19.0,5.0,14.35,11.1,13.485526315789475
37,3,Derrick Jones Jr.,0.0,MIA,POR,-5.5,219.5,112.5,19,9.5,20.0,25.5,SF/PF,3300,1,14.0,12.0,104,109,8%,10,8,6,30,31,25,20.0,18.3,10.3,26.3,36.3,36.0,10.9,22.8,6.89,26.4,32.0,8.0,24.6,7.445,28.666666666666668,8.0,19.9,18.333333333333332,27.46046511627907
37,4,Josh Okogie,0.0,MIN,CLE,-4.0,214.5,109.3,7,7.0,15.2,22.5,SG/SF,4000,2,16.0,10.0,101,113,11%,7,6,6,24,21,24,15.2,18.0,10.6,25.4,17.3,12.3,3.1,12.5,3.13,13.4,18.0,3.4,12.95,3.2649999999999997,23.0,6.333333333333333,16.43,14.9,10.134782608695652
37,5,Aron Baynes,0.0,PHO,MEM,-7.0,237.0,122.0,21,15.3,26.6,42.0,PF/C,4900,1,20.0,17.0,106,110,5%,11,10,10,25,27,25,26.8,26.4,15.6,37.1,26.1,21.8,4.4,25.8,5.26,27.8,27.5,5.7,26.8,5.48,25.666666666666668,10.333333333333334,26.540000000000003,27.96666666666667,28.71428571428571
37,6,Anthony Tolliver,0.0,POR,MIA,5.5,219.5,107.0,13,3.5,10.1,17.8,PF/C,3000,1,11.0,7.0,101,104,1%,2,3,3,19,17,16,10.1,9.5,2.3,16.8,16.8,6.3,2.1,10.3,3.42,9.3,15.5,3.1,9.8,3.26,17.333333333333332,2.6666666666666665,9.7,10.466666666666667,8.76346153846154
37,7,Goran Dragic,0.0,MIA,POR,-5.5,219.5,112.5,23,18.0,24.1,35.5,PG,5100,1,26.0,16.0,104,109,5%,10,12,12,22,26,28,24.1,29.0,21.7,36.3,29.8,55.3,10.8,30.8,6.03,29.0,28.0,5.7,29.9,5.865,25.333333333333332,11.333333333333334,28.2,25.866666666666664,33.04736842105263
38,0,Kendrick Nunn,0.0,MIA,POR,-5.5,219.5,112.5,23,13.8,23.0,29.5,PG/SG,4500,1,24.0,13.0,104,109,5%,11,11,14,31,29,31,23.0,26.9,17.6,36.1,27.5,26.0,5.8,28.0,6.22,29.0,33.0,6.4,28.5,6.3100000000000005,30.333333333333332,12.0,26.419999999999998,22.099999999999998,31.005494505494504
38,1,Devin Booker,0.0,PHO,MEM,-7.0,237.0,122.0,19,44.3,49.0,54.8,PG/SG,8200,1,29.0,20.0,106,110,6%,25,23,18,38,38,36,49.0,41.5,29.7,53.2,37.2,51.0,6.2,43.8,5.34,43.3,36.5,5.3,43.55,5.32,37.333333333333336,22.0,43.39,49.36666666666667,42.577901785714275
38,2,Cedi Osman,0.0,CLE,MIN,4.0,214.5,105.3,20,16.8,24.9,29.0,SF/PF,4300,0,16.0,11.0,105,107,6%,11,10,9,31,29,29,24.9,20.7,12.4,28.9,29.7,11.5,2.7,24.5,5.7,25.5,32.5,5.9,25.0,5.800000000000001,29.666666666666668,10.0,22.380000000000003,23.566666666666666,27.3876404494382
38,3,Cameron Johnson,0.0,PHO,MEM,-7.0,237.0,122.0,15,6.3,10.0,17.0,SF/PF,3000,1,16.0,12.0,106,110,6%,4,4,7,16,20,21,9.8,16.0,7.8,24.3,12.4,3.5,1.2,14.3,4.75,13.4,18.5,4.5,13.850000000000001,4.625,19.0,5.0,14.35,11.1,13.485526315789475
38,4,Josh Okogie,0.0,MIN,CLE,-4.0,214.5,109.3,7,7.0,15.2,22.5,SG/SF,4000,2,16.0,10.0,101,113,11%,7,6,6,24,21,24,15.2,18.0,10.6,25.4,17.3,12.3,3.1,12.5,3.13,13.4,18.0,3.4,12.95,3.2649999999999997,23.0,6.333333333333333,16.43,14.9,10.134782608695652
38,5,Nassir Little,0.0,POR,MIA,5.5,219.5,107.0,18,0.0,2.1,3.5,SF/PF,3000,1,13.0,8.0,101,104,1%,1,1,3,6,9,13,1.6,9.1,0.4,17.7,4.0,3.8,1.3,3.0,1.0,0.0,0.0,0.0,1.5,0.5,9.333333333333334,1.6666666666666667,6.06,1.8666666666666665,0.0
38,6,JaVale McGee,0.0,LAL,DET,-14.5,220.0,117.3,8,11.0,18.1,24.8,C,3600,1,16.0,21.0,102,110,-4%,4,4,5,17,15,17,18.1,19.0,9.3,28.8,20.5,25.3,7.0,17.0,4.72,17.7,15.5,4.9,17.35,4.8100000000000005,16.333333333333332,4.333333333333333,18.51,17.96666666666667,16.46479591836735
38,7,Dante Exum,0.0,CLE,MIN,4.0,214.5,105.3,2,7.3,12.3,16.8,PG/SG,3200,0,0.0,0.0,105,107,4%,4,4,3,15,15,10,12.1,7.0,1.9,12.1,24.2,37.3,11.7,13.8,4.3,13.7,16.0,4.3,13.75,4.3,13.333333333333334,3.6666666666666665,9.370000000000001,12.133333333333335,16.5
39,0,Damian Lillard,0.0,POR,MIA,5.5,219.5,107.0,10,38.5,48.6,54.0,PG,8800,1,30.0,25.0,101,104,-10%,20,20,20,35,37,38,48.6,47.1,37.2,56.9,41.6,62.3,7.1,46.0,5.23,46.2,38.5,5.3,46.1,5.265000000000001,36.666666666666664,20.0,47.18,47.03333333333333,48.405
39,1,Jarrett Culver,0.0,MIN,CLE,-4.0,214.5,109.3,15,13.5,24.8,41.3,PG/SG,5300,2,20.0,8.0,101,113,6%,14,13,9,33,28,23,24.6,18.5,8.6,28.4,28.1,34.8,6.6,16.3,3.07,20.1,22.5,3.8,18.200000000000003,3.4349999999999996,28.0,12.0,19.66,26.53333333333333,14.625000000000004
39,2,Keita Bates-Diop,0.0,MIN,CLE,-4.0,214.5,109.3,29,7.3,16.8,33.3,SF/PF,3500,2,15.0,13.0,101,113,3%,9,7,6,21,19,18,16.8,13.8,4.5,23.1,14.2,1.3,0.4,16.0,4.57,11.5,15.0,3.3,13.75,3.935,19.333333333333332,7.333333333333333,14.39,19.133333333333333,10.668103448275863
39,3,Derrick Jones Jr.,0.0,MIA,POR,-5.5,219.5,112.5,19,9.5,20.0,25.5,SF/PF,3300,1,14.0,12.0,104,109,8%,10,8,6,30,31,25,20.0,18.3,10.3,26.3,36.3,36.0,10.9,22.8,6.89,26.4,32.0,8.0,24.6,7.445,28.666666666666668,8.0,19.9,18.333333333333332,27.46046511627907
39,4,Devin Booker,0.0,PHO,MEM,-7.0,237.0,122.0,19,44.3,49.0,54.8,PG/SG,8200,1,29.0,20.0,106,110,6%,25,23,18,38,38,36,49.0,41.5,29.7,53.2,37.2,51.0,6.2,43.8,5.34,43.3,36.5,5.3,43.55,5.32,37.333333333333336,22.0,43.39,49.36666666666667,42.577901785714275
39,5,Cameron Johnson,0.0,PHO,MEM,-7.0,237.0,122.0,15,6.3,10.0,17.0,SF/PF,3000,1,16.0,12.0,106,110,6%,4,4,7,16,20,21,9.8,16.0,7.8,24.3,12.4,3.5,1.2,14.3,4.75,13.4,18.5,4.5,13.850000000000001,4.625,19.0,5.0,14.35,11.1,13.485526315789475
39,6,Bam Adebayo,0.0,MIA,POR,-5.5,219.5,112.5,23,21.8,35.5,46.8,C,7600,1,20.0,20.0,104,109,6%,8,10,10,35,36,34,35.5,40.5,29.0,51.9,35.5,41.5,5.5,45.3,5.95,45.5,36.0,6.0,45.4,5.975,35.0,9.333333333333334,40.46,34.699999999999996,46.69714285714286
39,7,Kelly Oubre Jr.,0.0,PHO,MEM,-7.0,237.0,122.0,15,15.8,41.5,51.8,SF/PF,7100,1,21.0,16.0,106,110,6%,15,14,15,38,36,34,41.8,34.5,24.0,45.1,38.5,36.5,5.1,37.8,5.32,35.9,36.5,5.1,36.849999999999994,5.21,36.0,14.666666666666666,36.45,36.36666666666667,37.361805555555556
40,0,Tim Frazier,0.0,DET,LAL,14.5,220.0,102.8,16,8.5,17.1,30.5,PG,3300,0,20.0,12.0,103,102,-2%,3,5,4,15,19,13,17.1,12.1,3.9,20.3,5.3,0.5,0.2,13.5,4.09,13.1,15.5,4.0,13.3,4.045,15.666666666666666,4.0,13.34,18.7,13.158510638297873
40,1,Tyler Herro,0.0,MIA,POR,-5.5,219.5,112.5,8,11.8,20.0,26.8,SG,3700,1,22.0,11.0,104,109,5%,11,11,12,29,27,29,20.0,24.0,13.7,34.2,28.4,22.8,6.2,27.5,7.43,23.7,28.0,6.4,25.6,6.915,28.333333333333332,11.333333333333334,23.5,19.533333333333335,25.29882352941177
40,2,Meyers Leonard,0.0,MIA,POR,-5.5,219.5,112.5,14,2.0,14.2,20.8,PF/C,3300,1,12.0,11.0,104,109,6%,8,6,4,24,24,19,14.2,14.6,5.8,23.4,23.5,28.3,8.6,16.5,5.0,17.9,21.5,5.4,17.2,5.2,22.333333333333332,6.0,15.039999999999997,12.333333333333334,16.55820895522388
40,3,Kevin Porter Jr.,0.0,CLE,MIN,4.0,214.5,105.3,27,15.8,22.7,29.8,SG/SF,4400,0,20.0,10.0,105,107,4%,13,11,8,26,26,22,22.7,17.2,9.7,24.8,19.4,13.3,3.0,26.5,6.02,26.0,29.0,5.9,26.25,5.96,24.666666666666668,10.666666666666666,20.130000000000003,22.766666666666666,30.86148648648648
40,4,Dante Exum,0.0,CLE,MIN,4.0,214.5,105.3,2,7.3,12.3,16.8,PG/SG,3200,0,0.0,0.0,105,107,4%,4,4,3,15,15,10,12.1,7.0,1.9,12.1,24.2,37.3,11.7,13.8,4.3,13.7,16.0,4.3,13.75,4.3,13.333333333333334,3.6666666666666665,9.370000000000001,12.133333333333335,16.5
40,5,Naz Reid,0.0,MIN,CLE,-4.0,214.5,109.3,4,1.3,14.3,25.0,PF/C,4000,2,0.0,0.0,101,113,0%,11,8,8,19,13,13,14.3,14.3,3.0,25.5,10.8,20.0,5.0,18.8,4.69,0.0,0.0,0.0,9.4,2.345,15.0,9.0,13.3,13.533333333333333,0.0
40,6,Jaren Jackson Jr.,0.0,MEM,PHO,7.0,237.0,115.0,18,29.0,35.5,41.5,PF/C,6600,0,24.0,17.0,105,109,-1%,12,14,14,33,31,29,35.5,31.6,21.7,41.6,30.9,38.5,5.8,32.8,4.96,34.4,31.5,5.2,33.599999999999994,5.08,31.0,13.333333333333334,32.8,35.333333333333336,34.14193548387097
40,7,LeBron James,0.0,LAL,DET,-14.5,220.0,117.3,3,45.5,58.1,72.3,PG/SF,11000,1,34.0,26.0,102,110,4%,19,17,20,38,37,36,58.4,56.2,44.9,67.4,35.0,58.0,5.3,57.8,5.25,57.4,34.5,5.2,57.599999999999994,5.225,37.0,18.666666666666668,56.9,58.633333333333326,53.70810810810811
42,0,Anfernee Simons,0.0,POR,MIA,5.5,219.5,107.0,10,5.5,17.3,29.0,PG/SG,3500,1,19.0,10.0,101,104,-3%,6,9,9,21,25,22,17.3,15.7,7.9,23.4,34.4,29.5,8.4,20.3,5.79,19.8,28.0,5.7,20.05,5.745,22.666666666666668,8.0,16.869999999999997,17.266666666666666,24.767647058823528
42,1,Langston Galloway,0.0,DET,LAL,14.5,220.0,102.8,16,9.8,14.7,21.8,PG/SG,3300,0,16.0,13.0,103,102,-1%,8,7,8,21,21,26,14.5,18.1,11.3,24.9,22.7,30.8,9.3,15.5,4.7,13.9,20.5,4.2,14.7,4.45,22.666666666666668,7.666666666666667,16.7,15.433333333333332,13.294852941176469
42,2,Kyle Anderson,0.0,MEM,PHO,7.0,237.0,115.0,3,2.5,13.1,22.0,SF/PF,3100,0,15.0,13.0,105,109,6%,2,4,5,8,13,18,13.1,15.7,7.8,23.5,13.5,12.8,4.1,12.0,3.87,9.0,10.5,2.9,10.5,3.385,13.0,3.6666666666666665,14.12,12.533333333333333,8.480769230769232
42,3,Kelan Martin,0.0,MIN,CLE,-4.0,214.5,109.3,29,7.8,19.3,28.0,SF,4200,2,16.0,7.0,101,113,3%,10,9,6,26,24,17,19.3,12.2,3.1,21.3,19.7,15.5,3.7,20.0,4.76,0.0,0.0,0.0,10.0,2.38,22.333333333333332,8.333333333333334,13.180000000000001,18.366666666666667,0.0
42,4,Derrick Rose,0.0,DET,LAL,14.5,220.0,102.8,16,25.0,30.5,40.8,PG/SG,5800,0,32.0,22.0,103,102,-2%,16,15,14,28,26,25,30.4,30.4,22.7,38.2,28.9,43.3,7.5,28.3,4.87,30.8,26.5,5.3,29.55,5.085,26.333333333333332,15.0,30.25,32.1,29.737025316455696
42,5,Dario Saric,0.0,PHO,MEM,-7.0,237.0,122.0,15,1.3,9.2,27.5,SF/PF,3400,1,17.0,13.0,106,110,1%,4,6,9,16,18,27,13.8,24.8,12.6,36.9,5.6,5.3,1.6,16.3,4.78,0.0,0.0,0.0,8.15,2.39,20.333333333333332,6.333333333333333,19.25,12.666666666666666,0.0
42,6,JaVale McGee,0.0,LAL,DET,-14.5,220.0,117.3,8,11.0,18.1,24.8,C,3600,1,16.0,21.0,102,110,-4%,4,4,5,17,15,17,18.1,19.0,9.3,28.8,20.5,25.3,7.0,17.0,4.72,17.7,15.5,4.9,17.35,4.8100000000000005,16.333333333333332,4.333333333333333,18.51,17.96666666666667,16.46479591836735
42,7,Danny Green,0.0,LAL,DET,-14.5,220.0,117.3,28,6.0,20.5,45.8,SG/SF,4400,1,14.0,12.0,102,110,-3%,11,9,7,28,25,26,20.5,19.1,9.8,28.5,21.7,12.8,2.9,20.5,4.66,19.0,24.0,4.3,19.75,4.48,26.333333333333332,9.0,19.529999999999998,24.099999999999998,18.0
43,0,Devin Booker,0.0,PHO,MEM,-7.0,237.0,122.0,19,44.3,49.0,54.8,PG/SG,8200,1,29.0,20.0,106,110,6%,25,23,18,38,38,36,49.0,41.5,29.7,53.2,37.2,51.0,6.2,43.8,5.34,43.3,36.5,5.3,43.55,5.32,37.333333333333336,22.0,43.39,49.36666666666667,42.577901785714275
43,1,Dante Exum,0.0,CLE,MIN,4.0,214.5,105.3,2,7.3,12.3,16.8,PG/SG,3200,0,0.0,0.0,105,107,4%,4,4,3,15,15,10,12.1,7.0,1.9,12.1,24.2,37.3,11.7,13.8,4.3,13.7,16.0,4.3,13.75,4.3,13.333333333333334,3.6666666666666665,9.370000000000001,12.133333333333335,16.5
43,2,Anthony Tolliver,0.0,POR,MIA,5.5,219.5,107.0,13,3.5,10.1,17.8,PF/C,3000,1,11.0,7.0,101,104,1%,2,3,3,19,17,16,10.1,9.5,2.3,16.8,16.8,6.3,2.1,10.3,3.42,9.3,15.5,3.1,9.8,3.26,17.333333333333332,2.6666666666666665,9.7,10.466666666666667,8.76346153846154
43,3,Carmelo Anthony,0.0,POR,MIA,5.5,219.5,107.0,18,18.8,25.9,35.8,SF/PF,6100,1,23.0,14.0,101,104,1%,13,14,15,31,34,33,25.9,29.8,20.3,39.2,37.3,17.5,2.9,28.8,4.71,30.6,34.5,5.0,29.700000000000003,4.855,32.666666666666664,14.0,28.98,26.833333333333332,31.366836734693884
43,4,Dillon Brooks,0.0,MEM,PHO,7.0,237.0,115.0,17,12.0,20.8,32.8,SG/SF,4900,0,23.0,11.0,105,109,6%,18,13,13,28,27,28,20.8,24.7,15.6,33.8,29.5,28.5,5.8,23.3,4.74,23.8,27.0,4.9,23.55,4.82,27.666666666666668,14.666666666666666,23.689999999999998,21.866666666666664,22.98253012048193
43,5,Mikal Bridges,0.0,PHO,MEM,-7.0,237.0,122.0,5,12.5,17.3,24.8,SG/SF,3700,1,13.0,13.0,106,110,6%,4,5,5,22,24,22,17.3,16.9,8.5,25.3,31.5,30.8,8.3,20.0,5.41,18.0,23.0,4.9,19.0,5.155,22.666666666666668,4.666666666666667,17.4,18.2,19.27941176470588
43,6,Aron Baynes,0.0,PHO,MEM,-7.0,237.0,122.0,21,15.3,26.6,42.0,PF/C,4900,1,20.0,17.0,106,110,5%,11,10,10,25,27,25,26.8,26.4,15.6,37.1,26.1,21.8,4.4,25.8,5.26,27.8,27.5,5.7,26.8,5.48,25.666666666666668,10.333333333333334,26.540000000000003,27.96666666666667,28.71428571428571
43,7,Kyle Anderson,0.0,MEM,PHO,7.0,237.0,115.0,3,2.5,13.1,22.0,SF/PF,3100,0,15.0,13.0,105,109,6%,2,4,5,8,13,18,13.1,15.7,7.8,23.5,13.5,12.8,4.1,12.0,3.87,9.0,10.5,2.9,10.5,3.385,13.0,3.6666666666666665,14.12,12.533333333333333,8.480769230769232
44,0,Dante Exum,0.0,CLE,MIN,4.0,214.5,105.3,2,7.3,12.3,16.8,PG/SG,3200,0,0.0,0.0,105,107,4%,4,4,3,15,15,10,12.1,7.0,1.9,12.1,24.2,37.3,11.7,13.8,4.3,13.7,16.0,4.3,13.75,4.3,13.333333333333334,3.6666666666666665,9.370000000000001,12.133333333333335,16.5
44,1,Tyus Jones,0.0,MEM,PHO,7.0,237.0,115.0,20,10.3,19.8,25.0,PG/SG,3300,0,18.0,14.0,105,109,3%,6,6,6,17,19,20,19.8,17.5,9.7,25.4,20.4,16.5,5.0,16.3,4.92,14.4,16.5,4.4,15.350000000000001,4.66,18.666666666666668,6.0,17.55,18.366666666666667,13.568303571428572
44,2,Meyers Leonard,0.0,MIA,POR,-5.5,219.5,112.5,14,2.0,14.2,20.8,PF/C,3300,1,12.0,11.0,104,109,6%,8,6,4,24,24,19,14.2,14.6,5.8,23.4,23.5,28.3,8.6,16.5,5.0,17.9,21.5,5.4,17.2,5.2,22.333333333333332,6.0,15.039999999999997,12.333333333333334,16.55820895522388
44,3,Derrick Jones Jr.,0.0,MIA,POR,-5.5,219.5,112.5,19,9.5,20.0,25.5,SF/PF,3300,1,14.0,12.0,104,109,8%,10,8,6,30,31,25,20.0,18.3,10.3,26.3,36.3,36.0,10.9,22.8,6.89,26.4,32.0,8.0,24.6,7.445,28.666666666666668,8.0,19.9,18.333333333333332,27.46046511627907
44,4,Danny Green,0.0,LAL,DET,-14.5,220.0,117.3,28,6.0,20.5,45.8,SG/SF,4400,1,14.0,12.0,102,110,-3%,11,9,7,28,25,26,20.5,19.1,9.8,28.5,21.7,12.8,2.9,20.5,4.66,19.0,24.0,4.3,19.75,4.48,26.333333333333332,9.0,19.529999999999998,24.099999999999998,18.0
44,5,Mario Hezonja,0.0,POR,MIA,5.5,219.5,107.0,18,2.5,8.4,20.5,SF/PF,3000,1,14.0,8.0,101,104,-3%,5,3,4,15,14,17,8.4,11.9,3.7,20.2,19.6,20.8,6.9,14.8,4.92,12.9,18.0,4.3,13.850000000000001,4.609999999999999,15.333333333333334,4.0,11.610000000000001,10.466666666666667,16.258695652173913
44,6,John Henson,0.0,CLE,MIN,4.0,214.5,105.3,17,0.0,11.9,23.8,C,3400,0,0.0,0.0,105,107,-1%,5,3,3,14,13,13,15.1,14.6,7.7,21.5,23.4,26.8,7.9,27.3,8.01,27.8,25.5,8.2,27.55,8.105,13.333333333333334,3.6666666666666665,17.29,11.9,52.689375000000005
44,7,Goran Dragic,0.0,MIA,POR,-5.5,219.5,112.5,23,18.0,24.1,35.5,PG,5100,1,26.0,16.0,104,109,5%,10,12,12,22,26,28,24.1,29.0,21.7,36.3,29.8,55.3,10.8,30.8,6.03,29.0,28.0,5.7,29.9,5.865,25.333333333333332,11.333333333333334,28.2,25.866666666666664,33.04736842105263
45,0,De'Anthony Melton,0.0,MEM,PHO,7.0,237.0,115.0,20,15.0,24.7,29.5,PG/SG,4100,0,21.0,18.0,105,109,3%,8,7,6,19,19,17,24.7,19.7,9.4,29.9,15.5,14.5,3.5,20.8,5.06,20.7,20.0,5.0,20.75,5.029999999999999,18.333333333333332,7.0,20.89,23.066666666666666,22.636363636363637
45,1,Jarrett Culver,0.0,MIN,CLE,-4.0,214.5,109.3,15,13.5,24.8,41.3,PG/SG,5300,2,20.0,8.0,101,113,6%,14,13,9,33,28,23,24.6,18.5,8.6,28.4,28.1,34.8,6.6,16.3,3.07,20.1,22.5,3.8,18.200000000000003,3.4349999999999996,28.0,12.0,19.66,26.53333333333333,14.625000000000004
45,2,Brandon Clarke,0.0,MEM,PHO,7.0,237.0,115.0,18,17.0,24.8,36.3,PF/C,4800,0,20.0,23.0,105,109,-1%,7,8,9,19,21,22,24.5,24.8,18.0,31.5,21.5,20.8,4.3,25.3,5.26,23.0,21.0,4.8,24.15,5.029999999999999,20.666666666666668,8.0,24.589999999999996,26.03333333333333,24.539516129032258
45,3,LeBron James,0.0,LAL,DET,-14.5,220.0,117.3,3,45.5,58.1,72.3,PG/SF,11000,1,34.0,26.0,102,110,4%,19,17,20,38,37,36,58.4,56.2,44.9,67.4,35.0,58.0,5.3,57.8,5.25,57.4,34.5,5.2,57.599999999999994,5.225,37.0,18.666666666666668,56.9,58.633333333333326,53.70810810810811
45,4,Devin Booker,0.0,PHO,MEM,-7.0,237.0,122.0,19,44.3,49.0,54.8,PG/SG,8200,1,29.0,20.0,106,110,6%,25,23,18,38,38,36,49.0,41.5,29.7,53.2,37.2,51.0,6.2,43.8,5.34,43.3,36.5,5.3,43.55,5.32,37.333333333333336,22.0,43.39,49.36666666666667,42.577901785714275
45,5,Kelan Martin,0.0,MIN,CLE,-4.0,214.5,109.3,29,7.8,19.3,28.0,SF,4200,2,16.0,7.0,101,113,3%,10,9,6,26,24,17,19.3,12.2,3.1,21.3,19.7,15.5,3.7,20.0,4.76,0.0,0.0,0.0,10.0,2.38,22.333333333333332,8.333333333333334,13.180000000000001,18.366666666666667,0.0
45,6,Naz Reid,0.0,MIN,CLE,-4.0,214.5,109.3,4,1.3,14.3,25.0,PF/C,4000,2,0.0,0.0,101,113,0%,11,8,8,19,13,13,14.3,14.3,3.0,25.5,10.8,20.0,5.0,18.8,4.69,0.0,0.0,0.0,9.4,2.345,15.0,9.0,13.3,13.533333333333333,0.0
45,7,Langston Galloway,0.0,DET,LAL,14.5,220.0,102.8,16,9.8,14.7,21.8,PG/SG,3300,0,16.0,13.0,103,102,-1%,8,7,8,21,21,26,14.5,18.1,11.3,24.9,22.7,30.8,9.3,15.5,4.7,13.9,20.5,4.2,14.7,4.45,22.666666666666668,7.666666666666667,16.7,15.433333333333332,13.294852941176469
48,0,Shabazz Napier,0.0,MIN,CLE,-4.0,214.5,109.3,15,16.5,31.7,43.3,PG/SG,6300,2,23.0,14.0,101,113,6%,11,13,8,32,29,21,31.6,21.0,9.4,32.5,30.1,36.5,5.8,20.0,3.17,23.3,23.5,3.7,21.65,3.435,27.333333333333332,10.666666666666666,23.23,30.5,18.61371951219512
48,1,Kentavious Caldwell-Pope,0.0,LAL,DET,-14.5,220.0,117.3,28,8.5,19.3,30.3,SG/SF,3600,1,15.0,11.0,102,110,-3%,6,7,8,26,28,27,19.3,17.7,11.3,24.1,25.8,14.0,3.9,17.5,4.86,17.9,25.0,5.0,17.7,4.93,27.0,7.0,18.020000000000003,19.366666666666667,16.38888888888889
48,2,Cameron Johnson,0.0,PHO,MEM,-7.0,237.0,122.0,15,6.3,10.0,17.0,SF/PF,3000,1,16.0,12.0,106,110,6%,4,4,7,16,20,21,9.8,16.0,7.8,24.3,12.4,3.5,1.2,14.3,4.75,13.4,18.5,4.5,13.850000000000001,4.625,19.0,5.0,14.35,11.1,13.485526315789475
48,3,Carmelo Anthony,0.0,POR,MIA,5.5,219.5,107.0,18,18.8,25.9,35.8,SF/PF,6100,1,23.0,14.0,101,104,1%,13,14,15,31,34,33,25.9,29.8,20.3,39.2,37.3,17.5,2.9,28.8,4.71,30.6,34.5,5.0,29.700000000000003,4.855,32.666666666666664,14.0,28.98,26.833333333333332,31.366836734693884
48,4,Jarrett Culver,0.0,MIN,CLE,-4.0,214.5,109.3,15,13.5,24.8,41.3,PG/SG,5300,2,20.0,8.0,101,113,6%,14,13,9,33,28,23,24.6,18.5,8.6,28.4,28.1,34.8,6.6,16.3,3.07,20.1,22.5,3.8,18.200000000000003,3.4349999999999996,28.0,12.0,19.66,26.53333333333333,14.625000000000004
48,5,Solomon Hill,0.0,MEM,PHO,7.0,237.0,115.0,3,4.3,9.8,15.3,SF/PF,3100,0,14.0,10.0,105,109,6%,3,3,5,16,17,20,9.8,14.6,7.8,21.5,16.4,17.8,5.7,10.3,3.31,10.0,14.5,3.2,10.15,3.255,17.666666666666668,3.6666666666666665,12.77,9.8,8.33066037735849
48,6,Gorgui Dieng,0.0,MIN,CLE,-4.0,214.5,109.3,12,16.8,33.2,48.5,C,5900,2,17.0,17.0,101,113,0%,10,10,6,26,30,17,33.1,19.6,6.5,32.6,29.3,57.8,9.8,28.5,4.83,33.4,28.5,5.7,30.95,5.265000000000001,24.333333333333332,8.666666666666666,24.550000000000004,32.833333333333336,36.24965753424658
48,7,Kevin Porter Jr.,0.0,CLE,MIN,4.0,214.5,105.3,27,15.8,22.7,29.8,SG/SF,4400,0,20.0,10.0,105,107,4%,13,11,8,26,26,22,22.7,17.2,9.7,24.8,19.4,13.3,3.0,26.5,6.02,26.0,29.0,5.9,26.25,5.96,24.666666666666668,10.666666666666666,20.130000000000003,22.766666666666666,30.86148648648648
49,0,Shabazz Napier,0.0,MIN,CLE,-4.0,214.5,109.3,15,16.5,31.7,43.3,PG/SG,6300,2,23.0,14.0,101,113,6%,11,13,8,32,29,21,31.6,21.0,9.4,32.5,30.1,36.5,5.8,20.0,3.17,23.3,23.5,3.7,21.65,3.435,27.333333333333332,10.666666666666666,23.23,30.5,18.61371951219512
49,1,Tony Snell,0.0,DET,LAL,14.5,220.0,102.8,4,8.3,11.5,17.8,SG/SF,3500,0,12.0,10.0,103,102,-1%,7,6,7,23,23,27,11.5,14.6,8.2,21.0,13.1,2.8,0.8,16.3,4.64,13.1,23.5,3.7,14.7,4.17,24.333333333333332,6.666666666666667,14.0,12.533333333333333,14.196575342465755
49,2,Jaylen Hoard,0.0,POR,MIA,5.5,219.5,107.0,18,0.0,3.9,6.5,SF/PF,3000,1,0.0,0.0,101,104,1%,2,1,1,4,4,3,3.9,3.5,1.0,5.9,1.6,0.8,0.3,4.3,1.42,0.0,0.0,0.0,2.15,0.71,3.6666666666666665,1.3333333333333333,3.29,3.466666666666667,0.0
49,3,Kelan Martin,0.0,MIN,CLE,-4.0,214.5,109.3,29,7.8,19.3,28.0,SF,4200,2,16.0,7.0,101,113,3%,10,9,6,26,24,17,19.3,12.2,3.1,21.3,19.7,15.5,3.7,20.0,4.76,0.0,0.0,0.0,10.0,2.38,22.333333333333332,8.333333333333334,13.180000000000001,18.366666666666667,0.0
49,4,Goran Dragic,0.0,MIA,POR,-5.5,219.5,112.5,23,18.0,24.1,35.5,PG,5100,1,26.0,16.0,104,109,5%,10,12,12,22,26,28,24.1,29.0,21.7,36.3,29.8,55.3,10.8,30.8,6.03,29.0,28.0,5.7,29.9,5.865,25.333333333333332,11.333333333333334,28.2,25.866666666666664,33.04736842105263
49,5,Derrick Jones Jr.,0.0,MIA,POR,-5.5,219.5,112.5,19,9.5,20.0,25.5,SF/PF,3300,1,14.0,12.0,104,109,8%,10,8,6,30,31,25,20.0,18.3,10.3,26.3,36.3,36.0,10.9,22.8,6.89,26.4,32.0,8.0,24.6,7.445,28.666666666666668,8.0,19.9,18.333333333333332,27.46046511627907
49,6,Ante Zizic,0.0,CLE,MIN,4.0,214.5,105.3,17,0.0,5.5,12.5,C,3000,0,0.0,0.0,105,107,-1%,1,2,3,3,4,9,5.5,7.4,2.5,12.3,24.6,35.0,11.7,23.8,7.92,22.1,22.0,7.4,22.950000000000003,7.66,5.333333333333333,2.0,10.13,6.0,94.66875000000002
49,7,Devin Booker,0.0,PHO,MEM,-7.0,237.0,122.0,19,44.3,49.0,54.8,PG/SG,8200,1,29.0,20.0,106,110,6%,25,23,18,38,38,36,49.0,41.5,29.7,53.2,37.2,51.0,6.2,43.8,5.34,43.3,36.5,5.3,43.55,5.32,37.333333333333336,22.0,43.39,49.36666666666667,42.577901785714275
