Lineup Num,,Player Name,injury_status,team,opp,spread,over_under,implied_team_score,L5_dvp_rank,L5_ppg_floor,L5_ppg_avg,L5_ppg_max,Pos,Salary,Rest,USG,PER,Opp Pace,Opp DEff,Opp DvP,L2 FGA,L5 FGA,S FGA,L2 Min,L5 Min,S Min,L5 FP,S FP,Floor FP,Ceil FP,Actual Min,Actual FP,Actual Val,FantasyFuelPPGProj,FantasyFuelValueProj,DFN_PPGProj,DFN_MinProj,DFN_ValueProj,Avg Proj,Avg Value Proj,Avg Skewed Min,Avg Skewed FGA,Avg Skewed FP,Avg L5 PPG,Proj Min Enhanced
0,0,T.J. McConnell,0.0,IND,DEN,-1.0,213.5,107.3,18,8.3,13.9,20.0,PG,3100,1,21.0,17.0,100,105,-5%,5,5,6,18,19,19,13.8,18.7,11.1,26.2,22.5,20.3,6.5,14.5,4.68,16.0,18.0,5.2,15.25,4.9399999999999995,18.666666666666668,5.333333333333333,17.009999999999998,14.066666666666668,14.705357142857142
0,1,Patty Mills,0.0,SA,MIA,2.0,225.5,111.8,12,15.3,19.0,26.3,PG/SG,3400,1,20.0,15.0,101,106,-9%,13,10,9,24,24,23,19.0,19.3,10.4,28.2,29.1,30.3,8.9,19.5,5.74,18.9,24.0,5.6,19.2,5.67,23.666666666666668,10.666666666666666,19.220000000000002,20.2,19.470422535211267
0,2,Trey Lyles,0.0,SA,MIA,2.0,225.5,111.8,23,8.8,15.3,19.5,PF/C,4600,1,13.0,12.0,101,106,1%,5,5,5,24,19,18,15.3,15.8,8.1,23.4,20.6,17.5,3.8,18.5,4.02,18.0,21.0,3.9,18.25,3.96,20.333333333333332,5.0,16.169999999999998,14.533333333333333,18.848360655737707
0,3,Derrick Jones Jr.,0.0,MIA,SA,-2.0,225.5,113.8,16,10.0,22.4,35.3,SF/PF,4000,1,15.0,13.0,103,110,0%,10,8,7,25,24,26,22.4,20.4,12.2,28.7,15.6,14.3,3.6,19.5,4.88,17.9,23.0,4.5,18.7,4.6899999999999995,25.0,8.333333333333334,20.48,22.566666666666663,17.204
0,4,Duncan Robinson,0.0,MIA,SA,-2.0,225.5,113.8,23,11.5,22.0,29.3,SG/SF,4600,1,15.0,13.0,103,110,8%,11,10,9,37,32,29,22.0,21.3,12.4,30.1,35.0,23.8,5.2,22.0,4.78,20.8,29.0,4.5,21.4,4.640000000000001,32.666666666666664,10.0,21.440000000000005,20.933333333333334,18.99795918367347
0,5,PJ Dozier,0.0,DEN,IND,1.0,213.5,106.3,28,0.0,12.6,39.3,SG/SF,3200,2,0.0,0.0,101,104,0%,5,5,5,10,10,10,10.5,10.5,-4.3,25.3,17.1,13.3,4.2,8.8,2.73,9.5,10.0,3.0,9.15,2.865,10.0,5.0,10.23,17.3,9.15
0,6,Jerami Grant,0.0,DEN,IND,1.0,213.5,106.3,4,16.0,23.4,34.0,PF/C,4300,2,17.0,12.0,101,104,-17%,10,8,8,29,30,24,23.1,17.8,10.7,25.0,33.4,25.8,6.0,22.8,5.29,21.6,29.0,5.0,22.200000000000003,5.145,27.666666666666668,8.666666666666666,19.76,24.46666666666667,23.269879518072294
0,7,Malcolm Brogdon,0.0,IND,DEN,-1.0,213.5,107.3,18,2.5,30.0,46.3,PG/SG,7300,1,28.0,20.0,100,105,-5%,15,15,15,31,32,32,35.4,38.6,29.9,47.4,35.9,37.8,5.2,35.3,4.83,35.7,32.0,4.9,35.5,4.865,31.666666666666668,15.0,37.36,26.266666666666666,35.873684210526314
1,0,Goran Dragic,0.0,MIA,SA,-2.0,225.5,113.8,6,12.0,22.0,27.0,PG,5300,1,26.0,16.0,103,110,8%,13,11,12,27,27,28,22.0,28.7,19.8,37.6,23.6,27.8,5.2,28.8,5.42,26.4,25.5,5.0,27.6,5.21,27.333333333333332,12.0,27.140000000000004,20.333333333333332,25.74878048780488
1,1,Patty Mills,0.0,SA,MIA,2.0,225.5,111.8,12,15.3,19.0,26.3,PG/SG,3400,1,20.0,15.0,101,106,-9%,13,10,9,24,24,23,19.0,19.3,10.4,28.2,29.1,30.3,8.9,19.5,5.74,18.9,24.0,5.6,19.2,5.67,23.666666666666668,10.666666666666666,19.220000000000002,20.2,19.470422535211267
1,2,Domantas Sabonis,0.0,IND,DEN,-1.0,213.5,107.3,13,19.8,43.4,58.3,PF/C,7900,1,23.0,21.0,100,105,-3%,15,14,14,34,35,34,48.9,43.8,35.8,51.8,40.7,58.3,7.4,41.8,5.28,42.7,34.0,5.4,42.25,5.34,34.333333333333336,14.333333333333334,44.510000000000005,40.5,41.83980582524272
1,3,DeMar DeRozan,0.0,SA,MIA,2.0,225.5,111.8,18,44.0,50.6,62.8,SG/SF,8400,1,27.0,22.0,101,106,-1%,16,16,16,37,36,35,50.4,39.2,30.9,47.5,37.6,45.8,5.5,40.3,4.79,41.7,35.5,5.0,41.0,4.895,36.0,16.0,41.8,52.46666666666666,40.43055555555556
1,4,T.J. McConnell,0.0,IND,DEN,-1.0,213.5,107.3,18,8.3,13.9,20.0,PG,3100,1,21.0,17.0,100,105,-5%,5,5,6,18,19,19,13.8,18.7,11.1,26.2,22.5,20.3,6.5,14.5,4.68,16.0,18.0,5.2,15.25,4.9399999999999995,18.666666666666668,5.333333333333333,17.009999999999998,14.066666666666668,14.705357142857142
1,5,Lonnie Walker IV,0.0,SA,MIA,2.0,225.5,111.8,18,5.8,12.5,25.8,SG/SF,3100,1,21.0,12.0,101,106,-1%,6,6,5,12,14,12,12.7,10.2,0.2,20.2,19.8,14.3,4.6,13.8,4.44,13.9,16.5,4.5,13.850000000000001,4.470000000000001,12.666666666666666,5.666666666666667,11.43,14.700000000000001,18.041447368421053
1,6,Trey Lyles,0.0,SA,MIA,2.0,225.5,111.8,23,8.8,15.3,19.5,PF/C,4600,1,13.0,12.0,101,106,1%,5,5,5,24,19,18,15.3,15.8,8.1,23.4,20.6,17.5,3.8,18.5,4.02,18.0,21.0,3.9,18.25,3.96,20.333333333333332,5.0,16.169999999999998,14.533333333333333,18.848360655737707
1,7,Jerami Grant,0.0,DEN,IND,1.0,213.5,106.3,4,16.0,23.4,34.0,PF/C,4300,2,17.0,12.0,101,104,-17%,10,8,8,29,30,24,23.1,17.8,10.7,25.0,33.4,25.8,6.0,22.8,5.29,21.6,29.0,5.0,22.200000000000003,5.145,27.666666666666668,8.666666666666666,19.76,24.46666666666667,23.269879518072294
2,0,Derrick White,0.0,SA,MIA,2.0,225.5,111.8,12,10.3,20.1,29.5,PG/SG,4100,1,18.0,15.0,101,106,-9%,7,7,7,20,21,24,20.1,20.6,13.5,27.7,25.9,29.0,7.1,19.8,4.82,20.7,23.5,5.0,20.25,4.91,21.666666666666668,7.0,20.43,19.96666666666667,21.963461538461537
2,1,Jimmy Butler,0.0,MIA,SA,-2.0,225.5,113.8,23,25.3,40.8,50.8,SG/SF,8200,1,26.0,24.0,103,110,0%,10,12,13,34,33,35,40.5,43.3,33.3,53.3,33.2,35.3,4.3,40.3,4.91,41.7,34.5,5.1,41.0,5.005,34.0,11.666666666666666,42.279999999999994,38.96666666666666,41.60294117647059
2,2,T.J. Warren,0.0,IND,DEN,-1.0,213.5,107.3,15,9.0,27.5,42.3,SF/PF,6000,1,22.0,16.0,100,105,-8%,15,16,15,32,33,33,35.7,28.8,18.7,38.8,33.4,29.3,4.9,26.3,4.38,26.3,31.5,4.4,26.3,4.390000000000001,32.666666666666664,15.333333333333334,29.660000000000004,26.266666666666666,25.360714285714288
2,3,Doug McDermott,0.0,IND,DEN,-1.0,213.5,107.3,15,5.8,18.7,29.0,SF/PF,3300,1,18.0,13.0,100,105,-8%,11,9,8,21,20,21,18.6,15.8,8.4,23.3,21.0,32.5,9.8,15.5,4.7,13.8,18.5,4.2,14.65,4.45,20.666666666666668,9.333333333333334,16.150000000000002,17.833333333333332,13.114112903225806
2,4,Bryn Forbes,0.0,SA,MIA,2.0,225.5,111.8,12,9.8,19.7,33.8,PG/SG,3400,1,19.0,11.0,101,106,-1%,11,11,10,26,25,26,19.6,19.0,10.7,27.2,16.1,1.5,0.4,18.8,5.51,19.1,25.5,5.6,18.950000000000003,5.555,25.666666666666668,10.666666666666666,19.09,21.099999999999998,18.826948051948055
2,5,Domantas Sabonis,0.0,IND,DEN,-1.0,213.5,107.3,13,19.8,43.4,58.3,PF/C,7900,1,23.0,21.0,100,105,-3%,15,14,14,34,35,34,48.9,43.8,35.8,51.8,40.7,58.3,7.4,41.8,5.28,42.7,34.0,5.4,42.25,5.34,34.333333333333336,14.333333333333334,44.510000000000005,40.5,41.83980582524272
2,6,Mason Plumlee,0.0,DEN,IND,1.0,213.5,106.3,4,19.0,26.0,45.3,PF/C,5000,2,20.0,19.0,101,104,1%,8,6,5,22,21,18,26.0,19.7,11.0,28.5,17.7,21.0,4.2,24.0,4.8,20.2,18.0,4.0,22.1,4.4,20.333333333333332,6.333333333333333,21.46,30.099999999999998,19.56393442622951
2,7,LaMarcus Aldridge,0.0,SA,MIA,2.0,225.5,111.8,23,20.3,30.6,39.8,PF/C,6900,1,22.0,21.0,101,106,1%,16,13,15,31,32,34,30.6,38.1,27.7,48.5,35.9,36.5,5.3,36.5,5.29,38.1,33.5,5.5,37.3,5.395,32.333333333333336,14.666666666666666,36.44,30.233333333333334,38.64587628865979
3,0,Goran Dragic,0.0,MIA,SA,-2.0,225.5,113.8,6,12.0,22.0,27.0,PG,5300,1,26.0,16.0,103,110,8%,13,11,12,27,27,28,22.0,28.7,19.8,37.6,23.6,27.8,5.2,28.8,5.42,26.4,25.5,5.0,27.6,5.21,27.333333333333332,12.0,27.140000000000004,20.333333333333332,25.74878048780488
3,1,Jimmy Butler,0.0,MIA,SA,-2.0,225.5,113.8,23,25.3,40.8,50.8,SG/SF,8200,1,26.0,24.0,103,110,0%,10,12,13,34,33,35,40.5,43.3,33.3,53.3,33.2,35.3,4.3,40.3,4.91,41.7,34.5,5.1,41.0,5.005,34.0,11.666666666666666,42.279999999999994,38.96666666666666,41.60294117647059
3,2,Domantas Sabonis,0.0,IND,DEN,-1.0,213.5,107.3,13,19.8,43.4,58.3,PF/C,7900,1,23.0,21.0,100,105,-3%,15,14,14,34,35,34,48.9,43.8,35.8,51.8,40.7,58.3,7.4,41.8,5.28,42.7,34.0,5.4,42.25,5.34,34.333333333333336,14.333333333333334,44.510000000000005,40.5,41.83980582524272
3,3,Will Barton,0.0,DEN,IND,1.0,213.5,106.3,10,18.8,38.2,53.8,PG/SF,7600,2,20.0,16.0,101,104,-2%,16,16,13,37,36,34,38.1,33.4,23.1,43.8,35.9,33.3,4.4,32.3,4.24,33.6,34.5,4.4,32.95,4.32,35.666666666666664,15.0,34.27,36.93333333333333,31.872196261682245
3,4,Lonnie Walker IV,0.0,SA,MIA,2.0,225.5,111.8,18,5.8,12.5,25.8,SG/SF,3100,1,21.0,12.0,101,106,-1%,6,6,5,12,14,12,12.7,10.2,0.2,20.2,19.8,14.3,4.6,13.8,4.44,13.9,16.5,4.5,13.850000000000001,4.470000000000001,12.666666666666666,5.666666666666667,11.43,14.700000000000001,18.041447368421053
3,5,Torrey Craig,0.0,DEN,IND,1.0,213.5,106.3,28,0.0,9.4,17.3,SG/SF,4400,2,12.0,7.0,101,104,-2%,4,4,3,22,19,14,9.3,8.5,1.3,15.6,25.2,19.0,4.3,15.5,3.52,15.5,23.0,3.5,15.5,3.51,18.333333333333332,3.6666666666666665,10.04,8.9,19.445454545454545
3,6,Nikola Jokic,0.0,DEN,IND,1.0,213.5,106.3,5,38.0,48.0,55.5,C,9600,2,28.0,24.0,101,104,1%,15,15,15,36,34,32,48.0,44.9,32.5,57.3,31.7,56.5,5.9,48.0,5.0,49.8,34.0,5.2,48.9,5.1,34.0,15.0,46.32,47.166666666666664,48.9
3,7,Jakob Poeltl,0.0,SA,MIA,2.0,225.5,111.8,2,14.5,19.3,23.8,C,3900,1,13.0,19.0,101,106,-8%,3,3,4,17,16,18,19.3,18.6,10.7,26.4,12.2,6.5,1.7,18.8,4.81,15.7,15.0,4.0,17.25,4.404999999999999,17.0,3.3333333333333335,18.450000000000003,19.2,15.220588235294116
4,0,Malcolm Brogdon,0.0,IND,DEN,-1.0,213.5,107.3,18,2.5,30.0,46.3,PG/SG,7300,1,28.0,20.0,100,105,-5%,15,15,15,31,32,32,35.4,38.6,29.9,47.4,35.9,37.8,5.2,35.3,4.83,35.7,32.0,4.9,35.5,4.865,31.666666666666668,15.0,37.36,26.266666666666666,35.873684210526314
4,1,Bryn Forbes,0.0,SA,MIA,2.0,225.5,111.8,12,9.8,19.7,33.8,PG/SG,3400,1,19.0,11.0,101,106,-1%,11,11,10,26,25,26,19.6,19.0,10.7,27.2,16.1,1.5,0.4,18.8,5.51,19.1,25.5,5.6,18.950000000000003,5.555,25.666666666666668,10.666666666666666,19.09,21.099999999999998,18.826948051948055
4,2,Juancho Hernangomez,0.0,DEN,IND,1.0,213.5,106.3,13,2.8,5.8,11.8,SF/PF,3000,2,14.0,6.0,101,104,-5%,3,2,3,12,10,12,5.8,7.3,0.5,14.1,13.7,7.8,2.6,4.8,1.58,0.0,0.0,0.0,2.4,0.79,11.333333333333334,2.6666666666666665,6.02,6.8,0.0
4,3,T.J. Warren,0.0,IND,DEN,-1.0,213.5,107.3,15,9.0,27.5,42.3,SF/PF,6000,1,22.0,16.0,100,105,-8%,15,16,15,32,33,33,35.7,28.8,18.7,38.8,33.4,29.3,4.9,26.3,4.38,26.3,31.5,4.4,26.3,4.390000000000001,32.666666666666664,15.333333333333334,29.660000000000004,26.266666666666666,25.360714285714288
4,4,Duncan Robinson,0.0,MIA,SA,-2.0,225.5,113.8,23,11.5,22.0,29.3,SG/SF,4600,1,15.0,13.0,103,110,8%,11,10,9,37,32,29,22.0,21.3,12.4,30.1,35.0,23.8,5.2,22.0,4.78,20.8,29.0,4.5,21.4,4.640000000000001,32.666666666666664,10.0,21.440000000000005,20.933333333333334,18.99795918367347
4,5,PJ Dozier,0.0,DEN,IND,1.0,213.5,106.3,28,0.0,12.6,39.3,SG/SF,3200,2,0.0,0.0,101,104,0%,5,5,5,10,10,10,10.5,10.5,-4.3,25.3,17.1,13.3,4.2,8.8,2.73,9.5,10.0,3.0,9.15,2.865,10.0,5.0,10.23,17.3,9.15
4,6,Nikola Jokic,0.0,DEN,IND,1.0,213.5,106.3,5,38.0,48.0,55.5,C,9600,2,28.0,24.0,101,104,1%,15,15,15,36,34,32,48.0,44.9,32.5,57.3,31.7,56.5,5.9,48.0,5.0,49.8,34.0,5.2,48.9,5.1,34.0,15.0,46.32,47.166666666666664,48.9
4,7,Myles Turner,0.0,IND,DEN,-1.0,213.5,107.3,12,15.8,31.4,56.0,C,5700,1,18.0,15.0,100,105,-3%,6,10,10,24,29,30,31.4,28.3,18.4,38.1,19.6,8.0,1.4,27.5,4.82,26.4,28.0,4.6,26.95,4.71,27.666666666666668,8.666666666666666,28.630000000000003,34.4,27.274698795180722
5,0,Monte Morris,0.0,DEN,IND,1.0,213.5,106.3,10,13.3,18.8,22.8,PG,5200,2,20.0,16.0,101,104,0%,7,8,7,25,22,18,18.8,16.2,8.1,24.3,29.0,13.5,2.6,24.0,4.62,23.4,26.0,4.5,23.7,4.5600000000000005,21.666666666666668,7.333333333333333,18.22,18.3,28.439999999999998
5,1,Bryn Forbes,0.0,SA,MIA,2.0,225.5,111.8,12,9.8,19.7,33.8,PG/SG,3400,1,19.0,11.0,101,106,-1%,11,11,10,26,25,26,19.6,19.0,10.7,27.2,16.1,1.5,0.4,18.8,5.51,19.1,25.5,5.6,18.950000000000003,5.555,25.666666666666668,10.666666666666666,19.09,21.099999999999998,18.826948051948055
5,2,Michael Porter Jr.,0.0,DEN,IND,1.0,213.5,106.3,13,-0.5,22.5,47.0,SF/PF,6300,2,22.0,19.0,101,104,-5%,12,7,5,29,19,12,22.4,13.1,1.8,24.3,22.7,24.0,3.8,27.3,4.33,27.4,27.0,4.3,27.35,4.3149999999999995,20.0,8.0,17.79,23.0,36.92250000000001
5,3,Marco Belinelli,0.0,SA,MIA,2.0,225.5,111.8,8,0.0,6.7,17.0,SF,3300,1,17.0,8.0,101,106,-1%,6,5,6,11,13,16,10.7,10.8,5.6,16.0,20.7,24.8,7.5,14.0,4.24,12.6,16.5,3.8,13.3,4.02,13.333333333333334,5.666666666666667,11.280000000000001,7.8999999999999995,16.458750000000002
5,4,Kendrick Nunn,0.0,MIA,SA,-2.0,225.5,113.8,6,15.8,28.6,48.3,PG/SG,5600,1,24.0,14.0,103,110,8%,18,14,14,31,28,30,28.6,27.0,17.6,36.5,36.3,31.8,5.7,27.0,4.82,25.9,28.5,4.6,26.45,4.71,29.666666666666668,15.333333333333334,27.229999999999997,30.900000000000002,25.409831460674155
5,5,Justin Holiday,0.0,IND,DEN,-1.0,213.5,107.3,6,12.5,19.4,25.5,SG/SF,3600,1,13.0,12.0,100,105,-4%,5,7,7,29,27,26,19.4,18.4,10.8,25.9,25.3,22.5,6.3,17.5,4.86,16.6,25.5,4.6,17.05,4.73,27.333333333333332,6.333333333333333,18.31,19.133333333333333,15.90640243902439
5,6,Jerami Grant,0.0,DEN,IND,1.0,213.5,106.3,4,16.0,23.4,34.0,PF/C,4300,2,17.0,12.0,101,104,-17%,10,8,8,29,30,24,23.1,17.8,10.7,25.0,33.4,25.8,6.0,22.8,5.29,21.6,29.0,5.0,22.200000000000003,5.145,27.666666666666668,8.666666666666666,19.76,24.46666666666667,23.269879518072294
5,7,T.J. Warren,0.0,IND,DEN,-1.0,213.5,107.3,15,9.0,27.5,42.3,SF/PF,6000,1,22.0,16.0,100,105,-8%,15,16,15,32,33,33,35.7,28.8,18.7,38.8,33.4,29.3,4.9,26.3,4.38,26.3,31.5,4.4,26.3,4.390000000000001,32.666666666666664,15.333333333333334,29.660000000000004,26.266666666666666,25.360714285714288
6,0,Derrick White,0.0,SA,MIA,2.0,225.5,111.8,12,10.3,20.1,29.5,PG/SG,4100,1,18.0,15.0,101,106,-9%,7,7,7,20,21,24,20.1,20.6,13.5,27.7,25.9,29.0,7.1,19.8,4.82,20.7,23.5,5.0,20.25,4.91,21.666666666666668,7.0,20.43,19.96666666666667,21.963461538461537
6,1,Duncan Robinson,0.0,MIA,SA,-2.0,225.5,113.8,23,11.5,22.0,29.3,SG/SF,4600,1,15.0,13.0,103,110,8%,11,10,9,37,32,29,22.0,21.3,12.4,30.1,35.0,23.8,5.2,22.0,4.78,20.8,29.0,4.5,21.4,4.640000000000001,32.666666666666664,10.0,21.440000000000005,20.933333333333334,18.99795918367347
6,2,LaMarcus Aldridge,0.0,SA,MIA,2.0,225.5,111.8,23,20.3,30.6,39.8,PF/C,6900,1,22.0,21.0,101,106,1%,16,13,15,31,32,34,30.6,38.1,27.7,48.5,35.9,36.5,5.3,36.5,5.29,38.1,33.5,5.5,37.3,5.395,32.333333333333336,14.666666666666666,36.44,30.233333333333334,38.64587628865979
6,3,Jimmy Butler,0.0,MIA,SA,-2.0,225.5,113.8,23,25.3,40.8,50.8,SG/SF,8200,1,26.0,24.0,103,110,0%,10,12,13,34,33,35,40.5,43.3,33.3,53.3,33.2,35.3,4.3,40.3,4.91,41.7,34.5,5.1,41.0,5.005,34.0,11.666666666666666,42.279999999999994,38.96666666666666,41.60294117647059
6,4,Lonnie Walker IV,0.0,SA,MIA,2.0,225.5,111.8,18,5.8,12.5,25.8,SG/SF,3100,1,21.0,12.0,101,106,-1%,6,6,5,12,14,12,12.7,10.2,0.2,20.2,19.8,14.3,4.6,13.8,4.44,13.9,16.5,4.5,13.850000000000001,4.470000000000001,12.666666666666666,5.666666666666667,11.43,14.700000000000001,18.041447368421053
6,5,DeMar DeRozan,0.0,SA,MIA,2.0,225.5,111.8,18,44.0,50.6,62.8,SG/SF,8400,1,27.0,22.0,101,106,-1%,16,16,16,37,36,35,50.4,39.2,30.9,47.5,37.6,45.8,5.5,40.3,4.79,41.7,35.5,5.0,41.0,4.895,36.0,16.0,41.8,52.46666666666666,40.43055555555556
6,6,Trey Lyles,0.0,SA,MIA,2.0,225.5,111.8,23,8.8,15.3,19.5,PF/C,4600,1,13.0,12.0,101,106,1%,5,5,5,24,19,18,15.3,15.8,8.1,23.4,20.6,17.5,3.8,18.5,4.02,18.0,21.0,3.9,18.25,3.96,20.333333333333332,5.0,16.169999999999998,14.533333333333333,18.848360655737707
6,7,Goran Dragic,0.0,MIA,SA,-2.0,225.5,113.8,6,12.0,22.0,27.0,PG,5300,1,26.0,16.0,103,110,8%,13,11,12,27,27,28,22.0,28.7,19.8,37.6,23.6,27.8,5.2,28.8,5.42,26.4,25.5,5.0,27.6,5.21,27.333333333333332,12.0,27.140000000000004,20.333333333333332,25.74878048780488
7,0,Malik Beasley,0.0,DEN,IND,1.0,213.5,106.3,10,5.0,17.2,42.0,PG/SG,4700,2,20.0,11.0,101,104,-2%,8,7,7,23,20,17,17.1,12.6,3.5,21.7,13.6,7.5,1.6,24.5,5.21,23.0,28.5,4.9,23.75,5.055,20.0,7.333333333333333,15.73,21.400000000000002,33.84375
7,1,Malcolm Brogdon,0.0,IND,DEN,-1.0,213.5,107.3,18,2.5,30.0,46.3,PG/SG,7300,1,28.0,20.0,100,105,-5%,15,15,15,31,32,32,35.4,38.6,29.9,47.4,35.9,37.8,5.2,35.3,4.83,35.7,32.0,4.9,35.5,4.865,31.666666666666668,15.0,37.36,26.266666666666666,35.873684210526314
7,2,Domantas Sabonis,0.0,IND,DEN,-1.0,213.5,107.3,13,19.8,43.4,58.3,PF/C,7900,1,23.0,21.0,100,105,-3%,15,14,14,34,35,34,48.9,43.8,35.8,51.8,40.7,58.3,7.4,41.8,5.28,42.7,34.0,5.4,42.25,5.34,34.333333333333336,14.333333333333334,44.510000000000005,40.5,41.83980582524272
7,3,Juancho Hernangomez,0.0,DEN,IND,1.0,213.5,106.3,13,2.8,5.8,11.8,SF/PF,3000,2,14.0,6.0,101,104,-5%,3,2,3,12,10,12,5.8,7.3,0.5,14.1,13.7,7.8,2.6,4.8,1.58,0.0,0.0,0.0,2.4,0.79,11.333333333333334,2.6666666666666665,6.02,6.8,0.0
7,4,T.J. McConnell,0.0,IND,DEN,-1.0,213.5,107.3,18,8.3,13.9,20.0,PG,3100,1,21.0,17.0,100,105,-5%,5,5,6,18,19,19,13.8,18.7,11.1,26.2,22.5,20.3,6.5,14.5,4.68,16.0,18.0,5.2,15.25,4.9399999999999995,18.666666666666668,5.333333333333333,17.009999999999998,14.066666666666668,14.705357142857142
7,5,LaMarcus Aldridge,0.0,SA,MIA,2.0,225.5,111.8,23,20.3,30.6,39.8,PF/C,6900,1,22.0,21.0,101,106,1%,16,13,15,31,32,34,30.6,38.1,27.7,48.5,35.9,36.5,5.3,36.5,5.29,38.1,33.5,5.5,37.3,5.395,32.333333333333336,14.666666666666666,36.44,30.233333333333334,38.64587628865979
7,6,Jerami Grant,0.0,DEN,IND,1.0,213.5,106.3,4,16.0,23.4,34.0,PF/C,4300,2,17.0,12.0,101,104,-17%,10,8,8,29,30,24,23.1,17.8,10.7,25.0,33.4,25.8,6.0,22.8,5.29,21.6,29.0,5.0,22.200000000000003,5.145,27.666666666666668,8.666666666666666,19.76,24.46666666666667,23.269879518072294
7,7,Goran Dragic,0.0,MIA,SA,-2.0,225.5,113.8,6,12.0,22.0,27.0,PG,5300,1,26.0,16.0,103,110,8%,13,11,12,27,27,28,22.0,28.7,19.8,37.6,23.6,27.8,5.2,28.8,5.42,26.4,25.5,5.0,27.6,5.21,27.333333333333332,12.0,27.140000000000004,20.333333333333332,25.74878048780488
8,0,Will Barton,0.0,DEN,IND,1.0,213.5,106.3,10,18.8,38.2,53.8,PG/SF,7600,2,20.0,16.0,101,104,-2%,16,16,13,37,36,34,38.1,33.4,23.1,43.8,35.9,33.3,4.4,32.3,4.24,33.6,34.5,4.4,32.95,4.32,35.666666666666664,15.0,34.27,36.93333333333333,31.872196261682245
8,1,Derrick White,0.0,SA,MIA,2.0,225.5,111.8,12,10.3,20.1,29.5,PG/SG,4100,1,18.0,15.0,101,106,-9%,7,7,7,20,21,24,20.1,20.6,13.5,27.7,25.9,29.0,7.1,19.8,4.82,20.7,23.5,5.0,20.25,4.91,21.666666666666668,7.0,20.43,19.96666666666667,21.963461538461537
8,2,Doug McDermott,0.0,IND,DEN,-1.0,213.5,107.3,15,5.8,18.7,29.0,SF/PF,3300,1,18.0,13.0,100,105,-8%,11,9,8,21,20,21,18.6,15.8,8.4,23.3,21.0,32.5,9.8,15.5,4.7,13.8,18.5,4.2,14.65,4.45,20.666666666666668,9.333333333333334,16.150000000000002,17.833333333333332,13.114112903225806
8,3,Derrick Jones Jr.,0.0,MIA,SA,-2.0,225.5,113.8,16,10.0,22.4,35.3,SF/PF,4000,1,15.0,13.0,103,110,0%,10,8,7,25,24,26,22.4,20.4,12.2,28.7,15.6,14.3,3.6,19.5,4.88,17.9,23.0,4.5,18.7,4.6899999999999995,25.0,8.333333333333334,20.48,22.566666666666663,17.204
8,4,T.J. McConnell,0.0,IND,DEN,-1.0,213.5,107.3,18,8.3,13.9,20.0,PG,3100,1,21.0,17.0,100,105,-5%,5,5,6,18,19,19,13.8,18.7,11.1,26.2,22.5,20.3,6.5,14.5,4.68,16.0,18.0,5.2,15.25,4.9399999999999995,18.666666666666668,5.333333333333333,17.009999999999998,14.066666666666668,14.705357142857142
8,5,Meyers Leonard,0.0,MIA,SA,-2.0,225.5,113.8,29,14.5,18.1,22.0,PF,3700,1,12.0,12.0,103,110,0%,4,4,4,21,25,20,18.1,15.3,6.8,23.8,28.9,16.0,4.3,19.8,5.34,19.1,24.5,5.2,19.450000000000003,5.27,22.0,4.0,16.69,18.2,21.660227272727276
8,6,Nikola Jokic,0.0,DEN,IND,1.0,213.5,106.3,5,38.0,48.0,55.5,C,9600,2,28.0,24.0,101,104,1%,15,15,15,36,34,32,48.0,44.9,32.5,57.3,31.7,56.5,5.9,48.0,5.0,49.8,34.0,5.2,48.9,5.1,34.0,15.0,46.32,47.166666666666664,48.9
8,7,Lonnie Walker IV,0.0,SA,MIA,2.0,225.5,111.8,18,5.8,12.5,25.8,SG/SF,3100,1,21.0,12.0,101,106,-1%,6,6,5,12,14,12,12.7,10.2,0.2,20.2,19.8,14.3,4.6,13.8,4.44,13.9,16.5,4.5,13.850000000000001,4.470000000000001,12.666666666666666,5.666666666666667,11.43,14.700000000000001,18.041447368421053
10,0,Patty Mills,0.0,SA,MIA,2.0,225.5,111.8,12,15.3,19.0,26.3,PG/SG,3400,1,20.0,15.0,101,106,-9%,13,10,9,24,24,23,19.0,19.3,10.4,28.2,29.1,30.3,8.9,19.5,5.74,18.9,24.0,5.6,19.2,5.67,23.666666666666668,10.666666666666666,19.220000000000002,20.2,19.470422535211267
10,1,PJ Dozier,0.0,DEN,IND,1.0,213.5,106.3,28,0.0,12.6,39.3,SG/SF,3200,2,0.0,0.0,101,104,0%,5,5,5,10,10,10,10.5,10.5,-4.3,25.3,17.1,13.3,4.2,8.8,2.73,9.5,10.0,3.0,9.15,2.865,10.0,5.0,10.23,17.3,9.15
10,2,James Johnson,0.0,MIA,SA,-2.0,225.5,113.8,29,7.5,16.6,27.0,PF/C,3200,1,0.0,0.0,103,110,1%,5,5,4,17,18,14,16.6,12.0,1.7,22.3,14.8,11.3,3.5,13.3,4.14,11.4,13.5,3.6,12.350000000000001,3.87,16.333333333333332,4.666666666666667,12.990000000000004,17.033333333333335,10.207653061224493
10,3,Lonnie Walker IV,0.0,SA,MIA,2.0,225.5,111.8,18,5.8,12.5,25.8,SG/SF,3100,1,21.0,12.0,101,106,-1%,6,6,5,12,14,12,12.7,10.2,0.2,20.2,19.8,14.3,4.6,13.8,4.44,13.9,16.5,4.5,13.850000000000001,4.470000000000001,12.666666666666666,5.666666666666667,11.43,14.700000000000001,18.041447368421053
10,4,Malcolm Brogdon,0.0,IND,DEN,-1.0,213.5,107.3,18,2.5,30.0,46.3,PG/SG,7300,1,28.0,20.0,100,105,-5%,15,15,15,31,32,32,35.4,38.6,29.9,47.4,35.9,37.8,5.2,35.3,4.83,35.7,32.0,4.9,35.5,4.865,31.666666666666668,15.0,37.36,26.266666666666666,35.873684210526314
10,5,Juancho Hernangomez,0.0,DEN,IND,1.0,213.5,106.3,13,2.8,5.8,11.8,SF/PF,3000,2,14.0,6.0,101,104,-5%,3,2,3,12,10,12,5.8,7.3,0.5,14.1,13.7,7.8,2.6,4.8,1.58,0.0,0.0,0.0,2.4,0.79,11.333333333333334,2.6666666666666665,6.02,6.8,0.0
10,6,LaMarcus Aldridge,0.0,SA,MIA,2.0,225.5,111.8,23,20.3,30.6,39.8,PF/C,6900,1,22.0,21.0,101,106,1%,16,13,15,31,32,34,30.6,38.1,27.7,48.5,35.9,36.5,5.3,36.5,5.29,38.1,33.5,5.5,37.3,5.395,32.333333333333336,14.666666666666666,36.44,30.233333333333334,38.64587628865979
10,7,Goran Dragic,0.0,MIA,SA,-2.0,225.5,113.8,6,12.0,22.0,27.0,PG,5300,1,26.0,16.0,103,110,8%,13,11,12,27,27,28,22.0,28.7,19.8,37.6,23.6,27.8,5.2,28.8,5.42,26.4,25.5,5.0,27.6,5.21,27.333333333333332,12.0,27.140000000000004,20.333333333333332,25.74878048780488
11,0,T.J. McConnell,0.0,IND,DEN,-1.0,213.5,107.3,18,8.3,13.9,20.0,PG,3100,1,21.0,17.0,100,105,-5%,5,5,6,18,19,19,13.8,18.7,11.1,26.2,22.5,20.3,6.5,14.5,4.68,16.0,18.0,5.2,15.25,4.9399999999999995,18.666666666666668,5.333333333333333,17.009999999999998,14.066666666666668,14.705357142857142
11,1,Bryn Forbes,0.0,SA,MIA,2.0,225.5,111.8,12,9.8,19.7,33.8,PG/SG,3400,1,19.0,11.0,101,106,-1%,11,11,10,26,25,26,19.6,19.0,10.7,27.2,16.1,1.5,0.4,18.8,5.51,19.1,25.5,5.6,18.950000000000003,5.555,25.666666666666668,10.666666666666666,19.09,21.099999999999998,18.826948051948055
11,2,Juancho Hernangomez,0.0,DEN,IND,1.0,213.5,106.3,13,2.8,5.8,11.8,SF/PF,3000,2,14.0,6.0,101,104,-5%,3,2,3,12,10,12,5.8,7.3,0.5,14.1,13.7,7.8,2.6,4.8,1.58,0.0,0.0,0.0,2.4,0.79,11.333333333333334,2.6666666666666665,6.02,6.8,0.0
11,3,PJ Dozier,0.0,DEN,IND,1.0,213.5,106.3,28,0.0,12.6,39.3,SG/SF,3200,2,0.0,0.0,101,104,0%,5,5,5,10,10,10,10.5,10.5,-4.3,25.3,17.1,13.3,4.2,8.8,2.73,9.5,10.0,3.0,9.15,2.865,10.0,5.0,10.23,17.3,9.15
11,4,Derrick White,0.0,SA,MIA,2.0,225.5,111.8,12,10.3,20.1,29.5,PG/SG,4100,1,18.0,15.0,101,106,-9%,7,7,7,20,21,24,20.1,20.6,13.5,27.7,25.9,29.0,7.1,19.8,4.82,20.7,23.5,5.0,20.25,4.91,21.666666666666668,7.0,20.43,19.96666666666667,21.963461538461537
11,5,Lonnie Walker IV,0.0,SA,MIA,2.0,225.5,111.8,18,5.8,12.5,25.8,SG/SF,3100,1,21.0,12.0,101,106,-1%,6,6,5,12,14,12,12.7,10.2,0.2,20.2,19.8,14.3,4.6,13.8,4.44,13.9,16.5,4.5,13.850000000000001,4.470000000000001,12.666666666666666,5.666666666666667,11.43,14.700000000000001,18.041447368421053
11,6,Bam Adebayo,0.0,MIA,SA,-2.0,225.5,113.8,6,27.5,39.1,46.3,C,8800,1,20.0,21.0,103,110,0%,13,11,11,34,33,35,39.1,41.0,30.5,51.5,36.2,54.5,6.2,40.0,4.55,41.0,34.5,4.7,40.5,4.625,34.0,11.666666666666666,40.519999999999996,37.63333333333333,41.095588235294116
11,7,Michael Porter Jr.,0.0,DEN,IND,1.0,213.5,106.3,13,-0.5,22.5,47.0,SF/PF,6300,2,22.0,19.0,101,104,-5%,12,7,5,29,19,12,22.4,13.1,1.8,24.3,22.7,24.0,3.8,27.3,4.33,27.4,27.0,4.3,27.35,4.3149999999999995,20.0,8.0,17.79,23.0,36.92250000000001
12,0,Kendrick Nunn,0.0,MIA,SA,-2.0,225.5,113.8,6,15.8,28.6,48.3,PG/SG,5600,1,24.0,14.0,103,110,8%,18,14,14,31,28,30,28.6,27.0,17.6,36.5,36.3,31.8,5.7,27.0,4.82,25.9,28.5,4.6,26.45,4.71,29.666666666666668,15.333333333333334,27.229999999999997,30.900000000000002,25.409831460674155
12,1,Patty Mills,0.0,SA,MIA,2.0,225.5,111.8,12,15.3,19.0,26.3,PG/SG,3400,1,20.0,15.0,101,106,-9%,13,10,9,24,24,23,19.0,19.3,10.4,28.2,29.1,30.3,8.9,19.5,5.74,18.9,24.0,5.6,19.2,5.67,23.666666666666668,10.666666666666666,19.220000000000002,20.2,19.470422535211267
12,2,Domantas Sabonis,0.0,IND,DEN,-1.0,213.5,107.3,13,19.8,43.4,58.3,PF/C,7900,1,23.0,21.0,100,105,-3%,15,14,14,34,35,34,48.9,43.8,35.8,51.8,40.7,58.3,7.4,41.8,5.28,42.7,34.0,5.4,42.25,5.34,34.333333333333336,14.333333333333334,44.510000000000005,40.5,41.83980582524272
12,3,Will Barton,0.0,DEN,IND,1.0,213.5,106.3,10,18.8,38.2,53.8,PG/SF,7600,2,20.0,16.0,101,104,-2%,16,16,13,37,36,34,38.1,33.4,23.1,43.8,35.9,33.3,4.4,32.3,4.24,33.6,34.5,4.4,32.95,4.32,35.666666666666664,15.0,34.27,36.93333333333333,31.872196261682245
12,4,Monte Morris,0.0,DEN,IND,1.0,213.5,106.3,10,13.3,18.8,22.8,PG,5200,2,20.0,16.0,101,104,0%,7,8,7,25,22,18,18.8,16.2,8.1,24.3,29.0,13.5,2.6,24.0,4.62,23.4,26.0,4.5,23.7,4.5600000000000005,21.666666666666668,7.333333333333333,18.22,18.3,28.439999999999998
12,5,Lonnie Walker IV,0.0,SA,MIA,2.0,225.5,111.8,18,5.8,12.5,25.8,SG/SF,3100,1,21.0,12.0,101,106,-1%,6,6,5,12,14,12,12.7,10.2,0.2,20.2,19.8,14.3,4.6,13.8,4.44,13.9,16.5,4.5,13.850000000000001,4.470000000000001,12.666666666666666,5.666666666666667,11.43,14.700000000000001,18.041447368421053
12,6,Kelly Olynyk,0.0,MIA,SA,-2.0,225.5,113.8,6,1.3,8.5,23.3,C,3500,1,16.0,13.0,103,110,0%,4,3,6,13,9,20,8.4,17.3,6.4,28.1,7.5,2.0,0.6,7.5,2.14,0.0,0.0,0.0,3.75,1.07,14.0,4.333333333333333,12.790000000000001,11.033333333333333,0.0
12,7,Nikola Jokic,0.0,DEN,IND,1.0,213.5,106.3,5,38.0,48.0,55.5,C,9600,2,28.0,24.0,101,104,1%,15,15,15,36,34,32,48.0,44.9,32.5,57.3,31.7,56.5,5.9,48.0,5.0,49.8,34.0,5.2,48.9,5.1,34.0,15.0,46.32,47.166666666666664,48.9
13,0,Malik Beasley,0.0,DEN,IND,1.0,213.5,106.3,10,5.0,17.2,42.0,PG/SG,4700,2,20.0,11.0,101,104,-2%,8,7,7,23,20,17,17.1,12.6,3.5,21.7,13.6,7.5,1.6,24.5,5.21,23.0,28.5,4.9,23.75,5.055,20.0,7.333333333333333,15.73,21.400000000000002,33.84375
13,1,Kendrick Nunn,0.0,MIA,SA,-2.0,225.5,113.8,6,15.8,28.6,48.3,PG/SG,5600,1,24.0,14.0,103,110,8%,18,14,14,31,28,30,28.6,27.0,17.6,36.5,36.3,31.8,5.7,27.0,4.82,25.9,28.5,4.6,26.45,4.71,29.666666666666668,15.333333333333334,27.229999999999997,30.900000000000002,25.409831460674155
13,2,Meyers Leonard,0.0,MIA,SA,-2.0,225.5,113.8,29,14.5,18.1,22.0,PF,3700,1,12.0,12.0,103,110,0%,4,4,4,21,25,20,18.1,15.3,6.8,23.8,28.9,16.0,4.3,19.8,5.34,19.1,24.5,5.2,19.450000000000003,5.27,22.0,4.0,16.69,18.2,21.660227272727276
13,3,Lonnie Walker IV,0.0,SA,MIA,2.0,225.5,111.8,18,5.8,12.5,25.8,SG/SF,3100,1,21.0,12.0,101,106,-1%,6,6,5,12,14,12,12.7,10.2,0.2,20.2,19.8,14.3,4.6,13.8,4.44,13.9,16.5,4.5,13.850000000000001,4.470000000000001,12.666666666666666,5.666666666666667,11.43,14.700000000000001,18.041447368421053
13,4,Derrick White,0.0,SA,MIA,2.0,225.5,111.8,12,10.3,20.1,29.5,PG/SG,4100,1,18.0,15.0,101,106,-9%,7,7,7,20,21,24,20.1,20.6,13.5,27.7,25.9,29.0,7.1,19.8,4.82,20.7,23.5,5.0,20.25,4.91,21.666666666666668,7.0,20.43,19.96666666666667,21.963461538461537
13,5,Jimmy Butler,0.0,MIA,SA,-2.0,225.5,113.8,23,25.3,40.8,50.8,SG/SF,8200,1,26.0,24.0,103,110,0%,10,12,13,34,33,35,40.5,43.3,33.3,53.3,33.2,35.3,4.3,40.3,4.91,41.7,34.5,5.1,41.0,5.005,34.0,11.666666666666666,42.279999999999994,38.96666666666666,41.60294117647059
13,6,LaMarcus Aldridge,0.0,SA,MIA,2.0,225.5,111.8,23,20.3,30.6,39.8,PF/C,6900,1,22.0,21.0,101,106,1%,16,13,15,31,32,34,30.6,38.1,27.7,48.5,35.9,36.5,5.3,36.5,5.29,38.1,33.5,5.5,37.3,5.395,32.333333333333336,14.666666666666666,36.44,30.233333333333334,38.64587628865979
13,7,Will Barton,0.0,DEN,IND,1.0,213.5,106.3,10,18.8,38.2,53.8,PG/SF,7600,2,20.0,16.0,101,104,-2%,16,16,13,37,36,34,38.1,33.4,23.1,43.8,35.9,33.3,4.4,32.3,4.24,33.6,34.5,4.4,32.95,4.32,35.666666666666664,15.0,34.27,36.93333333333333,31.872196261682245
14,0,Goran Dragic,0.0,MIA,SA,-2.0,225.5,113.8,6,12.0,22.0,27.0,PG,5300,1,26.0,16.0,103,110,8%,13,11,12,27,27,28,22.0,28.7,19.8,37.6,23.6,27.8,5.2,28.8,5.42,26.4,25.5,5.0,27.6,5.21,27.333333333333332,12.0,27.140000000000004,20.333333333333332,25.74878048780488
14,1,Aaron Holiday,0.0,IND,DEN,-1.0,213.5,107.3,18,0.0,19.0,35.3,PG/SG,3800,1,21.0,14.0,100,105,-5%,6,8,9,18,23,25,18.9,21.9,10.6,33.2,13.1,3.8,1.0,17.5,4.61,16.1,18.5,4.2,16.8,4.405,22.0,7.666666666666667,20.279999999999998,18.099999999999998,14.127272727272729
14,2,Michael Porter Jr.,0.0,DEN,IND,1.0,213.5,106.3,13,-0.5,22.5,47.0,SF/PF,6300,2,22.0,19.0,101,104,-5%,12,7,5,29,19,12,22.4,13.1,1.8,24.3,22.7,24.0,3.8,27.3,4.33,27.4,27.0,4.3,27.35,4.3149999999999995,20.0,8.0,17.79,23.0,36.92250000000001
14,3,Justin Holiday,0.0,IND,DEN,-1.0,213.5,107.3,6,12.5,19.4,25.5,SG/SF,3600,1,13.0,12.0,100,105,-4%,5,7,7,29,27,26,19.4,18.4,10.8,25.9,25.3,22.5,6.3,17.5,4.86,16.6,25.5,4.6,17.05,4.73,27.333333333333332,6.333333333333333,18.31,19.133333333333333,15.90640243902439
14,4,Lonnie Walker IV,0.0,SA,MIA,2.0,225.5,111.8,18,5.8,12.5,25.8,SG/SF,3100,1,21.0,12.0,101,106,-1%,6,6,5,12,14,12,12.7,10.2,0.2,20.2,19.8,14.3,4.6,13.8,4.44,13.9,16.5,4.5,13.850000000000001,4.470000000000001,12.666666666666666,5.666666666666667,11.43,14.700000000000001,18.041447368421053
14,5,Domantas Sabonis,0.0,IND,DEN,-1.0,213.5,107.3,13,19.8,43.4,58.3,PF/C,7900,1,23.0,21.0,100,105,-3%,15,14,14,34,35,34,48.9,43.8,35.8,51.8,40.7,58.3,7.4,41.8,5.28,42.7,34.0,5.4,42.25,5.34,34.333333333333336,14.333333333333334,44.510000000000005,40.5,41.83980582524272
14,6,Jerami Grant,0.0,DEN,IND,1.0,213.5,106.3,4,16.0,23.4,34.0,PF/C,4300,2,17.0,12.0,101,104,-17%,10,8,8,29,30,24,23.1,17.8,10.7,25.0,33.4,25.8,6.0,22.8,5.29,21.6,29.0,5.0,22.200000000000003,5.145,27.666666666666668,8.666666666666666,19.76,24.46666666666667,23.269879518072294
14,7,Doug McDermott,0.0,IND,DEN,-1.0,213.5,107.3,15,5.8,18.7,29.0,SF/PF,3300,1,18.0,13.0,100,105,-8%,11,9,8,21,20,21,18.6,15.8,8.4,23.3,21.0,32.5,9.8,15.5,4.7,13.8,18.5,4.2,14.65,4.45,20.666666666666668,9.333333333333334,16.150000000000002,17.833333333333332,13.114112903225806
16,0,Bryn Forbes,0.0,SA,MIA,2.0,225.5,111.8,12,9.8,19.7,33.8,PG/SG,3400,1,19.0,11.0,101,106,-1%,11,11,10,26,25,26,19.6,19.0,10.7,27.2,16.1,1.5,0.4,18.8,5.51,19.1,25.5,5.6,18.950000000000003,5.555,25.666666666666668,10.666666666666666,19.09,21.099999999999998,18.826948051948055
16,1,Patty Mills,0.0,SA,MIA,2.0,225.5,111.8,12,15.3,19.0,26.3,PG/SG,3400,1,20.0,15.0,101,106,-9%,13,10,9,24,24,23,19.0,19.3,10.4,28.2,29.1,30.3,8.9,19.5,5.74,18.9,24.0,5.6,19.2,5.67,23.666666666666668,10.666666666666666,19.220000000000002,20.2,19.470422535211267
16,2,Trey Lyles,0.0,SA,MIA,2.0,225.5,111.8,23,8.8,15.3,19.5,PF/C,4600,1,13.0,12.0,101,106,1%,5,5,5,24,19,18,15.3,15.8,8.1,23.4,20.6,17.5,3.8,18.5,4.02,18.0,21.0,3.9,18.25,3.96,20.333333333333332,5.0,16.169999999999998,14.533333333333333,18.848360655737707
16,3,PJ Dozier,0.0,DEN,IND,1.0,213.5,106.3,28,0.0,12.6,39.3,SG/SF,3200,2,0.0,0.0,101,104,0%,5,5,5,10,10,10,10.5,10.5,-4.3,25.3,17.1,13.3,4.2,8.8,2.73,9.5,10.0,3.0,9.15,2.865,10.0,5.0,10.23,17.3,9.15
16,4,Derrick White,0.0,SA,MIA,2.0,225.5,111.8,12,10.3,20.1,29.5,PG/SG,4100,1,18.0,15.0,101,106,-9%,7,7,7,20,21,24,20.1,20.6,13.5,27.7,25.9,29.0,7.1,19.8,4.82,20.7,23.5,5.0,20.25,4.91,21.666666666666668,7.0,20.43,19.96666666666667,21.963461538461537
16,5,James Johnson,0.0,MIA,SA,-2.0,225.5,113.8,29,7.5,16.6,27.0,PF/C,3200,1,0.0,0.0,103,110,1%,5,5,4,17,18,14,16.6,12.0,1.7,22.3,14.8,11.3,3.5,13.3,4.14,11.4,13.5,3.6,12.350000000000001,3.87,16.333333333333332,4.666666666666667,12.990000000000004,17.033333333333335,10.207653061224493
16,6,Jerami Grant,0.0,DEN,IND,1.0,213.5,106.3,4,16.0,23.4,34.0,PF/C,4300,2,17.0,12.0,101,104,-17%,10,8,8,29,30,24,23.1,17.8,10.7,25.0,33.4,25.8,6.0,22.8,5.29,21.6,29.0,5.0,22.200000000000003,5.145,27.666666666666668,8.666666666666666,19.76,24.46666666666667,23.269879518072294
16,7,DeMar DeRozan,0.0,SA,MIA,2.0,225.5,111.8,18,44.0,50.6,62.8,SG/SF,8400,1,27.0,22.0,101,106,-1%,16,16,16,37,36,35,50.4,39.2,30.9,47.5,37.6,45.8,5.5,40.3,4.79,41.7,35.5,5.0,41.0,4.895,36.0,16.0,41.8,52.46666666666666,40.43055555555556
19,0,Malcolm Brogdon,0.0,IND,DEN,-1.0,213.5,107.3,18,2.5,30.0,46.3,PG/SG,7300,1,28.0,20.0,100,105,-5%,15,15,15,31,32,32,35.4,38.6,29.9,47.4,35.9,37.8,5.2,35.3,4.83,35.7,32.0,4.9,35.5,4.865,31.666666666666668,15.0,37.36,26.266666666666666,35.873684210526314
19,1,Jimmy Butler,0.0,MIA,SA,-2.0,225.5,113.8,23,25.3,40.8,50.8,SG/SF,8200,1,26.0,24.0,103,110,0%,10,12,13,34,33,35,40.5,43.3,33.3,53.3,33.2,35.3,4.3,40.3,4.91,41.7,34.5,5.1,41.0,5.005,34.0,11.666666666666666,42.279999999999994,38.96666666666666,41.60294117647059
19,2,Mason Plumlee,0.0,DEN,IND,1.0,213.5,106.3,4,19.0,26.0,45.3,PF/C,5000,2,20.0,19.0,101,104,1%,8,6,5,22,21,18,26.0,19.7,11.0,28.5,17.7,21.0,4.2,24.0,4.8,20.2,18.0,4.0,22.1,4.4,20.333333333333332,6.333333333333333,21.46,30.099999999999998,19.56393442622951
19,3,PJ Dozier,0.0,DEN,IND,1.0,213.5,106.3,28,0.0,12.6,39.3,SG/SF,3200,2,0.0,0.0,101,104,0%,5,5,5,10,10,10,10.5,10.5,-4.3,25.3,17.1,13.3,4.2,8.8,2.73,9.5,10.0,3.0,9.15,2.865,10.0,5.0,10.23,17.3,9.15
19,4,Monte Morris,0.0,DEN,IND,1.0,213.5,106.3,10,13.3,18.8,22.8,PG,5200,2,20.0,16.0,101,104,0%,7,8,7,25,22,18,18.8,16.2,8.1,24.3,29.0,13.5,2.6,24.0,4.62,23.4,26.0,4.5,23.7,4.5600000000000005,21.666666666666668,7.333333333333333,18.22,18.3,28.439999999999998
19,5,LaMarcus Aldridge,0.0,SA,MIA,2.0,225.5,111.8,23,20.3,30.6,39.8,PF/C,6900,1,22.0,21.0,101,106,1%,16,13,15,31,32,34,30.6,38.1,27.7,48.5,35.9,36.5,5.3,36.5,5.29,38.1,33.5,5.5,37.3,5.395,32.333333333333336,14.666666666666666,36.44,30.233333333333334,38.64587628865979
19,6,Trey Lyles,0.0,SA,MIA,2.0,225.5,111.8,23,8.8,15.3,19.5,PF/C,4600,1,13.0,12.0,101,106,1%,5,5,5,24,19,18,15.3,15.8,8.1,23.4,20.6,17.5,3.8,18.5,4.02,18.0,21.0,3.9,18.25,3.96,20.333333333333332,5.0,16.169999999999998,14.533333333333333,18.848360655737707
19,7,Bryn Forbes,0.0,SA,MIA,2.0,225.5,111.8,12,9.8,19.7,33.8,PG/SG,3400,1,19.0,11.0,101,106,-1%,11,11,10,26,25,26,19.6,19.0,10.7,27.2,16.1,1.5,0.4,18.8,5.51,19.1,25.5,5.6,18.950000000000003,5.555,25.666666666666668,10.666666666666666,19.09,21.099999999999998,18.826948051948055
20,0,Kendrick Nunn,0.0,MIA,SA,-2.0,225.5,113.8,6,15.8,28.6,48.3,PG/SG,5600,1,24.0,14.0,103,110,8%,18,14,14,31,28,30,28.6,27.0,17.6,36.5,36.3,31.8,5.7,27.0,4.82,25.9,28.5,4.6,26.45,4.71,29.666666666666668,15.333333333333334,27.229999999999997,30.900000000000002,25.409831460674155
20,1,PJ Dozier,0.0,DEN,IND,1.0,213.5,106.3,28,0.0,12.6,39.3,SG/SF,3200,2,0.0,0.0,101,104,0%,5,5,5,10,10,10,10.5,10.5,-4.3,25.3,17.1,13.3,4.2,8.8,2.73,9.5,10.0,3.0,9.15,2.865,10.0,5.0,10.23,17.3,9.15
20,2,Derrick Jones Jr.,0.0,MIA,SA,-2.0,225.5,113.8,16,10.0,22.4,35.3,SF/PF,4000,1,15.0,13.0,103,110,0%,10,8,7,25,24,26,22.4,20.4,12.2,28.7,15.6,14.3,3.6,19.5,4.88,17.9,23.0,4.5,18.7,4.6899999999999995,25.0,8.333333333333334,20.48,22.566666666666663,17.204
20,3,DeMar DeRozan,0.0,SA,MIA,2.0,225.5,111.8,18,44.0,50.6,62.8,SG/SF,8400,1,27.0,22.0,101,106,-1%,16,16,16,37,36,35,50.4,39.2,30.9,47.5,37.6,45.8,5.5,40.3,4.79,41.7,35.5,5.0,41.0,4.895,36.0,16.0,41.8,52.46666666666666,40.43055555555556
20,4,Duncan Robinson,0.0,MIA,SA,-2.0,225.5,113.8,23,11.5,22.0,29.3,SG/SF,4600,1,15.0,13.0,103,110,8%,11,10,9,37,32,29,22.0,21.3,12.4,30.1,35.0,23.8,5.2,22.0,4.78,20.8,29.0,4.5,21.4,4.640000000000001,32.666666666666664,10.0,21.440000000000005,20.933333333333334,18.99795918367347
20,5,T.J. Warren,0.0,IND,DEN,-1.0,213.5,107.3,15,9.0,27.5,42.3,SF/PF,6000,1,22.0,16.0,100,105,-8%,15,16,15,32,33,33,35.7,28.8,18.7,38.8,33.4,29.3,4.9,26.3,4.38,26.3,31.5,4.4,26.3,4.390000000000001,32.666666666666664,15.333333333333334,29.660000000000004,26.266666666666666,25.360714285714288
20,6,James Johnson,0.0,MIA,SA,-2.0,225.5,113.8,29,7.5,16.6,27.0,PF/C,3200,1,0.0,0.0,103,110,1%,5,5,4,17,18,14,16.6,12.0,1.7,22.3,14.8,11.3,3.5,13.3,4.14,11.4,13.5,3.6,12.350000000000001,3.87,16.333333333333332,4.666666666666667,12.990000000000004,17.033333333333335,10.207653061224493
20,7,Kelly Olynyk,0.0,MIA,SA,-2.0,225.5,113.8,6,1.3,8.5,23.3,C,3500,1,16.0,13.0,103,110,0%,4,3,6,13,9,20,8.4,17.3,6.4,28.1,7.5,2.0,0.6,7.5,2.14,0.0,0.0,0.0,3.75,1.07,14.0,4.333333333333333,12.790000000000001,11.033333333333333,0.0
21,0,Patty Mills,0.0,SA,MIA,2.0,225.5,111.8,12,15.3,19.0,26.3,PG/SG,3400,1,20.0,15.0,101,106,-9%,13,10,9,24,24,23,19.0,19.3,10.4,28.2,29.1,30.3,8.9,19.5,5.74,18.9,24.0,5.6,19.2,5.67,23.666666666666668,10.666666666666666,19.220000000000002,20.2,19.470422535211267
21,1,Derrick White,0.0,SA,MIA,2.0,225.5,111.8,12,10.3,20.1,29.5,PG/SG,4100,1,18.0,15.0,101,106,-9%,7,7,7,20,21,24,20.1,20.6,13.5,27.7,25.9,29.0,7.1,19.8,4.82,20.7,23.5,5.0,20.25,4.91,21.666666666666668,7.0,20.43,19.96666666666667,21.963461538461537
21,2,Juancho Hernangomez,0.0,DEN,IND,1.0,213.5,106.3,13,2.8,5.8,11.8,SF/PF,3000,2,14.0,6.0,101,104,-5%,3,2,3,12,10,12,5.8,7.3,0.5,14.1,13.7,7.8,2.6,4.8,1.58,0.0,0.0,0.0,2.4,0.79,11.333333333333334,2.6666666666666665,6.02,6.8,0.0
21,3,Doug McDermott,0.0,IND,DEN,-1.0,213.5,107.3,15,5.8,18.7,29.0,SF/PF,3300,1,18.0,13.0,100,105,-8%,11,9,8,21,20,21,18.6,15.8,8.4,23.3,21.0,32.5,9.8,15.5,4.7,13.8,18.5,4.2,14.65,4.45,20.666666666666668,9.333333333333334,16.150000000000002,17.833333333333332,13.114112903225806
21,4,Jimmy Butler,0.0,MIA,SA,-2.0,225.5,113.8,23,25.3,40.8,50.8,SG/SF,8200,1,26.0,24.0,103,110,0%,10,12,13,34,33,35,40.5,43.3,33.3,53.3,33.2,35.3,4.3,40.3,4.91,41.7,34.5,5.1,41.0,5.005,34.0,11.666666666666666,42.279999999999994,38.96666666666666,41.60294117647059
21,5,Meyers Leonard,0.0,MIA,SA,-2.0,225.5,113.8,29,14.5,18.1,22.0,PF,3700,1,12.0,12.0,103,110,0%,4,4,4,21,25,20,18.1,15.3,6.8,23.8,28.9,16.0,4.3,19.8,5.34,19.1,24.5,5.2,19.450000000000003,5.27,22.0,4.0,16.69,18.2,21.660227272727276
21,6,Kelly Olynyk,0.0,MIA,SA,-2.0,225.5,113.8,6,1.3,8.5,23.3,C,3500,1,16.0,13.0,103,110,0%,4,3,6,13,9,20,8.4,17.3,6.4,28.1,7.5,2.0,0.6,7.5,2.14,0.0,0.0,0.0,3.75,1.07,14.0,4.333333333333333,12.790000000000001,11.033333333333333,0.0
21,7,Duncan Robinson,0.0,MIA,SA,-2.0,225.5,113.8,23,11.5,22.0,29.3,SG/SF,4600,1,15.0,13.0,103,110,8%,11,10,9,37,32,29,22.0,21.3,12.4,30.1,35.0,23.8,5.2,22.0,4.78,20.8,29.0,4.5,21.4,4.640000000000001,32.666666666666664,10.0,21.440000000000005,20.933333333333334,18.99795918367347
22,0,Bryn Forbes,0.0,SA,MIA,2.0,225.5,111.8,12,9.8,19.7,33.8,PG/SG,3400,1,19.0,11.0,101,106,-1%,11,11,10,26,25,26,19.6,19.0,10.7,27.2,16.1,1.5,0.4,18.8,5.51,19.1,25.5,5.6,18.950000000000003,5.555,25.666666666666668,10.666666666666666,19.09,21.099999999999998,18.826948051948055
22,1,Justin Holiday,0.0,IND,DEN,-1.0,213.5,107.3,6,12.5,19.4,25.5,SG/SF,3600,1,13.0,12.0,100,105,-4%,5,7,7,29,27,26,19.4,18.4,10.8,25.9,25.3,22.5,6.3,17.5,4.86,16.6,25.5,4.6,17.05,4.73,27.333333333333332,6.333333333333333,18.31,19.133333333333333,15.90640243902439
22,2,Juancho Hernangomez,0.0,DEN,IND,1.0,213.5,106.3,13,2.8,5.8,11.8,SF/PF,3000,2,14.0,6.0,101,104,-5%,3,2,3,12,10,12,5.8,7.3,0.5,14.1,13.7,7.8,2.6,4.8,1.58,0.0,0.0,0.0,2.4,0.79,11.333333333333334,2.6666666666666665,6.02,6.8,0.0
22,3,Marco Belinelli,0.0,SA,MIA,2.0,225.5,111.8,8,0.0,6.7,17.0,SF,3300,1,17.0,8.0,101,106,-1%,6,5,6,11,13,16,10.7,10.8,5.6,16.0,20.7,24.8,7.5,14.0,4.24,12.6,16.5,3.8,13.3,4.02,13.333333333333334,5.666666666666667,11.280000000000001,7.8999999999999995,16.458750000000002
22,4,DeMar DeRozan,0.0,SA,MIA,2.0,225.5,111.8,18,44.0,50.6,62.8,SG/SF,8400,1,27.0,22.0,101,106,-1%,16,16,16,37,36,35,50.4,39.2,30.9,47.5,37.6,45.8,5.5,40.3,4.79,41.7,35.5,5.0,41.0,4.895,36.0,16.0,41.8,52.46666666666666,40.43055555555556
22,5,Will Barton,0.0,DEN,IND,1.0,213.5,106.3,10,18.8,38.2,53.8,PG/SF,7600,2,20.0,16.0,101,104,-2%,16,16,13,37,36,34,38.1,33.4,23.1,43.8,35.9,33.3,4.4,32.3,4.24,33.6,34.5,4.4,32.95,4.32,35.666666666666664,15.0,34.27,36.93333333333333,31.872196261682245
22,6,Goga Bitadze,0.0,IND,DEN,-1.0,213.5,107.3,12,3.3,6.1,12.3,C,3000,1,16.0,12.0,100,105,-3%,2,2,3,7,7,9,6.1,8.2,-0.3,16.6,5.9,6.5,2.2,4.5,1.5,0.0,0.0,0.0,2.25,0.75,7.666666666666667,2.3333333333333335,6.5699999999999985,7.233333333333333,0.0
22,7,Doug McDermott,0.0,IND,DEN,-1.0,213.5,107.3,15,5.8,18.7,29.0,SF/PF,3300,1,18.0,13.0,100,105,-8%,11,9,8,21,20,21,18.6,15.8,8.4,23.3,21.0,32.5,9.8,15.5,4.7,13.8,18.5,4.2,14.65,4.45,20.666666666666668,9.333333333333334,16.150000000000002,17.833333333333332,13.114112903225806
23,0,Monte Morris,0.0,DEN,IND,1.0,213.5,106.3,10,13.3,18.8,22.8,PG,5200,2,20.0,16.0,101,104,0%,7,8,7,25,22,18,18.8,16.2,8.1,24.3,29.0,13.5,2.6,24.0,4.62,23.4,26.0,4.5,23.7,4.5600000000000005,21.666666666666668,7.333333333333333,18.22,18.3,28.439999999999998
23,1,Patty Mills,0.0,SA,MIA,2.0,225.5,111.8,12,15.3,19.0,26.3,PG/SG,3400,1,20.0,15.0,101,106,-9%,13,10,9,24,24,23,19.0,19.3,10.4,28.2,29.1,30.3,8.9,19.5,5.74,18.9,24.0,5.6,19.2,5.67,23.666666666666668,10.666666666666666,19.220000000000002,20.2,19.470422535211267
23,2,Juancho Hernangomez,0.0,DEN,IND,1.0,213.5,106.3,13,2.8,5.8,11.8,SF/PF,3000,2,14.0,6.0,101,104,-5%,3,2,3,12,10,12,5.8,7.3,0.5,14.1,13.7,7.8,2.6,4.8,1.58,0.0,0.0,0.0,2.4,0.79,11.333333333333334,2.6666666666666665,6.02,6.8,0.0
23,3,Doug McDermott,0.0,IND,DEN,-1.0,213.5,107.3,15,5.8,18.7,29.0,SF/PF,3300,1,18.0,13.0,100,105,-8%,11,9,8,21,20,21,18.6,15.8,8.4,23.3,21.0,32.5,9.8,15.5,4.7,13.8,18.5,4.2,14.65,4.45,20.666666666666668,9.333333333333334,16.150000000000002,17.833333333333332,13.114112903225806
23,4,Malik Beasley,0.0,DEN,IND,1.0,213.5,106.3,10,5.0,17.2,42.0,PG/SG,4700,2,20.0,11.0,101,104,-2%,8,7,7,23,20,17,17.1,12.6,3.5,21.7,13.6,7.5,1.6,24.5,5.21,23.0,28.5,4.9,23.75,5.055,20.0,7.333333333333333,15.73,21.400000000000002,33.84375
23,5,PJ Dozier,0.0,DEN,IND,1.0,213.5,106.3,28,0.0,12.6,39.3,SG/SF,3200,2,0.0,0.0,101,104,0%,5,5,5,10,10,10,10.5,10.5,-4.3,25.3,17.1,13.3,4.2,8.8,2.73,9.5,10.0,3.0,9.15,2.865,10.0,5.0,10.23,17.3,9.15
23,6,Domantas Sabonis,0.0,IND,DEN,-1.0,213.5,107.3,13,19.8,43.4,58.3,PF/C,7900,1,23.0,21.0,100,105,-3%,15,14,14,34,35,34,48.9,43.8,35.8,51.8,40.7,58.3,7.4,41.8,5.28,42.7,34.0,5.4,42.25,5.34,34.333333333333336,14.333333333333334,44.510000000000005,40.5,41.83980582524272
23,7,Bam Adebayo,0.0,MIA,SA,-2.0,225.5,113.8,6,27.5,39.1,46.3,C,8800,1,20.0,21.0,103,110,0%,13,11,11,34,33,35,39.1,41.0,30.5,51.5,36.2,54.5,6.2,40.0,4.55,41.0,34.5,4.7,40.5,4.625,34.0,11.666666666666666,40.519999999999996,37.63333333333333,41.095588235294116
24,0,Will Barton,0.0,DEN,IND,1.0,213.5,106.3,10,18.8,38.2,53.8,PG/SF,7600,2,20.0,16.0,101,104,-2%,16,16,13,37,36,34,38.1,33.4,23.1,43.8,35.9,33.3,4.4,32.3,4.24,33.6,34.5,4.4,32.95,4.32,35.666666666666664,15.0,34.27,36.93333333333333,31.872196261682245
24,1,Kendrick Nunn,0.0,MIA,SA,-2.0,225.5,113.8,6,15.8,28.6,48.3,PG/SG,5600,1,24.0,14.0,103,110,8%,18,14,14,31,28,30,28.6,27.0,17.6,36.5,36.3,31.8,5.7,27.0,4.82,25.9,28.5,4.6,26.45,4.71,29.666666666666668,15.333333333333334,27.229999999999997,30.900000000000002,25.409831460674155
24,2,Juancho Hernangomez,0.0,DEN,IND,1.0,213.5,106.3,13,2.8,5.8,11.8,SF/PF,3000,2,14.0,6.0,101,104,-5%,3,2,3,12,10,12,5.8,7.3,0.5,14.1,13.7,7.8,2.6,4.8,1.58,0.0,0.0,0.0,2.4,0.79,11.333333333333334,2.6666666666666665,6.02,6.8,0.0
24,3,Duncan Robinson,0.0,MIA,SA,-2.0,225.5,113.8,23,11.5,22.0,29.3,SG/SF,4600,1,15.0,13.0,103,110,8%,11,10,9,37,32,29,22.0,21.3,12.4,30.1,35.0,23.8,5.2,22.0,4.78,20.8,29.0,4.5,21.4,4.640000000000001,32.666666666666664,10.0,21.440000000000005,20.933333333333334,18.99795918367347
24,4,Lonnie Walker IV,0.0,SA,MIA,2.0,225.5,111.8,18,5.8,12.5,25.8,SG/SF,3100,1,21.0,12.0,101,106,-1%,6,6,5,12,14,12,12.7,10.2,0.2,20.2,19.8,14.3,4.6,13.8,4.44,13.9,16.5,4.5,13.850000000000001,4.470000000000001,12.666666666666666,5.666666666666667,11.43,14.700000000000001,18.041447368421053
24,5,Jimmy Butler,0.0,MIA,SA,-2.0,225.5,113.8,23,25.3,40.8,50.8,SG/SF,8200,1,26.0,24.0,103,110,0%,10,12,13,34,33,35,40.5,43.3,33.3,53.3,33.2,35.3,4.3,40.3,4.91,41.7,34.5,5.1,41.0,5.005,34.0,11.666666666666666,42.279999999999994,38.96666666666666,41.60294117647059
24,6,Trey Lyles,0.0,SA,MIA,2.0,225.5,111.8,23,8.8,15.3,19.5,PF/C,4600,1,13.0,12.0,101,106,1%,5,5,5,24,19,18,15.3,15.8,8.1,23.4,20.6,17.5,3.8,18.5,4.02,18.0,21.0,3.9,18.25,3.96,20.333333333333332,5.0,16.169999999999998,14.533333333333333,18.848360655737707
24,7,Torrey Craig,0.0,DEN,IND,1.0,213.5,106.3,28,0.0,9.4,17.3,SG/SF,4400,2,12.0,7.0,101,104,-2%,4,4,3,22,19,14,9.3,8.5,1.3,15.6,25.2,19.0,4.3,15.5,3.52,15.5,23.0,3.5,15.5,3.51,18.333333333333332,3.6666666666666665,10.04,8.9,19.445454545454545
26,0,Will Barton,0.0,DEN,IND,1.0,213.5,106.3,10,18.8,38.2,53.8,PG/SF,7600,2,20.0,16.0,101,104,-2%,16,16,13,37,36,34,38.1,33.4,23.1,43.8,35.9,33.3,4.4,32.3,4.24,33.6,34.5,4.4,32.95,4.32,35.666666666666664,15.0,34.27,36.93333333333333,31.872196261682245
26,1,Bryn Forbes,0.0,SA,MIA,2.0,225.5,111.8,12,9.8,19.7,33.8,PG/SG,3400,1,19.0,11.0,101,106,-1%,11,11,10,26,25,26,19.6,19.0,10.7,27.2,16.1,1.5,0.4,18.8,5.51,19.1,25.5,5.6,18.950000000000003,5.555,25.666666666666668,10.666666666666666,19.09,21.099999999999998,18.826948051948055
26,2,Juancho Hernangomez,0.0,DEN,IND,1.0,213.5,106.3,13,2.8,5.8,11.8,SF/PF,3000,2,14.0,6.0,101,104,-5%,3,2,3,12,10,12,5.8,7.3,0.5,14.1,13.7,7.8,2.6,4.8,1.58,0.0,0.0,0.0,2.4,0.79,11.333333333333334,2.6666666666666665,6.02,6.8,0.0
26,3,Michael Porter Jr.,0.0,DEN,IND,1.0,213.5,106.3,13,-0.5,22.5,47.0,SF/PF,6300,2,22.0,19.0,101,104,-5%,12,7,5,29,19,12,22.4,13.1,1.8,24.3,22.7,24.0,3.8,27.3,4.33,27.4,27.0,4.3,27.35,4.3149999999999995,20.0,8.0,17.79,23.0,36.92250000000001
26,4,Derrick White,0.0,SA,MIA,2.0,225.5,111.8,12,10.3,20.1,29.5,PG/SG,4100,1,18.0,15.0,101,106,-9%,7,7,7,20,21,24,20.1,20.6,13.5,27.7,25.9,29.0,7.1,19.8,4.82,20.7,23.5,5.0,20.25,4.91,21.666666666666668,7.0,20.43,19.96666666666667,21.963461538461537
26,5,DeMar DeRozan,0.0,SA,MIA,2.0,225.5,111.8,18,44.0,50.6,62.8,SG/SF,8400,1,27.0,22.0,101,106,-1%,16,16,16,37,36,35,50.4,39.2,30.9,47.5,37.6,45.8,5.5,40.3,4.79,41.7,35.5,5.0,41.0,4.895,36.0,16.0,41.8,52.46666666666666,40.43055555555556
26,6,LaMarcus Aldridge,0.0,SA,MIA,2.0,225.5,111.8,23,20.3,30.6,39.8,PF/C,6900,1,22.0,21.0,101,106,1%,16,13,15,31,32,34,30.6,38.1,27.7,48.5,35.9,36.5,5.3,36.5,5.29,38.1,33.5,5.5,37.3,5.395,32.333333333333336,14.666666666666666,36.44,30.233333333333334,38.64587628865979
26,7,Bam Adebayo,0.0,MIA,SA,-2.0,225.5,113.8,6,27.5,39.1,46.3,C,8800,1,20.0,21.0,103,110,0%,13,11,11,34,33,35,39.1,41.0,30.5,51.5,36.2,54.5,6.2,40.0,4.55,41.0,34.5,4.7,40.5,4.625,34.0,11.666666666666666,40.519999999999996,37.63333333333333,41.095588235294116
27,0,Goran Dragic,0.0,MIA,SA,-2.0,225.5,113.8,6,12.0,22.0,27.0,PG,5300,1,26.0,16.0,103,110,8%,13,11,12,27,27,28,22.0,28.7,19.8,37.6,23.6,27.8,5.2,28.8,5.42,26.4,25.5,5.0,27.6,5.21,27.333333333333332,12.0,27.140000000000004,20.333333333333332,25.74878048780488
27,1,DeMar DeRozan,0.0,SA,MIA,2.0,225.5,111.8,18,44.0,50.6,62.8,SG/SF,8400,1,27.0,22.0,101,106,-1%,16,16,16,37,36,35,50.4,39.2,30.9,47.5,37.6,45.8,5.5,40.3,4.79,41.7,35.5,5.0,41.0,4.895,36.0,16.0,41.8,52.46666666666666,40.43055555555556
27,2,LaMarcus Aldridge,0.0,SA,MIA,2.0,225.5,111.8,23,20.3,30.6,39.8,PF/C,6900,1,22.0,21.0,101,106,1%,16,13,15,31,32,34,30.6,38.1,27.7,48.5,35.9,36.5,5.3,36.5,5.29,38.1,33.5,5.5,37.3,5.395,32.333333333333336,14.666666666666666,36.44,30.233333333333334,38.64587628865979
27,3,Juancho Hernangomez,0.0,DEN,IND,1.0,213.5,106.3,13,2.8,5.8,11.8,SF/PF,3000,2,14.0,6.0,101,104,-5%,3,2,3,12,10,12,5.8,7.3,0.5,14.1,13.7,7.8,2.6,4.8,1.58,0.0,0.0,0.0,2.4,0.79,11.333333333333334,2.6666666666666665,6.02,6.8,0.0
27,4,Patty Mills,0.0,SA,MIA,2.0,225.5,111.8,12,15.3,19.0,26.3,PG/SG,3400,1,20.0,15.0,101,106,-9%,13,10,9,24,24,23,19.0,19.3,10.4,28.2,29.1,30.3,8.9,19.5,5.74,18.9,24.0,5.6,19.2,5.67,23.666666666666668,10.666666666666666,19.220000000000002,20.2,19.470422535211267
27,5,Meyers Leonard,0.0,MIA,SA,-2.0,225.5,113.8,29,14.5,18.1,22.0,PF,3700,1,12.0,12.0,103,110,0%,4,4,4,21,25,20,18.1,15.3,6.8,23.8,28.9,16.0,4.3,19.8,5.34,19.1,24.5,5.2,19.450000000000003,5.27,22.0,4.0,16.69,18.2,21.660227272727276
27,6,James Johnson,0.0,MIA,SA,-2.0,225.5,113.8,29,7.5,16.6,27.0,PF/C,3200,1,0.0,0.0,103,110,1%,5,5,4,17,18,14,16.6,12.0,1.7,22.3,14.8,11.3,3.5,13.3,4.14,11.4,13.5,3.6,12.350000000000001,3.87,16.333333333333332,4.666666666666667,12.990000000000004,17.033333333333335,10.207653061224493
27,7,Nikola Jokic,0.0,DEN,IND,1.0,213.5,106.3,5,38.0,48.0,55.5,C,9600,2,28.0,24.0,101,104,1%,15,15,15,36,34,32,48.0,44.9,32.5,57.3,31.7,56.5,5.9,48.0,5.0,49.8,34.0,5.2,48.9,5.1,34.0,15.0,46.32,47.166666666666664,48.9
29,0,Derrick White,0.0,SA,MIA,2.0,225.5,111.8,12,10.3,20.1,29.5,PG/SG,4100,1,18.0,15.0,101,106,-9%,7,7,7,20,21,24,20.1,20.6,13.5,27.7,25.9,29.0,7.1,19.8,4.82,20.7,23.5,5.0,20.25,4.91,21.666666666666668,7.0,20.43,19.96666666666667,21.963461538461537
29,1,Kendrick Nunn,0.0,MIA,SA,-2.0,225.5,113.8,6,15.8,28.6,48.3,PG/SG,5600,1,24.0,14.0,103,110,8%,18,14,14,31,28,30,28.6,27.0,17.6,36.5,36.3,31.8,5.7,27.0,4.82,25.9,28.5,4.6,26.45,4.71,29.666666666666668,15.333333333333334,27.229999999999997,30.900000000000002,25.409831460674155
29,2,Michael Porter Jr.,0.0,DEN,IND,1.0,213.5,106.3,13,-0.5,22.5,47.0,SF/PF,6300,2,22.0,19.0,101,104,-5%,12,7,5,29,19,12,22.4,13.1,1.8,24.3,22.7,24.0,3.8,27.3,4.33,27.4,27.0,4.3,27.35,4.3149999999999995,20.0,8.0,17.79,23.0,36.92250000000001
29,3,T.J. Warren,0.0,IND,DEN,-1.0,213.5,107.3,15,9.0,27.5,42.3,SF/PF,6000,1,22.0,16.0,100,105,-8%,15,16,15,32,33,33,35.7,28.8,18.7,38.8,33.4,29.3,4.9,26.3,4.38,26.3,31.5,4.4,26.3,4.390000000000001,32.666666666666664,15.333333333333334,29.660000000000004,26.266666666666666,25.360714285714288
29,4,Lonnie Walker IV,0.0,SA,MIA,2.0,225.5,111.8,18,5.8,12.5,25.8,SG/SF,3100,1,21.0,12.0,101,106,-1%,6,6,5,12,14,12,12.7,10.2,0.2,20.2,19.8,14.3,4.6,13.8,4.44,13.9,16.5,4.5,13.850000000000001,4.470000000000001,12.666666666666666,5.666666666666667,11.43,14.700000000000001,18.041447368421053
29,5,PJ Dozier,0.0,DEN,IND,1.0,213.5,106.3,28,0.0,12.6,39.3,SG/SF,3200,2,0.0,0.0,101,104,0%,5,5,5,10,10,10,10.5,10.5,-4.3,25.3,17.1,13.3,4.2,8.8,2.73,9.5,10.0,3.0,9.15,2.865,10.0,5.0,10.23,17.3,9.15
29,6,Nikola Jokic,0.0,DEN,IND,1.0,213.5,106.3,5,38.0,48.0,55.5,C,9600,2,28.0,24.0,101,104,1%,15,15,15,36,34,32,48.0,44.9,32.5,57.3,31.7,56.5,5.9,48.0,5.0,49.8,34.0,5.2,48.9,5.1,34.0,15.0,46.32,47.166666666666664,48.9
29,7,LaMarcus Aldridge,0.0,SA,MIA,2.0,225.5,111.8,23,20.3,30.6,39.8,PF/C,6900,1,22.0,21.0,101,106,1%,16,13,15,31,32,34,30.6,38.1,27.7,48.5,35.9,36.5,5.3,36.5,5.29,38.1,33.5,5.5,37.3,5.395,32.333333333333336,14.666666666666666,36.44,30.233333333333334,38.64587628865979
30,0,Will Barton,0.0,DEN,IND,1.0,213.5,106.3,10,18.8,38.2,53.8,PG/SF,7600,2,20.0,16.0,101,104,-2%,16,16,13,37,36,34,38.1,33.4,23.1,43.8,35.9,33.3,4.4,32.3,4.24,33.6,34.5,4.4,32.95,4.32,35.666666666666664,15.0,34.27,36.93333333333333,31.872196261682245
30,1,Justin Holiday,0.0,IND,DEN,-1.0,213.5,107.3,6,12.5,19.4,25.5,SG/SF,3600,1,13.0,12.0,100,105,-4%,5,7,7,29,27,26,19.4,18.4,10.8,25.9,25.3,22.5,6.3,17.5,4.86,16.6,25.5,4.6,17.05,4.73,27.333333333333332,6.333333333333333,18.31,19.133333333333333,15.90640243902439
30,2,Juancho Hernangomez,0.0,DEN,IND,1.0,213.5,106.3,13,2.8,5.8,11.8,SF/PF,3000,2,14.0,6.0,101,104,-5%,3,2,3,12,10,12,5.8,7.3,0.5,14.1,13.7,7.8,2.6,4.8,1.58,0.0,0.0,0.0,2.4,0.79,11.333333333333334,2.6666666666666665,6.02,6.8,0.0
30,3,Torrey Craig,0.0,DEN,IND,1.0,213.5,106.3,28,0.0,9.4,17.3,SG/SF,4400,2,12.0,7.0,101,104,-2%,4,4,3,22,19,14,9.3,8.5,1.3,15.6,25.2,19.0,4.3,15.5,3.52,15.5,23.0,3.5,15.5,3.51,18.333333333333332,3.6666666666666665,10.04,8.9,19.445454545454545
30,4,T.J. McConnell,0.0,IND,DEN,-1.0,213.5,107.3,18,8.3,13.9,20.0,PG,3100,1,21.0,17.0,100,105,-5%,5,5,6,18,19,19,13.8,18.7,11.1,26.2,22.5,20.3,6.5,14.5,4.68,16.0,18.0,5.2,15.25,4.9399999999999995,18.666666666666668,5.333333333333333,17.009999999999998,14.066666666666668,14.705357142857142
30,5,Doug McDermott,0.0,IND,DEN,-1.0,213.5,107.3,15,5.8,18.7,29.0,SF/PF,3300,1,18.0,13.0,100,105,-8%,11,9,8,21,20,21,18.6,15.8,8.4,23.3,21.0,32.5,9.8,15.5,4.7,13.8,18.5,4.2,14.65,4.45,20.666666666666668,9.333333333333334,16.150000000000002,17.833333333333332,13.114112903225806
30,6,Kelly Olynyk,0.0,MIA,SA,-2.0,225.5,113.8,6,1.3,8.5,23.3,C,3500,1,16.0,13.0,103,110,0%,4,3,6,13,9,20,8.4,17.3,6.4,28.1,7.5,2.0,0.6,7.5,2.14,0.0,0.0,0.0,3.75,1.07,14.0,4.333333333333333,12.790000000000001,11.033333333333333,0.0
30,7,Domantas Sabonis,0.0,IND,DEN,-1.0,213.5,107.3,13,19.8,43.4,58.3,PF/C,7900,1,23.0,21.0,100,105,-3%,15,14,14,34,35,34,48.9,43.8,35.8,51.8,40.7,58.3,7.4,41.8,5.28,42.7,34.0,5.4,42.25,5.34,34.333333333333336,14.333333333333334,44.510000000000005,40.5,41.83980582524272
31,0,Goran Dragic,0.0,MIA,SA,-2.0,225.5,113.8,6,12.0,22.0,27.0,PG,5300,1,26.0,16.0,103,110,8%,13,11,12,27,27,28,22.0,28.7,19.8,37.6,23.6,27.8,5.2,28.8,5.42,26.4,25.5,5.0,27.6,5.21,27.333333333333332,12.0,27.140000000000004,20.333333333333332,25.74878048780488
31,1,Bryn Forbes,0.0,SA,MIA,2.0,225.5,111.8,12,9.8,19.7,33.8,PG/SG,3400,1,19.0,11.0,101,106,-1%,11,11,10,26,25,26,19.6,19.0,10.7,27.2,16.1,1.5,0.4,18.8,5.51,19.1,25.5,5.6,18.950000000000003,5.555,25.666666666666668,10.666666666666666,19.09,21.099999999999998,18.826948051948055
31,2,LaMarcus Aldridge,0.0,SA,MIA,2.0,225.5,111.8,23,20.3,30.6,39.8,PF/C,6900,1,22.0,21.0,101,106,1%,16,13,15,31,32,34,30.6,38.1,27.7,48.5,35.9,36.5,5.3,36.5,5.29,38.1,33.5,5.5,37.3,5.395,32.333333333333336,14.666666666666666,36.44,30.233333333333334,38.64587628865979
31,3,Doug McDermott,0.0,IND,DEN,-1.0,213.5,107.3,15,5.8,18.7,29.0,SF/PF,3300,1,18.0,13.0,100,105,-8%,11,9,8,21,20,21,18.6,15.8,8.4,23.3,21.0,32.5,9.8,15.5,4.7,13.8,18.5,4.2,14.65,4.45,20.666666666666668,9.333333333333334,16.150000000000002,17.833333333333332,13.114112903225806
31,4,Will Barton,0.0,DEN,IND,1.0,213.5,106.3,10,18.8,38.2,53.8,PG/SF,7600,2,20.0,16.0,101,104,-2%,16,16,13,37,36,34,38.1,33.4,23.1,43.8,35.9,33.3,4.4,32.3,4.24,33.6,34.5,4.4,32.95,4.32,35.666666666666664,15.0,34.27,36.93333333333333,31.872196261682245
31,5,Domantas Sabonis,0.0,IND,DEN,-1.0,213.5,107.3,13,19.8,43.4,58.3,PF/C,7900,1,23.0,21.0,100,105,-3%,15,14,14,34,35,34,48.9,43.8,35.8,51.8,40.7,58.3,7.4,41.8,5.28,42.7,34.0,5.4,42.25,5.34,34.333333333333336,14.333333333333334,44.510000000000005,40.5,41.83980582524272
31,6,Kelly Olynyk,0.0,MIA,SA,-2.0,225.5,113.8,6,1.3,8.5,23.3,C,3500,1,16.0,13.0,103,110,0%,4,3,6,13,9,20,8.4,17.3,6.4,28.1,7.5,2.0,0.6,7.5,2.14,0.0,0.0,0.0,3.75,1.07,14.0,4.333333333333333,12.790000000000001,11.033333333333333,0.0
31,7,James Johnson,0.0,MIA,SA,-2.0,225.5,113.8,29,7.5,16.6,27.0,PF/C,3200,1,0.0,0.0,103,110,1%,5,5,4,17,18,14,16.6,12.0,1.7,22.3,14.8,11.3,3.5,13.3,4.14,11.4,13.5,3.6,12.350000000000001,3.87,16.333333333333332,4.666666666666667,12.990000000000004,17.033333333333335,10.207653061224493
33,0,Malcolm Brogdon,0.0,IND,DEN,-1.0,213.5,107.3,18,2.5,30.0,46.3,PG/SG,7300,1,28.0,20.0,100,105,-5%,15,15,15,31,32,32,35.4,38.6,29.9,47.4,35.9,37.8,5.2,35.3,4.83,35.7,32.0,4.9,35.5,4.865,31.666666666666668,15.0,37.36,26.266666666666666,35.873684210526314
33,1,Kendrick Nunn,0.0,MIA,SA,-2.0,225.5,113.8,6,15.8,28.6,48.3,PG/SG,5600,1,24.0,14.0,103,110,8%,18,14,14,31,28,30,28.6,27.0,17.6,36.5,36.3,31.8,5.7,27.0,4.82,25.9,28.5,4.6,26.45,4.71,29.666666666666668,15.333333333333334,27.229999999999997,30.900000000000002,25.409831460674155
33,2,Domantas Sabonis,0.0,IND,DEN,-1.0,213.5,107.3,13,19.8,43.4,58.3,PF/C,7900,1,23.0,21.0,100,105,-3%,15,14,14,34,35,34,48.9,43.8,35.8,51.8,40.7,58.3,7.4,41.8,5.28,42.7,34.0,5.4,42.25,5.34,34.333333333333336,14.333333333333334,44.510000000000005,40.5,41.83980582524272
33,3,Lonnie Walker IV,0.0,SA,MIA,2.0,225.5,111.8,18,5.8,12.5,25.8,SG/SF,3100,1,21.0,12.0,101,106,-1%,6,6,5,12,14,12,12.7,10.2,0.2,20.2,19.8,14.3,4.6,13.8,4.44,13.9,16.5,4.5,13.850000000000001,4.470000000000001,12.666666666666666,5.666666666666667,11.43,14.700000000000001,18.041447368421053
33,4,Monte Morris,0.0,DEN,IND,1.0,213.5,106.3,10,13.3,18.8,22.8,PG,5200,2,20.0,16.0,101,104,0%,7,8,7,25,22,18,18.8,16.2,8.1,24.3,29.0,13.5,2.6,24.0,4.62,23.4,26.0,4.5,23.7,4.5600000000000005,21.666666666666668,7.333333333333333,18.22,18.3,28.439999999999998
33,5,Jerami Grant,0.0,DEN,IND,1.0,213.5,106.3,4,16.0,23.4,34.0,PF/C,4300,2,17.0,12.0,101,104,-17%,10,8,8,29,30,24,23.1,17.8,10.7,25.0,33.4,25.8,6.0,22.8,5.29,21.6,29.0,5.0,22.200000000000003,5.145,27.666666666666668,8.666666666666666,19.76,24.46666666666667,23.269879518072294
33,6,LaMarcus Aldridge,0.0,SA,MIA,2.0,225.5,111.8,23,20.3,30.6,39.8,PF/C,6900,1,22.0,21.0,101,106,1%,16,13,15,31,32,34,30.6,38.1,27.7,48.5,35.9,36.5,5.3,36.5,5.29,38.1,33.5,5.5,37.3,5.395,32.333333333333336,14.666666666666666,36.44,30.233333333333334,38.64587628865979
33,7,Jakob Poeltl,0.0,SA,MIA,2.0,225.5,111.8,2,14.5,19.3,23.8,C,3900,1,13.0,19.0,101,106,-8%,3,3,4,17,16,18,19.3,18.6,10.7,26.4,12.2,6.5,1.7,18.8,4.81,15.7,15.0,4.0,17.25,4.404999999999999,17.0,3.3333333333333335,18.450000000000003,19.2,15.220588235294116
34,0,Derrick White,0.0,SA,MIA,2.0,225.5,111.8,12,10.3,20.1,29.5,PG/SG,4100,1,18.0,15.0,101,106,-9%,7,7,7,20,21,24,20.1,20.6,13.5,27.7,25.9,29.0,7.1,19.8,4.82,20.7,23.5,5.0,20.25,4.91,21.666666666666668,7.0,20.43,19.96666666666667,21.963461538461537
34,1,Duncan Robinson,0.0,MIA,SA,-2.0,225.5,113.8,23,11.5,22.0,29.3,SG/SF,4600,1,15.0,13.0,103,110,8%,11,10,9,37,32,29,22.0,21.3,12.4,30.1,35.0,23.8,5.2,22.0,4.78,20.8,29.0,4.5,21.4,4.640000000000001,32.666666666666664,10.0,21.440000000000005,20.933333333333334,18.99795918367347
34,2,Doug McDermott,0.0,IND,DEN,-1.0,213.5,107.3,15,5.8,18.7,29.0,SF/PF,3300,1,18.0,13.0,100,105,-8%,11,9,8,21,20,21,18.6,15.8,8.4,23.3,21.0,32.5,9.8,15.5,4.7,13.8,18.5,4.2,14.65,4.45,20.666666666666668,9.333333333333334,16.150000000000002,17.833333333333332,13.114112903225806
34,3,Justin Holiday,0.0,IND,DEN,-1.0,213.5,107.3,6,12.5,19.4,25.5,SG/SF,3600,1,13.0,12.0,100,105,-4%,5,7,7,29,27,26,19.4,18.4,10.8,25.9,25.3,22.5,6.3,17.5,4.86,16.6,25.5,4.6,17.05,4.73,27.333333333333332,6.333333333333333,18.31,19.133333333333333,15.90640243902439
34,4,Monte Morris,0.0,DEN,IND,1.0,213.5,106.3,10,13.3,18.8,22.8,PG,5200,2,20.0,16.0,101,104,0%,7,8,7,25,22,18,18.8,16.2,8.1,24.3,29.0,13.5,2.6,24.0,4.62,23.4,26.0,4.5,23.7,4.5600000000000005,21.666666666666668,7.333333333333333,18.22,18.3,28.439999999999998
34,5,Marco Belinelli,0.0,SA,MIA,2.0,225.5,111.8,8,0.0,6.7,17.0,SF,3300,1,17.0,8.0,101,106,-1%,6,5,6,11,13,16,10.7,10.8,5.6,16.0,20.7,24.8,7.5,14.0,4.24,12.6,16.5,3.8,13.3,4.02,13.333333333333334,5.666666666666667,11.280000000000001,7.8999999999999995,16.458750000000002
34,6,Jerami Grant,0.0,DEN,IND,1.0,213.5,106.3,4,16.0,23.4,34.0,PF/C,4300,2,17.0,12.0,101,104,-17%,10,8,8,29,30,24,23.1,17.8,10.7,25.0,33.4,25.8,6.0,22.8,5.29,21.6,29.0,5.0,22.200000000000003,5.145,27.666666666666668,8.666666666666666,19.76,24.46666666666667,23.269879518072294
34,7,Jimmy Butler,0.0,MIA,SA,-2.0,225.5,113.8,23,25.3,40.8,50.8,SG/SF,8200,1,26.0,24.0,103,110,0%,10,12,13,34,33,35,40.5,43.3,33.3,53.3,33.2,35.3,4.3,40.3,4.91,41.7,34.5,5.1,41.0,5.005,34.0,11.666666666666666,42.279999999999994,38.96666666666666,41.60294117647059
35,0,Kendrick Nunn,0.0,MIA,SA,-2.0,225.5,113.8,6,15.8,28.6,48.3,PG/SG,5600,1,24.0,14.0,103,110,8%,18,14,14,31,28,30,28.6,27.0,17.6,36.5,36.3,31.8,5.7,27.0,4.82,25.9,28.5,4.6,26.45,4.71,29.666666666666668,15.333333333333334,27.229999999999997,30.900000000000002,25.409831460674155
35,1,Jimmy Butler,0.0,MIA,SA,-2.0,225.5,113.8,23,25.3,40.8,50.8,SG/SF,8200,1,26.0,24.0,103,110,0%,10,12,13,34,33,35,40.5,43.3,33.3,53.3,33.2,35.3,4.3,40.3,4.91,41.7,34.5,5.1,41.0,5.005,34.0,11.666666666666666,42.279999999999994,38.96666666666666,41.60294117647059
35,2,Mason Plumlee,0.0,DEN,IND,1.0,213.5,106.3,4,19.0,26.0,45.3,PF/C,5000,2,20.0,19.0,101,104,1%,8,6,5,22,21,18,26.0,19.7,11.0,28.5,17.7,21.0,4.2,24.0,4.8,20.2,18.0,4.0,22.1,4.4,20.333333333333332,6.333333333333333,21.46,30.099999999999998,19.56393442622951
35,3,PJ Dozier,0.0,DEN,IND,1.0,213.5,106.3,28,0.0,12.6,39.3,SG/SF,3200,2,0.0,0.0,101,104,0%,5,5,5,10,10,10,10.5,10.5,-4.3,25.3,17.1,13.3,4.2,8.8,2.73,9.5,10.0,3.0,9.15,2.865,10.0,5.0,10.23,17.3,9.15
35,4,Duncan Robinson,0.0,MIA,SA,-2.0,225.5,113.8,23,11.5,22.0,29.3,SG/SF,4600,1,15.0,13.0,103,110,8%,11,10,9,37,32,29,22.0,21.3,12.4,30.1,35.0,23.8,5.2,22.0,4.78,20.8,29.0,4.5,21.4,4.640000000000001,32.666666666666664,10.0,21.440000000000005,20.933333333333334,18.99795918367347
35,5,Michael Porter Jr.,0.0,DEN,IND,1.0,213.5,106.3,13,-0.5,22.5,47.0,SF/PF,6300,2,22.0,19.0,101,104,-5%,12,7,5,29,19,12,22.4,13.1,1.8,24.3,22.7,24.0,3.8,27.3,4.33,27.4,27.0,4.3,27.35,4.3149999999999995,20.0,8.0,17.79,23.0,36.92250000000001
35,6,Domantas Sabonis,0.0,IND,DEN,-1.0,213.5,107.3,13,19.8,43.4,58.3,PF/C,7900,1,23.0,21.0,100,105,-3%,15,14,14,34,35,34,48.9,43.8,35.8,51.8,40.7,58.3,7.4,41.8,5.28,42.7,34.0,5.4,42.25,5.34,34.333333333333336,14.333333333333334,44.510000000000005,40.5,41.83980582524272
35,7,Juancho Hernangomez,0.0,DEN,IND,1.0,213.5,106.3,13,2.8,5.8,11.8,SF/PF,3000,2,14.0,6.0,101,104,-5%,3,2,3,12,10,12,5.8,7.3,0.5,14.1,13.7,7.8,2.6,4.8,1.58,0.0,0.0,0.0,2.4,0.79,11.333333333333334,2.6666666666666665,6.02,6.8,0.0
36,0,Monte Morris,0.0,DEN,IND,1.0,213.5,106.3,10,13.3,18.8,22.8,PG,5200,2,20.0,16.0,101,104,0%,7,8,7,25,22,18,18.8,16.2,8.1,24.3,29.0,13.5,2.6,24.0,4.62,23.4,26.0,4.5,23.7,4.5600000000000005,21.666666666666668,7.333333333333333,18.22,18.3,28.439999999999998
36,1,Justin Holiday,0.0,IND,DEN,-1.0,213.5,107.3,6,12.5,19.4,25.5,SG/SF,3600,1,13.0,12.0,100,105,-4%,5,7,7,29,27,26,19.4,18.4,10.8,25.9,25.3,22.5,6.3,17.5,4.86,16.6,25.5,4.6,17.05,4.73,27.333333333333332,6.333333333333333,18.31,19.133333333333333,15.90640243902439
36,2,Mason Plumlee,0.0,DEN,IND,1.0,213.5,106.3,4,19.0,26.0,45.3,PF/C,5000,2,20.0,19.0,101,104,1%,8,6,5,22,21,18,26.0,19.7,11.0,28.5,17.7,21.0,4.2,24.0,4.8,20.2,18.0,4.0,22.1,4.4,20.333333333333332,6.333333333333333,21.46,30.099999999999998,19.56393442622951
36,3,Torrey Craig,0.0,DEN,IND,1.0,213.5,106.3,28,0.0,9.4,17.3,SG/SF,4400,2,12.0,7.0,101,104,-2%,4,4,3,22,19,14,9.3,8.5,1.3,15.6,25.2,19.0,4.3,15.5,3.52,15.5,23.0,3.5,15.5,3.51,18.333333333333332,3.6666666666666665,10.04,8.9,19.445454545454545
36,4,Malcolm Brogdon,0.0,IND,DEN,-1.0,213.5,107.3,18,2.5,30.0,46.3,PG/SG,7300,1,28.0,20.0,100,105,-5%,15,15,15,31,32,32,35.4,38.6,29.9,47.4,35.9,37.8,5.2,35.3,4.83,35.7,32.0,4.9,35.5,4.865,31.666666666666668,15.0,37.36,26.266666666666666,35.873684210526314
36,5,Juancho Hernangomez,0.0,DEN,IND,1.0,213.5,106.3,13,2.8,5.8,11.8,SF/PF,3000,2,14.0,6.0,101,104,-5%,3,2,3,12,10,12,5.8,7.3,0.5,14.1,13.7,7.8,2.6,4.8,1.58,0.0,0.0,0.0,2.4,0.79,11.333333333333334,2.6666666666666665,6.02,6.8,0.0
36,6,Domantas Sabonis,0.0,IND,DEN,-1.0,213.5,107.3,13,19.8,43.4,58.3,PF/C,7900,1,23.0,21.0,100,105,-3%,15,14,14,34,35,34,48.9,43.8,35.8,51.8,40.7,58.3,7.4,41.8,5.28,42.7,34.0,5.4,42.25,5.34,34.333333333333336,14.333333333333334,44.510000000000005,40.5,41.83980582524272
36,7,Aaron Holiday,0.0,IND,DEN,-1.0,213.5,107.3,18,0.0,19.0,35.3,PG/SG,3800,1,21.0,14.0,100,105,-5%,6,8,9,18,23,25,18.9,21.9,10.6,33.2,13.1,3.8,1.0,17.5,4.61,16.1,18.5,4.2,16.8,4.405,22.0,7.666666666666667,20.279999999999998,18.099999999999998,14.127272727272729
37,0,Monte Morris,0.0,DEN,IND,1.0,213.5,106.3,10,13.3,18.8,22.8,PG,5200,2,20.0,16.0,101,104,0%,7,8,7,25,22,18,18.8,16.2,8.1,24.3,29.0,13.5,2.6,24.0,4.62,23.4,26.0,4.5,23.7,4.5600000000000005,21.666666666666668,7.333333333333333,18.22,18.3,28.439999999999998
37,1,Kendrick Nunn,0.0,MIA,SA,-2.0,225.5,113.8,6,15.8,28.6,48.3,PG/SG,5600,1,24.0,14.0,103,110,8%,18,14,14,31,28,30,28.6,27.0,17.6,36.5,36.3,31.8,5.7,27.0,4.82,25.9,28.5,4.6,26.45,4.71,29.666666666666668,15.333333333333334,27.229999999999997,30.900000000000002,25.409831460674155
37,2,Mason Plumlee,0.0,DEN,IND,1.0,213.5,106.3,4,19.0,26.0,45.3,PF/C,5000,2,20.0,19.0,101,104,1%,8,6,5,22,21,18,26.0,19.7,11.0,28.5,17.7,21.0,4.2,24.0,4.8,20.2,18.0,4.0,22.1,4.4,20.333333333333332,6.333333333333333,21.46,30.099999999999998,19.56393442622951
37,3,Jimmy Butler,0.0,MIA,SA,-2.0,225.5,113.8,23,25.3,40.8,50.8,SG/SF,8200,1,26.0,24.0,103,110,0%,10,12,13,34,33,35,40.5,43.3,33.3,53.3,33.2,35.3,4.3,40.3,4.91,41.7,34.5,5.1,41.0,5.005,34.0,11.666666666666666,42.279999999999994,38.96666666666666,41.60294117647059
37,4,Aaron Holiday,0.0,IND,DEN,-1.0,213.5,107.3,18,0.0,19.0,35.3,PG/SG,3800,1,21.0,14.0,100,105,-5%,6,8,9,18,23,25,18.9,21.9,10.6,33.2,13.1,3.8,1.0,17.5,4.61,16.1,18.5,4.2,16.8,4.405,22.0,7.666666666666667,20.279999999999998,18.099999999999998,14.127272727272729
37,5,Jerami Grant,0.0,DEN,IND,1.0,213.5,106.3,4,16.0,23.4,34.0,PF/C,4300,2,17.0,12.0,101,104,-17%,10,8,8,29,30,24,23.1,17.8,10.7,25.0,33.4,25.8,6.0,22.8,5.29,21.6,29.0,5.0,22.200000000000003,5.145,27.666666666666668,8.666666666666666,19.76,24.46666666666667,23.269879518072294
37,6,Domantas Sabonis,0.0,IND,DEN,-1.0,213.5,107.3,13,19.8,43.4,58.3,PF/C,7900,1,23.0,21.0,100,105,-3%,15,14,14,34,35,34,48.9,43.8,35.8,51.8,40.7,58.3,7.4,41.8,5.28,42.7,34.0,5.4,42.25,5.34,34.333333333333336,14.333333333333334,44.510000000000005,40.5,41.83980582524272
37,7,Derrick White,0.0,SA,MIA,2.0,225.5,111.8,12,10.3,20.1,29.5,PG/SG,4100,1,18.0,15.0,101,106,-9%,7,7,7,20,21,24,20.1,20.6,13.5,27.7,25.9,29.0,7.1,19.8,4.82,20.7,23.5,5.0,20.25,4.91,21.666666666666668,7.0,20.43,19.96666666666667,21.963461538461537
38,0,Goran Dragic,0.0,MIA,SA,-2.0,225.5,113.8,6,12.0,22.0,27.0,PG,5300,1,26.0,16.0,103,110,8%,13,11,12,27,27,28,22.0,28.7,19.8,37.6,23.6,27.8,5.2,28.8,5.42,26.4,25.5,5.0,27.6,5.21,27.333333333333332,12.0,27.140000000000004,20.333333333333332,25.74878048780488
38,1,DeMar DeRozan,0.0,SA,MIA,2.0,225.5,111.8,18,44.0,50.6,62.8,SG/SF,8400,1,27.0,22.0,101,106,-1%,16,16,16,37,36,35,50.4,39.2,30.9,47.5,37.6,45.8,5.5,40.3,4.79,41.7,35.5,5.0,41.0,4.895,36.0,16.0,41.8,52.46666666666666,40.43055555555556
38,2,James Johnson,0.0,MIA,SA,-2.0,225.5,113.8,29,7.5,16.6,27.0,PF/C,3200,1,0.0,0.0,103,110,1%,5,5,4,17,18,14,16.6,12.0,1.7,22.3,14.8,11.3,3.5,13.3,4.14,11.4,13.5,3.6,12.350000000000001,3.87,16.333333333333332,4.666666666666667,12.990000000000004,17.033333333333335,10.207653061224493
38,3,Will Barton,0.0,DEN,IND,1.0,213.5,106.3,10,18.8,38.2,53.8,PG/SF,7600,2,20.0,16.0,101,104,-2%,16,16,13,37,36,34,38.1,33.4,23.1,43.8,35.9,33.3,4.4,32.3,4.24,33.6,34.5,4.4,32.95,4.32,35.666666666666664,15.0,34.27,36.93333333333333,31.872196261682245
38,4,Aaron Holiday,0.0,IND,DEN,-1.0,213.5,107.3,18,0.0,19.0,35.3,PG/SG,3800,1,21.0,14.0,100,105,-5%,6,8,9,18,23,25,18.9,21.9,10.6,33.2,13.1,3.8,1.0,17.5,4.61,16.1,18.5,4.2,16.8,4.405,22.0,7.666666666666667,20.279999999999998,18.099999999999998,14.127272727272729
38,5,Mason Plumlee,0.0,DEN,IND,1.0,213.5,106.3,4,19.0,26.0,45.3,PF/C,5000,2,20.0,19.0,101,104,1%,8,6,5,22,21,18,26.0,19.7,11.0,28.5,17.7,21.0,4.2,24.0,4.8,20.2,18.0,4.0,22.1,4.4,20.333333333333332,6.333333333333333,21.46,30.099999999999998,19.56393442622951
38,6,LaMarcus Aldridge,0.0,SA,MIA,2.0,225.5,111.8,23,20.3,30.6,39.8,PF/C,6900,1,22.0,21.0,101,106,1%,16,13,15,31,32,34,30.6,38.1,27.7,48.5,35.9,36.5,5.3,36.5,5.29,38.1,33.5,5.5,37.3,5.395,32.333333333333336,14.666666666666666,36.44,30.233333333333334,38.64587628865979
38,7,Derrick White,0.0,SA,MIA,2.0,225.5,111.8,12,10.3,20.1,29.5,PG/SG,4100,1,18.0,15.0,101,106,-9%,7,7,7,20,21,24,20.1,20.6,13.5,27.7,25.9,29.0,7.1,19.8,4.82,20.7,23.5,5.0,20.25,4.91,21.666666666666668,7.0,20.43,19.96666666666667,21.963461538461537
39,0,Patty Mills,0.0,SA,MIA,2.0,225.5,111.8,12,15.3,19.0,26.3,PG/SG,3400,1,20.0,15.0,101,106,-9%,13,10,9,24,24,23,19.0,19.3,10.4,28.2,29.1,30.3,8.9,19.5,5.74,18.9,24.0,5.6,19.2,5.67,23.666666666666668,10.666666666666666,19.220000000000002,20.2,19.470422535211267
39,1,Kendrick Nunn,0.0,MIA,SA,-2.0,225.5,113.8,6,15.8,28.6,48.3,PG/SG,5600,1,24.0,14.0,103,110,8%,18,14,14,31,28,30,28.6,27.0,17.6,36.5,36.3,31.8,5.7,27.0,4.82,25.9,28.5,4.6,26.45,4.71,29.666666666666668,15.333333333333334,27.229999999999997,30.900000000000002,25.409831460674155
39,2,Juancho Hernangomez,0.0,DEN,IND,1.0,213.5,106.3,13,2.8,5.8,11.8,SF/PF,3000,2,14.0,6.0,101,104,-5%,3,2,3,12,10,12,5.8,7.3,0.5,14.1,13.7,7.8,2.6,4.8,1.58,0.0,0.0,0.0,2.4,0.79,11.333333333333334,2.6666666666666665,6.02,6.8,0.0
39,3,Jimmy Butler,0.0,MIA,SA,-2.0,225.5,113.8,23,25.3,40.8,50.8,SG/SF,8200,1,26.0,24.0,103,110,0%,10,12,13,34,33,35,40.5,43.3,33.3,53.3,33.2,35.3,4.3,40.3,4.91,41.7,34.5,5.1,41.0,5.005,34.0,11.666666666666666,42.279999999999994,38.96666666666666,41.60294117647059
39,4,Derrick White,0.0,SA,MIA,2.0,225.5,111.8,12,10.3,20.1,29.5,PG/SG,4100,1,18.0,15.0,101,106,-9%,7,7,7,20,21,24,20.1,20.6,13.5,27.7,25.9,29.0,7.1,19.8,4.82,20.7,23.5,5.0,20.25,4.91,21.666666666666668,7.0,20.43,19.96666666666667,21.963461538461537
39,5,Doug McDermott,0.0,IND,DEN,-1.0,213.5,107.3,15,5.8,18.7,29.0,SF/PF,3300,1,18.0,13.0,100,105,-8%,11,9,8,21,20,21,18.6,15.8,8.4,23.3,21.0,32.5,9.8,15.5,4.7,13.8,18.5,4.2,14.65,4.45,20.666666666666668,9.333333333333334,16.150000000000002,17.833333333333332,13.114112903225806
39,6,Myles Turner,0.0,IND,DEN,-1.0,213.5,107.3,12,15.8,31.4,56.0,C,5700,1,18.0,15.0,100,105,-3%,6,10,10,24,29,30,31.4,28.3,18.4,38.1,19.6,8.0,1.4,27.5,4.82,26.4,28.0,4.6,26.95,4.71,27.666666666666668,8.666666666666666,28.630000000000003,34.4,27.274698795180722
39,7,Malcolm Brogdon,0.0,IND,DEN,-1.0,213.5,107.3,18,2.5,30.0,46.3,PG/SG,7300,1,28.0,20.0,100,105,-5%,15,15,15,31,32,32,35.4,38.6,29.9,47.4,35.9,37.8,5.2,35.3,4.83,35.7,32.0,4.9,35.5,4.865,31.666666666666668,15.0,37.36,26.266666666666666,35.873684210526314
40,0,Goran Dragic,0.0,MIA,SA,-2.0,225.5,113.8,6,12.0,22.0,27.0,PG,5300,1,26.0,16.0,103,110,8%,13,11,12,27,27,28,22.0,28.7,19.8,37.6,23.6,27.8,5.2,28.8,5.42,26.4,25.5,5.0,27.6,5.21,27.333333333333332,12.0,27.140000000000004,20.333333333333332,25.74878048780488
40,1,Bryn Forbes,0.0,SA,MIA,2.0,225.5,111.8,12,9.8,19.7,33.8,PG/SG,3400,1,19.0,11.0,101,106,-1%,11,11,10,26,25,26,19.6,19.0,10.7,27.2,16.1,1.5,0.4,18.8,5.51,19.1,25.5,5.6,18.950000000000003,5.555,25.666666666666668,10.666666666666666,19.09,21.099999999999998,18.826948051948055
40,2,Domantas Sabonis,0.0,IND,DEN,-1.0,213.5,107.3,13,19.8,43.4,58.3,PF/C,7900,1,23.0,21.0,100,105,-3%,15,14,14,34,35,34,48.9,43.8,35.8,51.8,40.7,58.3,7.4,41.8,5.28,42.7,34.0,5.4,42.25,5.34,34.333333333333336,14.333333333333334,44.510000000000005,40.5,41.83980582524272
40,3,DeMar DeRozan,0.0,SA,MIA,2.0,225.5,111.8,18,44.0,50.6,62.8,SG/SF,8400,1,27.0,22.0,101,106,-1%,16,16,16,37,36,35,50.4,39.2,30.9,47.5,37.6,45.8,5.5,40.3,4.79,41.7,35.5,5.0,41.0,4.895,36.0,16.0,41.8,52.46666666666666,40.43055555555556
40,4,Will Barton,0.0,DEN,IND,1.0,213.5,106.3,10,18.8,38.2,53.8,PG/SF,7600,2,20.0,16.0,101,104,-2%,16,16,13,37,36,34,38.1,33.4,23.1,43.8,35.9,33.3,4.4,32.3,4.24,33.6,34.5,4.4,32.95,4.32,35.666666666666664,15.0,34.27,36.93333333333333,31.872196261682245
40,5,Jerami Grant,0.0,DEN,IND,1.0,213.5,106.3,4,16.0,23.4,34.0,PF/C,4300,2,17.0,12.0,101,104,-17%,10,8,8,29,30,24,23.1,17.8,10.7,25.0,33.4,25.8,6.0,22.8,5.29,21.6,29.0,5.0,22.200000000000003,5.145,27.666666666666668,8.666666666666666,19.76,24.46666666666667,23.269879518072294
40,6,Nikola Jokic,0.0,DEN,IND,1.0,213.5,106.3,5,38.0,48.0,55.5,C,9600,2,28.0,24.0,101,104,1%,15,15,15,36,34,32,48.0,44.9,32.5,57.3,31.7,56.5,5.9,48.0,5.0,49.8,34.0,5.2,48.9,5.1,34.0,15.0,46.32,47.166666666666664,48.9
40,7,Patty Mills,0.0,SA,MIA,2.0,225.5,111.8,12,15.3,19.0,26.3,PG/SG,3400,1,20.0,15.0,101,106,-9%,13,10,9,24,24,23,19.0,19.3,10.4,28.2,29.1,30.3,8.9,19.5,5.74,18.9,24.0,5.6,19.2,5.67,23.666666666666668,10.666666666666666,19.220000000000002,20.2,19.470422535211267
42,0,Goran Dragic,0.0,MIA,SA,-2.0,225.5,113.8,6,12.0,22.0,27.0,PG,5300,1,26.0,16.0,103,110,8%,13,11,12,27,27,28,22.0,28.7,19.8,37.6,23.6,27.8,5.2,28.8,5.42,26.4,25.5,5.0,27.6,5.21,27.333333333333332,12.0,27.140000000000004,20.333333333333332,25.74878048780488
42,1,Lonnie Walker IV,0.0,SA,MIA,2.0,225.5,111.8,18,5.8,12.5,25.8,SG/SF,3100,1,21.0,12.0,101,106,-1%,6,6,5,12,14,12,12.7,10.2,0.2,20.2,19.8,14.3,4.6,13.8,4.44,13.9,16.5,4.5,13.850000000000001,4.470000000000001,12.666666666666666,5.666666666666667,11.43,14.700000000000001,18.041447368421053
42,2,James Johnson,0.0,MIA,SA,-2.0,225.5,113.8,29,7.5,16.6,27.0,PF/C,3200,1,0.0,0.0,103,110,1%,5,5,4,17,18,14,16.6,12.0,1.7,22.3,14.8,11.3,3.5,13.3,4.14,11.4,13.5,3.6,12.350000000000001,3.87,16.333333333333332,4.666666666666667,12.990000000000004,17.033333333333335,10.207653061224493
42,3,Duncan Robinson,0.0,MIA,SA,-2.0,225.5,113.8,23,11.5,22.0,29.3,SG/SF,4600,1,15.0,13.0,103,110,8%,11,10,9,37,32,29,22.0,21.3,12.4,30.1,35.0,23.8,5.2,22.0,4.78,20.8,29.0,4.5,21.4,4.640000000000001,32.666666666666664,10.0,21.440000000000005,20.933333333333334,18.99795918367347
42,4,Will Barton,0.0,DEN,IND,1.0,213.5,106.3,10,18.8,38.2,53.8,PG/SF,7600,2,20.0,16.0,101,104,-2%,16,16,13,37,36,34,38.1,33.4,23.1,43.8,35.9,33.3,4.4,32.3,4.24,33.6,34.5,4.4,32.95,4.32,35.666666666666664,15.0,34.27,36.93333333333333,31.872196261682245
42,5,DeMar DeRozan,0.0,SA,MIA,2.0,225.5,111.8,18,44.0,50.6,62.8,SG/SF,8400,1,27.0,22.0,101,106,-1%,16,16,16,37,36,35,50.4,39.2,30.9,47.5,37.6,45.8,5.5,40.3,4.79,41.7,35.5,5.0,41.0,4.895,36.0,16.0,41.8,52.46666666666666,40.43055555555556
42,6,Jakob Poeltl,0.0,SA,MIA,2.0,225.5,111.8,2,14.5,19.3,23.8,C,3900,1,13.0,19.0,101,106,-8%,3,3,4,17,16,18,19.3,18.6,10.7,26.4,12.2,6.5,1.7,18.8,4.81,15.7,15.0,4.0,17.25,4.404999999999999,17.0,3.3333333333333335,18.450000000000003,19.2,15.220588235294116
42,7,LaMarcus Aldridge,0.0,SA,MIA,2.0,225.5,111.8,23,20.3,30.6,39.8,PF/C,6900,1,22.0,21.0,101,106,1%,16,13,15,31,32,34,30.6,38.1,27.7,48.5,35.9,36.5,5.3,36.5,5.29,38.1,33.5,5.5,37.3,5.395,32.333333333333336,14.666666666666666,36.44,30.233333333333334,38.64587628865979
43,0,Bryn Forbes,0.0,SA,MIA,2.0,225.5,111.8,12,9.8,19.7,33.8,PG/SG,3400,1,19.0,11.0,101,106,-1%,11,11,10,26,25,26,19.6,19.0,10.7,27.2,16.1,1.5,0.4,18.8,5.51,19.1,25.5,5.6,18.950000000000003,5.555,25.666666666666668,10.666666666666666,19.09,21.099999999999998,18.826948051948055
43,1,DeMar DeRozan,0.0,SA,MIA,2.0,225.5,111.8,18,44.0,50.6,62.8,SG/SF,8400,1,27.0,22.0,101,106,-1%,16,16,16,37,36,35,50.4,39.2,30.9,47.5,37.6,45.8,5.5,40.3,4.79,41.7,35.5,5.0,41.0,4.895,36.0,16.0,41.8,52.46666666666666,40.43055555555556
43,2,T.J. Warren,0.0,IND,DEN,-1.0,213.5,107.3,15,9.0,27.5,42.3,SF/PF,6000,1,22.0,16.0,100,105,-8%,15,16,15,32,33,33,35.7,28.8,18.7,38.8,33.4,29.3,4.9,26.3,4.38,26.3,31.5,4.4,26.3,4.390000000000001,32.666666666666664,15.333333333333334,29.660000000000004,26.266666666666666,25.360714285714288
43,3,Doug McDermott,0.0,IND,DEN,-1.0,213.5,107.3,15,5.8,18.7,29.0,SF/PF,3300,1,18.0,13.0,100,105,-8%,11,9,8,21,20,21,18.6,15.8,8.4,23.3,21.0,32.5,9.8,15.5,4.7,13.8,18.5,4.2,14.65,4.45,20.666666666666668,9.333333333333334,16.150000000000002,17.833333333333332,13.114112903225806
43,4,Patty Mills,0.0,SA,MIA,2.0,225.5,111.8,12,15.3,19.0,26.3,PG/SG,3400,1,20.0,15.0,101,106,-9%,13,10,9,24,24,23,19.0,19.3,10.4,28.2,29.1,30.3,8.9,19.5,5.74,18.9,24.0,5.6,19.2,5.67,23.666666666666668,10.666666666666666,19.220000000000002,20.2,19.470422535211267
43,5,Juancho Hernangomez,0.0,DEN,IND,1.0,213.5,106.3,13,2.8,5.8,11.8,SF/PF,3000,2,14.0,6.0,101,104,-5%,3,2,3,12,10,12,5.8,7.3,0.5,14.1,13.7,7.8,2.6,4.8,1.58,0.0,0.0,0.0,2.4,0.79,11.333333333333334,2.6666666666666665,6.02,6.8,0.0
43,6,Jerami Grant,0.0,DEN,IND,1.0,213.5,106.3,4,16.0,23.4,34.0,PF/C,4300,2,17.0,12.0,101,104,-17%,10,8,8,29,30,24,23.1,17.8,10.7,25.0,33.4,25.8,6.0,22.8,5.29,21.6,29.0,5.0,22.200000000000003,5.145,27.666666666666668,8.666666666666666,19.76,24.46666666666667,23.269879518072294
43,7,Malik Beasley,0.0,DEN,IND,1.0,213.5,106.3,10,5.0,17.2,42.0,PG/SG,4700,2,20.0,11.0,101,104,-2%,8,7,7,23,20,17,17.1,12.6,3.5,21.7,13.6,7.5,1.6,24.5,5.21,23.0,28.5,4.9,23.75,5.055,20.0,7.333333333333333,15.73,21.400000000000002,33.84375
44,0,Will Barton,0.0,DEN,IND,1.0,213.5,106.3,10,18.8,38.2,53.8,PG/SF,7600,2,20.0,16.0,101,104,-2%,16,16,13,37,36,34,38.1,33.4,23.1,43.8,35.9,33.3,4.4,32.3,4.24,33.6,34.5,4.4,32.95,4.32,35.666666666666664,15.0,34.27,36.93333333333333,31.872196261682245
44,1,Malik Beasley,0.0,DEN,IND,1.0,213.5,106.3,10,5.0,17.2,42.0,PG/SG,4700,2,20.0,11.0,101,104,-2%,8,7,7,23,20,17,17.1,12.6,3.5,21.7,13.6,7.5,1.6,24.5,5.21,23.0,28.5,4.9,23.75,5.055,20.0,7.333333333333333,15.73,21.400000000000002,33.84375
44,2,T.J. Warren,0.0,IND,DEN,-1.0,213.5,107.3,15,9.0,27.5,42.3,SF/PF,6000,1,22.0,16.0,100,105,-8%,15,16,15,32,33,33,35.7,28.8,18.7,38.8,33.4,29.3,4.9,26.3,4.38,26.3,31.5,4.4,26.3,4.390000000000001,32.666666666666664,15.333333333333334,29.660000000000004,26.266666666666666,25.360714285714288
44,3,PJ Dozier,0.0,DEN,IND,1.0,213.5,106.3,28,0.0,12.6,39.3,SG/SF,3200,2,0.0,0.0,101,104,0%,5,5,5,10,10,10,10.5,10.5,-4.3,25.3,17.1,13.3,4.2,8.8,2.73,9.5,10.0,3.0,9.15,2.865,10.0,5.0,10.23,17.3,9.15
44,4,Goran Dragic,0.0,MIA,SA,-2.0,225.5,113.8,6,12.0,22.0,27.0,PG,5300,1,26.0,16.0,103,110,8%,13,11,12,27,27,28,22.0,28.7,19.8,37.6,23.6,27.8,5.2,28.8,5.42,26.4,25.5,5.0,27.6,5.21,27.333333333333332,12.0,27.140000000000004,20.333333333333332,25.74878048780488
44,5,Michael Porter Jr.,0.0,DEN,IND,1.0,213.5,106.3,13,-0.5,22.5,47.0,SF/PF,6300,2,22.0,19.0,101,104,-5%,12,7,5,29,19,12,22.4,13.1,1.8,24.3,22.7,24.0,3.8,27.3,4.33,27.4,27.0,4.3,27.35,4.3149999999999995,20.0,8.0,17.79,23.0,36.92250000000001
44,6,LaMarcus Aldridge,0.0,SA,MIA,2.0,225.5,111.8,23,20.3,30.6,39.8,PF/C,6900,1,22.0,21.0,101,106,1%,16,13,15,31,32,34,30.6,38.1,27.7,48.5,35.9,36.5,5.3,36.5,5.29,38.1,33.5,5.5,37.3,5.395,32.333333333333336,14.666666666666666,36.44,30.233333333333334,38.64587628865979
44,7,Juancho Hernangomez,0.0,DEN,IND,1.0,213.5,106.3,13,2.8,5.8,11.8,SF/PF,3000,2,14.0,6.0,101,104,-5%,3,2,3,12,10,12,5.8,7.3,0.5,14.1,13.7,7.8,2.6,4.8,1.58,0.0,0.0,0.0,2.4,0.79,11.333333333333334,2.6666666666666665,6.02,6.8,0.0
45,0,Aaron Holiday,0.0,IND,DEN,-1.0,213.5,107.3,18,0.0,19.0,35.3,PG/SG,3800,1,21.0,14.0,100,105,-5%,6,8,9,18,23,25,18.9,21.9,10.6,33.2,13.1,3.8,1.0,17.5,4.61,16.1,18.5,4.2,16.8,4.405,22.0,7.666666666666667,20.279999999999998,18.099999999999998,14.127272727272729
45,1,Duncan Robinson,0.0,MIA,SA,-2.0,225.5,113.8,23,11.5,22.0,29.3,SG/SF,4600,1,15.0,13.0,103,110,8%,11,10,9,37,32,29,22.0,21.3,12.4,30.1,35.0,23.8,5.2,22.0,4.78,20.8,29.0,4.5,21.4,4.640000000000001,32.666666666666664,10.0,21.440000000000005,20.933333333333334,18.99795918367347
45,2,LaMarcus Aldridge,0.0,SA,MIA,2.0,225.5,111.8,23,20.3,30.6,39.8,PF/C,6900,1,22.0,21.0,101,106,1%,16,13,15,31,32,34,30.6,38.1,27.7,48.5,35.9,36.5,5.3,36.5,5.29,38.1,33.5,5.5,37.3,5.395,32.333333333333336,14.666666666666666,36.44,30.233333333333334,38.64587628865979
45,3,Michael Porter Jr.,0.0,DEN,IND,1.0,213.5,106.3,13,-0.5,22.5,47.0,SF/PF,6300,2,22.0,19.0,101,104,-5%,12,7,5,29,19,12,22.4,13.1,1.8,24.3,22.7,24.0,3.8,27.3,4.33,27.4,27.0,4.3,27.35,4.3149999999999995,20.0,8.0,17.79,23.0,36.92250000000001
45,4,DeMar DeRozan,0.0,SA,MIA,2.0,225.5,111.8,18,44.0,50.6,62.8,SG/SF,8400,1,27.0,22.0,101,106,-1%,16,16,16,37,36,35,50.4,39.2,30.9,47.5,37.6,45.8,5.5,40.3,4.79,41.7,35.5,5.0,41.0,4.895,36.0,16.0,41.8,52.46666666666666,40.43055555555556
45,5,Will Barton,0.0,DEN,IND,1.0,213.5,106.3,10,18.8,38.2,53.8,PG/SF,7600,2,20.0,16.0,101,104,-2%,16,16,13,37,36,34,38.1,33.4,23.1,43.8,35.9,33.3,4.4,32.3,4.24,33.6,34.5,4.4,32.95,4.32,35.666666666666664,15.0,34.27,36.93333333333333,31.872196261682245
45,6,Goga Bitadze,0.0,IND,DEN,-1.0,213.5,107.3,12,3.3,6.1,12.3,C,3000,1,16.0,12.0,100,105,-3%,2,2,3,7,7,9,6.1,8.2,-0.3,16.6,5.9,6.5,2.2,4.5,1.5,0.0,0.0,0.0,2.25,0.75,7.666666666666667,2.3333333333333335,6.5699999999999985,7.233333333333333,0.0
45,7,Patty Mills,0.0,SA,MIA,2.0,225.5,111.8,12,15.3,19.0,26.3,PG/SG,3400,1,20.0,15.0,101,106,-9%,13,10,9,24,24,23,19.0,19.3,10.4,28.2,29.1,30.3,8.9,19.5,5.74,18.9,24.0,5.6,19.2,5.67,23.666666666666668,10.666666666666666,19.220000000000002,20.2,19.470422535211267
46,0,Malik Beasley,0.0,DEN,IND,1.0,213.5,106.3,10,5.0,17.2,42.0,PG/SG,4700,2,20.0,11.0,101,104,-2%,8,7,7,23,20,17,17.1,12.6,3.5,21.7,13.6,7.5,1.6,24.5,5.21,23.0,28.5,4.9,23.75,5.055,20.0,7.333333333333333,15.73,21.400000000000002,33.84375
46,1,Derrick White,0.0,SA,MIA,2.0,225.5,111.8,12,10.3,20.1,29.5,PG/SG,4100,1,18.0,15.0,101,106,-9%,7,7,7,20,21,24,20.1,20.6,13.5,27.7,25.9,29.0,7.1,19.8,4.82,20.7,23.5,5.0,20.25,4.91,21.666666666666668,7.0,20.43,19.96666666666667,21.963461538461537
46,2,LaMarcus Aldridge,0.0,SA,MIA,2.0,225.5,111.8,23,20.3,30.6,39.8,PF/C,6900,1,22.0,21.0,101,106,1%,16,13,15,31,32,34,30.6,38.1,27.7,48.5,35.9,36.5,5.3,36.5,5.29,38.1,33.5,5.5,37.3,5.395,32.333333333333336,14.666666666666666,36.44,30.233333333333334,38.64587628865979
46,3,Torrey Craig,0.0,DEN,IND,1.0,213.5,106.3,28,0.0,9.4,17.3,SG/SF,4400,2,12.0,7.0,101,104,-2%,4,4,3,22,19,14,9.3,8.5,1.3,15.6,25.2,19.0,4.3,15.5,3.52,15.5,23.0,3.5,15.5,3.51,18.333333333333332,3.6666666666666665,10.04,8.9,19.445454545454545
46,4,PJ Dozier,0.0,DEN,IND,1.0,213.5,106.3,28,0.0,12.6,39.3,SG/SF,3200,2,0.0,0.0,101,104,0%,5,5,5,10,10,10,10.5,10.5,-4.3,25.3,17.1,13.3,4.2,8.8,2.73,9.5,10.0,3.0,9.15,2.865,10.0,5.0,10.23,17.3,9.15
46,5,Duncan Robinson,0.0,MIA,SA,-2.0,225.5,113.8,23,11.5,22.0,29.3,SG/SF,4600,1,15.0,13.0,103,110,8%,11,10,9,37,32,29,22.0,21.3,12.4,30.1,35.0,23.8,5.2,22.0,4.78,20.8,29.0,4.5,21.4,4.640000000000001,32.666666666666664,10.0,21.440000000000005,20.933333333333334,18.99795918367347
46,6,Bam Adebayo,0.0,MIA,SA,-2.0,225.5,113.8,6,27.5,39.1,46.3,C,8800,1,20.0,21.0,103,110,0%,13,11,11,34,33,35,39.1,41.0,30.5,51.5,36.2,54.5,6.2,40.0,4.55,41.0,34.5,4.7,40.5,4.625,34.0,11.666666666666666,40.519999999999996,37.63333333333333,41.095588235294116
46,7,Malcolm Brogdon,0.0,IND,DEN,-1.0,213.5,107.3,18,2.5,30.0,46.3,PG/SG,7300,1,28.0,20.0,100,105,-5%,15,15,15,31,32,32,35.4,38.6,29.9,47.4,35.9,37.8,5.2,35.3,4.83,35.7,32.0,4.9,35.5,4.865,31.666666666666668,15.0,37.36,26.266666666666666,35.873684210526314
47,0,Patty Mills,0.0,SA,MIA,2.0,225.5,111.8,12,15.3,19.0,26.3,PG/SG,3400,1,20.0,15.0,101,106,-9%,13,10,9,24,24,23,19.0,19.3,10.4,28.2,29.1,30.3,8.9,19.5,5.74,18.9,24.0,5.6,19.2,5.67,23.666666666666668,10.666666666666666,19.220000000000002,20.2,19.470422535211267
47,1,Kendrick Nunn,0.0,MIA,SA,-2.0,225.5,113.8,6,15.8,28.6,48.3,PG/SG,5600,1,24.0,14.0,103,110,8%,18,14,14,31,28,30,28.6,27.0,17.6,36.5,36.3,31.8,5.7,27.0,4.82,25.9,28.5,4.6,26.45,4.71,29.666666666666668,15.333333333333334,27.229999999999997,30.900000000000002,25.409831460674155
47,2,Doug McDermott,0.0,IND,DEN,-1.0,213.5,107.3,15,5.8,18.7,29.0,SF/PF,3300,1,18.0,13.0,100,105,-8%,11,9,8,21,20,21,18.6,15.8,8.4,23.3,21.0,32.5,9.8,15.5,4.7,13.8,18.5,4.2,14.65,4.45,20.666666666666668,9.333333333333334,16.150000000000002,17.833333333333332,13.114112903225806
47,3,Juancho Hernangomez,0.0,DEN,IND,1.0,213.5,106.3,13,2.8,5.8,11.8,SF/PF,3000,2,14.0,6.0,101,104,-5%,3,2,3,12,10,12,5.8,7.3,0.5,14.1,13.7,7.8,2.6,4.8,1.58,0.0,0.0,0.0,2.4,0.79,11.333333333333334,2.6666666666666665,6.02,6.8,0.0
47,4,Jimmy Butler,0.0,MIA,SA,-2.0,225.5,113.8,23,25.3,40.8,50.8,SG/SF,8200,1,26.0,24.0,103,110,0%,10,12,13,34,33,35,40.5,43.3,33.3,53.3,33.2,35.3,4.3,40.3,4.91,41.7,34.5,5.1,41.0,5.005,34.0,11.666666666666666,42.279999999999994,38.96666666666666,41.60294117647059
47,5,Trey Lyles,0.0,SA,MIA,2.0,225.5,111.8,23,8.8,15.3,19.5,PF/C,4600,1,13.0,12.0,101,106,1%,5,5,5,24,19,18,15.3,15.8,8.1,23.4,20.6,17.5,3.8,18.5,4.02,18.0,21.0,3.9,18.25,3.96,20.333333333333332,5.0,16.169999999999998,14.533333333333333,18.848360655737707
47,6,Goga Bitadze,0.0,IND,DEN,-1.0,213.5,107.3,12,3.3,6.1,12.3,C,3000,1,16.0,12.0,100,105,-3%,2,2,3,7,7,9,6.1,8.2,-0.3,16.6,5.9,6.5,2.2,4.5,1.5,0.0,0.0,0.0,2.25,0.75,7.666666666666667,2.3333333333333335,6.5699999999999985,7.233333333333333,0.0
47,7,Jerami Grant,0.0,DEN,IND,1.0,213.5,106.3,4,16.0,23.4,34.0,PF/C,4300,2,17.0,12.0,101,104,-17%,10,8,8,29,30,24,23.1,17.8,10.7,25.0,33.4,25.8,6.0,22.8,5.29,21.6,29.0,5.0,22.200000000000003,5.145,27.666666666666668,8.666666666666666,19.76,24.46666666666667,23.269879518072294
48,0,Kendrick Nunn,0.0,MIA,SA,-2.0,225.5,113.8,6,15.8,28.6,48.3,PG/SG,5600,1,24.0,14.0,103,110,8%,18,14,14,31,28,30,28.6,27.0,17.6,36.5,36.3,31.8,5.7,27.0,4.82,25.9,28.5,4.6,26.45,4.71,29.666666666666668,15.333333333333334,27.229999999999997,30.900000000000002,25.409831460674155
48,1,Bryn Forbes,0.0,SA,MIA,2.0,225.5,111.8,12,9.8,19.7,33.8,PG/SG,3400,1,19.0,11.0,101,106,-1%,11,11,10,26,25,26,19.6,19.0,10.7,27.2,16.1,1.5,0.4,18.8,5.51,19.1,25.5,5.6,18.950000000000003,5.555,25.666666666666668,10.666666666666666,19.09,21.099999999999998,18.826948051948055
48,2,Meyers Leonard,0.0,MIA,SA,-2.0,225.5,113.8,29,14.5,18.1,22.0,PF,3700,1,12.0,12.0,103,110,0%,4,4,4,21,25,20,18.1,15.3,6.8,23.8,28.9,16.0,4.3,19.8,5.34,19.1,24.5,5.2,19.450000000000003,5.27,22.0,4.0,16.69,18.2,21.660227272727276
48,3,T.J. Warren,0.0,IND,DEN,-1.0,213.5,107.3,15,9.0,27.5,42.3,SF/PF,6000,1,22.0,16.0,100,105,-8%,15,16,15,32,33,33,35.7,28.8,18.7,38.8,33.4,29.3,4.9,26.3,4.38,26.3,31.5,4.4,26.3,4.390000000000001,32.666666666666664,15.333333333333334,29.660000000000004,26.266666666666666,25.360714285714288
48,4,Justin Holiday,0.0,IND,DEN,-1.0,213.5,107.3,6,12.5,19.4,25.5,SG/SF,3600,1,13.0,12.0,100,105,-4%,5,7,7,29,27,26,19.4,18.4,10.8,25.9,25.3,22.5,6.3,17.5,4.86,16.6,25.5,4.6,17.05,4.73,27.333333333333332,6.333333333333333,18.31,19.133333333333333,15.90640243902439
48,5,Marco Belinelli,0.0,SA,MIA,2.0,225.5,111.8,8,0.0,6.7,17.0,SF,3300,1,17.0,8.0,101,106,-1%,6,5,6,11,13,16,10.7,10.8,5.6,16.0,20.7,24.8,7.5,14.0,4.24,12.6,16.5,3.8,13.3,4.02,13.333333333333334,5.666666666666667,11.280000000000001,7.8999999999999995,16.458750000000002
48,6,Trey Lyles,0.0,SA,MIA,2.0,225.5,111.8,23,8.8,15.3,19.5,PF/C,4600,1,13.0,12.0,101,106,1%,5,5,5,24,19,18,15.3,15.8,8.1,23.4,20.6,17.5,3.8,18.5,4.02,18.0,21.0,3.9,18.25,3.96,20.333333333333332,5.0,16.169999999999998,14.533333333333333,18.848360655737707
48,7,Malcolm Brogdon,0.0,IND,DEN,-1.0,213.5,107.3,18,2.5,30.0,46.3,PG/SG,7300,1,28.0,20.0,100,105,-5%,15,15,15,31,32,32,35.4,38.6,29.9,47.4,35.9,37.8,5.2,35.3,4.83,35.7,32.0,4.9,35.5,4.865,31.666666666666668,15.0,37.36,26.266666666666666,35.873684210526314
49,0,Goran Dragic,0.0,MIA,SA,-2.0,225.5,113.8,6,12.0,22.0,27.0,PG,5300,1,26.0,16.0,103,110,8%,13,11,12,27,27,28,22.0,28.7,19.8,37.6,23.6,27.8,5.2,28.8,5.42,26.4,25.5,5.0,27.6,5.21,27.333333333333332,12.0,27.140000000000004,20.333333333333332,25.74878048780488
49,1,Torrey Craig,0.0,DEN,IND,1.0,213.5,106.3,28,0.0,9.4,17.3,SG/SF,4400,2,12.0,7.0,101,104,-2%,4,4,3,22,19,14,9.3,8.5,1.3,15.6,25.2,19.0,4.3,15.5,3.52,15.5,23.0,3.5,15.5,3.51,18.333333333333332,3.6666666666666665,10.04,8.9,19.445454545454545
49,2,Domantas Sabonis,0.0,IND,DEN,-1.0,213.5,107.3,13,19.8,43.4,58.3,PF/C,7900,1,23.0,21.0,100,105,-3%,15,14,14,34,35,34,48.9,43.8,35.8,51.8,40.7,58.3,7.4,41.8,5.28,42.7,34.0,5.4,42.25,5.34,34.333333333333336,14.333333333333334,44.510000000000005,40.5,41.83980582524272
49,3,Duncan Robinson,0.0,MIA,SA,-2.0,225.5,113.8,23,11.5,22.0,29.3,SG/SF,4600,1,15.0,13.0,103,110,8%,11,10,9,37,32,29,22.0,21.3,12.4,30.1,35.0,23.8,5.2,22.0,4.78,20.8,29.0,4.5,21.4,4.640000000000001,32.666666666666664,10.0,21.440000000000005,20.933333333333334,18.99795918367347
49,4,Bryn Forbes,0.0,SA,MIA,2.0,225.5,111.8,12,9.8,19.7,33.8,PG/SG,3400,1,19.0,11.0,101,106,-1%,11,11,10,26,25,26,19.6,19.0,10.7,27.2,16.1,1.5,0.4,18.8,5.51,19.1,25.5,5.6,18.950000000000003,5.555,25.666666666666668,10.666666666666666,19.09,21.099999999999998,18.826948051948055
49,5,Michael Porter Jr.,0.0,DEN,IND,1.0,213.5,106.3,13,-0.5,22.5,47.0,SF/PF,6300,2,22.0,19.0,101,104,-5%,12,7,5,29,19,12,22.4,13.1,1.8,24.3,22.7,24.0,3.8,27.3,4.33,27.4,27.0,4.3,27.35,4.3149999999999995,20.0,8.0,17.79,23.0,36.92250000000001
49,6,Jerami Grant,0.0,DEN,IND,1.0,213.5,106.3,4,16.0,23.4,34.0,PF/C,4300,2,17.0,12.0,101,104,-17%,10,8,8,29,30,24,23.1,17.8,10.7,25.0,33.4,25.8,6.0,22.8,5.29,21.6,29.0,5.0,22.200000000000003,5.145,27.666666666666668,8.666666666666666,19.76,24.46666666666667,23.269879518072294
49,7,Nikola Jokic,0.0,DEN,IND,1.0,213.5,106.3,5,38.0,48.0,55.5,C,9600,2,28.0,24.0,101,104,1%,15,15,15,36,34,32,48.0,44.9,32.5,57.3,31.7,56.5,5.9,48.0,5.0,49.8,34.0,5.2,48.9,5.1,34.0,15.0,46.32,47.166666666666664,48.9
