Lineup Num,,Player Name,injury_status,team,opp,spread,over_under,implied_team_score,L5_dvp_rank,L5_ppg_floor,L5_ppg_avg,L5_ppg_max,Pos,Salary,Rest,USG,PER,Opp Pace,Opp DEff,Opp DvP,L2 FGA,L5 FGA,S FGA,L2 Min,L5 Min,S Min,L5 FP,S FP,Floor FP,Ceil FP,Actual Min,Actual FP,Actual Val,FantasyFuelPPGProj,FantasyFuelValueProj,DFN_PPGProj,DFN_MinProj,DFN_ValueProj,Avg Proj,Avg Value Proj,Avg Skewed Min,Avg Skewed FGA,Avg Skewed FP,Avg L5 PPG,Proj Min Enhanced
0,0,Markelle Fultz,0.0,ORL,LAC,3.5,219.0,107.8,5,22.0,27.8,37.5,PG/SG,5800,1,22.0,14.0,105,105,-1%,9,12,11,33,32,28,27.6,25.7,17.9,33.5,26.4,19.0,3.3,30.3,5.22,30.2,32.0,5.2,30.25,5.21,31.0,10.666666666666666,26.99,29.099999999999998,31.225806451612904
0,1,JJ Redick,0.0,NO,BOS,1.0,231.5,115.3,7,11.5,18.3,25.0,SG/SF,3500,1,19.0,15.0,102,103,-2%,8,9,11,24,25,28,18.3,23.8,14.2,33.5,23.6,26.0,7.4,17.0,4.86,18.3,23.0,5.2,17.65,5.03,25.666666666666668,9.333333333333334,21.49,18.266666666666666,15.816233766233763
0,2,De'Andre Hunter,0.0,ATL,WAS,-1.0,241.5,121.3,12,15.5,23.1,34.8,SF/PF,4200,1,18.0,8.0,105,113,5%,14,11,11,33,31,31,23.1,21.5,11.8,31.2,27.6,34.3,8.2,22.5,5.36,21.5,30.5,5.1,22.0,5.23,31.666666666666668,12.0,21.919999999999998,24.46666666666667,21.189473684210526
0,3,Gordon Hayward,0.0,BOS,NO,-1.0,231.5,116.3,25,16.3,33.4,49.5,SF/PF,7300,1,21.0,18.0,106,110,2%,13,13,13,33,34,33,33.4,33.2,22.2,44.3,37.5,34.5,4.7,37.5,5.14,37.3,34.5,5.1,37.4,5.119999999999999,33.333333333333336,13.0,34.1,33.06666666666667,38.708999999999996
0,4,De'Anthony Melton,0.0,MEM,PHO,-2.0,231.5,116.8,11,16.3,22.3,28.0,PG/SG,4800,1,21.0,18.0,104,108,3%,8,7,6,23,23,18,22.3,20.7,11.7,29.8,17.7,17.8,3.7,24.0,5.0,26.7,25.0,5.6,25.35,5.3,21.333333333333332,7.0,21.97,22.2,29.707031250000004
0,5,Evan Fournier,0.0,ORL,LAC,3.5,219.0,107.8,30,21.3,30.2,41.8,SG/SF,5900,1,25.0,17.0,105,105,0%,16,14,15,36,33,32,30.2,30.1,21.9,38.3,29.9,22.5,3.8,30.5,5.17,29.8,32.0,5.1,30.15,5.135,33.666666666666664,15.0,30.130000000000003,31.099999999999998,28.657425742574258
0,6,Nikola Vucevic,0.0,ORL,LAC,3.5,219.0,107.8,27,36.8,44.3,55.3,C,8500,1,26.0,22.0,105,105,3%,19,18,17,35,33,32,44.3,43.4,34.4,52.4,26.5,26.5,3.1,41.8,4.91,46.1,32.5,5.4,43.95,5.155,33.333333333333336,18.0,43.69,45.46666666666666,42.85125
0,7,Hassan Whiteside,0.0,POR,IND,-3.0,220.0,111.5,25,25.8,43.1,57.8,C,8300,2,19.0,25.0,101,105,3%,10,11,11,38,36,31,43.1,41.8,30.1,53.4,35.7,52.5,6.3,45.3,5.45,45.7,33.5,5.5,45.5,5.475,35.0,10.666666666666666,42.78,42.233333333333334,43.550000000000004
1,0,CJ McCollum,0.0,POR,IND,-3.0,220.0,111.5,16,8.3,29.6,42.0,PG/SG,6800,2,26.0,17.0,101,105,-3%,20,19,19,37,36,37,37.3,36.7,26.0,47.4,35.7,39.3,5.8,33.0,4.85,34.1,34.0,5.0,33.55,4.925,36.666666666666664,19.333333333333332,36.19,26.633333333333336,31.11
1,1,Spencer Dinwiddie,0.0,BKN,NY,1.0,224.5,111.8,18,19.8,32.3,41.0,PG/SG,7200,0,32.0,18.0,101,111,2%,9,12,17,34,33,32,32.3,38.5,28.3,48.7,32.4,37.0,5.1,43.0,5.97,42.1,35.0,5.8,42.55,5.885,33.0,12.666666666666666,38.07000000000001,31.03333333333333,45.128787878787875
1,2,T.J. Warren,0.0,IND,POR,3.0,220.0,108.5,4,10.3,34.3,53.3,SF/PF,6000,1,22.0,17.0,103,110,7%,21,15,15,33,31,33,34.3,29.1,18.4,39.8,29.1,22.5,3.8,31.0,5.17,30.6,33.0,5.1,30.8,5.135,32.333333333333336,17.0,30.48,32.63333333333333,31.43505154639175
1,3,Bradley Beal,0.0,WAS,ATL,1.0,241.5,120.3,23,23.0,41.3,58.8,SG/SF,8200,2,33.0,22.0,106,111,4%,23,21,22,34,31,36,43.3,46.7,35.2,58.1,38.5,53.8,6.6,45.5,5.55,46.0,33.5,5.6,45.75,5.574999999999999,33.666666666666664,22.0,45.81,41.03333333333333,45.52351485148515
1,4,Terance Mann,0.0,LAC,ORL,-3.5,219.0,111.3,25,0.8,5.9,9.3,PG/SG,3000,1,0.0,0.0,100,104,0%,1,1,2,8,6,8,2.2,5.3,-1.9,12.5,5.0,2.8,0.9,8.0,2.67,0.0,0.0,0.0,4.0,1.335,7.333333333333333,1.3333333333333333,4.42,5.333333333333333,0.0
1,5,Wilson Chandler,0.0,BKN,NY,1.0,224.5,111.8,24,9.8,18.0,23.8,PF,3600,0,15.0,11.0,101,111,2%,7,6,6,26,22,21,17.9,16.8,11.3,22.3,16.4,10.3,2.9,17.5,4.86,17.4,22.0,4.8,17.45,4.83,23.0,6.333333333333333,17.15,17.2,16.691304347826087
1,6,Zion Williamson,0.0,NO,BOS,1.0,231.5,115.3,22,26.0,30.4,34.8,PF/C,6200,1,0.0,0.0,102,103,1%,10,10,10,20,20,20,30.4,30.4,24.2,36.6,27.3,39.3,6.3,27.5,4.44,29.6,23.0,4.8,28.55,4.62,20.0,10.0,30.03,30.399999999999995,32.8325
1,7,Taj Gibson,0.0,NY,BKN,-1.0,224.5,112.8,4,5.3,15.5,21.8,C,3200,1,14.0,14.0,105,106,-3%,6,5,4,15,17,17,15.5,14.0,6.5,21.5,23.7,23.3,7.3,14.0,4.38,15.2,17.0,4.8,14.6,4.59,16.333333333333332,5.0,14.419999999999998,14.200000000000001,15.19591836734694
2,0,Gary Payton II,0.0,WAS,ATL,1.0,241.5,120.3,27,3.8,14.0,23.0,PG/SG,3400,2,14.0,13.0,106,111,0%,1,4,5,10,16,20,13.9,18.0,6.4,29.6,18.4,13.0,3.8,12.3,3.6,13.1,15.0,3.9,12.7,3.75,15.333333333333334,3.3333333333333335,16.12,13.6,12.42391304347826
2,1,Reggie Bullock,0.0,NY,BKN,-1.0,224.5,112.8,25,7.8,15.4,25.8,SG/SF,3900,1,18.0,12.0,105,106,-11%,7,9,10,22,26,25,15.4,17.8,11.1,24.4,31.4,20.8,5.3,18.0,4.62,17.9,23.5,4.6,17.95,4.609999999999999,24.333333333333332,8.666666666666666,17.330000000000002,16.333333333333332,17.33527397260274
2,2,Zion Williamson,0.0,NO,BOS,1.0,231.5,115.3,22,26.0,30.4,34.8,PF/C,6200,1,0.0,0.0,102,103,1%,10,10,10,20,20,20,30.4,30.4,24.2,36.6,27.3,39.3,6.3,27.5,4.44,29.6,23.0,4.8,28.55,4.62,20.0,10.0,30.03,30.399999999999995,32.8325
2,3,Brandon Ingram,0.0,NO,BOS,1.0,231.5,115.3,19,25.5,41.7,69.5,SF/PF,7700,1,29.0,21.0,102,103,-2%,17,18,19,34,37,35,41.8,43.9,33.9,53.9,30.2,26.3,3.4,42.8,5.55,41.1,35.0,5.3,41.95,5.425,35.333333333333336,18.0,43.089999999999996,45.56666666666666,41.55424528301887
2,4,Spencer Dinwiddie,0.0,BKN,NY,1.0,224.5,111.8,18,19.8,32.3,41.0,PG/SG,7200,0,32.0,18.0,101,111,2%,9,12,17,34,33,32,32.3,38.5,28.3,48.7,32.4,37.0,5.1,43.0,5.97,42.1,35.0,5.8,42.55,5.885,33.0,12.666666666666666,38.07000000000001,31.03333333333333,45.128787878787875
2,5,Dario Saric,0.0,PHO,MEM,2.0,231.5,114.8,5,11.3,23.8,35.3,SF/PF,4100,1,17.0,13.0,105,110,-1%,10,10,9,27,28,26,23.8,23.5,11.7,35.3,22.6,14.0,3.4,23.3,5.67,19.0,24.0,4.6,21.15,5.135,27.0,9.666666666666666,23.089999999999996,23.46666666666667,18.8
2,6,Ivica Zubac,0.0,LAC,ORL,-3.5,219.0,111.3,14,9.8,19.1,23.8,C,3900,1,17.0,21.0,100,104,-7%,7,6,6,17,18,18,19.1,20.7,12.6,28.7,21.3,21.8,5.6,18.8,4.81,19.0,17.5,4.9,18.9,4.855,17.666666666666668,6.333333333333333,20.0,17.566666666666666,18.721698113207545
2,7,Thomas Bryant,0.0,WAS,ATL,1.0,241.5,120.3,20,4.8,14.2,22.0,C,4300,2,19.0,19.0,106,111,5%,5,5,9,17,17,25,14.2,27.1,15.6,38.6,18.1,17.3,4.0,21.8,5.06,21.4,20.0,5.0,21.6,5.029999999999999,19.666666666666668,6.333333333333333,23.419999999999998,13.666666666666666,21.966101694915253
3,0,Aaron Holiday,0.0,IND,POR,3.0,220.0,108.5,30,3.8,17.1,31.0,PG/SG,4500,1,21.0,13.0,103,110,10%,9,8,9,24,20,24,17.1,21.3,10.1,32.6,26.7,25.8,5.7,25.5,5.67,24.0,26.0,5.3,24.75,5.484999999999999,22.666666666666668,8.666666666666666,21.169999999999998,17.3,28.38970588235294
3,1,Jerome Robinson,0.0,LAC,ORL,-3.5,219.0,111.3,3,1.5,9.0,17.3,SG,3000,1,15.0,5.0,100,104,1%,4,3,3,12,15,12,9.0,7.8,-0.2,15.7,9.4,1.5,0.5,7.8,2.58,0.0,0.0,0.0,3.9,1.29,13.0,3.3333333333333335,7.239999999999999,9.266666666666667,0.0
3,2,Moe Harkless,0.0,LAC,ORL,-3.5,219.0,111.3,24,1.3,11.9,21.3,SF/PF,3400,1,10.0,10.0,100,104,-6%,4,4,4,30,24,23,13.8,15.2,8.1,22.3,30.9,21.8,6.4,15.3,4.49,19.0,28.0,5.6,17.15,5.045,25.666666666666668,4.0,15.309999999999999,11.5,18.709090909090907
3,3,Rodney McGruder,0.0,LAC,ORL,-3.5,219.0,111.3,3,2.3,11.2,18.0,SG/SF,3300,1,10.0,6.0,100,104,1%,5,4,4,18,21,17,11.2,9.8,2.8,16.8,12.3,4.0,1.2,13.5,4.09,9.6,15.0,2.9,11.55,3.495,18.666666666666668,4.333333333333333,10.429999999999998,10.5,9.28125
3,4,Michael Carter-Williams,0.0,ORL,LAC,3.5,219.0,107.8,5,3.5,13.9,25.5,PG/SG,3400,1,20.0,14.0,105,105,-1%,9,7,6,16,14,17,13.8,15.8,8.4,23.2,22.7,36.3,10.7,17.5,5.15,18.2,19.0,5.4,17.85,5.275,15.666666666666666,7.333333333333333,15.809999999999999,14.299999999999999,21.647872340425533
3,5,Aaron Gordon,0.0,ORL,LAC,3.5,219.0,107.8,9,18.5,25.1,31.5,SF/PF,5700,1,21.0,13.0,105,105,-4%,12,11,12,37,34,32,25.1,30.2,21.7,38.8,33.6,33.5,5.9,33.0,5.79,32.0,34.0,5.6,32.5,5.695,34.333333333333336,11.666666666666666,29.660000000000004,25.03333333333333,32.18446601941747
3,6,Anzejs Pasecniks,0.0,WAS,ATL,1.0,241.5,120.3,20,0.0,13.4,23.3,C,3300,2,17.0,13.0,106,111,5%,4,6,6,19,22,22,19.3,18.3,11.5,25.2,15.3,11.5,3.5,15.3,4.62,0.0,0.0,0.0,7.65,2.31,21.0,5.333333333333333,16.39,12.233333333333334,0.0
3,7,Damian Lillard,0.0,POR,IND,-3.0,220.0,111.5,16,45.5,62.2,92.0,PG,10400,2,31.0,26.0,101,105,-2%,33,27,20,43,40,38,62.8,49.1,36.7,61.5,38.5,84.0,8.1,48.8,4.69,48.8,36.5,4.7,48.8,4.695,40.333333333333336,26.666666666666668,51.78000000000001,66.56666666666666,44.16198347107438
4,0,CJ McCollum,0.0,POR,IND,-3.0,220.0,111.5,16,8.3,29.6,42.0,PG/SG,6800,2,26.0,17.0,101,105,-3%,20,19,19,37,36,37,37.3,36.7,26.0,47.4,35.7,39.3,5.8,33.0,4.85,34.1,34.0,5.0,33.55,4.925,36.666666666666664,19.333333333333332,36.19,26.633333333333336,31.11
4,1,Michael Carter-Williams,0.0,ORL,LAC,3.5,219.0,107.8,5,3.5,13.9,25.5,PG/SG,3400,1,20.0,14.0,105,105,-1%,9,7,6,16,14,17,13.8,15.8,8.4,23.2,22.7,36.3,10.7,17.5,5.15,18.2,19.0,5.4,17.85,5.275,15.666666666666666,7.333333333333333,15.809999999999999,14.299999999999999,21.647872340425533
4,2,Grant Williams,0.0,BOS,NO,-1.0,231.5,116.3,25,0.8,9.7,25.0,SF/PF,3600,1,13.0,7.0,106,110,6%,4,3,3,18,12,15,9.7,9.3,2.3,16.3,9.1,6.8,1.9,16.8,4.65,16.0,22.0,4.4,16.4,4.525,15.0,3.3333333333333335,10.799999999999999,11.833333333333334,24.05333333333333
4,3,Dario Saric,0.0,PHO,MEM,2.0,231.5,114.8,5,11.3,23.8,35.3,SF/PF,4100,1,17.0,13.0,105,110,-1%,10,10,9,27,28,26,23.8,23.5,11.7,35.3,22.6,14.0,3.4,23.3,5.67,19.0,24.0,4.6,21.15,5.135,27.0,9.666666666666666,23.089999999999996,23.46666666666667,18.8
4,4,Caris LeVert,0.0,BKN,NY,1.0,224.5,111.8,18,13.8,22.3,32.0,PG/SF,5000,0,28.0,11.0,101,111,0%,11,12,14,23,24,27,22.3,25.6,17.2,34.0,22.8,16.8,3.4,25.8,5.15,26.7,26.5,5.3,26.25,5.225,24.666666666666668,12.333333333333334,25.07,22.7,28.20101351351351
4,5,Khem Birch,0.0,ORL,LAC,3.5,219.0,107.8,10,5.3,11.1,20.0,PF/C,3200,1,10.0,10.0,105,105,3%,6,3,3,18,17,23,11.3,14.7,6.4,23.1,26.9,21.3,6.7,16.3,5.08,15.4,20.0,4.8,15.850000000000001,4.9399999999999995,19.333333333333332,4.0,14.27,12.133333333333333,16.396551724137932
4,6,Julius Randle,0.0,NY,BKN,-1.0,224.5,112.8,27,33.3,38.7,45.3,PF/C,7600,1,28.0,17.0,105,106,-3%,16,17,16,35,33,33,38.7,37.7,28.7,46.7,33.4,42.8,5.6,43.5,5.72,42.8,33.5,5.6,43.15,5.66,33.666666666666664,16.333333333333332,38.99,39.1,42.93638613861386
4,7,Gordon Hayward,0.0,BOS,NO,-1.0,231.5,116.3,25,16.3,33.4,49.5,SF/PF,7300,1,21.0,18.0,106,110,2%,13,13,13,33,34,33,33.4,33.2,22.2,44.3,37.5,34.5,4.7,37.5,5.14,37.3,34.5,5.1,37.4,5.119999999999999,33.333333333333336,13.0,34.1,33.06666666666667,38.708999999999996
5,0,Caris LeVert,0.0,BKN,NY,1.0,224.5,111.8,18,13.8,22.3,32.0,PG/SF,5000,0,28.0,11.0,101,111,0%,11,12,14,23,24,27,22.3,25.6,17.2,34.0,22.8,16.8,3.4,25.8,5.15,26.7,26.5,5.3,26.25,5.225,24.666666666666668,12.333333333333334,25.07,22.7,28.20101351351351
5,1,Terrence Ross,0.0,ORL,LAC,3.5,219.0,107.8,30,19.5,28.0,38.8,SG/SF,5200,1,22.0,14.0,105,105,1%,15,14,12,30,29,26,28.0,22.3,14.8,29.8,28.2,17.3,3.3,25.5,4.9,24.7,29.0,4.8,25.1,4.85,28.333333333333332,13.666666666666666,24.0,28.766666666666666,25.690588235294122
5,2,Marcus Morris Sr.,0.0,NY,BKN,-1.0,224.5,112.8,23,24.8,30.2,39.0,SF/PF,5900,1,23.0,17.0,105,106,-3%,16,15,15,37,35,33,30.2,31.9,20.2,43.5,34.2,30.0,5.1,28.8,4.87,33.8,34.0,5.7,31.299999999999997,5.285,35.0,15.333333333333334,31.419999999999998,31.333333333333332,30.405714285714286
5,3,Moe Harkless,0.0,LAC,ORL,-3.5,219.0,111.3,24,1.3,11.9,21.3,SF/PF,3400,1,10.0,10.0,100,104,-6%,4,4,4,30,24,23,13.8,15.2,8.1,22.3,30.9,21.8,6.4,15.3,4.49,19.0,28.0,5.6,17.15,5.045,25.666666666666668,4.0,15.309999999999999,11.5,18.709090909090907
5,4,Terance Mann,0.0,LAC,ORL,-3.5,219.0,111.3,25,0.8,5.9,9.3,PG/SG,3000,1,0.0,0.0,100,104,0%,1,1,2,8,6,8,2.2,5.3,-1.9,12.5,5.0,2.8,0.9,8.0,2.67,0.0,0.0,0.0,4.0,1.335,7.333333333333333,1.3333333333333333,4.42,5.333333333333333,0.0
5,5,Carmelo Anthony,0.0,POR,IND,-3.0,220.0,111.5,4,15.0,30.9,42.3,PF,6300,2,22.0,13.0,101,105,-6%,18,15,15,40,36,33,30.9,29.9,19.8,40.0,33.5,27.5,4.4,28.8,4.56,28.6,34.0,4.5,28.700000000000003,4.529999999999999,36.333333333333336,16.0,29.860000000000003,29.399999999999995,26.856880733944955
5,6,Caleb Swanigan,0.0,POR,IND,-3.0,220.0,111.5,25,0.8,4.2,12.8,C,3000,2,0.0,0.0,101,105,-6%,1,1,1,13,7,6,4.2,4.1,0.1,8.1,12.1,14.0,4.7,9.5,3.17,12.7,15.0,4.2,11.1,3.685,8.666666666666666,1.0,5.5200000000000005,5.933333333333334,19.211538461538463
5,7,Justin Holiday,0.0,IND,POR,3.0,220.0,108.5,20,12.5,20.9,29.3,SG/SF,4000,1,13.0,12.0,103,110,-3%,7,6,7,24,25,26,20.9,18.9,11.5,26.4,21.7,22.5,5.6,19.3,4.81,17.6,25.5,4.4,18.450000000000003,4.605,25.0,6.666666666666667,19.229999999999997,20.900000000000002,18.819000000000003
6,0,Elie Okobo,0.0,PHO,MEM,2.0,231.5,114.8,20,5.3,12.0,25.8,PG,3200,1,17.0,13.0,105,110,4%,6,4,4,23,17,13,12.0,10.8,2.4,19.2,6.5,2.3,0.7,16.5,5.16,13.2,16.5,4.1,14.85,4.63,17.666666666666668,4.666666666666667,11.85,14.366666666666667,13.869339622641506
6,1,Cam Reddish,0.0,ATL,WAS,-1.0,241.5,121.3,27,10.8,27.5,44.8,SG/SF,4500,1,18.0,7.0,105,113,3%,10,11,9,28,31,27,27.5,19.3,10.4,28.2,22.6,19.0,4.2,20.8,4.61,21.5,29.0,4.8,21.15,4.705,28.666666666666668,10.0,21.310000000000002,27.7,21.395930232558136
6,2,Zion Williamson,0.0,NO,BOS,1.0,231.5,115.3,22,26.0,30.4,34.8,PF/C,6200,1,0.0,0.0,102,103,1%,10,10,10,20,20,20,30.4,30.4,24.2,36.6,27.3,39.3,6.3,27.5,4.44,29.6,23.0,4.8,28.55,4.62,20.0,10.0,30.03,30.399999999999995,32.8325
6,3,JJ Redick,0.0,NO,BOS,1.0,231.5,115.3,7,11.5,18.3,25.0,SG/SF,3500,1,19.0,15.0,102,103,-2%,8,9,11,24,25,28,18.3,23.8,14.2,33.5,23.6,26.0,7.4,17.0,4.86,18.3,23.0,5.2,17.65,5.03,25.666666666666668,9.333333333333334,21.49,18.266666666666666,15.816233766233763
6,4,Aaron Holiday,0.0,IND,POR,3.0,220.0,108.5,30,3.8,17.1,31.0,PG/SG,4500,1,21.0,13.0,103,110,10%,9,8,9,24,20,24,17.1,21.3,10.1,32.6,26.7,25.8,5.7,25.5,5.67,24.0,26.0,5.3,24.75,5.484999999999999,22.666666666666668,8.666666666666666,21.169999999999998,17.3,28.38970588235294
6,5,Damyean Dotson,0.0,NY,BKN,-1.0,224.5,112.8,23,2.5,16.3,25.3,SF,3400,1,17.0,11.0,105,106,0%,12,9,6,27,22,17,16.3,12.3,4.6,19.9,19.4,9.5,2.8,18.0,5.29,18.0,24.5,5.3,18.0,5.295,22.0,9.0,14.219999999999999,14.700000000000001,20.045454545454547
6,6,Khem Birch,0.0,ORL,LAC,3.5,219.0,107.8,10,5.3,11.1,20.0,PF/C,3200,1,10.0,10.0,105,105,3%,6,3,3,18,17,23,11.3,14.7,6.4,23.1,26.9,21.3,6.7,16.3,5.08,15.4,20.0,4.8,15.850000000000001,4.9399999999999995,19.333333333333332,4.0,14.27,12.133333333333333,16.396551724137932
6,7,Marcus Morris Sr.,0.0,NY,BKN,-1.0,224.5,112.8,23,24.8,30.2,39.0,SF/PF,5900,1,23.0,17.0,105,106,-3%,16,15,15,37,35,33,30.2,31.9,20.2,43.5,34.2,30.0,5.1,28.8,4.87,33.8,34.0,5.7,31.299999999999997,5.285,35.0,15.333333333333334,31.419999999999998,31.333333333333332,30.405714285714286
7,0,Spencer Dinwiddie,0.0,BKN,NY,1.0,224.5,111.8,18,19.8,32.3,41.0,PG/SG,7200,0,32.0,18.0,101,111,2%,9,12,17,34,33,32,32.3,38.5,28.3,48.7,32.4,37.0,5.1,43.0,5.97,42.1,35.0,5.8,42.55,5.885,33.0,12.666666666666666,38.07000000000001,31.03333333333333,45.128787878787875
7,1,Josh Hart,0.0,NO,BOS,1.0,231.5,115.3,7,20.3,27.9,41.8,SG/SF,3900,1,16.0,12.0,102,103,-4%,9,9,9,26,32,29,28.4,25.4,17.1,33.7,28.5,26.5,6.8,19.5,5.0,20.2,26.0,5.2,19.85,5.1,29.0,9.0,24.889999999999997,30.0,17.796551724137935
7,2,John Collins,0.0,ATL,WAS,-1.0,241.5,121.3,12,29.3,41.3,67.0,PF/C,8000,1,22.0,22.0,105,113,3%,19,16,15,32,31,31,41.3,39.5,28.7,50.3,22.5,30.5,3.8,45.0,5.63,44.4,32.0,5.5,44.7,5.5649999999999995,31.333333333333332,16.666666666666668,40.9,45.86666666666667,45.65106382978724
7,3,Wes Iwundu,0.0,ORL,LAC,3.5,219.0,107.8,9,8.3,11.6,19.5,SF,3000,1,13.0,9.0,105,105,0%,4,4,4,20,21,18,11.6,11.4,5.0,17.8,20.9,21.0,7.0,13.5,4.5,13.9,21.5,4.6,13.7,4.55,19.666666666666668,4.0,11.9,13.133333333333333,14.977118644067794
7,4,Reggie Bullock,0.0,NY,BKN,-1.0,224.5,112.8,25,7.8,15.4,25.8,SG/SF,3900,1,18.0,12.0,105,106,-11%,7,9,10,22,26,25,15.4,17.8,11.1,24.4,31.4,20.8,5.3,18.0,4.62,17.9,23.5,4.6,17.95,4.609999999999999,24.333333333333332,8.666666666666666,17.330000000000002,16.333333333333332,17.33527397260274
7,5,Davis Bertans,0.0,WAS,ATL,1.0,241.5,120.3,15,14.8,25.0,36.8,PF,5200,2,18.0,16.0,106,111,19%,14,12,11,29,27,29,24.9,27.7,18.4,37.0,32.7,30.3,5.8,26.8,5.14,27.5,27.5,5.3,27.15,5.22,28.333333333333332,12.333333333333334,27.03,25.53333333333333,26.351470588235294
7,6,Taj Gibson,0.0,NY,BKN,-1.0,224.5,112.8,4,5.3,15.5,21.8,C,3200,1,14.0,14.0,105,106,-3%,6,5,4,15,17,17,15.5,14.0,6.5,21.5,23.7,23.3,7.3,14.0,4.38,15.2,17.0,4.8,14.6,4.59,16.333333333333332,5.0,14.419999999999998,14.200000000000001,15.19591836734694
7,7,E'Twaun Moore,0.0,NO,BOS,1.0,231.5,115.3,7,7.0,14.1,22.0,SG/SF,3300,1,21.0,13.0,102,103,-4%,5,8,10,14,19,22,14.1,18.7,10.4,27.1,4.8,3.5,1.1,12.0,3.64,12.0,14.5,3.6,12.0,3.62,18.333333333333332,7.666666666666667,16.46,14.366666666666667,9.49090909090909
8,0,De'Anthony Melton,0.0,MEM,PHO,-2.0,231.5,116.8,11,16.3,22.3,28.0,PG/SG,4800,1,21.0,18.0,104,108,3%,8,7,6,23,23,18,22.3,20.7,11.7,29.8,17.7,17.8,3.7,24.0,5.0,26.7,25.0,5.6,25.35,5.3,21.333333333333332,7.0,21.97,22.2,29.707031250000004
8,1,Michael Carter-Williams,0.0,ORL,LAC,3.5,219.0,107.8,5,3.5,13.9,25.5,PG/SG,3400,1,20.0,14.0,105,105,-1%,9,7,6,16,14,17,13.8,15.8,8.4,23.2,22.7,36.3,10.7,17.5,5.15,18.2,19.0,5.4,17.85,5.275,15.666666666666666,7.333333333333333,15.809999999999999,14.299999999999999,21.647872340425533
8,2,Brandon Clarke,0.0,MEM,PHO,-2.0,231.5,116.8,28,12.0,23.0,35.8,PF/C,4700,1,19.0,22.0,104,108,-1%,8,7,8,24,24,22,23.0,24.5,17.3,31.7,23.2,24.3,5.2,27.0,5.74,25.8,24.0,5.5,26.4,5.62,23.333333333333332,7.666666666666667,24.580000000000002,23.599999999999998,27.154285714285713
8,3,Justin Holiday,0.0,IND,POR,3.0,220.0,108.5,20,12.5,20.9,29.3,SG/SF,4000,1,13.0,12.0,103,110,-3%,7,6,7,24,25,26,20.9,18.9,11.5,26.4,21.7,22.5,5.6,19.3,4.81,17.6,25.5,4.4,18.450000000000003,4.605,25.0,6.666666666666667,19.229999999999997,20.900000000000002,18.819000000000003
8,4,Spencer Dinwiddie,0.0,BKN,NY,1.0,224.5,111.8,18,19.8,32.3,41.0,PG/SG,7200,0,32.0,18.0,101,111,2%,9,12,17,34,33,32,32.3,38.5,28.3,48.7,32.4,37.0,5.1,43.0,5.97,42.1,35.0,5.8,42.55,5.885,33.0,12.666666666666666,38.07000000000001,31.03333333333333,45.128787878787875
8,5,Bobby Portis,0.0,NY,BKN,-1.0,224.5,112.8,27,5.0,17.3,24.8,PF/C,3600,1,21.0,15.0,105,106,-3%,8,8,9,23,20,22,17.3,21.5,11.4,31.5,18.1,16.0,4.4,24.0,6.67,21.1,20.0,5.9,22.55,6.285,21.666666666666668,8.333333333333334,20.85,15.700000000000001,20.815384615384612
8,6,Cheick Diallo,0.0,PHO,MEM,2.0,231.5,114.8,7,2.5,7.4,12.0,C,3000,1,0.0,0.0,105,110,-1%,4,2,3,11,8,9,6.8,9.0,0.2,17.7,8.2,5.3,1.8,8.0,2.67,0.0,0.0,0.0,4.0,1.335,9.333333333333334,3.0,7.540000000000001,7.3,0.0
8,7,Javonte Green,0.0,BOS,NO,-1.0,231.5,116.3,17,5.3,13.6,22.0,SG,3300,1,15.0,14.0,106,110,6%,6,5,3,24,17,9,13.6,7.1,1.1,13.0,16.2,16.5,5.0,10.5,3.18,10.7,12.0,3.2,10.6,3.1900000000000004,16.666666666666668,4.666666666666667,9.080000000000002,13.633333333333333,7.631999999999999
10,0,Frank Jackson,0.0,NO,BOS,1.0,231.5,115.3,7,0.0,8.1,16.3,PG,3000,1,20.0,8.0,102,103,-10%,1,3,5,6,14,14,8.1,9.5,0.3,18.7,9.8,4.5,1.5,3.5,1.17,0.0,0.0,0.0,1.75,0.585,11.333333333333334,3.0,7.669999999999999,8.133333333333333,0.0
10,1,Gary Trent Jr.,0.0,POR,IND,-3.0,220.0,111.5,11,9.0,22.6,48.3,SG/SF,4500,2,15.0,11.0,101,105,-3%,12,10,5,36,29,16,22.6,10.4,0.6,20.2,26.1,14.8,3.3,10.8,2.39,12.6,20.0,2.8,11.7,2.5949999999999998,27.0,9.0,13.1,26.633333333333336,8.666666666666666
10,2,Khem Birch,0.0,ORL,LAC,3.5,219.0,107.8,10,5.3,11.1,20.0,PF/C,3200,1,10.0,10.0,105,105,3%,6,3,3,18,17,23,11.3,14.7,6.4,23.1,26.9,21.3,6.7,16.3,5.08,15.4,20.0,4.8,15.850000000000001,4.9399999999999995,19.333333333333332,4.0,14.27,12.133333333333333,16.396551724137932
10,3,Brandon Ingram,0.0,NO,BOS,1.0,231.5,115.3,19,25.5,41.7,69.5,SF/PF,7700,1,29.0,21.0,102,103,-2%,17,18,19,34,37,35,41.8,43.9,33.9,53.9,30.2,26.3,3.4,42.8,5.55,41.1,35.0,5.3,41.95,5.425,35.333333333333336,18.0,43.089999999999996,45.56666666666666,41.55424528301887
10,4,Dillon Brooks,0.0,MEM,PHO,-2.0,231.5,116.8,10,8.3,34.2,53.3,SG,5500,1,24.0,13.0,104,108,4%,11,16,14,24,29,28,34.1,26.6,16.3,37.0,36.1,41.3,7.5,27.8,5.05,30.8,32.0,5.6,29.3,5.324999999999999,27.0,13.666666666666666,28.660000000000004,31.933333333333334,34.72592592592593
10,5,Kelly Oubre Jr.,0.0,PHO,MEM,2.0,231.5,114.8,5,18.3,34.8,58.3,SF/PF,6300,1,21.0,15.0,105,110,5%,15,16,15,33,36,35,34.4,34.5,24.0,45.0,38.1,41.3,6.6,36.8,5.83,36.0,37.0,5.7,36.4,5.765000000000001,34.666666666666664,15.333333333333334,34.86,37.13333333333333,38.85
10,6,Goga Bitadze,0.0,IND,POR,3.0,220.0,108.5,10,4.5,6.1,6.8,C,3000,1,16.0,12.0,103,110,4%,3,3,3,7,7,9,6.0,8.0,-0.1,16.1,5.1,1.5,0.5,18.8,6.25,12.2,13.0,4.1,15.5,5.175,7.666666666666667,3.0,9.1,5.8,26.282608695652176
10,7,Elie Okobo,0.0,PHO,MEM,2.0,231.5,114.8,20,5.3,12.0,25.8,PG,3200,1,17.0,13.0,105,110,4%,6,4,4,23,17,13,12.0,10.8,2.4,19.2,6.5,2.3,0.7,16.5,5.16,13.2,16.5,4.1,14.85,4.63,17.666666666666668,4.666666666666667,11.85,14.366666666666667,13.869339622641506
11,0,Aaron Holiday,0.0,IND,POR,3.0,220.0,108.5,30,3.8,17.1,31.0,PG/SG,4500,1,21.0,13.0,103,110,10%,9,8,9,24,20,24,17.1,21.3,10.1,32.6,26.7,25.8,5.7,25.5,5.67,24.0,26.0,5.3,24.75,5.484999999999999,22.666666666666668,8.666666666666666,21.169999999999998,17.3,28.38970588235294
11,1,Joe Harris,0.0,BKN,NY,1.0,224.5,111.8,16,15.0,18.4,28.0,SG/SF,4400,0,17.0,12.0,101,111,2%,9,9,11,31,31,32,18.4,25.0,16.9,33.0,31.6,21.0,4.8,26.5,6.02,25.3,31.5,5.8,25.9,5.91,31.333333333333332,9.666666666666666,23.840000000000003,20.466666666666665,26.03776595744681
11,2,Gordon Hayward,0.0,BOS,NO,-1.0,231.5,116.3,25,16.3,33.4,49.5,SF/PF,7300,1,21.0,18.0,106,110,2%,13,13,13,33,34,33,33.4,33.2,22.2,44.3,37.5,34.5,4.7,37.5,5.14,37.3,34.5,5.1,37.4,5.119999999999999,33.333333333333336,13.0,34.1,33.06666666666667,38.708999999999996
11,3,Jeremy Lamb,0.0,IND,POR,3.0,220.0,108.5,20,4.3,20.7,32.5,SG/SF,4400,1,20.0,14.0,103,110,-3%,9,10,11,24,25,30,20.9,26.5,17.5,35.5,33.5,38.5,8.8,25.0,5.68,23.8,27.0,5.4,24.4,5.54,26.333333333333332,10.0,24.96,19.166666666666668,25.01772151898734
11,4,Brandon Goodwin,0.0,ATL,WAS,-1.0,241.5,121.3,24,1.3,11.0,28.3,PG/SG,3600,1,0.0,0.0,105,113,5%,10,6,6,17,11,13,11.0,12.6,1.7,23.5,11.7,16.3,4.5,7.5,2.08,0.0,0.0,0.0,3.75,1.04,13.666666666666666,7.333333333333333,10.510000000000002,13.533333333333333,0.0
11,5,JaMychal Green,0.0,LAC,ORL,-3.5,219.0,111.3,2,9.3,21.4,33.3,PF,4100,1,14.0,11.0,100,104,-3%,5,6,6,22,21,22,21.4,19.0,10.1,28.0,15.4,8.8,2.1,19.5,4.76,18.2,20.5,4.4,18.85,4.58,21.666666666666668,5.666666666666667,19.47,21.333333333333332,17.835
11,6,Goga Bitadze,0.0,IND,POR,3.0,220.0,108.5,10,4.5,6.1,6.8,C,3000,1,16.0,12.0,103,110,4%,3,3,3,7,7,9,6.0,8.0,-0.1,16.1,5.1,1.5,0.5,18.8,6.25,12.2,13.0,4.1,15.5,5.175,7.666666666666667,3.0,9.1,5.8,26.282608695652176
11,7,Bruno Fernando,0.0,ATL,WAS,-1.0,241.5,121.3,19,0.3,13.0,25.8,C,3000,1,16.0,11.0,105,113,3%,4,4,3,16,15,12,12.9,10.3,3.4,17.1,19.5,31.5,10.5,16.5,5.5,16.1,17.5,5.4,16.3,5.45,14.333333333333334,3.6666666666666665,12.0,13.033333333333333,19.901162790697676
12,0,Ish Smith,0.0,WAS,ATL,1.0,241.5,120.3,27,9.8,23.7,34.0,PG,5000,2,20.0,14.0,106,111,0%,10,8,10,27,27,27,23.4,24.4,13.9,34.9,29.2,14.0,2.8,24.5,4.9,25.5,25.5,5.1,25.0,5.0,27.0,9.333333333333334,24.32,22.5,23.61111111111111
12,1,Josh Hart,0.0,NO,BOS,1.0,231.5,115.3,7,20.3,27.9,41.8,SG/SF,3900,1,16.0,12.0,102,103,-4%,9,9,9,26,32,29,28.4,25.4,17.1,33.7,28.5,26.5,6.8,19.5,5.0,20.2,26.0,5.2,19.85,5.1,29.0,9.0,24.889999999999997,30.0,17.796551724137935
12,2,Kyle Anderson,0.0,MEM,PHO,-2.0,231.5,116.8,14,2.8,11.1,17.0,SF/PF,3100,1,15.0,13.0,104,108,4%,5,4,4,14,15,17,13.3,14.9,7.6,22.2,28.7,27.0,8.7,18.0,5.81,17.4,21.0,5.6,17.7,5.705,15.333333333333334,4.333333333333333,15.14,10.299999999999999,24.241304347826084
12,3,Vince Carter,0.0,ATL,WAS,-1.0,241.5,121.3,12,4.5,11.5,22.3,SF/PF,3000,1,16.0,6.0,105,113,8%,5,5,5,12,13,15,11.4,10.3,3.3,17.2,15.6,16.3,5.4,10.0,3.33,8.6,11.5,2.9,9.3,3.115,13.333333333333334,5.0,10.3,12.766666666666666,8.02125
12,4,Lou Williams,0.0,LAC,ORL,-3.5,219.0,111.3,25,23.0,34.2,52.0,PG/SG,7400,1,30.0,18.0,100,104,1%,17,16,16,31,30,30,34.1,34.5,25.1,43.9,26.6,19.0,2.6,33.0,4.46,35.0,30.5,4.7,34.0,4.58,30.333333333333332,16.333333333333332,34.32,36.4,34.18681318681319
12,5,Jeremy Lamb,0.0,IND,POR,3.0,220.0,108.5,20,4.3,20.7,32.5,SG/SF,4400,1,20.0,14.0,103,110,-3%,9,10,11,24,25,30,20.9,26.5,17.5,35.5,33.5,38.5,8.8,25.0,5.68,23.8,27.0,5.4,24.4,5.54,26.333333333333332,10.0,24.96,19.166666666666668,25.01772151898734
12,6,Goga Bitadze,0.0,IND,POR,3.0,220.0,108.5,10,4.5,6.1,6.8,C,3000,1,16.0,12.0,103,110,4%,3,3,3,7,7,9,6.0,8.0,-0.1,16.1,5.1,1.5,0.5,18.8,6.25,12.2,13.0,4.1,15.5,5.175,7.666666666666667,3.0,9.1,5.8,26.282608695652176
12,7,Brandon Goodwin,0.0,ATL,WAS,-1.0,241.5,121.3,24,1.3,11.0,28.3,PG/SG,3600,1,0.0,0.0,105,113,5%,10,6,6,17,11,13,11.0,12.6,1.7,23.5,11.7,16.3,4.5,7.5,2.08,0.0,0.0,0.0,3.75,1.04,13.666666666666666,7.333333333333333,10.510000000000002,13.533333333333333,0.0
13,0,Elfrid Payton,0.0,NY,BKN,-1.0,224.5,112.8,14,21.5,31.8,39.0,PG,5500,1,22.0,14.0,105,106,10%,9,10,10,33,30,27,31.8,27.5,18.7,36.2,29.5,32.8,6.0,34.0,6.18,34.1,32.0,6.2,34.05,6.1899999999999995,30.0,9.666666666666666,29.65,30.766666666666666,36.32
13,1,Gary Trent Jr.,0.0,POR,IND,-3.0,220.0,111.5,11,9.0,22.6,48.3,SG/SF,4500,2,15.0,11.0,101,105,-3%,12,10,5,36,29,16,22.6,10.4,0.6,20.2,26.1,14.8,3.3,10.8,2.39,12.6,20.0,2.8,11.7,2.5949999999999998,27.0,9.0,13.1,26.633333333333336,8.666666666666666
13,2,Doug McDermott,0.0,IND,POR,3.0,220.0,108.5,4,12.8,24.0,32.5,SF/PF,3600,1,18.0,14.0,103,110,7%,9,10,8,25,23,21,24.0,16.6,8.6,24.5,29.9,24.8,6.9,20.0,5.56,21.7,26.0,6.0,20.85,5.779999999999999,23.0,9.0,18.909999999999997,23.099999999999998,23.569565217391307
13,3,Solomon Hill,0.0,MEM,PHO,-2.0,231.5,116.8,14,7.8,14.2,22.0,SF/PF,3100,1,14.0,11.0,104,108,4%,5,5,5,17,16,19,14.2,14.6,8.1,21.1,20.1,10.5,3.4,14.5,4.68,13.6,18.0,4.4,14.05,4.54,17.333333333333332,5.0,14.41,14.666666666666666,14.590384615384618
13,4,T.J. McConnell,0.0,IND,POR,3.0,220.0,108.5,30,8.3,25.5,40.5,PG,5000,1,20.0,17.0,103,110,10%,7,6,6,28,24,19,25.4,19.7,11.5,27.9,27.9,24.8,5.0,27.5,5.5,27.6,28.0,5.5,27.55,5.5,23.666666666666668,6.333333333333333,22.41,24.766666666666666,32.59436619718309
13,5,Jaren Jackson Jr.,0.0,MEM,PHO,-2.0,231.5,116.8,28,13.3,29.7,44.5,PF/C,6400,1,24.0,18.0,104,108,-1%,15,14,14,28,27,29,29.7,31.9,22.2,41.7,33.8,29.8,4.7,33.5,5.23,33.3,30.5,5.2,33.4,5.215,28.0,14.333333333333334,31.78,29.166666666666668,36.38214285714286
13,6,Thomas Bryant,0.0,WAS,ATL,1.0,241.5,120.3,20,4.8,14.2,22.0,C,4300,2,19.0,19.0,106,111,5%,5,5,9,17,17,25,14.2,27.1,15.6,38.6,18.1,17.3,4.0,21.8,5.06,21.4,20.0,5.0,21.6,5.029999999999999,19.666666666666668,6.333333333333333,23.419999999999998,13.666666666666666,21.966101694915253
13,7,Bradley Beal,0.0,WAS,ATL,1.0,241.5,120.3,23,23.0,41.3,58.8,SG/SF,8200,2,33.0,22.0,106,111,4%,23,21,22,34,31,36,43.3,46.7,35.2,58.1,38.5,53.8,6.6,45.5,5.55,46.0,33.5,5.6,45.75,5.574999999999999,33.666666666666664,22.0,45.81,41.03333333333333,45.52351485148515
14,0,De'Anthony Melton,0.0,MEM,PHO,-2.0,231.5,116.8,11,16.3,22.3,28.0,PG/SG,4800,1,21.0,18.0,104,108,3%,8,7,6,23,23,18,22.3,20.7,11.7,29.8,17.7,17.8,3.7,24.0,5.0,26.7,25.0,5.6,25.35,5.3,21.333333333333332,7.0,21.97,22.2,29.707031250000004
14,1,Lou Williams,0.0,LAC,ORL,-3.5,219.0,111.3,25,23.0,34.2,52.0,PG/SG,7400,1,30.0,18.0,100,104,1%,17,16,16,31,30,30,34.1,34.5,25.1,43.9,26.6,19.0,2.6,33.0,4.46,35.0,30.5,4.7,34.0,4.58,30.333333333333332,16.333333333333332,34.32,36.4,34.18681318681319
14,2,Solomon Hill,0.0,MEM,PHO,-2.0,231.5,116.8,14,7.8,14.2,22.0,SF/PF,3100,1,14.0,11.0,104,108,4%,5,5,5,17,16,19,14.2,14.6,8.1,21.1,20.1,10.5,3.4,14.5,4.68,13.6,18.0,4.4,14.05,4.54,17.333333333333332,5.0,14.41,14.666666666666666,14.590384615384618
14,3,Bradley Beal,0.0,WAS,ATL,1.0,241.5,120.3,23,23.0,41.3,58.8,SG/SF,8200,2,33.0,22.0,106,111,4%,23,21,22,34,31,36,43.3,46.7,35.2,58.1,38.5,53.8,6.6,45.5,5.55,46.0,33.5,5.6,45.75,5.574999999999999,33.666666666666664,22.0,45.81,41.03333333333333,45.52351485148515
14,4,Isaiah Thomas,0.0,WAS,ATL,1.0,241.5,120.3,27,6.0,17.0,25.5,PG,3800,2,25.0,12.0,106,111,0%,12,8,11,23,21,24,16.9,21.3,12.3,30.4,18.8,16.3,4.3,21.5,5.66,19.7,22.5,5.2,20.6,5.43,22.666666666666668,10.333333333333334,20.3,16.166666666666668,20.448529411764707
14,5,Trevor Ariza,0.0,POR,IND,-3.0,220.0,111.5,17,8.3,24.3,38.3,SF/PF,5000,2,16.0,10.0,101,105,-16%,7,7,6,27,29,26,24.3,18.0,7.9,28.1,32.0,12.5,2.5,24.3,4.85,21.1,31.5,4.2,22.700000000000003,4.525,27.333333333333332,6.666666666666667,20.200000000000003,23.633333333333336,26.160365853658544
14,6,Jarrett Allen,0.0,BKN,NY,1.0,224.5,111.8,8,19.0,33.6,50.8,C,6100,0,15.0,20.0,101,111,-3%,11,8,7,35,32,28,33.6,30.6,19.4,41.8,31.6,14.3,2.3,35.8,5.86,35.5,32.5,5.8,35.65,5.83,31.666666666666668,8.666666666666666,32.21,34.46666666666667,36.58815789473684
14,7,Grant Williams,0.0,BOS,NO,-1.0,231.5,116.3,25,0.8,9.7,25.0,SF/PF,3600,1,13.0,7.0,106,110,6%,4,3,3,18,12,15,9.7,9.3,2.3,16.3,9.1,6.8,1.9,16.8,4.65,16.0,22.0,4.4,16.4,4.525,15.0,3.3333333333333335,10.799999999999999,11.833333333333334,24.05333333333333
15,0,Edmond Sumner,0.0,IND,POR,3.0,220.0,108.5,30,4.3,12.7,25.3,PG/SG,3000,1,0.0,0.0,103,110,10%,2,4,4,9,13,14,12.7,10.5,2.9,18.2,7.8,4.3,1.4,9.3,3.08,0.0,0.0,0.0,4.65,1.54,12.0,3.3333333333333335,9.79,14.1,0.0
15,1,Cam Reddish,0.0,ATL,WAS,-1.0,241.5,121.3,27,10.8,27.5,44.8,SG/SF,4500,1,18.0,7.0,105,113,3%,10,11,9,28,31,27,27.5,19.3,10.4,28.2,22.6,19.0,4.2,20.8,4.61,21.5,29.0,4.8,21.15,4.705,28.666666666666668,10.0,21.310000000000002,27.7,21.395930232558136
15,2,Khem Birch,0.0,ORL,LAC,3.5,219.0,107.8,10,5.3,11.1,20.0,PF/C,3200,1,10.0,10.0,105,105,3%,6,3,3,18,17,23,11.3,14.7,6.4,23.1,26.9,21.3,6.7,16.3,5.08,15.4,20.0,4.8,15.850000000000001,4.9399999999999995,19.333333333333332,4.0,14.27,12.133333333333333,16.396551724137932
15,3,Grant Williams,0.0,BOS,NO,-1.0,231.5,116.3,25,0.8,9.7,25.0,SF/PF,3600,1,13.0,7.0,106,110,6%,4,3,3,18,12,15,9.7,9.3,2.3,16.3,9.1,6.8,1.9,16.8,4.65,16.0,22.0,4.4,16.4,4.525,15.0,3.3333333333333335,10.799999999999999,11.833333333333334,24.05333333333333
15,4,Jerome Robinson,0.0,LAC,ORL,-3.5,219.0,111.3,3,1.5,9.0,17.3,SG,3000,1,15.0,5.0,100,104,1%,4,3,3,12,15,12,9.0,7.8,-0.2,15.7,9.4,1.5,0.5,7.8,2.58,0.0,0.0,0.0,3.9,1.29,13.0,3.3333333333333335,7.239999999999999,9.266666666666667,0.0
15,5,Aaron Gordon,0.0,ORL,LAC,3.5,219.0,107.8,9,18.5,25.1,31.5,SF/PF,5700,1,21.0,13.0,105,105,-4%,12,11,12,37,34,32,25.1,30.2,21.7,38.8,33.6,33.5,5.9,33.0,5.79,32.0,34.0,5.6,32.5,5.695,34.333333333333336,11.666666666666666,29.660000000000004,25.03333333333333,32.18446601941747
15,6,Zion Williamson,0.0,NO,BOS,1.0,231.5,115.3,22,26.0,30.4,34.8,PF/C,6200,1,0.0,0.0,102,103,1%,10,10,10,20,20,20,30.4,30.4,24.2,36.6,27.3,39.3,6.3,27.5,4.44,29.6,23.0,4.8,28.55,4.62,20.0,10.0,30.03,30.399999999999995,32.8325
15,7,Taj Gibson,0.0,NY,BKN,-1.0,224.5,112.8,4,5.3,15.5,21.8,C,3200,1,14.0,14.0,105,106,-3%,6,5,4,15,17,17,15.5,14.0,6.5,21.5,23.7,23.3,7.3,14.0,4.38,15.2,17.0,4.8,14.6,4.59,16.333333333333332,5.0,14.419999999999998,14.200000000000001,15.19591836734694
17,0,T.J. McConnell,0.0,IND,POR,3.0,220.0,108.5,30,8.3,25.5,40.5,PG,5000,1,20.0,17.0,103,110,10%,7,6,6,28,24,19,25.4,19.7,11.5,27.9,27.9,24.8,5.0,27.5,5.5,27.6,28.0,5.5,27.55,5.5,23.666666666666668,6.333333333333333,22.41,24.766666666666666,32.59436619718309
17,1,Spencer Dinwiddie,0.0,BKN,NY,1.0,224.5,111.8,18,19.8,32.3,41.0,PG/SG,7200,0,32.0,18.0,101,111,2%,9,12,17,34,33,32,32.3,38.5,28.3,48.7,32.4,37.0,5.1,43.0,5.97,42.1,35.0,5.8,42.55,5.885,33.0,12.666666666666666,38.07000000000001,31.03333333333333,45.128787878787875
17,2,Grant Williams,0.0,BOS,NO,-1.0,231.5,116.3,25,0.8,9.7,25.0,SF/PF,3600,1,13.0,7.0,106,110,6%,4,3,3,18,12,15,9.7,9.3,2.3,16.3,9.1,6.8,1.9,16.8,4.65,16.0,22.0,4.4,16.4,4.525,15.0,3.3333333333333335,10.799999999999999,11.833333333333334,24.05333333333333
17,3,Damyean Dotson,0.0,NY,BKN,-1.0,224.5,112.8,23,2.5,16.3,25.3,SF,3400,1,17.0,11.0,105,106,0%,12,9,6,27,22,17,16.3,12.3,4.6,19.9,19.4,9.5,2.8,18.0,5.29,18.0,24.5,5.3,18.0,5.295,22.0,9.0,14.219999999999999,14.700000000000001,20.045454545454547
17,4,Terance Mann,0.0,LAC,ORL,-3.5,219.0,111.3,25,0.8,5.9,9.3,PG/SG,3000,1,0.0,0.0,100,104,0%,1,1,2,8,6,8,2.2,5.3,-1.9,12.5,5.0,2.8,0.9,8.0,2.67,0.0,0.0,0.0,4.0,1.335,7.333333333333333,1.3333333333333333,4.42,5.333333333333333,0.0
17,5,Gary Trent Jr.,0.0,POR,IND,-3.0,220.0,111.5,11,9.0,22.6,48.3,SG/SF,4500,2,15.0,11.0,101,105,-3%,12,10,5,36,29,16,22.6,10.4,0.6,20.2,26.1,14.8,3.3,10.8,2.39,12.6,20.0,2.8,11.7,2.5949999999999998,27.0,9.0,13.1,26.633333333333336,8.666666666666666
17,6,Jaren Jackson Jr.,0.0,MEM,PHO,-2.0,231.5,116.8,28,13.3,29.7,44.5,PF/C,6400,1,24.0,18.0,104,108,-1%,15,14,14,28,27,29,29.7,31.9,22.2,41.7,33.8,29.8,4.7,33.5,5.23,33.3,30.5,5.2,33.4,5.215,28.0,14.333333333333334,31.78,29.166666666666668,36.38214285714286
17,7,JJ Redick,0.0,NO,BOS,1.0,231.5,115.3,7,11.5,18.3,25.0,SG/SF,3500,1,19.0,15.0,102,103,-2%,8,9,11,24,25,28,18.3,23.8,14.2,33.5,23.6,26.0,7.4,17.0,4.86,18.3,23.0,5.2,17.65,5.03,25.666666666666668,9.333333333333334,21.49,18.266666666666666,15.816233766233763
18,0,Devin Booker,0.0,PHO,MEM,2.0,231.5,114.8,20,23.0,48.6,69.0,PG/SG,8100,1,30.0,21.0,105,110,5%,16,20,18,36,37,36,51.5,43.0,30.5,55.4,39.5,48.5,6.0,46.0,5.68,45.1,37.0,5.6,45.55,5.64,36.333333333333336,18.0,45.19,46.86666666666667,46.38577981651376
18,1,Jevon Carter,0.0,PHO,MEM,2.0,231.5,114.8,20,3.0,7.2,11.8,PG/SG,3000,1,14.0,9.0,105,110,4%,3,3,3,11,12,13,7.2,9.7,2.4,16.9,18.8,19.5,6.5,7.3,2.42,7.9,10.5,2.6,7.6,2.51,12.0,3.0,8.76,7.333333333333333,6.6499999999999995
18,2,Solomon Hill,0.0,MEM,PHO,-2.0,231.5,116.8,14,7.8,14.2,22.0,SF/PF,3100,1,14.0,11.0,104,108,4%,5,5,5,17,16,19,14.2,14.6,8.1,21.1,20.1,10.5,3.4,14.5,4.68,13.6,18.0,4.4,14.05,4.54,17.333333333333332,5.0,14.41,14.666666666666666,14.590384615384618
18,3,Gordon Hayward,0.0,BOS,NO,-1.0,231.5,116.3,25,16.3,33.4,49.5,SF/PF,7300,1,21.0,18.0,106,110,2%,13,13,13,33,34,33,33.4,33.2,22.2,44.3,37.5,34.5,4.7,37.5,5.14,37.3,34.5,5.1,37.4,5.119999999999999,33.333333333333336,13.0,34.1,33.06666666666667,38.708999999999996
18,4,Gary Payton II,0.0,WAS,ATL,1.0,241.5,120.3,27,3.8,14.0,23.0,PG/SG,3400,2,14.0,13.0,106,111,0%,1,4,5,10,16,20,13.9,18.0,6.4,29.6,18.4,13.0,3.8,12.3,3.6,13.1,15.0,3.9,12.7,3.75,15.333333333333334,3.3333333333333335,16.12,13.6,12.42391304347826
18,5,Zion Williamson,0.0,NO,BOS,1.0,231.5,115.3,22,26.0,30.4,34.8,PF/C,6200,1,0.0,0.0,102,103,1%,10,10,10,20,20,20,30.4,30.4,24.2,36.6,27.3,39.3,6.3,27.5,4.44,29.6,23.0,4.8,28.55,4.62,20.0,10.0,30.03,30.399999999999995,32.8325
18,6,Jonas Valanciunas,0.0,MEM,PHO,-2.0,231.5,116.8,3,23.0,35.0,43.8,C,6900,1,22.0,22.0,104,108,2%,11,11,11,27,27,26,35.0,34.0,22.1,46.0,25.2,24.8,3.6,36.8,5.33,36.4,27.5,5.3,36.599999999999994,5.3149999999999995,26.666666666666668,11.0,34.739999999999995,33.93333333333333,37.74375
18,7,Vincent Poirier,0.0,BOS,NO,-1.0,231.5,116.3,23,1.3,5.9,14.8,C,3000,1,0.0,0.0,106,110,3%,2,2,2,10,7,6,5.8,5.3,0.2,10.4,9.1,7.8,2.6,9.3,3.08,0.0,0.0,0.0,4.65,1.54,7.666666666666667,2.0,5.2700000000000005,7.333333333333333,0.0
19,0,Damian Lillard,0.0,POR,IND,-3.0,220.0,111.5,16,45.5,62.2,92.0,PG,10400,2,31.0,26.0,101,105,-2%,33,27,20,43,40,38,62.8,49.1,36.7,61.5,38.5,84.0,8.1,48.8,4.69,48.8,36.5,4.7,48.8,4.695,40.333333333333336,26.666666666666668,51.78000000000001,66.56666666666666,44.16198347107438
19,1,Dillon Brooks,0.0,MEM,PHO,-2.0,231.5,116.8,10,8.3,34.2,53.3,SG,5500,1,24.0,13.0,104,108,4%,11,16,14,24,29,28,34.1,26.6,16.3,37.0,36.1,41.3,7.5,27.8,5.05,30.8,32.0,5.6,29.3,5.324999999999999,27.0,13.666666666666666,28.660000000000004,31.933333333333334,34.72592592592593
19,2,Kelly Oubre Jr.,0.0,PHO,MEM,2.0,231.5,114.8,5,18.3,34.8,58.3,SF/PF,6300,1,21.0,15.0,105,110,5%,15,16,15,33,36,35,34.4,34.5,24.0,45.0,38.1,41.3,6.6,36.8,5.83,36.0,37.0,5.7,36.4,5.765000000000001,34.666666666666664,15.333333333333334,34.86,37.13333333333333,38.85
19,3,Doug McDermott,0.0,IND,POR,3.0,220.0,108.5,4,12.8,24.0,32.5,SF/PF,3600,1,18.0,14.0,103,110,7%,9,10,8,25,23,21,24.0,16.6,8.6,24.5,29.9,24.8,6.9,20.0,5.56,21.7,26.0,6.0,20.85,5.779999999999999,23.0,9.0,18.909999999999997,23.099999999999998,23.569565217391307
19,4,Elie Okobo,0.0,PHO,MEM,2.0,231.5,114.8,20,5.3,12.0,25.8,PG,3200,1,17.0,13.0,105,110,4%,6,4,4,23,17,13,12.0,10.8,2.4,19.2,6.5,2.3,0.7,16.5,5.16,13.2,16.5,4.1,14.85,4.63,17.666666666666668,4.666666666666667,11.85,14.366666666666667,13.869339622641506
19,5,Deandre Ayton,0.0,PHO,MEM,2.0,231.5,114.8,26,24.5,43.1,59.8,PF/C,7500,1,22.0,20.0,105,110,4%,12,15,15,33,35,33,43.0,40.2,31.1,49.3,39.5,49.8,6.6,43.3,5.77,43.0,35.0,5.7,43.15,5.734999999999999,33.666666666666664,14.0,41.35,42.46666666666666,44.85891089108911
19,6,Julius Randle,0.0,NY,BKN,-1.0,224.5,112.8,27,33.3,38.7,45.3,PF/C,7600,1,28.0,17.0,105,106,-3%,16,17,16,35,33,33,38.7,37.7,28.7,46.7,33.4,42.8,5.6,43.5,5.72,42.8,33.5,5.6,43.15,5.66,33.666666666666664,16.333333333333332,38.99,39.1,42.93638613861386
19,7,Mikal Bridges,0.0,PHO,MEM,2.0,231.5,114.8,13,6.5,22.5,40.8,SG/SF,3900,1,12.0,13.0,105,110,5%,10,8,5,33,35,24,22.4,17.9,8.6,27.2,25.6,23.0,5.9,23.0,5.9,22.8,32.5,5.8,22.9,5.85,30.666666666666668,7.666666666666667,19.8,23.266666666666666,24.269021739130434
20,0,CJ McCollum,0.0,POR,IND,-3.0,220.0,111.5,16,8.3,29.6,42.0,PG/SG,6800,2,26.0,17.0,101,105,-3%,20,19,19,37,36,37,37.3,36.7,26.0,47.4,35.7,39.3,5.8,33.0,4.85,34.1,34.0,5.0,33.55,4.925,36.666666666666664,19.333333333333332,36.19,26.633333333333336,31.11
20,1,Rodney McGruder,0.0,LAC,ORL,-3.5,219.0,111.3,3,2.3,11.2,18.0,SG/SF,3300,1,10.0,6.0,100,104,1%,5,4,4,18,21,17,11.2,9.8,2.8,16.8,12.3,4.0,1.2,13.5,4.09,9.6,15.0,2.9,11.55,3.495,18.666666666666668,4.333333333333333,10.429999999999998,10.5,9.28125
20,2,Kelly Oubre Jr.,0.0,PHO,MEM,2.0,231.5,114.8,5,18.3,34.8,58.3,SF/PF,6300,1,21.0,15.0,105,110,5%,15,16,15,33,36,35,34.4,34.5,24.0,45.0,38.1,41.3,6.6,36.8,5.83,36.0,37.0,5.7,36.4,5.765000000000001,34.666666666666664,15.333333333333334,34.86,37.13333333333333,38.85
20,3,Doug McDermott,0.0,IND,POR,3.0,220.0,108.5,4,12.8,24.0,32.5,SF/PF,3600,1,18.0,14.0,103,110,7%,9,10,8,25,23,21,24.0,16.6,8.6,24.5,29.9,24.8,6.9,20.0,5.56,21.7,26.0,6.0,20.85,5.779999999999999,23.0,9.0,18.909999999999997,23.099999999999998,23.569565217391307
20,4,Justin Holiday,0.0,IND,POR,3.0,220.0,108.5,20,12.5,20.9,29.3,SG/SF,4000,1,13.0,12.0,103,110,-3%,7,6,7,24,25,26,20.9,18.9,11.5,26.4,21.7,22.5,5.6,19.3,4.81,17.6,25.5,4.4,18.450000000000003,4.605,25.0,6.666666666666667,19.229999999999997,20.900000000000002,18.819000000000003
20,5,Kawhi Leonard,0.0,LAC,ORL,-3.5,219.0,111.3,24,50.8,62.5,70.5,SF,10200,1,35.0,27.0,100,104,-6%,26,24,21,38,34,33,62.8,49.7,39.1,60.3,34.0,64.0,6.3,52.8,5.17,53.9,35.5,5.3,53.349999999999994,5.234999999999999,35.0,23.666666666666668,53.05,61.26666666666667,54.11214285714285
20,6,Anzejs Pasecniks,0.0,WAS,ATL,1.0,241.5,120.3,20,0.0,13.4,23.3,C,3300,2,17.0,13.0,106,111,5%,4,6,6,19,22,22,19.3,18.3,11.5,25.2,15.3,11.5,3.5,15.3,4.62,0.0,0.0,0.0,7.65,2.31,21.0,5.333333333333333,16.39,12.233333333333334,0.0
20,7,Davis Bertans,0.0,WAS,ATL,1.0,241.5,120.3,15,14.8,25.0,36.8,PF,5200,2,18.0,16.0,106,111,19%,14,12,11,29,27,29,24.9,27.7,18.4,37.0,32.7,30.3,5.8,26.8,5.14,27.5,27.5,5.3,27.15,5.22,28.333333333333332,12.333333333333334,27.03,25.53333333333333,26.351470588235294
21,0,Anfernee Simons,0.0,POR,IND,-3.0,220.0,111.5,16,11.3,18.6,26.0,PG/SG,4500,2,19.0,9.0,101,105,-3%,12,10,9,35,31,23,18.6,16.0,8.5,23.6,14.6,3.5,0.8,15.0,3.33,15.0,22.5,3.3,15.0,3.315,29.666666666666668,10.333333333333334,16.34,18.633333333333336,11.376404494382022
21,1,Jeremy Lamb,0.0,IND,POR,3.0,220.0,108.5,20,4.3,20.7,32.5,SG/SF,4400,1,20.0,14.0,103,110,-3%,9,10,11,24,25,30,20.9,26.5,17.5,35.5,33.5,38.5,8.8,25.0,5.68,23.8,27.0,5.4,24.4,5.54,26.333333333333332,10.0,24.96,19.166666666666668,25.01772151898734
21,2,Dario Saric,0.0,PHO,MEM,2.0,231.5,114.8,5,11.3,23.8,35.3,SF/PF,4100,1,17.0,13.0,105,110,-1%,10,10,9,27,28,26,23.8,23.5,11.7,35.3,22.6,14.0,3.4,23.3,5.67,19.0,24.0,4.6,21.15,5.135,27.0,9.666666666666666,23.089999999999996,23.46666666666667,18.8
21,3,Brandon Ingram,0.0,NO,BOS,1.0,231.5,115.3,19,25.5,41.7,69.5,SF/PF,7700,1,29.0,21.0,102,103,-2%,17,18,19,34,37,35,41.8,43.9,33.9,53.9,30.2,26.3,3.4,42.8,5.55,41.1,35.0,5.3,41.95,5.425,35.333333333333336,18.0,43.089999999999996,45.56666666666666,41.55424528301887
21,4,Frank Ntilikina,0.0,NY,BKN,-1.0,224.5,112.8,14,4.0,11.0,17.3,PG,3300,1,16.0,9.0,105,106,10%,6,6,6,13,17,22,10.9,16.0,5.7,26.3,18.5,19.3,5.8,12.8,3.86,11.5,14.5,3.5,12.15,3.6799999999999997,17.333333333333332,6.0,14.210000000000003,10.766666666666666,10.16394230769231
21,5,Moe Harkless,0.0,LAC,ORL,-3.5,219.0,111.3,24,1.3,11.9,21.3,SF/PF,3400,1,10.0,10.0,100,104,-6%,4,4,4,30,24,23,13.8,15.2,8.1,22.3,30.9,21.8,6.4,15.3,4.49,19.0,28.0,5.6,17.15,5.045,25.666666666666668,4.0,15.309999999999999,11.5,18.709090909090907
21,6,Hassan Whiteside,0.0,POR,IND,-3.0,220.0,111.5,25,25.8,43.1,57.8,C,8300,2,19.0,25.0,101,105,3%,10,11,11,38,36,31,43.1,41.8,30.1,53.4,35.7,52.5,6.3,45.3,5.45,45.7,33.5,5.5,45.5,5.475,35.0,10.666666666666666,42.78,42.233333333333334,43.550000000000004
21,7,Landry Shamet,0.0,LAC,ORL,-3.5,219.0,111.3,3,18.0,24.2,35.5,SG/SF,3800,1,13.0,9.0,100,104,1%,13,11,8,40,35,29,24.2,17.5,10.2,24.7,35.9,28.8,7.6,22.5,5.92,21.3,34.5,5.6,21.9,5.76,34.666666666666664,10.666666666666666,19.7,25.900000000000002,21.794711538461538
22,0,Anfernee Simons,0.0,POR,IND,-3.0,220.0,111.5,16,11.3,18.6,26.0,PG/SG,4500,2,19.0,9.0,101,105,-3%,12,10,9,35,31,23,18.6,16.0,8.5,23.6,14.6,3.5,0.8,15.0,3.33,15.0,22.5,3.3,15.0,3.315,29.666666666666668,10.333333333333334,16.34,18.633333333333336,11.376404494382022
22,1,Jevon Carter,0.0,PHO,MEM,2.0,231.5,114.8,20,3.0,7.2,11.8,PG/SG,3000,1,14.0,9.0,105,110,4%,3,3,3,11,12,13,7.2,9.7,2.4,16.9,18.8,19.5,6.5,7.3,2.42,7.9,10.5,2.6,7.6,2.51,12.0,3.0,8.76,7.333333333333333,6.6499999999999995
22,2,Doug McDermott,0.0,IND,POR,3.0,220.0,108.5,4,12.8,24.0,32.5,SF/PF,3600,1,18.0,14.0,103,110,7%,9,10,8,25,23,21,24.0,16.6,8.6,24.5,29.9,24.8,6.9,20.0,5.56,21.7,26.0,6.0,20.85,5.779999999999999,23.0,9.0,18.909999999999997,23.099999999999998,23.569565217391307
22,3,Kevin Knox II,0.0,NY,BKN,-1.0,224.5,112.8,23,5.5,10.0,16.0,SF/PF,3000,1,18.0,10.0,105,106,-11%,5,5,7,11,13,19,10.0,14.9,7.7,22.1,14.6,9.0,3.0,10.8,3.58,10.1,14.0,3.4,10.45,3.49,14.333333333333334,5.666666666666667,13.030000000000001,10.5,10.206976744186045
22,4,Damian Lillard,0.0,POR,IND,-3.0,220.0,111.5,16,45.5,62.2,92.0,PG,10400,2,31.0,26.0,101,105,-2%,33,27,20,43,40,38,62.8,49.1,36.7,61.5,38.5,84.0,8.1,48.8,4.69,48.8,36.5,4.7,48.8,4.695,40.333333333333336,26.666666666666668,51.78000000000001,66.56666666666666,44.16198347107438
22,5,Trevor Ariza,0.0,POR,IND,-3.0,220.0,111.5,17,8.3,24.3,38.3,SF/PF,5000,2,16.0,10.0,101,105,-16%,7,7,6,27,29,26,24.3,18.0,7.9,28.1,32.0,12.5,2.5,24.3,4.85,21.1,31.5,4.2,22.700000000000003,4.525,27.333333333333332,6.666666666666667,20.200000000000003,23.633333333333336,26.160365853658544
22,6,Jaxson Hayes,0.0,NO,BOS,1.0,231.5,115.3,18,2.3,16.0,27.8,C,3400,1,15.0,19.0,102,103,1%,3,3,5,11,14,20,16.0,19.5,10.8,28.1,10.6,9.8,2.9,11.5,3.38,10.6,11.5,3.1,11.05,3.24,15.0,3.6666666666666665,17.09,15.366666666666667,8.471666666666668
22,7,T.J. McConnell,0.0,IND,POR,3.0,220.0,108.5,30,8.3,25.5,40.5,PG,5000,1,20.0,17.0,103,110,10%,7,6,6,28,24,19,25.4,19.7,11.5,27.9,27.9,24.8,5.0,27.5,5.5,27.6,28.0,5.5,27.55,5.5,23.666666666666668,6.333333333333333,22.41,24.766666666666666,32.59436619718309
23,0,Tyus Jones,0.0,MEM,PHO,-2.0,231.5,116.8,11,3.3,11.1,19.8,PG,3200,1,18.0,14.0,104,108,3%,4,5,6,16,14,19,11.1,16.6,8.6,24.5,16.3,20.5,6.4,14.5,4.53,13.3,15.5,4.2,13.9,4.365,16.333333333333332,5.0,14.940000000000001,11.4,13.190816326530614
23,1,Javonte Green,0.0,BOS,NO,-1.0,231.5,116.3,17,5.3,13.6,22.0,SG,3300,1,15.0,14.0,106,110,6%,6,5,3,24,17,9,13.6,7.1,1.1,13.0,16.2,16.5,5.0,10.5,3.18,10.7,12.0,3.2,10.6,3.1900000000000004,16.666666666666668,4.666666666666667,9.080000000000002,13.633333333333333,7.631999999999999
23,2,Brandon Clarke,0.0,MEM,PHO,-2.0,231.5,116.8,28,12.0,23.0,35.8,PF/C,4700,1,19.0,22.0,104,108,-1%,8,7,8,24,24,22,23.0,24.5,17.3,31.7,23.2,24.3,5.2,27.0,5.74,25.8,24.0,5.5,26.4,5.62,23.333333333333332,7.666666666666667,24.580000000000002,23.599999999999998,27.154285714285713
23,3,Cam Reddish,0.0,ATL,WAS,-1.0,241.5,121.3,27,10.8,27.5,44.8,SG/SF,4500,1,18.0,7.0,105,113,3%,10,11,9,28,31,27,27.5,19.3,10.4,28.2,22.6,19.0,4.2,20.8,4.61,21.5,29.0,4.8,21.15,4.705,28.666666666666668,10.0,21.310000000000002,27.7,21.395930232558136
23,4,Frank Jackson,0.0,NO,BOS,1.0,231.5,115.3,7,0.0,8.1,16.3,PG,3000,1,20.0,8.0,102,103,-10%,1,3,5,6,14,14,8.1,9.5,0.3,18.7,9.8,4.5,1.5,3.5,1.17,0.0,0.0,0.0,1.75,0.585,11.333333333333334,3.0,7.669999999999999,8.133333333333333,0.0
23,5,Zion Williamson,0.0,NO,BOS,1.0,231.5,115.3,22,26.0,30.4,34.8,PF/C,6200,1,0.0,0.0,102,103,1%,10,10,10,20,20,20,30.4,30.4,24.2,36.6,27.3,39.3,6.3,27.5,4.44,29.6,23.0,4.8,28.55,4.62,20.0,10.0,30.03,30.399999999999995,32.8325
23,6,Jaren Jackson Jr.,0.0,MEM,PHO,-2.0,231.5,116.8,28,13.3,29.7,44.5,PF/C,6400,1,24.0,18.0,104,108,-1%,15,14,14,28,27,29,29.7,31.9,22.2,41.7,33.8,29.8,4.7,33.5,5.23,33.3,30.5,5.2,33.4,5.215,28.0,14.333333333333334,31.78,29.166666666666668,36.38214285714286
23,7,Ivica Zubac,0.0,LAC,ORL,-3.5,219.0,111.3,14,9.8,19.1,23.8,C,3900,1,17.0,21.0,100,104,-7%,7,6,6,17,18,18,19.1,20.7,12.6,28.7,21.3,21.8,5.6,18.8,4.81,19.0,17.5,4.9,18.9,4.855,17.666666666666668,6.333333333333333,20.0,17.566666666666666,18.721698113207545
24,0,T.J. McConnell,0.0,IND,POR,3.0,220.0,108.5,30,8.3,25.5,40.5,PG,5000,1,20.0,17.0,103,110,10%,7,6,6,28,24,19,25.4,19.7,11.5,27.9,27.9,24.8,5.0,27.5,5.5,27.6,28.0,5.5,27.55,5.5,23.666666666666668,6.333333333333333,22.41,24.766666666666666,32.59436619718309
24,1,Joe Harris,0.0,BKN,NY,1.0,224.5,111.8,16,15.0,18.4,28.0,SG/SF,4400,0,17.0,12.0,101,111,2%,9,9,11,31,31,32,18.4,25.0,16.9,33.0,31.6,21.0,4.8,26.5,6.02,25.3,31.5,5.8,25.9,5.91,31.333333333333332,9.666666666666666,23.840000000000003,20.466666666666665,26.03776595744681
24,2,Dario Saric,0.0,PHO,MEM,2.0,231.5,114.8,5,11.3,23.8,35.3,SF/PF,4100,1,17.0,13.0,105,110,-1%,10,10,9,27,28,26,23.8,23.5,11.7,35.3,22.6,14.0,3.4,23.3,5.67,19.0,24.0,4.6,21.15,5.135,27.0,9.666666666666666,23.089999999999996,23.46666666666667,18.8
24,3,Brandon Ingram,0.0,NO,BOS,1.0,231.5,115.3,19,25.5,41.7,69.5,SF/PF,7700,1,29.0,21.0,102,103,-2%,17,18,19,34,37,35,41.8,43.9,33.9,53.9,30.2,26.3,3.4,42.8,5.55,41.1,35.0,5.3,41.95,5.425,35.333333333333336,18.0,43.089999999999996,45.56666666666666,41.55424528301887
24,4,Timothe Luwawu-Cabarrot,0.0,BKN,NY,1.0,224.5,111.8,16,1.3,10.2,17.0,SG/SF,3100,0,13.0,7.0,101,111,0%,3,3,4,10,14,17,10.2,10.3,2.9,17.7,2.6,3.5,1.1,7.0,2.26,8.7,13.0,2.8,7.85,2.53,13.666666666666666,3.3333333333333335,9.790000000000001,9.5,7.467073170731707
24,5,Caris LeVert,0.0,BKN,NY,1.0,224.5,111.8,18,13.8,22.3,32.0,PG/SF,5000,0,28.0,11.0,101,111,0%,11,12,14,23,24,27,22.3,25.6,17.2,34.0,22.8,16.8,3.4,25.8,5.15,26.7,26.5,5.3,26.25,5.225,24.666666666666668,12.333333333333334,25.07,22.7,28.20101351351351
24,6,Nikola Vucevic,0.0,ORL,LAC,3.5,219.0,107.8,27,36.8,44.3,55.3,C,8500,1,26.0,22.0,105,105,3%,19,18,17,35,33,32,44.3,43.4,34.4,52.4,26.5,26.5,3.1,41.8,4.91,46.1,32.5,5.4,43.95,5.155,33.333333333333336,18.0,43.69,45.46666666666666,42.85125
24,7,Solomon Hill,0.0,MEM,PHO,-2.0,231.5,116.8,14,7.8,14.2,22.0,SF/PF,3100,1,14.0,11.0,104,108,4%,5,5,5,17,16,19,14.2,14.6,8.1,21.1,20.1,10.5,3.4,14.5,4.68,13.6,18.0,4.4,14.05,4.54,17.333333333333332,5.0,14.41,14.666666666666666,14.590384615384618
25,0,Brandon Goodwin,0.0,ATL,WAS,-1.0,241.5,121.3,24,1.3,11.0,28.3,PG/SG,3600,1,0.0,0.0,105,113,5%,10,6,6,17,11,13,11.0,12.6,1.7,23.5,11.7,16.3,4.5,7.5,2.08,0.0,0.0,0.0,3.75,1.04,13.666666666666666,7.333333333333333,10.510000000000002,13.533333333333333,0.0
25,1,Bradley Beal,0.0,WAS,ATL,1.0,241.5,120.3,23,23.0,41.3,58.8,SG/SF,8200,2,33.0,22.0,106,111,4%,23,21,22,34,31,36,43.3,46.7,35.2,58.1,38.5,53.8,6.6,45.5,5.55,46.0,33.5,5.6,45.75,5.574999999999999,33.666666666666664,22.0,45.81,41.03333333333333,45.52351485148515
25,2,Aaron Gordon,0.0,ORL,LAC,3.5,219.0,107.8,9,18.5,25.1,31.5,SF/PF,5700,1,21.0,13.0,105,105,-4%,12,11,12,37,34,32,25.1,30.2,21.7,38.8,33.6,33.5,5.9,33.0,5.79,32.0,34.0,5.6,32.5,5.695,34.333333333333336,11.666666666666666,29.660000000000004,25.03333333333333,32.18446601941747
25,3,JJ Redick,0.0,NO,BOS,1.0,231.5,115.3,7,11.5,18.3,25.0,SG/SF,3500,1,19.0,15.0,102,103,-2%,8,9,11,24,25,28,18.3,23.8,14.2,33.5,23.6,26.0,7.4,17.0,4.86,18.3,23.0,5.2,17.65,5.03,25.666666666666668,9.333333333333334,21.49,18.266666666666666,15.816233766233763
25,4,Garrett Temple,0.0,BKN,NY,1.0,224.5,111.8,16,8.8,16.0,23.3,SG,3600,0,17.0,10.0,101,111,0%,7,7,10,20,22,29,15.9,21.1,12.3,30.0,33.7,24.8,6.9,18.5,5.14,19.6,27.0,5.4,19.05,5.27,23.666666666666668,8.0,19.669999999999998,16.033333333333335,21.733098591549297
25,5,JaMychal Green,0.0,LAC,ORL,-3.5,219.0,111.3,2,9.3,21.4,33.3,PF,4100,1,14.0,11.0,100,104,-3%,5,6,6,22,21,22,21.4,19.0,10.1,28.0,15.4,8.8,2.1,19.5,4.76,18.2,20.5,4.4,18.85,4.58,21.666666666666668,5.666666666666667,19.47,21.333333333333332,17.835
25,6,Goga Bitadze,0.0,IND,POR,3.0,220.0,108.5,10,4.5,6.1,6.8,C,3000,1,16.0,12.0,103,110,4%,3,3,3,7,7,9,6.0,8.0,-0.1,16.1,5.1,1.5,0.5,18.8,6.25,12.2,13.0,4.1,15.5,5.175,7.666666666666667,3.0,9.1,5.8,26.282608695652176
25,7,Gordon Hayward,0.0,BOS,NO,-1.0,231.5,116.3,25,16.3,33.4,49.5,SF/PF,7300,1,21.0,18.0,106,110,2%,13,13,13,33,34,33,33.4,33.2,22.2,44.3,37.5,34.5,4.7,37.5,5.14,37.3,34.5,5.1,37.4,5.119999999999999,33.333333333333336,13.0,34.1,33.06666666666667,38.708999999999996
26,0,Ja Morant,0.0,MEM,PHO,-2.0,231.5,116.8,11,9.8,33.7,48.8,PG,6600,1,27.0,18.0,104,108,3%,8,11,14,28,32,30,33.7,34.2,23.6,44.9,33.9,41.8,6.3,37.5,5.68,38.8,32.5,5.9,38.15,5.79,30.0,11.0,34.910000000000004,30.766666666666666,41.329166666666666
26,1,Anfernee Simons,0.0,POR,IND,-3.0,220.0,111.5,16,11.3,18.6,26.0,PG/SG,4500,2,19.0,9.0,101,105,-3%,12,10,9,35,31,23,18.6,16.0,8.5,23.6,14.6,3.5,0.8,15.0,3.33,15.0,22.5,3.3,15.0,3.315,29.666666666666668,10.333333333333334,16.34,18.633333333333336,11.376404494382022
26,2,Doug McDermott,0.0,IND,POR,3.0,220.0,108.5,4,12.8,24.0,32.5,SF/PF,3600,1,18.0,14.0,103,110,7%,9,10,8,25,23,21,24.0,16.6,8.6,24.5,29.9,24.8,6.9,20.0,5.56,21.7,26.0,6.0,20.85,5.779999999999999,23.0,9.0,18.909999999999997,23.099999999999998,23.569565217391307
26,3,Rodions Kurucs,0.0,BKN,NY,1.0,224.5,111.8,13,3.8,9.9,15.3,SF/PF,3100,0,15.0,9.0,101,111,9%,2,4,4,14,15,14,9.9,10.0,3.7,16.2,21.5,22.8,7.4,7.5,2.42,0.0,0.0,0.0,3.75,1.21,14.333333333333334,3.3333333333333335,8.709999999999999,9.666666666666666,0.0
26,4,Jordan McRae,0.0,WAS,ATL,1.0,241.5,120.3,27,5.8,17.7,28.3,PG/SG,4600,2,25.0,15.0,106,111,4%,12,10,11,26,22,24,17.7,24.5,11.4,37.7,17.8,28.8,6.3,21.8,4.73,24.9,23.5,5.4,23.35,5.065,24.0,11.0,22.93,17.266666666666666,22.86354166666667
26,5,Taurean Prince,0.0,BKN,NY,1.0,224.5,111.8,24,15.0,25.8,33.8,PF,5300,0,20.0,10.0,101,111,2%,10,11,12,26,28,30,25.8,27.0,17.7,36.2,28.5,24.3,4.6,27.8,5.24,28.5,30.0,5.4,28.15,5.32,28.0,11.0,26.97,24.866666666666664,30.160714285714285
26,6,Derrick Favors,0.0,NO,BOS,1.0,231.5,115.3,18,14.0,31.7,50.3,C,5400,1,16.0,20.0,102,103,1%,7,8,8,25,25,26,31.7,30.4,19.0,41.7,27.7,36.0,6.7,29.8,5.51,30.9,27.5,5.7,30.35,5.605,25.333333333333332,7.666666666666667,30.630000000000003,32.0,32.94572368421053
26,7,Kelly Oubre Jr.,0.0,PHO,MEM,2.0,231.5,114.8,5,18.3,34.8,58.3,SF/PF,6300,1,21.0,15.0,105,110,5%,15,16,15,33,36,35,34.4,34.5,24.0,45.0,38.1,41.3,6.6,36.8,5.83,36.0,37.0,5.7,36.4,5.765000000000001,34.666666666666664,15.333333333333334,34.86,37.13333333333333,38.85
27,0,Damian Lillard,0.0,POR,IND,-3.0,220.0,111.5,16,45.5,62.2,92.0,PG,10400,2,31.0,26.0,101,105,-2%,33,27,20,43,40,38,62.8,49.1,36.7,61.5,38.5,84.0,8.1,48.8,4.69,48.8,36.5,4.7,48.8,4.695,40.333333333333336,26.666666666666668,51.78000000000001,66.56666666666666,44.16198347107438
27,1,Cam Reddish,0.0,ATL,WAS,-1.0,241.5,121.3,27,10.8,27.5,44.8,SG/SF,4500,1,18.0,7.0,105,113,3%,10,11,9,28,31,27,27.5,19.3,10.4,28.2,22.6,19.0,4.2,20.8,4.61,21.5,29.0,4.8,21.15,4.705,28.666666666666668,10.0,21.310000000000002,27.7,21.395930232558136
27,2,T.J. Warren,0.0,IND,POR,3.0,220.0,108.5,4,10.3,34.3,53.3,SF/PF,6000,1,22.0,17.0,103,110,7%,21,15,15,33,31,33,34.3,29.1,18.4,39.8,29.1,22.5,3.8,31.0,5.17,30.6,33.0,5.1,30.8,5.135,32.333333333333336,17.0,30.48,32.63333333333333,31.43505154639175
27,3,Damyean Dotson,0.0,NY,BKN,-1.0,224.5,112.8,23,2.5,16.3,25.3,SF,3400,1,17.0,11.0,105,106,0%,12,9,6,27,22,17,16.3,12.3,4.6,19.9,19.4,9.5,2.8,18.0,5.29,18.0,24.5,5.3,18.0,5.295,22.0,9.0,14.219999999999999,14.700000000000001,20.045454545454547
27,4,Frank Ntilikina,0.0,NY,BKN,-1.0,224.5,112.8,14,4.0,11.0,17.3,PG,3300,1,16.0,9.0,105,106,10%,6,6,6,13,17,22,10.9,16.0,5.7,26.3,18.5,19.3,5.8,12.8,3.86,11.5,14.5,3.5,12.15,3.6799999999999997,17.333333333333332,6.0,14.210000000000003,10.766666666666666,10.16394230769231
27,5,Aaron Gordon,0.0,ORL,LAC,3.5,219.0,107.8,9,18.5,25.1,31.5,SF/PF,5700,1,21.0,13.0,105,105,-4%,12,11,12,37,34,32,25.1,30.2,21.7,38.8,33.6,33.5,5.9,33.0,5.79,32.0,34.0,5.6,32.5,5.695,34.333333333333336,11.666666666666666,29.660000000000004,25.03333333333333,32.18446601941747
27,6,Deandre Ayton,0.0,PHO,MEM,2.0,231.5,114.8,26,24.5,43.1,59.8,PF/C,7500,1,22.0,20.0,105,110,4%,12,15,15,33,35,33,43.0,40.2,31.1,49.3,39.5,49.8,6.6,43.3,5.77,43.0,35.0,5.7,43.15,5.734999999999999,33.666666666666664,14.0,41.35,42.46666666666666,44.85891089108911
27,7,E'Twaun Moore,0.0,NO,BOS,1.0,231.5,115.3,7,7.0,14.1,22.0,SG/SF,3300,1,21.0,13.0,102,103,-4%,5,8,10,14,19,22,14.1,18.7,10.4,27.1,4.8,3.5,1.1,12.0,3.64,12.0,14.5,3.6,12.0,3.62,18.333333333333332,7.666666666666667,16.46,14.366666666666667,9.49090909090909
29,0,Elfrid Payton,0.0,NY,BKN,-1.0,224.5,112.8,14,21.5,31.8,39.0,PG,5500,1,22.0,14.0,105,106,10%,9,10,10,33,30,27,31.8,27.5,18.7,36.2,29.5,32.8,6.0,34.0,6.18,34.1,32.0,6.2,34.05,6.1899999999999995,30.0,9.666666666666666,29.65,30.766666666666666,36.32
29,1,Bradley Beal,0.0,WAS,ATL,1.0,241.5,120.3,23,23.0,41.3,58.8,SG/SF,8200,2,33.0,22.0,106,111,4%,23,21,22,34,31,36,43.3,46.7,35.2,58.1,38.5,53.8,6.6,45.5,5.55,46.0,33.5,5.6,45.75,5.574999999999999,33.666666666666664,22.0,45.81,41.03333333333333,45.52351485148515
29,2,Bobby Portis,0.0,NY,BKN,-1.0,224.5,112.8,27,5.0,17.3,24.8,PF/C,3600,1,21.0,15.0,105,106,-3%,8,8,9,23,20,22,17.3,21.5,11.4,31.5,18.1,16.0,4.4,24.0,6.67,21.1,20.0,5.9,22.55,6.285,21.666666666666668,8.333333333333334,20.85,15.700000000000001,20.815384615384612
29,3,Josh Hart,0.0,NO,BOS,1.0,231.5,115.3,7,20.3,27.9,41.8,SG/SF,3900,1,16.0,12.0,102,103,-4%,9,9,9,26,32,29,28.4,25.4,17.1,33.7,28.5,26.5,6.8,19.5,5.0,20.2,26.0,5.2,19.85,5.1,29.0,9.0,24.889999999999997,30.0,17.796551724137935
29,4,Reggie Bullock,0.0,NY,BKN,-1.0,224.5,112.8,25,7.8,15.4,25.8,SG/SF,3900,1,18.0,12.0,105,106,-11%,7,9,10,22,26,25,15.4,17.8,11.1,24.4,31.4,20.8,5.3,18.0,4.62,17.9,23.5,4.6,17.95,4.609999999999999,24.333333333333332,8.666666666666666,17.330000000000002,16.333333333333332,17.33527397260274
29,5,Solomon Hill,0.0,MEM,PHO,-2.0,231.5,116.8,14,7.8,14.2,22.0,SF/PF,3100,1,14.0,11.0,104,108,4%,5,5,5,17,16,19,14.2,14.6,8.1,21.1,20.1,10.5,3.4,14.5,4.68,13.6,18.0,4.4,14.05,4.54,17.333333333333332,5.0,14.41,14.666666666666666,14.590384615384618
29,6,Deandre Ayton,0.0,PHO,MEM,2.0,231.5,114.8,26,24.5,43.1,59.8,PF/C,7500,1,22.0,20.0,105,110,4%,12,15,15,33,35,33,43.0,40.2,31.1,49.3,39.5,49.8,6.6,43.3,5.77,43.0,35.0,5.7,43.15,5.734999999999999,33.666666666666664,14.0,41.35,42.46666666666666,44.85891089108911
29,7,Mo Bamba,0.0,ORL,LAC,3.5,219.0,107.8,27,8.0,14.0,26.3,C,3200,1,16.0,15.0,105,105,3%,3,4,5,13,15,15,14.0,16.0,8.8,23.2,20.4,25.0,7.8,11.0,3.44,16.1,15.5,5.0,13.55,4.22,14.333333333333334,4.0,15.11,16.099999999999998,14.652906976744186
30,0,T.J. McConnell,0.0,IND,POR,3.0,220.0,108.5,30,8.3,25.5,40.5,PG,5000,1,20.0,17.0,103,110,10%,7,6,6,28,24,19,25.4,19.7,11.5,27.9,27.9,24.8,5.0,27.5,5.5,27.6,28.0,5.5,27.55,5.5,23.666666666666668,6.333333333333333,22.41,24.766666666666666,32.59436619718309
30,1,Josh Hart,0.0,NO,BOS,1.0,231.5,115.3,7,20.3,27.9,41.8,SG/SF,3900,1,16.0,12.0,102,103,-4%,9,9,9,26,32,29,28.4,25.4,17.1,33.7,28.5,26.5,6.8,19.5,5.0,20.2,26.0,5.2,19.85,5.1,29.0,9.0,24.889999999999997,30.0,17.796551724137935
30,2,Kevin Knox II,0.0,NY,BKN,-1.0,224.5,112.8,23,5.5,10.0,16.0,SF/PF,3000,1,18.0,10.0,105,106,-11%,5,5,7,11,13,19,10.0,14.9,7.7,22.1,14.6,9.0,3.0,10.8,3.58,10.1,14.0,3.4,10.45,3.49,14.333333333333334,5.666666666666667,13.030000000000001,10.5,10.206976744186045
30,3,Troy Brown Jr.,0.0,WAS,ATL,1.0,241.5,120.3,3,7.3,20.5,39.5,SF/PF,4400,2,17.0,14.0,106,111,19%,7,7,9,23,23,26,20.4,23.6,12.8,34.5,31.7,27.3,6.2,25.0,5.68,24.4,25.0,5.5,24.7,5.59,24.0,7.666666666666667,23.2,22.433333333333334,25.729166666666664
30,4,Michael Carter-Williams,0.0,ORL,LAC,3.5,219.0,107.8,5,3.5,13.9,25.5,PG/SG,3400,1,20.0,14.0,105,105,-1%,9,7,6,16,14,17,13.8,15.8,8.4,23.2,22.7,36.3,10.7,17.5,5.15,18.2,19.0,5.4,17.85,5.275,15.666666666666666,7.333333333333333,15.809999999999999,14.299999999999999,21.647872340425533
30,5,Bradley Beal,0.0,WAS,ATL,1.0,241.5,120.3,23,23.0,41.3,58.8,SG/SF,8200,2,33.0,22.0,106,111,4%,23,21,22,34,31,36,43.3,46.7,35.2,58.1,38.5,53.8,6.6,45.5,5.55,46.0,33.5,5.6,45.75,5.574999999999999,33.666666666666664,22.0,45.81,41.03333333333333,45.52351485148515
30,6,Hassan Whiteside,0.0,POR,IND,-3.0,220.0,111.5,25,25.8,43.1,57.8,C,8300,2,19.0,25.0,101,105,3%,10,11,11,38,36,31,43.1,41.8,30.1,53.4,35.7,52.5,6.3,45.3,5.45,45.7,33.5,5.5,45.5,5.475,35.0,10.666666666666666,42.78,42.233333333333334,43.550000000000004
30,7,Jeremy Lamb,0.0,IND,POR,3.0,220.0,108.5,20,4.3,20.7,32.5,SG/SF,4400,1,20.0,14.0,103,110,-3%,9,10,11,24,25,30,20.9,26.5,17.5,35.5,33.5,38.5,8.8,25.0,5.68,23.8,27.0,5.4,24.4,5.54,26.333333333333332,10.0,24.96,19.166666666666668,25.01772151898734
31,0,Brandon Goodwin,0.0,ATL,WAS,-1.0,241.5,121.3,24,1.3,11.0,28.3,PG/SG,3600,1,0.0,0.0,105,113,5%,10,6,6,17,11,13,11.0,12.6,1.7,23.5,11.7,16.3,4.5,7.5,2.08,0.0,0.0,0.0,3.75,1.04,13.666666666666666,7.333333333333333,10.510000000000002,13.533333333333333,0.0
31,1,Kevin Huerter,0.0,ATL,WAS,-1.0,241.5,121.3,27,3.5,21.3,28.5,SG,5100,1,18.0,12.0,105,113,8%,10,11,10,33,31,29,21.3,25.2,14.6,35.7,38.5,34.0,6.7,30.5,5.98,30.3,32.5,5.9,30.4,5.94,31.0,10.333333333333334,25.439999999999998,17.766666666666666,31.870967741935484
31,2,Vince Carter,0.0,ATL,WAS,-1.0,241.5,121.3,12,4.5,11.5,22.3,SF/PF,3000,1,16.0,6.0,105,113,8%,5,5,5,12,13,15,11.4,10.3,3.3,17.2,15.6,16.3,5.4,10.0,3.33,8.6,11.5,2.9,9.3,3.115,13.333333333333334,5.0,10.3,12.766666666666666,8.02125
31,3,Kelly Oubre Jr.,0.0,PHO,MEM,2.0,231.5,114.8,5,18.3,34.8,58.3,SF/PF,6300,1,21.0,15.0,105,110,5%,15,16,15,33,36,35,34.4,34.5,24.0,45.0,38.1,41.3,6.6,36.8,5.83,36.0,37.0,5.7,36.4,5.765000000000001,34.666666666666664,15.333333333333334,34.86,37.13333333333333,38.85
31,4,Javonte Green,0.0,BOS,NO,-1.0,231.5,116.3,17,5.3,13.6,22.0,SG,3300,1,15.0,14.0,106,110,6%,6,5,3,24,17,9,13.6,7.1,1.1,13.0,16.2,16.5,5.0,10.5,3.18,10.7,12.0,3.2,10.6,3.1900000000000004,16.666666666666668,4.666666666666667,9.080000000000002,13.633333333333333,7.631999999999999
31,5,Dario Saric,0.0,PHO,MEM,2.0,231.5,114.8,5,11.3,23.8,35.3,SF/PF,4100,1,17.0,13.0,105,110,-1%,10,10,9,27,28,26,23.8,23.5,11.7,35.3,22.6,14.0,3.4,23.3,5.67,19.0,24.0,4.6,21.15,5.135,27.0,9.666666666666666,23.089999999999996,23.46666666666667,18.8
31,6,Jaxson Hayes,0.0,NO,BOS,1.0,231.5,115.3,18,2.3,16.0,27.8,C,3400,1,15.0,19.0,102,103,1%,3,3,5,11,14,20,16.0,19.5,10.8,28.1,10.6,9.8,2.9,11.5,3.38,10.6,11.5,3.1,11.05,3.24,15.0,3.6666666666666665,17.09,15.366666666666667,8.471666666666668
31,7,Julius Randle,0.0,NY,BKN,-1.0,224.5,112.8,27,33.3,38.7,45.3,PF/C,7600,1,28.0,17.0,105,106,-3%,16,17,16,35,33,33,38.7,37.7,28.7,46.7,33.4,42.8,5.6,43.5,5.72,42.8,33.5,5.6,43.15,5.66,33.666666666666664,16.333333333333332,38.99,39.1,42.93638613861386
32,0,Trae Young,0.0,ATL,WAS,-1.0,241.5,121.3,24,37.5,57.3,73.0,PG,9500,1,36.0,24.0,105,113,5%,20,19,22,36,35,36,57.3,52.6,39.3,65.9,39.0,77.5,8.2,57.0,6.0,58.4,36.0,6.1,57.7,6.05,35.666666666666664,20.333333333333332,54.56,55.93333333333334,58.2392523364486
32,1,JJ Redick,0.0,NO,BOS,1.0,231.5,115.3,7,11.5,18.3,25.0,SG/SF,3500,1,19.0,15.0,102,103,-2%,8,9,11,24,25,28,18.3,23.8,14.2,33.5,23.6,26.0,7.4,17.0,4.86,18.3,23.0,5.2,17.65,5.03,25.666666666666668,9.333333333333334,21.49,18.266666666666666,15.816233766233763
32,2,Domantas Sabonis,0.0,IND,POR,3.0,220.0,108.5,6,19.8,38.4,56.8,PF/C,8700,1,23.0,21.0,103,110,4%,12,14,14,35,35,34,46.4,43.8,35.0,52.5,41.0,66.0,7.6,46.0,5.29,46.1,34.5,5.3,46.05,5.295,34.666666666666664,13.333333333333334,44.75,38.333333333333336,45.82860576923077
32,3,Timothe Luwawu-Cabarrot,0.0,BKN,NY,1.0,224.5,111.8,16,1.3,10.2,17.0,SG/SF,3100,0,13.0,7.0,101,111,0%,3,3,4,10,14,17,10.2,10.3,2.9,17.7,2.6,3.5,1.1,7.0,2.26,8.7,13.0,2.8,7.85,2.53,13.666666666666666,3.3333333333333335,9.790000000000001,9.5,7.467073170731707
32,4,Ricky Rubio,0.0,PHO,MEM,2.0,231.5,114.8,20,14.5,32.4,65.5,PG,6500,1,23.0,16.0,105,110,4%,9,11,12,29,33,33,32.4,36.2,24.7,47.7,31.0,21.3,3.3,34.5,5.31,34.5,33.5,5.3,34.5,5.305,31.666666666666668,10.666666666666666,35.1,37.46666666666667,36.497368421052634
32,5,Reggie Bullock,0.0,NY,BKN,-1.0,224.5,112.8,25,7.8,15.4,25.8,SG/SF,3900,1,18.0,12.0,105,106,-11%,7,9,10,22,26,25,15.4,17.8,11.1,24.4,31.4,20.8,5.3,18.0,4.62,17.9,23.5,4.6,17.95,4.609999999999999,24.333333333333332,8.666666666666666,17.330000000000002,16.333333333333332,17.33527397260274
32,6,Jarrett Allen,0.0,BKN,NY,1.0,224.5,111.8,8,19.0,33.6,50.8,C,6100,0,15.0,20.0,101,111,-3%,11,8,7,35,32,28,33.6,30.6,19.4,41.8,31.6,14.3,2.3,35.8,5.86,35.5,32.5,5.8,35.65,5.83,31.666666666666668,8.666666666666666,32.21,34.46666666666667,36.58815789473684
32,7,Josh Hart,0.0,NO,BOS,1.0,231.5,115.3,7,20.3,27.9,41.8,SG/SF,3900,1,16.0,12.0,102,103,-4%,9,9,9,26,32,29,28.4,25.4,17.1,33.7,28.5,26.5,6.8,19.5,5.0,20.2,26.0,5.2,19.85,5.1,29.0,9.0,24.889999999999997,30.0,17.796551724137935
35,0,Frank Ntilikina,0.0,NY,BKN,-1.0,224.5,112.8,14,4.0,11.0,17.3,PG,3300,1,16.0,9.0,105,106,10%,6,6,6,13,17,22,10.9,16.0,5.7,26.3,18.5,19.3,5.8,12.8,3.86,11.5,14.5,3.5,12.15,3.6799999999999997,17.333333333333332,6.0,14.210000000000003,10.766666666666666,10.16394230769231
35,1,Rodney McGruder,0.0,LAC,ORL,-3.5,219.0,111.3,3,2.3,11.2,18.0,SG/SF,3300,1,10.0,6.0,100,104,1%,5,4,4,18,21,17,11.2,9.8,2.8,16.8,12.3,4.0,1.2,13.5,4.09,9.6,15.0,2.9,11.55,3.495,18.666666666666668,4.333333333333333,10.429999999999998,10.5,9.28125
35,2,Kevin Knox II,0.0,NY,BKN,-1.0,224.5,112.8,23,5.5,10.0,16.0,SF/PF,3000,1,18.0,10.0,105,106,-11%,5,5,7,11,13,19,10.0,14.9,7.7,22.1,14.6,9.0,3.0,10.8,3.58,10.1,14.0,3.4,10.45,3.49,14.333333333333334,5.666666666666667,13.030000000000001,10.5,10.206976744186045
35,3,Kawhi Leonard,0.0,LAC,ORL,-3.5,219.0,111.3,24,50.8,62.5,70.5,SF,10200,1,35.0,27.0,100,104,-6%,26,24,21,38,34,33,62.8,49.7,39.1,60.3,34.0,64.0,6.3,52.8,5.17,53.9,35.5,5.3,53.349999999999994,5.234999999999999,35.0,23.666666666666668,53.05,61.26666666666667,54.11214285714285
35,4,Elfrid Payton,0.0,NY,BKN,-1.0,224.5,112.8,14,21.5,31.8,39.0,PG,5500,1,22.0,14.0,105,106,10%,9,10,10,33,30,27,31.8,27.5,18.7,36.2,29.5,32.8,6.0,34.0,6.18,34.1,32.0,6.2,34.05,6.1899999999999995,30.0,9.666666666666666,29.65,30.766666666666666,36.32
35,5,Grant Williams,0.0,BOS,NO,-1.0,231.5,116.3,25,0.8,9.7,25.0,SF/PF,3600,1,13.0,7.0,106,110,6%,4,3,3,18,12,15,9.7,9.3,2.3,16.3,9.1,6.8,1.9,16.8,4.65,16.0,22.0,4.4,16.4,4.525,15.0,3.3333333333333335,10.799999999999999,11.833333333333334,24.05333333333333
35,6,Ivica Zubac,0.0,LAC,ORL,-3.5,219.0,111.3,14,9.8,19.1,23.8,C,3900,1,17.0,21.0,100,104,-7%,7,6,6,17,18,18,19.1,20.7,12.6,28.7,21.3,21.8,5.6,18.8,4.81,19.0,17.5,4.9,18.9,4.855,17.666666666666668,6.333333333333333,20.0,17.566666666666666,18.721698113207545
35,7,Marcus Morris Sr.,0.0,NY,BKN,-1.0,224.5,112.8,23,24.8,30.2,39.0,SF/PF,5900,1,23.0,17.0,105,106,-3%,16,15,15,37,35,33,30.2,31.9,20.2,43.5,34.2,30.0,5.1,28.8,4.87,33.8,34.0,5.7,31.299999999999997,5.285,35.0,15.333333333333334,31.419999999999998,31.333333333333332,30.405714285714286
36,0,Jordan McRae,0.0,WAS,ATL,1.0,241.5,120.3,27,5.8,17.7,28.3,PG/SG,4600,2,25.0,15.0,106,111,4%,12,10,11,26,22,24,17.7,24.5,11.4,37.7,17.8,28.8,6.3,21.8,4.73,24.9,23.5,5.4,23.35,5.065,24.0,11.0,22.93,17.266666666666666,22.86354166666667
36,1,Anfernee Simons,0.0,POR,IND,-3.0,220.0,111.5,16,11.3,18.6,26.0,PG/SG,4500,2,19.0,9.0,101,105,-3%,12,10,9,35,31,23,18.6,16.0,8.5,23.6,14.6,3.5,0.8,15.0,3.33,15.0,22.5,3.3,15.0,3.315,29.666666666666668,10.333333333333334,16.34,18.633333333333336,11.376404494382022
36,2,Dario Saric,0.0,PHO,MEM,2.0,231.5,114.8,5,11.3,23.8,35.3,SF/PF,4100,1,17.0,13.0,105,110,-1%,10,10,9,27,28,26,23.8,23.5,11.7,35.3,22.6,14.0,3.4,23.3,5.67,19.0,24.0,4.6,21.15,5.135,27.0,9.666666666666666,23.089999999999996,23.46666666666667,18.8
36,3,Mikal Bridges,0.0,PHO,MEM,2.0,231.5,114.8,13,6.5,22.5,40.8,SG/SF,3900,1,12.0,13.0,105,110,5%,10,8,5,33,35,24,22.4,17.9,8.6,27.2,25.6,23.0,5.9,23.0,5.9,22.8,32.5,5.8,22.9,5.85,30.666666666666668,7.666666666666667,19.8,23.266666666666666,24.269021739130434
36,4,Spencer Dinwiddie,0.0,BKN,NY,1.0,224.5,111.8,18,19.8,32.3,41.0,PG/SG,7200,0,32.0,18.0,101,111,2%,9,12,17,34,33,32,32.3,38.5,28.3,48.7,32.4,37.0,5.1,43.0,5.97,42.1,35.0,5.8,42.55,5.885,33.0,12.666666666666666,38.07000000000001,31.03333333333333,45.128787878787875
36,5,Julius Randle,0.0,NY,BKN,-1.0,224.5,112.8,27,33.3,38.7,45.3,PF/C,7600,1,28.0,17.0,105,106,-3%,16,17,16,35,33,33,38.7,37.7,28.7,46.7,33.4,42.8,5.6,43.5,5.72,42.8,33.5,5.6,43.15,5.66,33.666666666666664,16.333333333333332,38.99,39.1,42.93638613861386
36,6,Domantas Sabonis,0.0,IND,POR,3.0,220.0,108.5,6,19.8,38.4,56.8,PF/C,8700,1,23.0,21.0,103,110,4%,12,14,14,35,35,34,46.4,43.8,35.0,52.5,41.0,66.0,7.6,46.0,5.29,46.1,34.5,5.3,46.05,5.295,34.666666666666664,13.333333333333334,44.75,38.333333333333336,45.82860576923077
36,7,Derrick Favors,0.0,NO,BOS,1.0,231.5,115.3,18,14.0,31.7,50.3,C,5400,1,16.0,20.0,102,103,1%,7,8,8,25,25,26,31.7,30.4,19.0,41.7,27.7,36.0,6.7,29.8,5.51,30.9,27.5,5.7,30.35,5.605,25.333333333333332,7.666666666666667,30.630000000000003,32.0,32.94572368421053
37,0,Gary Payton II,0.0,WAS,ATL,1.0,241.5,120.3,27,3.8,14.0,23.0,PG/SG,3400,2,14.0,13.0,106,111,0%,1,4,5,10,16,20,13.9,18.0,6.4,29.6,18.4,13.0,3.8,12.3,3.6,13.1,15.0,3.9,12.7,3.75,15.333333333333334,3.3333333333333335,16.12,13.6,12.42391304347826
37,1,Timothe Luwawu-Cabarrot,0.0,BKN,NY,1.0,224.5,111.8,16,1.3,10.2,17.0,SG/SF,3100,0,13.0,7.0,101,111,0%,3,3,4,10,14,17,10.2,10.3,2.9,17.7,2.6,3.5,1.1,7.0,2.26,8.7,13.0,2.8,7.85,2.53,13.666666666666666,3.3333333333333335,9.790000000000001,9.5,7.467073170731707
37,2,T.J. Warren,0.0,IND,POR,3.0,220.0,108.5,4,10.3,34.3,53.3,SF/PF,6000,1,22.0,17.0,103,110,7%,21,15,15,33,31,33,34.3,29.1,18.4,39.8,29.1,22.5,3.8,31.0,5.17,30.6,33.0,5.1,30.8,5.135,32.333333333333336,17.0,30.48,32.63333333333333,31.43505154639175
37,3,Caris LeVert,0.0,BKN,NY,1.0,224.5,111.8,18,13.8,22.3,32.0,PG/SF,5000,0,28.0,11.0,101,111,0%,11,12,14,23,24,27,22.3,25.6,17.2,34.0,22.8,16.8,3.4,25.8,5.15,26.7,26.5,5.3,26.25,5.225,24.666666666666668,12.333333333333334,25.07,22.7,28.20101351351351
37,4,Anfernee Simons,0.0,POR,IND,-3.0,220.0,111.5,16,11.3,18.6,26.0,PG/SG,4500,2,19.0,9.0,101,105,-3%,12,10,9,35,31,23,18.6,16.0,8.5,23.6,14.6,3.5,0.8,15.0,3.33,15.0,22.5,3.3,15.0,3.315,29.666666666666668,10.333333333333334,16.34,18.633333333333336,11.376404494382022
37,5,Rodney McGruder,0.0,LAC,ORL,-3.5,219.0,111.3,3,2.3,11.2,18.0,SG/SF,3300,1,10.0,6.0,100,104,1%,5,4,4,18,21,17,11.2,9.8,2.8,16.8,12.3,4.0,1.2,13.5,4.09,9.6,15.0,2.9,11.55,3.495,18.666666666666668,4.333333333333333,10.429999999999998,10.5,9.28125
37,6,Nikola Vucevic,0.0,ORL,LAC,3.5,219.0,107.8,27,36.8,44.3,55.3,C,8500,1,26.0,22.0,105,105,3%,19,18,17,35,33,32,44.3,43.4,34.4,52.4,26.5,26.5,3.1,41.8,4.91,46.1,32.5,5.4,43.95,5.155,33.333333333333336,18.0,43.69,45.46666666666666,42.85125
37,7,Trae Young,0.0,ATL,WAS,-1.0,241.5,121.3,24,37.5,57.3,73.0,PG,9500,1,36.0,24.0,105,113,5%,20,19,22,36,35,36,57.3,52.6,39.3,65.9,39.0,77.5,8.2,57.0,6.0,58.4,36.0,6.1,57.7,6.05,35.666666666666664,20.333333333333332,54.56,55.93333333333334,58.2392523364486
38,0,Jevon Carter,0.0,PHO,MEM,2.0,231.5,114.8,20,3.0,7.2,11.8,PG/SG,3000,1,14.0,9.0,105,110,4%,3,3,3,11,12,13,7.2,9.7,2.4,16.9,18.8,19.5,6.5,7.3,2.42,7.9,10.5,2.6,7.6,2.51,12.0,3.0,8.76,7.333333333333333,6.6499999999999995
38,1,E'Twaun Moore,0.0,NO,BOS,1.0,231.5,115.3,7,7.0,14.1,22.0,SG/SF,3300,1,21.0,13.0,102,103,-4%,5,8,10,14,19,22,14.1,18.7,10.4,27.1,4.8,3.5,1.1,12.0,3.64,12.0,14.5,3.6,12.0,3.62,18.333333333333332,7.666666666666667,16.46,14.366666666666667,9.49090909090909
38,2,Vince Carter,0.0,ATL,WAS,-1.0,241.5,121.3,12,4.5,11.5,22.3,SF/PF,3000,1,16.0,6.0,105,113,8%,5,5,5,12,13,15,11.4,10.3,3.3,17.2,15.6,16.3,5.4,10.0,3.33,8.6,11.5,2.9,9.3,3.115,13.333333333333334,5.0,10.3,12.766666666666666,8.02125
38,3,Marcus Morris Sr.,0.0,NY,BKN,-1.0,224.5,112.8,23,24.8,30.2,39.0,SF/PF,5900,1,23.0,17.0,105,106,-3%,16,15,15,37,35,33,30.2,31.9,20.2,43.5,34.2,30.0,5.1,28.8,4.87,33.8,34.0,5.7,31.299999999999997,5.285,35.0,15.333333333333334,31.419999999999998,31.333333333333332,30.405714285714286
38,4,Jordan McRae,0.0,WAS,ATL,1.0,241.5,120.3,27,5.8,17.7,28.3,PG/SG,4600,2,25.0,15.0,106,111,4%,12,10,11,26,22,24,17.7,24.5,11.4,37.7,17.8,28.8,6.3,21.8,4.73,24.9,23.5,5.4,23.35,5.065,24.0,11.0,22.93,17.266666666666666,22.86354166666667
38,5,Carmelo Anthony,0.0,POR,IND,-3.0,220.0,111.5,4,15.0,30.9,42.3,PF,6300,2,22.0,13.0,101,105,-6%,18,15,15,40,36,33,30.9,29.9,19.8,40.0,33.5,27.5,4.4,28.8,4.56,28.6,34.0,4.5,28.700000000000003,4.529999999999999,36.333333333333336,16.0,29.860000000000003,29.399999999999995,26.856880733944955
38,6,Brandon Clarke,0.0,MEM,PHO,-2.0,231.5,116.8,28,12.0,23.0,35.8,PF/C,4700,1,19.0,22.0,104,108,-1%,8,7,8,24,24,22,23.0,24.5,17.3,31.7,23.2,24.3,5.2,27.0,5.74,25.8,24.0,5.5,26.4,5.62,23.333333333333332,7.666666666666667,24.580000000000002,23.599999999999998,27.154285714285713
38,7,Jeff Teague,0.0,ATL,WAS,-1.0,241.5,121.3,24,3.8,17.6,31.3,PG,4200,1,20.0,16.0,105,113,5%,7,7,9,23,22,28,20.4,26.9,16.3,37.4,24.9,13.8,3.3,19.8,4.7,20.6,20.5,4.9,20.200000000000003,4.800000000000001,24.333333333333332,7.666666666666667,24.24,17.566666666666666,17.017808219178086
40,0,Frank Ntilikina,0.0,NY,BKN,-1.0,224.5,112.8,14,4.0,11.0,17.3,PG,3300,1,16.0,9.0,105,106,10%,6,6,6,13,17,22,10.9,16.0,5.7,26.3,18.5,19.3,5.8,12.8,3.86,11.5,14.5,3.5,12.15,3.6799999999999997,17.333333333333332,6.0,14.210000000000003,10.766666666666666,10.16394230769231
40,1,Spencer Dinwiddie,0.0,BKN,NY,1.0,224.5,111.8,18,19.8,32.3,41.0,PG/SG,7200,0,32.0,18.0,101,111,2%,9,12,17,34,33,32,32.3,38.5,28.3,48.7,32.4,37.0,5.1,43.0,5.97,42.1,35.0,5.8,42.55,5.885,33.0,12.666666666666666,38.07000000000001,31.03333333333333,45.128787878787875
40,2,Solomon Hill,0.0,MEM,PHO,-2.0,231.5,116.8,14,7.8,14.2,22.0,SF/PF,3100,1,14.0,11.0,104,108,4%,5,5,5,17,16,19,14.2,14.6,8.1,21.1,20.1,10.5,3.4,14.5,4.68,13.6,18.0,4.4,14.05,4.54,17.333333333333332,5.0,14.41,14.666666666666666,14.590384615384618
40,3,Jeremy Lamb,0.0,IND,POR,3.0,220.0,108.5,20,4.3,20.7,32.5,SG/SF,4400,1,20.0,14.0,103,110,-3%,9,10,11,24,25,30,20.9,26.5,17.5,35.5,33.5,38.5,8.8,25.0,5.68,23.8,27.0,5.4,24.4,5.54,26.333333333333332,10.0,24.96,19.166666666666668,25.01772151898734
40,4,Ish Smith,0.0,WAS,ATL,1.0,241.5,120.3,27,9.8,23.7,34.0,PG,5000,2,20.0,14.0,106,111,0%,10,8,10,27,27,27,23.4,24.4,13.9,34.9,29.2,14.0,2.8,24.5,4.9,25.5,25.5,5.1,25.0,5.0,27.0,9.333333333333334,24.32,22.5,23.61111111111111
40,5,Taurean Prince,0.0,BKN,NY,1.0,224.5,111.8,24,15.0,25.8,33.8,PF,5300,0,20.0,10.0,101,111,2%,10,11,12,26,28,30,25.8,27.0,17.7,36.2,28.5,24.3,4.6,27.8,5.24,28.5,30.0,5.4,28.15,5.32,28.0,11.0,26.97,24.866666666666664,30.160714285714285
40,6,Cheick Diallo,0.0,PHO,MEM,2.0,231.5,114.8,7,2.5,7.4,12.0,C,3000,1,0.0,0.0,105,110,-1%,4,2,3,11,8,9,6.8,9.0,0.2,17.7,8.2,5.3,1.8,8.0,2.67,0.0,0.0,0.0,4.0,1.335,9.333333333333334,3.0,7.540000000000001,7.3,0.0
40,7,Markelle Fultz,0.0,ORL,LAC,3.5,219.0,107.8,5,22.0,27.8,37.5,PG/SG,5800,1,22.0,14.0,105,105,-1%,9,12,11,33,32,28,27.6,25.7,17.9,33.5,26.4,19.0,3.3,30.3,5.22,30.2,32.0,5.2,30.25,5.21,31.0,10.666666666666666,26.99,29.099999999999998,31.225806451612904
41,0,Damian Lillard,0.0,POR,IND,-3.0,220.0,111.5,16,45.5,62.2,92.0,PG,10400,2,31.0,26.0,101,105,-2%,33,27,20,43,40,38,62.8,49.1,36.7,61.5,38.5,84.0,8.1,48.8,4.69,48.8,36.5,4.7,48.8,4.695,40.333333333333336,26.666666666666668,51.78000000000001,66.56666666666666,44.16198347107438
41,1,Joe Harris,0.0,BKN,NY,1.0,224.5,111.8,16,15.0,18.4,28.0,SG/SF,4400,0,17.0,12.0,101,111,2%,9,9,11,31,31,32,18.4,25.0,16.9,33.0,31.6,21.0,4.8,26.5,6.02,25.3,31.5,5.8,25.9,5.91,31.333333333333332,9.666666666666666,23.840000000000003,20.466666666666665,26.03776595744681
41,2,Grant Williams,0.0,BOS,NO,-1.0,231.5,116.3,25,0.8,9.7,25.0,SF/PF,3600,1,13.0,7.0,106,110,6%,4,3,3,18,12,15,9.7,9.3,2.3,16.3,9.1,6.8,1.9,16.8,4.65,16.0,22.0,4.4,16.4,4.525,15.0,3.3333333333333335,10.799999999999999,11.833333333333334,24.05333333333333
41,3,Vince Carter,0.0,ATL,WAS,-1.0,241.5,121.3,12,4.5,11.5,22.3,SF/PF,3000,1,16.0,6.0,105,113,8%,5,5,5,12,13,15,11.4,10.3,3.3,17.2,15.6,16.3,5.4,10.0,3.33,8.6,11.5,2.9,9.3,3.115,13.333333333333334,5.0,10.3,12.766666666666666,8.02125
41,4,Garrett Temple,0.0,BKN,NY,1.0,224.5,111.8,16,8.8,16.0,23.3,SG,3600,0,17.0,10.0,101,111,0%,7,7,10,20,22,29,15.9,21.1,12.3,30.0,33.7,24.8,6.9,18.5,5.14,19.6,27.0,5.4,19.05,5.27,23.666666666666668,8.0,19.669999999999998,16.033333333333335,21.733098591549297
41,5,Moe Harkless,0.0,LAC,ORL,-3.5,219.0,111.3,24,1.3,11.9,21.3,SF/PF,3400,1,10.0,10.0,100,104,-6%,4,4,4,30,24,23,13.8,15.2,8.1,22.3,30.9,21.8,6.4,15.3,4.49,19.0,28.0,5.6,17.15,5.045,25.666666666666668,4.0,15.309999999999999,11.5,18.709090909090907
41,6,Domantas Sabonis,0.0,IND,POR,3.0,220.0,108.5,6,19.8,38.4,56.8,PF/C,8700,1,23.0,21.0,103,110,4%,12,14,14,35,35,34,46.4,43.8,35.0,52.5,41.0,66.0,7.6,46.0,5.29,46.1,34.5,5.3,46.05,5.295,34.666666666666664,13.333333333333334,44.75,38.333333333333336,45.82860576923077
41,7,Frank Ntilikina,0.0,NY,BKN,-1.0,224.5,112.8,14,4.0,11.0,17.3,PG,3300,1,16.0,9.0,105,106,10%,6,6,6,13,17,22,10.9,16.0,5.7,26.3,18.5,19.3,5.8,12.8,3.86,11.5,14.5,3.5,12.15,3.6799999999999997,17.333333333333332,6.0,14.210000000000003,10.766666666666666,10.16394230769231
42,0,CJ McCollum,0.0,POR,IND,-3.0,220.0,111.5,16,8.3,29.6,42.0,PG/SG,6800,2,26.0,17.0,101,105,-3%,20,19,19,37,36,37,37.3,36.7,26.0,47.4,35.7,39.3,5.8,33.0,4.85,34.1,34.0,5.0,33.55,4.925,36.666666666666664,19.333333333333332,36.19,26.633333333333336,31.11
42,1,Bradley Beal,0.0,WAS,ATL,1.0,241.5,120.3,23,23.0,41.3,58.8,SG/SF,8200,2,33.0,22.0,106,111,4%,23,21,22,34,31,36,43.3,46.7,35.2,58.1,38.5,53.8,6.6,45.5,5.55,46.0,33.5,5.6,45.75,5.574999999999999,33.666666666666664,22.0,45.81,41.03333333333333,45.52351485148515
42,2,De'Andre Hunter,0.0,ATL,WAS,-1.0,241.5,121.3,12,15.5,23.1,34.8,SF/PF,4200,1,18.0,8.0,105,113,5%,14,11,11,33,31,31,23.1,21.5,11.8,31.2,27.6,34.3,8.2,22.5,5.36,21.5,30.5,5.1,22.0,5.23,31.666666666666668,12.0,21.919999999999998,24.46666666666667,21.189473684210526
42,3,Rodney McGruder,0.0,LAC,ORL,-3.5,219.0,111.3,3,2.3,11.2,18.0,SG/SF,3300,1,10.0,6.0,100,104,1%,5,4,4,18,21,17,11.2,9.8,2.8,16.8,12.3,4.0,1.2,13.5,4.09,9.6,15.0,2.9,11.55,3.495,18.666666666666668,4.333333333333333,10.429999999999998,10.5,9.28125
42,4,Markelle Fultz,0.0,ORL,LAC,3.5,219.0,107.8,5,22.0,27.8,37.5,PG/SG,5800,1,22.0,14.0,105,105,-1%,9,12,11,33,32,28,27.6,25.7,17.9,33.5,26.4,19.0,3.3,30.3,5.22,30.2,32.0,5.2,30.25,5.21,31.0,10.666666666666666,26.99,29.099999999999998,31.225806451612904
42,5,Zion Williamson,0.0,NO,BOS,1.0,231.5,115.3,22,26.0,30.4,34.8,PF/C,6200,1,0.0,0.0,102,103,1%,10,10,10,20,20,20,30.4,30.4,24.2,36.6,27.3,39.3,6.3,27.5,4.44,29.6,23.0,4.8,28.55,4.62,20.0,10.0,30.03,30.399999999999995,32.8325
42,6,Bobby Portis,0.0,NY,BKN,-1.0,224.5,112.8,27,5.0,17.3,24.8,PF/C,3600,1,21.0,15.0,105,106,-3%,8,8,9,23,20,22,17.3,21.5,11.4,31.5,18.1,16.0,4.4,24.0,6.67,21.1,20.0,5.9,22.55,6.285,21.666666666666668,8.333333333333334,20.85,15.700000000000001,20.815384615384612
42,7,Doug McDermott,0.0,IND,POR,3.0,220.0,108.5,4,12.8,24.0,32.5,SF/PF,3600,1,18.0,14.0,103,110,7%,9,10,8,25,23,21,24.0,16.6,8.6,24.5,29.9,24.8,6.9,20.0,5.56,21.7,26.0,6.0,20.85,5.779999999999999,23.0,9.0,18.909999999999997,23.099999999999998,23.569565217391307
43,0,Isaiah Thomas,0.0,WAS,ATL,1.0,241.5,120.3,27,6.0,17.0,25.5,PG,3800,2,25.0,12.0,106,111,0%,12,8,11,23,21,24,16.9,21.3,12.3,30.4,18.8,16.3,4.3,21.5,5.66,19.7,22.5,5.2,20.6,5.43,22.666666666666668,10.333333333333334,20.3,16.166666666666668,20.448529411764707
43,1,Javonte Green,0.0,BOS,NO,-1.0,231.5,116.3,17,5.3,13.6,22.0,SG,3300,1,15.0,14.0,106,110,6%,6,5,3,24,17,9,13.6,7.1,1.1,13.0,16.2,16.5,5.0,10.5,3.18,10.7,12.0,3.2,10.6,3.1900000000000004,16.666666666666668,4.666666666666667,9.080000000000002,13.633333333333333,7.631999999999999
43,2,Dario Saric,0.0,PHO,MEM,2.0,231.5,114.8,5,11.3,23.8,35.3,SF/PF,4100,1,17.0,13.0,105,110,-1%,10,10,9,27,28,26,23.8,23.5,11.7,35.3,22.6,14.0,3.4,23.3,5.67,19.0,24.0,4.6,21.15,5.135,27.0,9.666666666666666,23.089999999999996,23.46666666666667,18.8
43,3,Troy Brown Jr.,0.0,WAS,ATL,1.0,241.5,120.3,3,7.3,20.5,39.5,SF/PF,4400,2,17.0,14.0,106,111,19%,7,7,9,23,23,26,20.4,23.6,12.8,34.5,31.7,27.3,6.2,25.0,5.68,24.4,25.0,5.5,24.7,5.59,24.0,7.666666666666667,23.2,22.433333333333334,25.729166666666664
43,4,T.J. McConnell,0.0,IND,POR,3.0,220.0,108.5,30,8.3,25.5,40.5,PG,5000,1,20.0,17.0,103,110,10%,7,6,6,28,24,19,25.4,19.7,11.5,27.9,27.9,24.8,5.0,27.5,5.5,27.6,28.0,5.5,27.55,5.5,23.666666666666668,6.333333333333333,22.41,24.766666666666666,32.59436619718309
43,5,Brandon Clarke,0.0,MEM,PHO,-2.0,231.5,116.8,28,12.0,23.0,35.8,PF/C,4700,1,19.0,22.0,104,108,-1%,8,7,8,24,24,22,23.0,24.5,17.3,31.7,23.2,24.3,5.2,27.0,5.74,25.8,24.0,5.5,26.4,5.62,23.333333333333332,7.666666666666667,24.580000000000002,23.599999999999998,27.154285714285713
43,6,Jaren Jackson Jr.,0.0,MEM,PHO,-2.0,231.5,116.8,28,13.3,29.7,44.5,PF/C,6400,1,24.0,18.0,104,108,-1%,15,14,14,28,27,29,29.7,31.9,22.2,41.7,33.8,29.8,4.7,33.5,5.23,33.3,30.5,5.2,33.4,5.215,28.0,14.333333333333334,31.78,29.166666666666668,36.38214285714286
43,7,De'Anthony Melton,0.0,MEM,PHO,-2.0,231.5,116.8,11,16.3,22.3,28.0,PG/SG,4800,1,21.0,18.0,104,108,3%,8,7,6,23,23,18,22.3,20.7,11.7,29.8,17.7,17.8,3.7,24.0,5.0,26.7,25.0,5.6,25.35,5.3,21.333333333333332,7.0,21.97,22.2,29.707031250000004
44,0,Brandon Goodwin,0.0,ATL,WAS,-1.0,241.5,121.3,24,1.3,11.0,28.3,PG/SG,3600,1,0.0,0.0,105,113,5%,10,6,6,17,11,13,11.0,12.6,1.7,23.5,11.7,16.3,4.5,7.5,2.08,0.0,0.0,0.0,3.75,1.04,13.666666666666666,7.333333333333333,10.510000000000002,13.533333333333333,0.0
44,1,Aaron Holiday,0.0,IND,POR,3.0,220.0,108.5,30,3.8,17.1,31.0,PG/SG,4500,1,21.0,13.0,103,110,10%,9,8,9,24,20,24,17.1,21.3,10.1,32.6,26.7,25.8,5.7,25.5,5.67,24.0,26.0,5.3,24.75,5.484999999999999,22.666666666666668,8.666666666666666,21.169999999999998,17.3,28.38970588235294
44,2,Deandre Ayton,0.0,PHO,MEM,2.0,231.5,114.8,26,24.5,43.1,59.8,PF/C,7500,1,22.0,20.0,105,110,4%,12,15,15,33,35,33,43.0,40.2,31.1,49.3,39.5,49.8,6.6,43.3,5.77,43.0,35.0,5.7,43.15,5.734999999999999,33.666666666666664,14.0,41.35,42.46666666666666,44.85891089108911
44,3,Timothe Luwawu-Cabarrot,0.0,BKN,NY,1.0,224.5,111.8,16,1.3,10.2,17.0,SG/SF,3100,0,13.0,7.0,101,111,0%,3,3,4,10,14,17,10.2,10.3,2.9,17.7,2.6,3.5,1.1,7.0,2.26,8.7,13.0,2.8,7.85,2.53,13.666666666666666,3.3333333333333335,9.790000000000001,9.5,7.467073170731707
44,4,Frank Jackson,0.0,NO,BOS,1.0,231.5,115.3,7,0.0,8.1,16.3,PG,3000,1,20.0,8.0,102,103,-10%,1,3,5,6,14,14,8.1,9.5,0.3,18.7,9.8,4.5,1.5,3.5,1.17,0.0,0.0,0.0,1.75,0.585,11.333333333333334,3.0,7.669999999999999,8.133333333333333,0.0
44,5,Jaren Jackson Jr.,0.0,MEM,PHO,-2.0,231.5,116.8,28,13.3,29.7,44.5,PF/C,6400,1,24.0,18.0,104,108,-1%,15,14,14,28,27,29,29.7,31.9,22.2,41.7,33.8,29.8,4.7,33.5,5.23,33.3,30.5,5.2,33.4,5.215,28.0,14.333333333333334,31.78,29.166666666666668,36.38214285714286
44,6,Nicolas Claxton,0.0,BKN,NY,1.0,224.5,111.8,8,0.0,13.1,28.5,C,3700,0,0.0,0.0,101,111,9%,6,5,4,15,16,14,16.0,11.7,3.7,19.7,13.8,13.3,3.6,12.0,3.24,10.9,14.0,2.9,11.45,3.0700000000000003,15.0,5.0,12.51,13.866666666666667,10.686666666666666
44,7,Ian Mahinmi,0.0,WAS,ATL,1.0,241.5,120.3,20,14.3,26.4,41.3,C,5000,2,16.0,15.0,106,111,5%,6,7,6,32,27,23,26.4,23.0,13.2,32.7,15.0,14.8,3.0,24.0,4.8,23.0,23.0,4.6,23.5,4.699999999999999,27.333333333333332,6.333333333333333,23.759999999999998,27.333333333333332,19.774390243902438
46,0,CJ McCollum,0.0,POR,IND,-3.0,220.0,111.5,16,8.3,29.6,42.0,PG/SG,6800,2,26.0,17.0,101,105,-3%,20,19,19,37,36,37,37.3,36.7,26.0,47.4,35.7,39.3,5.8,33.0,4.85,34.1,34.0,5.0,33.55,4.925,36.666666666666664,19.333333333333332,36.19,26.633333333333336,31.11
46,1,Spencer Dinwiddie,0.0,BKN,NY,1.0,224.5,111.8,18,19.8,32.3,41.0,PG/SG,7200,0,32.0,18.0,101,111,2%,9,12,17,34,33,32,32.3,38.5,28.3,48.7,32.4,37.0,5.1,43.0,5.97,42.1,35.0,5.8,42.55,5.885,33.0,12.666666666666666,38.07000000000001,31.03333333333333,45.128787878787875
46,2,Deandre Ayton,0.0,PHO,MEM,2.0,231.5,114.8,26,24.5,43.1,59.8,PF/C,7500,1,22.0,20.0,105,110,4%,12,15,15,33,35,33,43.0,40.2,31.1,49.3,39.5,49.8,6.6,43.3,5.77,43.0,35.0,5.7,43.15,5.734999999999999,33.666666666666664,14.0,41.35,42.46666666666666,44.85891089108911
46,3,Rodney McGruder,0.0,LAC,ORL,-3.5,219.0,111.3,3,2.3,11.2,18.0,SG/SF,3300,1,10.0,6.0,100,104,1%,5,4,4,18,21,17,11.2,9.8,2.8,16.8,12.3,4.0,1.2,13.5,4.09,9.6,15.0,2.9,11.55,3.495,18.666666666666668,4.333333333333333,10.429999999999998,10.5,9.28125
46,4,Edmond Sumner,0.0,IND,POR,3.0,220.0,108.5,30,4.3,12.7,25.3,PG/SG,3000,1,0.0,0.0,103,110,10%,2,4,4,9,13,14,12.7,10.5,2.9,18.2,7.8,4.3,1.4,9.3,3.08,0.0,0.0,0.0,4.65,1.54,12.0,3.3333333333333335,9.79,14.1,0.0
46,5,Evan Fournier,0.0,ORL,LAC,3.5,219.0,107.8,30,21.3,30.2,41.8,SG/SF,5900,1,25.0,17.0,105,105,0%,16,14,15,36,33,32,30.2,30.1,21.9,38.3,29.9,22.5,3.8,30.5,5.17,29.8,32.0,5.1,30.15,5.135,33.666666666666664,15.0,30.130000000000003,31.099999999999998,28.657425742574258
46,6,Bruno Fernando,0.0,ATL,WAS,-1.0,241.5,121.3,19,0.3,13.0,25.8,C,3000,1,16.0,11.0,105,113,3%,4,4,3,16,15,12,12.9,10.3,3.4,17.1,19.5,31.5,10.5,16.5,5.5,16.1,17.5,5.4,16.3,5.45,14.333333333333334,3.6666666666666665,12.0,13.033333333333333,19.901162790697676
46,7,Mitchell Robinson,0.0,NY,BKN,-1.0,224.5,112.8,4,13.3,21.6,31.5,C,4600,1,13.0,22.0,105,106,8%,3,4,6,23,26,23,21.6,23.8,15.6,31.9,17.1,23.3,5.1,26.0,5.65,26.4,23.5,5.7,26.2,5.675000000000001,24.0,4.333333333333333,23.82,22.133333333333336,25.654166666666665
47,0,Tyus Jones,0.0,MEM,PHO,-2.0,231.5,116.8,11,3.3,11.1,19.8,PG,3200,1,18.0,14.0,104,108,3%,4,5,6,16,14,19,11.1,16.6,8.6,24.5,16.3,20.5,6.4,14.5,4.53,13.3,15.5,4.2,13.9,4.365,16.333333333333332,5.0,14.940000000000001,11.4,13.190816326530614
47,1,Gary Payton II,0.0,WAS,ATL,1.0,241.5,120.3,27,3.8,14.0,23.0,PG/SG,3400,2,14.0,13.0,106,111,0%,1,4,5,10,16,20,13.9,18.0,6.4,29.6,18.4,13.0,3.8,12.3,3.6,13.1,15.0,3.9,12.7,3.75,15.333333333333334,3.3333333333333335,16.12,13.6,12.42391304347826
47,2,Marcus Morris Sr.,0.0,NY,BKN,-1.0,224.5,112.8,23,24.8,30.2,39.0,SF/PF,5900,1,23.0,17.0,105,106,-3%,16,15,15,37,35,33,30.2,31.9,20.2,43.5,34.2,30.0,5.1,28.8,4.87,33.8,34.0,5.7,31.299999999999997,5.285,35.0,15.333333333333334,31.419999999999998,31.333333333333332,30.405714285714286
47,3,Damyean Dotson,0.0,NY,BKN,-1.0,224.5,112.8,23,2.5,16.3,25.3,SF,3400,1,17.0,11.0,105,106,0%,12,9,6,27,22,17,16.3,12.3,4.6,19.9,19.4,9.5,2.8,18.0,5.29,18.0,24.5,5.3,18.0,5.295,22.0,9.0,14.219999999999999,14.700000000000001,20.045454545454547
47,4,Caris LeVert,0.0,BKN,NY,1.0,224.5,111.8,18,13.8,22.3,32.0,PG/SF,5000,0,28.0,11.0,101,111,0%,11,12,14,23,24,27,22.3,25.6,17.2,34.0,22.8,16.8,3.4,25.8,5.15,26.7,26.5,5.3,26.25,5.225,24.666666666666668,12.333333333333334,25.07,22.7,28.20101351351351
47,5,Wes Iwundu,0.0,ORL,LAC,3.5,219.0,107.8,9,8.3,11.6,19.5,SF,3000,1,13.0,9.0,105,105,0%,4,4,4,20,21,18,11.6,11.4,5.0,17.8,20.9,21.0,7.0,13.5,4.5,13.9,21.5,4.6,13.7,4.55,19.666666666666668,4.0,11.9,13.133333333333333,14.977118644067794
47,6,Daniel Theis,0.0,BOS,NO,-1.0,231.5,116.3,23,18.5,28.6,33.5,C,5500,1,15.0,17.0,106,110,6%,10,7,6,26,24,23,28.6,22.8,15.8,29.8,30.9,31.3,5.7,29.0,5.27,29.7,28.0,5.4,29.35,5.335,24.333333333333332,7.666666666666667,25.27,26.866666666666664,33.77260273972603
47,7,Jerome Robinson,0.0,LAC,ORL,-3.5,219.0,111.3,3,1.5,9.0,17.3,SG,3000,1,15.0,5.0,100,104,1%,4,3,3,12,15,12,9.0,7.8,-0.2,15.7,9.4,1.5,0.5,7.8,2.58,0.0,0.0,0.0,3.9,1.29,13.0,3.3333333333333335,7.239999999999999,9.266666666666667,0.0
48,0,Terance Mann,0.0,LAC,ORL,-3.5,219.0,111.3,25,0.8,5.9,9.3,PG/SG,3000,1,0.0,0.0,100,104,0%,1,1,2,8,6,8,2.2,5.3,-1.9,12.5,5.0,2.8,0.9,8.0,2.67,0.0,0.0,0.0,4.0,1.335,7.333333333333333,1.3333333333333333,4.42,5.333333333333333,0.0
48,1,E'Twaun Moore,0.0,NO,BOS,1.0,231.5,115.3,7,7.0,14.1,22.0,SG/SF,3300,1,21.0,13.0,102,103,-4%,5,8,10,14,19,22,14.1,18.7,10.4,27.1,4.8,3.5,1.1,12.0,3.64,12.0,14.5,3.6,12.0,3.62,18.333333333333332,7.666666666666667,16.46,14.366666666666667,9.49090909090909
48,2,T.J. Warren,0.0,IND,POR,3.0,220.0,108.5,4,10.3,34.3,53.3,SF/PF,6000,1,22.0,17.0,103,110,7%,21,15,15,33,31,33,34.3,29.1,18.4,39.8,29.1,22.5,3.8,31.0,5.17,30.6,33.0,5.1,30.8,5.135,32.333333333333336,17.0,30.48,32.63333333333333,31.43505154639175
48,3,Aaron Gordon,0.0,ORL,LAC,3.5,219.0,107.8,9,18.5,25.1,31.5,SF/PF,5700,1,21.0,13.0,105,105,-4%,12,11,12,37,34,32,25.1,30.2,21.7,38.8,33.6,33.5,5.9,33.0,5.79,32.0,34.0,5.6,32.5,5.695,34.333333333333336,11.666666666666666,29.660000000000004,25.03333333333333,32.18446601941747
48,4,Joe Harris,0.0,BKN,NY,1.0,224.5,111.8,16,15.0,18.4,28.0,SG/SF,4400,0,17.0,12.0,101,111,2%,9,9,11,31,31,32,18.4,25.0,16.9,33.0,31.6,21.0,4.8,26.5,6.02,25.3,31.5,5.8,25.9,5.91,31.333333333333332,9.666666666666666,23.840000000000003,20.466666666666665,26.03776595744681
48,5,Jaren Jackson Jr.,0.0,MEM,PHO,-2.0,231.5,116.8,28,13.3,29.7,44.5,PF/C,6400,1,24.0,18.0,104,108,-1%,15,14,14,28,27,29,29.7,31.9,22.2,41.7,33.8,29.8,4.7,33.5,5.23,33.3,30.5,5.2,33.4,5.215,28.0,14.333333333333334,31.78,29.166666666666668,36.38214285714286
48,6,Anzejs Pasecniks,0.0,WAS,ATL,1.0,241.5,120.3,20,0.0,13.4,23.3,C,3300,2,17.0,13.0,106,111,5%,4,6,6,19,22,22,19.3,18.3,11.5,25.2,15.3,11.5,3.5,15.3,4.62,0.0,0.0,0.0,7.65,2.31,21.0,5.333333333333333,16.39,12.233333333333334,0.0
48,7,Mo Bamba,0.0,ORL,LAC,3.5,219.0,107.8,27,8.0,14.0,26.3,C,3200,1,16.0,15.0,105,105,3%,3,4,5,13,15,15,14.0,16.0,8.8,23.2,20.4,25.0,7.8,11.0,3.44,16.1,15.5,5.0,13.55,4.22,14.333333333333334,4.0,15.11,16.099999999999998,14.652906976744186
49,0,Jevon Carter,0.0,PHO,MEM,2.0,231.5,114.8,20,3.0,7.2,11.8,PG/SG,3000,1,14.0,9.0,105,110,4%,3,3,3,11,12,13,7.2,9.7,2.4,16.9,18.8,19.5,6.5,7.3,2.42,7.9,10.5,2.6,7.6,2.51,12.0,3.0,8.76,7.333333333333333,6.6499999999999995
49,1,Brandon Goodwin,0.0,ATL,WAS,-1.0,241.5,121.3,24,1.3,11.0,28.3,PG/SG,3600,1,0.0,0.0,105,113,5%,10,6,6,17,11,13,11.0,12.6,1.7,23.5,11.7,16.3,4.5,7.5,2.08,0.0,0.0,0.0,3.75,1.04,13.666666666666666,7.333333333333333,10.510000000000002,13.533333333333333,0.0
49,2,Trevor Ariza,0.0,POR,IND,-3.0,220.0,111.5,17,8.3,24.3,38.3,SF/PF,5000,2,16.0,10.0,101,105,-16%,7,7,6,27,29,26,24.3,18.0,7.9,28.1,32.0,12.5,2.5,24.3,4.85,21.1,31.5,4.2,22.700000000000003,4.525,27.333333333333332,6.666666666666667,20.200000000000003,23.633333333333336,26.160365853658544
49,3,Evan Fournier,0.0,ORL,LAC,3.5,219.0,107.8,30,21.3,30.2,41.8,SG/SF,5900,1,25.0,17.0,105,105,0%,16,14,15,36,33,32,30.2,30.1,21.9,38.3,29.9,22.5,3.8,30.5,5.17,29.8,32.0,5.1,30.15,5.135,33.666666666666664,15.0,30.130000000000003,31.099999999999998,28.657425742574258
49,4,Jordan McRae,0.0,WAS,ATL,1.0,241.5,120.3,27,5.8,17.7,28.3,PG/SG,4600,2,25.0,15.0,106,111,4%,12,10,11,26,22,24,17.7,24.5,11.4,37.7,17.8,28.8,6.3,21.8,4.73,24.9,23.5,5.4,23.35,5.065,24.0,11.0,22.93,17.266666666666666,22.86354166666667
49,5,Bradley Beal,0.0,WAS,ATL,1.0,241.5,120.3,23,23.0,41.3,58.8,SG/SF,8200,2,33.0,22.0,106,111,4%,23,21,22,34,31,36,43.3,46.7,35.2,58.1,38.5,53.8,6.6,45.5,5.55,46.0,33.5,5.6,45.75,5.574999999999999,33.666666666666664,22.0,45.81,41.03333333333333,45.52351485148515
49,6,Goga Bitadze,0.0,IND,POR,3.0,220.0,108.5,10,4.5,6.1,6.8,C,3000,1,16.0,12.0,103,110,4%,3,3,3,7,7,9,6.0,8.0,-0.1,16.1,5.1,1.5,0.5,18.8,6.25,12.2,13.0,4.1,15.5,5.175,7.666666666666667,3.0,9.1,5.8,26.282608695652176
49,7,Jaxson Hayes,0.0,NO,BOS,1.0,231.5,115.3,18,2.3,16.0,27.8,C,3400,1,15.0,19.0,102,103,1%,3,3,5,11,14,20,16.0,19.5,10.8,28.1,10.6,9.8,2.9,11.5,3.38,10.6,11.5,3.1,11.05,3.24,15.0,3.6666666666666665,17.09,15.366666666666667,8.471666666666668
