Lineup Num,,Player Name,injury_status,team,opp,spread,over_under,implied_team_score,L5_dvp_rank,L5_ppg_floor,L5_ppg_avg,L5_ppg_max,Pos,Salary,Rest,USG,PER,Opp Pace,Opp DEff,Opp DvP,L2 FGA,L5 FGA,S FGA,L2 Min,L5 Min,S Min,L5 FP,S FP,Floor FP,Ceil FP,Actual Min,Actual FP,Actual Val,FantasyFuelPPGProj,FantasyFuelValueProj,DFN_PPGProj,DFN_MinProj,DFN_ValueProj,Avg Proj,Avg Value Proj,Avg Skewed Min,Avg Skewed FGA,Avg Skewed FP,Avg L5 PPG,Proj Min Enhanced
0,0,CJ McCollum,0.0,POR,WAS,-6.5,235.5,121.0,14,26.5,32.7,39.0,PG/SG,7100,1,26.0,17.0,106,114,9%,19,20,20,35,37,37,32.7,36.9,25.4,48.4,35.6,40.0,5.6,40.5,5.7,38.2,37.5,5.4,39.35,5.550000000000001,36.333333333333336,19.666666666666668,36.55,32.733333333333334,40.61353211009174
0,1,Terrence Ross,0.0,ORL,MIA,1.0,208.5,103.8,17,13.5,22.9,36.0,SG/SF,4000,1,22.0,13.0,101,105,-2%,11,11,11,26,28,25,22.9,20.7,13.7,27.8,25.0,34.5,8.6,23.0,5.75,21.9,27.0,5.5,22.45,5.625,26.333333333333332,11.0,21.509999999999998,24.133333333333336,23.01835443037975
0,2,Gordon Hayward,0.0,BOS,ATL,-10.5,223.5,117.0,7,26.8,34.8,44.5,SF/PF,7000,2,22.0,21.0,106,111,22%,14,12,13,35,32,32,34.8,34.8,22.9,46.7,37.0,30.0,4.3,39.3,5.61,39.4,33.5,5.6,39.349999999999994,5.605,33.0,13.0,35.709999999999994,35.36666666666667,39.94621212121211
0,3,Wes Iwundu,0.0,ORL,MIA,1.0,208.5,103.8,17,4.8,10.5,20.5,SG/SF,3100,1,13.0,7.0,101,105,-3%,5,4,4,23,19,15,10.4,8.8,3.9,13.8,22.2,16.5,5.3,13.5,4.35,10.8,18.0,3.5,12.15,3.925,19.0,4.333333333333333,9.809999999999999,11.933333333333332,11.510526315789473
0,4,Evan Fournier,0.0,ORL,MIA,1.0,208.5,103.8,17,18.5,28.8,36.5,SG/SF,6100,1,25.0,18.0,101,105,-3%,19,14,15,37,34,31,29.1,30.3,22.1,38.5,28.5,24.5,4.0,29.3,4.8,30.3,34.0,5.0,29.8,4.9,34.0,16.0,29.96,27.933333333333334,29.8
0,5,Ben McLemore,0.0,HOU,PHI,-4.0,226.5,115.3,30,10.3,14.8,23.5,SG/SF,3600,2,16.0,11.0,102,103,-7%,7,8,8,24,25,25,14.8,18.3,8.4,28.3,13.3,4.3,1.2,12.8,3.54,10.7,16.0,3.0,11.75,3.27,24.666666666666668,7.666666666666667,16.310000000000002,16.2,7.621621621621621
0,6,Alex Len,0.0,ATL,BOS,10.5,223.5,106.5,3,5.0,24.8,47.5,C,4300,3,18.0,18.0,101,102,-4%,9,7,7,22,19,19,24.8,20.0,9.0,31.0,22.5,24.0,5.6,21.3,4.94,18.3,18.5,4.3,19.8,4.62,20.0,7.666666666666667,20.919999999999998,25.766666666666666,18.315
0,7,Isaiah Hartenstein,0.0,HOU,PHI,-4.0,226.5,115.3,23,1.3,21.5,39.3,PF/C,4500,2,0.0,0.0,102,103,-10%,10,5,4,26,17,15,21.4,15.4,1.8,28.9,11.1,4.0,0.9,10.5,2.33,11.9,12.0,2.6,11.2,2.465,19.333333333333332,6.333333333333333,15.739999999999998,20.7,6.951724137931035
1,0,Russell Westbrook,0.0,HOU,PHI,-4.0,226.5,115.3,2,44.8,49.5,56.0,PG,9000,2,34.0,19.0,102,103,-9%,25,25,22,36,37,36,49.5,49.6,38.7,60.6,35.3,39.3,4.4,46.0,5.11,48.0,36.5,5.3,47.0,5.205,36.333333333333336,24.0,49.08,50.1,47.21559633027523
1,1,Troy Brown,0.0,WAS,POR,6.5,235.5,114.5,8,13.0,28.7,52.8,SG/SF,5400,1,17.0,14.0,104,109,8%,10,13,8,28,31,25,28.7,22.2,12.7,31.6,31.0,21.3,3.9,29.8,5.51,30.3,31.0,5.6,30.05,5.555,28.0,10.333333333333334,25.05,31.5,33.269642857142856
1,2,John Collins,0.0,ATL,BOS,10.5,223.5,106.5,22,29.8,40.5,55.0,PF/C,7500,3,22.0,21.0,101,102,-1%,18,16,14,33,32,32,40.5,39.6,29.7,49.5,22.1,28.5,3.8,36.8,4.9,40.3,32.5,5.4,38.55,5.15,32.333333333333336,16.0,39.56999999999999,41.766666666666666,38.74871134020618
1,3,Cam Reddish,0.0,ATL,BOS,10.5,223.5,106.5,2,10.8,16.6,22.8,SG/SF,3700,3,18.0,6.0,101,102,-1%,5,7,9,27,27,26,16.6,18.2,10.7,25.7,24.4,12.8,3.5,17.5,4.73,17.6,26.5,4.8,17.55,4.765000000000001,26.666666666666668,7.0,17.75,16.733333333333334,17.440312499999997
1,4,Jrue Holiday,0.0,NO,LAL,9.5,226.0,108.3,22,39.0,41.7,47.5,PG/SG,7400,4,27.0,17.0,103,102,-3%,17,19,18,32,34,36,41.6,41.1,32.1,50.2,35.6,27.3,3.7,39.3,5.3,39.3,35.5,5.3,39.3,5.3,34.0,18.0,40.86,42.73333333333333,41.03382352941176
1,5,Romeo Langford,0.0,BOS,ATL,-10.5,223.5,117.0,28,0.0,6.1,16.0,SG/SF,3000,2,0.0,0.0,106,111,-1%,1,3,2,3,13,11,6.0,5.2,-0.4,10.7,4.0,2.8,0.9,4.5,1.5,7.3,10.5,2.4,5.9,1.95,9.0,2.0,5.4799999999999995,7.366666666666667,6.883333333333334
1,6,Kelly Olynyk,0.0,MIA,ORL,-1.0,208.5,104.8,6,1.3,6.0,18.8,PF/C,3000,0,16.0,13.0,100,105,-7%,1,3,6,5,12,21,11.3,18.1,7.3,28.9,12.0,8.8,2.9,6.5,2.17,0.0,0.0,0.0,3.25,1.085,12.666666666666666,3.3333333333333335,13.77,8.700000000000001,0.0
1,7,De'Andre Hunter,0.0,ATL,BOS,10.5,223.5,106.5,12,9.5,21.0,30.3,SF/PF,4200,3,18.0,8.0,101,102,-9%,12,12,12,33,33,32,20.9,22.2,12.5,31.8,26.8,12.3,2.9,22.0,5.24,22.8,33.0,5.4,22.4,5.32,32.666666666666664,12.0,21.959999999999997,20.266666666666666,22.62857142857143
2,0,Devin Booker,0.0,PHO,NY,-7.0,223.5,115.3,13,25.3,43.8,54.8,PG/SG,7900,1,29.0,20.0,101,110,-3%,21,20,18,38,38,36,43.8,41.1,29.3,53.0,38.5,51.3,6.5,41.8,5.28,41.6,36.5,5.3,41.7,5.29,37.333333333333336,19.666666666666668,41.78000000000001,41.3,40.769196428571426
2,1,Eric Gordon,0.0,HOU,PHI,-4.0,226.5,115.3,30,11.0,21.6,28.3,SG/SF,3700,2,20.0,6.0,102,103,-7%,10,11,12,24,26,29,21.6,17.6,10.5,24.7,29.9,18.0,4.9,18.8,5.07,19.7,28.0,5.3,19.25,5.1850000000000005,26.333333333333332,11.0,18.73,20.3,20.468354430379748
2,2,Bobby Portis,0.0,NY,PHO,7.0,223.5,108.3,12,13.0,19.7,27.0,PF/C,4100,1,21.0,15.0,105,109,-1%,12,10,9,21,22,22,19.7,21.4,11.4,31.5,19.8,29.0,7.1,22.5,5.49,18.8,20.0,4.6,20.65,5.045,21.666666666666668,10.333333333333334,20.93,19.900000000000002,19.061538461538458
2,3,Cameron Johnson,0.0,PHO,NY,-7.0,223.5,115.3,11,6.8,13.3,22.8,SF/PF,3000,1,16.0,13.0,101,110,3%,4,5,7,16,20,21,13.1,16.3,8.1,24.5,18.2,6.3,2.1,13.8,4.58,11.6,16.0,3.9,12.7,4.24,19.0,5.333333333333333,14.940000000000001,14.300000000000002,10.694736842105263
2,4,Rajon Rondo,0.0,LAL,NO,-9.5,226.0,117.8,15,1.0,17.3,27.5,PG,4300,1,21.0,14.0,105,109,8%,5,7,7,17,20,21,17.3,21.4,11.3,31.5,15.3,15.3,3.6,20.5,4.77,19.5,19.0,4.5,20.0,4.635,19.333333333333332,6.333333333333333,20.3,15.266666666666666,19.655172413793103
2,5,DeAndre' Bembry,0.0,ATL,BOS,10.5,223.5,106.5,2,10.3,13.5,16.5,SG/SF,3200,3,14.0,11.0,101,102,-4%,5,6,6,21,19,23,13.5,17.8,7.8,27.8,13.4,5.5,1.7,13.3,4.14,11.5,15.5,3.6,12.4,3.87,21.0,5.666666666666667,15.860000000000003,13.433333333333332,9.152380952380952
2,6,Aron Baynes,0.0,PHO,NY,-7.0,223.5,115.3,22,15.3,22.5,29.3,C,4200,1,20.0,17.0,101,110,-6%,8,9,10,24,27,25,22.7,25.7,15.3,36.2,29.2,42.0,10.0,19.5,4.64,21.3,23.0,5.1,20.4,4.869999999999999,25.333333333333332,9.0,24.059999999999995,22.366666666666664,18.521052631578947
2,7,Johnathan Williams,0.0,WAS,POR,6.5,235.5,114.5,10,5.3,16.9,33.5,PF/C,3100,1,0.0,0.0,104,109,0%,1,2,2,15,19,19,12.8,12.8,4.6,20.9,16.2,20.0,6.5,13.3,4.27,14.8,16.5,4.8,14.05,4.535,17.666666666666668,1.6666666666666667,13.030000000000001,18.566666666666666,13.122169811320754
3,0,Markelle Fultz,0.0,ORL,MIA,1.0,208.5,103.8,10,15.8,25.1,37.0,PG/SG,4900,1,22.0,14.0,101,105,-10%,10,10,10,26,28,26,25.1,24.0,17.9,30.0,31.6,22.8,4.7,25.8,5.26,24.4,29.0,5.0,25.1,5.13,26.666666666666668,10.0,24.419999999999998,25.96666666666667,27.29625
3,1,Ben McLemore,0.0,HOU,PHI,-4.0,226.5,115.3,30,10.3,14.8,23.5,SG/SF,3600,2,16.0,11.0,102,103,-7%,7,8,8,24,25,25,14.8,18.3,8.4,28.3,13.3,4.3,1.2,12.8,3.54,10.7,16.0,3.0,11.75,3.27,24.666666666666668,7.666666666666667,16.310000000000002,16.2,7.621621621621621
3,2,Carmelo Anthony,0.0,POR,WAS,-6.5,235.5,121.0,1,18.8,27.7,38.8,SF/PF,6700,1,23.0,13.0,106,114,5%,17,15,15,34,35,33,27.6,29.7,20.1,39.4,30.6,30.0,4.5,32.8,4.89,32.4,34.5,4.8,32.599999999999994,4.845,34.0,15.666666666666666,29.879999999999995,28.433333333333334,33.079411764705874
3,3,Gordon Hayward,0.0,BOS,ATL,-10.5,223.5,117.0,7,26.8,34.8,44.5,SF/PF,7000,2,22.0,21.0,106,111,22%,14,12,13,35,32,32,34.8,34.8,22.9,46.7,37.0,30.0,4.3,39.3,5.61,39.4,33.5,5.6,39.349999999999994,5.605,33.0,13.0,35.709999999999994,35.36666666666667,39.94621212121211
3,4,Tyler Herro,0.0,MIA,ORL,-1.0,208.5,104.8,25,11.8,23.5,30.0,SG,3700,0,22.0,12.0,100,105,-2%,9,11,12,27,28,29,23.4,24.3,14.0,34.6,24.7,12.8,3.5,21.5,5.81,20.9,26.0,5.6,21.2,5.705,28.0,10.666666666666666,23.500000000000004,21.766666666666666,19.685714285714283
3,5,Kelly Oubre Jr.,0.0,PHO,NY,-7.0,223.5,115.3,11,15.8,37.6,51.8,SF/PF,6800,1,21.0,16.0,101,110,2%,18,14,14,38,36,34,37.9,34.2,23.7,44.7,39.6,45.3,6.7,35.0,5.15,34.8,36.0,5.1,34.9,5.125,36.0,15.333333333333334,35.08,35.06666666666667,34.9
3,6,JaVale McGee,0.0,LAL,NO,-9.5,226.0,117.8,5,11.0,18.1,24.8,C,3500,1,16.0,21.0,105,109,1%,5,4,5,18,16,17,18.1,19.0,9.2,28.9,15.1,18.8,5.4,19.8,5.64,17.9,15.5,5.1,18.85,5.369999999999999,17.0,4.666666666666667,18.810000000000002,17.96666666666667,17.186764705882354
3,7,Trae Young,0.0,ATL,BOS,10.5,223.5,106.5,27,14.0,51.3,67.0,PG,9200,3,36.0,23.0,101,102,-9%,26,26,22,38,39,36,58.5,51.2,38.2,64.2,36.7,50.3,5.5,44.0,4.78,45.4,35.0,4.9,44.7,4.84,37.666666666666664,24.666666666666668,51.36,44.1,41.5353982300885
4,0,Kevin Huerter,0.0,ATL,BOS,10.5,223.5,106.5,27,11.8,26.4,38.5,PG/SG,5200,3,19.0,11.0,101,102,-5%,13,12,9,31,31,26,26.4,22.0,14.3,29.6,38.8,38.3,7.4,23.5,4.52,25.3,32.0,4.9,24.4,4.71,29.333333333333332,11.333333333333334,23.339999999999996,25.566666666666666,26.618181818181817
4,1,Jordan McRae,0.0,WAS,POR,6.5,235.5,114.5,21,21.8,31.9,55.0,PG/SG,5800,1,22.0,18.0,104,109,-4%,13,12,9,33,27,21,31.9,23.0,11.2,34.9,33.1,50.3,8.7,34.5,5.95,35.6,32.0,6.1,35.05,6.025,27.0,11.333333333333334,27.21,36.233333333333334,41.54074074074074
4,2,Gordon Hayward,0.0,BOS,ATL,-10.5,223.5,117.0,7,26.8,34.8,44.5,SF/PF,7000,2,22.0,21.0,106,111,22%,14,12,13,35,32,32,34.8,34.8,22.9,46.7,37.0,30.0,4.3,39.3,5.61,39.4,33.5,5.6,39.349999999999994,5.605,33.0,13.0,35.709999999999994,35.36666666666667,39.94621212121211
4,3,Allen Crabbe,0.0,ATL,BOS,10.5,223.5,106.5,2,4.0,13.0,32.5,SG/SF,3200,3,13.0,8.0,101,102,-5%,7,6,6,17,18,19,13.0,11.9,5.0,18.8,24.1,14.8,4.6,4.3,1.33,0.0,0.0,0.0,2.15,0.665,18.0,6.333333333333333,10.17,16.5,0.0
4,4,Jimmy Butler,0.0,MIA,ORL,-1.0,208.5,104.8,25,36.0,41.7,55.8,SG/SF,7800,0,26.0,24.0,100,105,2%,10,13,14,35,36,35,41.7,43.5,33.4,53.7,34.7,50.5,6.5,41.5,5.32,40.3,35.5,5.2,40.9,5.26,35.333333333333336,12.333333333333334,42.64,44.5,41.092924528301886
4,5,Evan Fournier,0.0,ORL,MIA,1.0,208.5,103.8,17,18.5,28.8,36.5,SG/SF,6100,1,25.0,18.0,101,105,-3%,19,14,15,37,34,31,29.1,30.3,22.1,38.5,28.5,24.5,4.0,29.3,4.8,30.3,34.0,5.0,29.8,4.9,34.0,16.0,29.96,27.933333333333334,29.8
4,6,Enes Kanter,0.0,BOS,ATL,-10.5,223.5,117.0,28,20.0,31.7,47.0,C,5500,2,19.0,25.0,106,111,2%,6,8,6,20,21,18,31.6,23.2,13.0,33.5,23.6,34.3,6.2,28.0,5.09,25.2,20.5,4.6,26.6,4.845,19.666666666666668,6.666666666666667,25.580000000000002,32.9,27.727118644067797
4,7,D.J. Augustin,0.0,ORL,MIA,1.0,208.5,103.8,10,6.8,24.6,46.8,PG,5000,1,20.0,15.0,101,105,-10%,12,11,9,30,29,26,26.4,22.6,13.6,31.6,28.8,25.0,5.0,23.0,4.6,23.7,28.0,4.7,23.35,4.65,28.333333333333332,10.666666666666666,23.509999999999998,26.066666666666666,23.07529411764706
5,0,Gary Payton II,0.0,WAS,POR,6.5,235.5,114.5,21,7.3,27.6,44.3,PG/SG,4300,1,0.0,0.0,104,109,5%,7,8,8,12,24,24,27.6,27.6,13.0,42.2,34.8,12.8,3.0,17.3,4.01,20.3,19.5,4.7,18.8,4.355,20.0,7.666666666666667,25.840000000000003,26.399999999999995,18.330000000000002
5,1,Frank Ntilikina,0.0,NY,PHO,7.0,223.5,108.3,28,6.5,17.2,34.3,PG/SG,3200,1,15.0,10.0,105,109,4%,4,4,6,20,15,23,17.1,16.7,5.5,27.8,16.4,10.0,3.1,12.8,3.98,12.3,17.5,3.8,12.55,3.8899999999999997,19.333333333333332,4.666666666666667,15.929999999999998,19.333333333333332,11.359913793103448
5,2,Kyle Kuzma,0.0,LAL,NO,-9.5,226.0,117.8,6,7.8,25.9,34.0,SF/PF,5200,1,22.0,11.0,105,109,3%,11,14,11,27,27,24,25.9,20.1,11.2,29.0,19.0,16.5,3.2,24.5,4.71,24.8,27.0,4.8,24.65,4.755,26.0,12.0,22.169999999999998,22.566666666666663,25.59807692307692
5,3,Kent Bazemore,0.0,POR,WAS,-6.5,235.5,121.0,23,5.3,14.3,22.0,SG/SF,3500,1,16.0,8.0,106,114,9%,8,7,8,26,27,25,14.3,18.7,11.3,26.2,34.7,18.5,5.3,23.3,6.64,19.7,28.0,5.6,21.5,6.119999999999999,26.0,7.666666666666667,18.4,13.866666666666667,23.153846153846153
5,4,Lonzo Ball,0.0,NO,LAL,9.5,226.0,108.3,22,23.0,34.1,63.5,PG,6000,4,21.0,12.0,103,102,-3%,16,13,11,35,29,28,33.1,27.9,16.6,39.2,33.4,37.5,6.3,30.0,5.0,30.3,33.5,5.0,30.15,5.0,30.666666666666668,13.333333333333334,29.390000000000004,40.199999999999996,32.935597826086955
5,5,Tobias Harris,0.0,PHI,HOU,4.0,226.5,111.3,9,15.0,33.9,54.3,SF/PF,6600,2,24.0,17.0,106,107,10%,17,16,16,36,34,35,37.9,36.1,26.8,45.5,41.5,32.5,4.9,35.0,5.3,36.1,34.5,5.5,35.55,5.4,35.0,16.333333333333332,36.370000000000005,34.4,35.04214285714285
5,6,Al Horford,0.0,PHI,HOU,4.0,226.5,111.3,16,14.0,23.5,38.0,PF/C,5800,2,19.0,16.0,106,107,6%,9,9,12,28,31,31,23.4,30.6,21.6,39.6,34.1,20.5,3.5,30.8,5.3,29.8,30.5,5.1,30.3,5.199999999999999,30.0,10.0,29.1,25.166666666666668,30.805
5,7,Garrison Mathews,0.0,WAS,POR,6.5,235.5,114.5,8,1.3,14.6,34.5,SG/SF,3000,1,0.0,0.0,104,109,5%,7,4,3,23,16,12,14.6,9.3,0.1,18.5,24.7,24.5,8.2,21.5,7.17,19.9,23.0,6.6,20.7,6.885,17.0,4.666666666666667,12.64,16.8,28.005882352941175
6,0,Raul Neto,0.0,PHI,HOU,4.0,226.5,111.3,23,3.5,9.1,19.3,PG,3000,2,17.0,11.0,106,107,-2%,3,3,3,4,8,11,7.7,8.5,1.0,15.9,4.0,4.3,1.4,1.8,0.58,0.0,0.0,0.0,0.9,0.29,7.666666666666667,3.0,6.8,10.633333333333333,0.0
6,1,James Harden,0.0,HOU,PHI,-4.0,226.5,115.3,2,54.3,62.5,76.5,PG/SG,10900,2,38.0,32.0,102,103,-9%,22,22,25,37,37,38,62.5,63.6,51.4,75.7,40.8,83.3,7.6,59.0,5.41,58.0,36.5,5.3,58.5,5.355,37.333333333333336,23.0,62.34000000000001,64.43333333333334,57.19419642857142
6,2,Grant Williams,0.0,BOS,ATL,-10.5,223.5,117.0,7,2.5,9.8,24.0,SF/PF,3000,2,12.0,6.0,106,111,8%,2,3,3,11,15,15,9.8,8.7,2.1,15.3,16.4,11.0,3.7,9.0,3.0,9.6,13.0,3.2,9.3,3.1,13.666666666666666,2.6666666666666665,9.040000000000001,12.1,8.846341463414635
6,3,Romeo Langford,0.0,BOS,ATL,-10.5,223.5,117.0,28,0.0,6.1,16.0,SG/SF,3000,2,0.0,0.0,106,111,-1%,1,3,2,3,13,11,6.0,5.2,-0.4,10.7,4.0,2.8,0.9,4.5,1.5,7.3,10.5,2.4,5.9,1.95,9.0,2.0,5.4799999999999995,7.366666666666667,6.883333333333334
6,4,Kent Bazemore,0.0,POR,WAS,-6.5,235.5,121.0,23,5.3,14.3,22.0,SG/SF,3500,1,16.0,8.0,106,114,9%,8,7,8,26,27,25,14.3,18.7,11.3,26.2,34.7,18.5,5.3,23.3,6.64,19.7,28.0,5.6,21.5,6.119999999999999,26.0,7.666666666666667,18.4,13.866666666666667,23.153846153846153
6,5,Garrison Mathews,0.0,WAS,POR,6.5,235.5,114.5,8,1.3,14.6,34.5,SG/SF,3000,1,0.0,0.0,104,109,5%,7,4,3,23,16,12,14.6,9.3,0.1,18.5,24.7,24.5,8.2,21.5,7.17,19.9,23.0,6.6,20.7,6.885,17.0,4.666666666666667,12.64,16.8,28.005882352941175
6,6,Anzejs Pasecniks,0.0,WAS,POR,6.5,235.5,114.5,17,9.3,20.2,30.0,C,3200,1,0.0,0.0,104,109,7%,5,6,6,21,21,21,20.2,17.7,10.0,25.4,17.6,15.3,4.8,18.5,5.78,19.4,20.5,6.1,18.95,5.9399999999999995,21.0,5.666666666666667,18.45,19.833333333333332,18.498809523809523
6,7,Tyler Herro,0.0,MIA,ORL,-1.0,208.5,104.8,25,11.8,23.5,30.0,SG,3700,0,22.0,12.0,100,105,-2%,9,11,12,27,28,29,23.4,24.3,14.0,34.6,24.7,12.8,3.5,21.5,5.81,20.9,26.0,5.6,21.2,5.705,28.0,10.666666666666666,23.500000000000004,21.766666666666666,19.685714285714283
8,0,Jordan McRae,0.0,WAS,POR,6.5,235.5,114.5,21,21.8,31.9,55.0,PG/SG,5800,1,22.0,18.0,104,109,-4%,13,12,9,33,27,21,31.9,23.0,11.2,34.9,33.1,50.3,8.7,34.5,5.95,35.6,32.0,6.1,35.05,6.025,27.0,11.333333333333334,27.21,36.233333333333334,41.54074074074074
8,1,Kevin Huerter,0.0,ATL,BOS,10.5,223.5,106.5,27,11.8,26.4,38.5,PG/SG,5200,3,19.0,11.0,101,102,-5%,13,12,9,31,31,26,26.4,22.0,14.3,29.6,38.8,38.3,7.4,23.5,4.52,25.3,32.0,4.9,24.4,4.71,29.333333333333332,11.333333333333334,23.339999999999996,25.566666666666666,26.618181818181817
8,2,Tobias Harris,0.0,PHI,HOU,4.0,226.5,111.3,9,15.0,33.9,54.3,SF/PF,6600,2,24.0,17.0,106,107,10%,17,16,16,36,34,35,37.9,36.1,26.8,45.5,41.5,32.5,4.9,35.0,5.3,36.1,34.5,5.5,35.55,5.4,35.0,16.333333333333332,36.370000000000005,34.4,35.04214285714285
8,3,Garrison Mathews,0.0,WAS,POR,6.5,235.5,114.5,8,1.3,14.6,34.5,SG/SF,3000,1,0.0,0.0,104,109,5%,7,4,3,23,16,12,14.6,9.3,0.1,18.5,24.7,24.5,8.2,21.5,7.17,19.9,23.0,6.6,20.7,6.885,17.0,4.666666666666667,12.64,16.8,28.005882352941175
8,4,Avery Bradley,0.0,LAL,NO,-9.5,226.0,117.8,15,4.0,13.1,31.3,PG/SG,4500,1,16.0,8.0,105,109,0%,9,8,8,27,22,24,13.1,15.0,7.0,23.0,31.3,13.0,2.9,17.8,3.94,16.7,27.5,3.7,17.25,3.8200000000000003,24.333333333333332,8.333333333333334,15.069999999999999,16.133333333333336,19.49486301369863
8,5,Danuel House Jr.,0.0,HOU,PHI,-4.0,226.5,115.3,20,16.0,24.5,33.5,SF/PF,4700,2,14.0,12.0,102,103,-10%,14,13,9,31,34,32,24.4,22.7,14.6,30.8,29.2,10.0,2.1,21.0,4.47,20.5,31.0,4.4,20.75,4.4350000000000005,32.333333333333336,12.0,22.65,24.666666666666668,19.894329896907216
8,6,Clint Capela,0.0,HOU,PHI,-4.0,226.5,115.3,9,28.8,36.8,43.5,C,6900,2,15.0,21.0,102,103,-11%,11,10,10,29,35,34,36.6,40.2,29.6,50.8,36.9,59.5,8.6,36.3,5.25,37.4,34.5,5.4,36.849999999999994,5.325,32.666666666666664,10.333333333333334,38.81,36.36666666666667,38.918112244897955
8,7,Allen Crabbe,0.0,ATL,BOS,10.5,223.5,106.5,2,4.0,13.0,32.5,SG/SF,3200,3,13.0,8.0,101,102,-5%,7,6,6,17,18,19,13.0,11.9,5.0,18.8,24.1,14.8,4.6,4.3,1.33,0.0,0.0,0.0,2.15,0.665,18.0,6.333333333333333,10.17,16.5,0.0
9,0,Gary Payton II,0.0,WAS,POR,6.5,235.5,114.5,21,7.3,27.6,44.3,PG/SG,4300,1,0.0,0.0,104,109,5%,7,8,8,12,24,24,27.6,27.6,13.0,42.2,34.8,12.8,3.0,17.3,4.01,20.3,19.5,4.7,18.8,4.355,20.0,7.666666666666667,25.840000000000003,26.399999999999995,18.330000000000002
9,1,Frank Ntilikina,0.0,NY,PHO,7.0,223.5,108.3,28,6.5,17.2,34.3,PG/SG,3200,1,15.0,10.0,105,109,4%,4,4,6,20,15,23,17.1,16.7,5.5,27.8,16.4,10.0,3.1,12.8,3.98,12.3,17.5,3.8,12.55,3.8899999999999997,19.333333333333332,4.666666666666667,15.929999999999998,19.333333333333332,11.359913793103448
9,2,Cameron Johnson,0.0,PHO,NY,-7.0,223.5,115.3,11,6.8,13.3,22.8,SF/PF,3000,1,16.0,13.0,101,110,3%,4,5,7,16,20,21,13.1,16.3,8.1,24.5,18.2,6.3,2.1,13.8,4.58,11.6,16.0,3.9,12.7,4.24,19.0,5.333333333333333,14.940000000000001,14.300000000000002,10.694736842105263
9,3,Kelly Oubre Jr.,0.0,PHO,NY,-7.0,223.5,115.3,11,15.8,37.6,51.8,SF/PF,6800,1,21.0,16.0,101,110,2%,18,14,14,38,36,34,37.9,34.2,23.7,44.7,39.6,45.3,6.7,35.0,5.15,34.8,36.0,5.1,34.9,5.125,36.0,15.333333333333334,35.08,35.06666666666667,34.9
9,4,Goran Dragic,0.0,MIA,ORL,-1.0,208.5,104.8,12,18.0,25.8,35.5,PG,5400,0,25.0,16.0,100,105,-2%,13,14,12,23,28,29,25.8,29.4,22.3,36.6,20.6,18.5,3.4,27.0,5.0,24.1,26.5,4.5,25.55,4.75,26.666666666666668,13.0,27.93,26.433333333333334,25.3903125
9,5,Danuel House Jr.,0.0,HOU,PHI,-4.0,226.5,115.3,20,16.0,24.5,33.5,SF/PF,4700,2,14.0,12.0,102,103,-10%,14,13,9,31,34,32,24.4,22.7,14.6,30.8,29.2,10.0,2.1,21.0,4.47,20.5,31.0,4.4,20.75,4.4350000000000005,32.333333333333336,12.0,22.65,24.666666666666668,19.894329896907216
9,6,Ian Mahinmi,0.0,WAS,POR,6.5,235.5,114.5,17,7.5,23.3,41.8,C,5100,1,17.0,16.0,104,109,7%,7,6,6,24,25,21,23.3,20.8,12.0,29.7,26.2,17.5,3.4,24.3,4.75,28.0,26.5,5.5,26.15,5.125,23.333333333333332,6.333333333333333,22.389999999999997,24.2,29.698928571428574
9,7,Kevin Huerter,0.0,ATL,BOS,10.5,223.5,106.5,27,11.8,26.4,38.5,PG/SG,5200,3,19.0,11.0,101,102,-5%,13,12,9,31,31,26,26.4,22.0,14.3,29.6,38.8,38.3,7.4,23.5,4.52,25.3,32.0,4.9,24.4,4.71,29.333333333333332,11.333333333333334,23.339999999999996,25.566666666666666,26.618181818181817
11,0,Trey Burke,0.0,PHI,HOU,4.0,226.5,111.3,23,1.0,8.9,21.3,PG/SG,3400,2,20.0,17.0,106,107,-2%,8,5,6,18,13,15,8.8,13.5,2.8,24.3,16.3,18.8,5.5,14.3,4.19,14.0,15.5,4.1,14.15,4.145,15.333333333333334,6.333333333333333,12.709999999999999,10.4,14.303804347826086
11,1,Marcus Smart,0.0,BOS,ATL,-10.5,223.5,117.0,9,2.8,17.1,25.8,PG/SG,5100,2,18.0,13.0,106,111,-1%,11,9,11,27,30,32,21.1,27.5,20.0,34.9,35.5,46.5,9.1,30.5,5.98,30.2,34.0,5.9,30.35,5.94,29.666666666666668,10.333333333333334,26.77,15.233333333333334,34.78314606741573
11,2,Kevin Knox,0.0,NY,PHO,7.0,223.5,108.3,3,8.8,17.2,35.0,SF/PF,3200,1,0.0,0.0,105,109,5%,5,7,7,18,20,20,17.1,16.0,8.7,23.3,12.6,8.5,2.7,14.0,4.38,13.2,18.0,4.1,13.6,4.24,19.333333333333332,6.333333333333333,15.74,20.333333333333332,12.662068965517243
11,3,Garrison Mathews,0.0,WAS,POR,6.5,235.5,114.5,8,1.3,14.6,34.5,SG/SF,3000,1,0.0,0.0,104,109,5%,7,4,3,23,16,12,14.6,9.3,0.1,18.5,24.7,24.5,8.2,21.5,7.17,19.9,23.0,6.6,20.7,6.885,17.0,4.666666666666667,12.64,16.8,28.005882352941175
11,4,Frank Ntilikina,0.0,NY,PHO,7.0,223.5,108.3,28,6.5,17.2,34.3,PG/SG,3200,1,15.0,10.0,105,109,4%,4,4,6,20,15,23,17.1,16.7,5.5,27.8,16.4,10.0,3.1,12.8,3.98,12.3,17.5,3.8,12.55,3.8899999999999997,19.333333333333332,4.666666666666667,15.929999999999998,19.333333333333332,11.359913793103448
11,5,Julius Randle,0.0,NY,PHO,7.0,223.5,108.3,12,33.5,48.2,61.0,PF/C,7700,1,27.0,18.0,105,109,-1%,18,20,15,34,34,32,48.2,37.0,27.3,46.6,34.6,39.8,5.2,42.8,5.55,39.8,34.0,5.2,41.3,5.375,33.333333333333336,17.666666666666668,40.080000000000005,47.56666666666666,42.126
11,6,Alex Len,0.0,ATL,BOS,10.5,223.5,106.5,3,5.0,24.8,47.5,C,4300,3,18.0,18.0,101,102,-4%,9,7,7,22,19,19,24.8,20.0,9.0,31.0,22.5,24.0,5.6,21.3,4.94,18.3,18.5,4.3,19.8,4.62,20.0,7.666666666666667,20.919999999999998,25.766666666666666,18.315
11,7,Rajon Rondo,0.0,LAL,NO,-9.5,226.0,117.8,15,1.0,17.3,27.5,PG,4300,1,21.0,14.0,105,109,8%,5,7,7,17,20,21,17.3,21.4,11.3,31.5,15.3,15.3,3.6,20.5,4.77,19.5,19.0,4.5,20.0,4.635,19.333333333333332,6.333333333333333,20.3,15.266666666666666,19.655172413793103
12,0,James Harden,0.0,HOU,PHI,-4.0,226.5,115.3,2,54.3,62.5,76.5,PG/SG,10900,2,38.0,32.0,102,103,-9%,22,22,25,37,37,38,62.5,63.6,51.4,75.7,40.8,83.3,7.6,59.0,5.41,58.0,36.5,5.3,58.5,5.355,37.333333333333336,23.0,62.34000000000001,64.43333333333334,57.19419642857142
12,1,JJ Redick,0.0,NO,LAL,9.5,226.0,108.3,3,3.0,17.3,22.0,SG/SF,3400,4,19.0,15.0,103,102,-3%,8,9,11,22,25,28,17.3,23.9,13.8,33.9,27.9,24.8,7.3,18.8,5.51,18.5,24.0,5.4,18.65,5.455,25.0,9.333333333333334,21.509999999999998,14.1,17.904
12,2,Marcus Morris Sr.,0.0,NY,PHO,7.0,223.5,108.3,3,16.0,25.3,35.0,SF/PF,5600,1,0.0,0.0,105,109,-1%,14,13,14,28,29,32,25.3,31.1,19.2,43.0,35.0,39.8,7.1,26.8,4.78,27.7,30.0,4.9,27.25,4.84,29.666666666666668,13.666666666666666,29.170000000000005,25.433333333333334,27.5561797752809
12,3,Kevin Knox,0.0,NY,PHO,7.0,223.5,108.3,3,8.8,17.2,35.0,SF/PF,3200,1,0.0,0.0,105,109,5%,5,7,7,18,20,20,17.1,16.0,8.7,23.3,12.6,8.5,2.7,14.0,4.38,13.2,18.0,4.1,13.6,4.24,19.333333333333332,6.333333333333333,15.74,20.333333333333332,12.662068965517243
12,4,Kevin Huerter,0.0,ATL,BOS,10.5,223.5,106.5,27,11.8,26.4,38.5,PG/SG,5200,3,19.0,11.0,101,102,-5%,13,12,9,31,31,26,26.4,22.0,14.3,29.6,38.8,38.3,7.4,23.5,4.52,25.3,32.0,4.9,24.4,4.71,29.333333333333332,11.333333333333334,23.339999999999996,25.566666666666666,26.618181818181817
12,5,Carmelo Anthony,0.0,POR,WAS,-6.5,235.5,121.0,1,18.8,27.7,38.8,SF/PF,6700,1,23.0,13.0,106,114,5%,17,15,15,34,35,33,27.6,29.7,20.1,39.4,30.6,30.0,4.5,32.8,4.89,32.4,34.5,4.8,32.599999999999994,4.845,34.0,15.666666666666666,29.879999999999995,28.433333333333334,33.079411764705874
12,6,Jaxson Hayes,0.0,NO,LAL,9.5,226.0,108.3,18,2.8,12.7,20.0,C,3000,4,14.0,17.0,103,102,-6%,2,3,5,14,16,21,12.4,19.3,11.9,26.7,14.1,15.8,5.3,11.0,3.67,12.4,15.5,4.1,11.7,3.885,17.0,3.3333333333333335,16.400000000000002,11.833333333333334,10.66764705882353
12,7,Bobby Portis,0.0,NY,PHO,7.0,223.5,108.3,12,13.0,19.7,27.0,PF/C,4100,1,21.0,15.0,105,109,-1%,12,10,9,21,22,22,19.7,21.4,11.4,31.5,19.8,29.0,7.1,22.5,5.49,18.8,20.0,4.6,20.65,5.045,21.666666666666668,10.333333333333334,20.93,19.900000000000002,19.061538461538458
13,0,Frank Ntilikina,0.0,NY,PHO,7.0,223.5,108.3,28,6.5,17.2,34.3,PG/SG,3200,1,15.0,10.0,105,109,4%,4,4,6,20,15,23,17.1,16.7,5.5,27.8,16.4,10.0,3.1,12.8,3.98,12.3,17.5,3.8,12.55,3.8899999999999997,19.333333333333332,4.666666666666667,15.929999999999998,19.333333333333332,11.359913793103448
13,1,Furkan Korkmaz,0.0,PHI,HOU,4.0,226.5,111.3,20,12.3,20.5,33.5,SG/SF,3500,2,16.0,11.0,106,107,8%,8,10,7,16,20,21,20.5,14.2,6.1,22.3,18.5,13.3,3.8,15.8,4.5,16.1,23.0,4.6,15.950000000000001,4.55,19.0,8.333333333333334,15.809999999999999,22.099999999999998,19.30789473684211
13,2,Al Horford,0.0,PHI,HOU,4.0,226.5,111.3,16,14.0,23.5,38.0,PF/C,5800,2,19.0,16.0,106,107,6%,9,9,12,28,31,31,23.4,30.6,21.6,39.6,34.1,20.5,3.5,30.8,5.3,29.8,30.5,5.1,30.3,5.199999999999999,30.0,10.0,29.1,25.166666666666668,30.805
13,3,Jayson Tatum,0.0,BOS,ATL,-10.5,223.5,117.0,7,20.8,42.1,67.5,SF/PF,8200,2,28.0,18.0,106,111,22%,13,18,19,36,35,35,42.1,38.6,28.3,49.0,36.9,28.3,3.5,43.3,5.27,43.6,35.0,5.3,43.45,5.285,35.333333333333336,16.666666666666668,40.29,43.46666666666667,43.04009433962264
13,4,RJ Barrett,0.0,NY,PHO,7.0,223.5,108.3,28,11.0,22.8,32.5,PG/SG,5100,1,24.0,10.0,105,109,-1%,13,13,13,28,30,31,22.8,26.5,14.9,38.0,30.8,22.5,4.4,26.8,5.25,24.8,29.0,4.9,25.8,5.075,29.666666666666668,13.0,25.6,22.099999999999998,25.22022471910112
13,5,P.J. Tucker,0.0,HOU,PHI,-4.0,226.5,115.3,20,11.3,18.9,30.0,SF/PF,3900,2,9.0,10.0,102,103,1%,4,5,7,34,37,36,18.9,24.4,15.1,33.7,36.9,8.3,2.1,21.0,5.38,20.9,35.0,5.4,20.95,5.390000000000001,35.666666666666664,5.333333333333333,22.61,20.066666666666666,20.558411214953274
13,6,Mohamed Bamba,0.0,ORL,MIA,1.0,208.5,103.8,29,13.8,16.8,21.3,C,3500,1,0.0,0.0,101,105,-7%,5,5,5,14,15,16,16.8,16.4,8.7,24.0,15.1,20.8,5.9,16.5,4.71,15.5,15.5,4.4,16.0,4.555,15.0,5.0,16.380000000000003,17.3,16.53333333333333
13,7,Jimmy Butler,0.0,MIA,ORL,-1.0,208.5,104.8,25,36.0,41.7,55.8,SG/SF,7800,0,26.0,24.0,100,105,2%,10,13,14,35,36,35,41.7,43.5,33.4,53.7,34.7,50.5,6.5,41.5,5.32,40.3,35.5,5.2,40.9,5.26,35.333333333333336,12.333333333333334,42.64,44.5,41.092924528301886
14,0,Goran Dragic,0.0,MIA,ORL,-1.0,208.5,104.8,12,18.0,25.8,35.5,PG,5400,0,25.0,16.0,100,105,-2%,13,14,12,23,28,29,25.8,29.4,22.3,36.6,20.6,18.5,3.4,27.0,5.0,24.1,26.5,4.5,25.55,4.75,26.666666666666668,13.0,27.93,26.433333333333334,25.3903125
14,1,Brad Wanamaker,0.0,BOS,ATL,-10.5,223.5,117.0,9,9.3,13.0,16.5,PG/SG,3900,2,17.0,13.0,106,111,-1%,5,4,5,18,21,20,13.0,16.5,10.7,22.3,22.8,13.5,3.5,20.5,5.26,19.7,23.0,5.1,20.1,5.18,19.666666666666668,4.666666666666667,16.52,12.933333333333332,23.50677966101695
14,2,Julius Randle,0.0,NY,PHO,7.0,223.5,108.3,12,33.5,48.2,61.0,PF/C,7700,1,27.0,18.0,105,109,-1%,18,20,15,34,34,32,48.2,37.0,27.3,46.6,34.6,39.8,5.2,42.8,5.55,39.8,34.0,5.2,41.3,5.375,33.333333333333336,17.666666666666668,40.080000000000005,47.56666666666666,42.126
14,3,Cam Reddish,0.0,ATL,BOS,10.5,223.5,106.5,2,10.8,16.6,22.8,SG/SF,3700,3,18.0,6.0,101,102,-1%,5,7,9,27,27,26,16.6,18.2,10.7,25.7,24.4,12.8,3.5,17.5,4.73,17.6,26.5,4.8,17.55,4.765000000000001,26.666666666666668,7.0,17.75,16.733333333333334,17.440312499999997
14,4,Garrison Mathews,0.0,WAS,POR,6.5,235.5,114.5,8,1.3,14.6,34.5,SG/SF,3000,1,0.0,0.0,104,109,5%,7,4,3,23,16,12,14.6,9.3,0.1,18.5,24.7,24.5,8.2,21.5,7.17,19.9,23.0,6.6,20.7,6.885,17.0,4.666666666666667,12.64,16.8,28.005882352941175
14,5,Mikal Bridges,0.0,PHO,NY,-7.0,223.5,115.3,29,14.5,19.2,24.8,SG/SF,3800,1,13.0,13.0,101,110,2%,8,7,5,28,26,22,19.1,17.0,8.5,25.5,19.9,12.5,3.3,18.3,4.8,18.6,25.0,4.9,18.450000000000003,4.85,25.333333333333332,6.666666666666667,17.71,19.5,18.207236842105267
14,6,Derrick Favors,0.0,NO,LAL,9.5,226.0,108.3,5,29.0,36.5,42.8,PF/C,6200,4,16.0,18.0,103,102,-6%,9,9,7,31,30,23,36.7,26.9,14.1,39.7,33.9,45.0,7.3,32.3,5.2,32.9,31.0,5.3,32.599999999999994,5.25,28.0,8.333333333333334,30.0,36.1,36.09285714285714
14,7,Elie Okobo,0.0,PHO,NY,-7.0,223.5,115.3,13,0.0,11.3,29.0,PG/SG,3000,1,20.0,16.0,101,110,3%,2,3,4,8,12,11,11.3,10.8,1.3,20.4,12.5,11.8,3.9,8.3,2.75,0.0,0.0,0.0,4.15,1.375,10.333333333333334,3.0,9.59,13.433333333333332,0.0
15,0,Isaiah Thomas,0.0,WAS,POR,6.5,235.5,114.5,21,12.0,22.2,33.5,PG,5300,1,25.0,13.0,104,109,5%,11,13,12,21,25,25,22.2,23.9,15.2,32.6,1.5,1.5,0.3,22.3,4.2,27.9,26.0,5.3,25.1,4.75,23.666666666666668,12.0,23.8,22.566666666666666,27.57464788732394
15,1,Cam Reddish,0.0,ATL,BOS,10.5,223.5,106.5,2,10.8,16.6,22.8,SG/SF,3700,3,18.0,6.0,101,102,-1%,5,7,9,27,27,26,16.6,18.2,10.7,25.7,24.4,12.8,3.5,17.5,4.73,17.6,26.5,4.8,17.55,4.765000000000001,26.666666666666668,7.0,17.75,16.733333333333334,17.440312499999997
15,2,De'Andre Hunter,0.0,ATL,BOS,10.5,223.5,106.5,12,9.5,21.0,30.3,SF/PF,4200,3,18.0,8.0,101,102,-9%,12,12,12,33,33,32,20.9,22.2,12.5,31.8,26.8,12.3,2.9,22.0,5.24,22.8,33.0,5.4,22.4,5.32,32.666666666666664,12.0,21.959999999999997,20.266666666666666,22.62857142857143
15,3,E'Twaun Moore,0.0,NO,LAL,9.5,226.0,108.3,3,1.5,20.3,40.8,SG/SF,3800,4,21.0,14.0,103,102,-1%,15,10,9,23,19,20,19.9,17.9,8.3,27.6,29.4,25.3,6.7,18.3,4.8,18.1,22.0,4.8,18.200000000000003,4.8,20.666666666666668,11.333333333333334,18.380000000000003,20.866666666666664,19.374193548387098
15,4,Terrence Ross,0.0,ORL,MIA,1.0,208.5,103.8,17,13.5,22.9,36.0,SG/SF,4000,1,22.0,13.0,101,105,-2%,11,11,11,26,28,25,22.9,20.7,13.7,27.8,25.0,34.5,8.6,23.0,5.75,21.9,27.0,5.5,22.45,5.625,26.333333333333332,11.0,21.509999999999998,24.133333333333336,23.01835443037975
15,5,Derrick Favors,0.0,NO,LAL,9.5,226.0,108.3,5,29.0,36.5,42.8,PF/C,6200,4,16.0,18.0,103,102,-6%,9,9,7,31,30,23,36.7,26.9,14.1,39.7,33.9,45.0,7.3,32.3,5.2,32.9,31.0,5.3,32.599999999999994,5.25,28.0,8.333333333333334,30.0,36.1,36.09285714285714
15,6,Nikola Vucevic,0.0,ORL,MIA,1.0,208.5,103.8,29,37.3,42.8,49.0,C,8000,1,25.0,23.0,101,105,-7%,20,18,16,33,32,32,42.8,42.4,32.5,52.2,32.9,47.8,6.0,41.8,5.22,41.4,32.0,5.2,41.599999999999994,5.21,32.333333333333336,18.0,42.3,43.03333333333333,41.171134020618545
15,7,Jimmy Butler,0.0,MIA,ORL,-1.0,208.5,104.8,25,36.0,41.7,55.8,SG/SF,7800,0,26.0,24.0,100,105,2%,10,13,14,35,36,35,41.7,43.5,33.4,53.7,34.7,50.5,6.5,41.5,5.32,40.3,35.5,5.2,40.9,5.26,35.333333333333336,12.333333333333334,42.64,44.5,41.092924528301886
16,0,Russell Westbrook,0.0,HOU,PHI,-4.0,226.5,115.3,2,44.8,49.5,56.0,PG,9000,2,34.0,19.0,102,103,-9%,25,25,22,36,37,36,49.5,49.6,38.7,60.6,35.3,39.3,4.4,46.0,5.11,48.0,36.5,5.3,47.0,5.205,36.333333333333336,24.0,49.08,50.1,47.21559633027523
16,1,Kendrick Nunn,0.0,MIA,ORL,-1.0,208.5,104.8,12,15.5,23.4,29.5,PG/SG,4400,0,24.0,13.0,100,105,-2%,14,13,14,36,30,31,23.4,27.2,18.2,36.3,23.3,13.8,3.1,26.3,5.97,25.5,31.5,5.8,25.9,5.885,32.333333333333336,13.666666666666666,26.2,22.8,25.232474226804122
16,2,Kelly Oubre Jr.,0.0,PHO,NY,-7.0,223.5,115.3,11,15.8,37.6,51.8,SF/PF,6800,1,21.0,16.0,101,110,2%,18,14,14,38,36,34,37.9,34.2,23.7,44.7,39.6,45.3,6.7,35.0,5.15,34.8,36.0,5.1,34.9,5.125,36.0,15.333333333333334,35.08,35.06666666666667,34.9
16,3,Kenrich Williams,0.0,NO,LAL,9.5,226.0,108.3,25,2.8,8.2,17.3,SF/PF,3000,4,10.0,8.0,103,102,-6%,0,2,5,10,16,24,8.2,16.6,7.2,26.0,6.2,3.8,1.3,8.0,2.67,6.6,10.0,2.2,7.3,2.435,16.666666666666668,2.3333333333333335,13.059999999999999,9.433333333333334,4.379999999999999
16,4,Jimmy Butler,0.0,MIA,ORL,-1.0,208.5,104.8,25,36.0,41.7,55.8,SG/SF,7800,0,26.0,24.0,100,105,2%,10,13,14,35,36,35,41.7,43.5,33.4,53.7,34.7,50.5,6.5,41.5,5.32,40.3,35.5,5.2,40.9,5.26,35.333333333333336,12.333333333333334,42.64,44.5,41.092924528301886
16,5,JJ Redick,0.0,NO,LAL,9.5,226.0,108.3,3,3.0,17.3,22.0,SG/SF,3400,4,19.0,15.0,103,102,-3%,8,9,11,22,25,28,17.3,23.9,13.8,33.9,27.9,24.8,7.3,18.8,5.51,18.5,24.0,5.4,18.65,5.455,25.0,9.333333333333334,21.509999999999998,14.1,17.904
16,6,Alex Len,0.0,ATL,BOS,10.5,223.5,106.5,3,5.0,24.8,47.5,C,4300,3,18.0,18.0,101,102,-4%,9,7,7,22,19,19,24.8,20.0,9.0,31.0,22.5,24.0,5.6,21.3,4.94,18.3,18.5,4.3,19.8,4.62,20.0,7.666666666666667,20.919999999999998,25.766666666666666,18.315
16,7,RJ Barrett,0.0,NY,PHO,7.0,223.5,108.3,28,11.0,22.8,32.5,PG/SG,5100,1,24.0,10.0,105,109,-1%,13,13,13,28,30,31,22.8,26.5,14.9,38.0,30.8,22.5,4.4,26.8,5.25,24.8,29.0,4.9,25.8,5.075,29.666666666666668,13.0,25.6,22.099999999999998,25.22022471910112
17,0,CJ McCollum,0.0,POR,WAS,-6.5,235.5,121.0,14,26.5,32.7,39.0,PG/SG,7100,1,26.0,17.0,106,114,9%,19,20,20,35,37,37,32.7,36.9,25.4,48.4,35.6,40.0,5.6,40.5,5.7,38.2,37.5,5.4,39.35,5.550000000000001,36.333333333333336,19.666666666666668,36.55,32.733333333333334,40.61353211009174
17,1,Mikal Bridges,0.0,PHO,NY,-7.0,223.5,115.3,29,14.5,19.2,24.8,SG/SF,3800,1,13.0,13.0,101,110,2%,8,7,5,28,26,22,19.1,17.0,8.5,25.5,19.9,12.5,3.3,18.3,4.8,18.6,25.0,4.9,18.450000000000003,4.85,25.333333333333332,6.666666666666667,17.71,19.5,18.207236842105267
17,2,Johnathan Williams,0.0,WAS,POR,6.5,235.5,114.5,10,5.3,16.9,33.5,PF/C,3100,1,0.0,0.0,104,109,0%,1,2,2,15,19,19,12.8,12.8,4.6,20.9,16.2,20.0,6.5,13.3,4.27,14.8,16.5,4.8,14.05,4.535,17.666666666666668,1.6666666666666667,13.030000000000001,18.566666666666666,13.122169811320754
17,3,Furkan Korkmaz,0.0,PHI,HOU,4.0,226.5,111.3,20,12.3,20.5,33.5,SG/SF,3500,2,16.0,11.0,106,107,8%,8,10,7,16,20,21,20.5,14.2,6.1,22.3,18.5,13.3,3.8,15.8,4.5,16.1,23.0,4.6,15.950000000000001,4.55,19.0,8.333333333333334,15.809999999999999,22.099999999999998,19.30789473684211
17,4,Russell Westbrook,0.0,HOU,PHI,-4.0,226.5,115.3,2,44.8,49.5,56.0,PG,9000,2,34.0,19.0,102,103,-9%,25,25,22,36,37,36,49.5,49.6,38.7,60.6,35.3,39.3,4.4,46.0,5.11,48.0,36.5,5.3,47.0,5.205,36.333333333333336,24.0,49.08,50.1,47.21559633027523
17,5,Kentavious Caldwell-Pope,0.0,LAL,NO,-9.5,226.0,117.8,10,12.3,20.6,30.3,SG/SF,3900,1,15.0,12.0,105,109,0%,7,6,8,25,27,27,20.6,18.0,11.7,24.3,26.4,8.5,2.2,18.8,4.81,17.7,25.5,4.5,18.25,4.654999999999999,26.333333333333332,7.0,18.57,21.066666666666666,17.672468354430382
17,6,Al Horford,0.0,PHI,HOU,4.0,226.5,111.3,16,14.0,23.5,38.0,PF/C,5800,2,19.0,16.0,106,107,6%,9,9,12,28,31,31,23.4,30.6,21.6,39.6,34.1,20.5,3.5,30.8,5.3,29.8,30.5,5.1,30.3,5.199999999999999,30.0,10.0,29.1,25.166666666666668,30.805
17,7,De'Andre Hunter,0.0,ATL,BOS,10.5,223.5,106.5,12,9.5,21.0,30.3,SF/PF,4200,3,18.0,8.0,101,102,-9%,12,12,12,33,33,32,20.9,22.2,12.5,31.8,26.8,12.3,2.9,22.0,5.24,22.8,33.0,5.4,22.4,5.32,32.666666666666664,12.0,21.959999999999997,20.266666666666666,22.62857142857143
18,0,CJ McCollum,0.0,POR,WAS,-6.5,235.5,121.0,14,26.5,32.7,39.0,PG/SG,7100,1,26.0,17.0,106,114,9%,19,20,20,35,37,37,32.7,36.9,25.4,48.4,35.6,40.0,5.6,40.5,5.7,38.2,37.5,5.4,39.35,5.550000000000001,36.333333333333336,19.666666666666668,36.55,32.733333333333334,40.61353211009174
18,1,Danny Green,0.0,LAL,NO,-9.5,226.0,117.8,10,6.0,13.9,20.5,SG/SF,3700,1,14.0,11.0,105,109,0%,8,7,7,23,23,25,13.8,18.4,10.2,26.6,32.8,45.8,12.4,18.3,4.93,18.3,24.5,4.9,18.3,4.915,23.666666666666668,7.333333333333333,17.46,13.466666666666667,18.944366197183097
18,2,Jayson Tatum,0.0,BOS,ATL,-10.5,223.5,117.0,7,20.8,42.1,67.5,SF/PF,8200,2,28.0,18.0,106,111,22%,13,18,19,36,35,35,42.1,38.6,28.3,49.0,36.9,28.3,3.5,43.3,5.27,43.6,35.0,5.3,43.45,5.285,35.333333333333336,16.666666666666668,40.29,43.46666666666667,43.04009433962264
18,3,Dario Saric,0.0,PHO,NY,-7.0,223.5,115.3,11,4.0,13.8,27.5,SF/PF,3700,1,17.0,13.0,101,110,8%,4,6,9,16,18,27,13.8,24.8,12.6,36.9,4.0,1.3,0.4,15.3,4.12,12.9,14.5,3.5,14.100000000000001,3.81,20.333333333333332,6.333333333333333,20.439999999999998,15.1,10.054918032786887
18,4,RJ Barrett,0.0,NY,PHO,7.0,223.5,108.3,28,11.0,22.8,32.5,PG/SG,5100,1,24.0,10.0,105,109,-1%,13,13,13,28,30,31,22.8,26.5,14.9,38.0,30.8,22.5,4.4,26.8,5.25,24.8,29.0,4.9,25.8,5.075,29.666666666666668,13.0,25.6,22.099999999999998,25.22022471910112
18,5,Kevin Knox,0.0,NY,PHO,7.0,223.5,108.3,3,8.8,17.2,35.0,SF/PF,3200,1,0.0,0.0,105,109,5%,5,7,7,18,20,20,17.1,16.0,8.7,23.3,12.6,8.5,2.7,14.0,4.38,13.2,18.0,4.1,13.6,4.24,19.333333333333332,6.333333333333333,15.74,20.333333333333332,12.662068965517243
18,6,Mohamed Bamba,0.0,ORL,MIA,1.0,208.5,103.8,29,13.8,16.8,21.3,C,3500,1,0.0,0.0,101,105,-7%,5,5,5,14,15,16,16.8,16.4,8.7,24.0,15.1,20.8,5.9,16.5,4.71,15.5,15.5,4.4,16.0,4.555,15.0,5.0,16.380000000000003,17.3,16.53333333333333
18,7,Isaiah Thomas,0.0,WAS,POR,6.5,235.5,114.5,21,12.0,22.2,33.5,PG,5300,1,25.0,13.0,104,109,5%,11,13,12,21,25,25,22.2,23.9,15.2,32.6,1.5,1.5,0.3,22.3,4.2,27.9,26.0,5.3,25.1,4.75,23.666666666666668,12.0,23.8,22.566666666666666,27.57464788732394
19,0,Damian Lillard,0.0,POR,WAS,-6.5,235.5,121.0,14,34.8,46.4,54.0,PG,9700,1,30.0,24.0,106,114,9%,20,20,20,37,37,38,46.4,47.1,37.1,57.1,34.3,45.8,4.7,51.3,5.28,49.8,37.5,5.1,50.55,5.1899999999999995,37.333333333333336,20.0,47.65,45.06666666666666,50.77566964285714
19,1,Evan Fournier,0.0,ORL,MIA,1.0,208.5,103.8,17,18.5,28.8,36.5,SG/SF,6100,1,25.0,18.0,101,105,-3%,19,14,15,37,34,31,29.1,30.3,22.1,38.5,28.5,24.5,4.0,29.3,4.8,30.3,34.0,5.0,29.8,4.9,34.0,16.0,29.96,27.933333333333334,29.8
19,2,Brandon Ingram,0.0,NO,LAL,9.5,226.0,108.3,25,37.8,45.1,51.3,SF/PF,7800,4,29.0,22.0,103,102,-3%,17,17,19,35,36,35,45.1,44.2,36.3,52.1,35.1,33.8,4.3,39.3,5.03,41.1,36.0,5.3,40.2,5.165,35.333333333333336,17.666666666666668,43.58,44.73333333333333,40.95849056603774
19,3,Reggie Bullock,0.0,NY,PHO,7.0,223.5,108.3,18,15.0,19.8,30.3,SG/SF,3100,1,0.0,0.0,105,109,5%,0,0,0,0,0,0,0.0,0.0,0.0,0.0,18.6,17.5,5.6,10.5,3.39,8.5,11.5,2.7,9.5,3.045,0.0,0.0,1.9,21.7,0.0
19,4,Marcus Smart,0.0,BOS,ATL,-10.5,223.5,117.0,9,2.8,17.1,25.8,PG/SG,5100,2,18.0,13.0,106,111,-1%,11,9,11,27,30,32,21.1,27.5,20.0,34.9,35.5,46.5,9.1,30.5,5.98,30.2,34.0,5.9,30.35,5.94,29.666666666666668,10.333333333333334,26.77,15.233333333333334,34.78314606741573
19,5,Derrick Jones Jr.,0.0,MIA,ORL,-1.0,208.5,104.8,4,17.0,21.5,25.5,SF/PF,3900,0,14.0,14.0,100,105,-6%,9,8,6,29,31,25,21.5,18.8,10.8,26.7,31.6,9.5,2.4,22.3,5.71,20.8,28.0,5.3,21.55,5.505,28.333333333333332,7.666666666666667,19.869999999999997,21.333333333333332,21.296470588235294
19,6,JaVale McGee,0.0,LAL,NO,-9.5,226.0,117.8,5,11.0,18.1,24.8,C,3500,1,16.0,21.0,105,109,1%,5,4,5,18,16,17,18.1,19.0,9.2,28.9,15.1,18.8,5.4,19.8,5.64,17.9,15.5,5.1,18.85,5.369999999999999,17.0,4.666666666666667,18.810000000000002,17.96666666666667,17.186764705882354
19,7,Danny Green,0.0,LAL,NO,-9.5,226.0,117.8,10,6.0,13.9,20.5,SG/SF,3700,1,14.0,11.0,105,109,0%,8,7,7,23,23,25,13.8,18.4,10.2,26.6,32.8,45.8,12.4,18.3,4.93,18.3,24.5,4.9,18.3,4.915,23.666666666666668,7.333333333333333,17.46,13.466666666666667,18.944366197183097
20,0,Devin Booker,0.0,PHO,NY,-7.0,223.5,115.3,13,25.3,43.8,54.8,PG/SG,7900,1,29.0,20.0,101,110,-3%,21,20,18,38,38,36,43.8,41.1,29.3,53.0,38.5,51.3,6.5,41.8,5.28,41.6,36.5,5.3,41.7,5.29,37.333333333333336,19.666666666666668,41.78000000000001,41.3,40.769196428571426
20,1,Austin Rivers,0.0,HOU,PHI,-4.0,226.5,115.3,2,1.5,13.2,22.3,PG/SG,3500,2,15.0,10.0,102,103,-9%,4,6,7,19,19,23,13.2,15.3,7.1,23.5,6.5,6.5,1.9,6.0,1.71,0.0,0.0,0.0,3.0,0.855,20.333333333333332,5.666666666666667,12.42,12.333333333333334,0.0
20,2,Danuel House Jr.,0.0,HOU,PHI,-4.0,226.5,115.3,20,16.0,24.5,33.5,SF/PF,4700,2,14.0,12.0,102,103,-10%,14,13,9,31,34,32,24.4,22.7,14.6,30.8,29.2,10.0,2.1,21.0,4.47,20.5,31.0,4.4,20.75,4.4350000000000005,32.333333333333336,12.0,22.65,24.666666666666668,19.894329896907216
20,3,P.J. Tucker,0.0,HOU,PHI,-4.0,226.5,115.3,20,11.3,18.9,30.0,SF/PF,3900,2,9.0,10.0,102,103,1%,4,5,7,34,37,36,18.9,24.4,15.1,33.7,36.9,8.3,2.1,21.0,5.38,20.9,35.0,5.4,20.95,5.390000000000001,35.666666666666664,5.333333333333333,22.61,20.066666666666666,20.558411214953274
20,4,Eric Gordon,0.0,HOU,PHI,-4.0,226.5,115.3,30,11.0,21.6,28.3,SG/SF,3700,2,20.0,6.0,102,103,-7%,10,11,12,24,26,29,21.6,17.6,10.5,24.7,29.9,18.0,4.9,18.8,5.07,19.7,28.0,5.3,19.25,5.1850000000000005,26.333333333333332,11.0,18.73,20.3,20.468354430379748
20,5,LeBron James,0.0,LAL,NO,-9.5,226.0,117.8,15,45.5,58.2,72.3,PG/SF,11200,1,34.0,27.0,105,109,1%,16,18,20,36,37,36,58.8,56.2,44.8,67.6,37.2,54.5,4.9,58.5,5.22,59.7,36.0,5.3,59.1,5.26,36.333333333333336,18.0,57.3,58.666666666666664,58.55779816513761
20,6,Mohamed Bamba,0.0,ORL,MIA,1.0,208.5,103.8,29,13.8,16.8,21.3,C,3500,1,0.0,0.0,101,105,-7%,5,5,5,14,15,16,16.8,16.4,8.7,24.0,15.1,20.8,5.9,16.5,4.71,15.5,15.5,4.4,16.0,4.555,15.0,5.0,16.380000000000003,17.3,16.53333333333333
20,7,Troy Daniels,0.0,LAL,NO,-9.5,226.0,117.8,10,0.0,2.6,7.5,SG,3000,1,15.0,8.0,105,109,0%,3,2,4,7,7,13,3.4,7.4,1.6,13.2,9.0,3.0,1.0,5.0,1.67,0.0,0.0,0.0,2.5,0.835,9.0,3.0,5.62,3.3666666666666667,0.0
21,0,Elie Okobo,0.0,PHO,NY,-7.0,223.5,115.3,13,0.0,11.3,29.0,PG/SG,3000,1,20.0,16.0,101,110,3%,2,3,4,8,12,11,11.3,10.8,1.3,20.4,12.5,11.8,3.9,8.3,2.75,0.0,0.0,0.0,4.15,1.375,10.333333333333334,3.0,9.59,13.433333333333332,0.0
21,1,Josh Hart,0.0,NO,LAL,9.5,226.0,108.3,3,7.8,18.2,28.8,SG/SF,3900,4,16.0,12.0,103,102,-1%,8,8,9,26,28,29,22.0,25.2,16.6,33.7,24.5,15.5,4.0,18.3,4.68,20.0,26.0,5.1,19.15,4.89,27.666666666666668,8.333333333333334,23.330000000000002,18.266666666666666,17.99638554216867
21,2,Johnathan Williams,0.0,WAS,POR,6.5,235.5,114.5,10,5.3,16.9,33.5,PF/C,3100,1,0.0,0.0,104,109,0%,1,2,2,15,19,19,12.8,12.8,4.6,20.9,16.2,20.0,6.5,13.3,4.27,14.8,16.5,4.8,14.05,4.535,17.666666666666668,1.6666666666666667,13.030000000000001,18.566666666666666,13.122169811320754
21,3,Carmelo Anthony,0.0,POR,WAS,-6.5,235.5,121.0,1,18.8,27.7,38.8,SF/PF,6700,1,23.0,13.0,106,114,5%,17,15,15,34,35,33,27.6,29.7,20.1,39.4,30.6,30.0,4.5,32.8,4.89,32.4,34.5,4.8,32.599999999999994,4.845,34.0,15.666666666666666,29.879999999999995,28.433333333333334,33.079411764705874
21,4,Rajon Rondo,0.0,LAL,NO,-9.5,226.0,117.8,15,1.0,17.3,27.5,PG,4300,1,21.0,14.0,105,109,8%,5,7,7,17,20,21,17.3,21.4,11.3,31.5,15.3,15.3,3.6,20.5,4.77,19.5,19.0,4.5,20.0,4.635,19.333333333333332,6.333333333333333,20.3,15.266666666666666,19.655172413793103
21,5,Eric Gordon,0.0,HOU,PHI,-4.0,226.5,115.3,30,11.0,21.6,28.3,SG/SF,3700,2,20.0,6.0,102,103,-7%,10,11,12,24,26,29,21.6,17.6,10.5,24.7,29.9,18.0,4.9,18.8,5.07,19.7,28.0,5.3,19.25,5.1850000000000005,26.333333333333332,11.0,18.73,20.3,20.468354430379748
21,6,Bobby Portis,0.0,NY,PHO,7.0,223.5,108.3,12,13.0,19.7,27.0,PF/C,4100,1,21.0,15.0,105,109,-1%,12,10,9,21,22,22,19.7,21.4,11.4,31.5,19.8,29.0,7.1,22.5,5.49,18.8,20.0,4.6,20.65,5.045,21.666666666666668,10.333333333333334,20.93,19.900000000000002,19.061538461538458
21,7,Meyers Leonard,0.0,MIA,ORL,-1.0,208.5,104.8,6,2.0,15.0,24.5,PF/C,3200,0,12.0,12.0,100,105,-7%,5,5,4,23,23,19,14.9,14.4,5.5,23.3,26.7,20.8,6.5,13.5,4.22,15.2,21.0,4.8,14.35,4.51,21.666666666666668,4.666666666666667,14.49,13.833333333333334,13.908461538461538
23,0,CJ McCollum,0.0,POR,WAS,-6.5,235.5,121.0,14,26.5,32.7,39.0,PG/SG,7100,1,26.0,17.0,106,114,9%,19,20,20,35,37,37,32.7,36.9,25.4,48.4,35.6,40.0,5.6,40.5,5.7,38.2,37.5,5.4,39.35,5.550000000000001,36.333333333333336,19.666666666666668,36.55,32.733333333333334,40.61353211009174
23,1,Josh Richardson,0.0,PHI,HOU,4.0,226.5,111.3,20,20.5,31.2,36.0,SG/SF,5900,2,22.0,13.0,106,107,10%,12,14,13,35,35,33,31.1,29.0,20.9,37.2,38.5,20.5,3.5,30.8,5.21,31.7,35.5,5.4,31.25,5.305,34.333333333333336,13.0,29.890000000000004,29.233333333333334,32.31189320388349
23,2,John Collins,0.0,ATL,BOS,10.5,223.5,106.5,22,29.8,40.5,55.0,PF/C,7500,3,22.0,21.0,101,102,-1%,18,16,14,33,32,32,40.5,39.6,29.7,49.5,22.1,28.5,3.8,36.8,4.9,40.3,32.5,5.4,38.55,5.15,32.333333333333336,16.0,39.56999999999999,41.766666666666666,38.74871134020618
23,3,Troy Brown,0.0,WAS,POR,6.5,235.5,114.5,8,13.0,28.7,52.8,SG/SF,5400,1,17.0,14.0,104,109,8%,10,13,8,28,31,25,28.7,22.2,12.7,31.6,31.0,21.3,3.9,29.8,5.51,30.3,31.0,5.6,30.05,5.555,28.0,10.333333333333334,25.05,31.5,33.269642857142856
23,4,Danny Green,0.0,LAL,NO,-9.5,226.0,117.8,10,6.0,13.9,20.5,SG/SF,3700,1,14.0,11.0,105,109,0%,8,7,7,23,23,25,13.8,18.4,10.2,26.6,32.8,45.8,12.4,18.3,4.93,18.3,24.5,4.9,18.3,4.915,23.666666666666668,7.333333333333333,17.46,13.466666666666667,18.944366197183097
23,5,Kent Bazemore,0.0,POR,WAS,-6.5,235.5,121.0,23,5.3,14.3,22.0,SG/SF,3500,1,16.0,8.0,106,114,9%,8,7,8,26,27,25,14.3,18.7,11.3,26.2,34.7,18.5,5.3,23.3,6.64,19.7,28.0,5.6,21.5,6.119999999999999,26.0,7.666666666666667,18.4,13.866666666666667,23.153846153846153
23,6,Anzejs Pasecniks,0.0,WAS,POR,6.5,235.5,114.5,17,9.3,20.2,30.0,C,3200,1,0.0,0.0,104,109,7%,5,6,6,21,21,21,20.2,17.7,10.0,25.4,17.6,15.3,4.8,18.5,5.78,19.4,20.5,6.1,18.95,5.9399999999999995,21.0,5.666666666666667,18.45,19.833333333333332,18.498809523809523
23,7,Enes Kanter,0.0,BOS,ATL,-10.5,223.5,117.0,28,20.0,31.7,47.0,C,5500,2,19.0,25.0,106,111,2%,6,8,6,20,21,18,31.6,23.2,13.0,33.5,23.6,34.3,6.2,28.0,5.09,25.2,20.5,4.6,26.6,4.845,19.666666666666668,6.666666666666667,25.580000000000002,32.9,27.727118644067797
24,0,RJ Barrett,0.0,NY,PHO,7.0,223.5,108.3,28,11.0,22.8,32.5,PG/SG,5100,1,24.0,10.0,105,109,-1%,13,13,13,28,30,31,22.8,26.5,14.9,38.0,30.8,22.5,4.4,26.8,5.25,24.8,29.0,4.9,25.8,5.075,29.666666666666668,13.0,25.6,22.099999999999998,25.22022471910112
24,1,Garrison Mathews,0.0,WAS,POR,6.5,235.5,114.5,8,1.3,14.6,34.5,SG/SF,3000,1,0.0,0.0,104,109,5%,7,4,3,23,16,12,14.6,9.3,0.1,18.5,24.7,24.5,8.2,21.5,7.17,19.9,23.0,6.6,20.7,6.885,17.0,4.666666666666667,12.64,16.8,28.005882352941175
24,2,John Collins,0.0,ATL,BOS,10.5,223.5,106.5,22,29.8,40.5,55.0,PF/C,7500,3,22.0,21.0,101,102,-1%,18,16,14,33,32,32,40.5,39.6,29.7,49.5,22.1,28.5,3.8,36.8,4.9,40.3,32.5,5.4,38.55,5.15,32.333333333333336,16.0,39.56999999999999,41.766666666666666,38.74871134020618
24,3,Josh Hart,0.0,NO,LAL,9.5,226.0,108.3,3,7.8,18.2,28.8,SG/SF,3900,4,16.0,12.0,103,102,-1%,8,8,9,26,28,29,22.0,25.2,16.6,33.7,24.5,15.5,4.0,18.3,4.68,20.0,26.0,5.1,19.15,4.89,27.666666666666668,8.333333333333334,23.330000000000002,18.266666666666666,17.99638554216867
24,4,Avery Bradley,0.0,LAL,NO,-9.5,226.0,117.8,15,4.0,13.1,31.3,PG/SG,4500,1,16.0,8.0,105,109,0%,9,8,8,27,22,24,13.1,15.0,7.0,23.0,31.3,13.0,2.9,17.8,3.94,16.7,27.5,3.7,17.25,3.8200000000000003,24.333333333333332,8.333333333333334,15.069999999999999,16.133333333333336,19.49486301369863
24,5,Josh Richardson,0.0,PHI,HOU,4.0,226.5,111.3,20,20.5,31.2,36.0,SG/SF,5900,2,22.0,13.0,106,107,10%,12,14,13,35,35,33,31.1,29.0,20.9,37.2,38.5,20.5,3.5,30.8,5.21,31.7,35.5,5.4,31.25,5.305,34.333333333333336,13.0,29.890000000000004,29.233333333333334,32.31189320388349
24,6,Clint Capela,0.0,HOU,PHI,-4.0,226.5,115.3,9,28.8,36.8,43.5,C,6900,2,15.0,21.0,102,103,-11%,11,10,10,29,35,34,36.6,40.2,29.6,50.8,36.9,59.5,8.6,36.3,5.25,37.4,34.5,5.4,36.849999999999994,5.325,32.666666666666664,10.333333333333334,38.81,36.36666666666667,38.918112244897955
24,7,Dwight Howard,0.0,LAL,NO,-9.5,226.0,117.8,5,15.0,20.3,29.0,C,4200,1,13.0,18.0,105,109,1%,7,5,4,18,17,20,18.4,20.0,12.2,27.8,15.9,6.8,1.6,20.0,4.76,19.2,18.0,4.6,19.6,4.68,18.333333333333332,5.333333333333333,19.6,21.433333333333334,19.24363636363637
25,0,Austin Rivers,0.0,HOU,PHI,-4.0,226.5,115.3,2,1.5,13.2,22.3,PG/SG,3500,2,15.0,10.0,102,103,-9%,4,6,7,19,19,23,13.2,15.3,7.1,23.5,6.5,6.5,1.9,6.0,1.71,0.0,0.0,0.0,3.0,0.855,20.333333333333332,5.666666666666667,12.42,12.333333333333334,0.0
25,1,Avery Bradley,0.0,LAL,NO,-9.5,226.0,117.8,15,4.0,13.1,31.3,PG/SG,4500,1,16.0,8.0,105,109,0%,9,8,8,27,22,24,13.1,15.0,7.0,23.0,31.3,13.0,2.9,17.8,3.94,16.7,27.5,3.7,17.25,3.8200000000000003,24.333333333333332,8.333333333333334,15.069999999999999,16.133333333333336,19.49486301369863
25,2,Derrick Favors,0.0,NO,LAL,9.5,226.0,108.3,5,29.0,36.5,42.8,PF/C,6200,4,16.0,18.0,103,102,-6%,9,9,7,31,30,23,36.7,26.9,14.1,39.7,33.9,45.0,7.3,32.3,5.2,32.9,31.0,5.3,32.599999999999994,5.25,28.0,8.333333333333334,30.0,36.1,36.09285714285714
25,3,Cameron Johnson,0.0,PHO,NY,-7.0,223.5,115.3,11,6.8,13.3,22.8,SF/PF,3000,1,16.0,13.0,101,110,3%,4,5,7,16,20,21,13.1,16.3,8.1,24.5,18.2,6.3,2.1,13.8,4.58,11.6,16.0,3.9,12.7,4.24,19.0,5.333333333333333,14.940000000000001,14.300000000000002,10.694736842105263
25,4,Jordan McRae,0.0,WAS,POR,6.5,235.5,114.5,21,21.8,31.9,55.0,PG/SG,5800,1,22.0,18.0,104,109,-4%,13,12,9,33,27,21,31.9,23.0,11.2,34.9,33.1,50.3,8.7,34.5,5.95,35.6,32.0,6.1,35.05,6.025,27.0,11.333333333333334,27.21,36.233333333333334,41.54074074074074
25,5,Danny Green,0.0,LAL,NO,-9.5,226.0,117.8,10,6.0,13.9,20.5,SG/SF,3700,1,14.0,11.0,105,109,0%,8,7,7,23,23,25,13.8,18.4,10.2,26.6,32.8,45.8,12.4,18.3,4.93,18.3,24.5,4.9,18.3,4.915,23.666666666666668,7.333333333333333,17.46,13.466666666666667,18.944366197183097
25,6,Nikola Vucevic,0.0,ORL,MIA,1.0,208.5,103.8,29,37.3,42.8,49.0,C,8000,1,25.0,23.0,101,105,-7%,20,18,16,33,32,32,42.8,42.4,32.5,52.2,32.9,47.8,6.0,41.8,5.22,41.4,32.0,5.2,41.599999999999994,5.21,32.333333333333336,18.0,42.3,43.03333333333333,41.171134020618545
25,7,Frank Ntilikina,0.0,NY,PHO,7.0,223.5,108.3,28,6.5,17.2,34.3,PG/SG,3200,1,15.0,10.0,105,109,4%,4,4,6,20,15,23,17.1,16.7,5.5,27.8,16.4,10.0,3.1,12.8,3.98,12.3,17.5,3.8,12.55,3.8899999999999997,19.333333333333332,4.666666666666667,15.929999999999998,19.333333333333332,11.359913793103448
28,0,James Harden,0.0,HOU,PHI,-4.0,226.5,115.3,2,54.3,62.5,76.5,PG/SG,10900,2,38.0,32.0,102,103,-9%,22,22,25,37,37,38,62.5,63.6,51.4,75.7,40.8,83.3,7.6,59.0,5.41,58.0,36.5,5.3,58.5,5.355,37.333333333333336,23.0,62.34000000000001,64.43333333333334,57.19419642857142
28,1,Tyler Herro,0.0,MIA,ORL,-1.0,208.5,104.8,25,11.8,23.5,30.0,SG,3700,0,22.0,12.0,100,105,-2%,9,11,12,27,28,29,23.4,24.3,14.0,34.6,24.7,12.8,3.5,21.5,5.81,20.9,26.0,5.6,21.2,5.705,28.0,10.666666666666666,23.500000000000004,21.766666666666666,19.685714285714283
28,2,Johnathan Williams,0.0,WAS,POR,6.5,235.5,114.5,10,5.3,16.9,33.5,PF/C,3100,1,0.0,0.0,104,109,0%,1,2,2,15,19,19,12.8,12.8,4.6,20.9,16.2,20.0,6.5,13.3,4.27,14.8,16.5,4.8,14.05,4.535,17.666666666666668,1.6666666666666667,13.030000000000001,18.566666666666666,13.122169811320754
28,3,Eric Gordon,0.0,HOU,PHI,-4.0,226.5,115.3,30,11.0,21.6,28.3,SG/SF,3700,2,20.0,6.0,102,103,-7%,10,11,12,24,26,29,21.6,17.6,10.5,24.7,29.9,18.0,4.9,18.8,5.07,19.7,28.0,5.3,19.25,5.1850000000000005,26.333333333333332,11.0,18.73,20.3,20.468354430379748
28,4,Anfernee Simons,0.0,POR,WAS,-6.5,235.5,121.0,14,12.8,19.3,29.0,PG/SG,3800,1,19.0,10.0,106,114,9%,9,9,9,25,26,22,19.3,16.0,8.3,23.6,16.6,5.5,1.4,19.8,5.2,19.1,25.0,5.0,19.450000000000003,5.1,24.333333333333332,9.0,17.330000000000002,20.366666666666667,19.98287671232877
28,5,Brandon Ingram,0.0,NO,LAL,9.5,226.0,108.3,25,37.8,45.1,51.3,SF/PF,7800,4,29.0,22.0,103,102,-3%,17,17,19,35,36,35,45.1,44.2,36.3,52.1,35.1,33.8,4.3,39.3,5.03,41.1,36.0,5.3,40.2,5.165,35.333333333333336,17.666666666666668,43.58,44.73333333333333,40.95849056603774
28,6,John Collins,0.0,ATL,BOS,10.5,223.5,106.5,22,29.8,40.5,55.0,PF/C,7500,3,22.0,21.0,101,102,-1%,18,16,14,33,32,32,40.5,39.6,29.7,49.5,22.1,28.5,3.8,36.8,4.9,40.3,32.5,5.4,38.55,5.15,32.333333333333336,16.0,39.56999999999999,41.766666666666666,38.74871134020618
28,7,Terrence Ross,0.0,ORL,MIA,1.0,208.5,103.8,17,13.5,22.9,36.0,SG/SF,4000,1,22.0,13.0,101,105,-2%,11,11,11,26,28,25,22.9,20.7,13.7,27.8,25.0,34.5,8.6,23.0,5.75,21.9,27.0,5.5,22.45,5.625,26.333333333333332,11.0,21.509999999999998,24.133333333333336,23.01835443037975
30,0,Kevin Huerter,0.0,ATL,BOS,10.5,223.5,106.5,27,11.8,26.4,38.5,PG/SG,5200,3,19.0,11.0,101,102,-5%,13,12,9,31,31,26,26.4,22.0,14.3,29.6,38.8,38.3,7.4,23.5,4.52,25.3,32.0,4.9,24.4,4.71,29.333333333333332,11.333333333333334,23.339999999999996,25.566666666666666,26.618181818181817
30,1,Tyler Herro,0.0,MIA,ORL,-1.0,208.5,104.8,25,11.8,23.5,30.0,SG,3700,0,22.0,12.0,100,105,-2%,9,11,12,27,28,29,23.4,24.3,14.0,34.6,24.7,12.8,3.5,21.5,5.81,20.9,26.0,5.6,21.2,5.705,28.0,10.666666666666666,23.500000000000004,21.766666666666666,19.685714285714283
30,2,Cheick Diallo,0.0,PHO,NY,-7.0,223.5,115.3,1,1.0,5.5,10.5,PF/C,3000,1,0.0,0.0,101,110,8%,1,1,3,8,7,9,5.5,9.7,0.2,19.3,8.1,2.5,0.8,5.0,1.67,0.0,0.0,0.0,2.5,0.835,8.0,1.6666666666666667,7.44,5.666666666666667,0.0
30,3,P.J. Tucker,0.0,HOU,PHI,-4.0,226.5,115.3,20,11.3,18.9,30.0,SF/PF,3900,2,9.0,10.0,102,103,1%,4,5,7,34,37,36,18.9,24.4,15.1,33.7,36.9,8.3,2.1,21.0,5.38,20.9,35.0,5.4,20.95,5.390000000000001,35.666666666666664,5.333333333333333,22.61,20.066666666666666,20.558411214953274
30,4,Austin Rivers,0.0,HOU,PHI,-4.0,226.5,115.3,2,1.5,13.2,22.3,PG/SG,3500,2,15.0,10.0,102,103,-9%,4,6,7,19,19,23,13.2,15.3,7.1,23.5,6.5,6.5,1.9,6.0,1.71,0.0,0.0,0.0,3.0,0.855,20.333333333333332,5.666666666666667,12.42,12.333333333333334,0.0
30,5,Marcus Morris Sr.,0.0,NY,PHO,7.0,223.5,108.3,3,16.0,25.3,35.0,SF/PF,5600,1,0.0,0.0,105,109,-1%,14,13,14,28,29,32,25.3,31.1,19.2,43.0,35.0,39.8,7.1,26.8,4.78,27.7,30.0,4.9,27.25,4.84,29.666666666666668,13.666666666666666,29.170000000000005,25.433333333333334,27.5561797752809
30,6,Daniel Theis,0.0,BOS,ATL,-10.5,223.5,117.0,11,11.8,18.6,27.5,PF/C,3800,2,14.0,15.0,106,111,8%,6,5,6,20,20,23,18.6,21.6,14.5,28.7,24.4,29.5,7.8,21.8,5.72,21.5,22.0,5.7,21.65,5.71,21.0,5.666666666666667,21.01,19.3,22.680952380952377
30,7,Mitchell Robinson,0.0,NY,PHO,7.0,223.5,108.3,24,15.3,28.7,36.0,C,5800,1,15.0,25.0,105,109,3%,8,6,6,20,23,23,28.6,25.8,17.7,33.9,21.3,23.3,4.0,28.3,4.87,29.0,26.0,5.0,28.65,4.9350000000000005,22.0,6.666666666666667,26.93,26.666666666666668,33.85909090909091
31,0,Ben Simmons,0.0,PHI,HOU,4.0,226.5,111.3,23,35.5,48.0,58.8,PG/SF,8100,2,22.0,19.0,106,107,-2%,12,12,11,38,38,36,48.3,42.0,33.4,50.6,42.2,78.8,9.7,44.3,5.46,42.5,36.5,5.2,43.4,5.33,37.333333333333336,11.666666666666666,43.540000000000006,47.43333333333334,42.43125
31,1,Marcus Smart,0.0,BOS,ATL,-10.5,223.5,117.0,9,2.8,17.1,25.8,PG/SG,5100,2,18.0,13.0,106,111,-1%,11,9,11,27,30,32,21.1,27.5,20.0,34.9,35.5,46.5,9.1,30.5,5.98,30.2,34.0,5.9,30.35,5.94,29.666666666666668,10.333333333333334,26.77,15.233333333333334,34.78314606741573
31,2,Derrick Jones Jr.,0.0,MIA,ORL,-1.0,208.5,104.8,4,17.0,21.5,25.5,SF/PF,3900,0,14.0,14.0,100,105,-6%,9,8,6,29,31,25,21.5,18.8,10.8,26.7,31.6,9.5,2.4,22.3,5.71,20.8,28.0,5.3,21.55,5.505,28.333333333333332,7.666666666666667,19.869999999999997,21.333333333333332,21.296470588235294
31,3,Gordon Hayward,0.0,BOS,ATL,-10.5,223.5,117.0,7,26.8,34.8,44.5,SF/PF,7000,2,22.0,21.0,106,111,22%,14,12,13,35,32,32,34.8,34.8,22.9,46.7,37.0,30.0,4.3,39.3,5.61,39.4,33.5,5.6,39.349999999999994,5.605,33.0,13.0,35.709999999999994,35.36666666666667,39.94621212121211
31,4,Kent Bazemore,0.0,POR,WAS,-6.5,235.5,121.0,23,5.3,14.3,22.0,SG/SF,3500,1,16.0,8.0,106,114,9%,8,7,8,26,27,25,14.3,18.7,11.3,26.2,34.7,18.5,5.3,23.3,6.64,19.7,28.0,5.6,21.5,6.119999999999999,26.0,7.666666666666667,18.4,13.866666666666667,23.153846153846153
31,5,P.J. Tucker,0.0,HOU,PHI,-4.0,226.5,115.3,20,11.3,18.9,30.0,SF/PF,3900,2,9.0,10.0,102,103,1%,4,5,7,34,37,36,18.9,24.4,15.1,33.7,36.9,8.3,2.1,21.0,5.38,20.9,35.0,5.4,20.95,5.390000000000001,35.666666666666664,5.333333333333333,22.61,20.066666666666666,20.558411214953274
31,6,John Collins,0.0,ATL,BOS,10.5,223.5,106.5,22,29.8,40.5,55.0,PF/C,7500,3,22.0,21.0,101,102,-1%,18,16,14,33,32,32,40.5,39.6,29.7,49.5,22.1,28.5,3.8,36.8,4.9,40.3,32.5,5.4,38.55,5.15,32.333333333333336,16.0,39.56999999999999,41.766666666666666,38.74871134020618
31,7,Duncan Robinson,0.0,MIA,ORL,-1.0,208.5,104.8,25,11.5,20.1,27.8,SG/SF,4000,0,14.0,14.0,100,105,-2%,8,7,9,25,23,28,20.1,21.0,11.3,30.7,30.8,14.8,3.7,18.0,4.5,16.7,25.0,4.2,17.35,4.35,25.333333333333332,8.0,20.089999999999996,19.8,17.12171052631579
32,0,Russell Westbrook,0.0,HOU,PHI,-4.0,226.5,115.3,2,44.8,49.5,56.0,PG,9000,2,34.0,19.0,102,103,-9%,25,25,22,36,37,36,49.5,49.6,38.7,60.6,35.3,39.3,4.4,46.0,5.11,48.0,36.5,5.3,47.0,5.205,36.333333333333336,24.0,49.08,50.1,47.21559633027523
32,1,Brandon Goodwin,0.0,ATL,BOS,10.5,223.5,106.5,27,-0.5,11.7,40.3,PG/SG,3900,3,0.0,0.0,101,102,-9%,8,5,5,17,11,11,11.7,11.7,-5.1,28.4,12.8,21.5,5.5,5.0,1.28,0.0,0.0,0.0,2.5,0.64,13.0,6.0,9.84,17.166666666666668,0.0
32,2,Derrick Jones Jr.,0.0,MIA,ORL,-1.0,208.5,104.8,4,17.0,21.5,25.5,SF/PF,3900,0,14.0,14.0,100,105,-6%,9,8,6,29,31,25,21.5,18.8,10.8,26.7,31.6,9.5,2.4,22.3,5.71,20.8,28.0,5.3,21.55,5.505,28.333333333333332,7.666666666666667,19.869999999999997,21.333333333333332,21.296470588235294
32,3,Isaac Bonga,0.0,WAS,POR,6.5,235.5,114.5,24,4.5,10.5,18.5,SF,3000,1,10.0,10.0,104,109,5%,2,3,3,14,13,16,10.4,10.6,4.6,16.6,9.4,5.8,1.9,11.8,3.92,12.1,16.0,4.0,11.95,3.96,14.333333333333334,2.6666666666666665,10.830000000000002,11.166666666666666,13.33953488372093
32,4,Troy Brown,0.0,WAS,POR,6.5,235.5,114.5,8,13.0,28.7,52.8,SG/SF,5400,1,17.0,14.0,104,109,8%,10,13,8,28,31,25,28.7,22.2,12.7,31.6,31.0,21.3,3.9,29.8,5.51,30.3,31.0,5.6,30.05,5.555,28.0,10.333333333333334,25.05,31.5,33.269642857142856
32,5,De'Andre Hunter,0.0,ATL,BOS,10.5,223.5,106.5,12,9.5,21.0,30.3,SF/PF,4200,3,18.0,8.0,101,102,-9%,12,12,12,33,33,32,20.9,22.2,12.5,31.8,26.8,12.3,2.9,22.0,5.24,22.8,33.0,5.4,22.4,5.32,32.666666666666664,12.0,21.959999999999997,20.266666666666666,22.62857142857143
32,6,Daniel Theis,0.0,BOS,ATL,-10.5,223.5,117.0,11,11.8,18.6,27.5,PF/C,3800,2,14.0,15.0,106,111,8%,6,5,6,20,20,23,18.6,21.6,14.5,28.7,24.4,29.5,7.8,21.8,5.72,21.5,22.0,5.7,21.65,5.71,21.0,5.666666666666667,21.01,19.3,22.680952380952377
32,7,Alex Len,0.0,ATL,BOS,10.5,223.5,106.5,3,5.0,24.8,47.5,C,4300,3,18.0,18.0,101,102,-4%,9,7,7,22,19,19,24.8,20.0,9.0,31.0,22.5,24.0,5.6,21.3,4.94,18.3,18.5,4.3,19.8,4.62,20.0,7.666666666666667,20.919999999999998,25.766666666666666,18.315
33,0,Damian Lillard,0.0,POR,WAS,-6.5,235.5,121.0,14,34.8,46.4,54.0,PG,9700,1,30.0,24.0,106,114,9%,20,20,20,37,37,38,46.4,47.1,37.1,57.1,34.3,45.8,4.7,51.3,5.28,49.8,37.5,5.1,50.55,5.1899999999999995,37.333333333333336,20.0,47.65,45.06666666666666,50.77566964285714
33,1,Brandon Goodwin,0.0,ATL,BOS,10.5,223.5,106.5,27,-0.5,11.7,40.3,PG/SG,3900,3,0.0,0.0,101,102,-9%,8,5,5,17,11,11,11.7,11.7,-5.1,28.4,12.8,21.5,5.5,5.0,1.28,0.0,0.0,0.0,2.5,0.64,13.0,6.0,9.84,17.166666666666668,0.0
33,2,Bobby Portis,0.0,NY,PHO,7.0,223.5,108.3,12,13.0,19.7,27.0,PF/C,4100,1,21.0,15.0,105,109,-1%,12,10,9,21,22,22,19.7,21.4,11.4,31.5,19.8,29.0,7.1,22.5,5.49,18.8,20.0,4.6,20.65,5.045,21.666666666666668,10.333333333333334,20.93,19.900000000000002,19.061538461538458
33,3,Jimmy Butler,0.0,MIA,ORL,-1.0,208.5,104.8,25,36.0,41.7,55.8,SG/SF,7800,0,26.0,24.0,100,105,2%,10,13,14,35,36,35,41.7,43.5,33.4,53.7,34.7,50.5,6.5,41.5,5.32,40.3,35.5,5.2,40.9,5.26,35.333333333333336,12.333333333333334,42.64,44.5,41.092924528301886
33,4,Markelle Fultz,0.0,ORL,MIA,1.0,208.5,103.8,10,15.8,25.1,37.0,PG/SG,4900,1,22.0,14.0,101,105,-10%,10,10,10,26,28,26,25.1,24.0,17.9,30.0,31.6,22.8,4.7,25.8,5.26,24.4,29.0,5.0,25.1,5.13,26.666666666666668,10.0,24.419999999999998,25.96666666666667,27.29625
33,5,Terrence Ross,0.0,ORL,MIA,1.0,208.5,103.8,17,13.5,22.9,36.0,SG/SF,4000,1,22.0,13.0,101,105,-2%,11,11,11,26,28,25,22.9,20.7,13.7,27.8,25.0,34.5,8.6,23.0,5.75,21.9,27.0,5.5,22.45,5.625,26.333333333333332,11.0,21.509999999999998,24.133333333333336,23.01835443037975
33,6,Meyers Leonard,0.0,MIA,ORL,-1.0,208.5,104.8,6,2.0,15.0,24.5,PF/C,3200,0,12.0,12.0,100,105,-7%,5,5,4,23,23,19,14.9,14.4,5.5,23.3,26.7,20.8,6.5,13.5,4.22,15.2,21.0,4.8,14.35,4.51,21.666666666666668,4.666666666666667,14.49,13.833333333333334,13.908461538461538
33,7,Marcus Morris Sr.,0.0,NY,PHO,7.0,223.5,108.3,3,16.0,25.3,35.0,SF/PF,5600,1,0.0,0.0,105,109,-1%,14,13,14,28,29,32,25.3,31.1,19.2,43.0,35.0,39.8,7.1,26.8,4.78,27.7,30.0,4.9,27.25,4.84,29.666666666666668,13.666666666666666,29.170000000000005,25.433333333333334,27.5561797752809
34,0,D.J. Augustin,0.0,ORL,MIA,1.0,208.5,103.8,10,6.8,24.6,46.8,PG,5000,1,20.0,15.0,101,105,-10%,12,11,9,30,29,26,26.4,22.6,13.6,31.6,28.8,25.0,5.0,23.0,4.6,23.7,28.0,4.7,23.35,4.65,28.333333333333332,10.666666666666666,23.509999999999998,26.066666666666666,23.07529411764706
34,1,Tyler Herro,0.0,MIA,ORL,-1.0,208.5,104.8,25,11.8,23.5,30.0,SG,3700,0,22.0,12.0,100,105,-2%,9,11,12,27,28,29,23.4,24.3,14.0,34.6,24.7,12.8,3.5,21.5,5.81,20.9,26.0,5.6,21.2,5.705,28.0,10.666666666666666,23.500000000000004,21.766666666666666,19.685714285714283
34,2,Taj Gibson,0.0,NY,PHO,7.0,223.5,108.3,12,3.5,7.6,12.3,PF/C,3000,1,14.0,12.0,105,109,-1%,2,3,4,11,12,16,7.5,13.2,6.5,19.9,13.9,9.0,3.0,9.5,3.17,9.6,11.5,3.2,9.55,3.185,13.0,3.0,11.329999999999998,7.8,8.448076923076924
34,3,Admiral Schofield,0.0,WAS,POR,6.5,235.5,114.5,24,-0.5,3.2,12.5,SF/PF,3000,1,12.0,7.0,104,109,5%,1,2,3,3,9,11,3.1,6.6,-1.5,14.7,12.4,3.5,1.2,3.3,1.08,0.0,0.0,0.0,1.65,0.54,7.666666666666667,2.0,4.909999999999999,5.066666666666666,0.0
34,4,Jimmy Butler,0.0,MIA,ORL,-1.0,208.5,104.8,25,36.0,41.7,55.8,SG/SF,7800,0,26.0,24.0,100,105,2%,10,13,14,35,36,35,41.7,43.5,33.4,53.7,34.7,50.5,6.5,41.5,5.32,40.3,35.5,5.2,40.9,5.26,35.333333333333336,12.333333333333334,42.64,44.5,41.092924528301886
34,5,Jayson Tatum,0.0,BOS,ATL,-10.5,223.5,117.0,7,20.8,42.1,67.5,SF/PF,8200,2,28.0,18.0,106,111,22%,13,18,19,36,35,35,42.1,38.6,28.3,49.0,36.9,28.3,3.5,43.3,5.27,43.6,35.0,5.3,43.45,5.285,35.333333333333336,16.666666666666668,40.29,43.46666666666667,43.04009433962264
34,6,John Collins,0.0,ATL,BOS,10.5,223.5,106.5,22,29.8,40.5,55.0,PF/C,7500,3,22.0,21.0,101,102,-1%,18,16,14,33,32,32,40.5,39.6,29.7,49.5,22.1,28.5,3.8,36.8,4.9,40.3,32.5,5.4,38.55,5.15,32.333333333333336,16.0,39.56999999999999,41.766666666666666,38.74871134020618
34,7,Furkan Korkmaz,0.0,PHI,HOU,4.0,226.5,111.3,20,12.3,20.5,33.5,SG/SF,3500,2,16.0,11.0,106,107,8%,8,10,7,16,20,21,20.5,14.2,6.1,22.3,18.5,13.3,3.8,15.8,4.5,16.1,23.0,4.6,15.950000000000001,4.55,19.0,8.333333333333334,15.809999999999999,22.099999999999998,19.30789473684211
35,0,Kevin Huerter,0.0,ATL,BOS,10.5,223.5,106.5,27,11.8,26.4,38.5,PG/SG,5200,3,19.0,11.0,101,102,-5%,13,12,9,31,31,26,26.4,22.0,14.3,29.6,38.8,38.3,7.4,23.5,4.52,25.3,32.0,4.9,24.4,4.71,29.333333333333332,11.333333333333334,23.339999999999996,25.566666666666666,26.618181818181817
35,1,JJ Redick,0.0,NO,LAL,9.5,226.0,108.3,3,3.0,17.3,22.0,SG/SF,3400,4,19.0,15.0,103,102,-3%,8,9,11,22,25,28,17.3,23.9,13.8,33.9,27.9,24.8,7.3,18.8,5.51,18.5,24.0,5.4,18.65,5.455,25.0,9.333333333333334,21.509999999999998,14.1,17.904
35,2,Meyers Leonard,0.0,MIA,ORL,-1.0,208.5,104.8,6,2.0,15.0,24.5,PF/C,3200,0,12.0,12.0,100,105,-7%,5,5,4,23,23,19,14.9,14.4,5.5,23.3,26.7,20.8,6.5,13.5,4.22,15.2,21.0,4.8,14.35,4.51,21.666666666666668,4.666666666666667,14.49,13.833333333333334,13.908461538461538
35,3,Brandon Ingram,0.0,NO,LAL,9.5,226.0,108.3,25,37.8,45.1,51.3,SF/PF,7800,4,29.0,22.0,103,102,-3%,17,17,19,35,36,35,45.1,44.2,36.3,52.1,35.1,33.8,4.3,39.3,5.03,41.1,36.0,5.3,40.2,5.165,35.333333333333336,17.666666666666668,43.58,44.73333333333333,40.95849056603774
35,4,Duncan Robinson,0.0,MIA,ORL,-1.0,208.5,104.8,25,11.5,20.1,27.8,SG/SF,4000,0,14.0,14.0,100,105,-2%,8,7,9,25,23,28,20.1,21.0,11.3,30.7,30.8,14.8,3.7,18.0,4.5,16.7,25.0,4.2,17.35,4.35,25.333333333333332,8.0,20.089999999999996,19.8,17.12171052631579
35,5,Cameron Johnson,0.0,PHO,NY,-7.0,223.5,115.3,11,6.8,13.3,22.8,SF/PF,3000,1,16.0,13.0,101,110,3%,4,5,7,16,20,21,13.1,16.3,8.1,24.5,18.2,6.3,2.1,13.8,4.58,11.6,16.0,3.9,12.7,4.24,19.0,5.333333333333333,14.940000000000001,14.300000000000002,10.694736842105263
35,6,Julius Randle,0.0,NY,PHO,7.0,223.5,108.3,12,33.5,48.2,61.0,PF/C,7700,1,27.0,18.0,105,109,-1%,18,20,15,34,34,32,48.2,37.0,27.3,46.6,34.6,39.8,5.2,42.8,5.55,39.8,34.0,5.2,41.3,5.375,33.333333333333336,17.666666666666668,40.080000000000005,47.56666666666666,42.126
35,7,DeAndre' Bembry,0.0,ATL,BOS,10.5,223.5,106.5,2,10.3,13.5,16.5,SG/SF,3200,3,14.0,11.0,101,102,-4%,5,6,6,21,19,23,13.5,17.8,7.8,27.8,13.4,5.5,1.7,13.3,4.14,11.5,15.5,3.6,12.4,3.87,21.0,5.666666666666667,15.860000000000003,13.433333333333332,9.152380952380952
36,0,Ben Simmons,0.0,PHI,HOU,4.0,226.5,111.3,23,35.5,48.0,58.8,PG/SF,8100,2,22.0,19.0,106,107,-2%,12,12,11,38,38,36,48.3,42.0,33.4,50.6,42.2,78.8,9.7,44.3,5.46,42.5,36.5,5.2,43.4,5.33,37.333333333333336,11.666666666666666,43.540000000000006,47.43333333333334,42.43125
36,1,Kevin Huerter,0.0,ATL,BOS,10.5,223.5,106.5,27,11.8,26.4,38.5,PG/SG,5200,3,19.0,11.0,101,102,-5%,13,12,9,31,31,26,26.4,22.0,14.3,29.6,38.8,38.3,7.4,23.5,4.52,25.3,32.0,4.9,24.4,4.71,29.333333333333332,11.333333333333334,23.339999999999996,25.566666666666666,26.618181818181817
36,2,Gordon Hayward,0.0,BOS,ATL,-10.5,223.5,117.0,7,26.8,34.8,44.5,SF/PF,7000,2,22.0,21.0,106,111,22%,14,12,13,35,32,32,34.8,34.8,22.9,46.7,37.0,30.0,4.3,39.3,5.61,39.4,33.5,5.6,39.349999999999994,5.605,33.0,13.0,35.709999999999994,35.36666666666667,39.94621212121211
36,3,DeAndre' Bembry,0.0,ATL,BOS,10.5,223.5,106.5,2,10.3,13.5,16.5,SG/SF,3200,3,14.0,11.0,101,102,-4%,5,6,6,21,19,23,13.5,17.8,7.8,27.8,13.4,5.5,1.7,13.3,4.14,11.5,15.5,3.6,12.4,3.87,21.0,5.666666666666667,15.860000000000003,13.433333333333332,9.152380952380952
36,4,Austin Rivers,0.0,HOU,PHI,-4.0,226.5,115.3,2,1.5,13.2,22.3,PG/SG,3500,2,15.0,10.0,102,103,-9%,4,6,7,19,19,23,13.2,15.3,7.1,23.5,6.5,6.5,1.9,6.0,1.71,0.0,0.0,0.0,3.0,0.855,20.333333333333332,5.666666666666667,12.42,12.333333333333334,0.0
36,5,Danuel House Jr.,0.0,HOU,PHI,-4.0,226.5,115.3,20,16.0,24.5,33.5,SF/PF,4700,2,14.0,12.0,102,103,-10%,14,13,9,31,34,32,24.4,22.7,14.6,30.8,29.2,10.0,2.1,21.0,4.47,20.5,31.0,4.4,20.75,4.4350000000000005,32.333333333333336,12.0,22.65,24.666666666666668,19.894329896907216
36,6,John Collins,0.0,ATL,BOS,10.5,223.5,106.5,22,29.8,40.5,55.0,PF/C,7500,3,22.0,21.0,101,102,-1%,18,16,14,33,32,32,40.5,39.6,29.7,49.5,22.1,28.5,3.8,36.8,4.9,40.3,32.5,5.4,38.55,5.15,32.333333333333336,16.0,39.56999999999999,41.766666666666666,38.74871134020618
36,7,Dario Saric,0.0,PHO,NY,-7.0,223.5,115.3,11,4.0,13.8,27.5,SF/PF,3700,1,17.0,13.0,101,110,8%,4,6,9,16,18,27,13.8,24.8,12.6,36.9,4.0,1.3,0.4,15.3,4.12,12.9,14.5,3.5,14.100000000000001,3.81,20.333333333333332,6.333333333333333,20.439999999999998,15.1,10.054918032786887
37,0,LeBron James,0.0,LAL,NO,-9.5,226.0,117.8,15,45.5,58.2,72.3,PG/SF,11200,1,34.0,27.0,105,109,1%,16,18,20,36,37,36,58.8,56.2,44.8,67.6,37.2,54.5,4.9,58.5,5.22,59.7,36.0,5.3,59.1,5.26,36.333333333333336,18.0,57.3,58.666666666666664,58.55779816513761
37,1,Anfernee Simons,0.0,POR,WAS,-6.5,235.5,121.0,14,12.8,19.3,29.0,PG/SG,3800,1,19.0,10.0,106,114,9%,9,9,9,25,26,22,19.3,16.0,8.3,23.6,16.6,5.5,1.4,19.8,5.2,19.1,25.0,5.0,19.450000000000003,5.1,24.333333333333332,9.0,17.330000000000002,20.366666666666667,19.98287671232877
37,2,Kelly Oubre Jr.,0.0,PHO,NY,-7.0,223.5,115.3,11,15.8,37.6,51.8,SF/PF,6800,1,21.0,16.0,101,110,2%,18,14,14,38,36,34,37.9,34.2,23.7,44.7,39.6,45.3,6.7,35.0,5.15,34.8,36.0,5.1,34.9,5.125,36.0,15.333333333333334,35.08,35.06666666666667,34.9
37,3,Reggie Bullock,0.0,NY,PHO,7.0,223.5,108.3,18,15.0,19.8,30.3,SG/SF,3100,1,0.0,0.0,105,109,5%,0,0,0,0,0,0,0.0,0.0,0.0,0.0,18.6,17.5,5.6,10.5,3.39,8.5,11.5,2.7,9.5,3.045,0.0,0.0,1.9,21.7,0.0
37,4,Gary Payton II,0.0,WAS,POR,6.5,235.5,114.5,21,7.3,27.6,44.3,PG/SG,4300,1,0.0,0.0,104,109,5%,7,8,8,12,24,24,27.6,27.6,13.0,42.2,34.8,12.8,3.0,17.3,4.01,20.3,19.5,4.7,18.8,4.355,20.0,7.666666666666667,25.840000000000003,26.399999999999995,18.330000000000002
37,5,Jayson Tatum,0.0,BOS,ATL,-10.5,223.5,117.0,7,20.8,42.1,67.5,SF/PF,8200,2,28.0,18.0,106,111,22%,13,18,19,36,35,35,42.1,38.6,28.3,49.0,36.9,28.3,3.5,43.3,5.27,43.6,35.0,5.3,43.45,5.285,35.333333333333336,16.666666666666668,40.29,43.46666666666667,43.04009433962264
37,6,Anzejs Pasecniks,0.0,WAS,POR,6.5,235.5,114.5,17,9.3,20.2,30.0,C,3200,1,0.0,0.0,104,109,7%,5,6,6,21,21,21,20.2,17.7,10.0,25.4,17.6,15.3,4.8,18.5,5.78,19.4,20.5,6.1,18.95,5.9399999999999995,21.0,5.666666666666667,18.45,19.833333333333332,18.498809523809523
37,7,Austin Rivers,0.0,HOU,PHI,-4.0,226.5,115.3,2,1.5,13.2,22.3,PG/SG,3500,2,15.0,10.0,102,103,-9%,4,6,7,19,19,23,13.2,15.3,7.1,23.5,6.5,6.5,1.9,6.0,1.71,0.0,0.0,0.0,3.0,0.855,20.333333333333332,5.666666666666667,12.42,12.333333333333334,0.0
38,0,Trae Young,0.0,ATL,BOS,10.5,223.5,106.5,27,14.0,51.3,67.0,PG,9200,3,36.0,23.0,101,102,-9%,26,26,22,38,39,36,58.5,51.2,38.2,64.2,36.7,50.3,5.5,44.0,4.78,45.4,35.0,4.9,44.7,4.84,37.666666666666664,24.666666666666668,51.36,44.1,41.5353982300885
38,1,Allen Crabbe,0.0,ATL,BOS,10.5,223.5,106.5,2,4.0,13.0,32.5,SG/SF,3200,3,13.0,8.0,101,102,-5%,7,6,6,17,18,19,13.0,11.9,5.0,18.8,24.1,14.8,4.6,4.3,1.33,0.0,0.0,0.0,2.15,0.665,18.0,6.333333333333333,10.17,16.5,0.0
38,2,Julius Randle,0.0,NY,PHO,7.0,223.5,108.3,12,33.5,48.2,61.0,PF/C,7700,1,27.0,18.0,105,109,-1%,18,20,15,34,34,32,48.2,37.0,27.3,46.6,34.6,39.8,5.2,42.8,5.55,39.8,34.0,5.2,41.3,5.375,33.333333333333336,17.666666666666668,40.080000000000005,47.56666666666666,42.126
38,3,JJ Redick,0.0,NO,LAL,9.5,226.0,108.3,3,3.0,17.3,22.0,SG/SF,3400,4,19.0,15.0,103,102,-3%,8,9,11,22,25,28,17.3,23.9,13.8,33.9,27.9,24.8,7.3,18.8,5.51,18.5,24.0,5.4,18.65,5.455,25.0,9.333333333333334,21.509999999999998,14.1,17.904
38,4,Kendrick Nunn,0.0,MIA,ORL,-1.0,208.5,104.8,12,15.5,23.4,29.5,PG/SG,4400,0,24.0,13.0,100,105,-2%,14,13,14,36,30,31,23.4,27.2,18.2,36.3,23.3,13.8,3.1,26.3,5.97,25.5,31.5,5.8,25.9,5.885,32.333333333333336,13.666666666666666,26.2,22.8,25.232474226804122
38,5,DeAndre' Bembry,0.0,ATL,BOS,10.5,223.5,106.5,2,10.3,13.5,16.5,SG/SF,3200,3,14.0,11.0,101,102,-4%,5,6,6,21,19,23,13.5,17.8,7.8,27.8,13.4,5.5,1.7,13.3,4.14,11.5,15.5,3.6,12.4,3.87,21.0,5.666666666666667,15.860000000000003,13.433333333333332,9.152380952380952
38,6,Kelly Olynyk,0.0,MIA,ORL,-1.0,208.5,104.8,6,1.3,6.0,18.8,PF/C,3000,0,16.0,13.0,100,105,-7%,1,3,6,5,12,21,11.3,18.1,7.3,28.9,12.0,8.8,2.9,6.5,2.17,0.0,0.0,0.0,3.25,1.085,12.666666666666666,3.3333333333333335,13.77,8.700000000000001,0.0
38,7,Gary Payton II,0.0,WAS,POR,6.5,235.5,114.5,21,7.3,27.6,44.3,PG/SG,4300,1,0.0,0.0,104,109,5%,7,8,8,12,24,24,27.6,27.6,13.0,42.2,34.8,12.8,3.0,17.3,4.01,20.3,19.5,4.7,18.8,4.355,20.0,7.666666666666667,25.840000000000003,26.399999999999995,18.330000000000002
39,0,Kevin Huerter,0.0,ATL,BOS,10.5,223.5,106.5,27,11.8,26.4,38.5,PG/SG,5200,3,19.0,11.0,101,102,-5%,13,12,9,31,31,26,26.4,22.0,14.3,29.6,38.8,38.3,7.4,23.5,4.52,25.3,32.0,4.9,24.4,4.71,29.333333333333332,11.333333333333334,23.339999999999996,25.566666666666666,26.618181818181817
39,1,Tyler Herro,0.0,MIA,ORL,-1.0,208.5,104.8,25,11.8,23.5,30.0,SG,3700,0,22.0,12.0,100,105,-2%,9,11,12,27,28,29,23.4,24.3,14.0,34.6,24.7,12.8,3.5,21.5,5.81,20.9,26.0,5.6,21.2,5.705,28.0,10.666666666666666,23.500000000000004,21.766666666666666,19.685714285714283
39,2,Carmelo Anthony,0.0,POR,WAS,-6.5,235.5,121.0,1,18.8,27.7,38.8,SF/PF,6700,1,23.0,13.0,106,114,5%,17,15,15,34,35,33,27.6,29.7,20.1,39.4,30.6,30.0,4.5,32.8,4.89,32.4,34.5,4.8,32.599999999999994,4.845,34.0,15.666666666666666,29.879999999999995,28.433333333333334,33.079411764705874
39,3,Jayson Tatum,0.0,BOS,ATL,-10.5,223.5,117.0,7,20.8,42.1,67.5,SF/PF,8200,2,28.0,18.0,106,111,22%,13,18,19,36,35,35,42.1,38.6,28.3,49.0,36.9,28.3,3.5,43.3,5.27,43.6,35.0,5.3,43.45,5.285,35.333333333333336,16.666666666666668,40.29,43.46666666666667,43.04009433962264
39,4,Danny Green,0.0,LAL,NO,-9.5,226.0,117.8,10,6.0,13.9,20.5,SG/SF,3700,1,14.0,11.0,105,109,0%,8,7,7,23,23,25,13.8,18.4,10.2,26.6,32.8,45.8,12.4,18.3,4.93,18.3,24.5,4.9,18.3,4.915,23.666666666666668,7.333333333333333,17.46,13.466666666666667,18.944366197183097
39,5,Bobby Portis,0.0,NY,PHO,7.0,223.5,108.3,12,13.0,19.7,27.0,PF/C,4100,1,21.0,15.0,105,109,-1%,12,10,9,21,22,22,19.7,21.4,11.4,31.5,19.8,29.0,7.1,22.5,5.49,18.8,20.0,4.6,20.65,5.045,21.666666666666668,10.333333333333334,20.93,19.900000000000002,19.061538461538458
39,6,Cheick Diallo,0.0,PHO,NY,-7.0,223.5,115.3,1,1.0,5.5,10.5,PF/C,3000,1,0.0,0.0,101,110,8%,1,1,3,8,7,9,5.5,9.7,0.2,19.3,8.1,2.5,0.8,5.0,1.67,0.0,0.0,0.0,2.5,0.835,8.0,1.6666666666666667,7.44,5.666666666666667,0.0
39,7,Ben McLemore,0.0,HOU,PHI,-4.0,226.5,115.3,30,10.3,14.8,23.5,SG/SF,3600,2,16.0,11.0,102,103,-7%,7,8,8,24,25,25,14.8,18.3,8.4,28.3,13.3,4.3,1.2,12.8,3.54,10.7,16.0,3.0,11.75,3.27,24.666666666666668,7.666666666666667,16.310000000000002,16.2,7.621621621621621
40,0,Anfernee Simons,0.0,POR,WAS,-6.5,235.5,121.0,14,12.8,19.3,29.0,PG/SG,3800,1,19.0,10.0,106,114,9%,9,9,9,25,26,22,19.3,16.0,8.3,23.6,16.6,5.5,1.4,19.8,5.2,19.1,25.0,5.0,19.450000000000003,5.1,24.333333333333332,9.0,17.330000000000002,20.366666666666667,19.98287671232877
40,1,CJ McCollum,0.0,POR,WAS,-6.5,235.5,121.0,14,26.5,32.7,39.0,PG/SG,7100,1,26.0,17.0,106,114,9%,19,20,20,35,37,37,32.7,36.9,25.4,48.4,35.6,40.0,5.6,40.5,5.7,38.2,37.5,5.4,39.35,5.550000000000001,36.333333333333336,19.666666666666668,36.55,32.733333333333334,40.61353211009174
40,2,Kelly Olynyk,0.0,MIA,ORL,-1.0,208.5,104.8,6,1.3,6.0,18.8,PF/C,3000,0,16.0,13.0,100,105,-7%,1,3,6,5,12,21,11.3,18.1,7.3,28.9,12.0,8.8,2.9,6.5,2.17,0.0,0.0,0.0,3.25,1.085,12.666666666666666,3.3333333333333335,13.77,8.700000000000001,0.0
40,3,Carmelo Anthony,0.0,POR,WAS,-6.5,235.5,121.0,1,18.8,27.7,38.8,SF/PF,6700,1,23.0,13.0,106,114,5%,17,15,15,34,35,33,27.6,29.7,20.1,39.4,30.6,30.0,4.5,32.8,4.89,32.4,34.5,4.8,32.599999999999994,4.845,34.0,15.666666666666666,29.879999999999995,28.433333333333334,33.079411764705874
40,4,Josh Hart,0.0,NO,LAL,9.5,226.0,108.3,3,7.8,18.2,28.8,SG/SF,3900,4,16.0,12.0,103,102,-1%,8,8,9,26,28,29,22.0,25.2,16.6,33.7,24.5,15.5,4.0,18.3,4.68,20.0,26.0,5.1,19.15,4.89,27.666666666666668,8.333333333333334,23.330000000000002,18.266666666666666,17.99638554216867
40,5,Jimmy Butler,0.0,MIA,ORL,-1.0,208.5,104.8,25,36.0,41.7,55.8,SG/SF,7800,0,26.0,24.0,100,105,2%,10,13,14,35,36,35,41.7,43.5,33.4,53.7,34.7,50.5,6.5,41.5,5.32,40.3,35.5,5.2,40.9,5.26,35.333333333333336,12.333333333333334,42.64,44.5,41.092924528301886
40,6,Enes Kanter,0.0,BOS,ATL,-10.5,223.5,117.0,28,20.0,31.7,47.0,C,5500,2,19.0,25.0,106,111,2%,6,8,6,20,21,18,31.6,23.2,13.0,33.5,23.6,34.3,6.2,28.0,5.09,25.2,20.5,4.6,26.6,4.845,19.666666666666668,6.666666666666667,25.580000000000002,32.9,27.727118644067797
40,7,Cam Reddish,0.0,ATL,BOS,10.5,223.5,106.5,2,10.8,16.6,22.8,SG/SF,3700,3,18.0,6.0,101,102,-1%,5,7,9,27,27,26,16.6,18.2,10.7,25.7,24.4,12.8,3.5,17.5,4.73,17.6,26.5,4.8,17.55,4.765000000000001,26.666666666666668,7.0,17.75,16.733333333333334,17.440312499999997
41,0,Lonzo Ball,0.0,NO,LAL,9.5,226.0,108.3,22,23.0,34.1,63.5,PG,6000,4,21.0,12.0,103,102,-3%,16,13,11,35,29,28,33.1,27.9,16.6,39.2,33.4,37.5,6.3,30.0,5.0,30.3,33.5,5.0,30.15,5.0,30.666666666666668,13.333333333333334,29.390000000000004,40.199999999999996,32.935597826086955
41,1,Trey Burke,0.0,PHI,HOU,4.0,226.5,111.3,23,1.0,8.9,21.3,PG/SG,3400,2,20.0,17.0,106,107,-2%,8,5,6,18,13,15,8.8,13.5,2.8,24.3,16.3,18.8,5.5,14.3,4.19,14.0,15.5,4.1,14.15,4.145,15.333333333333334,6.333333333333333,12.709999999999999,10.4,14.303804347826086
41,2,Kyle Kuzma,0.0,LAL,NO,-9.5,226.0,117.8,6,7.8,25.9,34.0,SF/PF,5200,1,22.0,11.0,105,109,3%,11,14,11,27,27,24,25.9,20.1,11.2,29.0,19.0,16.5,3.2,24.5,4.71,24.8,27.0,4.8,24.65,4.755,26.0,12.0,22.169999999999998,22.566666666666663,25.59807692307692
41,3,Danny Green,0.0,LAL,NO,-9.5,226.0,117.8,10,6.0,13.9,20.5,SG/SF,3700,1,14.0,11.0,105,109,0%,8,7,7,23,23,25,13.8,18.4,10.2,26.6,32.8,45.8,12.4,18.3,4.93,18.3,24.5,4.9,18.3,4.915,23.666666666666668,7.333333333333333,17.46,13.466666666666667,18.944366197183097
41,4,Trae Young,0.0,ATL,BOS,10.5,223.5,106.5,27,14.0,51.3,67.0,PG,9200,3,36.0,23.0,101,102,-9%,26,26,22,38,39,36,58.5,51.2,38.2,64.2,36.7,50.3,5.5,44.0,4.78,45.4,35.0,4.9,44.7,4.84,37.666666666666664,24.666666666666668,51.36,44.1,41.5353982300885
41,5,Ben McLemore,0.0,HOU,PHI,-4.0,226.5,115.3,30,10.3,14.8,23.5,SG/SF,3600,2,16.0,11.0,102,103,-7%,7,8,8,24,25,25,14.8,18.3,8.4,28.3,13.3,4.3,1.2,12.8,3.54,10.7,16.0,3.0,11.75,3.27,24.666666666666668,7.666666666666667,16.310000000000002,16.2,7.621621621621621
41,6,Mitchell Robinson,0.0,NY,PHO,7.0,223.5,108.3,24,15.3,28.7,36.0,C,5800,1,15.0,25.0,105,109,3%,8,6,6,20,23,23,28.6,25.8,17.7,33.9,21.3,23.3,4.0,28.3,4.87,29.0,26.0,5.0,28.65,4.9350000000000005,22.0,6.666666666666667,26.93,26.666666666666668,33.85909090909091
41,7,Taj Gibson,0.0,NY,PHO,7.0,223.5,108.3,12,3.5,7.6,12.3,PF/C,3000,1,14.0,12.0,105,109,-1%,2,3,4,11,12,16,7.5,13.2,6.5,19.9,13.9,9.0,3.0,9.5,3.17,9.6,11.5,3.2,9.55,3.185,13.0,3.0,11.329999999999998,7.8,8.448076923076924
42,0,Ben Simmons,0.0,PHI,HOU,4.0,226.5,111.3,23,35.5,48.0,58.8,PG/SF,8100,2,22.0,19.0,106,107,-2%,12,12,11,38,38,36,48.3,42.0,33.4,50.6,42.2,78.8,9.7,44.3,5.46,42.5,36.5,5.2,43.4,5.33,37.333333333333336,11.666666666666666,43.540000000000006,47.43333333333334,42.43125
42,1,Markelle Fultz,0.0,ORL,MIA,1.0,208.5,103.8,10,15.8,25.1,37.0,PG/SG,4900,1,22.0,14.0,101,105,-10%,10,10,10,26,28,26,25.1,24.0,17.9,30.0,31.6,22.8,4.7,25.8,5.26,24.4,29.0,5.0,25.1,5.13,26.666666666666668,10.0,24.419999999999998,25.96666666666667,27.29625
42,2,P.J. Tucker,0.0,HOU,PHI,-4.0,226.5,115.3,20,11.3,18.9,30.0,SF/PF,3900,2,9.0,10.0,102,103,1%,4,5,7,34,37,36,18.9,24.4,15.1,33.7,36.9,8.3,2.1,21.0,5.38,20.9,35.0,5.4,20.95,5.390000000000001,35.666666666666664,5.333333333333333,22.61,20.066666666666666,20.558411214953274
42,3,Gordon Hayward,0.0,BOS,ATL,-10.5,223.5,117.0,7,26.8,34.8,44.5,SF/PF,7000,2,22.0,21.0,106,111,22%,14,12,13,35,32,32,34.8,34.8,22.9,46.7,37.0,30.0,4.3,39.3,5.61,39.4,33.5,5.6,39.349999999999994,5.605,33.0,13.0,35.709999999999994,35.36666666666667,39.94621212121211
42,4,Reggie Bullock,0.0,NY,PHO,7.0,223.5,108.3,18,15.0,19.8,30.3,SG/SF,3100,1,0.0,0.0,105,109,5%,0,0,0,0,0,0,0.0,0.0,0.0,0.0,18.6,17.5,5.6,10.5,3.39,8.5,11.5,2.7,9.5,3.045,0.0,0.0,1.9,21.7,0.0
42,5,Kelly Oubre Jr.,0.0,PHO,NY,-7.0,223.5,115.3,11,15.8,37.6,51.8,SF/PF,6800,1,21.0,16.0,101,110,2%,18,14,14,38,36,34,37.9,34.2,23.7,44.7,39.6,45.3,6.7,35.0,5.15,34.8,36.0,5.1,34.9,5.125,36.0,15.333333333333334,35.08,35.06666666666667,34.9
42,6,Derrick Favors,0.0,NO,LAL,9.5,226.0,108.3,5,29.0,36.5,42.8,PF/C,6200,4,16.0,18.0,103,102,-6%,9,9,7,31,30,23,36.7,26.9,14.1,39.7,33.9,45.0,7.3,32.3,5.2,32.9,31.0,5.3,32.599999999999994,5.25,28.0,8.333333333333334,30.0,36.1,36.09285714285714
42,7,Isaac Bonga,0.0,WAS,POR,6.5,235.5,114.5,24,4.5,10.5,18.5,SF,3000,1,10.0,10.0,104,109,5%,2,3,3,14,13,16,10.4,10.6,4.6,16.6,9.4,5.8,1.9,11.8,3.92,12.1,16.0,4.0,11.95,3.96,14.333333333333334,2.6666666666666665,10.830000000000002,11.166666666666666,13.33953488372093
44,0,D.J. Augustin,0.0,ORL,MIA,1.0,208.5,103.8,10,6.8,24.6,46.8,PG,5000,1,20.0,15.0,101,105,-10%,12,11,9,30,29,26,26.4,22.6,13.6,31.6,28.8,25.0,5.0,23.0,4.6,23.7,28.0,4.7,23.35,4.65,28.333333333333332,10.666666666666666,23.509999999999998,26.066666666666666,23.07529411764706
44,1,Terrence Ross,0.0,ORL,MIA,1.0,208.5,103.8,17,13.5,22.9,36.0,SG/SF,4000,1,22.0,13.0,101,105,-2%,11,11,11,26,28,25,22.9,20.7,13.7,27.8,25.0,34.5,8.6,23.0,5.75,21.9,27.0,5.5,22.45,5.625,26.333333333333332,11.0,21.509999999999998,24.133333333333336,23.01835443037975
44,2,Taj Gibson,0.0,NY,PHO,7.0,223.5,108.3,12,3.5,7.6,12.3,PF/C,3000,1,14.0,12.0,105,109,-1%,2,3,4,11,12,16,7.5,13.2,6.5,19.9,13.9,9.0,3.0,9.5,3.17,9.6,11.5,3.2,9.55,3.185,13.0,3.0,11.329999999999998,7.8,8.448076923076924
44,3,De'Andre Hunter,0.0,ATL,BOS,10.5,223.5,106.5,12,9.5,21.0,30.3,SF/PF,4200,3,18.0,8.0,101,102,-9%,12,12,12,33,33,32,20.9,22.2,12.5,31.8,26.8,12.3,2.9,22.0,5.24,22.8,33.0,5.4,22.4,5.32,32.666666666666664,12.0,21.959999999999997,20.266666666666666,22.62857142857143
44,4,Ben Simmons,0.0,PHI,HOU,4.0,226.5,111.3,23,35.5,48.0,58.8,PG/SF,8100,2,22.0,19.0,106,107,-2%,12,12,11,38,38,36,48.3,42.0,33.4,50.6,42.2,78.8,9.7,44.3,5.46,42.5,36.5,5.2,43.4,5.33,37.333333333333336,11.666666666666666,43.540000000000006,47.43333333333334,42.43125
44,5,Kevin Knox,0.0,NY,PHO,7.0,223.5,108.3,3,8.8,17.2,35.0,SF/PF,3200,1,0.0,0.0,105,109,5%,5,7,7,18,20,20,17.1,16.0,8.7,23.3,12.6,8.5,2.7,14.0,4.38,13.2,18.0,4.1,13.6,4.24,19.333333333333332,6.333333333333333,15.74,20.333333333333332,12.662068965517243
44,6,Meyers Leonard,0.0,MIA,ORL,-1.0,208.5,104.8,6,2.0,15.0,24.5,PF/C,3200,0,12.0,12.0,100,105,-7%,5,5,4,23,23,19,14.9,14.4,5.5,23.3,26.7,20.8,6.5,13.5,4.22,15.2,21.0,4.8,14.35,4.51,21.666666666666668,4.666666666666667,14.49,13.833333333333334,13.908461538461538
44,7,Danny Green,0.0,LAL,NO,-9.5,226.0,117.8,10,6.0,13.9,20.5,SG/SF,3700,1,14.0,11.0,105,109,0%,8,7,7,23,23,25,13.8,18.4,10.2,26.6,32.8,45.8,12.4,18.3,4.93,18.3,24.5,4.9,18.3,4.915,23.666666666666668,7.333333333333333,17.46,13.466666666666667,18.944366197183097
45,0,Russell Westbrook,0.0,HOU,PHI,-4.0,226.5,115.3,2,44.8,49.5,56.0,PG,9000,2,34.0,19.0,102,103,-9%,25,25,22,36,37,36,49.5,49.6,38.7,60.6,35.3,39.3,4.4,46.0,5.11,48.0,36.5,5.3,47.0,5.205,36.333333333333336,24.0,49.08,50.1,47.21559633027523
45,1,Troy Daniels,0.0,LAL,NO,-9.5,226.0,117.8,10,0.0,2.6,7.5,SG,3000,1,15.0,8.0,105,109,0%,3,2,4,7,7,13,3.4,7.4,1.6,13.2,9.0,3.0,1.0,5.0,1.67,0.0,0.0,0.0,2.5,0.835,9.0,3.0,5.62,3.3666666666666667,0.0
45,2,Meyers Leonard,0.0,MIA,ORL,-1.0,208.5,104.8,6,2.0,15.0,24.5,PF/C,3200,0,12.0,12.0,100,105,-7%,5,5,4,23,23,19,14.9,14.4,5.5,23.3,26.7,20.8,6.5,13.5,4.22,15.2,21.0,4.8,14.35,4.51,21.666666666666668,4.666666666666667,14.49,13.833333333333334,13.908461538461538
45,3,Kyle Kuzma,0.0,LAL,NO,-9.5,226.0,117.8,6,7.8,25.9,34.0,SF/PF,5200,1,22.0,11.0,105,109,3%,11,14,11,27,27,24,25.9,20.1,11.2,29.0,19.0,16.5,3.2,24.5,4.71,24.8,27.0,4.8,24.65,4.755,26.0,12.0,22.169999999999998,22.566666666666663,25.59807692307692
45,4,Brandon Goodwin,0.0,ATL,BOS,10.5,223.5,106.5,27,-0.5,11.7,40.3,PG/SG,3900,3,0.0,0.0,101,102,-9%,8,5,5,17,11,11,11.7,11.7,-5.1,28.4,12.8,21.5,5.5,5.0,1.28,0.0,0.0,0.0,2.5,0.64,13.0,6.0,9.84,17.166666666666668,0.0
45,5,Kenrich Williams,0.0,NO,LAL,9.5,226.0,108.3,25,2.8,8.2,17.3,SF/PF,3000,4,10.0,8.0,103,102,-6%,0,2,5,10,16,24,8.2,16.6,7.2,26.0,6.2,3.8,1.3,8.0,2.67,6.6,10.0,2.2,7.3,2.435,16.666666666666668,2.3333333333333335,13.059999999999999,9.433333333333334,4.379999999999999
45,6,Ian Mahinmi,0.0,WAS,POR,6.5,235.5,114.5,17,7.5,23.3,41.8,C,5100,1,17.0,16.0,104,109,7%,7,6,6,24,25,21,23.3,20.8,12.0,29.7,26.2,17.5,3.4,24.3,4.75,28.0,26.5,5.5,26.15,5.125,23.333333333333332,6.333333333333333,22.389999999999997,24.2,29.698928571428574
45,7,Ben Simmons,0.0,PHI,HOU,4.0,226.5,111.3,23,35.5,48.0,58.8,PG/SF,8100,2,22.0,19.0,106,107,-2%,12,12,11,38,38,36,48.3,42.0,33.4,50.6,42.2,78.8,9.7,44.3,5.46,42.5,36.5,5.2,43.4,5.33,37.333333333333336,11.666666666666666,43.540000000000006,47.43333333333334,42.43125
46,0,Jordan McRae,0.0,WAS,POR,6.5,235.5,114.5,21,21.8,31.9,55.0,PG/SG,5800,1,22.0,18.0,104,109,-4%,13,12,9,33,27,21,31.9,23.0,11.2,34.9,33.1,50.3,8.7,34.5,5.95,35.6,32.0,6.1,35.05,6.025,27.0,11.333333333333334,27.21,36.233333333333334,41.54074074074074
46,1,Austin Rivers,0.0,HOU,PHI,-4.0,226.5,115.3,2,1.5,13.2,22.3,PG/SG,3500,2,15.0,10.0,102,103,-9%,4,6,7,19,19,23,13.2,15.3,7.1,23.5,6.5,6.5,1.9,6.0,1.71,0.0,0.0,0.0,3.0,0.855,20.333333333333332,5.666666666666667,12.42,12.333333333333334,0.0
46,2,Taj Gibson,0.0,NY,PHO,7.0,223.5,108.3,12,3.5,7.6,12.3,PF/C,3000,1,14.0,12.0,105,109,-1%,2,3,4,11,12,16,7.5,13.2,6.5,19.9,13.9,9.0,3.0,9.5,3.17,9.6,11.5,3.2,9.55,3.185,13.0,3.0,11.329999999999998,7.8,8.448076923076924
46,3,Mike Scott,0.0,PHI,HOU,4.0,226.5,111.3,9,2.0,6.5,8.8,SF/PF,3000,2,13.0,10.0,106,107,6%,7,5,5,18,17,19,6.5,12.3,5.6,19.0,12.0,6.5,2.2,12.5,4.17,11.9,17.5,4.0,12.2,4.085,18.0,5.666666666666667,11.12,5.766666666666667,11.861111111111109
46,4,Garrison Mathews,0.0,WAS,POR,6.5,235.5,114.5,8,1.3,14.6,34.5,SG/SF,3000,1,0.0,0.0,104,109,5%,7,4,3,23,16,12,14.6,9.3,0.1,18.5,24.7,24.5,8.2,21.5,7.17,19.9,23.0,6.6,20.7,6.885,17.0,4.666666666666667,12.64,16.8,28.005882352941175
46,5,Derrick Favors,0.0,NO,LAL,9.5,226.0,108.3,5,29.0,36.5,42.8,PF/C,6200,4,16.0,18.0,103,102,-6%,9,9,7,31,30,23,36.7,26.9,14.1,39.7,33.9,45.0,7.3,32.3,5.2,32.9,31.0,5.3,32.599999999999994,5.25,28.0,8.333333333333334,30.0,36.1,36.09285714285714
46,6,Bam Adebayo,0.0,MIA,ORL,-1.0,208.5,104.8,12,21.8,39.8,55.8,C,7600,0,20.0,20.0,100,105,-7%,10,11,10,36,37,34,39.6,40.6,29.0,52.2,34.8,34.5,4.5,40.5,5.33,40.4,36.0,5.3,40.45,5.3149999999999995,35.666666666666664,10.333333333333334,40.370000000000005,39.13333333333333,40.82803738317757
46,7,Goran Dragic,0.0,MIA,ORL,-1.0,208.5,104.8,12,18.0,25.8,35.5,PG,5400,0,25.0,16.0,100,105,-2%,13,14,12,23,28,29,25.8,29.4,22.3,36.6,20.6,18.5,3.4,27.0,5.0,24.1,26.5,4.5,25.55,4.75,26.666666666666668,13.0,27.93,26.433333333333334,25.3903125
47,0,James Harden,0.0,HOU,PHI,-4.0,226.5,115.3,2,54.3,62.5,76.5,PG/SG,10900,2,38.0,32.0,102,103,-9%,22,22,25,37,37,38,62.5,63.6,51.4,75.7,40.8,83.3,7.6,59.0,5.41,58.0,36.5,5.3,58.5,5.355,37.333333333333336,23.0,62.34000000000001,64.43333333333334,57.19419642857142
47,1,Brandon Goodwin,0.0,ATL,BOS,10.5,223.5,106.5,27,-0.5,11.7,40.3,PG/SG,3900,3,0.0,0.0,101,102,-9%,8,5,5,17,11,11,11.7,11.7,-5.1,28.4,12.8,21.5,5.5,5.0,1.28,0.0,0.0,0.0,2.5,0.64,13.0,6.0,9.84,17.166666666666668,0.0
47,2,Brandon Ingram,0.0,NO,LAL,9.5,226.0,108.3,25,37.8,45.1,51.3,SF/PF,7800,4,29.0,22.0,103,102,-3%,17,17,19,35,36,35,45.1,44.2,36.3,52.1,35.1,33.8,4.3,39.3,5.03,41.1,36.0,5.3,40.2,5.165,35.333333333333336,17.666666666666668,43.58,44.73333333333333,40.95849056603774
47,3,Duncan Robinson,0.0,MIA,ORL,-1.0,208.5,104.8,25,11.5,20.1,27.8,SG/SF,4000,0,14.0,14.0,100,105,-2%,8,7,9,25,23,28,20.1,21.0,11.3,30.7,30.8,14.8,3.7,18.0,4.5,16.7,25.0,4.2,17.35,4.35,25.333333333333332,8.0,20.089999999999996,19.8,17.12171052631579
47,4,CJ McCollum,0.0,POR,WAS,-6.5,235.5,121.0,14,26.5,32.7,39.0,PG/SG,7100,1,26.0,17.0,106,114,9%,19,20,20,35,37,37,32.7,36.9,25.4,48.4,35.6,40.0,5.6,40.5,5.7,38.2,37.5,5.4,39.35,5.550000000000001,36.333333333333336,19.666666666666668,36.55,32.733333333333334,40.61353211009174
47,5,Cheick Diallo,0.0,PHO,NY,-7.0,223.5,115.3,1,1.0,5.5,10.5,PF/C,3000,1,0.0,0.0,101,110,8%,1,1,3,8,7,9,5.5,9.7,0.2,19.3,8.1,2.5,0.8,5.0,1.67,0.0,0.0,0.0,2.5,0.835,8.0,1.6666666666666667,7.44,5.666666666666667,0.0
47,6,Nikola Vucevic,0.0,ORL,MIA,1.0,208.5,103.8,29,37.3,42.8,49.0,C,8000,1,25.0,23.0,101,105,-7%,20,18,16,33,32,32,42.8,42.4,32.5,52.2,32.9,47.8,6.0,41.8,5.22,41.4,32.0,5.2,41.599999999999994,5.21,32.333333333333336,18.0,42.3,43.03333333333333,41.171134020618545
47,7,Ish Smith,0.0,WAS,POR,6.5,235.5,114.5,21,13.3,25.7,37.3,PG,4200,1,19.0,13.0,104,109,5%,14,13,10,30,26,26,25.7,22.9,13.1,32.6,33.3,28.0,6.7,22.0,5.24,26.6,27.0,6.3,24.3,5.77,27.333333333333332,12.333333333333334,23.719999999999995,25.433333333333334,24.003658536585366
48,0,Trey Burke,0.0,PHI,HOU,4.0,226.5,111.3,23,1.0,8.9,21.3,PG/SG,3400,2,20.0,17.0,106,107,-2%,8,5,6,18,13,15,8.8,13.5,2.8,24.3,16.3,18.8,5.5,14.3,4.19,14.0,15.5,4.1,14.15,4.145,15.333333333333334,6.333333333333333,12.709999999999999,10.4,14.303804347826086
48,1,Josh Hart,0.0,NO,LAL,9.5,226.0,108.3,3,7.8,18.2,28.8,SG/SF,3900,4,16.0,12.0,103,102,-1%,8,8,9,26,28,29,22.0,25.2,16.6,33.7,24.5,15.5,4.0,18.3,4.68,20.0,26.0,5.1,19.15,4.89,27.666666666666668,8.333333333333334,23.330000000000002,18.266666666666666,17.99638554216867
48,2,Bobby Portis,0.0,NY,PHO,7.0,223.5,108.3,12,13.0,19.7,27.0,PF/C,4100,1,21.0,15.0,105,109,-1%,12,10,9,21,22,22,19.7,21.4,11.4,31.5,19.8,29.0,7.1,22.5,5.49,18.8,20.0,4.6,20.65,5.045,21.666666666666668,10.333333333333334,20.93,19.900000000000002,19.061538461538458
48,3,Ben McLemore,0.0,HOU,PHI,-4.0,226.5,115.3,30,10.3,14.8,23.5,SG/SF,3600,2,16.0,11.0,102,103,-7%,7,8,8,24,25,25,14.8,18.3,8.4,28.3,13.3,4.3,1.2,12.8,3.54,10.7,16.0,3.0,11.75,3.27,24.666666666666668,7.666666666666667,16.310000000000002,16.2,7.621621621621621
48,4,Damian Lillard,0.0,POR,WAS,-6.5,235.5,121.0,14,34.8,46.4,54.0,PG,9700,1,30.0,24.0,106,114,9%,20,20,20,37,37,38,46.4,47.1,37.1,57.1,34.3,45.8,4.7,51.3,5.28,49.8,37.5,5.1,50.55,5.1899999999999995,37.333333333333336,20.0,47.65,45.06666666666666,50.77566964285714
48,5,Tobias Harris,0.0,PHI,HOU,4.0,226.5,111.3,9,15.0,33.9,54.3,SF/PF,6600,2,24.0,17.0,106,107,10%,17,16,16,36,34,35,37.9,36.1,26.8,45.5,41.5,32.5,4.9,35.0,5.3,36.1,34.5,5.5,35.55,5.4,35.0,16.333333333333332,36.370000000000005,34.4,35.04214285714285
48,6,Clint Capela,0.0,HOU,PHI,-4.0,226.5,115.3,9,28.8,36.8,43.5,C,6900,2,15.0,21.0,102,103,-11%,11,10,10,29,35,34,36.6,40.2,29.6,50.8,36.9,59.5,8.6,36.3,5.25,37.4,34.5,5.4,36.849999999999994,5.325,32.666666666666664,10.333333333333334,38.81,36.36666666666667,38.918112244897955
48,7,Dwight Howard,0.0,LAL,NO,-9.5,226.0,117.8,5,15.0,20.3,29.0,C,4200,1,13.0,18.0,105,109,1%,7,5,4,18,17,20,18.4,20.0,12.2,27.8,15.9,6.8,1.6,20.0,4.76,19.2,18.0,4.6,19.6,4.68,18.333333333333332,5.333333333333333,19.6,21.433333333333334,19.24363636363637
