Lineup Num,,Player Name,injury_status,team,opp,spread,over_under,implied_team_score,L5_dvp_rank,L5_ppg_floor,L5_ppg_avg,L5_ppg_max,Pos,Salary,Rest,USG,PER,Opp Pace,Opp DEff,Opp DvP,L2 FGA,L5 FGA,S FGA,L2 Min,L5 Min,S Min,L5 FP,S FP,Floor FP,Ceil FP,Actual Min,Actual FP,Actual Val,FantasyFuelPPGProj,FantasyFuelValueProj,DFN_PPGProj,DFN_MinProj,DFN_ValueProj,Avg Proj,Avg Value Proj,Avg Skewed Min,Avg Skewed FGA,Avg Skewed FP,Avg L5 PPG,Proj Min Enhanced
0,0,Shai Gilgeous-Alexander,0.0,OKC,SAC,-7.5,220.5,114.0,11,29.3,38.4,46.3,PG/SG,7400,1,23.0,18.0,101,109,4%,13,13,15,33,35,36,38.4,36.3,26.5,46.2,38.0,29.8,4.0,36.3,4.9,37.3,35.0,5.0,36.8,4.95,34.666666666666664,13.666666666666666,36.839999999999996,38.0,37.15384615384615
0,1,Furkan Korkmaz,0.0,PHI,NY,-6.5,210.0,108.3,13,3.3,17.3,28.0,SG/SF,4400,0,18.0,12.0,101,110,-4%,10,9,8,28,25,22,17.3,16.9,6.7,27.1,25.5,15.3,3.5,21.0,4.77,22.1,25.5,5.0,21.55,4.885,25.0,9.0,17.91,16.2,21.980999999999998
0,2,T.J. Warren,0.0,IND,POR,-10.0,218.0,114.0,12,15.0,34.1,52.8,SF/PF,6000,1,22.0,17.0,103,111,5%,12,15,14,28,32,32,34.0,28.9,17.5,40.3,38.0,26.8,4.5,31.3,5.21,30.7,33.5,5.1,31.0,5.154999999999999,30.666666666666668,13.666666666666666,30.339999999999996,33.96666666666667,33.86413043478261
0,3,Harrison Barnes,0.0,SAC,OKC,7.5,220.5,106.5,11,20.8,30.9,38.8,SF/PF,5300,1,17.0,14.0,101,106,-4%,11,12,11,38,36,35,30.9,26.1,16.6,35.6,38.1,31.3,5.9,26.3,4.95,26.4,36.0,5.0,26.35,4.975,36.333333333333336,11.333333333333334,27.109999999999996,30.166666666666668,26.108256880733943
0,4,Kentavious Caldwell-Pope,0.0,LAL,GS,-10.0,221.0,115.5,15,15.3,20.3,22.5,SG/SF,3600,1,15.0,12.0,103,111,8%,8,9,8,29,28,27,20.3,18.0,11.5,24.6,22.7,18.8,5.2,20.5,5.69,19.5,26.0,5.4,20.0,5.545,28.0,8.333333333333334,18.880000000000003,19.366666666666667,18.571428571428573
0,5,Trevor Ariza,0.0,POR,IND,10.0,218.0,104.0,4,8.5,24.6,34.5,SF,4800,1,12.0,11.0,101,105,-14%,5,6,6,37,34,28,24.6,19.5,9.2,29.9,37.2,18.3,3.8,23.8,4.95,23.9,35.0,5.0,23.85,4.975,33.0,5.666666666666667,21.410000000000004,22.53333333333333,25.295454545454547
0,6,Steven Adams,0.0,OKC,SAC,-7.5,220.5,114.0,11,35.0,42.5,56.8,C,6800,1,17.0,21.0,101,109,-3%,10,11,8,28,30,28,42.5,31.7,21.5,42.0,27.7,24.8,3.6,32.3,4.74,33.3,29.5,4.9,32.8,4.82,28.666666666666668,9.666666666666666,34.1,44.76666666666667,33.75348837209302
0,7,Jordan Poole,0.0,GS,LAL,10.0,221.0,105.5,6,21.3,25.0,30.0,PG/SG,4900,1,21.0,6.0,103,104,0%,14,13,9,32,32,22,25.0,15.7,7.2,24.3,32.3,28.3,5.8,23.8,4.85,26.5,31.5,5.4,25.15,5.125,28.666666666666668,12.0,19.47,25.433333333333334,27.635755813953487
1,0,Cory Joseph,0.0,SAC,OKC,7.5,220.5,106.5,22,5.0,17.4,23.3,PG,3100,1,14.0,10.0,101,106,0%,5,5,6,16,21,24,17.4,16.6,8.6,24.5,35.5,30.5,9.8,22.3,7.18,21.5,29.0,6.9,21.9,7.04,20.333333333333332,5.333333333333333,17.8,15.233333333333334,31.234426229508195
1,1,Alec Burks,0.0,PHI,NY,-6.5,210.0,108.3,8,5.0,16.8,26.5,PG/SG,4200,0,24.0,16.0,101,110,-4%,9,12,12,17,23,29,24.2,29.0,17.8,40.2,17.9,15.5,3.7,19.8,4.7,18.4,18.0,4.4,19.1,4.550000000000001,23.0,11.0,26.060000000000002,16.099999999999998,14.947826086956523
1,2,Markieff Morris,0.0,LAL,GS,-10.0,221.0,115.5,16,7.3,19.2,29.0,SF/PF,3100,1,21.0,13.0,103,111,1%,5,7,9,18,21,23,19.1,20.0,11.6,28.4,18.9,15.0,4.8,19.8,6.37,16.5,17.5,5.3,18.15,5.835,20.666666666666668,7.0,19.45,18.5,15.368951612903222
1,3,Nassir Little,0.0,POR,IND,10.0,218.0,104.0,4,1.3,8.8,16.3,SF/PF,3000,1,13.0,10.0,101,105,-6%,2,4,3,9,14,13,8.8,8.8,1.3,16.3,11.7,3.8,1.3,8.0,2.67,9.0,12.5,3.0,8.5,2.835,12.0,3.0,8.74,8.8,8.854166666666668
1,4,Gary Trent Jr.,0.0,POR,IND,10.0,218.0,104.0,9,4.0,14.2,22.8,SG/SF,4100,1,14.0,12.0,101,105,-1%,9,8,6,32,29,19,14.2,12.9,2.4,23.4,40.8,30.3,7.4,18.8,4.57,22.6,33.0,5.5,20.700000000000003,5.035,26.666666666666668,7.666666666666667,14.719999999999999,13.666666666666666,25.616250000000004
1,5,Juan Toscano-Anderson,0.0,GS,LAL,10.0,221.0,105.5,24,7.3,19.7,37.5,SF/PF,3900,1,0.0,0.0,103,104,-6%,7,5,5,25,20,20,19.7,18.4,6.1,30.6,20.4,11.0,2.8,18.8,4.81,21.7,23.5,5.6,20.25,5.205,21.666666666666668,5.666666666666667,19.009999999999998,21.5,21.963461538461537
1,6,Julius Randle,0.0,NY,PHI,6.5,210.0,101.8,22,22.8,40.8,64.5,PF/C,7800,0,28.0,17.0,102,104,-7%,14,16,16,27,33,33,40.8,38.3,29.1,47.4,38.0,52.0,6.7,35.3,4.52,35.9,31.5,4.6,35.599999999999994,4.56,31.0,15.333333333333334,38.239999999999995,42.699999999999996,36.174193548387095
1,7,Mitchell Robinson,0.0,NY,PHI,6.5,210.0,101.8,13,24.5,34.6,44.0,C,5000,0,13.0,23.0,102,104,-10%,6,6,5,28,25,23,34.5,24.5,15.5,33.4,31.6,27.0,5.4,27.0,5.4,27.2,26.0,5.4,27.1,5.4,25.333333333333332,5.666666666666667,27.0,34.36666666666667,27.813157894736847
2,0,Elfrid Payton,0.0,NY,PHI,6.5,210.0,101.8,4,21.0,36.7,47.0,PG,7000,0,22.0,16.0,102,104,-5%,9,11,10,29,31,28,36.6,30.5,19.9,41.1,35.6,45.0,6.4,29.0,4.14,28.0,27.5,4.0,28.5,4.07,29.333333333333332,10.0,31.32,34.9,26.718750000000004
2,1,Alec Burks,0.0,PHI,NY,-6.5,210.0,108.3,8,5.0,16.8,26.5,PG/SG,4200,0,24.0,16.0,101,110,-4%,9,12,12,17,23,29,24.2,29.0,17.8,40.2,17.9,15.5,3.7,19.8,4.7,18.4,18.0,4.4,19.1,4.550000000000001,23.0,11.0,26.060000000000002,16.099999999999998,14.947826086956523
2,2,Danilo Gallinari,0.0,OKC,SAC,-7.5,220.5,114.0,17,18.0,29.0,37.5,SF/PF,6300,1,24.0,20.0,101,109,3%,12,14,14,29,31,31,28.9,32.2,24.9,39.5,33.5,35.5,5.6,33.0,5.24,33.3,32.0,5.3,33.15,5.27,30.333333333333332,13.333333333333334,31.73,28.166666666666668,34.97142857142857
2,3,T.J. Warren,0.0,IND,POR,-10.0,218.0,114.0,12,15.0,34.1,52.8,SF/PF,6000,1,22.0,17.0,103,111,5%,12,15,14,28,32,32,34.0,28.9,17.5,40.3,38.0,26.8,4.5,31.3,5.21,30.7,33.5,5.1,31.0,5.154999999999999,30.666666666666668,13.666666666666666,30.339999999999996,33.96666666666667,33.86413043478261
2,4,Aaron Holiday,0.0,IND,POR,-10.0,218.0,114.0,19,5.0,14.2,28.5,PG/SG,4800,1,21.0,13.0,103,111,8%,10,8,9,31,24,24,16.8,21.0,10.0,31.9,14.1,11.8,2.5,19.3,4.01,17.8,20.0,3.7,18.55,3.855,26.333333333333332,9.0,19.65,15.9,14.088607594936711
2,5,Markieff Morris,0.0,LAL,GS,-10.0,221.0,115.5,16,7.3,19.2,29.0,SF/PF,3100,1,21.0,13.0,103,111,1%,5,7,9,18,21,23,19.1,20.0,11.6,28.4,18.9,15.0,4.8,19.8,6.37,16.5,17.5,5.3,18.15,5.835,20.666666666666668,7.0,19.45,18.5,15.368951612903222
2,6,Domantas Sabonis,0.0,IND,POR,-10.0,218.0,114.0,19,32.3,46.1,57.0,PF/C,9100,1,24.0,21.0,103,111,5%,13,14,14,31,33,35,46.1,44.3,35.1,53.5,27.6,42.3,4.6,44.3,4.86,47.0,35.0,5.2,45.65,5.03,33.0,13.666666666666666,44.93,45.13333333333333,48.416666666666664
2,7,Kentavious Caldwell-Pope,0.0,LAL,GS,-10.0,221.0,115.5,15,15.3,20.3,22.5,SG/SF,3600,1,15.0,12.0,103,111,8%,8,9,8,29,28,27,20.3,18.0,11.5,24.6,22.7,18.8,5.2,20.5,5.69,19.5,26.0,5.4,20.0,5.545,28.0,8.333333333333334,18.880000000000003,19.366666666666667,18.571428571428573
4,0,Dennis Smith Jr.,0.0,NY,PHI,6.5,210.0,101.8,4,6.3,17.7,44.3,PG,4200,0,24.0,8.0,102,104,-5%,12,7,6,25,16,16,17.7,14.5,4.1,24.9,6.8,4.3,1.0,19.5,4.64,18.3,20.5,4.4,18.9,4.52,19.0,8.333333333333334,16.02,22.766666666666666,20.39210526315789
4,1,Dennis Schroder,0.0,OKC,SAC,-7.5,220.5,114.0,11,18.0,26.3,32.0,PG/SG,5500,1,27.0,17.0,101,109,-2%,12,12,15,31,30,31,26.3,31.5,21.9,41.2,31.8,28.8,5.2,29.5,5.36,31.3,29.5,5.7,30.4,5.53,30.666666666666668,13.0,30.26,25.433333333333334,29.243478260869562
4,2,Danilo Gallinari,0.0,OKC,SAC,-7.5,220.5,114.0,17,18.0,29.0,37.5,SF/PF,6300,1,24.0,20.0,101,109,3%,12,14,14,29,31,31,28.9,32.2,24.9,39.5,33.5,35.5,5.6,33.0,5.24,33.3,32.0,5.3,33.15,5.27,30.333333333333332,13.333333333333334,31.73,28.166666666666668,34.97142857142857
4,3,Nassir Little,0.0,POR,IND,10.0,218.0,104.0,4,1.3,8.8,16.3,SF/PF,3000,1,13.0,10.0,101,105,-6%,2,4,3,9,14,13,8.8,8.8,1.3,16.3,11.7,3.8,1.3,8.0,2.67,9.0,12.5,3.0,8.5,2.835,12.0,3.0,8.74,8.8,8.854166666666668
4,4,Cory Joseph,0.0,SAC,OKC,7.5,220.5,106.5,22,5.0,17.4,23.3,PG,3100,1,14.0,10.0,101,106,0%,5,5,6,16,21,24,17.4,16.6,8.6,24.5,35.5,30.5,9.8,22.3,7.18,21.5,29.0,6.9,21.9,7.04,20.333333333333332,5.333333333333333,17.8,15.233333333333334,31.234426229508195
4,5,Moe Harkless,0.0,NY,PHI,6.5,210.0,101.8,18,6.8,15.1,23.3,SF/PF,3100,0,10.0,10.0,102,104,-4%,4,4,4,26,24,23,15.1,15.0,8.1,21.9,26.4,27.0,8.7,14.8,4.76,16.1,26.0,5.2,15.450000000000001,4.98,24.333333333333332,4.0,15.11,15.066666666666668,16.508219178082193
4,6,Kyle O'Quinn,0.0,PHI,NY,-6.5,210.0,108.3,3,6.3,17.4,27.5,C,3000,0,0.0,0.0,101,110,-6%,4,4,3,8,13,10,17.4,11.7,2.1,21.3,14.3,19.0,6.3,18.5,6.17,14.2,12.0,4.7,16.35,5.4350000000000005,10.333333333333334,3.6666666666666665,13.77,17.066666666666666,18.98709677419355
4,7,Kyle Kuzma,0.0,LAL,GS,-10.0,221.0,115.5,16,8.8,18.3,30.5,PF/C,3900,1,22.0,12.0,103,111,1%,13,9,11,25,23,25,21.3,21.9,12.3,31.5,28.6,26.8,6.9,22.0,5.64,22.0,22.0,5.6,22.0,5.619999999999999,24.333333333333332,11.0,21.8,19.2,19.890410958904113
5,0,Anfernee Simons,0.0,POR,IND,10.0,218.0,104.0,12,8.0,19.3,34.8,PG/SG,3600,1,19.0,9.0,101,105,-1%,10,10,8,20,23,23,19.3,15.6,7.8,23.5,21.8,10.3,2.9,17.0,4.72,15.7,21.0,4.4,16.35,4.5600000000000005,22.0,9.333333333333334,16.51,20.7,15.606818181818184
5,1,Alex Caruso,0.0,LAL,GS,-10.0,221.0,115.5,29,0.0,16.6,29.3,PG/SG,3400,1,14.0,11.0,103,111,8%,6,5,5,13,16,19,17.7,14.1,6.7,21.4,15.4,13.0,3.8,15.8,4.63,16.5,19.0,4.9,16.15,4.765000000000001,16.0,5.333333333333333,15.209999999999999,15.300000000000002,19.178124999999998
5,2,Dragan Bender,0.0,GS,LAL,10.0,221.0,105.5,9,6.0,12.4,19.8,PF/C,3000,1,0.0,0.0,103,104,-6%,6,4,4,22,17,15,12.3,11.3,5.9,16.7,22.2,13.0,4.3,8.0,2.67,17.3,22.5,5.8,12.65,4.234999999999999,18.0,4.666666666666667,11.77,12.733333333333334,15.812500000000002
5,3,Juan Toscano-Anderson,0.0,GS,LAL,10.0,221.0,105.5,24,7.3,19.7,37.5,SF/PF,3900,1,0.0,0.0,103,104,-6%,7,5,5,25,20,20,19.7,18.4,6.1,30.6,20.4,11.0,2.8,18.8,4.81,21.7,23.5,5.6,20.25,5.205,21.666666666666668,5.666666666666667,19.009999999999998,21.5,21.963461538461537
5,4,Bogdan Bogdanovic,0.0,SAC,OKC,7.5,220.5,106.5,20,14.5,23.6,33.3,SG/SF,5200,1,23.0,14.0,101,106,-7%,14,12,12,33,30,28,23.6,25.9,15.6,36.2,27.9,24.0,4.6,27.8,5.34,28.0,31.5,5.4,27.9,5.37,30.333333333333332,12.666666666666666,25.839999999999996,23.8,28.97307692307692
5,5,Trevor Ariza,0.0,POR,IND,10.0,218.0,104.0,4,8.5,24.6,34.5,SF,4800,1,12.0,11.0,101,105,-14%,5,6,6,37,34,28,24.6,19.5,9.2,29.9,37.2,18.3,3.8,23.8,4.95,23.9,35.0,5.0,23.85,4.975,33.0,5.666666666666667,21.410000000000004,22.53333333333333,25.295454545454547
5,6,Dwight Howard,0.0,LAL,GS,-10.0,221.0,115.5,25,11.8,22.0,34.3,C,4100,1,14.0,19.0,103,111,2%,3,4,4,17,21,20,22.0,21.6,12.4,30.8,24.4,34.3,8.4,20.3,4.94,20.7,17.5,5.0,20.5,4.970000000000001,19.333333333333332,3.6666666666666665,21.46,22.7,18.55603448275862
5,7,Danilo Gallinari,0.0,OKC,SAC,-7.5,220.5,114.0,17,18.0,29.0,37.5,SF/PF,6300,1,24.0,20.0,101,109,3%,12,14,14,29,31,31,28.9,32.2,24.9,39.5,33.5,35.5,5.6,33.0,5.24,33.3,32.0,5.3,33.15,5.27,30.333333333333332,13.333333333333334,31.73,28.166666666666668,34.97142857142857
6,0,RJ Barrett,0.0,NY,PHI,6.5,210.0,101.8,4,10.8,21.1,33.5,PG/SG,5800,0,24.0,10.0,102,104,-7%,14,14,13,28,27,31,21.1,25.8,14.6,37.0,35.4,28.5,4.9,24.3,4.18,23.5,29.5,4.1,23.9,4.14,28.666666666666668,13.666666666666666,24.48,21.8,24.594767441860466
6,1,Anfernee Simons,0.0,POR,IND,10.0,218.0,104.0,12,8.0,19.3,34.8,PG/SG,3600,1,19.0,9.0,101,105,-1%,10,10,8,20,23,23,19.3,15.6,7.8,23.5,21.8,10.3,2.9,17.0,4.72,15.7,21.0,4.4,16.35,4.5600000000000005,22.0,9.333333333333334,16.51,20.7,15.606818181818184
6,2,Tobias Harris,0.0,PHI,NY,-6.5,210.0,108.3,30,20.3,36.9,50.0,SF/PF,7500,0,23.0,16.0,101,110,2%,16,16,16,36,37,35,36.5,35.8,26.4,45.3,35.4,58.3,7.8,38.8,5.17,41.8,36.0,5.6,40.3,5.385,36.0,16.0,36.86,35.733333333333334,40.3
6,3,Gary Trent Jr.,0.0,POR,IND,10.0,218.0,104.0,9,4.0,14.2,22.8,SG/SF,4100,1,14.0,12.0,101,105,-1%,9,8,6,32,29,19,14.2,12.9,2.4,23.4,40.8,30.3,7.4,18.8,4.57,22.6,33.0,5.5,20.700000000000003,5.035,26.666666666666668,7.666666666666667,14.719999999999999,13.666666666666666,25.616250000000004
6,4,Dennis Schroder,0.0,OKC,SAC,-7.5,220.5,114.0,11,18.0,26.3,32.0,PG/SG,5500,1,27.0,17.0,101,109,-2%,12,12,15,31,30,31,26.3,31.5,21.9,41.2,31.8,28.8,5.2,29.5,5.36,31.3,29.5,5.7,30.4,5.53,30.666666666666668,13.0,30.26,25.433333333333334,29.243478260869562
6,5,Buddy Hield,0.0,SAC,OKC,7.5,220.5,106.5,20,12.5,30.2,39.8,SG/SF,6100,1,27.0,16.0,101,106,-7%,14,15,17,26,30,34,38.4,35.4,25.3,45.5,26.5,25.8,4.2,29.8,4.88,33.6,30.0,5.5,31.700000000000003,5.1899999999999995,30.0,15.333333333333334,35.260000000000005,27.5,31.700000000000006
6,6,Dragan Bender,0.0,GS,LAL,10.0,221.0,105.5,9,6.0,12.4,19.8,PF/C,3000,1,0.0,0.0,103,104,-6%,6,4,4,22,17,15,12.3,11.3,5.9,16.7,22.2,13.0,4.3,8.0,2.67,17.3,22.5,5.8,12.65,4.234999999999999,18.0,4.666666666666667,11.77,12.733333333333334,15.812500000000002
6,7,Harry Giles III,0.0,SAC,OKC,7.5,220.5,106.5,5,14.3,23.9,35.0,C,5500,1,20.0,16.0,101,106,-12%,10,7,5,28,23,14,23.9,14.3,5.4,23.2,24.4,30.0,5.5,26.3,4.77,25.7,25.5,4.7,26.0,4.734999999999999,21.666666666666668,7.333333333333333,18.560000000000002,24.400000000000002,30.599999999999998
7,0,Rajon Rondo,0.0,LAL,GS,-10.0,221.0,115.5,29,4.8,17.9,40.5,PG,3500,1,21.0,14.0,103,111,7%,3,5,7,17,18,21,17.9,20.6,9.3,31.8,25.8,29.0,8.3,29.5,8.43,30.2,28.0,8.6,29.85,8.515,18.666666666666668,5.0,21.889999999999997,21.066666666666666,44.775
7,1,Victor Oladipo,0.0,IND,POR,-10.0,218.0,114.0,19,11.8,20.4,25.3,PG/SG,6200,1,0.0,0.0,103,111,-2%,8,11,12,27,27,25,20.4,18.3,13.4,23.2,25.8,27.3,4.4,25.0,4.03,25.5,28.5,4.1,25.25,4.0649999999999995,26.333333333333332,10.333333333333334,20.110000000000003,19.166666666666668,27.32753164556962
7,2,Wenyen Gabriel,0.0,POR,IND,10.0,218.0,104.0,25,1.3,7.7,15.0,PF,3000,1,0.0,0.0,101,105,-6%,2,2,2,11,10,7,7.7,4.8,0.1,9.4,6.3,3.0,1.0,6.0,2.0,0.0,0.0,0.0,3.0,1.0,9.333333333333334,2.0,5.0,8.0,0.0
7,3,Buddy Hield,0.0,SAC,OKC,7.5,220.5,106.5,20,12.5,30.2,39.8,SG/SF,6100,1,27.0,16.0,101,106,-7%,14,15,17,26,30,34,38.4,35.4,25.3,45.5,26.5,25.8,4.2,29.8,4.88,33.6,30.0,5.5,31.700000000000003,5.1899999999999995,30.0,15.333333333333334,35.260000000000005,27.5,31.700000000000006
7,4,T.J. McConnell,0.0,IND,POR,-10.0,218.0,114.0,19,1.0,10.9,21.0,PG,3400,1,20.0,17.0,103,111,8%,3,5,6,18,17,19,13.3,19.1,11.0,27.2,18.2,13.3,3.9,15.3,4.49,15.9,16.5,4.7,15.600000000000001,4.595000000000001,18.0,4.666666666666667,17.240000000000002,10.966666666666667,14.3
7,5,Bobby Portis,0.0,NY,PHI,6.5,210.0,101.8,22,19.3,24.2,29.5,PF/C,4100,0,21.0,14.0,102,104,-7%,11,10,9,24,22,21,24.2,20.7,11.1,30.2,21.9,8.3,2.0,24.0,5.85,23.1,25.0,5.6,23.55,5.725,22.333333333333332,10.0,21.949999999999996,24.333333333333332,26.361940298507463
7,6,JaVale McGee,0.0,LAL,GS,-10.0,221.0,115.5,25,9.8,12.3,14.0,C,3000,1,15.0,21.0,103,111,2%,3,3,5,13,14,17,12.3,18.9,10.2,27.6,18.9,21.5,7.2,17.8,5.92,17.0,14.0,5.7,17.4,5.8100000000000005,14.666666666666666,3.6666666666666665,17.28,12.033333333333333,16.60909090909091
7,7,Al Horford,0.0,PHI,NY,-6.5,210.0,108.3,20,15.3,23.3,30.3,PF/C,5200,0,18.0,15.0,101,110,8%,9,7,11,32,30,31,22.6,30.2,21.5,38.8,33.6,42.8,8.2,35.8,6.88,33.5,33.5,6.4,34.65,6.640000000000001,31.0,9.0,29.55,22.96666666666667,37.44435483870968
8,0,Dennis Schroder,0.0,OKC,SAC,-7.5,220.5,114.0,11,18.0,26.3,32.0,PG/SG,5500,1,27.0,17.0,101,109,-2%,12,12,15,31,30,31,26.3,31.5,21.9,41.2,31.8,28.8,5.2,29.5,5.36,31.3,29.5,5.7,30.4,5.53,30.666666666666668,13.0,30.26,25.433333333333334,29.243478260869562
8,1,Buddy Hield,0.0,SAC,OKC,7.5,220.5,106.5,20,12.5,30.2,39.8,SG/SF,6100,1,27.0,16.0,101,106,-7%,14,15,17,26,30,34,38.4,35.4,25.3,45.5,26.5,25.8,4.2,29.8,4.88,33.6,30.0,5.5,31.700000000000003,5.1899999999999995,30.0,15.333333333333334,35.260000000000005,27.5,31.700000000000006
8,2,Danilo Gallinari,0.0,OKC,SAC,-7.5,220.5,114.0,17,18.0,29.0,37.5,SF/PF,6300,1,24.0,20.0,101,109,3%,12,14,14,29,31,31,28.9,32.2,24.9,39.5,33.5,35.5,5.6,33.0,5.24,33.3,32.0,5.3,33.15,5.27,30.333333333333332,13.333333333333334,31.73,28.166666666666668,34.97142857142857
8,3,Eric Paschall,0.0,GS,LAL,10.0,221.0,105.5,24,13.8,19.5,22.5,SF/PF,5000,1,21.0,14.0,103,104,-6%,9,8,11,34,28,28,19.7,23.5,13.0,34.0,26.6,30.3,6.1,23.3,4.65,23.8,27.0,4.8,23.55,4.725,30.0,9.333333333333334,22.75,18.599999999999998,21.195
8,4,Shake Milton,0.0,PHI,NY,-6.5,210.0,108.3,8,7.3,20.3,35.0,PG,4700,0,19.0,11.0,101,110,-4%,11,7,6,32,20,16,18.0,13.5,2.0,25.1,31.6,36.8,7.8,26.5,5.64,27.2,31.0,5.8,26.85,5.72,22.666666666666668,8.0,17.09,20.866666666666667,36.72132352941176
8,5,Domantas Sabonis,0.0,IND,POR,-10.0,218.0,114.0,19,32.3,46.1,57.0,PF/C,9100,1,24.0,21.0,103,111,5%,13,14,14,31,33,35,46.1,44.3,35.1,53.5,27.6,42.3,4.6,44.3,4.86,47.0,35.0,5.2,45.65,5.03,33.0,13.666666666666666,44.93,45.13333333333333,48.416666666666664
8,6,Kevon Looney,0.0,GS,LAL,10.0,221.0,105.5,7,2.8,9.6,13.5,C,3100,1,0.0,0.0,103,104,-5%,6,5,4,17,17,13,9.5,9.6,4.3,15.0,19.3,15.0,4.8,13.8,4.44,15.1,16.5,4.9,14.45,4.67,15.666666666666666,5.0,10.569999999999999,8.633333333333333,15.218617021276595
8,7,Cory Joseph,0.0,SAC,OKC,7.5,220.5,106.5,22,5.0,17.4,23.3,PG,3100,1,14.0,10.0,101,106,0%,5,5,6,16,21,24,17.4,16.6,8.6,24.5,35.5,30.5,9.8,22.3,7.18,21.5,29.0,6.9,21.9,7.04,20.333333333333332,5.333333333333333,17.8,15.233333333333334,31.234426229508195
9,0,Cory Joseph,0.0,SAC,OKC,7.5,220.5,106.5,22,5.0,17.4,23.3,PG,3100,1,14.0,10.0,101,106,0%,5,5,6,16,21,24,17.4,16.6,8.6,24.5,35.5,30.5,9.8,22.3,7.18,21.5,29.0,6.9,21.9,7.04,20.333333333333332,5.333333333333333,17.8,15.233333333333334,31.234426229508195
9,1,Anfernee Simons,0.0,POR,IND,10.0,218.0,104.0,12,8.0,19.3,34.8,PG/SG,3600,1,19.0,9.0,101,105,-1%,10,10,8,20,23,23,19.3,15.6,7.8,23.5,21.8,10.3,2.9,17.0,4.72,15.7,21.0,4.4,16.35,4.5600000000000005,22.0,9.333333333333334,16.51,20.7,15.606818181818184
9,2,Abdel Nader,0.0,OKC,SAC,-7.5,220.5,114.0,17,8.8,15.3,20.0,SF/PF,3100,1,16.0,11.0,101,109,3%,5,5,4,19,17,15,15.3,10.1,3.0,17.3,14.9,11.0,3.5,12.0,3.87,10.9,16.0,3.5,11.45,3.685,17.0,4.666666666666667,11.430000000000001,14.700000000000001,10.776470588235293
9,3,Markieff Morris,0.0,LAL,GS,-10.0,221.0,115.5,16,7.3,19.2,29.0,SF/PF,3100,1,21.0,13.0,103,111,1%,5,7,9,18,21,23,19.1,20.0,11.6,28.4,18.9,15.0,4.8,19.8,6.37,16.5,17.5,5.3,18.15,5.835,20.666666666666668,7.0,19.45,18.5,15.368951612903222
9,4,Bogdan Bogdanovic,0.0,SAC,OKC,7.5,220.5,106.5,20,14.5,23.6,33.3,SG/SF,5200,1,23.0,14.0,101,106,-7%,14,12,12,33,30,28,23.6,25.9,15.6,36.2,27.9,24.0,4.6,27.8,5.34,28.0,31.5,5.4,27.9,5.37,30.333333333333332,12.666666666666666,25.839999999999996,23.8,28.97307692307692
9,5,Kyle Kuzma,0.0,LAL,GS,-10.0,221.0,115.5,16,8.8,18.3,30.5,PF/C,3900,1,22.0,12.0,103,111,1%,13,9,11,25,23,25,21.3,21.9,12.3,31.5,28.6,26.8,6.9,22.0,5.64,22.0,22.0,5.6,22.0,5.619999999999999,24.333333333333332,11.0,21.8,19.2,19.890410958904113
9,6,Alex Len,0.0,SAC,OKC,7.5,220.5,106.5,5,10.0,14.4,16.8,C,3300,1,18.0,17.0,101,106,0%,2,4,7,16,16,19,14.3,20.5,10.3,30.8,21.1,27.8,8.4,15.5,4.7,17.3,16.5,5.2,16.4,4.95,17.0,4.333333333333333,18.459999999999997,13.733333333333334,15.917647058823528
9,7,Doug McDermott,0.0,IND,POR,-10.0,218.0,114.0,12,7.0,14.9,20.5,SF/PF,3200,1,19.0,14.0,103,111,5%,9,7,8,18,16,20,14.8,16.4,8.8,23.9,12.0,5.0,1.6,14.0,4.38,14.0,16.5,4.4,14.0,4.390000000000001,18.0,8.0,15.579999999999998,14.133333333333333,12.833333333333334
10,0,Elfrid Payton,0.0,NY,PHI,6.5,210.0,101.8,4,21.0,36.7,47.0,PG,7000,0,22.0,16.0,102,104,-5%,9,11,10,29,31,28,36.6,30.5,19.9,41.1,35.6,45.0,6.4,29.0,4.14,28.0,27.5,4.0,28.5,4.07,29.333333333333332,10.0,31.32,34.9,26.718750000000004
10,1,Avery Bradley,0.0,LAL,GS,-10.0,221.0,115.5,29,8.0,15.6,30.3,PG/SG,3300,1,15.0,9.0,103,111,8%,6,7,8,25,27,24,15.6,15.0,7.1,22.9,21.3,19.3,5.8,17.3,5.23,19.2,27.5,5.8,18.25,5.515000000000001,25.333333333333332,7.0,15.77,17.96666666666667,19.810855263157897
10,2,Nemanja Bjelica,0.0,SAC,OKC,7.5,220.5,106.5,13,11.3,23.2,33.5,PF,5300,1,18.0,16.0,101,106,-12%,7,9,10,26,28,29,23.1,28.2,18.0,38.5,34.3,33.8,6.4,25.3,4.76,25.6,27.5,4.8,25.450000000000003,4.779999999999999,27.666666666666668,8.666666666666666,26.65,22.666666666666668,25.29668674698795
10,3,Danny Green,0.0,LAL,GS,-10.0,221.0,115.5,15,5.5,16.3,36.8,SG/SF,3700,1,14.0,12.0,103,111,8%,7,5,7,27,25,25,16.3,19.0,9.7,28.2,18.5,1.5,0.4,21.0,5.68,21.5,25.5,5.8,21.25,5.74,25.666666666666668,6.333333333333333,18.89,19.53333333333333,21.112012987012985
10,4,Shai Gilgeous-Alexander,0.0,OKC,SAC,-7.5,220.5,114.0,11,29.3,38.4,46.3,PG/SG,7400,1,23.0,18.0,101,109,4%,13,13,15,33,35,36,38.4,36.3,26.5,46.2,38.0,29.8,4.0,36.3,4.9,37.3,35.0,5.0,36.8,4.95,34.666666666666664,13.666666666666666,36.839999999999996,38.0,37.15384615384615
10,5,Kyle Kuzma,0.0,LAL,GS,-10.0,221.0,115.5,16,8.8,18.3,30.5,PF/C,3900,1,22.0,12.0,103,111,1%,13,9,11,25,23,25,21.3,21.9,12.3,31.5,28.6,26.8,6.9,22.0,5.64,22.0,22.0,5.6,22.0,5.619999999999999,24.333333333333332,11.0,21.8,19.2,19.890410958904113
10,6,Dragan Bender,0.0,GS,LAL,10.0,221.0,105.5,9,6.0,12.4,19.8,PF/C,3000,1,0.0,0.0,103,104,-6%,6,4,4,22,17,15,12.3,11.3,5.9,16.7,22.2,13.0,4.3,8.0,2.67,17.3,22.5,5.8,12.65,4.234999999999999,18.0,4.666666666666667,11.77,12.733333333333334,15.812500000000002
10,7,Abdel Nader,0.0,OKC,SAC,-7.5,220.5,114.0,17,8.8,15.3,20.0,SF/PF,3100,1,16.0,11.0,101,109,3%,5,5,4,19,17,15,15.3,10.1,3.0,17.3,14.9,11.0,3.5,12.0,3.87,10.9,16.0,3.5,11.45,3.685,17.0,4.666666666666667,11.430000000000001,14.700000000000001,10.776470588235293
11,0,Allonzo Trier,0.0,NY,PHI,6.5,210.0,101.8,4,0.0,7.6,17.0,PG/SG,3000,0,0.0,0.0,102,104,-5%,6,5,4,11,10,12,7.5,10.3,2.2,18.4,10.1,8.8,2.9,8.0,2.67,12.6,16.5,4.2,10.3,3.435,11.0,5.0,9.74,8.200000000000001,15.450000000000001
11,1,Matisse Thybulle,0.0,PHI,NY,-6.5,210.0,108.3,13,2.0,7.1,14.0,SG/SF,3100,0,11.0,9.0,101,110,1%,3,2,4,13,14,20,7.0,13.0,4.8,21.1,14.7,10.8,3.5,13.3,4.27,12.2,18.0,3.9,12.75,4.085,15.666666666666666,3.0,11.73,7.7,14.648936170212766
11,2,Al Horford,0.0,PHI,NY,-6.5,210.0,108.3,20,15.3,23.3,30.3,PF/C,5200,0,18.0,15.0,101,110,8%,9,7,11,32,30,31,22.6,30.2,21.5,38.8,33.6,42.8,8.2,35.8,6.88,33.5,33.5,6.4,34.65,6.640000000000001,31.0,9.0,29.55,22.96666666666667,37.44435483870968
11,3,Markieff Morris,0.0,LAL,GS,-10.0,221.0,115.5,16,7.3,19.2,29.0,SF/PF,3100,1,21.0,13.0,103,111,1%,5,7,9,18,21,23,19.1,20.0,11.6,28.4,18.9,15.0,4.8,19.8,6.37,16.5,17.5,5.3,18.15,5.835,20.666666666666668,7.0,19.45,18.5,15.368951612903222
11,4,Kentavious Caldwell-Pope,0.0,LAL,GS,-10.0,221.0,115.5,15,15.3,20.3,22.5,SG/SF,3600,1,15.0,12.0,103,111,8%,8,9,8,29,28,27,20.3,18.0,11.5,24.6,22.7,18.8,5.2,20.5,5.69,19.5,26.0,5.4,20.0,5.545,28.0,8.333333333333334,18.880000000000003,19.366666666666667,18.571428571428573
11,5,Juan Toscano-Anderson,0.0,GS,LAL,10.0,221.0,105.5,24,7.3,19.7,37.5,SF/PF,3900,1,0.0,0.0,103,104,-6%,7,5,5,25,20,20,19.7,18.4,6.1,30.6,20.4,11.0,2.8,18.8,4.81,21.7,23.5,5.6,20.25,5.205,21.666666666666668,5.666666666666667,19.009999999999998,21.5,21.963461538461537
11,6,Harry Giles III,0.0,SAC,OKC,7.5,220.5,106.5,5,14.3,23.9,35.0,C,5500,1,20.0,16.0,101,106,-12%,10,7,5,28,23,14,23.9,14.3,5.4,23.2,24.4,30.0,5.5,26.3,4.77,25.7,25.5,4.7,26.0,4.734999999999999,21.666666666666668,7.333333333333333,18.560000000000002,24.400000000000002,30.599999999999998
11,7,Nemanja Bjelica,0.0,SAC,OKC,7.5,220.5,106.5,13,11.3,23.2,33.5,PF,5300,1,18.0,16.0,101,106,-12%,7,9,10,26,28,29,23.1,28.2,18.0,38.5,34.3,33.8,6.4,25.3,4.76,25.6,27.5,4.8,25.450000000000003,4.779999999999999,27.666666666666668,8.666666666666666,26.65,22.666666666666668,25.29668674698795
12,0,Jordan Poole,0.0,GS,LAL,10.0,221.0,105.5,6,21.3,25.0,30.0,PG/SG,4900,1,21.0,6.0,103,104,0%,14,13,9,32,32,22,25.0,15.7,7.2,24.3,32.3,28.3,5.8,23.8,4.85,26.5,31.5,5.4,25.15,5.125,28.666666666666668,12.0,19.47,25.433333333333334,27.635755813953487
12,1,Avery Bradley,0.0,LAL,GS,-10.0,221.0,115.5,29,8.0,15.6,30.3,PG/SG,3300,1,15.0,9.0,103,111,8%,6,7,8,25,27,24,15.6,15.0,7.1,22.9,21.3,19.3,5.8,17.3,5.23,19.2,27.5,5.8,18.25,5.515000000000001,25.333333333333332,7.0,15.77,17.96666666666667,19.810855263157897
12,2,Harrison Barnes,0.0,SAC,OKC,7.5,220.5,106.5,11,20.8,30.9,38.8,SF/PF,5300,1,17.0,14.0,101,106,-4%,11,12,11,38,36,35,30.9,26.1,16.6,35.6,38.1,31.3,5.9,26.3,4.95,26.4,36.0,5.0,26.35,4.975,36.333333333333336,11.333333333333334,27.109999999999996,30.166666666666668,26.108256880733943
12,3,Abdel Nader,0.0,OKC,SAC,-7.5,220.5,114.0,17,8.8,15.3,20.0,SF/PF,3100,1,16.0,11.0,101,109,3%,5,5,4,19,17,15,15.3,10.1,3.0,17.3,14.9,11.0,3.5,12.0,3.87,10.9,16.0,3.5,11.45,3.685,17.0,4.666666666666667,11.430000000000001,14.700000000000001,10.776470588235293
12,4,Buddy Hield,0.0,SAC,OKC,7.5,220.5,106.5,20,12.5,30.2,39.8,SG/SF,6100,1,27.0,16.0,101,106,-7%,14,15,17,26,30,34,38.4,35.4,25.3,45.5,26.5,25.8,4.2,29.8,4.88,33.6,30.0,5.5,31.700000000000003,5.1899999999999995,30.0,15.333333333333334,35.260000000000005,27.5,31.700000000000006
12,5,T.J. Warren,0.0,IND,POR,-10.0,218.0,114.0,12,15.0,34.1,52.8,SF/PF,6000,1,22.0,17.0,103,111,5%,12,15,14,28,32,32,34.0,28.9,17.5,40.3,38.0,26.8,4.5,31.3,5.21,30.7,33.5,5.1,31.0,5.154999999999999,30.666666666666668,13.666666666666666,30.339999999999996,33.96666666666667,33.86413043478261
12,6,Kevon Looney,0.0,GS,LAL,10.0,221.0,105.5,7,2.8,9.6,13.5,C,3100,1,0.0,0.0,103,104,-5%,6,5,4,17,17,13,9.5,9.6,4.3,15.0,19.3,15.0,4.8,13.8,4.44,15.1,16.5,4.9,14.45,4.67,15.666666666666666,5.0,10.569999999999999,8.633333333333333,15.218617021276595
12,7,Victor Oladipo,0.0,IND,POR,-10.0,218.0,114.0,19,11.8,20.4,25.3,PG/SG,6200,1,0.0,0.0,103,111,-2%,8,11,12,27,27,25,20.4,18.3,13.4,23.2,25.8,27.3,4.4,25.0,4.03,25.5,28.5,4.1,25.25,4.0649999999999995,26.333333333333332,10.333333333333334,20.110000000000003,19.166666666666668,27.32753164556962
13,0,Alec Burks,0.0,PHI,NY,-6.5,210.0,108.3,8,5.0,16.8,26.5,PG/SG,4200,0,24.0,16.0,101,110,-4%,9,12,12,17,23,29,24.2,29.0,17.8,40.2,17.9,15.5,3.7,19.8,4.7,18.4,18.0,4.4,19.1,4.550000000000001,23.0,11.0,26.060000000000002,16.099999999999998,14.947826086956523
13,1,Gary Trent Jr.,0.0,POR,IND,10.0,218.0,104.0,9,4.0,14.2,22.8,SG/SF,4100,1,14.0,12.0,101,105,-1%,9,8,6,32,29,19,14.2,12.9,2.4,23.4,40.8,30.3,7.4,18.8,4.57,22.6,33.0,5.5,20.700000000000003,5.035,26.666666666666668,7.666666666666667,14.719999999999999,13.666666666666666,25.616250000000004
13,2,Julius Randle,0.0,NY,PHI,6.5,210.0,101.8,22,22.8,40.8,64.5,PF/C,7800,0,28.0,17.0,102,104,-7%,14,16,16,27,33,33,40.8,38.3,29.1,47.4,38.0,52.0,6.7,35.3,4.52,35.9,31.5,4.6,35.599999999999994,4.56,31.0,15.333333333333334,38.239999999999995,42.699999999999996,36.174193548387095
13,3,Harrison Barnes,0.0,SAC,OKC,7.5,220.5,106.5,11,20.8,30.9,38.8,SF/PF,5300,1,17.0,14.0,101,106,-4%,11,12,11,38,36,35,30.9,26.1,16.6,35.6,38.1,31.3,5.9,26.3,4.95,26.4,36.0,5.0,26.35,4.975,36.333333333333336,11.333333333333334,27.109999999999996,30.166666666666668,26.108256880733943
13,4,Kent Bazemore,0.0,SAC,OKC,7.5,220.5,106.5,20,13.5,27.4,43.0,SG/SF,4700,1,16.0,9.0,101,106,-7%,9,9,8,31,25,25,27.4,19.4,11.6,27.1,17.5,17.8,3.8,23.0,4.89,21.7,28.0,4.6,22.35,4.744999999999999,27.0,8.666666666666666,21.57,27.96666666666667,23.17777777777778
13,5,Tobias Harris,0.0,PHI,NY,-6.5,210.0,108.3,30,20.3,36.9,50.0,SF/PF,7500,0,23.0,16.0,101,110,2%,16,16,16,36,37,35,36.5,35.8,26.4,45.3,35.4,58.3,7.8,38.8,5.17,41.8,36.0,5.6,40.3,5.385,36.0,16.0,36.86,35.733333333333334,40.3
13,6,JaVale McGee,0.0,LAL,GS,-10.0,221.0,115.5,25,9.8,12.3,14.0,C,3000,1,15.0,21.0,103,111,2%,3,3,5,13,14,17,12.3,18.9,10.2,27.6,18.9,21.5,7.2,17.8,5.92,17.0,14.0,5.7,17.4,5.8100000000000005,14.666666666666666,3.6666666666666665,17.28,12.033333333333333,16.60909090909091
13,7,Allonzo Trier,0.0,NY,PHI,6.5,210.0,101.8,4,0.0,7.6,17.0,PG/SG,3000,0,0.0,0.0,102,104,-5%,6,5,4,11,10,12,7.5,10.3,2.2,18.4,10.1,8.8,2.9,8.0,2.67,12.6,16.5,4.2,10.3,3.435,11.0,5.0,9.74,8.200000000000001,15.450000000000001
14,0,CJ McCollum,0.0,POR,IND,10.0,218.0,104.0,12,26.8,49.2,76.3,PG/SG,9000,1,26.0,17.0,101,105,-1%,27,24,20,40,38,37,49.1,37.3,25.5,49.0,38.2,43.3,4.8,44.3,4.92,44.8,39.0,5.0,44.55,4.96,38.333333333333336,23.666666666666668,41.089999999999996,50.76666666666667,45.32478260869564
14,1,Alec Burks,0.0,PHI,NY,-6.5,210.0,108.3,8,5.0,16.8,26.5,PG/SG,4200,0,24.0,16.0,101,110,-4%,9,12,12,17,23,29,24.2,29.0,17.8,40.2,17.9,15.5,3.7,19.8,4.7,18.4,18.0,4.4,19.1,4.550000000000001,23.0,11.0,26.060000000000002,16.099999999999998,14.947826086956523
14,2,Danilo Gallinari,0.0,OKC,SAC,-7.5,220.5,114.0,17,18.0,29.0,37.5,SF/PF,6300,1,24.0,20.0,101,109,3%,12,14,14,29,31,31,28.9,32.2,24.9,39.5,33.5,35.5,5.6,33.0,5.24,33.3,32.0,5.3,33.15,5.27,30.333333333333332,13.333333333333334,31.73,28.166666666666668,34.97142857142857
14,3,Kent Bazemore,0.0,SAC,OKC,7.5,220.5,106.5,20,13.5,27.4,43.0,SG/SF,4700,1,16.0,9.0,101,106,-7%,9,9,8,31,25,25,27.4,19.4,11.6,27.1,17.5,17.8,3.8,23.0,4.89,21.7,28.0,4.6,22.35,4.744999999999999,27.0,8.666666666666666,21.57,27.96666666666667,23.17777777777778
14,4,Chris Paul,0.0,OKC,SAC,-7.5,220.5,114.0,11,35.5,42.5,49.5,PG,7900,1,24.0,22.0,101,109,-2%,14,15,13,31,33,32,42.5,37.6,28.6,46.6,32.2,36.0,4.6,38.8,4.91,41.0,33.5,5.2,39.9,5.055,32.0,14.0,39.04,42.5,41.770312499999996
14,5,Eric Paschall,0.0,GS,LAL,10.0,221.0,105.5,24,13.8,19.5,22.5,SF/PF,5000,1,21.0,14.0,103,104,-6%,9,8,11,34,28,28,19.7,23.5,13.0,34.0,26.6,30.3,6.1,23.3,4.65,23.8,27.0,4.8,23.55,4.725,30.0,9.333333333333334,22.75,18.599999999999998,21.195
14,6,Marquese Chriss,0.0,GS,LAL,10.0,221.0,105.5,7,20.8,36.5,45.3,C,5900,1,19.0,19.0,103,104,-6%,9,11,6,22,26,19,36.5,21.6,11.5,31.7,23.1,20.3,3.4,29.3,4.96,31.2,26.5,5.3,30.25,5.13,22.333333333333332,8.666666666666666,26.310000000000002,34.199999999999996,35.893656716417915
14,7,Rajon Rondo,0.0,LAL,GS,-10.0,221.0,115.5,29,4.8,17.9,40.5,PG,3500,1,21.0,14.0,103,111,7%,3,5,7,17,18,21,17.9,20.6,9.3,31.8,25.8,29.0,8.3,29.5,8.43,30.2,28.0,8.6,29.85,8.515,18.666666666666668,5.0,21.889999999999997,21.066666666666666,44.775
15,0,Avery Bradley,0.0,LAL,GS,-10.0,221.0,115.5,29,8.0,15.6,30.3,PG/SG,3300,1,15.0,9.0,103,111,8%,6,7,8,25,27,24,15.6,15.0,7.1,22.9,21.3,19.3,5.8,17.3,5.23,19.2,27.5,5.8,18.25,5.515000000000001,25.333333333333332,7.0,15.77,17.96666666666667,19.810855263157897
15,1,Anfernee Simons,0.0,POR,IND,10.0,218.0,104.0,12,8.0,19.3,34.8,PG/SG,3600,1,19.0,9.0,101,105,-1%,10,10,8,20,23,23,19.3,15.6,7.8,23.5,21.8,10.3,2.9,17.0,4.72,15.7,21.0,4.4,16.35,4.5600000000000005,22.0,9.333333333333334,16.51,20.7,15.606818181818184
15,2,Kyle Kuzma,0.0,LAL,GS,-10.0,221.0,115.5,16,8.8,18.3,30.5,PF/C,3900,1,22.0,12.0,103,111,1%,13,9,11,25,23,25,21.3,21.9,12.3,31.5,28.6,26.8,6.9,22.0,5.64,22.0,22.0,5.6,22.0,5.619999999999999,24.333333333333332,11.0,21.8,19.2,19.890410958904113
15,3,Kent Bazemore,0.0,SAC,OKC,7.5,220.5,106.5,20,13.5,27.4,43.0,SG/SF,4700,1,16.0,9.0,101,106,-7%,9,9,8,31,25,25,27.4,19.4,11.6,27.1,17.5,17.8,3.8,23.0,4.89,21.7,28.0,4.6,22.35,4.744999999999999,27.0,8.666666666666666,21.57,27.96666666666667,23.17777777777778
15,4,Shai Gilgeous-Alexander,0.0,OKC,SAC,-7.5,220.5,114.0,11,29.3,38.4,46.3,PG/SG,7400,1,23.0,18.0,101,109,4%,13,13,15,33,35,36,38.4,36.3,26.5,46.2,38.0,29.8,4.0,36.3,4.9,37.3,35.0,5.0,36.8,4.95,34.666666666666664,13.666666666666666,36.839999999999996,38.0,37.15384615384615
15,5,Wenyen Gabriel,0.0,POR,IND,10.0,218.0,104.0,25,1.3,7.7,15.0,PF,3000,1,0.0,0.0,101,105,-6%,2,2,2,11,10,7,7.7,4.8,0.1,9.4,6.3,3.0,1.0,6.0,2.0,0.0,0.0,0.0,3.0,1.0,9.333333333333334,2.0,5.0,8.0,0.0
15,6,Steven Adams,0.0,OKC,SAC,-7.5,220.5,114.0,11,35.0,42.5,56.8,C,6800,1,17.0,21.0,101,109,-3%,10,11,8,28,30,28,42.5,31.7,21.5,42.0,27.7,24.8,3.6,32.3,4.74,33.3,29.5,4.9,32.8,4.82,28.666666666666668,9.666666666666666,34.1,44.76666666666667,33.75348837209302
15,7,Julius Randle,0.0,NY,PHI,6.5,210.0,101.8,22,22.8,40.8,64.5,PF/C,7800,0,28.0,17.0,102,104,-7%,14,16,16,27,33,33,40.8,38.3,29.1,47.4,38.0,52.0,6.7,35.3,4.52,35.9,31.5,4.6,35.599999999999994,4.56,31.0,15.333333333333334,38.239999999999995,42.699999999999996,36.174193548387095
16,0,CJ McCollum,0.0,POR,IND,10.0,218.0,104.0,12,26.8,49.2,76.3,PG/SG,9000,1,26.0,17.0,101,105,-1%,27,24,20,40,38,37,49.1,37.3,25.5,49.0,38.2,43.3,4.8,44.3,4.92,44.8,39.0,5.0,44.55,4.96,38.333333333333336,23.666666666666668,41.089999999999996,50.76666666666667,45.32478260869564
16,1,Damion Lee,0.0,GS,LAL,10.0,221.0,105.5,16,25.3,30.9,37.5,SG,5400,1,19.0,13.0,103,104,-2%,12,12,10,33,31,29,30.9,25.5,15.5,35.4,33.6,29.0,5.4,26.8,4.95,30.8,32.5,5.7,28.8,5.325,31.0,11.333333333333334,27.22,31.233333333333334,30.193548387096776
16,2,Harrison Barnes,0.0,SAC,OKC,7.5,220.5,106.5,11,20.8,30.9,38.8,SF/PF,5300,1,17.0,14.0,101,106,-4%,11,12,11,38,36,35,30.9,26.1,16.6,35.6,38.1,31.3,5.9,26.3,4.95,26.4,36.0,5.0,26.35,4.975,36.333333333333336,11.333333333333334,27.109999999999996,30.166666666666668,26.108256880733943
16,3,Juan Toscano-Anderson,0.0,GS,LAL,10.0,221.0,105.5,24,7.3,19.7,37.5,SF/PF,3900,1,0.0,0.0,103,104,-6%,7,5,5,25,20,20,19.7,18.4,6.1,30.6,20.4,11.0,2.8,18.8,4.81,21.7,23.5,5.6,20.25,5.205,21.666666666666668,5.666666666666667,19.009999999999998,21.5,21.963461538461537
16,4,Matisse Thybulle,0.0,PHI,NY,-6.5,210.0,108.3,13,2.0,7.1,14.0,SG/SF,3100,0,11.0,9.0,101,110,1%,3,2,4,13,14,20,7.0,13.0,4.8,21.1,14.7,10.8,3.5,13.3,4.27,12.2,18.0,3.9,12.75,4.085,15.666666666666666,3.0,11.73,7.7,14.648936170212766
16,5,Kevin Knox II,0.0,NY,PHI,6.5,210.0,101.8,18,2.0,5.8,9.0,SF/PF,3000,0,18.0,9.0,102,104,-4%,6,4,6,18,15,19,5.8,13.3,6.0,20.7,7.8,2.3,0.8,12.8,4.25,12.7,19.0,4.2,12.75,4.225,17.333333333333332,5.333333333333333,11.709999999999999,5.6000000000000005,13.97596153846154
16,6,Domantas Sabonis,0.0,IND,POR,-10.0,218.0,114.0,19,32.3,46.1,57.0,PF/C,9100,1,24.0,21.0,103,111,5%,13,14,14,31,33,35,46.1,44.3,35.1,53.5,27.6,42.3,4.6,44.3,4.86,47.0,35.0,5.2,45.65,5.03,33.0,13.666666666666666,44.93,45.13333333333333,48.416666666666664
16,7,Buddy Hield,0.0,SAC,OKC,7.5,220.5,106.5,20,12.5,30.2,39.8,SG/SF,6100,1,27.0,16.0,101,106,-7%,14,15,17,26,30,34,38.4,35.4,25.3,45.5,26.5,25.8,4.2,29.8,4.88,33.6,30.0,5.5,31.700000000000003,5.1899999999999995,30.0,15.333333333333334,35.260000000000005,27.5,31.700000000000006
17,0,Aaron Holiday,0.0,IND,POR,-10.0,218.0,114.0,19,5.0,14.2,28.5,PG/SG,4800,1,21.0,13.0,103,111,8%,10,8,9,31,24,24,16.8,21.0,10.0,31.9,14.1,11.8,2.5,19.3,4.01,17.8,20.0,3.7,18.55,3.855,26.333333333333332,9.0,19.65,15.9,14.088607594936711
17,1,Kent Bazemore,0.0,SAC,OKC,7.5,220.5,106.5,20,13.5,27.4,43.0,SG/SF,4700,1,16.0,9.0,101,106,-7%,9,9,8,31,25,25,27.4,19.4,11.6,27.1,17.5,17.8,3.8,23.0,4.89,21.7,28.0,4.6,22.35,4.744999999999999,27.0,8.666666666666666,21.57,27.96666666666667,23.17777777777778
17,2,Danilo Gallinari,0.0,OKC,SAC,-7.5,220.5,114.0,17,18.0,29.0,37.5,SF/PF,6300,1,24.0,20.0,101,109,3%,12,14,14,29,31,31,28.9,32.2,24.9,39.5,33.5,35.5,5.6,33.0,5.24,33.3,32.0,5.3,33.15,5.27,30.333333333333332,13.333333333333334,31.73,28.166666666666668,34.97142857142857
17,3,Buddy Hield,0.0,SAC,OKC,7.5,220.5,106.5,20,12.5,30.2,39.8,SG/SF,6100,1,27.0,16.0,101,106,-7%,14,15,17,26,30,34,38.4,35.4,25.3,45.5,26.5,25.8,4.2,29.8,4.88,33.6,30.0,5.5,31.700000000000003,5.1899999999999995,30.0,15.333333333333334,35.260000000000005,27.5,31.700000000000006
17,4,CJ McCollum,0.0,POR,IND,10.0,218.0,104.0,12,26.8,49.2,76.3,PG/SG,9000,1,26.0,17.0,101,105,-1%,27,24,20,40,38,37,49.1,37.3,25.5,49.0,38.2,43.3,4.8,44.3,4.92,44.8,39.0,5.0,44.55,4.96,38.333333333333336,23.666666666666668,41.089999999999996,50.76666666666667,45.32478260869564
17,5,Doug McDermott,0.0,IND,POR,-10.0,218.0,114.0,12,7.0,14.9,20.5,SF/PF,3200,1,19.0,14.0,103,111,5%,9,7,8,18,16,20,14.8,16.4,8.8,23.9,12.0,5.0,1.6,14.0,4.38,14.0,16.5,4.4,14.0,4.390000000000001,18.0,8.0,15.579999999999998,14.133333333333333,12.833333333333334
17,6,Goga Bitadze,0.0,IND,POR,-10.0,218.0,114.0,15,0.0,6.9,14.5,C,3000,1,17.0,12.0,103,111,5%,4,2,3,11,6,9,6.9,7.8,0.0,15.5,6.7,5.3,1.8,13.0,4.33,0.0,0.0,0.0,6.5,2.165,8.666666666666666,3.0,7.340000000000001,7.133333333333333,0.0
17,7,Cory Joseph,0.0,SAC,OKC,7.5,220.5,106.5,22,5.0,17.4,23.3,PG,3100,1,14.0,10.0,101,106,0%,5,5,6,16,21,24,17.4,16.6,8.6,24.5,35.5,30.5,9.8,22.3,7.18,21.5,29.0,6.9,21.9,7.04,20.333333333333332,5.333333333333333,17.8,15.233333333333334,31.234426229508195
18,0,Cory Joseph,0.0,SAC,OKC,7.5,220.5,106.5,22,5.0,17.4,23.3,PG,3100,1,14.0,10.0,101,106,0%,5,5,6,16,21,24,17.4,16.6,8.6,24.5,35.5,30.5,9.8,22.3,7.18,21.5,29.0,6.9,21.9,7.04,20.333333333333332,5.333333333333333,17.8,15.233333333333334,31.234426229508195
18,1,Kentavious Caldwell-Pope,0.0,LAL,GS,-10.0,221.0,115.5,15,15.3,20.3,22.5,SG/SF,3600,1,15.0,12.0,103,111,8%,8,9,8,29,28,27,20.3,18.0,11.5,24.6,22.7,18.8,5.2,20.5,5.69,19.5,26.0,5.4,20.0,5.545,28.0,8.333333333333334,18.880000000000003,19.366666666666667,18.571428571428573
18,2,Nassir Little,0.0,POR,IND,10.0,218.0,104.0,4,1.3,8.8,16.3,SF/PF,3000,1,13.0,10.0,101,105,-6%,2,4,3,9,14,13,8.8,8.8,1.3,16.3,11.7,3.8,1.3,8.0,2.67,9.0,12.5,3.0,8.5,2.835,12.0,3.0,8.74,8.8,8.854166666666668
18,3,Eric Paschall,0.0,GS,LAL,10.0,221.0,105.5,24,13.8,19.5,22.5,SF/PF,5000,1,21.0,14.0,103,104,-6%,9,8,11,34,28,28,19.7,23.5,13.0,34.0,26.6,30.3,6.1,23.3,4.65,23.8,27.0,4.8,23.55,4.725,30.0,9.333333333333334,22.75,18.599999999999998,21.195
18,4,Chris Paul,0.0,OKC,SAC,-7.5,220.5,114.0,11,35.5,42.5,49.5,PG,7900,1,24.0,22.0,101,109,-2%,14,15,13,31,33,32,42.5,37.6,28.6,46.6,32.2,36.0,4.6,38.8,4.91,41.0,33.5,5.2,39.9,5.055,32.0,14.0,39.04,42.5,41.770312499999996
18,5,Wenyen Gabriel,0.0,POR,IND,10.0,218.0,104.0,25,1.3,7.7,15.0,PF,3000,1,0.0,0.0,101,105,-6%,2,2,2,11,10,7,7.7,4.8,0.1,9.4,6.3,3.0,1.0,6.0,2.0,0.0,0.0,0.0,3.0,1.0,9.333333333333334,2.0,5.0,8.0,0.0
18,6,Nerlens Noel,0.0,OKC,SAC,-7.5,220.5,114.0,11,0.8,10.9,23.3,C,3300,1,15.0,22.0,101,109,-3%,4,4,5,18,14,19,10.9,21.2,13.1,29.3,20.3,26.3,8.0,18.0,5.45,18.4,17.5,5.6,18.2,5.525,17.0,4.333333333333333,18.54,11.666666666666666,18.735294117647058
18,7,Luguentz Dort,0.0,OKC,SAC,-7.5,220.5,114.0,17,4.0,14.5,27.0,SF,3200,1,13.0,8.0,101,109,-2%,4,6,5,24,23,22,14.5,11.5,3.9,19.2,23.8,8.5,2.7,14.5,4.53,13.5,23.5,4.2,14.0,4.365,23.0,5.0,12.620000000000001,15.166666666666666,14.304347826086957
19,0,Chris Paul,0.0,OKC,SAC,-7.5,220.5,114.0,11,35.5,42.5,49.5,PG,7900,1,24.0,22.0,101,109,-2%,14,15,13,31,33,32,42.5,37.6,28.6,46.6,32.2,36.0,4.6,38.8,4.91,41.0,33.5,5.2,39.9,5.055,32.0,14.0,39.04,42.5,41.770312499999996
19,1,Furkan Korkmaz,0.0,PHI,NY,-6.5,210.0,108.3,13,3.3,17.3,28.0,SG/SF,4400,0,18.0,12.0,101,110,-4%,10,9,8,28,25,22,17.3,16.9,6.7,27.1,25.5,15.3,3.5,21.0,4.77,22.1,25.5,5.0,21.55,4.885,25.0,9.0,17.91,16.2,21.980999999999998
19,2,Julius Randle,0.0,NY,PHI,6.5,210.0,101.8,22,22.8,40.8,64.5,PF/C,7800,0,28.0,17.0,102,104,-7%,14,16,16,27,33,33,40.8,38.3,29.1,47.4,38.0,52.0,6.7,35.3,4.52,35.9,31.5,4.6,35.599999999999994,4.56,31.0,15.333333333333334,38.239999999999995,42.699999999999996,36.174193548387095
19,3,Bogdan Bogdanovic,0.0,SAC,OKC,7.5,220.5,106.5,20,14.5,23.6,33.3,SG/SF,5200,1,23.0,14.0,101,106,-7%,14,12,12,33,30,28,23.6,25.9,15.6,36.2,27.9,24.0,4.6,27.8,5.34,28.0,31.5,5.4,27.9,5.37,30.333333333333332,12.666666666666666,25.839999999999996,23.8,28.97307692307692
19,4,Damion Lee,0.0,GS,LAL,10.0,221.0,105.5,16,25.3,30.9,37.5,SG,5400,1,19.0,13.0,103,104,-2%,12,12,10,33,31,29,30.9,25.5,15.5,35.4,33.6,29.0,5.4,26.8,4.95,30.8,32.5,5.7,28.8,5.325,31.0,11.333333333333334,27.22,31.233333333333334,30.193548387096776
19,5,Markieff Morris,0.0,LAL,GS,-10.0,221.0,115.5,16,7.3,19.2,29.0,SF/PF,3100,1,21.0,13.0,103,111,1%,5,7,9,18,21,23,19.1,20.0,11.6,28.4,18.9,15.0,4.8,19.8,6.37,16.5,17.5,5.3,18.15,5.835,20.666666666666668,7.0,19.45,18.5,15.368951612903222
19,6,Mitchell Robinson,0.0,NY,PHI,6.5,210.0,101.8,13,24.5,34.6,44.0,C,5000,0,13.0,23.0,102,104,-10%,6,6,5,28,25,23,34.5,24.5,15.5,33.4,31.6,27.0,5.4,27.0,5.4,27.2,26.0,5.4,27.1,5.4,25.333333333333332,5.666666666666667,27.0,34.36666666666667,27.813157894736847
19,7,Steven Adams,0.0,OKC,SAC,-7.5,220.5,114.0,11,35.0,42.5,56.8,C,6800,1,17.0,21.0,101,109,-3%,10,11,8,28,30,28,42.5,31.7,21.5,42.0,27.7,24.8,3.6,32.3,4.74,33.3,29.5,4.9,32.8,4.82,28.666666666666668,9.666666666666666,34.1,44.76666666666667,33.75348837209302
20,0,Alex Caruso,0.0,LAL,GS,-10.0,221.0,115.5,29,0.0,16.6,29.3,PG/SG,3400,1,14.0,11.0,103,111,8%,6,5,5,13,16,19,17.7,14.1,6.7,21.4,15.4,13.0,3.8,15.8,4.63,16.5,19.0,4.9,16.15,4.765000000000001,16.0,5.333333333333333,15.209999999999999,15.300000000000002,19.178124999999998
20,1,Justin Holiday,0.0,IND,POR,-10.0,218.0,114.0,25,11.8,18.5,31.3,SG/SF,4800,1,13.0,13.0,103,111,-2%,10,7,7,25,26,26,18.4,19.3,11.3,27.3,23.5,18.0,3.8,19.3,4.01,17.8,25.0,3.7,18.55,3.855,25.666666666666668,8.0,18.97,20.533333333333335,18.06818181818182
20,2,Dragan Bender,0.0,GS,LAL,10.0,221.0,105.5,9,6.0,12.4,19.8,PF/C,3000,1,0.0,0.0,103,104,-6%,6,4,4,22,17,15,12.3,11.3,5.9,16.7,22.2,13.0,4.3,8.0,2.67,17.3,22.5,5.8,12.65,4.234999999999999,18.0,4.666666666666667,11.77,12.733333333333334,15.812500000000002
20,3,Trevor Ariza,0.0,POR,IND,10.0,218.0,104.0,4,8.5,24.6,34.5,SF,4800,1,12.0,11.0,101,105,-14%,5,6,6,37,34,28,24.6,19.5,9.2,29.9,37.2,18.3,3.8,23.8,4.95,23.9,35.0,5.0,23.85,4.975,33.0,5.666666666666667,21.410000000000004,22.53333333333333,25.295454545454547
20,4,Anfernee Simons,0.0,POR,IND,10.0,218.0,104.0,12,8.0,19.3,34.8,PG/SG,3600,1,19.0,9.0,101,105,-1%,10,10,8,20,23,23,19.3,15.6,7.8,23.5,21.8,10.3,2.9,17.0,4.72,15.7,21.0,4.4,16.35,4.5600000000000005,22.0,9.333333333333334,16.51,20.7,15.606818181818184
20,5,Danilo Gallinari,0.0,OKC,SAC,-7.5,220.5,114.0,17,18.0,29.0,37.5,SF/PF,6300,1,24.0,20.0,101,109,3%,12,14,14,29,31,31,28.9,32.2,24.9,39.5,33.5,35.5,5.6,33.0,5.24,33.3,32.0,5.3,33.15,5.27,30.333333333333332,13.333333333333334,31.73,28.166666666666668,34.97142857142857
20,6,Caleb Swanigan,0.0,POR,IND,10.0,218.0,104.0,14,3.5,9.7,12.8,C,3000,1,0.0,0.0,101,105,-6%,2,2,2,10,13,11,9.7,8.8,2.4,15.3,13.0,13.3,4.4,8.0,2.67,0.0,0.0,0.0,4.0,1.335,11.333333333333334,2.0,8.04,8.666666666666666,0.0
20,7,Jordan Poole,0.0,GS,LAL,10.0,221.0,105.5,6,21.3,25.0,30.0,PG/SG,4900,1,21.0,6.0,103,104,0%,14,13,9,32,32,22,25.0,15.7,7.2,24.3,32.3,28.3,5.8,23.8,4.85,26.5,31.5,5.4,25.15,5.125,28.666666666666668,12.0,19.47,25.433333333333334,27.635755813953487
21,0,Alec Burks,0.0,PHI,NY,-6.5,210.0,108.3,8,5.0,16.8,26.5,PG/SG,4200,0,24.0,16.0,101,110,-4%,9,12,12,17,23,29,24.2,29.0,17.8,40.2,17.9,15.5,3.7,19.8,4.7,18.4,18.0,4.4,19.1,4.550000000000001,23.0,11.0,26.060000000000002,16.099999999999998,14.947826086956523
21,1,Victor Oladipo,0.0,IND,POR,-10.0,218.0,114.0,19,11.8,20.4,25.3,PG/SG,6200,1,0.0,0.0,103,111,-2%,8,11,12,27,27,25,20.4,18.3,13.4,23.2,25.8,27.3,4.4,25.0,4.03,25.5,28.5,4.1,25.25,4.0649999999999995,26.333333333333332,10.333333333333334,20.110000000000003,19.166666666666668,27.32753164556962
21,2,Wenyen Gabriel,0.0,POR,IND,10.0,218.0,104.0,25,1.3,7.7,15.0,PF,3000,1,0.0,0.0,101,105,-6%,2,2,2,11,10,7,7.7,4.8,0.1,9.4,6.3,3.0,1.0,6.0,2.0,0.0,0.0,0.0,3.0,1.0,9.333333333333334,2.0,5.0,8.0,0.0
21,3,Jakarr Sampson,0.0,IND,POR,-10.0,218.0,114.0,12,1.3,7.6,15.3,SF/PF,3000,1,0.0,0.0,103,111,5%,5,3,3,13,14,14,7.5,8.9,1.6,16.2,3.5,2.0,0.7,13.3,4.42,0.0,0.0,0.0,6.65,2.21,13.666666666666666,3.6666666666666665,8.169999999999998,8.066666666666668,0.0
21,4,Elfrid Payton,0.0,NY,PHI,6.5,210.0,101.8,4,21.0,36.7,47.0,PG,7000,0,22.0,16.0,102,104,-5%,9,11,10,29,31,28,36.6,30.5,19.9,41.1,35.6,45.0,6.4,29.0,4.14,28.0,27.5,4.0,28.5,4.07,29.333333333333332,10.0,31.32,34.9,26.718750000000004
21,5,T.J. Warren,0.0,IND,POR,-10.0,218.0,114.0,12,15.0,34.1,52.8,SF/PF,6000,1,22.0,17.0,103,111,5%,12,15,14,28,32,32,34.0,28.9,17.5,40.3,38.0,26.8,4.5,31.3,5.21,30.7,33.5,5.1,31.0,5.154999999999999,30.666666666666668,13.666666666666666,30.339999999999996,33.96666666666667,33.86413043478261
21,6,Domantas Sabonis,0.0,IND,POR,-10.0,218.0,114.0,19,32.3,46.1,57.0,PF/C,9100,1,24.0,21.0,103,111,5%,13,14,14,31,33,35,46.1,44.3,35.1,53.5,27.6,42.3,4.6,44.3,4.86,47.0,35.0,5.2,45.65,5.03,33.0,13.666666666666666,44.93,45.13333333333333,48.416666666666664
21,7,Goga Bitadze,0.0,IND,POR,-10.0,218.0,114.0,15,0.0,6.9,14.5,C,3000,1,17.0,12.0,103,111,5%,4,2,3,11,6,9,6.9,7.8,0.0,15.5,6.7,5.3,1.8,13.0,4.33,0.0,0.0,0.0,6.5,2.165,8.666666666666666,3.0,7.340000000000001,7.133333333333333,0.0
22,0,T.J. McConnell,0.0,IND,POR,-10.0,218.0,114.0,19,1.0,10.9,21.0,PG,3400,1,20.0,17.0,103,111,8%,3,5,6,18,17,19,13.3,19.1,11.0,27.2,18.2,13.3,3.9,15.3,4.49,15.9,16.5,4.7,15.600000000000001,4.595000000000001,18.0,4.666666666666667,17.240000000000002,10.966666666666667,14.3
22,1,Kentavious Caldwell-Pope,0.0,LAL,GS,-10.0,221.0,115.5,15,15.3,20.3,22.5,SG/SF,3600,1,15.0,12.0,103,111,8%,8,9,8,29,28,27,20.3,18.0,11.5,24.6,22.7,18.8,5.2,20.5,5.69,19.5,26.0,5.4,20.0,5.545,28.0,8.333333333333334,18.880000000000003,19.366666666666667,18.571428571428573
22,2,Glenn Robinson III,0.0,PHI,NY,-6.5,210.0,108.3,30,8.5,11.6,19.5,SF/PF,3100,0,16.0,13.0,101,110,-4%,11,11,11,26,28,31,30.1,24.0,15.8,32.3,21.1,10.3,3.3,12.3,3.95,15.4,18.5,5.0,13.850000000000001,4.475,28.333333333333332,11.0,23.21,13.200000000000001,9.043235294117649
22,3,Bogdan Bogdanovic,0.0,SAC,OKC,7.5,220.5,106.5,20,14.5,23.6,33.3,SG/SF,5200,1,23.0,14.0,101,106,-7%,14,12,12,33,30,28,23.6,25.9,15.6,36.2,27.9,24.0,4.6,27.8,5.34,28.0,31.5,5.4,27.9,5.37,30.333333333333332,12.666666666666666,25.839999999999996,23.8,28.97307692307692
22,4,Buddy Hield,0.0,SAC,OKC,7.5,220.5,106.5,20,12.5,30.2,39.8,SG/SF,6100,1,27.0,16.0,101,106,-7%,14,15,17,26,30,34,38.4,35.4,25.3,45.5,26.5,25.8,4.2,29.8,4.88,33.6,30.0,5.5,31.700000000000003,5.1899999999999995,30.0,15.333333333333334,35.260000000000005,27.5,31.700000000000006
22,5,Gary Trent Jr.,0.0,POR,IND,10.0,218.0,104.0,9,4.0,14.2,22.8,SG/SF,4100,1,14.0,12.0,101,105,-1%,9,8,6,32,29,19,14.2,12.9,2.4,23.4,40.8,30.3,7.4,18.8,4.57,22.6,33.0,5.5,20.700000000000003,5.035,26.666666666666668,7.666666666666667,14.719999999999999,13.666666666666666,25.616250000000004
22,6,Kevon Looney,0.0,GS,LAL,10.0,221.0,105.5,7,2.8,9.6,13.5,C,3100,1,0.0,0.0,103,104,-5%,6,5,4,17,17,13,9.5,9.6,4.3,15.0,19.3,15.0,4.8,13.8,4.44,15.1,16.5,4.9,14.45,4.67,15.666666666666666,5.0,10.569999999999999,8.633333333333333,15.218617021276595
22,7,Aaron Holiday,0.0,IND,POR,-10.0,218.0,114.0,19,5.0,14.2,28.5,PG/SG,4800,1,21.0,13.0,103,111,8%,10,8,9,31,24,24,16.8,21.0,10.0,31.9,14.1,11.8,2.5,19.3,4.01,17.8,20.0,3.7,18.55,3.855,26.333333333333332,9.0,19.65,15.9,14.088607594936711
23,0,Chris Paul,0.0,OKC,SAC,-7.5,220.5,114.0,11,35.5,42.5,49.5,PG,7900,1,24.0,22.0,101,109,-2%,14,15,13,31,33,32,42.5,37.6,28.6,46.6,32.2,36.0,4.6,38.8,4.91,41.0,33.5,5.2,39.9,5.055,32.0,14.0,39.04,42.5,41.770312499999996
23,1,Avery Bradley,0.0,LAL,GS,-10.0,221.0,115.5,29,8.0,15.6,30.3,PG/SG,3300,1,15.0,9.0,103,111,8%,6,7,8,25,27,24,15.6,15.0,7.1,22.9,21.3,19.3,5.8,17.3,5.23,19.2,27.5,5.8,18.25,5.515000000000001,25.333333333333332,7.0,15.77,17.96666666666667,19.810855263157897
23,2,Glenn Robinson III,0.0,PHI,NY,-6.5,210.0,108.3,30,8.5,11.6,19.5,SF/PF,3100,0,16.0,13.0,101,110,-4%,11,11,11,26,28,31,30.1,24.0,15.8,32.3,21.1,10.3,3.3,12.3,3.95,15.4,18.5,5.0,13.850000000000001,4.475,28.333333333333332,11.0,23.21,13.200000000000001,9.043235294117649
23,3,Danilo Gallinari,0.0,OKC,SAC,-7.5,220.5,114.0,17,18.0,29.0,37.5,SF/PF,6300,1,24.0,20.0,101,109,3%,12,14,14,29,31,31,28.9,32.2,24.9,39.5,33.5,35.5,5.6,33.0,5.24,33.3,32.0,5.3,33.15,5.27,30.333333333333332,13.333333333333334,31.73,28.166666666666668,34.97142857142857
23,4,Bogdan Bogdanovic,0.0,SAC,OKC,7.5,220.5,106.5,20,14.5,23.6,33.3,SG/SF,5200,1,23.0,14.0,101,106,-7%,14,12,12,33,30,28,23.6,25.9,15.6,36.2,27.9,24.0,4.6,27.8,5.34,28.0,31.5,5.4,27.9,5.37,30.333333333333332,12.666666666666666,25.839999999999996,23.8,28.97307692307692
23,5,Eric Paschall,0.0,GS,LAL,10.0,221.0,105.5,24,13.8,19.5,22.5,SF/PF,5000,1,21.0,14.0,103,104,-6%,9,8,11,34,28,28,19.7,23.5,13.0,34.0,26.6,30.3,6.1,23.3,4.65,23.8,27.0,4.8,23.55,4.725,30.0,9.333333333333334,22.75,18.599999999999998,21.195
23,6,Steven Adams,0.0,OKC,SAC,-7.5,220.5,114.0,11,35.0,42.5,56.8,C,6800,1,17.0,21.0,101,109,-3%,10,11,8,28,30,28,42.5,31.7,21.5,42.0,27.7,24.8,3.6,32.3,4.74,33.3,29.5,4.9,32.8,4.82,28.666666666666668,9.666666666666666,34.1,44.76666666666667,33.75348837209302
23,7,Alex Caruso,0.0,LAL,GS,-10.0,221.0,115.5,29,0.0,16.6,29.3,PG/SG,3400,1,14.0,11.0,103,111,8%,6,5,5,13,16,19,17.7,14.1,6.7,21.4,15.4,13.0,3.8,15.8,4.63,16.5,19.0,4.9,16.15,4.765000000000001,16.0,5.333333333333333,15.209999999999999,15.300000000000002,19.178124999999998
24,0,Elfrid Payton,0.0,NY,PHI,6.5,210.0,101.8,4,21.0,36.7,47.0,PG,7000,0,22.0,16.0,102,104,-5%,9,11,10,29,31,28,36.6,30.5,19.9,41.1,35.6,45.0,6.4,29.0,4.14,28.0,27.5,4.0,28.5,4.07,29.333333333333332,10.0,31.32,34.9,26.718750000000004
24,1,Buddy Hield,0.0,SAC,OKC,7.5,220.5,106.5,20,12.5,30.2,39.8,SG/SF,6100,1,27.0,16.0,101,106,-7%,14,15,17,26,30,34,38.4,35.4,25.3,45.5,26.5,25.8,4.2,29.8,4.88,33.6,30.0,5.5,31.700000000000003,5.1899999999999995,30.0,15.333333333333334,35.260000000000005,27.5,31.700000000000006
24,2,Jakarr Sampson,0.0,IND,POR,-10.0,218.0,114.0,12,1.3,7.6,15.3,SF/PF,3000,1,0.0,0.0,103,111,5%,5,3,3,13,14,14,7.5,8.9,1.6,16.2,3.5,2.0,0.7,13.3,4.42,0.0,0.0,0.0,6.65,2.21,13.666666666666666,3.6666666666666665,8.169999999999998,8.066666666666668,0.0
24,3,Nassir Little,0.0,POR,IND,10.0,218.0,104.0,4,1.3,8.8,16.3,SF/PF,3000,1,13.0,10.0,101,105,-6%,2,4,3,9,14,13,8.8,8.8,1.3,16.3,11.7,3.8,1.3,8.0,2.67,9.0,12.5,3.0,8.5,2.835,12.0,3.0,8.74,8.8,8.854166666666668
24,4,Shai Gilgeous-Alexander,0.0,OKC,SAC,-7.5,220.5,114.0,11,29.3,38.4,46.3,PG/SG,7400,1,23.0,18.0,101,109,4%,13,13,15,33,35,36,38.4,36.3,26.5,46.2,38.0,29.8,4.0,36.3,4.9,37.3,35.0,5.0,36.8,4.95,34.666666666666664,13.666666666666666,36.839999999999996,38.0,37.15384615384615
24,5,Eric Paschall,0.0,GS,LAL,10.0,221.0,105.5,24,13.8,19.5,22.5,SF/PF,5000,1,21.0,14.0,103,104,-6%,9,8,11,34,28,28,19.7,23.5,13.0,34.0,26.6,30.3,6.1,23.3,4.65,23.8,27.0,4.8,23.55,4.725,30.0,9.333333333333334,22.75,18.599999999999998,21.195
24,6,Domantas Sabonis,0.0,IND,POR,-10.0,218.0,114.0,19,32.3,46.1,57.0,PF/C,9100,1,24.0,21.0,103,111,5%,13,14,14,31,33,35,46.1,44.3,35.1,53.5,27.6,42.3,4.6,44.3,4.86,47.0,35.0,5.2,45.65,5.03,33.0,13.666666666666666,44.93,45.13333333333333,48.416666666666664
24,7,Hassan Whiteside,0.0,POR,IND,10.0,218.0,104.0,14,34.8,45.0,50.3,C,8800,1,19.0,25.0,101,105,4%,13,12,11,37,34,31,45.0,42.9,31.2,54.6,34.7,49.0,5.6,46.0,5.23,47.2,34.5,5.4,46.6,5.315,34.0,12.0,44.059999999999995,43.36666666666667,47.28529411764706
25,0,Dennis Schroder,0.0,OKC,SAC,-7.5,220.5,114.0,11,18.0,26.3,32.0,PG/SG,5500,1,27.0,17.0,101,109,-2%,12,12,15,31,30,31,26.3,31.5,21.9,41.2,31.8,28.8,5.2,29.5,5.36,31.3,29.5,5.7,30.4,5.53,30.666666666666668,13.0,30.26,25.433333333333334,29.243478260869562
25,1,Alec Burks,0.0,PHI,NY,-6.5,210.0,108.3,8,5.0,16.8,26.5,PG/SG,4200,0,24.0,16.0,101,110,-4%,9,12,12,17,23,29,24.2,29.0,17.8,40.2,17.9,15.5,3.7,19.8,4.7,18.4,18.0,4.4,19.1,4.550000000000001,23.0,11.0,26.060000000000002,16.099999999999998,14.947826086956523
25,2,Abdel Nader,0.0,OKC,SAC,-7.5,220.5,114.0,17,8.8,15.3,20.0,SF/PF,3100,1,16.0,11.0,101,109,3%,5,5,4,19,17,15,15.3,10.1,3.0,17.3,14.9,11.0,3.5,12.0,3.87,10.9,16.0,3.5,11.45,3.685,17.0,4.666666666666667,11.430000000000001,14.700000000000001,10.776470588235293
25,3,Markieff Morris,0.0,LAL,GS,-10.0,221.0,115.5,16,7.3,19.2,29.0,SF/PF,3100,1,21.0,13.0,103,111,1%,5,7,9,18,21,23,19.1,20.0,11.6,28.4,18.9,15.0,4.8,19.8,6.37,16.5,17.5,5.3,18.15,5.835,20.666666666666668,7.0,19.45,18.5,15.368951612903222
25,4,Elfrid Payton,0.0,NY,PHI,6.5,210.0,101.8,4,21.0,36.7,47.0,PG,7000,0,22.0,16.0,102,104,-5%,9,11,10,29,31,28,36.6,30.5,19.9,41.1,35.6,45.0,6.4,29.0,4.14,28.0,27.5,4.0,28.5,4.07,29.333333333333332,10.0,31.32,34.9,26.718750000000004
25,5,Carmelo Anthony,0.0,POR,IND,10.0,218.0,104.0,25,20.0,28.4,41.0,PF,5600,1,21.0,12.0,101,105,-6%,15,16,14,36,33,33,28.4,28.6,18.4,38.7,36.4,25.3,4.5,27.0,4.82,28.9,34.0,5.2,27.95,5.01,34.0,15.0,28.409999999999997,29.8,27.95
25,6,Alex Len,0.0,SAC,OKC,7.5,220.5,106.5,5,10.0,14.4,16.8,C,3300,1,18.0,17.0,101,106,0%,2,4,7,16,16,19,14.3,20.5,10.3,30.8,21.1,27.8,8.4,15.5,4.7,17.3,16.5,5.2,16.4,4.95,17.0,4.333333333333333,18.459999999999997,13.733333333333334,15.917647058823528
25,7,Juan Toscano-Anderson,0.0,GS,LAL,10.0,221.0,105.5,24,7.3,19.7,37.5,SF/PF,3900,1,0.0,0.0,103,104,-6%,7,5,5,25,20,20,19.7,18.4,6.1,30.6,20.4,11.0,2.8,18.8,4.81,21.7,23.5,5.6,20.25,5.205,21.666666666666668,5.666666666666667,19.009999999999998,21.5,21.963461538461537
26,0,Chris Paul,0.0,OKC,SAC,-7.5,220.5,114.0,11,35.5,42.5,49.5,PG,7900,1,24.0,22.0,101,109,-2%,14,15,13,31,33,32,42.5,37.6,28.6,46.6,32.2,36.0,4.6,38.8,4.91,41.0,33.5,5.2,39.9,5.055,32.0,14.0,39.04,42.5,41.770312499999996
26,1,Shai Gilgeous-Alexander,0.0,OKC,SAC,-7.5,220.5,114.0,11,29.3,38.4,46.3,PG/SG,7400,1,23.0,18.0,101,109,4%,13,13,15,33,35,36,38.4,36.3,26.5,46.2,38.0,29.8,4.0,36.3,4.9,37.3,35.0,5.0,36.8,4.95,34.666666666666664,13.666666666666666,36.839999999999996,38.0,37.15384615384615
26,2,Glenn Robinson III,0.0,PHI,NY,-6.5,210.0,108.3,30,8.5,11.6,19.5,SF/PF,3100,0,16.0,13.0,101,110,-4%,11,11,11,26,28,31,30.1,24.0,15.8,32.3,21.1,10.3,3.3,12.3,3.95,15.4,18.5,5.0,13.850000000000001,4.475,28.333333333333332,11.0,23.21,13.200000000000001,9.043235294117649
26,3,T.J. Warren,0.0,IND,POR,-10.0,218.0,114.0,12,15.0,34.1,52.8,SF/PF,6000,1,22.0,17.0,103,111,5%,12,15,14,28,32,32,34.0,28.9,17.5,40.3,38.0,26.8,4.5,31.3,5.21,30.7,33.5,5.1,31.0,5.154999999999999,30.666666666666668,13.666666666666666,30.339999999999996,33.96666666666667,33.86413043478261
26,4,Victor Oladipo,0.0,IND,POR,-10.0,218.0,114.0,19,11.8,20.4,25.3,PG/SG,6200,1,0.0,0.0,103,111,-2%,8,11,12,27,27,25,20.4,18.3,13.4,23.2,25.8,27.3,4.4,25.0,4.03,25.5,28.5,4.1,25.25,4.0649999999999995,26.333333333333332,10.333333333333334,20.110000000000003,19.166666666666668,27.32753164556962
26,5,Gary Trent Jr.,0.0,POR,IND,10.0,218.0,104.0,9,4.0,14.2,22.8,SG/SF,4100,1,14.0,12.0,101,105,-1%,9,8,6,32,29,19,14.2,12.9,2.4,23.4,40.8,30.3,7.4,18.8,4.57,22.6,33.0,5.5,20.700000000000003,5.035,26.666666666666668,7.666666666666667,14.719999999999999,13.666666666666666,25.616250000000004
26,6,Dragan Bender,0.0,GS,LAL,10.0,221.0,105.5,9,6.0,12.4,19.8,PF/C,3000,1,0.0,0.0,103,104,-6%,6,4,4,22,17,15,12.3,11.3,5.9,16.7,22.2,13.0,4.3,8.0,2.67,17.3,22.5,5.8,12.65,4.234999999999999,18.0,4.666666666666667,11.77,12.733333333333334,15.812500000000002
26,7,JaVale McGee,0.0,LAL,GS,-10.0,221.0,115.5,25,9.8,12.3,14.0,C,3000,1,15.0,21.0,103,111,2%,3,3,5,13,14,17,12.3,18.9,10.2,27.6,18.9,21.5,7.2,17.8,5.92,17.0,14.0,5.7,17.4,5.8100000000000005,14.666666666666666,3.6666666666666665,17.28,12.033333333333333,16.60909090909091
28,0,Dennis Smith Jr.,0.0,NY,PHI,6.5,210.0,101.8,4,6.3,17.7,44.3,PG,4200,0,24.0,8.0,102,104,-5%,12,7,6,25,16,16,17.7,14.5,4.1,24.9,6.8,4.3,1.0,19.5,4.64,18.3,20.5,4.4,18.9,4.52,19.0,8.333333333333334,16.02,22.766666666666666,20.39210526315789
28,1,Shai Gilgeous-Alexander,0.0,OKC,SAC,-7.5,220.5,114.0,11,29.3,38.4,46.3,PG/SG,7400,1,23.0,18.0,101,109,4%,13,13,15,33,35,36,38.4,36.3,26.5,46.2,38.0,29.8,4.0,36.3,4.9,37.3,35.0,5.0,36.8,4.95,34.666666666666664,13.666666666666666,36.839999999999996,38.0,37.15384615384615
28,2,Julius Randle,0.0,NY,PHI,6.5,210.0,101.8,22,22.8,40.8,64.5,PF/C,7800,0,28.0,17.0,102,104,-7%,14,16,16,27,33,33,40.8,38.3,29.1,47.4,38.0,52.0,6.7,35.3,4.52,35.9,31.5,4.6,35.599999999999994,4.56,31.0,15.333333333333334,38.239999999999995,42.699999999999996,36.174193548387095
28,3,Kevin Knox II,0.0,NY,PHI,6.5,210.0,101.8,18,2.0,5.8,9.0,SF/PF,3000,0,18.0,9.0,102,104,-4%,6,4,6,18,15,19,5.8,13.3,6.0,20.7,7.8,2.3,0.8,12.8,4.25,12.7,19.0,4.2,12.75,4.225,17.333333333333332,5.333333333333333,11.709999999999999,5.6000000000000005,13.97596153846154
28,4,Shake Milton,0.0,PHI,NY,-6.5,210.0,108.3,8,7.3,20.3,35.0,PG,4700,0,19.0,11.0,101,110,-4%,11,7,6,32,20,16,18.0,13.5,2.0,25.1,31.6,36.8,7.8,26.5,5.64,27.2,31.0,5.8,26.85,5.72,22.666666666666668,8.0,17.09,20.866666666666667,36.72132352941176
28,5,Juan Toscano-Anderson,0.0,GS,LAL,10.0,221.0,105.5,24,7.3,19.7,37.5,SF/PF,3900,1,0.0,0.0,103,104,-6%,7,5,5,25,20,20,19.7,18.4,6.1,30.6,20.4,11.0,2.8,18.8,4.81,21.7,23.5,5.6,20.25,5.205,21.666666666666668,5.666666666666667,19.009999999999998,21.5,21.963461538461537
28,6,Al Horford,0.0,PHI,NY,-6.5,210.0,108.3,20,15.3,23.3,30.3,PF/C,5200,0,18.0,15.0,101,110,8%,9,7,11,32,30,31,22.6,30.2,21.5,38.8,33.6,42.8,8.2,35.8,6.88,33.5,33.5,6.4,34.65,6.640000000000001,31.0,9.0,29.55,22.96666666666667,37.44435483870968
28,7,Mike Scott,0.0,PHI,NY,-6.5,210.0,108.3,20,0.0,5.5,11.3,PF,3000,0,14.0,10.0,101,110,8%,2,2,5,10,12,17,6.9,11.8,5.3,18.3,11.7,7.8,2.6,7.8,2.58,8.3,10.5,2.8,8.05,2.69,13.0,3.0,10.069999999999999,5.6000000000000005,6.501923076923077
30,0,CJ McCollum,0.0,POR,IND,10.0,218.0,104.0,12,26.8,49.2,76.3,PG/SG,9000,1,26.0,17.0,101,105,-1%,27,24,20,40,38,37,49.1,37.3,25.5,49.0,38.2,43.3,4.8,44.3,4.92,44.8,39.0,5.0,44.55,4.96,38.333333333333336,23.666666666666668,41.089999999999996,50.76666666666667,45.32478260869564
30,1,Avery Bradley,0.0,LAL,GS,-10.0,221.0,115.5,29,8.0,15.6,30.3,PG/SG,3300,1,15.0,9.0,103,111,8%,6,7,8,25,27,24,15.6,15.0,7.1,22.9,21.3,19.3,5.8,17.3,5.23,19.2,27.5,5.8,18.25,5.515000000000001,25.333333333333332,7.0,15.77,17.96666666666667,19.810855263157897
30,2,Juan Toscano-Anderson,0.0,GS,LAL,10.0,221.0,105.5,24,7.3,19.7,37.5,SF/PF,3900,1,0.0,0.0,103,104,-6%,7,5,5,25,20,20,19.7,18.4,6.1,30.6,20.4,11.0,2.8,18.8,4.81,21.7,23.5,5.6,20.25,5.205,21.666666666666668,5.666666666666667,19.009999999999998,21.5,21.963461538461537
30,3,Matisse Thybulle,0.0,PHI,NY,-6.5,210.0,108.3,13,2.0,7.1,14.0,SG/SF,3100,0,11.0,9.0,101,110,1%,3,2,4,13,14,20,7.0,13.0,4.8,21.1,14.7,10.8,3.5,13.3,4.27,12.2,18.0,3.9,12.75,4.085,15.666666666666666,3.0,11.73,7.7,14.648936170212766
30,4,Gary Trent Jr.,0.0,POR,IND,10.0,218.0,104.0,9,4.0,14.2,22.8,SG/SF,4100,1,14.0,12.0,101,105,-1%,9,8,6,32,29,19,14.2,12.9,2.4,23.4,40.8,30.3,7.4,18.8,4.57,22.6,33.0,5.5,20.700000000000003,5.035,26.666666666666668,7.666666666666667,14.719999999999999,13.666666666666666,25.616250000000004
30,5,Nassir Little,0.0,POR,IND,10.0,218.0,104.0,4,1.3,8.8,16.3,SF/PF,3000,1,13.0,10.0,101,105,-6%,2,4,3,9,14,13,8.8,8.8,1.3,16.3,11.7,3.8,1.3,8.0,2.67,9.0,12.5,3.0,8.5,2.835,12.0,3.0,8.74,8.8,8.854166666666668
30,6,Dragan Bender,0.0,GS,LAL,10.0,221.0,105.5,9,6.0,12.4,19.8,PF/C,3000,1,0.0,0.0,103,104,-6%,6,4,4,22,17,15,12.3,11.3,5.9,16.7,22.2,13.0,4.3,8.0,2.67,17.3,22.5,5.8,12.65,4.234999999999999,18.0,4.666666666666667,11.77,12.733333333333334,15.812500000000002
30,7,Caleb Swanigan,0.0,POR,IND,10.0,218.0,104.0,14,3.5,9.7,12.8,C,3000,1,0.0,0.0,101,105,-6%,2,2,2,10,13,11,9.7,8.8,2.4,15.3,13.0,13.3,4.4,8.0,2.67,0.0,0.0,0.0,4.0,1.335,11.333333333333334,2.0,8.04,8.666666666666666,0.0
31,0,Jordan Poole,0.0,GS,LAL,10.0,221.0,105.5,6,21.3,25.0,30.0,PG/SG,4900,1,21.0,6.0,103,104,0%,14,13,9,32,32,22,25.0,15.7,7.2,24.3,32.3,28.3,5.8,23.8,4.85,26.5,31.5,5.4,25.15,5.125,28.666666666666668,12.0,19.47,25.433333333333334,27.635755813953487
31,1,Josh Richardson,0.0,PHI,NY,-6.5,210.0,108.3,13,14.3,26.8,33.8,SG,5300,0,22.0,12.0,101,110,2%,12,12,13,36,34,32,27.1,27.3,18.1,36.4,34.2,30.3,5.7,29.3,5.52,30.1,34.5,5.7,29.700000000000003,5.609999999999999,34.0,12.333333333333334,27.720000000000006,24.96666666666667,30.136764705882356
31,2,Danilo Gallinari,0.0,OKC,SAC,-7.5,220.5,114.0,17,18.0,29.0,37.5,SF/PF,6300,1,24.0,20.0,101,109,3%,12,14,14,29,31,31,28.9,32.2,24.9,39.5,33.5,35.5,5.6,33.0,5.24,33.3,32.0,5.3,33.15,5.27,30.333333333333332,13.333333333333334,31.73,28.166666666666668,34.97142857142857
31,3,Nassir Little,0.0,POR,IND,10.0,218.0,104.0,4,1.3,8.8,16.3,SF/PF,3000,1,13.0,10.0,101,105,-6%,2,4,3,9,14,13,8.8,8.8,1.3,16.3,11.7,3.8,1.3,8.0,2.67,9.0,12.5,3.0,8.5,2.835,12.0,3.0,8.74,8.8,8.854166666666668
31,4,Buddy Hield,0.0,SAC,OKC,7.5,220.5,106.5,20,12.5,30.2,39.8,SG/SF,6100,1,27.0,16.0,101,106,-7%,14,15,17,26,30,34,38.4,35.4,25.3,45.5,26.5,25.8,4.2,29.8,4.88,33.6,30.0,5.5,31.700000000000003,5.1899999999999995,30.0,15.333333333333334,35.260000000000005,27.5,31.700000000000006
31,5,Matisse Thybulle,0.0,PHI,NY,-6.5,210.0,108.3,13,2.0,7.1,14.0,SG/SF,3100,0,11.0,9.0,101,110,1%,3,2,4,13,14,20,7.0,13.0,4.8,21.1,14.7,10.8,3.5,13.3,4.27,12.2,18.0,3.9,12.75,4.085,15.666666666666666,3.0,11.73,7.7,14.648936170212766
31,6,Bobby Portis,0.0,NY,PHI,6.5,210.0,101.8,22,19.3,24.2,29.5,PF/C,4100,0,21.0,14.0,102,104,-7%,11,10,9,24,22,21,24.2,20.7,11.1,30.2,21.9,8.3,2.0,24.0,5.85,23.1,25.0,5.6,23.55,5.725,22.333333333333332,10.0,21.949999999999996,24.333333333333332,26.361940298507463
31,7,Alex Len,0.0,SAC,OKC,7.5,220.5,106.5,5,10.0,14.4,16.8,C,3300,1,18.0,17.0,101,106,0%,2,4,7,16,16,19,14.3,20.5,10.3,30.8,21.1,27.8,8.4,15.5,4.7,17.3,16.5,5.2,16.4,4.95,17.0,4.333333333333333,18.459999999999997,13.733333333333334,15.917647058823528
32,0,Victor Oladipo,0.0,IND,POR,-10.0,218.0,114.0,19,11.8,20.4,25.3,PG/SG,6200,1,0.0,0.0,103,111,-2%,8,11,12,27,27,25,20.4,18.3,13.4,23.2,25.8,27.3,4.4,25.0,4.03,25.5,28.5,4.1,25.25,4.0649999999999995,26.333333333333332,10.333333333333334,20.110000000000003,19.166666666666668,27.32753164556962
32,1,Gary Trent Jr.,0.0,POR,IND,10.0,218.0,104.0,9,4.0,14.2,22.8,SG/SF,4100,1,14.0,12.0,101,105,-1%,9,8,6,32,29,19,14.2,12.9,2.4,23.4,40.8,30.3,7.4,18.8,4.57,22.6,33.0,5.5,20.700000000000003,5.035,26.666666666666668,7.666666666666667,14.719999999999999,13.666666666666666,25.616250000000004
32,2,T.J. Warren,0.0,IND,POR,-10.0,218.0,114.0,12,15.0,34.1,52.8,SF/PF,6000,1,22.0,17.0,103,111,5%,12,15,14,28,32,32,34.0,28.9,17.5,40.3,38.0,26.8,4.5,31.3,5.21,30.7,33.5,5.1,31.0,5.154999999999999,30.666666666666668,13.666666666666666,30.339999999999996,33.96666666666667,33.86413043478261
32,3,Tobias Harris,0.0,PHI,NY,-6.5,210.0,108.3,30,20.3,36.9,50.0,SF/PF,7500,0,23.0,16.0,101,110,2%,16,16,16,36,37,35,36.5,35.8,26.4,45.3,35.4,58.3,7.8,38.8,5.17,41.8,36.0,5.6,40.3,5.385,36.0,16.0,36.86,35.733333333333334,40.3
32,4,Josh Richardson,0.0,PHI,NY,-6.5,210.0,108.3,13,14.3,26.8,33.8,SG,5300,0,22.0,12.0,101,110,2%,12,12,13,36,34,32,27.1,27.3,18.1,36.4,34.2,30.3,5.7,29.3,5.52,30.1,34.5,5.7,29.700000000000003,5.609999999999999,34.0,12.333333333333334,27.720000000000006,24.96666666666667,30.136764705882356
32,5,Kevin Knox II,0.0,NY,PHI,6.5,210.0,101.8,18,2.0,5.8,9.0,SF/PF,3000,0,18.0,9.0,102,104,-4%,6,4,6,18,15,19,5.8,13.3,6.0,20.7,7.8,2.3,0.8,12.8,4.25,12.7,19.0,4.2,12.75,4.225,17.333333333333332,5.333333333333333,11.709999999999999,5.6000000000000005,13.97596153846154
32,6,Dragan Bender,0.0,GS,LAL,10.0,221.0,105.5,9,6.0,12.4,19.8,PF/C,3000,1,0.0,0.0,103,104,-6%,6,4,4,22,17,15,12.3,11.3,5.9,16.7,22.2,13.0,4.3,8.0,2.67,17.3,22.5,5.8,12.65,4.234999999999999,18.0,4.666666666666667,11.77,12.733333333333334,15.812500000000002
32,7,Myles Turner,0.0,IND,POR,-10.0,218.0,114.0,15,22.5,29.7,42.0,C,5200,1,17.0,15.0,103,111,5%,10,10,9,28,29,30,30.5,27.6,18.2,37.0,32.4,33.0,6.3,31.8,6.11,29.8,30.5,5.7,30.8,5.905,29.0,9.666666666666666,28.82,31.400000000000002,32.393103448275866
33,0,RJ Barrett,0.0,NY,PHI,6.5,210.0,101.8,4,10.8,21.1,33.5,PG/SG,5800,0,24.0,10.0,102,104,-7%,14,14,13,28,27,31,21.1,25.8,14.6,37.0,35.4,28.5,4.9,24.3,4.18,23.5,29.5,4.1,23.9,4.14,28.666666666666668,13.666666666666666,24.48,21.8,24.594767441860466
33,1,Bogdan Bogdanovic,0.0,SAC,OKC,7.5,220.5,106.5,20,14.5,23.6,33.3,SG/SF,5200,1,23.0,14.0,101,106,-7%,14,12,12,33,30,28,23.6,25.9,15.6,36.2,27.9,24.0,4.6,27.8,5.34,28.0,31.5,5.4,27.9,5.37,30.333333333333332,12.666666666666666,25.839999999999996,23.8,28.97307692307692
33,2,Al Horford,0.0,PHI,NY,-6.5,210.0,108.3,20,15.3,23.3,30.3,PF/C,5200,0,18.0,15.0,101,110,8%,9,7,11,32,30,31,22.6,30.2,21.5,38.8,33.6,42.8,8.2,35.8,6.88,33.5,33.5,6.4,34.65,6.640000000000001,31.0,9.0,29.55,22.96666666666667,37.44435483870968
33,3,Gary Trent Jr.,0.0,POR,IND,10.0,218.0,104.0,9,4.0,14.2,22.8,SG/SF,4100,1,14.0,12.0,101,105,-1%,9,8,6,32,29,19,14.2,12.9,2.4,23.4,40.8,30.3,7.4,18.8,4.57,22.6,33.0,5.5,20.700000000000003,5.035,26.666666666666668,7.666666666666667,14.719999999999999,13.666666666666666,25.616250000000004
33,4,Damion Lee,0.0,GS,LAL,10.0,221.0,105.5,16,25.3,30.9,37.5,SG,5400,1,19.0,13.0,103,104,-2%,12,12,10,33,31,29,30.9,25.5,15.5,35.4,33.6,29.0,5.4,26.8,4.95,30.8,32.5,5.7,28.8,5.325,31.0,11.333333333333334,27.22,31.233333333333334,30.193548387096776
33,5,Dragan Bender,0.0,GS,LAL,10.0,221.0,105.5,9,6.0,12.4,19.8,PF/C,3000,1,0.0,0.0,103,104,-6%,6,4,4,22,17,15,12.3,11.3,5.9,16.7,22.2,13.0,4.3,8.0,2.67,17.3,22.5,5.8,12.65,4.234999999999999,18.0,4.666666666666667,11.77,12.733333333333334,15.812500000000002
33,6,JaVale McGee,0.0,LAL,GS,-10.0,221.0,115.5,25,9.8,12.3,14.0,C,3000,1,15.0,21.0,103,111,2%,3,3,5,13,14,17,12.3,18.9,10.2,27.6,18.9,21.5,7.2,17.8,5.92,17.0,14.0,5.7,17.4,5.8100000000000005,14.666666666666666,3.6666666666666665,17.28,12.033333333333333,16.60909090909091
33,7,Kentavious Caldwell-Pope,0.0,LAL,GS,-10.0,221.0,115.5,15,15.3,20.3,22.5,SG/SF,3600,1,15.0,12.0,103,111,8%,8,9,8,29,28,27,20.3,18.0,11.5,24.6,22.7,18.8,5.2,20.5,5.69,19.5,26.0,5.4,20.0,5.545,28.0,8.333333333333334,18.880000000000003,19.366666666666667,18.571428571428573
34,0,Rajon Rondo,0.0,LAL,GS,-10.0,221.0,115.5,29,4.8,17.9,40.5,PG,3500,1,21.0,14.0,103,111,7%,3,5,7,17,18,21,17.9,20.6,9.3,31.8,25.8,29.0,8.3,29.5,8.43,30.2,28.0,8.6,29.85,8.515,18.666666666666668,5.0,21.889999999999997,21.066666666666666,44.775
34,1,Kent Bazemore,0.0,SAC,OKC,7.5,220.5,106.5,20,13.5,27.4,43.0,SG/SF,4700,1,16.0,9.0,101,106,-7%,9,9,8,31,25,25,27.4,19.4,11.6,27.1,17.5,17.8,3.8,23.0,4.89,21.7,28.0,4.6,22.35,4.744999999999999,27.0,8.666666666666666,21.57,27.96666666666667,23.17777777777778
34,2,Domantas Sabonis,0.0,IND,POR,-10.0,218.0,114.0,19,32.3,46.1,57.0,PF/C,9100,1,24.0,21.0,103,111,5%,13,14,14,31,33,35,46.1,44.3,35.1,53.5,27.6,42.3,4.6,44.3,4.86,47.0,35.0,5.2,45.65,5.03,33.0,13.666666666666666,44.93,45.13333333333333,48.416666666666664
34,3,Juan Toscano-Anderson,0.0,GS,LAL,10.0,221.0,105.5,24,7.3,19.7,37.5,SF/PF,3900,1,0.0,0.0,103,104,-6%,7,5,5,25,20,20,19.7,18.4,6.1,30.6,20.4,11.0,2.8,18.8,4.81,21.7,23.5,5.6,20.25,5.205,21.666666666666668,5.666666666666667,19.009999999999998,21.5,21.963461538461537
34,4,Anfernee Simons,0.0,POR,IND,10.0,218.0,104.0,12,8.0,19.3,34.8,PG/SG,3600,1,19.0,9.0,101,105,-1%,10,10,8,20,23,23,19.3,15.6,7.8,23.5,21.8,10.3,2.9,17.0,4.72,15.7,21.0,4.4,16.35,4.5600000000000005,22.0,9.333333333333334,16.51,20.7,15.606818181818184
34,5,Buddy Hield,0.0,SAC,OKC,7.5,220.5,106.5,20,12.5,30.2,39.8,SG/SF,6100,1,27.0,16.0,101,106,-7%,14,15,17,26,30,34,38.4,35.4,25.3,45.5,26.5,25.8,4.2,29.8,4.88,33.6,30.0,5.5,31.700000000000003,5.1899999999999995,30.0,15.333333333333334,35.260000000000005,27.5,31.700000000000006
34,6,Dragan Bender,0.0,GS,LAL,10.0,221.0,105.5,9,6.0,12.4,19.8,PF/C,3000,1,0.0,0.0,103,104,-6%,6,4,4,22,17,15,12.3,11.3,5.9,16.7,22.2,13.0,4.3,8.0,2.67,17.3,22.5,5.8,12.65,4.234999999999999,18.0,4.666666666666667,11.77,12.733333333333334,15.812500000000002
34,7,Reggie Bullock,0.0,NY,PHI,6.5,210.0,101.8,18,2.0,14.4,31.5,SF,3300,0,17.0,10.0,102,104,-4%,5,9,9,20,26,25,18.6,17.5,11.0,24.1,17.5,4.8,1.5,9.5,2.88,10.2,15.5,3.1,9.85,2.99,23.666666666666668,7.666666666666667,16.21,15.966666666666667,6.4510563380281685
35,0,Rajon Rondo,0.0,LAL,GS,-10.0,221.0,115.5,29,4.8,17.9,40.5,PG,3500,1,21.0,14.0,103,111,7%,3,5,7,17,18,21,17.9,20.6,9.3,31.8,25.8,29.0,8.3,29.5,8.43,30.2,28.0,8.6,29.85,8.515,18.666666666666668,5.0,21.889999999999997,21.066666666666666,44.775
35,1,Buddy Hield,0.0,SAC,OKC,7.5,220.5,106.5,20,12.5,30.2,39.8,SG/SF,6100,1,27.0,16.0,101,106,-7%,14,15,17,26,30,34,38.4,35.4,25.3,45.5,26.5,25.8,4.2,29.8,4.88,33.6,30.0,5.5,31.700000000000003,5.1899999999999995,30.0,15.333333333333334,35.260000000000005,27.5,31.700000000000006
35,2,Mike Scott,0.0,PHI,NY,-6.5,210.0,108.3,20,0.0,5.5,11.3,PF,3000,0,14.0,10.0,101,110,8%,2,2,5,10,12,17,6.9,11.8,5.3,18.3,11.7,7.8,2.6,7.8,2.58,8.3,10.5,2.8,8.05,2.69,13.0,3.0,10.069999999999999,5.6000000000000005,6.501923076923077
35,3,Gary Trent Jr.,0.0,POR,IND,10.0,218.0,104.0,9,4.0,14.2,22.8,SG/SF,4100,1,14.0,12.0,101,105,-1%,9,8,6,32,29,19,14.2,12.9,2.4,23.4,40.8,30.3,7.4,18.8,4.57,22.6,33.0,5.5,20.700000000000003,5.035,26.666666666666668,7.666666666666667,14.719999999999999,13.666666666666666,25.616250000000004
35,4,Josh Richardson,0.0,PHI,NY,-6.5,210.0,108.3,13,14.3,26.8,33.8,SG,5300,0,22.0,12.0,101,110,2%,12,12,13,36,34,32,27.1,27.3,18.1,36.4,34.2,30.3,5.7,29.3,5.52,30.1,34.5,5.7,29.700000000000003,5.609999999999999,34.0,12.333333333333334,27.720000000000006,24.96666666666667,30.136764705882356
35,5,Kevin Knox II,0.0,NY,PHI,6.5,210.0,101.8,18,2.0,5.8,9.0,SF/PF,3000,0,18.0,9.0,102,104,-4%,6,4,6,18,15,19,5.8,13.3,6.0,20.7,7.8,2.3,0.8,12.8,4.25,12.7,19.0,4.2,12.75,4.225,17.333333333333332,5.333333333333333,11.709999999999999,5.6000000000000005,13.97596153846154
35,6,JaVale McGee,0.0,LAL,GS,-10.0,221.0,115.5,25,9.8,12.3,14.0,C,3000,1,15.0,21.0,103,111,2%,3,3,5,13,14,17,12.3,18.9,10.2,27.6,18.9,21.5,7.2,17.8,5.92,17.0,14.0,5.7,17.4,5.8100000000000005,14.666666666666666,3.6666666666666665,17.28,12.033333333333333,16.60909090909091
35,7,Nassir Little,0.0,POR,IND,10.0,218.0,104.0,4,1.3,8.8,16.3,SF/PF,3000,1,13.0,10.0,101,105,-6%,2,4,3,9,14,13,8.8,8.8,1.3,16.3,11.7,3.8,1.3,8.0,2.67,9.0,12.5,3.0,8.5,2.835,12.0,3.0,8.74,8.8,8.854166666666668
37,0,Anfernee Simons,0.0,POR,IND,10.0,218.0,104.0,12,8.0,19.3,34.8,PG/SG,3600,1,19.0,9.0,101,105,-1%,10,10,8,20,23,23,19.3,15.6,7.8,23.5,21.8,10.3,2.9,17.0,4.72,15.7,21.0,4.4,16.35,4.5600000000000005,22.0,9.333333333333334,16.51,20.7,15.606818181818184
37,1,Kent Bazemore,0.0,SAC,OKC,7.5,220.5,106.5,20,13.5,27.4,43.0,SG/SF,4700,1,16.0,9.0,101,106,-7%,9,9,8,31,25,25,27.4,19.4,11.6,27.1,17.5,17.8,3.8,23.0,4.89,21.7,28.0,4.6,22.35,4.744999999999999,27.0,8.666666666666666,21.57,27.96666666666667,23.17777777777778
37,2,Doug McDermott,0.0,IND,POR,-10.0,218.0,114.0,12,7.0,14.9,20.5,SF/PF,3200,1,19.0,14.0,103,111,5%,9,7,8,18,16,20,14.8,16.4,8.8,23.9,12.0,5.0,1.6,14.0,4.38,14.0,16.5,4.4,14.0,4.390000000000001,18.0,8.0,15.579999999999998,14.133333333333333,12.833333333333334
37,3,Juan Toscano-Anderson,0.0,GS,LAL,10.0,221.0,105.5,24,7.3,19.7,37.5,SF/PF,3900,1,0.0,0.0,103,104,-6%,7,5,5,25,20,20,19.7,18.4,6.1,30.6,20.4,11.0,2.8,18.8,4.81,21.7,23.5,5.6,20.25,5.205,21.666666666666668,5.666666666666667,19.009999999999998,21.5,21.963461538461537
37,4,Jordan Poole,0.0,GS,LAL,10.0,221.0,105.5,6,21.3,25.0,30.0,PG/SG,4900,1,21.0,6.0,103,104,0%,14,13,9,32,32,22,25.0,15.7,7.2,24.3,32.3,28.3,5.8,23.8,4.85,26.5,31.5,5.4,25.15,5.125,28.666666666666668,12.0,19.47,25.433333333333334,27.635755813953487
37,5,Eric Paschall,0.0,GS,LAL,10.0,221.0,105.5,24,13.8,19.5,22.5,SF/PF,5000,1,21.0,14.0,103,104,-6%,9,8,11,34,28,28,19.7,23.5,13.0,34.0,26.6,30.3,6.1,23.3,4.65,23.8,27.0,4.8,23.55,4.725,30.0,9.333333333333334,22.75,18.599999999999998,21.195
37,6,Marquese Chriss,0.0,GS,LAL,10.0,221.0,105.5,7,20.8,36.5,45.3,C,5900,1,19.0,19.0,103,104,-6%,9,11,6,22,26,19,36.5,21.6,11.5,31.7,23.1,20.3,3.4,29.3,4.96,31.2,26.5,5.3,30.25,5.13,22.333333333333332,8.666666666666666,26.310000000000002,34.199999999999996,35.893656716417915
37,7,Tobias Harris,0.0,PHI,NY,-6.5,210.0,108.3,30,20.3,36.9,50.0,SF/PF,7500,0,23.0,16.0,101,110,2%,16,16,16,36,37,35,36.5,35.8,26.4,45.3,35.4,58.3,7.8,38.8,5.17,41.8,36.0,5.6,40.3,5.385,36.0,16.0,36.86,35.733333333333334,40.3
38,0,Jordan Poole,0.0,GS,LAL,10.0,221.0,105.5,6,21.3,25.0,30.0,PG/SG,4900,1,21.0,6.0,103,104,0%,14,13,9,32,32,22,25.0,15.7,7.2,24.3,32.3,28.3,5.8,23.8,4.85,26.5,31.5,5.4,25.15,5.125,28.666666666666668,12.0,19.47,25.433333333333334,27.635755813953487
38,1,Josh Richardson,0.0,PHI,NY,-6.5,210.0,108.3,13,14.3,26.8,33.8,SG,5300,0,22.0,12.0,101,110,2%,12,12,13,36,34,32,27.1,27.3,18.1,36.4,34.2,30.3,5.7,29.3,5.52,30.1,34.5,5.7,29.700000000000003,5.609999999999999,34.0,12.333333333333334,27.720000000000006,24.96666666666667,30.136764705882356
38,2,Domantas Sabonis,0.0,IND,POR,-10.0,218.0,114.0,19,32.3,46.1,57.0,PF/C,9100,1,24.0,21.0,103,111,5%,13,14,14,31,33,35,46.1,44.3,35.1,53.5,27.6,42.3,4.6,44.3,4.86,47.0,35.0,5.2,45.65,5.03,33.0,13.666666666666666,44.93,45.13333333333333,48.416666666666664
38,3,Luguentz Dort,0.0,OKC,SAC,-7.5,220.5,114.0,17,4.0,14.5,27.0,SF,3200,1,13.0,8.0,101,109,-2%,4,6,5,24,23,22,14.5,11.5,3.9,19.2,23.8,8.5,2.7,14.5,4.53,13.5,23.5,4.2,14.0,4.365,23.0,5.0,12.620000000000001,15.166666666666666,14.304347826086957
38,4,RJ Barrett,0.0,NY,PHI,6.5,210.0,101.8,4,10.8,21.1,33.5,PG/SG,5800,0,24.0,10.0,102,104,-7%,14,14,13,28,27,31,21.1,25.8,14.6,37.0,35.4,28.5,4.9,24.3,4.18,23.5,29.5,4.1,23.9,4.14,28.666666666666668,13.666666666666666,24.48,21.8,24.594767441860466
38,5,Danilo Gallinari,0.0,OKC,SAC,-7.5,220.5,114.0,17,18.0,29.0,37.5,SF/PF,6300,1,24.0,20.0,101,109,3%,12,14,14,29,31,31,28.9,32.2,24.9,39.5,33.5,35.5,5.6,33.0,5.24,33.3,32.0,5.3,33.15,5.27,30.333333333333332,13.333333333333334,31.73,28.166666666666668,34.97142857142857
38,6,Nerlens Noel,0.0,OKC,SAC,-7.5,220.5,114.0,11,0.8,10.9,23.3,C,3300,1,15.0,22.0,101,109,-3%,4,4,5,18,14,19,10.9,21.2,13.1,29.3,20.3,26.3,8.0,18.0,5.45,18.4,17.5,5.6,18.2,5.525,17.0,4.333333333333333,18.54,11.666666666666666,18.735294117647058
38,7,Bogdan Bogdanovic,0.0,SAC,OKC,7.5,220.5,106.5,20,14.5,23.6,33.3,SG/SF,5200,1,23.0,14.0,101,106,-7%,14,12,12,33,30,28,23.6,25.9,15.6,36.2,27.9,24.0,4.6,27.8,5.34,28.0,31.5,5.4,27.9,5.37,30.333333333333332,12.666666666666666,25.839999999999996,23.8,28.97307692307692
39,0,Jordan Poole,0.0,GS,LAL,10.0,221.0,105.5,6,21.3,25.0,30.0,PG/SG,4900,1,21.0,6.0,103,104,0%,14,13,9,32,32,22,25.0,15.7,7.2,24.3,32.3,28.3,5.8,23.8,4.85,26.5,31.5,5.4,25.15,5.125,28.666666666666668,12.0,19.47,25.433333333333334,27.635755813953487
39,1,CJ McCollum,0.0,POR,IND,10.0,218.0,104.0,12,26.8,49.2,76.3,PG/SG,9000,1,26.0,17.0,101,105,-1%,27,24,20,40,38,37,49.1,37.3,25.5,49.0,38.2,43.3,4.8,44.3,4.92,44.8,39.0,5.0,44.55,4.96,38.333333333333336,23.666666666666668,41.089999999999996,50.76666666666667,45.32478260869564
39,2,Julius Randle,0.0,NY,PHI,6.5,210.0,101.8,22,22.8,40.8,64.5,PF/C,7800,0,28.0,17.0,102,104,-7%,14,16,16,27,33,33,40.8,38.3,29.1,47.4,38.0,52.0,6.7,35.3,4.52,35.9,31.5,4.6,35.599999999999994,4.56,31.0,15.333333333333334,38.239999999999995,42.699999999999996,36.174193548387095
39,3,Kentavious Caldwell-Pope,0.0,LAL,GS,-10.0,221.0,115.5,15,15.3,20.3,22.5,SG/SF,3600,1,15.0,12.0,103,111,8%,8,9,8,29,28,27,20.3,18.0,11.5,24.6,22.7,18.8,5.2,20.5,5.69,19.5,26.0,5.4,20.0,5.545,28.0,8.333333333333334,18.880000000000003,19.366666666666667,18.571428571428573
39,4,Shai Gilgeous-Alexander,0.0,OKC,SAC,-7.5,220.5,114.0,11,29.3,38.4,46.3,PG/SG,7400,1,23.0,18.0,101,109,4%,13,13,15,33,35,36,38.4,36.3,26.5,46.2,38.0,29.8,4.0,36.3,4.9,37.3,35.0,5.0,36.8,4.95,34.666666666666664,13.666666666666666,36.839999999999996,38.0,37.15384615384615
39,5,Gary Trent Jr.,0.0,POR,IND,10.0,218.0,104.0,9,4.0,14.2,22.8,SG/SF,4100,1,14.0,12.0,101,105,-1%,9,8,6,32,29,19,14.2,12.9,2.4,23.4,40.8,30.3,7.4,18.8,4.57,22.6,33.0,5.5,20.700000000000003,5.035,26.666666666666668,7.666666666666667,14.719999999999999,13.666666666666666,25.616250000000004
39,6,Harry Giles III,0.0,SAC,OKC,7.5,220.5,106.5,5,14.3,23.9,35.0,C,5500,1,20.0,16.0,101,106,-12%,10,7,5,28,23,14,23.9,14.3,5.4,23.2,24.4,30.0,5.5,26.3,4.77,25.7,25.5,4.7,26.0,4.734999999999999,21.666666666666668,7.333333333333333,18.560000000000002,24.400000000000002,30.599999999999998
39,7,Dwight Howard,0.0,LAL,GS,-10.0,221.0,115.5,25,11.8,22.0,34.3,C,4100,1,14.0,19.0,103,111,2%,3,4,4,17,21,20,22.0,21.6,12.4,30.8,24.4,34.3,8.4,20.3,4.94,20.7,17.5,5.0,20.5,4.970000000000001,19.333333333333332,3.6666666666666665,21.46,22.7,18.55603448275862
43,0,T.J. McConnell,0.0,IND,POR,-10.0,218.0,114.0,19,1.0,10.9,21.0,PG,3400,1,20.0,17.0,103,111,8%,3,5,6,18,17,19,13.3,19.1,11.0,27.2,18.2,13.3,3.9,15.3,4.49,15.9,16.5,4.7,15.600000000000001,4.595000000000001,18.0,4.666666666666667,17.240000000000002,10.966666666666667,14.3
43,1,Aaron Holiday,0.0,IND,POR,-10.0,218.0,114.0,19,5.0,14.2,28.5,PG/SG,4800,1,21.0,13.0,103,111,8%,10,8,9,31,24,24,16.8,21.0,10.0,31.9,14.1,11.8,2.5,19.3,4.01,17.8,20.0,3.7,18.55,3.855,26.333333333333332,9.0,19.65,15.9,14.088607594936711
43,2,Dragan Bender,0.0,GS,LAL,10.0,221.0,105.5,9,6.0,12.4,19.8,PF/C,3000,1,0.0,0.0,103,104,-6%,6,4,4,22,17,15,12.3,11.3,5.9,16.7,22.2,13.0,4.3,8.0,2.67,17.3,22.5,5.8,12.65,4.234999999999999,18.0,4.666666666666667,11.77,12.733333333333334,15.812500000000002
43,3,Danilo Gallinari,0.0,OKC,SAC,-7.5,220.5,114.0,17,18.0,29.0,37.5,SF/PF,6300,1,24.0,20.0,101,109,3%,12,14,14,29,31,31,28.9,32.2,24.9,39.5,33.5,35.5,5.6,33.0,5.24,33.3,32.0,5.3,33.15,5.27,30.333333333333332,13.333333333333334,31.73,28.166666666666668,34.97142857142857
43,4,Kentavious Caldwell-Pope,0.0,LAL,GS,-10.0,221.0,115.5,15,15.3,20.3,22.5,SG/SF,3600,1,15.0,12.0,103,111,8%,8,9,8,29,28,27,20.3,18.0,11.5,24.6,22.7,18.8,5.2,20.5,5.69,19.5,26.0,5.4,20.0,5.545,28.0,8.333333333333334,18.880000000000003,19.366666666666667,18.571428571428573
43,5,Trevor Ariza,0.0,POR,IND,10.0,218.0,104.0,4,8.5,24.6,34.5,SF,4800,1,12.0,11.0,101,105,-14%,5,6,6,37,34,28,24.6,19.5,9.2,29.9,37.2,18.3,3.8,23.8,4.95,23.9,35.0,5.0,23.85,4.975,33.0,5.666666666666667,21.410000000000004,22.53333333333333,25.295454545454547
43,6,JaVale McGee,0.0,LAL,GS,-10.0,221.0,115.5,25,9.8,12.3,14.0,C,3000,1,15.0,21.0,103,111,2%,3,3,5,13,14,17,12.3,18.9,10.2,27.6,18.9,21.5,7.2,17.8,5.92,17.0,14.0,5.7,17.4,5.8100000000000005,14.666666666666666,3.6666666666666665,17.28,12.033333333333333,16.60909090909091
43,7,Moe Harkless,0.0,NY,PHI,6.5,210.0,101.8,18,6.8,15.1,23.3,SF/PF,3100,0,10.0,10.0,102,104,-4%,4,4,4,26,24,23,15.1,15.0,8.1,21.9,26.4,27.0,8.7,14.8,4.76,16.1,26.0,5.2,15.450000000000001,4.98,24.333333333333332,4.0,15.11,15.066666666666668,16.508219178082193
44,0,RJ Barrett,0.0,NY,PHI,6.5,210.0,101.8,4,10.8,21.1,33.5,PG/SG,5800,0,24.0,10.0,102,104,-7%,14,14,13,28,27,31,21.1,25.8,14.6,37.0,35.4,28.5,4.9,24.3,4.18,23.5,29.5,4.1,23.9,4.14,28.666666666666668,13.666666666666666,24.48,21.8,24.594767441860466
44,1,Shai Gilgeous-Alexander,0.0,OKC,SAC,-7.5,220.5,114.0,11,29.3,38.4,46.3,PG/SG,7400,1,23.0,18.0,101,109,4%,13,13,15,33,35,36,38.4,36.3,26.5,46.2,38.0,29.8,4.0,36.3,4.9,37.3,35.0,5.0,36.8,4.95,34.666666666666664,13.666666666666666,36.839999999999996,38.0,37.15384615384615
44,2,Jakarr Sampson,0.0,IND,POR,-10.0,218.0,114.0,12,1.3,7.6,15.3,SF/PF,3000,1,0.0,0.0,103,111,5%,5,3,3,13,14,14,7.5,8.9,1.6,16.2,3.5,2.0,0.7,13.3,4.42,0.0,0.0,0.0,6.65,2.21,13.666666666666666,3.6666666666666665,8.169999999999998,8.066666666666668,0.0
44,3,Danny Green,0.0,LAL,GS,-10.0,221.0,115.5,15,5.5,16.3,36.8,SG/SF,3700,1,14.0,12.0,103,111,8%,7,5,7,27,25,25,16.3,19.0,9.7,28.2,18.5,1.5,0.4,21.0,5.68,21.5,25.5,5.8,21.25,5.74,25.666666666666668,6.333333333333333,18.89,19.53333333333333,21.112012987012985
44,4,Kentavious Caldwell-Pope,0.0,LAL,GS,-10.0,221.0,115.5,15,15.3,20.3,22.5,SG/SF,3600,1,15.0,12.0,103,111,8%,8,9,8,29,28,27,20.3,18.0,11.5,24.6,22.7,18.8,5.2,20.5,5.69,19.5,26.0,5.4,20.0,5.545,28.0,8.333333333333334,18.880000000000003,19.366666666666667,18.571428571428573
44,5,Buddy Hield,0.0,SAC,OKC,7.5,220.5,106.5,20,12.5,30.2,39.8,SG/SF,6100,1,27.0,16.0,101,106,-7%,14,15,17,26,30,34,38.4,35.4,25.3,45.5,26.5,25.8,4.2,29.8,4.88,33.6,30.0,5.5,31.700000000000003,5.1899999999999995,30.0,15.333333333333334,35.260000000000005,27.5,31.700000000000006
44,6,Julius Randle,0.0,NY,PHI,6.5,210.0,101.8,22,22.8,40.8,64.5,PF/C,7800,0,28.0,17.0,102,104,-7%,14,16,16,27,33,33,40.8,38.3,29.1,47.4,38.0,52.0,6.7,35.3,4.52,35.9,31.5,4.6,35.599999999999994,4.56,31.0,15.333333333333334,38.239999999999995,42.699999999999996,36.174193548387095
44,7,Glenn Robinson III,0.0,PHI,NY,-6.5,210.0,108.3,30,8.5,11.6,19.5,SF/PF,3100,0,16.0,13.0,101,110,-4%,11,11,11,26,28,31,30.1,24.0,15.8,32.3,21.1,10.3,3.3,12.3,3.95,15.4,18.5,5.0,13.850000000000001,4.475,28.333333333333332,11.0,23.21,13.200000000000001,9.043235294117649
45,0,CJ McCollum,0.0,POR,IND,10.0,218.0,104.0,12,26.8,49.2,76.3,PG/SG,9000,1,26.0,17.0,101,105,-1%,27,24,20,40,38,37,49.1,37.3,25.5,49.0,38.2,43.3,4.8,44.3,4.92,44.8,39.0,5.0,44.55,4.96,38.333333333333336,23.666666666666668,41.089999999999996,50.76666666666667,45.32478260869564
45,1,Anfernee Simons,0.0,POR,IND,10.0,218.0,104.0,12,8.0,19.3,34.8,PG/SG,3600,1,19.0,9.0,101,105,-1%,10,10,8,20,23,23,19.3,15.6,7.8,23.5,21.8,10.3,2.9,17.0,4.72,15.7,21.0,4.4,16.35,4.5600000000000005,22.0,9.333333333333334,16.51,20.7,15.606818181818184
45,2,T.J. Warren,0.0,IND,POR,-10.0,218.0,114.0,12,15.0,34.1,52.8,SF/PF,6000,1,22.0,17.0,103,111,5%,12,15,14,28,32,32,34.0,28.9,17.5,40.3,38.0,26.8,4.5,31.3,5.21,30.7,33.5,5.1,31.0,5.154999999999999,30.666666666666668,13.666666666666666,30.339999999999996,33.96666666666667,33.86413043478261
45,3,Reggie Bullock,0.0,NY,PHI,6.5,210.0,101.8,18,2.0,14.4,31.5,SF,3300,0,17.0,10.0,102,104,-4%,5,9,9,20,26,25,18.6,17.5,11.0,24.1,17.5,4.8,1.5,9.5,2.88,10.2,15.5,3.1,9.85,2.99,23.666666666666668,7.666666666666667,16.21,15.966666666666667,6.4510563380281685
45,4,Avery Bradley,0.0,LAL,GS,-10.0,221.0,115.5,29,8.0,15.6,30.3,PG/SG,3300,1,15.0,9.0,103,111,8%,6,7,8,25,27,24,15.6,15.0,7.1,22.9,21.3,19.3,5.8,17.3,5.23,19.2,27.5,5.8,18.25,5.515000000000001,25.333333333333332,7.0,15.77,17.96666666666667,19.810855263157897
45,5,Al Horford,0.0,PHI,NY,-6.5,210.0,108.3,20,15.3,23.3,30.3,PF/C,5200,0,18.0,15.0,101,110,8%,9,7,11,32,30,31,22.6,30.2,21.5,38.8,33.6,42.8,8.2,35.8,6.88,33.5,33.5,6.4,34.65,6.640000000000001,31.0,9.0,29.55,22.96666666666667,37.44435483870968
45,6,Myles Turner,0.0,IND,POR,-10.0,218.0,114.0,15,22.5,29.7,42.0,C,5200,1,17.0,15.0,103,111,5%,10,10,9,28,29,30,30.5,27.6,18.2,37.0,32.4,33.0,6.3,31.8,6.11,29.8,30.5,5.7,30.8,5.905,29.0,9.666666666666666,28.82,31.400000000000002,32.393103448275866
45,7,Danilo Gallinari,0.0,OKC,SAC,-7.5,220.5,114.0,17,18.0,29.0,37.5,SF/PF,6300,1,24.0,20.0,101,109,3%,12,14,14,29,31,31,28.9,32.2,24.9,39.5,33.5,35.5,5.6,33.0,5.24,33.3,32.0,5.3,33.15,5.27,30.333333333333332,13.333333333333334,31.73,28.166666666666668,34.97142857142857
46,0,Allonzo Trier,0.0,NY,PHI,6.5,210.0,101.8,4,0.0,7.6,17.0,PG/SG,3000,0,0.0,0.0,102,104,-5%,6,5,4,11,10,12,7.5,10.3,2.2,18.4,10.1,8.8,2.9,8.0,2.67,12.6,16.5,4.2,10.3,3.435,11.0,5.0,9.74,8.200000000000001,15.450000000000001
46,1,Justin Holiday,0.0,IND,POR,-10.0,218.0,114.0,25,11.8,18.5,31.3,SG/SF,4800,1,13.0,13.0,103,111,-2%,10,7,7,25,26,26,18.4,19.3,11.3,27.3,23.5,18.0,3.8,19.3,4.01,17.8,25.0,3.7,18.55,3.855,25.666666666666668,8.0,18.97,20.533333333333335,18.06818181818182
46,2,Tobias Harris,0.0,PHI,NY,-6.5,210.0,108.3,30,20.3,36.9,50.0,SF/PF,7500,0,23.0,16.0,101,110,2%,16,16,16,36,37,35,36.5,35.8,26.4,45.3,35.4,58.3,7.8,38.8,5.17,41.8,36.0,5.6,40.3,5.385,36.0,16.0,36.86,35.733333333333334,40.3
46,3,Bogdan Bogdanovic,0.0,SAC,OKC,7.5,220.5,106.5,20,14.5,23.6,33.3,SG/SF,5200,1,23.0,14.0,101,106,-7%,14,12,12,33,30,28,23.6,25.9,15.6,36.2,27.9,24.0,4.6,27.8,5.34,28.0,31.5,5.4,27.9,5.37,30.333333333333332,12.666666666666666,25.839999999999996,23.8,28.97307692307692
46,4,Chris Paul,0.0,OKC,SAC,-7.5,220.5,114.0,11,35.5,42.5,49.5,PG,7900,1,24.0,22.0,101,109,-2%,14,15,13,31,33,32,42.5,37.6,28.6,46.6,32.2,36.0,4.6,38.8,4.91,41.0,33.5,5.2,39.9,5.055,32.0,14.0,39.04,42.5,41.770312499999996
46,5,Buddy Hield,0.0,SAC,OKC,7.5,220.5,106.5,20,12.5,30.2,39.8,SG/SF,6100,1,27.0,16.0,101,106,-7%,14,15,17,26,30,34,38.4,35.4,25.3,45.5,26.5,25.8,4.2,29.8,4.88,33.6,30.0,5.5,31.700000000000003,5.1899999999999995,30.0,15.333333333333334,35.260000000000005,27.5,31.700000000000006
46,6,Alex Len,0.0,SAC,OKC,7.5,220.5,106.5,5,10.0,14.4,16.8,C,3300,1,18.0,17.0,101,106,0%,2,4,7,16,16,19,14.3,20.5,10.3,30.8,21.1,27.8,8.4,15.5,4.7,17.3,16.5,5.2,16.4,4.95,17.0,4.333333333333333,18.459999999999997,13.733333333333334,15.917647058823528
46,7,Goga Bitadze,0.0,IND,POR,-10.0,218.0,114.0,15,0.0,6.9,14.5,C,3000,1,17.0,12.0,103,111,5%,4,2,3,11,6,9,6.9,7.8,0.0,15.5,6.7,5.3,1.8,13.0,4.33,0.0,0.0,0.0,6.5,2.165,8.666666666666666,3.0,7.340000000000001,7.133333333333333,0.0
47,0,Alex Caruso,0.0,LAL,GS,-10.0,221.0,115.5,29,0.0,16.6,29.3,PG/SG,3400,1,14.0,11.0,103,111,8%,6,5,5,13,16,19,17.7,14.1,6.7,21.4,15.4,13.0,3.8,15.8,4.63,16.5,19.0,4.9,16.15,4.765000000000001,16.0,5.333333333333333,15.209999999999999,15.300000000000002,19.178124999999998
47,1,Furkan Korkmaz,0.0,PHI,NY,-6.5,210.0,108.3,13,3.3,17.3,28.0,SG/SF,4400,0,18.0,12.0,101,110,-4%,10,9,8,28,25,22,17.3,16.9,6.7,27.1,25.5,15.3,3.5,21.0,4.77,22.1,25.5,5.0,21.55,4.885,25.0,9.0,17.91,16.2,21.980999999999998
47,2,T.J. Warren,0.0,IND,POR,-10.0,218.0,114.0,12,15.0,34.1,52.8,SF/PF,6000,1,22.0,17.0,103,111,5%,12,15,14,28,32,32,34.0,28.9,17.5,40.3,38.0,26.8,4.5,31.3,5.21,30.7,33.5,5.1,31.0,5.154999999999999,30.666666666666668,13.666666666666666,30.339999999999996,33.96666666666667,33.86413043478261
47,3,Matisse Thybulle,0.0,PHI,NY,-6.5,210.0,108.3,13,2.0,7.1,14.0,SG/SF,3100,0,11.0,9.0,101,110,1%,3,2,4,13,14,20,7.0,13.0,4.8,21.1,14.7,10.8,3.5,13.3,4.27,12.2,18.0,3.9,12.75,4.085,15.666666666666666,3.0,11.73,7.7,14.648936170212766
47,4,Cory Joseph,0.0,SAC,OKC,7.5,220.5,106.5,22,5.0,17.4,23.3,PG,3100,1,14.0,10.0,101,106,0%,5,5,6,16,21,24,17.4,16.6,8.6,24.5,35.5,30.5,9.8,22.3,7.18,21.5,29.0,6.9,21.9,7.04,20.333333333333332,5.333333333333333,17.8,15.233333333333334,31.234426229508195
47,5,Kent Bazemore,0.0,SAC,OKC,7.5,220.5,106.5,20,13.5,27.4,43.0,SG/SF,4700,1,16.0,9.0,101,106,-7%,9,9,8,31,25,25,27.4,19.4,11.6,27.1,17.5,17.8,3.8,23.0,4.89,21.7,28.0,4.6,22.35,4.744999999999999,27.0,8.666666666666666,21.57,27.96666666666667,23.17777777777778
47,6,Myles Turner,0.0,IND,POR,-10.0,218.0,114.0,15,22.5,29.7,42.0,C,5200,1,17.0,15.0,103,111,5%,10,10,9,28,29,30,30.5,27.6,18.2,37.0,32.4,33.0,6.3,31.8,6.11,29.8,30.5,5.7,30.8,5.905,29.0,9.666666666666666,28.82,31.400000000000002,32.393103448275866
47,7,Jakarr Sampson,0.0,IND,POR,-10.0,218.0,114.0,12,1.3,7.6,15.3,SF/PF,3000,1,0.0,0.0,103,111,5%,5,3,3,13,14,14,7.5,8.9,1.6,16.2,3.5,2.0,0.7,13.3,4.42,0.0,0.0,0.0,6.65,2.21,13.666666666666666,3.6666666666666665,8.169999999999998,8.066666666666668,0.0
48,0,CJ McCollum,0.0,POR,IND,10.0,218.0,104.0,12,26.8,49.2,76.3,PG/SG,9000,1,26.0,17.0,101,105,-1%,27,24,20,40,38,37,49.1,37.3,25.5,49.0,38.2,43.3,4.8,44.3,4.92,44.8,39.0,5.0,44.55,4.96,38.333333333333336,23.666666666666668,41.089999999999996,50.76666666666667,45.32478260869564
48,1,Damion Lee,0.0,GS,LAL,10.0,221.0,105.5,16,25.3,30.9,37.5,SG,5400,1,19.0,13.0,103,104,-2%,12,12,10,33,31,29,30.9,25.5,15.5,35.4,33.6,29.0,5.4,26.8,4.95,30.8,32.5,5.7,28.8,5.325,31.0,11.333333333333334,27.22,31.233333333333334,30.193548387096776
48,2,Danilo Gallinari,0.0,OKC,SAC,-7.5,220.5,114.0,17,18.0,29.0,37.5,SF/PF,6300,1,24.0,20.0,101,109,3%,12,14,14,29,31,31,28.9,32.2,24.9,39.5,33.5,35.5,5.6,33.0,5.24,33.3,32.0,5.3,33.15,5.27,30.333333333333332,13.333333333333334,31.73,28.166666666666668,34.97142857142857
48,3,Justin Holiday,0.0,IND,POR,-10.0,218.0,114.0,25,11.8,18.5,31.3,SG/SF,4800,1,13.0,13.0,103,111,-2%,10,7,7,25,26,26,18.4,19.3,11.3,27.3,23.5,18.0,3.8,19.3,4.01,17.8,25.0,3.7,18.55,3.855,25.666666666666668,8.0,18.97,20.533333333333335,18.06818181818182
48,4,Bogdan Bogdanovic,0.0,SAC,OKC,7.5,220.5,106.5,20,14.5,23.6,33.3,SG/SF,5200,1,23.0,14.0,101,106,-7%,14,12,12,33,30,28,23.6,25.9,15.6,36.2,27.9,24.0,4.6,27.8,5.34,28.0,31.5,5.4,27.9,5.37,30.333333333333332,12.666666666666666,25.839999999999996,23.8,28.97307692307692
48,5,Kyle Kuzma,0.0,LAL,GS,-10.0,221.0,115.5,16,8.8,18.3,30.5,PF/C,3900,1,22.0,12.0,103,111,1%,13,9,11,25,23,25,21.3,21.9,12.3,31.5,28.6,26.8,6.9,22.0,5.64,22.0,22.0,5.6,22.0,5.619999999999999,24.333333333333332,11.0,21.8,19.2,19.890410958904113
48,6,Alex Len,0.0,SAC,OKC,7.5,220.5,106.5,5,10.0,14.4,16.8,C,3300,1,18.0,17.0,101,106,0%,2,4,7,16,16,19,14.3,20.5,10.3,30.8,21.1,27.8,8.4,15.5,4.7,17.3,16.5,5.2,16.4,4.95,17.0,4.333333333333333,18.459999999999997,13.733333333333334,15.917647058823528
48,7,Rajon Rondo,0.0,LAL,GS,-10.0,221.0,115.5,29,4.8,17.9,40.5,PG,3500,1,21.0,14.0,103,111,7%,3,5,7,17,18,21,17.9,20.6,9.3,31.8,25.8,29.0,8.3,29.5,8.43,30.2,28.0,8.6,29.85,8.515,18.666666666666668,5.0,21.889999999999997,21.066666666666666,44.775
