Lineup Num,,Player Name,injury_status,team,opp,spread,over_under,implied_team_score,L5_dvp_rank,L5_ppg_floor,L5_ppg_avg,L5_ppg_max,Pos,Salary,Rest,USG,PER,Opp Pace,Opp DEff,Opp DvP,L2 FGA,L5 FGA,S FGA,L2 Min,L5 Min,S Min,L5 FP,S FP,Floor FP,Ceil FP,Actual Min,Actual FP,Actual Val,FantasyFuelPPGProj,FantasyFuelValueProj,DFN_PPGProj,DFN_MinProj,DFN_ValueProj,Avg Proj,Avg Value Proj,Avg Skewed Min,Avg Skewed FGA,Avg Skewed FP,Avg L5 PPG,Proj Min Enhanced
0,0,Tomas Satoransky,0.0,CHI,MIN,1.0,220.0,109.5,18,17.8,22.8,31.3,PG,4900,1,18.0,14.0,105,108,2%,10,9,8,27,27,29,22.8,25.4,15.9,34.9,22.3,16.0,3.3,24.5,5.0,24.2,27.0,4.9,24.35,4.95,27.666666666666668,9.0,24.669999999999998,23.96666666666667,23.763253012048192
0,1,D'Angelo Russell,0.0,GS,UTA,8.5,220.5,106.0,12,25.8,44.7,53.5,PG/SG,8000,1,33.0,19.0,101,105,-3%,24,21,20,37,36,33,44.6,41.3,27.8,54.9,27.7,34.8,4.3,39.8,4.97,43.0,34.0,5.4,41.4,5.1850000000000005,35.333333333333336,21.666666666666668,42.00000000000001,41.333333333333336,39.8377358490566
0,2,Rondae Hollis-Jefferson,0.0,TOR,PHI,-7.0,216.0,111.5,7,5.3,20.4,30.0,SF/PF,3900,1,18.0,17.0,101,103,-5%,5,4,7,22,18,21,20.4,20.7,12.2,29.3,13.6,5.5,1.4,19.0,4.87,15.3,16.0,3.9,17.15,4.385,20.333333333333332,5.333333333333333,19.95,18.566666666666666,13.495081967213114
0,3,Danny Green,0.0,LAL,NY,-12.0,222.5,117.3,14,11.3,21.7,39.3,SF,4000,1,14.0,12.0,101,111,-1%,11,9,7,28,24,25,21.3,19.4,10.0,28.7,19.3,10.5,2.6,19.0,4.75,20.1,25.0,5.0,19.55,4.875,25.666666666666668,9.0,19.79,24.099999999999998,19.04220779220779
0,4,Javonte Green,0.0,BOS,MEM,-7.0,232.0,119.5,25,1.3,7.1,16.5,SG,3200,1,15.0,14.0,106,109,-1%,5,2,2,13,9,8,7.0,6.3,1.1,11.6,19.1,17.3,5.4,7.8,2.42,10.6,12.0,3.3,9.2,2.86,10.0,3.0,7.040000000000001,8.299999999999999,11.04
0,5,Solomon Hill,0.0,MEM,BOS,7.0,232.0,112.5,9,7.8,11.3,19.0,SF/PF,3000,1,14.0,10.0,102,104,-1%,5,5,5,15,15,19,11.3,14.4,7.9,21.0,21.2,22.0,7.3,9.5,3.17,9.2,13.0,3.1,9.35,3.135,16.333333333333332,5.0,12.790000000000001,12.700000000000001,7.441836734693878
0,6,John Collins,0.0,ATL,LAC,3.5,234.0,115.3,11,22.3,33.4,42.5,PF/C,7100,1,22.0,20.0,105,105,-5%,14,13,14,32,30,31,33.4,38.0,29.0,47.0,35.7,67.0,9.4,42.0,5.92,43.2,31.0,6.1,42.6,6.01,31.0,13.666666666666666,38.0,32.733333333333334,42.6
0,7,JaMychal Green,0.0,LAC,ATL,-3.5,234.0,118.8,15,8.5,16.5,33.3,PF,4400,0,14.0,11.0,106,111,6%,6,5,6,21,20,22,16.5,18.9,9.8,27.9,22.1,15.0,3.4,25.0,5.68,25.2,26.0,5.7,25.1,5.6899999999999995,21.0,5.666666666666667,19.639999999999997,19.433333333333334,31.076190476190476
1,0,Derrick White,0.0,SA,NO,3.5,236.5,116.5,20,17.3,27.3,41.3,PG/SG,4800,1,18.0,15.0,106,110,6%,13,9,8,26,24,24,27.3,21.3,13.6,29.1,27.4,29.5,6.1,23.5,4.9,22.0,23.0,4.6,22.75,4.75,24.666666666666668,10.0,22.81,28.633333333333336,21.21283783783784
1,1,Dennis Schroder,0.0,OKC,ORL,1.5,209.5,104.0,9,19.3,32.3,41.8,PG/SG,6000,1,27.0,16.0,100,104,-2%,14,15,15,32,33,31,32.3,30.2,20.9,39.4,33.0,49.3,8.2,29.3,4.88,27.8,32.0,4.6,28.55,4.74,32.0,14.666666666666666,30.270000000000003,31.13333333333333,28.55
1,2,Brandon Clarke,0.0,MEM,BOS,7.0,232.0,112.5,24,12.0,25.1,33.3,PF/C,4800,1,19.0,22.0,102,104,1%,6,6,8,24,23,22,25.4,24.5,17.5,31.4,23.1,14.5,3.0,23.5,4.9,23.7,22.5,4.9,23.6,4.9,23.0,6.666666666666667,24.48,23.46666666666667,23.086956521739133
1,3,PJ Dozier,0.0,DEN,HOU,9.0,228.5,109.8,16,0.0,17.4,39.3,SG/SF,3100,1,0.0,0.0,106,107,2%,9,7,7,18,14,14,11.9,11.9,3.2,20.6,21.3,21.8,7.0,9.8,3.15,16.3,17.5,5.3,13.05,4.225,15.333333333333334,7.666666666666667,12.13,18.9,14.894021739130435
1,4,Jordan Poole,0.0,GS,UTA,8.5,220.5,106.0,14,20.0,24.5,30.8,SG/SF,4000,1,21.0,6.0,101,105,-3%,15,12,9,29,25,22,24.4,14.9,6.8,23.0,21.6,8.3,2.1,9.5,2.38,10.1,15.0,2.5,9.8,2.44,25.333333333333332,12.0,15.779999999999998,25.099999999999998,5.802631578947369
1,5,Harrison Barnes,0.0,SAC,DET,1.0,222.5,110.8,3,13.3,23.8,41.0,SF/PF,5400,1,18.0,14.0,101,109,2%,10,12,12,34,36,36,23.8,27.0,17.9,36.1,34.6,20.5,3.8,24.5,4.54,24.8,34.0,4.6,24.65,4.57,35.333333333333336,11.333333333333334,25.890000000000004,26.03333333333333,23.719811320754715
1,6,Myles Turner,0.0,IND,PHO,-1.5,221.5,111.5,5,8.0,22.9,35.5,C,5000,1,18.0,15.0,104,108,2%,8,7,10,23,26,30,22.9,27.7,17.6,37.9,25.5,25.8,5.2,26.5,5.3,26.3,27.0,5.3,26.4,5.3,26.333333333333332,8.333333333333334,26.5,22.133333333333336,27.06835443037975
1,7,Brandon Goodwin,0.0,ATL,LAC,3.5,234.0,115.3,10,1.3,9.5,20.0,PG/SG,3100,1,0.0,0.0,105,105,-1%,2,5,5,3,12,12,9.5,11.8,1.0,22.5,19.6,28.3,9.1,18.5,5.97,17.1,17.5,5.5,17.8,5.734999999999999,9.0,4.0,12.52,10.266666666666667,34.611111111111114
2,0,Gary Payton II,0.0,WAS,MIA,9.5,229.0,109.8,16,4.0,16.4,23.0,PG/SG,3700,1,15.0,13.0,100,106,-9%,8,6,6,20,19,22,16.4,19.6,8.1,31.1,14.9,10.3,2.8,17.3,4.66,13.5,16.0,3.6,15.4,4.13,20.333333333333332,6.666666666666667,18.119999999999997,14.466666666666667,12.118032786885246
2,1,Torrey Craig,0.0,DEN,HOU,9.0,228.5,109.8,16,6.0,12.2,19.0,SG/SF,3500,1,12.0,7.0,106,107,8%,4,4,3,21,22,14,12.2,8.7,1.6,15.9,26.9,30.8,8.8,10.5,3.0,18.0,26.5,5.1,14.25,4.05,19.0,3.6666666666666665,10.53,12.4,19.875
2,2,Solomon Hill,0.0,MEM,BOS,7.0,232.0,112.5,9,7.8,11.3,19.0,SF/PF,3000,1,14.0,10.0,102,104,-1%,5,5,5,15,15,19,11.3,14.4,7.9,21.0,21.2,22.0,7.3,9.5,3.17,9.2,13.0,3.1,9.35,3.135,16.333333333333332,5.0,12.790000000000001,12.700000000000001,7.441836734693878
2,3,Josh Okogie,0.0,MIN,CHI,-1.0,220.0,110.5,13,10.0,20.8,31.0,SG/SF,4100,1,16.0,11.0,102,105,-2%,10,7,6,27,25,24,20.4,18.5,10.4,26.6,19.0,14.0,3.4,20.0,4.88,18.3,25.5,4.5,19.15,4.6899999999999995,25.333333333333332,7.666666666666667,19.01,20.599999999999998,19.27598684210526
2,4,Emmanuel Mudiay,0.0,UTA,GS,-8.5,220.5,114.5,29,3.3,12.1,28.3,PG,3300,1,22.0,14.0,103,109,9%,6,9,7,15,23,18,21.9,16.0,8.5,23.5,9.5,11.0,3.3,14.5,4.39,0.0,0.0,0.0,7.25,2.195,18.666666666666668,7.333333333333333,15.430000000000001,14.566666666666668,0.0
2,5,Thaddeus Young,0.0,CHI,MIN,1.0,220.0,109.5,10,10.0,23.0,36.0,PF,5000,1,20.0,13.0,105,108,1%,8,9,9,22,24,22,22.9,20.1,12.0,28.2,19.3,13.3,2.7,25.0,5.0,24.5,25.5,4.9,24.75,4.95,22.666666666666668,8.666666666666666,21.59,23.0,27.843749999999996
2,6,Myles Turner,0.0,IND,PHO,-1.5,221.5,111.5,5,8.0,22.9,35.5,C,5000,1,18.0,15.0,104,108,2%,8,7,10,23,26,30,22.9,27.7,17.6,37.9,25.5,25.8,5.2,26.5,5.3,26.3,27.0,5.3,26.4,5.3,26.333333333333332,8.333333333333334,26.5,22.133333333333336,27.06835443037975
2,7,Joe Ingles,0.0,UTA,GS,-8.5,220.5,114.5,2,23.8,33.7,42.8,SG/SF,5300,1,17.0,14.0,103,109,2%,5,10,9,29,32,30,33.4,26.3,16.2,36.3,25.1,25.5,4.8,26.5,5.0,29.6,32.0,5.6,28.05,5.3,30.333333333333332,8.0,28.05,33.43333333333333,29.591208791208793
3,0,Ja Morant,0.0,MEM,BOS,7.0,232.0,112.5,21,34.8,43.2,56.3,PG,7600,1,28.0,19.0,102,104,-9%,14,14,14,34,34,30,43.1,34.9,24.7,45.0,24.0,9.8,1.3,35.3,4.64,36.7,33.0,4.8,36.0,4.72,32.666666666666664,14.0,36.739999999999995,44.76666666666667,36.36734693877551
3,1,Alec Burks,0.0,GS,UTA,8.5,220.5,106.0,12,19.5,33.2,62.8,PG/SG,6400,1,24.0,16.0,101,105,-11%,19,15,13,36,32,30,32.8,30.6,19.2,42.0,24.4,18.5,2.9,26.5,4.14,25.4,27.0,4.0,25.95,4.07,32.666666666666664,15.666666666666666,30.110000000000003,38.5,21.448469387755104
3,2,Meyers Leonard,0.0,MIA,WAS,-9.5,229.0,119.3,12,16.0,18.7,23.5,PF,4000,1,12.0,12.0,106,113,8%,7,5,5,25,23,20,18.6,15.5,7.1,23.9,13.5,8.3,2.1,19.0,4.75,19.0,23.5,4.8,19.0,4.775,22.666666666666668,5.666666666666667,16.82,19.400000000000002,19.698529411764703
3,3,Draymond Green,0.0,GS,UTA,8.5,220.5,106.0,12,16.3,27.4,34.0,PG/SF,5700,1,18.0,12.0,101,105,-5%,7,7,8,32,30,29,27.4,29.1,18.1,40.1,25.2,15.5,2.7,27.5,4.82,29.1,30.0,5.1,28.3,4.96,30.333333333333332,7.333333333333333,28.6,25.900000000000002,27.98901098901099
3,4,Shabazz Napier,0.0,MIN,CHI,-1.0,220.0,110.5,3,17.0,23.7,29.8,PG,5100,1,22.0,13.0,102,105,-14%,6,7,8,28,28,23,24.1,21.8,11.3,32.3,30.8,36.3,7.1,24.5,4.8,24.3,28.0,4.8,24.4,4.8,26.333333333333332,7.0,22.78,23.5,25.944303797468354
3,5,Lonnie Walker IV,0.0,SA,NO,3.5,236.5,116.5,8,5.8,10.4,17.3,SG/SF,3100,1,21.0,12.0,106,110,-1%,6,5,5,19,15,12,10.4,10.3,0.6,20.0,13.5,9.8,3.2,13.8,4.44,10.8,13.0,3.5,12.3,3.97,15.333333333333334,5.333333333333333,10.720000000000002,11.166666666666666,10.428260869565218
3,6,Enes Kanter,0.0,BOS,MEM,-7.0,232.0,119.5,2,11.8,21.1,34.3,C,4500,1,20.0,24.0,106,109,4%,8,7,7,21,20,20,21.1,25.3,15.5,35.0,19.0,28.5,6.3,23.5,5.22,23.7,18.5,5.3,23.6,5.26,20.333333333333332,7.333333333333333,24.1,22.400000000000002,21.47213114754099
3,7,Nikola Vucevic,0.0,ORL,OKC,-1.5,209.5,105.5,9,30.0,42.0,54.8,C,8300,1,26.0,22.0,101,106,-1%,20,19,17,32,33,32,42.0,43.1,34.1,52.1,35.0,55.3,6.7,40.5,4.88,44.5,32.5,5.4,42.5,5.140000000000001,32.333333333333336,18.666666666666668,42.76,42.266666666666666,42.71907216494845
4,0,Alec Burks,0.0,GS,UTA,8.5,220.5,106.0,12,19.5,33.2,62.8,PG/SG,6400,1,24.0,16.0,101,105,-11%,19,15,13,36,32,30,32.8,30.6,19.2,42.0,24.4,18.5,2.9,26.5,4.14,25.4,27.0,4.0,25.95,4.07,32.666666666666664,15.666666666666666,30.110000000000003,38.5,21.448469387755104
4,1,Dillon Brooks,0.0,MEM,BOS,7.0,232.0,112.5,4,9.5,36.3,53.3,SG,6200,1,24.0,13.0,102,104,-1%,21,18,14,32,30,29,36.3,26.9,16.7,37.0,19.0,8.3,1.3,26.0,4.19,27.6,30.5,4.5,26.8,4.345000000000001,30.333333333333332,17.666666666666668,28.74,33.03333333333333,26.94725274725275
4,2,Patrick Patterson,0.0,LAC,ATL,-3.5,234.0,118.8,15,0.0,5.2,17.5,PF/C,3100,0,15.0,12.0,106,111,6%,3,4,4,5,8,13,5.2,10.2,1.9,18.5,6.5,6.0,1.9,13.0,4.19,10.1,12.5,3.3,11.55,3.745,8.666666666666666,3.6666666666666665,9.469999999999999,7.566666666666666,16.658653846153847
4,3,Brandon Ingram,0.0,NO,SA,-3.5,236.5,120.0,8,30.3,46.7,69.5,SF/PF,8900,1,29.0,22.0,103,110,0%,16,18,19,38,37,35,46.8,44.7,35.2,54.2,34.1,30.8,3.5,43.3,4.86,43.1,36.0,4.8,43.2,4.83,36.666666666666664,17.666666666666668,44.81999999999999,48.833333333333336,42.41454545454546
4,4,Dennis Schroder,0.0,OKC,ORL,1.5,209.5,104.0,9,19.3,32.3,41.8,PG/SG,6000,1,27.0,16.0,100,104,-2%,14,15,15,32,33,31,32.3,30.2,20.9,39.4,33.0,49.3,8.2,29.3,4.88,27.8,32.0,4.6,28.55,4.74,32.0,14.666666666666666,30.270000000000003,31.13333333333333,28.55
4,5,Darius Bazley,0.0,OKC,ORL,1.5,209.5,104.0,26,3.8,14.0,28.8,PF,3300,1,14.0,7.0,100,104,-2%,7,5,4,25,20,17,14.0,11.8,4.6,18.9,16.7,8.8,2.7,12.0,3.64,11.5,16.0,3.5,11.75,3.5700000000000003,20.666666666666668,5.333333333333333,12.21,15.533333333333333,9.096774193548386
4,6,Willie Cauley-Stein,0.0,GS,UTA,8.5,220.5,106.0,12,4.8,20.8,31.3,C,5000,1,14.0,17.0,101,105,1%,8,6,6,29,25,23,21.2,22.4,15.2,29.7,13.8,12.0,2.4,23.8,4.75,23.3,24.5,4.7,23.55,4.725,25.666666666666668,6.666666666666667,22.41,18.96666666666667,22.479545454545455
4,7,Kelly Oubre Jr.,0.0,PHO,IND,1.5,221.5,110.0,22,18.3,34.0,58.3,SF/PF,7000,1,21.0,16.0,101,105,-16%,15,14,15,37,37,35,33.5,34.5,23.8,45.2,32.1,29.3,4.2,34.8,4.96,33.4,36.5,4.8,34.099999999999994,4.88,36.333333333333336,14.666666666666666,34.22,36.86666666666667,34.256422018348616
5,0,Reggie Jackson,0.0,DET,SAC,-1.0,222.5,111.8,15,13.8,28.7,44.8,PG,3000,1,0.0,0.0,100,109,-5%,6,6,6,18,18,18,14.1,14.1,13.6,14.7,19.1,36.8,12.3,16.3,5.42,18.2,19.5,6.1,17.25,5.76,18.0,6.0,14.75,29.099999999999998,18.6875
5,1,Coby White,0.0,CHI,MIN,1.0,220.0,109.5,18,14.3,18.9,25.5,PG/SG,4300,1,23.0,10.0,105,108,2%,7,9,11,22,23,24,18.7,21.2,12.1,30.3,24.9,18.3,4.3,20.3,4.71,20.7,23.0,4.8,20.5,4.755,23.0,9.0,20.56,19.566666666666666,20.5
5,2,Juancho Hernangomez,0.0,DEN,HOU,9.0,228.5,109.8,28,0.8,4.6,7.8,SF/PF,3000,1,14.0,6.0,106,107,4%,2,2,3,10,10,12,4.5,7.1,0.4,13.8,14.0,10.5,3.5,7.0,2.33,13.3,18.5,4.4,10.15,3.365,10.666666666666666,2.3333333333333335,7.1899999999999995,4.3999999999999995,17.60390625
5,3,Damyean Dotson,0.0,NY,LAL,12.0,222.5,105.3,15,2.5,11.6,22.8,SF,3600,1,17.0,10.0,103,103,0%,7,7,6,24,16,17,11.6,11.6,4.3,18.9,27.4,23.5,6.5,13.3,3.68,12.9,18.0,3.6,13.100000000000001,3.64,19.0,6.666666666666667,11.899999999999999,12.299999999999999,12.410526315789474
5,4,Ja Morant,0.0,MEM,BOS,7.0,232.0,112.5,21,34.8,43.2,56.3,PG,7600,1,28.0,19.0,102,104,-9%,14,14,14,34,34,30,43.1,34.9,24.7,45.0,24.0,9.8,1.3,35.3,4.64,36.7,33.0,4.8,36.0,4.72,32.666666666666664,14.0,36.739999999999995,44.76666666666667,36.36734693877551
5,5,Jakarr Sampson,0.0,IND,PHO,-1.5,221.5,111.5,6,1.3,6.5,18.3,SF/PF,3000,1,0.0,0.0,104,108,3%,3,2,4,12,7,14,6.5,9.9,2.3,17.5,3.6,2.0,0.7,5.8,1.92,0.0,0.0,0.0,2.9,0.96,11.0,3.0,7.8199999999999985,8.700000000000001,0.0
5,6,Ian Mahinmi,0.0,WAS,MIA,9.5,229.0,109.8,1,14.3,29.1,41.3,C,5300,1,17.0,16.0,100,106,-8%,9,8,6,21,26,23,29.1,22.7,13.0,32.3,35.0,36.0,6.8,21.8,4.1,21.5,24.0,4.1,21.65,4.1,23.333333333333332,7.666666666666667,23.75,28.233333333333334,22.268571428571427
5,7,Vincent Poirier,0.0,BOS,MEM,-7.0,232.0,119.5,2,1.3,6.9,14.8,C,3000,1,0.0,0.0,106,109,4%,2,2,2,4,5,5,6.8,5.2,-0.3,10.7,10.1,5.8,1.9,6.3,2.08,0.0,0.0,0.0,3.15,1.04,4.666666666666667,2.0,5.109999999999999,7.666666666666667,0.0
6,0,Brandon Goodwin,0.0,ATL,LAC,3.5,234.0,115.3,10,1.3,9.5,20.0,PG/SG,3100,1,0.0,0.0,105,105,-1%,2,5,5,3,12,12,9.5,11.8,1.0,22.5,19.6,28.3,9.1,18.5,5.97,17.1,17.5,5.5,17.8,5.734999999999999,9.0,4.0,12.52,10.266666666666667,34.611111111111114
6,1,Lonnie Walker IV,0.0,SA,NO,3.5,236.5,116.5,8,5.8,10.4,17.3,SG/SF,3100,1,21.0,12.0,106,110,-1%,6,5,5,19,15,12,10.4,10.3,0.6,20.0,13.5,9.8,3.2,13.8,4.44,10.8,13.0,3.5,12.3,3.97,15.333333333333334,5.333333333333333,10.720000000000002,11.166666666666666,10.428260869565218
6,2,Robert Covington,0.0,MIN,CHI,-1.0,220.0,110.5,25,20.5,30.3,39.0,SF/PF,5900,1,18.0,14.0,102,105,2%,15,13,10,33,32,30,30.3,28.0,19.3,36.7,31.1,20.3,3.4,28.8,4.87,31.1,31.5,5.3,29.950000000000003,5.085,31.666666666666668,12.666666666666666,28.85,29.933333333333334,29.792368421052636
6,3,Aaron Gordon,0.0,ORL,OKC,-1.5,209.5,105.5,24,20.3,29.3,35.8,SF/PF,5900,1,21.0,14.0,101,106,-12%,10,12,12,34,33,32,29.3,30.5,22.0,39.1,34.6,31.5,5.3,31.0,5.25,30.8,34.0,5.2,30.9,5.225,33.0,11.333333333333334,30.360000000000003,28.46666666666667,31.836363636363632
6,4,Tony Snell,0.0,DET,SAC,-1.0,222.5,111.8,28,7.5,15.5,19.3,SG/SF,3800,1,11.0,10.0,100,109,7%,6,6,7,24,27,27,15.5,15.1,8.8,21.5,33.2,12.3,3.2,17.8,4.67,18.0,30.0,4.7,17.9,4.6850000000000005,26.0,6.333333333333333,15.760000000000002,14.1,20.653846153846153
6,5,Brandon Ingram,0.0,NO,SA,-3.5,236.5,120.0,8,30.3,46.7,69.5,SF/PF,8900,1,29.0,22.0,103,110,0%,16,18,19,38,37,35,46.8,44.7,35.2,54.2,34.1,30.8,3.5,43.3,4.86,43.1,36.0,4.8,43.2,4.83,36.666666666666664,17.666666666666668,44.81999999999999,48.833333333333336,42.41454545454546
6,6,Mo Bamba,0.0,ORL,OKC,-1.5,209.5,105.5,9,13.3,18.4,26.3,C,3400,1,0.0,0.0,101,106,-1%,5,5,5,15,15,15,18.4,16.4,9.3,23.5,13.0,8.0,2.4,16.3,4.78,15.5,15.0,4.6,15.9,4.6899999999999995,15.0,5.0,16.7,19.333333333333332,15.9
6,7,James Harden,0.0,HOU,DEN,-9.0,228.5,118.8,7,37.0,52.9,62.0,PG/SG,11200,1,38.0,30.0,100,106,-6%,25,26,25,39,39,38,56.6,63.2,50.2,76.1,31.4,44.3,4.0,58.5,5.22,60.0,37.5,5.4,59.25,5.3100000000000005,38.666666666666664,25.333333333333332,61.07000000000001,50.63333333333333,57.46228448275862
7,0,Mike Conley,0.0,UTA,GS,-8.5,220.5,114.5,29,13.3,20.1,30.3,PG,4700,1,24.0,13.0,103,109,9%,8,10,12,19,24,29,22.6,26.1,16.4,35.9,18.5,12.8,2.7,22.0,4.68,21.2,21.0,4.5,21.6,4.59,24.0,10.0,24.52,21.233333333333334,18.900000000000002
7,1,Jeremy Lamb,0.0,IND,PHO,-1.5,221.5,111.5,6,4.3,18.8,32.5,SG/SF,4600,1,20.0,14.0,104,108,2%,9,9,11,23,26,30,18.8,26.8,17.9,35.7,21.1,12.8,2.8,21.5,4.67,23.0,25.5,5.0,22.25,4.835,26.333333333333332,9.666666666666666,24.290000000000003,18.533333333333335,21.54588607594937
7,2,John Collins,0.0,ATL,LAC,3.5,234.0,115.3,11,22.3,33.4,42.5,PF/C,7100,1,22.0,20.0,105,105,-5%,14,13,14,32,30,31,33.4,38.0,29.0,47.0,35.7,67.0,9.4,42.0,5.92,43.2,31.0,6.1,42.6,6.01,31.0,13.666666666666666,38.0,32.733333333333334,42.6
7,3,Jakarr Sampson,0.0,IND,PHO,-1.5,221.5,111.5,6,1.3,6.5,18.3,SF/PF,3000,1,0.0,0.0,104,108,3%,3,2,4,12,7,14,6.5,9.9,2.3,17.5,3.6,2.0,0.7,5.8,1.92,0.0,0.0,0.0,2.9,0.96,11.0,3.0,7.8199999999999985,8.700000000000001,0.0
7,4,Shai Gilgeous-Alexander,0.0,OKC,ORL,1.5,209.5,104.0,9,36.0,45.5,65.0,PG/SG,7200,1,24.0,18.0,100,104,0%,14,12,16,37,37,36,45.8,35.6,25.1,46.2,37.6,46.5,6.5,33.8,4.69,34.8,36.5,4.8,34.3,4.745,36.666666666666664,14.0,37.4,48.833333333333336,34.144090909090906
7,5,Sekou Doumbouya,0.0,DET,SAC,-1.0,222.5,111.8,13,9.5,20.2,32.0,SF/PF,4600,1,17.0,11.0,100,109,-9%,8,9,6,26,28,19,20.2,14.1,1.3,26.8,21.4,13.3,2.9,22.0,4.78,20.9,25.5,4.5,21.45,4.640000000000001,24.333333333333332,7.666666666666667,16.77,20.566666666666666,22.478424657534248
7,6,Al Horford,0.0,PHI,TOR,7.0,216.0,104.5,2,18.3,31.9,39.5,PF/C,6800,1,19.0,16.0,103,101,3%,12,13,12,29,32,31,32.3,30.9,22.0,39.7,36.3,34.5,5.1,33.0,4.85,33.3,32.0,4.9,33.15,4.875,30.666666666666668,12.333333333333334,31.610000000000003,29.900000000000002,34.59130434782608
7,7,Coby White,0.0,CHI,MIN,1.0,220.0,109.5,18,14.3,18.9,25.5,PG/SG,4300,1,23.0,10.0,105,108,2%,7,9,11,22,23,24,18.7,21.2,12.1,30.3,24.9,18.3,4.3,20.3,4.71,20.7,23.0,4.8,20.5,4.755,23.0,9.0,20.56,19.566666666666666,20.5
8,0,Kyle Lowry,0.0,TOR,PHI,-7.0,216.0,111.5,8,28.0,37.3,48.8,PG,6600,1,24.0,18.0,101,103,-8%,14,14,15,29,34,38,38.4,42.0,33.6,50.3,35.2,24.8,3.8,32.8,4.96,35.6,32.5,5.4,34.2,5.18,33.666666666666664,14.333333333333334,39.7,38.03333333333333,33.014851485148526
8,1,Furkan Korkmaz,0.0,PHI,TOR,7.0,216.0,104.5,21,11.5,19.9,33.5,SG,3600,1,17.0,11.0,103,101,0%,12,10,8,23,23,21,19.9,15.2,7.5,22.9,27.3,27.0,7.5,17.3,4.79,18.0,22.5,5.0,17.65,4.895,22.333333333333332,10.0,16.630000000000003,21.633333333333336,17.78171641791045
8,2,Khem Birch,0.0,ORL,OKC,-1.5,209.5,105.5,6,1.3,6.7,12.8,PF/C,3100,1,9.0,10.0,101,106,-1%,3,2,3,16,18,23,6.7,14.6,6.1,23.2,12.7,10.3,3.3,13.0,4.19,10.1,14.0,3.3,11.55,3.745,19.0,2.6666666666666665,12.430000000000001,6.933333333333334,8.510526315789473
8,3,Justin Holiday,0.0,IND,PHO,-1.5,221.5,111.5,6,12.5,20.2,29.3,SG/SF,4100,1,13.0,12.0,104,108,2%,8,7,7,25,27,26,20.1,18.9,11.3,26.5,25.1,17.3,4.2,18.3,4.45,17.6,25.5,4.3,17.950000000000003,4.375,26.0,7.333333333333333,18.95,20.666666666666668,17.604807692307695
8,4,De'Aaron Fox,0.0,SAC,DET,1.0,222.5,110.8,19,32.5,49.0,60.5,PG,8300,1,30.0,20.0,101,109,3%,19,19,15,34,36,33,48.9,39.6,27.8,51.3,30.3,36.3,4.4,43.3,5.21,42.7,34.0,5.1,43.0,5.154999999999999,34.333333333333336,17.666666666666668,42.120000000000005,47.333333333333336,42.582524271844655
8,5,Landry Shamet,0.0,LAC,ATL,-3.5,234.0,118.8,20,5.0,19.2,27.3,SG/SF,3800,0,13.0,8.0,106,111,4%,9,9,8,33,30,28,19.1,16.6,10.1,23.1,36.1,22.0,5.8,23.3,6.12,23.1,32.5,6.1,23.200000000000003,6.109999999999999,30.333333333333332,8.666666666666666,18.42,17.166666666666668,24.85714285714286
8,6,Domantas Sabonis,0.0,IND,PHO,-1.5,221.5,111.5,27,19.8,38.3,58.3,PF/C,7900,1,23.0,21.0,104,108,2%,14,14,14,34,35,34,45.3,43.6,34.7,52.5,33.7,49.3,6.2,43.0,5.44,43.4,34.5,5.5,43.2,5.470000000000001,34.333333333333336,14.0,43.86,38.8,43.40970873786407
8,7,Semi Ojeleye,0.0,BOS,MEM,-7.0,232.0,119.5,16,0.0,5.6,13.8,PF,3100,1,8.0,6.0,106,109,-1%,3,2,2,14,14,14,5.5,6.4,1.1,11.8,14.6,11.5,3.7,7.5,2.42,9.0,17.5,2.9,8.25,2.66,14.0,2.3333333333333335,6.610000000000001,6.466666666666666,10.3125
9,0,Mike Conley,0.0,UTA,GS,-8.5,220.5,114.5,29,13.3,20.1,30.3,PG,4700,1,24.0,13.0,103,109,9%,8,10,12,19,24,29,22.6,26.1,16.4,35.9,18.5,12.8,2.7,22.0,4.68,21.2,21.0,4.5,21.6,4.59,24.0,10.0,24.52,21.233333333333334,18.900000000000002
9,1,Cam Reddish,0.0,ATL,LAC,3.5,234.0,115.3,27,6.5,24.8,44.8,SG/SF,4500,1,18.0,7.0,105,105,-5%,12,11,9,32,31,27,24.8,18.9,10.0,27.8,27.2,20.5,4.6,21.8,4.83,23.8,30.5,5.3,22.8,5.0649999999999995,30.0,10.666666666666666,20.86,25.366666666666664,23.18
9,2,Johnathan Williams,0.0,WAS,MIA,9.5,229.0,109.8,29,2.0,14.0,29.5,PF/C,3000,1,0.0,0.0,100,106,1%,5,4,3,17,16,18,13.9,14.6,4.5,24.8,1.4,1.3,0.4,7.8,2.58,0.0,0.0,0.0,3.9,1.29,17.0,4.0,12.34,15.166666666666666,0.0
9,3,E'Twaun Moore,0.0,NO,SA,-3.5,236.5,120.0,22,14.5,20.1,28.8,SG/SF,3800,1,21.0,13.0,103,110,1%,9,12,10,20,26,22,20.4,19.3,11.1,27.6,13.9,7.0,1.8,18.5,4.87,16.7,19.5,4.4,17.6,4.635,22.666666666666668,10.333333333333334,19.2,21.133333333333336,15.141176470588235
9,4,Justin Holiday,0.0,IND,PHO,-1.5,221.5,111.5,6,12.5,20.2,29.3,SG/SF,4100,1,13.0,12.0,104,108,2%,8,7,7,25,27,26,20.1,18.9,11.3,26.5,25.1,17.3,4.2,18.3,4.45,17.6,25.5,4.3,17.950000000000003,4.375,26.0,7.333333333333333,18.95,20.666666666666668,17.604807692307695
9,5,Patrick Patterson,0.0,LAC,ATL,-3.5,234.0,118.8,15,0.0,5.2,17.5,PF/C,3100,0,15.0,12.0,106,111,6%,3,4,4,5,8,13,5.2,10.2,1.9,18.5,6.5,6.0,1.9,13.0,4.19,10.1,12.5,3.3,11.55,3.745,8.666666666666666,3.6666666666666665,9.469999999999999,7.566666666666666,16.658653846153847
9,6,Jonas Valanciunas,0.0,MEM,BOS,7.0,232.0,112.5,11,31.0,42.0,62.8,C,6700,1,22.0,23.0,102,104,-4%,10,12,11,27,28,26,42.0,34.1,22.1,46.1,26.1,43.8,6.5,33.8,5.04,35.2,28.0,5.3,34.5,5.17,27.0,11.0,35.76,45.26666666666667,35.77777777777777
9,7,Eric Gordon,0.0,HOU,DEN,-9.0,228.5,118.8,18,8.3,22.7,35.0,SG/SF,4400,1,21.0,7.0,100,106,-5%,13,16,13,30,30,29,22.3,19.3,11.8,26.8,29.3,32.5,7.4,21.5,4.89,22.1,29.0,5.0,21.8,4.945,29.666666666666668,14.0,20.4,22.0,21.310112359550562
10,0,Kendrick Nunn,0.0,MIA,WAS,-9.5,229.0,119.3,24,29.0,36.2,48.3,PG/SG,6100,1,24.0,14.0,106,113,5%,16,16,14,40,35,31,36.1,27.5,18.0,36.9,25.7,20.5,3.4,30.8,5.04,29.6,31.0,4.9,30.200000000000003,4.970000000000001,35.333333333333336,15.333333333333334,29.74,37.833333333333336,26.49622641509434
10,1,Alex Caruso,0.0,LAL,NY,-12.0,222.5,117.3,4,3.5,12.8,20.3,PG/SG,3400,1,14.0,10.0,101,111,-1%,5,5,5,17,20,20,15.3,13.7,6.9,20.6,19.2,8.8,2.6,11.8,3.46,11.6,15.0,3.4,11.7,3.4299999999999997,19.0,5.0,13.64,12.200000000000001,9.236842105263158
10,2,Davis Bertans,0.0,WAS,MIA,9.5,229.0,109.8,29,14.8,23.2,28.5,PF,5000,1,18.0,16.0,100,106,-3%,9,11,11,25,25,29,23.1,27.5,18.1,36.9,31.9,36.8,7.4,24.0,4.8,24.1,26.5,4.8,24.05,4.8,26.333333333333332,10.333333333333334,25.93,22.166666666666668,24.20221518987342
10,3,Bradley Beal,0.0,WAS,MIA,9.5,229.0,109.8,24,23.0,33.8,39.8,SG/SF,7200,1,33.0,21.0,100,106,-1%,17,23,22,30,31,36,38.6,46.2,34.6,57.8,38.3,58.8,8.2,39.0,5.42,40.1,32.0,5.6,39.55,5.51,32.333333333333336,20.666666666666668,43.35,32.199999999999996,39.14226804123711
10,4,Mike Conley,0.0,UTA,GS,-8.5,220.5,114.5,29,13.3,20.1,30.3,PG,4700,1,24.0,13.0,103,109,9%,8,10,12,19,24,29,22.6,26.1,16.4,35.9,18.5,12.8,2.7,22.0,4.68,21.2,21.0,4.5,21.6,4.59,24.0,10.0,24.52,21.233333333333334,18.900000000000002
10,5,Jerami Grant,0.0,DEN,HOU,9.0,228.5,109.8,1,17.5,25.3,33.8,PF/C,5600,1,17.0,13.0,106,107,8%,11,9,8,33,31,24,25.3,18.4,10.9,25.9,34.7,38.3,6.8,25.5,4.55,27.2,34.0,4.9,26.35,4.725,29.333333333333332,9.333333333333334,21.369999999999997,25.53333333333333,30.54204545454546
10,6,Ian Mahinmi,0.0,WAS,MIA,9.5,229.0,109.8,1,14.3,29.1,41.3,C,5300,1,17.0,16.0,100,106,-8%,9,8,6,21,26,23,29.1,22.7,13.0,32.3,35.0,36.0,6.8,21.8,4.1,21.5,24.0,4.1,21.65,4.1,23.333333333333332,7.666666666666667,23.75,28.233333333333334,22.268571428571427
10,7,Danilo Gallinari,0.0,OKC,ORL,1.5,209.5,104.0,10,32.5,39.1,45.0,SF/PF,6900,1,24.0,20.0,100,104,-6%,17,16,14,34,33,31,39.0,32.7,25.1,40.3,31.7,23.5,3.4,32.3,4.67,33.4,32.0,4.8,32.849999999999994,4.734999999999999,32.666666666666664,15.666666666666666,33.989999999999995,38.86666666666667,32.17959183673469
11,0,Markelle Fultz,0.0,ORL,OKC,-1.5,209.5,105.5,13,23.5,33.8,54.3,PG/SG,6000,1,23.0,14.0,101,106,1%,13,15,11,33,32,28,34.1,25.8,17.8,33.7,31.8,25.8,4.3,29.0,4.83,30.5,32.5,5.1,29.75,4.965,31.0,13.0,28.23,37.199999999999996,31.18951612903226
11,1,Reggie Bullock,0.0,NY,LAL,12.0,222.5,105.3,15,7.8,21.4,28.8,SG/SF,4200,1,0.0,0.0,103,103,-5%,12,12,10,32,29,25,21.4,18.7,12.0,25.3,21.1,8.8,2.1,20.8,4.94,22.1,30.5,5.3,21.450000000000003,5.12,28.666666666666668,11.333333333333334,19.77,19.333333333333332,22.821802325581395
11,2,Julius Randle,0.0,NY,LAL,12.0,222.5,105.3,3,33.3,41.7,49.3,PF/C,7600,1,28.0,17.0,103,103,-7%,15,19,16,31,31,32,41.6,37.5,28.5,46.5,35.0,35.0,4.6,39.8,5.23,39.9,33.0,5.2,39.849999999999994,5.215,31.333333333333332,16.666666666666668,38.79,41.43333333333333,41.96968085106382
11,3,Eric Gordon,0.0,HOU,DEN,-9.0,228.5,118.8,18,8.3,22.7,35.0,SG/SF,4400,1,21.0,7.0,100,106,-5%,13,16,13,30,30,29,22.3,19.3,11.8,26.8,29.3,32.5,7.4,21.5,4.89,22.1,29.0,5.0,21.8,4.945,29.666666666666668,14.0,20.4,22.0,21.310112359550562
11,4,Edmond Sumner,0.0,IND,PHO,-1.5,221.5,111.5,22,4.5,12.9,25.3,PG/SG,3000,1,0.0,0.0,104,108,3%,4,5,5,15,16,15,12.9,11.2,3.3,19.1,9.9,4.3,1.4,8.0,2.67,0.0,0.0,0.0,4.0,1.335,15.333333333333334,4.666666666666667,10.1,14.233333333333334,0.0
11,5,Danuel House Jr.,0.0,HOU,DEN,-9.0,228.5,118.8,20,6.8,18.1,33.0,SF/PF,4200,1,13.0,11.0,100,106,-2%,10,7,9,30,28,31,18.1,20.9,12.1,29.7,24.7,8.5,2.0,17.5,4.17,17.7,26.5,4.2,17.6,4.1850000000000005,29.666666666666668,8.666666666666666,19.68,19.3,15.721348314606743
11,6,Brandon Clarke,0.0,MEM,BOS,7.0,232.0,112.5,24,12.0,25.1,33.3,PF/C,4800,1,19.0,22.0,102,104,1%,6,6,8,24,23,22,25.4,24.5,17.5,31.4,23.1,14.5,3.0,23.5,4.9,23.7,22.5,4.9,23.6,4.9,23.0,6.666666666666667,24.48,23.46666666666667,23.086956521739133
11,7,Buddy Hield,0.0,SAC,DET,1.0,222.5,110.8,10,22.3,33.3,50.8,SG/SF,6800,1,27.0,15.0,101,109,-5%,15,17,18,39,37,35,33.5,35.3,25.1,45.4,28.9,31.0,4.6,35.3,5.18,34.8,34.5,5.1,35.05,5.14,37.0,16.666666666666668,34.86999999999999,35.46666666666666,32.681756756756755
12,0,Dennis Schroder,0.0,OKC,ORL,1.5,209.5,104.0,9,19.3,32.3,41.8,PG/SG,6000,1,27.0,16.0,100,104,-2%,14,15,15,32,33,31,32.3,30.2,20.9,39.4,33.0,49.3,8.2,29.3,4.88,27.8,32.0,4.6,28.55,4.74,32.0,14.666666666666666,30.270000000000003,31.13333333333333,28.55
12,1,Jerome Robinson,0.0,LAC,ATL,-3.5,234.0,118.8,20,0.0,9.4,20.8,SG,3200,0,16.0,5.0,106,111,4%,3,3,3,18,13,12,9.4,7.7,-0.3,15.6,19.4,17.3,5.4,16.5,5.16,10.3,13.0,3.2,13.4,4.18,14.333333333333334,3.0,9.16,10.066666666666668,12.153488372093022
12,2,OG Anunoby,0.0,TOR,PHI,-7.0,216.0,111.5,7,5.3,22.0,41.8,SF/PF,4200,1,15.0,13.0,101,103,-5%,5,8,9,22,28,30,21.9,24.9,13.7,36.2,21.4,9.0,2.1,19.8,4.7,20.5,26.0,4.9,20.15,4.800000000000001,26.666666666666668,7.333333333333333,23.369999999999997,23.03333333333333,19.64625
12,3,Treveon Graham,0.0,ATL,LAC,3.5,234.0,115.3,12,5.0,7.1,9.8,SF,3000,1,15.0,6.0,105,105,0%,4,3,5,11,13,20,7.0,11.3,4.4,18.3,8.0,4.8,1.6,7.5,2.5,8.0,12.5,2.7,7.75,2.6,14.666666666666666,4.0,9.75,7.3,6.605113636363637
12,4,Mike Conley,0.0,UTA,GS,-8.5,220.5,114.5,29,13.3,20.1,30.3,PG,4700,1,24.0,13.0,103,109,9%,8,10,12,19,24,29,22.6,26.1,16.4,35.9,18.5,12.8,2.7,22.0,4.68,21.2,21.0,4.5,21.6,4.59,24.0,10.0,24.52,21.233333333333334,18.900000000000002
12,5,Kyle Kuzma,0.0,LAL,NY,-12.0,222.5,117.3,14,17.8,27.9,46.3,SF/PF,4900,1,23.0,12.0,101,111,8%,14,15,12,30,31,25,27.9,21.6,11.7,31.4,27.9,23.8,4.9,21.5,4.39,22.9,25.5,4.7,22.2,4.545,28.666666666666668,13.666666666666666,22.96,30.666666666666668,19.74767441860465
12,6,Willie Cauley-Stein,0.0,GS,UTA,8.5,220.5,106.0,12,4.8,20.8,31.3,C,5000,1,14.0,17.0,101,105,1%,8,6,6,29,25,23,21.2,22.4,15.2,29.7,13.8,12.0,2.4,23.8,4.75,23.3,24.5,4.7,23.55,4.725,25.666666666666668,6.666666666666667,22.41,18.96666666666667,22.479545454545455
12,7,Jordan Poole,0.0,GS,UTA,8.5,220.5,106.0,14,20.0,24.5,30.8,SG/SF,4000,1,21.0,6.0,101,105,-3%,15,12,9,29,25,22,24.4,14.9,6.8,23.0,21.6,8.3,2.1,9.5,2.38,10.1,15.0,2.5,9.8,2.44,25.333333333333332,12.0,15.779999999999998,25.099999999999998,5.802631578947369
13,0,Gary Payton II,0.0,WAS,MIA,9.5,229.0,109.8,16,4.0,16.4,23.0,PG/SG,3700,1,15.0,13.0,100,106,-9%,8,6,6,20,19,22,16.4,19.6,8.1,31.1,14.9,10.3,2.8,17.3,4.66,13.5,16.0,3.6,15.4,4.13,20.333333333333332,6.666666666666667,18.119999999999997,14.466666666666667,12.118032786885246
13,1,Evan Fournier,0.0,ORL,OKC,-1.5,209.5,105.5,11,23.0,32.7,40.0,SG/SF,5700,1,25.0,18.0,101,106,-2%,13,15,14,32,34,32,32.6,30.0,21.9,38.1,36.0,21.3,3.7,28.3,4.96,29.6,32.5,5.2,28.950000000000003,5.08,32.666666666666664,14.0,30.310000000000002,31.900000000000002,28.802295918367353
13,2,Keita Bates-Diop,0.0,MIN,CHI,-1.0,220.0,110.5,25,0.8,14.1,30.0,SF/PF,3100,1,16.0,13.0,102,105,2%,6,6,6,15,16,19,14.1,14.7,5.6,23.8,13.4,8.0,2.6,11.5,3.71,12.1,15.0,3.9,11.8,3.8049999999999997,16.666666666666668,6.0,14.0,14.966666666666667,10.62
13,3,Dario Saric,0.0,PHO,IND,1.5,221.5,110.0,22,10.3,20.9,35.3,SF/PF,4600,1,17.0,13.0,101,105,-6%,9,7,9,29,26,26,20.9,23.7,11.8,35.5,19.8,11.3,2.5,19.5,4.24,17.5,22.5,3.8,18.5,4.02,27.0,8.333333333333334,22.08,22.166666666666668,15.416666666666668
13,4,Furkan Korkmaz,0.0,PHI,TOR,7.0,216.0,104.5,21,11.5,19.9,33.5,SG,3600,1,17.0,11.0,103,101,0%,12,10,8,23,23,21,19.9,15.2,7.5,22.9,27.3,27.0,7.5,17.3,4.79,18.0,22.5,5.0,17.65,4.895,22.333333333333332,10.0,16.630000000000003,21.633333333333336,17.78171641791045
13,5,Josh Okogie,0.0,MIN,CHI,-1.0,220.0,110.5,13,10.0,20.8,31.0,SG/SF,4100,1,16.0,11.0,102,105,-2%,10,7,6,27,25,24,20.4,18.5,10.4,26.6,19.0,14.0,3.4,20.0,4.88,18.3,25.5,4.5,19.15,4.6899999999999995,25.333333333333332,7.666666666666667,19.01,20.599999999999998,19.27598684210526
13,6,Cheick Diallo,0.0,PHO,IND,1.5,221.5,110.0,26,2.5,6.7,12.0,C,3000,1,0.0,0.0,101,105,-6%,3,2,3,6,7,9,5.6,9.0,0.0,17.9,12.9,8.8,2.9,8.3,2.75,8.9,10.0,3.0,8.600000000000001,2.875,7.333333333333333,2.6666666666666665,8.22,7.066666666666666,11.72727272727273
13,7,Nikola Jokic,0.0,DEN,HOU,9.0,228.5,109.8,17,38.0,47.8,56.5,C,9200,1,28.0,24.0,106,107,-3%,16,15,15,33,34,32,47.9,45.1,32.8,57.4,34.1,54.5,5.9,51.0,5.54,50.1,34.5,5.4,50.55,5.470000000000001,33.0,15.333333333333334,46.75,47.43333333333334,52.84772727272727
14,0,Reggie Jackson,0.0,DET,SAC,-1.0,222.5,111.8,15,13.8,28.7,44.8,PG,3000,1,0.0,0.0,100,109,-5%,6,6,6,18,18,18,14.1,14.1,13.6,14.7,19.1,36.8,12.3,16.3,5.42,18.2,19.5,6.1,17.25,5.76,18.0,6.0,14.75,29.099999999999998,18.6875
14,1,Landry Shamet,0.0,LAC,ATL,-3.5,234.0,118.8,20,5.0,19.2,27.3,SG/SF,3800,0,13.0,8.0,106,111,4%,9,9,8,33,30,28,19.1,16.6,10.1,23.1,36.1,22.0,5.8,23.3,6.12,23.1,32.5,6.1,23.200000000000003,6.109999999999999,30.333333333333332,8.666666666666666,18.42,17.166666666666668,24.85714285714286
14,2,OG Anunoby,0.0,TOR,PHI,-7.0,216.0,111.5,7,5.3,22.0,41.8,SF/PF,4200,1,15.0,13.0,101,103,-5%,5,8,9,22,28,30,21.9,24.9,13.7,36.2,21.4,9.0,2.1,19.8,4.7,20.5,26.0,4.9,20.15,4.800000000000001,26.666666666666668,7.333333333333333,23.369999999999997,23.03333333333333,19.64625
14,3,Grant Williams,0.0,BOS,MEM,-7.0,232.0,119.5,4,0.8,9.3,23.8,SF/PF,3000,1,12.0,7.0,106,109,-1%,1,3,3,9,11,15,9.3,8.9,2.3,15.6,12.0,8.8,2.9,10.5,3.5,9.9,14.0,3.3,10.2,3.4,11.666666666666666,2.3333333333333335,9.26,11.300000000000002,12.239999999999998
14,4,Lonnie Walker IV,0.0,SA,NO,3.5,236.5,116.5,8,5.8,10.4,17.3,SG/SF,3100,1,21.0,12.0,106,110,-1%,6,5,5,19,15,12,10.4,10.3,0.6,20.0,13.5,9.8,3.2,13.8,4.44,10.8,13.0,3.5,12.3,3.97,15.333333333333334,5.333333333333333,10.720000000000002,11.166666666666666,10.428260869565218
14,5,Kyle Anderson,0.0,MEM,BOS,7.0,232.0,112.5,9,2.8,9.7,15.8,SF/PF,3300,1,14.0,13.0,102,104,-1%,4,3,4,16,14,17,10.3,14.8,7.3,22.3,14.3,17.0,5.2,10.0,3.03,0.0,0.0,0.0,5.0,1.515,15.666666666666666,3.6666666666666665,11.940000000000001,9.433333333333334,0.0
14,6,Willie Cauley-Stein,0.0,GS,UTA,8.5,220.5,106.0,12,4.8,20.8,31.3,C,5000,1,14.0,17.0,101,105,1%,8,6,6,29,25,23,21.2,22.4,15.2,29.7,13.8,12.0,2.4,23.8,4.75,23.3,24.5,4.7,23.55,4.725,25.666666666666668,6.666666666666667,22.41,18.96666666666667,22.479545454545455
14,7,Chris Paul,0.0,OKC,ORL,1.5,209.5,104.0,9,20.5,38.1,50.0,PG,7300,1,23.0,21.0,100,104,-2%,17,13,13,30,32,32,38.1,36.8,27.4,46.2,29.2,36.3,5.0,36.3,4.97,35.3,33.0,4.8,35.8,4.885,31.333333333333332,14.333333333333334,36.86,36.199999999999996,37.704255319148935
16,0,Brad Wanamaker,0.0,BOS,MEM,-7.0,232.0,119.5,25,4.5,10.1,16.3,PG/SG,3400,1,17.0,12.0,106,109,4%,6,6,5,19,20,20,11.8,15.4,9.5,21.2,25.1,20.3,6.0,14.8,4.34,13.4,16.5,3.9,14.100000000000001,4.12,19.666666666666668,5.666666666666667,14.4,10.299999999999999,11.829661016949153
16,1,Damion Lee,0.0,GS,UTA,8.5,220.5,106.0,14,21.5,27.8,40.3,SG,5800,1,20.0,13.0,101,105,-11%,8,11,11,36,35,29,27.6,26.2,15.7,36.6,24.7,16.0,2.8,26.3,4.53,26.3,31.0,4.5,26.3,4.515000000000001,33.333333333333336,10.0,26.48,29.866666666666664,24.458999999999996
16,2,Bobby Portis,0.0,NY,LAL,12.0,222.5,105.3,3,5.0,18.3,33.0,PF/C,3900,1,21.0,15.0,103,103,-7%,8,8,9,17,19,22,18.3,21.6,11.3,31.9,18.6,17.0,4.4,18.5,4.74,17.6,18.0,4.5,18.05,4.62,19.333333333333332,8.333333333333334,20.23,18.766666666666666,16.805172413793105
16,3,Ben McLemore,0.0,HOU,DEN,-9.0,228.5,118.8,18,9.5,19.3,25.5,SG/SF,3500,1,16.0,11.0,100,106,-5%,6,9,8,22,26,25,19.3,18.2,8.7,27.7,17.6,3.8,1.1,17.3,4.93,16.2,23.5,4.6,16.75,4.765,24.333333333333332,7.666666666666667,18.130000000000003,18.099999999999998,16.1763698630137
16,4,LeBron James,0.0,LAL,NY,-12.0,222.5,117.3,4,42.8,54.1,69.0,PG/SF,10800,1,34.0,26.0,101,111,2%,19,19,20,32,33,35,54.0,55.8,45.1,66.5,36.0,45.0,4.2,55.5,5.14,56.7,34.5,5.3,56.1,5.22,33.333333333333336,19.333333333333332,55.5,55.300000000000004,58.06349999999999
16,5,Kentavious Caldwell-Pope,0.0,LAL,NY,-12.0,222.5,117.3,30,10.8,23.1,35.8,SG/SF,3900,1,15.0,12.0,101,111,-1%,11,9,8,27,28,26,23.1,18.3,11.4,25.2,26.3,22.0,5.6,18.8,4.81,18.7,25.5,4.8,18.75,4.805,27.0,9.333333333333334,19.35,23.233333333333334,17.708333333333332
16,6,Brandon Clarke,0.0,MEM,BOS,7.0,232.0,112.5,24,12.0,25.1,33.3,PF/C,4800,1,19.0,22.0,102,104,1%,6,6,8,24,23,22,25.4,24.5,17.5,31.4,23.1,14.5,3.0,23.5,4.9,23.7,22.5,4.9,23.6,4.9,23.0,6.666666666666667,24.48,23.46666666666667,23.086956521739133
16,7,Montrezl Harrell,0.0,LAC,ATL,-3.5,234.0,118.8,21,22.3,29.8,40.0,C,6800,0,25.0,23.0,106,111,6%,12,13,14,26,25,29,29.8,34.0,23.4,44.5,32.7,44.8,6.6,39.8,5.85,41.9,30.0,6.2,40.849999999999994,6.025,26.666666666666668,13.0,34.51,30.7,45.95624999999999
18,0,Coby White,0.0,CHI,MIN,1.0,220.0,109.5,18,14.3,18.9,25.5,PG/SG,4300,1,23.0,10.0,105,108,2%,7,9,11,22,23,24,18.7,21.2,12.1,30.3,24.9,18.3,4.3,20.3,4.71,20.7,23.0,4.8,20.5,4.755,23.0,9.0,20.56,19.566666666666666,20.5
18,1,Grayson Allen,0.0,MEM,BOS,7.0,232.0,112.5,21,3.5,12.2,20.0,PG/SG,3100,1,18.0,12.0,102,104,-4%,5,5,6,14,17,17,12.6,13.2,6.4,20.0,18.0,19.5,6.3,10.0,3.23,9.2,13.0,3.0,9.6,3.115,16.0,5.333333333333333,12.36,11.9,7.8
18,2,Gordon Hayward,0.0,BOS,MEM,-7.0,232.0,119.5,4,16.3,32.0,44.8,SF/PF,5800,1,21.0,18.0,106,109,6%,16,14,13,37,34,33,31.9,33.0,22.1,43.8,28.1,23.3,4.0,36.8,6.34,35.9,33.5,6.2,36.349999999999994,6.27,34.666666666666664,14.333333333333334,33.43,31.03333333333333,35.12668269230769
18,3,Georges Niang,0.0,UTA,GS,-8.5,220.5,114.5,18,4.5,10.7,22.0,SF/PF,3800,1,16.0,13.0,103,109,2%,8,6,5,18,17,14,10.7,10.5,3.3,17.7,21.5,21.0,5.5,12.3,3.22,11.3,16.0,3.0,11.8,3.1100000000000003,16.333333333333332,6.333333333333333,10.8,12.4,11.55918367346939
18,4,Mikal Bridges,0.0,PHO,IND,1.5,221.5,110.0,12,6.5,22.5,40.8,SG/SF,4600,1,12.0,13.0,101,105,-16%,9,7,5,36,33,24,22.9,17.6,8.2,27.0,33.3,21.0,4.6,21.8,4.73,21.7,32.0,4.7,21.75,4.715,31.0,7.0,19.490000000000002,23.266666666666666,22.451612903225808
18,5,Torrey Craig,0.0,DEN,HOU,9.0,228.5,109.8,16,6.0,12.2,19.0,SG/SF,3500,1,12.0,7.0,106,107,8%,4,4,3,21,22,14,12.2,8.7,1.6,15.9,26.9,30.8,8.8,10.5,3.0,18.0,26.5,5.1,14.25,4.05,19.0,3.6666666666666665,10.53,12.4,19.875
18,6,Johnathan Williams,0.0,WAS,MIA,9.5,229.0,109.8,29,2.0,14.0,29.5,PF/C,3000,1,0.0,0.0,100,106,1%,5,4,3,17,16,18,13.9,14.6,4.5,24.8,1.4,1.3,0.4,7.8,2.58,0.0,0.0,0.0,3.9,1.29,17.0,4.0,12.34,15.166666666666666,0.0
18,7,Evan Fournier,0.0,ORL,OKC,-1.5,209.5,105.5,11,23.0,32.7,40.0,SG/SF,5700,1,25.0,18.0,101,106,-2%,13,15,14,32,34,32,32.6,30.0,21.9,38.1,36.0,21.3,3.7,28.3,4.96,29.6,32.5,5.2,28.950000000000003,5.08,32.666666666666664,14.0,30.310000000000002,31.900000000000002,28.802295918367353
19,0,Russell Westbrook,0.0,HOU,DEN,-9.0,228.5,118.8,7,41.0,59.1,69.3,PG,9800,1,34.0,20.0,100,106,-6%,24,24,22,39,37,36,59.6,50.8,39.3,62.3,34.3,69.0,7.0,49.0,5.0,53.0,37.5,5.4,51.0,5.2,37.333333333333336,23.333333333333332,52.6,56.46666666666666,51.22767857142856
19,1,Jarrett Culver,0.0,MIN,CHI,-1.0,220.0,110.5,3,12.0,25.5,40.0,PG/SG,5000,1,20.0,10.0,102,105,-14%,12,13,10,29,31,25,25.5,20.6,10.2,31.0,25.0,8.8,1.8,24.5,4.9,25.1,29.5,5.0,24.8,4.95,28.333333333333332,11.666666666666666,22.419999999999998,25.833333333333332,25.821176470588238
19,2,Davis Bertans,0.0,WAS,MIA,9.5,229.0,109.8,29,14.8,23.2,28.5,PF,5000,1,18.0,16.0,100,106,-3%,9,11,11,25,25,29,23.1,27.5,18.1,36.9,31.9,36.8,7.4,24.0,4.8,24.1,26.5,4.8,24.05,4.8,26.333333333333332,10.333333333333334,25.93,22.166666666666668,24.20221518987342
19,3,Draymond Green,0.0,GS,UTA,8.5,220.5,106.0,12,16.3,27.4,34.0,PG/SF,5700,1,18.0,12.0,101,105,-5%,7,7,8,32,30,29,27.4,29.1,18.1,40.1,25.2,15.5,2.7,27.5,4.82,29.1,30.0,5.1,28.3,4.96,30.333333333333332,7.333333333333333,28.6,25.900000000000002,27.98901098901099
19,4,Lonzo Ball,0.0,NO,SA,-3.5,236.5,120.0,11,31.3,43.1,55.0,PG,6800,1,22.0,13.0,103,110,7%,13,14,12,37,39,31,42.8,31.9,19.4,44.5,39.0,49.5,7.3,35.3,5.18,35.0,32.5,5.1,35.15,5.14,35.666666666666664,13.0,34.75,43.13333333333333,32.029205607476634
19,5,OG Anunoby,0.0,TOR,PHI,-7.0,216.0,111.5,7,5.3,22.0,41.8,SF/PF,4200,1,15.0,13.0,101,103,-5%,5,8,9,22,28,30,21.9,24.9,13.7,36.2,21.4,9.0,2.1,19.8,4.7,20.5,26.0,4.9,20.15,4.800000000000001,26.666666666666668,7.333333333333333,23.369999999999997,23.03333333333333,19.64625
19,6,Al Horford,0.0,PHI,TOR,7.0,216.0,104.5,2,18.3,31.9,39.5,PF/C,6800,1,19.0,16.0,103,101,3%,12,13,12,29,32,31,32.3,30.9,22.0,39.7,36.3,34.5,5.1,33.0,4.85,33.3,32.0,4.9,33.15,4.875,30.666666666666668,12.333333333333334,31.610000000000003,29.900000000000002,34.59130434782608
19,7,Terance Mann,0.0,LAC,ATL,-3.5,234.0,118.8,26,0.8,4.7,9.3,PG,3000,0,0.0,0.0,106,111,0%,1,1,2,2,3,8,0.7,5.3,-2.1,12.6,15.4,7.5,2.5,12.0,4.0,11.1,14.5,3.7,11.55,3.85,4.333333333333333,1.3333333333333333,5.61,4.933333333333334,38.64807692307693
20,0,Monte Morris,0.0,DEN,HOU,9.0,228.5,109.8,28,13.3,18.9,27.0,PG,4800,1,20.0,15.0,106,107,2%,10,8,7,32,27,19,18.9,16.4,8.3,24.5,28.9,24.5,5.1,26.3,5.47,27.0,31.0,5.6,26.65,5.535,26.0,8.333333333333334,18.95,19.733333333333334,31.775
20,1,Kent Bazemore,0.0,SAC,DET,1.0,222.5,110.8,10,8.3,21.0,32.3,SG/SF,4000,1,16.0,8.0,101,109,-5%,11,8,8,32,30,27,21.0,18.9,11.5,26.3,16.1,12.8,3.2,12.8,3.19,10.8,15.5,2.7,11.8,2.9450000000000003,29.666666666666668,9.0,17.9,20.53333333333333,6.165168539325842
20,2,Pascal Siakam,0.0,TOR,PHI,-7.0,216.0,111.5,21,23.0,29.6,37.0,PF/C,6900,1,28.0,19.0,101,103,-9%,14,18,20,30,32,36,37.9,43.5,32.8,54.1,34.2,44.3,6.4,32.5,4.71,35.9,32.5,5.2,34.2,4.955,32.666666666666664,17.333333333333332,40.5,29.866666666666664,34.025510204081634
20,3,Cam Reddish,0.0,ATL,LAC,3.5,234.0,115.3,27,6.5,24.8,44.8,SG/SF,4500,1,18.0,7.0,105,105,-5%,12,11,9,32,31,27,24.8,18.9,10.0,27.8,27.2,20.5,4.6,21.8,4.83,23.8,30.5,5.3,22.8,5.0649999999999995,30.0,10.666666666666666,20.86,25.366666666666664,23.18
20,4,Grayson Allen,0.0,MEM,BOS,7.0,232.0,112.5,21,3.5,12.2,20.0,PG/SG,3100,1,18.0,12.0,102,104,-4%,5,5,6,14,17,17,12.6,13.2,6.4,20.0,18.0,19.5,6.3,10.0,3.23,9.2,13.0,3.0,9.6,3.115,16.0,5.333333333333333,12.36,11.9,7.8
20,5,Marquese Chriss,0.0,GS,UTA,8.5,220.5,106.0,14,11.0,17.5,24.5,PF/C,3900,1,19.0,18.0,101,105,-5%,6,6,5,18,16,18,17.5,19.2,10.0,28.5,17.6,22.5,5.8,13.0,3.33,11.5,11.5,2.9,12.25,3.115,17.333333333333332,5.666666666666667,17.490000000000002,17.666666666666668,8.127403846153847
20,6,Dewayne Dedmon,0.0,SAC,DET,1.0,222.5,110.8,22,5.8,13.4,26.5,C,3100,1,19.0,8.0,101,109,0%,5,5,5,13,15,14,13.4,11.8,4.8,18.8,31.1,30.0,9.7,21.3,6.85,21.6,22.0,7.0,21.450000000000003,6.925,14.0,5.0,14.05,15.233333333333334,33.70714285714286
20,7,Lou Williams,0.0,LAC,ATL,-3.5,234.0,118.8,26,23.0,35.4,52.0,PG/SG,7300,0,30.0,19.0,106,111,4%,18,16,16,32,28,30,35.4,34.6,25.0,44.2,34.5,34.5,4.7,45.8,6.27,43.5,32.0,6.0,44.65,6.135,30.0,16.666666666666668,36.769999999999996,36.800000000000004,47.626666666666665
22,0,Kris Dunn,0.0,CHI,MIN,1.0,220.0,109.5,18,6.0,20.1,30.3,PG/SF,4900,1,16.0,11.0,105,108,2%,9,7,7,32,28,25,20.1,21.2,12.7,29.7,31.6,32.3,6.6,25.0,5.1,25.1,31.0,5.1,25.05,5.1,28.333333333333332,7.666666666666667,21.75,18.8,27.40764705882353
22,1,Kentavious Caldwell-Pope,0.0,LAL,NY,-12.0,222.5,117.3,30,10.8,23.1,35.8,SG/SF,3900,1,15.0,12.0,101,111,-1%,11,9,8,27,28,26,23.1,18.3,11.4,25.2,26.3,22.0,5.6,18.8,4.81,18.7,25.5,4.8,18.75,4.805,27.0,9.333333333333334,19.35,23.233333333333334,17.708333333333332
22,2,Tobias Harris,0.0,PHI,TOR,7.0,216.0,104.5,23,26.3,35.4,56.5,SF/PF,7300,1,23.0,17.0,103,101,4%,15,16,16,34,36,35,35.4,35.9,26.7,45.2,40.7,43.0,5.9,35.0,4.79,37.2,34.5,5.1,36.1,4.945,35.0,15.666666666666666,35.86,39.4,35.58428571428571
22,3,Bogdan Bogdanovic,0.0,SAC,DET,1.0,222.5,110.8,10,17.3,20.5,23.5,SG/SF,5300,1,24.0,14.0,101,109,-5%,13,11,12,29,26,28,20.6,26.4,15.5,37.3,25.7,26.5,5.0,24.5,4.62,27.0,29.0,5.1,25.75,4.859999999999999,27.666666666666668,12.0,25.11,20.433333333333334,26.990963855421683
22,4,T.J. McConnell,0.0,IND,PHO,-1.5,221.5,111.5,22,8.3,17.9,29.5,PG,4200,1,20.0,17.0,104,108,3%,5,5,6,23,19,19,17.9,19.0,11.4,26.5,26.6,40.5,9.6,19.8,4.7,18.1,19.0,4.3,18.950000000000003,4.5,20.333333333333332,5.333333333333333,18.75,18.566666666666666,17.70737704918033
22,5,Ben McLemore,0.0,HOU,DEN,-9.0,228.5,118.8,18,9.5,19.3,25.5,SG/SF,3500,1,16.0,11.0,100,106,-5%,6,9,8,22,26,25,19.3,18.2,8.7,27.7,17.6,3.8,1.1,17.3,4.93,16.2,23.5,4.6,16.75,4.765,24.333333333333332,7.666666666666667,18.130000000000003,18.099999999999998,16.1763698630137
22,6,Bam Adebayo,0.0,MIA,WAS,-9.5,229.0,119.3,27,27.5,41.5,54.5,C,8400,1,20.0,21.0,106,113,8%,11,11,11,38,36,35,41.5,41.3,30.9,51.8,34.4,19.0,2.3,43.8,5.21,43.4,35.0,5.2,43.599999999999994,5.205,36.333333333333336,11.0,41.82,41.166666666666664,41.99999999999999
22,7,Rodney McGruder,0.0,LAC,ATL,-3.5,234.0,118.8,20,4.8,9.9,14.3,SG/SF,3600,0,10.0,7.0,106,111,4%,5,3,4,27,20,17,9.8,9.8,2.8,16.7,23.9,18.0,5.0,19.5,5.42,16.5,23.5,4.6,18.0,5.01,21.333333333333332,4.0,11.419999999999998,9.666666666666666,19.828125
23,0,Donovan Mitchell,0.0,UTA,GS,-8.5,220.5,114.5,29,14.3,35.6,62.5,PG/SG,7800,1,31.0,20.0,103,109,6%,19,22,21,32,35,35,39.9,40.3,31.5,49.2,22.4,36.0,4.6,38.5,4.94,39.9,35.0,5.1,39.2,5.02,34.0,20.666666666666668,40.019999999999996,37.46666666666667,40.352941176470594
23,1,Dennis Schroder,0.0,OKC,ORL,1.5,209.5,104.0,9,19.3,32.3,41.8,PG/SG,6000,1,27.0,16.0,100,104,-2%,14,15,15,32,33,31,32.3,30.2,20.9,39.4,33.0,49.3,8.2,29.3,4.88,27.8,32.0,4.6,28.55,4.74,32.0,14.666666666666666,30.270000000000003,31.13333333333333,28.55
23,2,Marquese Chriss,0.0,GS,UTA,8.5,220.5,106.0,14,11.0,17.5,24.5,PF/C,3900,1,19.0,18.0,101,105,-5%,6,6,5,18,16,18,17.5,19.2,10.0,28.5,17.6,22.5,5.8,13.0,3.33,11.5,11.5,2.9,12.25,3.115,17.333333333333332,5.666666666666667,17.490000000000002,17.666666666666668,8.127403846153847
23,3,Evan Fournier,0.0,ORL,OKC,-1.5,209.5,105.5,11,23.0,32.7,40.0,SG/SF,5700,1,25.0,18.0,101,106,-2%,13,15,14,32,34,32,32.6,30.0,21.9,38.1,36.0,21.3,3.7,28.3,4.96,29.6,32.5,5.2,28.950000000000003,5.08,32.666666666666664,14.0,30.310000000000002,31.900000000000002,28.802295918367353
23,4,Terance Mann,0.0,LAC,ATL,-3.5,234.0,118.8,26,0.8,4.7,9.3,PG,3000,0,0.0,0.0,106,111,0%,1,1,2,2,3,8,0.7,5.3,-2.1,12.6,15.4,7.5,2.5,12.0,4.0,11.1,14.5,3.7,11.55,3.85,4.333333333333333,1.3333333333333333,5.61,4.933333333333334,38.64807692307693
23,5,Mike Scott,0.0,PHI,TOR,7.0,216.0,104.5,2,2.8,10.2,18.5,PF,3700,1,13.0,10.0,103,101,3%,3,4,5,14,16,18,13.8,12.2,5.7,18.8,15.0,12.8,3.5,11.0,2.97,9.4,13.0,2.5,10.2,2.7350000000000003,16.0,4.0,12.14,10.5,8.2875
23,6,Jonas Valanciunas,0.0,MEM,BOS,7.0,232.0,112.5,11,31.0,42.0,62.8,C,6700,1,22.0,23.0,102,104,-4%,10,12,11,27,28,26,42.0,34.1,22.1,46.1,26.1,43.8,6.5,33.8,5.04,35.2,28.0,5.3,34.5,5.17,27.0,11.0,35.76,45.26666666666667,35.77777777777777
23,7,Keita Bates-Diop,0.0,MIN,CHI,-1.0,220.0,110.5,25,0.8,14.1,30.0,SF/PF,3100,1,16.0,13.0,102,105,2%,6,6,6,15,16,19,14.1,14.7,5.6,23.8,13.4,8.0,2.6,11.5,3.71,12.1,15.0,3.9,11.8,3.8049999999999997,16.666666666666668,6.0,14.0,14.966666666666667,10.62
24,0,Derrick Rose,0.0,DET,SAC,-1.0,222.5,111.8,15,32.0,36.8,45.0,PG/SG,7000,1,32.0,22.0,100,109,-5%,19,17,15,30,31,26,36.8,32.1,24.2,40.0,30.1,47.0,6.7,34.5,4.93,39.3,31.5,5.6,36.9,5.265,29.0,17.0,34.0,37.93333333333333,40.08103448275862
24,1,Joe Ingles,0.0,UTA,GS,-8.5,220.5,114.5,2,23.8,33.7,42.8,SG/SF,5300,1,17.0,14.0,103,109,2%,5,10,9,29,32,30,33.4,26.3,16.2,36.3,25.1,25.5,4.8,26.5,5.0,29.6,32.0,5.6,28.05,5.3,30.333333333333332,8.0,28.05,33.43333333333333,29.591208791208793
24,2,JaMychal Green,0.0,LAC,ATL,-3.5,234.0,118.8,15,8.5,16.5,33.3,PF,4400,0,14.0,11.0,106,111,6%,6,5,6,21,20,22,16.5,18.9,9.8,27.9,22.1,15.0,3.4,25.0,5.68,25.2,26.0,5.7,25.1,5.6899999999999995,21.0,5.666666666666667,19.639999999999997,19.433333333333334,31.076190476190476
24,3,Kris Dunn,0.0,CHI,MIN,1.0,220.0,109.5,18,6.0,20.1,30.3,PG/SF,4900,1,16.0,11.0,105,108,2%,9,7,7,32,28,25,20.1,21.2,12.7,29.7,31.6,32.3,6.6,25.0,5.1,25.1,31.0,5.1,25.05,5.1,28.333333333333332,7.666666666666667,21.75,18.8,27.40764705882353
24,4,Terrence Ross,0.0,ORL,OKC,-1.5,209.5,105.5,11,20.0,26.4,32.3,SG/SF,5200,1,22.0,14.0,101,106,-7%,13,11,11,29,29,26,26.4,22.0,14.8,29.2,28.6,38.8,7.5,25.5,4.9,24.0,28.0,4.6,24.75,4.75,28.0,11.666666666666666,23.43,26.23333333333333,24.75
24,5,Aaron Gordon,0.0,ORL,OKC,-1.5,209.5,105.5,24,20.3,29.3,35.8,SF/PF,5900,1,21.0,14.0,101,106,-12%,10,12,12,34,33,32,29.3,30.5,22.0,39.1,34.6,31.5,5.3,31.0,5.25,30.8,34.0,5.2,30.9,5.225,33.0,11.333333333333334,30.360000000000003,28.46666666666667,31.836363636363632
24,6,Omari Spellman,0.0,GS,UTA,8.5,220.5,106.0,14,7.3,16.0,28.0,PF/C,3700,1,18.0,16.0,101,105,-5%,8,7,6,21,23,18,15.9,17.8,8.5,27.2,15.4,16.5,4.5,14.5,3.92,15.7,17.0,4.2,15.1,4.0600000000000005,20.666666666666668,7.0,16.9,17.099999999999998,12.420967741935483
24,7,Kent Bazemore,0.0,SAC,DET,1.0,222.5,110.8,10,8.3,21.0,32.3,SG/SF,4000,1,16.0,8.0,101,109,-5%,11,8,8,32,30,27,21.0,18.9,11.5,26.3,16.1,12.8,3.2,12.8,3.19,10.8,15.5,2.7,11.8,2.9450000000000003,29.666666666666668,9.0,17.9,20.53333333333333,6.165168539325842
25,0,T.J. McConnell,0.0,IND,PHO,-1.5,221.5,111.5,22,8.3,17.9,29.5,PG,4200,1,20.0,17.0,104,108,3%,5,5,6,23,19,19,17.9,19.0,11.4,26.5,26.6,40.5,9.6,19.8,4.7,18.1,19.0,4.3,18.950000000000003,4.5,20.333333333333332,5.333333333333333,18.75,18.566666666666666,17.70737704918033
25,1,Dennis Schroder,0.0,OKC,ORL,1.5,209.5,104.0,9,19.3,32.3,41.8,PG/SG,6000,1,27.0,16.0,100,104,-2%,14,15,15,32,33,31,32.3,30.2,20.9,39.4,33.0,49.3,8.2,29.3,4.88,27.8,32.0,4.6,28.55,4.74,32.0,14.666666666666666,30.270000000000003,31.13333333333333,28.55
25,2,Juancho Hernangomez,0.0,DEN,HOU,9.0,228.5,109.8,28,0.8,4.6,7.8,SF/PF,3000,1,14.0,6.0,106,107,4%,2,2,3,10,10,12,4.5,7.1,0.4,13.8,14.0,10.5,3.5,7.0,2.33,13.3,18.5,4.4,10.15,3.365,10.666666666666666,2.3333333333333335,7.1899999999999995,4.3999999999999995,17.60390625
25,3,Tony Snell,0.0,DET,SAC,-1.0,222.5,111.8,28,7.5,15.5,19.3,SG/SF,3800,1,11.0,10.0,100,109,7%,6,6,7,24,27,27,15.5,15.1,8.8,21.5,33.2,12.3,3.2,17.8,4.67,18.0,30.0,4.7,17.9,4.6850000000000005,26.0,6.333333333333333,15.760000000000002,14.1,20.653846153846153
25,4,Allen Crabbe,0.0,MIN,CHI,-1.0,220.0,110.5,13,3.5,9.2,16.5,SG/SF,3000,1,13.0,7.0,102,105,-2%,4,4,5,17,18,19,9.2,11.1,4.7,17.5,20.3,7.5,2.5,11.0,3.67,9.3,15.0,3.1,10.15,3.385,18.0,4.333333333333333,10.53,9.733333333333333,8.458333333333334
25,5,Luke Kornet,0.0,CHI,MIN,1.0,220.0,109.5,10,7.8,18.5,26.3,PF/C,4700,1,16.0,11.0,105,108,1%,7,7,4,19,24,12,18.5,9.9,1.1,18.7,17.6,26.3,5.6,20.0,4.26,18.4,21.0,3.9,19.2,4.08,18.333333333333332,6.0,13.479999999999999,17.533333333333335,21.992727272727276
25,6,Al Horford,0.0,PHI,TOR,7.0,216.0,104.5,2,18.3,31.9,39.5,PF/C,6800,1,19.0,16.0,103,101,3%,12,13,12,29,32,31,32.3,30.9,22.0,39.7,36.3,34.5,5.1,33.0,4.85,33.3,32.0,4.9,33.15,4.875,30.666666666666668,12.333333333333334,31.610000000000003,29.900000000000002,34.59130434782608
25,7,Eric Paschall,0.0,GS,UTA,8.5,220.5,106.0,16,19.8,32.4,44.8,SF/PF,6000,1,21.0,15.0,101,105,-5%,18,13,11,38,30,29,32.4,24.9,13.6,36.2,25.9,20.5,3.4,19.3,3.21,17.4,21.5,2.9,18.35,3.0549999999999997,32.333333333333336,14.0,25.089999999999996,32.333333333333336,12.201804123711339
28,0,Draymond Green,0.0,GS,UTA,8.5,220.5,106.0,12,16.3,27.4,34.0,PG/SF,5700,1,18.0,12.0,101,105,-5%,7,7,8,32,30,29,27.4,29.1,18.1,40.1,25.2,15.5,2.7,27.5,4.82,29.1,30.0,5.1,28.3,4.96,30.333333333333332,7.333333333333333,28.6,25.900000000000002,27.98901098901099
28,1,Shai Gilgeous-Alexander,0.0,OKC,ORL,1.5,209.5,104.0,9,36.0,45.5,65.0,PG/SG,7200,1,24.0,18.0,100,104,0%,14,12,16,37,37,36,45.8,35.6,25.1,46.2,37.6,46.5,6.5,33.8,4.69,34.8,36.5,4.8,34.3,4.745,36.666666666666664,14.0,37.4,48.833333333333336,34.144090909090906
28,2,Christian Wood,0.0,DET,SAC,-1.0,222.5,111.8,4,5.3,27.3,47.5,PF/C,4000,1,21.0,22.0,100,109,-9%,5,7,6,14,18,17,27.3,19.6,7.3,31.9,25.5,28.8,7.2,25.0,6.25,26.3,21.5,6.6,25.65,6.425,16.333333333333332,6.0,22.35,26.7,33.763775510204084
28,3,Reggie Bullock,0.0,NY,LAL,12.0,222.5,105.3,15,7.8,21.4,28.8,SG/SF,4200,1,0.0,0.0,103,103,-5%,12,12,10,32,29,25,21.4,18.7,12.0,25.3,21.1,8.8,2.1,20.8,4.94,22.1,30.5,5.3,21.450000000000003,5.12,28.666666666666668,11.333333333333334,19.77,19.333333333333332,22.821802325581395
28,4,Mike Conley,0.0,UTA,GS,-8.5,220.5,114.5,29,13.3,20.1,30.3,PG,4700,1,24.0,13.0,103,109,9%,8,10,12,19,24,29,22.6,26.1,16.4,35.9,18.5,12.8,2.7,22.0,4.68,21.2,21.0,4.5,21.6,4.59,24.0,10.0,24.52,21.233333333333334,18.900000000000002
28,5,Ben McLemore,0.0,HOU,DEN,-9.0,228.5,118.8,18,9.5,19.3,25.5,SG/SF,3500,1,16.0,11.0,100,106,-5%,6,9,8,22,26,25,19.3,18.2,8.7,27.7,17.6,3.8,1.1,17.3,4.93,16.2,23.5,4.6,16.75,4.765,24.333333333333332,7.666666666666667,18.130000000000003,18.099999999999998,16.1763698630137
28,6,JaVale McGee,0.0,LAL,NY,-12.0,222.5,117.3,3,20.3,26.7,31.3,C,4400,1,15.0,22.0,101,111,-3%,7,6,5,18,21,17,26.6,20.1,10.9,29.4,16.7,12.3,2.8,19.8,4.49,19.9,17.5,4.5,19.85,4.495,18.666666666666668,6.0,21.369999999999997,26.099999999999998,18.609375000000004
28,7,Furkan Korkmaz,0.0,PHI,TOR,7.0,216.0,104.5,21,11.5,19.9,33.5,SG,3600,1,17.0,11.0,103,101,0%,12,10,8,23,23,21,19.9,15.2,7.5,22.9,27.3,27.0,7.5,17.3,4.79,18.0,22.5,5.0,17.65,4.895,22.333333333333332,10.0,16.630000000000003,21.633333333333336,17.78171641791045
29,0,Derrick White,0.0,SA,NO,3.5,236.5,116.5,20,17.3,27.3,41.3,PG/SG,4800,1,18.0,15.0,106,110,6%,13,9,8,26,24,24,27.3,21.3,13.6,29.1,27.4,29.5,6.1,23.5,4.9,22.0,23.0,4.6,22.75,4.75,24.666666666666668,10.0,22.81,28.633333333333336,21.21283783783784
29,1,D'Angelo Russell,0.0,GS,UTA,8.5,220.5,106.0,12,25.8,44.7,53.5,PG/SG,8000,1,33.0,19.0,101,105,-3%,24,21,20,37,36,33,44.6,41.3,27.8,54.9,27.7,34.8,4.3,39.8,4.97,43.0,34.0,5.4,41.4,5.1850000000000005,35.333333333333336,21.666666666666668,42.00000000000001,41.333333333333336,39.8377358490566
29,2,James Ennis III,0.0,PHI,TOR,7.0,216.0,104.5,23,6.5,10.0,12.3,SF/PF,3000,1,16.0,13.0,103,101,4%,3,4,5,11,13,17,11.7,13.7,6.9,20.5,5.7,4.0,1.3,8.8,2.92,0.0,0.0,0.0,4.4,1.46,13.666666666666666,4.0,11.44,9.6,0.0
29,3,Jeremy Lamb,0.0,IND,PHO,-1.5,221.5,111.5,6,4.3,18.8,32.5,SG/SF,4600,1,20.0,14.0,104,108,2%,9,9,11,23,26,30,18.8,26.8,17.9,35.7,21.1,12.8,2.8,21.5,4.67,23.0,25.5,5.0,22.25,4.835,26.333333333333332,9.666666666666666,24.290000000000003,18.533333333333335,21.54588607594937
29,4,Kevin Huerter,0.0,ATL,LAC,3.5,234.0,115.3,27,3.5,27.7,58.3,SG,5300,1,19.0,12.0,105,105,0%,10,12,10,27,30,28,27.6,24.8,13.8,35.7,35.8,27.8,5.2,30.8,5.8,32.9,33.5,6.2,31.85,6.0,28.333333333333332,10.666666666666666,26.75,29.833333333333332,37.657941176470594
29,5,Deandre Ayton,0.0,PHO,IND,1.5,221.5,110.0,5,34.8,46.5,59.8,PF/C,8600,1,22.0,21.0,101,105,3%,18,16,15,37,34,33,46.5,42.3,34.4,50.2,30.5,24.5,2.8,42.3,4.91,44.7,36.5,5.2,43.5,5.055,34.666666666666664,16.333333333333332,43.38,47.03333333333333,45.80048076923077
29,6,Patrick Patterson,0.0,LAC,ATL,-3.5,234.0,118.8,15,0.0,5.2,17.5,PF/C,3100,0,15.0,12.0,106,111,6%,3,4,4,5,8,13,5.2,10.2,1.9,18.5,6.5,6.0,1.9,13.0,4.19,10.1,12.5,3.3,11.55,3.745,8.666666666666666,3.6666666666666665,9.469999999999999,7.566666666666666,16.658653846153847
29,7,Thomas Bryant,0.0,WAS,MIA,9.5,229.0,109.8,1,4.8,14.7,23.0,C,4500,1,19.0,18.0,100,106,-8%,6,7,10,19,21,27,15.7,28.9,17.8,40.0,16.6,20.5,4.6,24.0,5.33,21.4,22.0,4.8,22.7,5.0649999999999995,22.333333333333332,7.666666666666667,25.02,14.166666666666666,22.36119402985075
30,0,Nickeil Alexander-Walker,0.0,NO,SA,-3.5,236.5,120.0,11,6.5,14.9,22.8,PG/SG,3100,1,23.0,9.0,103,110,7%,5,7,6,13,16,14,14.9,12.8,2.8,22.7,5.2,4.8,1.5,14.8,4.76,0.0,0.0,0.0,7.4,2.38,14.333333333333334,6.0,12.120000000000001,14.733333333333334,0.0
30,1,Rayjon Tucker,0.0,UTA,GS,-8.5,220.5,114.5,2,0.0,1.7,5.0,SG/SF,3000,1,0.0,0.0,103,109,9%,2,1,1,4,5,6,1.6,2.7,0.8,4.6,7.6,6.3,2.1,11.8,3.92,0.0,0.0,0.0,5.9,1.96,5.0,1.3333333333333333,3.12,2.2333333333333334,0.0
30,2,Pascal Siakam,0.0,TOR,PHI,-7.0,216.0,111.5,21,23.0,29.6,37.0,PF/C,6900,1,28.0,19.0,101,103,-9%,14,18,20,30,32,36,37.9,43.5,32.8,54.1,34.2,44.3,6.4,32.5,4.71,35.9,32.5,5.2,34.2,4.955,32.666666666666664,17.333333333333332,40.5,29.866666666666664,34.025510204081634
30,3,Bogdan Bogdanovic,0.0,SAC,DET,1.0,222.5,110.8,10,17.3,20.5,23.5,SG/SF,5300,1,24.0,14.0,101,109,-5%,13,11,12,29,26,28,20.6,26.4,15.5,37.3,25.7,26.5,5.0,24.5,4.62,27.0,29.0,5.1,25.75,4.859999999999999,27.666666666666668,12.0,25.11,20.433333333333334,26.990963855421683
30,4,Jordan McLaughlin,0.0,MIN,CHI,-1.0,220.0,110.5,3,8.8,18.0,35.0,PG,3000,1,0.0,0.0,102,105,-14%,4,6,5,16,18,16,17.9,13.6,4.3,22.8,17.2,10.5,3.5,14.5,4.83,8.6,11.5,2.9,11.55,3.865,16.666666666666668,5.0,14.029999999999998,20.599999999999998,7.969499999999999
30,5,Treveon Graham,0.0,ATL,LAC,3.5,234.0,115.3,12,5.0,7.1,9.8,SF,3000,1,15.0,6.0,105,105,0%,4,3,5,11,13,20,7.0,11.3,4.4,18.3,8.0,4.8,1.6,7.5,2.5,8.0,12.5,2.7,7.75,2.6,14.666666666666666,4.0,9.75,7.3,6.605113636363637
30,6,Thomas Bryant,0.0,WAS,MIA,9.5,229.0,109.8,1,4.8,14.7,23.0,C,4500,1,19.0,18.0,100,106,-8%,6,7,10,19,21,27,15.7,28.9,17.8,40.0,16.6,20.5,4.6,24.0,5.33,21.4,22.0,4.8,22.7,5.0649999999999995,22.333333333333332,7.666666666666667,25.02,14.166666666666666,22.36119402985075
30,7,Bobby Portis,0.0,NY,LAL,12.0,222.5,105.3,3,5.0,18.3,33.0,PF/C,3900,1,21.0,15.0,103,103,-7%,8,8,9,17,19,22,18.3,21.6,11.3,31.9,18.6,17.0,4.4,18.5,4.74,17.6,18.0,4.5,18.05,4.62,19.333333333333332,8.333333333333334,20.23,18.766666666666666,16.805172413793105
32,0,Russell Westbrook,0.0,HOU,DEN,-9.0,228.5,118.8,7,41.0,59.1,69.3,PG,9800,1,34.0,20.0,100,106,-6%,24,24,22,39,37,36,59.6,50.8,39.3,62.3,34.3,69.0,7.0,49.0,5.0,53.0,37.5,5.4,51.0,5.2,37.333333333333336,23.333333333333332,52.6,56.46666666666666,51.22767857142856
32,1,Yogi Ferrell,0.0,SAC,DET,1.0,222.5,110.8,19,0.0,7.8,16.0,PG/SG,3000,1,19.0,13.0,101,109,3%,4,4,4,7,7,13,7.8,9.7,3.4,15.9,7.9,2.0,0.7,13.0,4.33,0.0,0.0,0.0,6.5,2.165,9.0,4.0,8.66,7.933333333333334,0.0
32,2,Trey Lyles,0.0,SA,NO,3.5,236.5,116.5,13,10.3,16.0,19.5,PF/C,4100,1,13.0,12.0,106,110,6%,5,5,5,21,20,18,15.9,15.8,8.3,23.2,15.8,10.8,2.6,16.5,4.02,16.0,18.5,3.9,16.25,3.96,19.666666666666668,5.0,15.89,15.266666666666666,15.286016949152541
32,3,De'Andre Hunter,0.0,ATL,LAC,3.5,234.0,115.3,12,4.3,21.6,34.8,SF/PF,4700,1,18.0,8.0,105,105,-1%,12,10,11,29,28,31,25.9,21.7,11.9,31.6,36.4,15.5,3.3,20.8,4.41,22.3,30.5,4.7,21.55,4.555,29.333333333333332,11.0,22.529999999999998,20.233333333333334,22.407102272727276
32,4,Jerome Robinson,0.0,LAC,ATL,-3.5,234.0,118.8,20,0.0,9.4,20.8,SG,3200,0,16.0,5.0,106,111,4%,3,3,3,18,13,12,9.4,7.7,-0.3,15.6,19.4,17.3,5.4,16.5,5.16,10.3,13.0,3.2,13.4,4.18,14.333333333333334,3.0,9.16,10.066666666666668,12.153488372093022
32,5,P.J. Tucker,0.0,HOU,DEN,-9.0,228.5,118.8,19,1.3,11.0,17.5,PF/C,4100,1,9.0,9.0,100,106,-8%,6,4,6,38,35,36,13.2,22.7,12.8,32.6,31.5,28.3,6.9,18.0,4.39,19.5,33.5,4.8,18.75,4.595,36.333333333333336,5.333333333333333,20.009999999999998,9.933333333333334,17.287844036697248
32,6,Domantas Sabonis,0.0,IND,PHO,-1.5,221.5,111.5,27,19.8,38.3,58.3,PF/C,7900,1,23.0,21.0,104,108,2%,14,14,14,34,35,34,45.3,43.6,34.7,52.5,33.7,49.3,6.2,43.0,5.44,43.4,34.5,5.5,43.2,5.470000000000001,34.333333333333336,14.0,43.86,38.8,43.40970873786407
32,7,Evan Fournier,0.0,ORL,OKC,-1.5,209.5,105.5,11,23.0,32.7,40.0,SG/SF,5700,1,25.0,18.0,101,106,-2%,13,15,14,32,34,32,32.6,30.0,21.9,38.1,36.0,21.3,3.7,28.3,4.96,29.6,32.5,5.2,28.950000000000003,5.08,32.666666666666664,14.0,30.310000000000002,31.900000000000002,28.802295918367353
33,0,Derrick Walton Jr.,0.0,LAC,ATL,-3.5,234.0,118.8,26,0.0,5.7,15.0,PG,3000,0,0.0,0.0,106,111,0%,1,2,2,5,9,10,2.6,5.0,-0.2,10.2,6.9,2.5,0.8,17.0,5.67,11.7,17.0,3.9,14.35,4.785,8.0,1.6666666666666667,6.389999999999999,6.8999999999999995,30.49375
33,1,Terence Davis,0.0,TOR,PHI,-7.0,216.0,111.5,8,1.8,20.5,37.3,PG/SG,4000,1,19.0,15.0,101,103,-9%,6,8,6,15,17,18,20.5,17.0,6.0,28.0,13.5,11.5,2.9,11.0,2.75,10.2,11.0,2.5,10.6,2.625,16.666666666666668,6.666666666666667,16.419999999999998,19.866666666666664,6.995999999999999
33,2,Keita Bates-Diop,0.0,MIN,CHI,-1.0,220.0,110.5,25,0.8,14.1,30.0,SF/PF,3100,1,16.0,13.0,102,105,2%,6,6,6,15,16,19,14.1,14.7,5.6,23.8,13.4,8.0,2.6,11.5,3.71,12.1,15.0,3.9,11.8,3.8049999999999997,16.666666666666668,6.0,14.0,14.966666666666667,10.62
33,3,Troy Brown Jr.,0.0,WAS,MIA,9.5,229.0,109.8,2,7.3,23.4,39.5,SF/PF,4700,1,17.0,14.0,100,106,-3%,10,8,9,26,27,26,23.4,23.7,12.6,34.8,20.5,20.3,4.3,22.8,4.84,22.4,25.5,4.8,22.6,4.82,26.333333333333332,9.0,23.419999999999998,23.400000000000002,21.88481012658228
33,4,D'Angelo Russell,0.0,GS,UTA,8.5,220.5,106.0,12,25.8,44.7,53.5,PG/SG,8000,1,33.0,19.0,101,105,-3%,24,21,20,37,36,33,44.6,41.3,27.8,54.9,27.7,34.8,4.3,39.8,4.97,43.0,34.0,5.4,41.4,5.1850000000000005,35.333333333333336,21.666666666666668,42.00000000000001,41.333333333333336,39.8377358490566
33,5,Draymond Green,0.0,GS,UTA,8.5,220.5,106.0,12,16.3,27.4,34.0,PG/SF,5700,1,18.0,12.0,101,105,-5%,7,7,8,32,30,29,27.4,29.1,18.1,40.1,25.2,15.5,2.7,27.5,4.82,29.1,30.0,5.1,28.3,4.96,30.333333333333332,7.333333333333333,28.6,25.900000000000002,27.98901098901099
33,6,Gorgui Dieng,0.0,MIN,CHI,-1.0,220.0,110.5,8,15.5,21.9,35.8,C,3900,1,18.0,19.0,102,105,10%,6,8,7,16,19,18,21.9,21.4,8.1,34.8,16.7,19.8,5.1,16.5,4.23,16.3,13.5,4.2,16.4,4.215,17.666666666666668,7.0,20.52,24.399999999999995,12.532075471698112
33,7,Zach LaVine,0.0,CHI,MIN,1.0,220.0,109.5,5,34.3,46.6,68.5,SG,9000,1,31.0,20.0,105,108,2%,25,22,20,38,36,34,46.6,40.4,28.5,52.3,33.1,34.8,3.9,43.8,4.86,46.3,36.0,5.1,45.05,4.98,36.0,22.333333333333332,42.57000000000001,49.800000000000004,45.05
34,0,Malcolm Brogdon,0.0,IND,PHO,-1.5,221.5,111.5,22,16.5,34.4,46.3,PG,7100,1,28.0,19.0,104,108,3%,14,15,15,29,31,32,34.4,37.9,28.5,47.2,15.9,10.0,1.4,37.5,5.28,37.7,32.0,5.3,37.6,5.29,30.666666666666668,14.666666666666666,37.12,32.4,39.23478260869565
34,1,Nickeil Alexander-Walker,0.0,NO,SA,-3.5,236.5,120.0,11,6.5,14.9,22.8,PG/SG,3100,1,23.0,9.0,103,110,7%,5,7,6,13,16,14,14.9,12.8,2.8,22.7,5.2,4.8,1.5,14.8,4.76,0.0,0.0,0.0,7.4,2.38,14.333333333333334,6.0,12.120000000000001,14.733333333333334,0.0
34,2,Marquese Chriss,0.0,GS,UTA,8.5,220.5,106.0,14,11.0,17.5,24.5,PF/C,3900,1,19.0,18.0,101,105,-5%,6,6,5,18,16,18,17.5,19.2,10.0,28.5,17.6,22.5,5.8,13.0,3.33,11.5,11.5,2.9,12.25,3.115,17.333333333333332,5.666666666666667,17.490000000000002,17.666666666666668,8.127403846153847
34,3,Sekou Doumbouya,0.0,DET,SAC,-1.0,222.5,111.8,13,9.5,20.2,32.0,SF/PF,4600,1,17.0,11.0,100,109,-9%,8,9,6,26,28,19,20.2,14.1,1.3,26.8,21.4,13.3,2.9,22.0,4.78,20.9,25.5,4.5,21.45,4.640000000000001,24.333333333333332,7.666666666666667,16.77,20.566666666666666,22.478424657534248
34,4,Isaiah Thomas,0.0,WAS,MIA,9.5,229.0,109.8,16,6.0,11.6,17.5,PG,3400,1,24.0,12.0,100,106,-9%,4,7,11,17,21,24,11.6,21.1,11.8,30.4,24.5,25.5,7.5,15.3,4.49,16.1,20.0,4.7,15.700000000000001,4.595000000000001,20.666666666666668,7.333333333333333,18.12,11.700000000000001,15.193548387096774
34,5,JaMychal Green,0.0,LAC,ATL,-3.5,234.0,118.8,15,8.5,16.5,33.3,PF,4400,0,14.0,11.0,106,111,6%,6,5,6,21,20,22,16.5,18.9,9.8,27.9,22.1,15.0,3.4,25.0,5.68,25.2,26.0,5.7,25.1,5.6899999999999995,21.0,5.666666666666667,19.639999999999997,19.433333333333334,31.076190476190476
34,6,Bam Adebayo,0.0,MIA,WAS,-9.5,229.0,119.3,27,27.5,41.5,54.5,C,8400,1,20.0,21.0,106,113,8%,11,11,11,38,36,35,41.5,41.3,30.9,51.8,34.4,19.0,2.3,43.8,5.21,43.4,35.0,5.2,43.599999999999994,5.205,36.333333333333336,11.0,41.82,41.166666666666664,41.99999999999999
34,7,Daniel Theis,0.0,BOS,MEM,-7.0,232.0,119.5,2,18.0,25.4,32.5,C,4900,1,14.0,17.0,106,109,-1%,5,6,6,23,22,23,25.4,22.3,15.5,29.2,18.9,33.5,6.8,24.0,4.9,25.0,23.5,5.1,24.5,5.0,22.666666666666668,5.666666666666667,23.380000000000003,25.3,25.400735294117645
35,0,Lou Williams,0.0,LAC,ATL,-3.5,234.0,118.8,26,23.0,35.4,52.0,PG/SG,7300,0,30.0,19.0,106,111,4%,18,16,16,32,28,30,35.4,34.6,25.0,44.2,34.5,34.5,4.7,45.8,6.27,43.5,32.0,6.0,44.65,6.135,30.0,16.666666666666668,36.769999999999996,36.800000000000004,47.626666666666665
35,1,PJ Dozier,0.0,DEN,HOU,9.0,228.5,109.8,16,0.0,17.4,39.3,SG/SF,3100,1,0.0,0.0,106,107,2%,9,7,7,18,14,14,11.9,11.9,3.2,20.6,21.3,21.8,7.0,9.8,3.15,16.3,17.5,5.3,13.05,4.225,15.333333333333334,7.666666666666667,12.13,18.9,14.894021739130435
35,2,Marquese Chriss,0.0,GS,UTA,8.5,220.5,106.0,14,11.0,17.5,24.5,PF/C,3900,1,19.0,18.0,101,105,-5%,6,6,5,18,16,18,17.5,19.2,10.0,28.5,17.6,22.5,5.8,13.0,3.33,11.5,11.5,2.9,12.25,3.115,17.333333333333332,5.666666666666667,17.490000000000002,17.666666666666668,8.127403846153847
35,3,Joe Ingles,0.0,UTA,GS,-8.5,220.5,114.5,2,23.8,33.7,42.8,SG/SF,5300,1,17.0,14.0,103,109,2%,5,10,9,29,32,30,33.4,26.3,16.2,36.3,25.1,25.5,4.8,26.5,5.0,29.6,32.0,5.6,28.05,5.3,30.333333333333332,8.0,28.05,33.43333333333333,29.591208791208793
35,4,Lonzo Ball,0.0,NO,SA,-3.5,236.5,120.0,11,31.3,43.1,55.0,PG,6800,1,22.0,13.0,103,110,7%,13,14,12,37,39,31,42.8,31.9,19.4,44.5,39.0,49.5,7.3,35.3,5.18,35.0,32.5,5.1,35.15,5.14,35.666666666666664,13.0,34.75,43.13333333333333,32.029205607476634
35,5,Aaron Gordon,0.0,ORL,OKC,-1.5,209.5,105.5,24,20.3,29.3,35.8,SF/PF,5900,1,21.0,14.0,101,106,-12%,10,12,12,34,33,32,29.3,30.5,22.0,39.1,34.6,31.5,5.3,31.0,5.25,30.8,34.0,5.2,30.9,5.225,33.0,11.333333333333334,30.360000000000003,28.46666666666667,31.836363636363632
35,6,Vincent Poirier,0.0,BOS,MEM,-7.0,232.0,119.5,2,1.3,6.9,14.8,C,3000,1,0.0,0.0,106,109,4%,2,2,2,4,5,5,6.8,5.2,-0.3,10.7,10.1,5.8,1.9,6.3,2.08,0.0,0.0,0.0,3.15,1.04,4.666666666666667,2.0,5.109999999999999,7.666666666666667,0.0
35,7,Will Barton,0.0,DEN,HOU,9.0,228.5,109.8,28,18.8,33.2,53.8,PG/SF,7400,1,20.0,16.0,106,107,8%,14,14,13,34,35,34,33.2,33.8,23.9,43.7,38.4,26.8,3.6,35.5,4.8,35.7,35.0,4.8,35.6,4.8,34.333333333333336,13.666666666666666,34.04,35.266666666666666,36.291262135922324
36,0,Jeff Teague,0.0,ATL,LAC,3.5,234.0,115.3,10,3.8,16.8,31.3,PG,4000,1,24.0,16.0,105,105,-1%,8,8,10,22,22,28,21.3,27.4,16.9,38.0,24.8,18.8,4.7,32.0,8.0,31.6,30.0,7.9,31.8,7.95,24.0,8.666666666666666,27.080000000000002,17.3,39.75
36,1,Tony Snell,0.0,DET,SAC,-1.0,222.5,111.8,28,7.5,15.5,19.3,SG/SF,3800,1,11.0,10.0,100,109,7%,6,6,7,24,27,27,15.5,15.1,8.8,21.5,33.2,12.3,3.2,17.8,4.67,18.0,30.0,4.7,17.9,4.6850000000000005,26.0,6.333333333333333,15.760000000000002,14.1,20.653846153846153
36,2,Doug McDermott,0.0,IND,PHO,-1.5,221.5,111.5,6,12.8,20.8,32.5,SF/PF,3600,1,18.0,13.0,104,108,3%,11,10,8,22,20,21,20.8,16.2,8.4,23.9,25.6,19.3,5.4,14.5,4.03,14.9,20.0,4.1,14.7,4.0649999999999995,21.0,9.666666666666666,16.8,22.03333333333333,14.0
36,3,Matisse Thybulle,0.0,PHI,TOR,7.0,216.0,104.5,21,15.3,20.9,25.0,SG/SF,4600,1,12.0,10.0,103,101,-2%,6,6,4,31,31,20,20.4,13.3,4.2,22.4,27.4,20.0,4.3,21.8,4.73,21.9,30.5,4.8,21.85,4.765000000000001,27.333333333333332,5.333333333333333,16.43,20.400000000000002,24.38140243902439
36,4,Brandon Goodwin,0.0,ATL,LAC,3.5,234.0,115.3,10,1.3,9.5,20.0,PG/SG,3100,1,0.0,0.0,105,105,-1%,2,5,5,3,12,12,9.5,11.8,1.0,22.5,19.6,28.3,9.1,18.5,5.97,17.1,17.5,5.5,17.8,5.734999999999999,9.0,4.0,12.52,10.266666666666667,34.611111111111114
36,5,Domantas Sabonis,0.0,IND,PHO,-1.5,221.5,111.5,27,19.8,38.3,58.3,PF/C,7900,1,23.0,21.0,104,108,2%,14,14,14,34,35,34,45.3,43.6,34.7,52.5,33.7,49.3,6.2,43.0,5.44,43.4,34.5,5.5,43.2,5.470000000000001,34.333333333333336,14.0,43.86,38.8,43.40970873786407
36,6,Patrick Patterson,0.0,LAC,ATL,-3.5,234.0,118.8,15,0.0,5.2,17.5,PF/C,3100,0,15.0,12.0,106,111,6%,3,4,4,5,8,13,5.2,10.2,1.9,18.5,6.5,6.0,1.9,13.0,4.19,10.1,12.5,3.3,11.55,3.745,8.666666666666666,3.6666666666666665,9.469999999999999,7.566666666666666,16.658653846153847
36,7,Nikola Jokic,0.0,DEN,HOU,9.0,228.5,109.8,17,38.0,47.8,56.5,C,9200,1,28.0,24.0,106,107,-3%,16,15,15,33,34,32,47.9,45.1,32.8,57.4,34.1,54.5,5.9,51.0,5.54,50.1,34.5,5.4,50.55,5.470000000000001,33.0,15.333333333333334,46.75,47.43333333333334,52.84772727272727
37,0,Will Barton,0.0,DEN,HOU,9.0,228.5,109.8,28,18.8,33.2,53.8,PG/SF,7400,1,20.0,16.0,106,107,8%,14,14,13,34,35,34,33.2,33.8,23.9,43.7,38.4,26.8,3.6,35.5,4.8,35.7,35.0,4.8,35.6,4.8,34.333333333333336,13.666666666666666,34.04,35.266666666666666,36.291262135922324
37,1,Evan Fournier,0.0,ORL,OKC,-1.5,209.5,105.5,11,23.0,32.7,40.0,SG/SF,5700,1,25.0,18.0,101,106,-2%,13,15,14,32,34,32,32.6,30.0,21.9,38.1,36.0,21.3,3.7,28.3,4.96,29.6,32.5,5.2,28.950000000000003,5.08,32.666666666666664,14.0,30.310000000000002,31.900000000000002,28.802295918367353
37,2,Kevin Knox II,0.0,NY,LAL,12.0,222.5,105.3,15,10.0,17.0,27.3,SF/PF,3200,1,0.0,0.0,103,103,-5%,4,6,7,13,17,20,16.9,15.3,8.3,22.4,10.6,5.5,1.7,12.3,3.83,12.0,16.5,3.8,12.15,3.815,16.666666666666668,5.666666666666667,15.010000000000002,18.099999999999998,12.0285
37,3,Norman Powell,0.0,TOR,PHI,-7.0,216.0,111.5,3,26.5,35.5,46.8,SG/SF,5700,1,20.0,17.0,101,103,-5%,15,14,11,25,28,29,35.2,26.6,15.6,37.5,28.3,30.0,5.3,22.0,3.86,22.9,24.0,4.0,22.45,3.9299999999999997,27.333333333333332,13.333333333333334,27.47,36.266666666666666,19.712195121951222
37,4,Jordan McRae,0.0,WAS,MIA,9.5,229.0,109.8,16,5.8,26.3,50.5,PG/SG,4700,1,25.0,16.0,100,106,-1%,6,13,11,16,24,23,26.3,25.1,11.9,38.3,34.1,28.3,6.0,22.8,4.84,25.2,24.5,5.4,24.0,5.12,21.0,10.0,25.12,27.53333333333333,28.0
37,5,Sekou Doumbouya,0.0,DET,SAC,-1.0,222.5,111.8,13,9.5,20.2,32.0,SF/PF,4600,1,17.0,11.0,100,109,-9%,8,9,6,26,28,19,20.2,14.1,1.3,26.8,21.4,13.3,2.9,22.0,4.78,20.9,25.5,4.5,21.45,4.640000000000001,24.333333333333332,7.666666666666667,16.77,20.566666666666666,22.478424657534248
37,6,Al Horford,0.0,PHI,TOR,7.0,216.0,104.5,2,18.3,31.9,39.5,PF/C,6800,1,19.0,16.0,103,101,3%,12,13,12,29,32,31,32.3,30.9,22.0,39.7,36.3,34.5,5.1,33.0,4.85,33.3,32.0,4.9,33.15,4.875,30.666666666666668,12.333333333333334,31.610000000000003,29.900000000000002,34.59130434782608
37,7,Shabazz Napier,0.0,MIN,CHI,-1.0,220.0,110.5,3,17.0,23.7,29.8,PG,5100,1,22.0,13.0,102,105,-14%,6,7,8,28,28,23,24.1,21.8,11.3,32.3,30.8,36.3,7.1,24.5,4.8,24.3,28.0,4.8,24.4,4.8,26.333333333333332,7.0,22.78,23.5,25.944303797468354
39,0,Malik Beasley,0.0,DEN,HOU,9.0,228.5,109.8,28,5.0,16.4,42.0,PG/SG,4700,1,20.0,10.0,106,107,8%,9,8,7,19,19,17,16.4,12.7,3.7,21.7,30.5,13.5,2.9,9.0,1.91,23.4,27.5,5.0,16.2,3.455,18.333333333333332,8.0,14.14,21.133333333333333,24.3
39,1,Cam Reddish,0.0,ATL,LAC,3.5,234.0,115.3,27,6.5,24.8,44.8,SG/SF,4500,1,18.0,7.0,105,105,-5%,12,11,9,32,31,27,24.8,18.9,10.0,27.8,27.2,20.5,4.6,21.8,4.83,23.8,30.5,5.3,22.8,5.0649999999999995,30.0,10.666666666666666,20.86,25.366666666666664,23.18
39,2,Robert Covington,0.0,MIN,CHI,-1.0,220.0,110.5,25,20.5,30.3,39.0,SF/PF,5900,1,18.0,14.0,102,105,2%,15,13,10,33,32,30,30.3,28.0,19.3,36.7,31.1,20.3,3.4,28.8,4.87,31.1,31.5,5.3,29.950000000000003,5.085,31.666666666666668,12.666666666666666,28.85,29.933333333333334,29.792368421052636
39,3,Jeremy Lamb,0.0,IND,PHO,-1.5,221.5,111.5,6,4.3,18.8,32.5,SG/SF,4600,1,20.0,14.0,104,108,2%,9,9,11,23,26,30,18.8,26.8,17.9,35.7,21.1,12.8,2.8,21.5,4.67,23.0,25.5,5.0,22.25,4.835,26.333333333333332,9.666666666666666,24.290000000000003,18.533333333333335,21.54588607594937
39,4,Matisse Thybulle,0.0,PHI,TOR,7.0,216.0,104.5,21,15.3,20.9,25.0,SG/SF,4600,1,12.0,10.0,103,101,-2%,6,6,4,31,31,20,20.4,13.3,4.2,22.4,27.4,20.0,4.3,21.8,4.73,21.9,30.5,4.8,21.85,4.765000000000001,27.333333333333332,5.333333333333333,16.43,20.400000000000002,24.38140243902439
39,5,Georges Niang,0.0,UTA,GS,-8.5,220.5,114.5,18,4.5,10.7,22.0,SF/PF,3800,1,16.0,13.0,103,109,2%,8,6,5,18,17,14,10.7,10.5,3.3,17.7,21.5,21.0,5.5,12.3,3.22,11.3,16.0,3.0,11.8,3.1100000000000003,16.333333333333332,6.333333333333333,10.8,12.4,11.55918367346939
39,6,Jakob Poeltl,0.0,SA,NO,3.5,236.5,116.5,25,6.5,17.9,23.8,C,3800,1,13.0,19.0,106,110,0%,3,3,4,14,16,17,17.9,18.4,10.5,26.3,13.1,22.3,5.9,16.3,4.28,16.6,15.5,4.4,16.450000000000003,4.34,15.666666666666666,3.3333333333333335,17.91,16.066666666666666,16.275000000000006
39,7,Thon Maker,0.0,DET,SAC,-1.0,222.5,111.8,4,0.0,9.2,23.5,PF/C,3000,1,14.0,12.0,100,109,-5%,1,2,2,4,10,11,9.2,8.3,1.7,14.9,22.5,30.0,10.0,3.8,1.25,16.8,20.0,5.6,10.3,3.425,8.333333333333334,1.6666666666666667,8.88,10.9,24.72
42,0,Jordan McLaughlin,0.0,MIN,CHI,-1.0,220.0,110.5,3,8.8,18.0,35.0,PG,3000,1,0.0,0.0,102,105,-14%,4,6,5,16,18,16,17.9,13.6,4.3,22.8,17.2,10.5,3.5,14.5,4.83,8.6,11.5,2.9,11.55,3.865,16.666666666666668,5.0,14.029999999999998,20.599999999999998,7.969499999999999
42,1,Patty Mills,0.0,SA,NO,3.5,236.5,116.5,20,2.0,19.0,30.3,PG/SG,3800,1,20.0,15.0,106,110,6%,11,11,9,27,26,23,21.6,19.5,10.6,28.5,24.3,13.8,3.6,17.8,4.67,18.9,22.5,5.0,18.35,4.835,25.333333333333332,10.333333333333334,19.709999999999997,17.099999999999998,16.297697368421055
42,2,Tobias Harris,0.0,PHI,TOR,7.0,216.0,104.5,23,26.3,35.4,56.5,SF/PF,7300,1,23.0,17.0,103,101,4%,15,16,16,34,36,35,35.4,35.9,26.7,45.2,40.7,43.0,5.9,35.0,4.79,37.2,34.5,5.1,36.1,4.945,35.0,15.666666666666666,35.86,39.4,35.58428571428571
42,3,De'Andre Hunter,0.0,ATL,LAC,3.5,234.0,115.3,12,4.3,21.6,34.8,SF/PF,4700,1,18.0,8.0,105,105,-1%,12,10,11,29,28,31,25.9,21.7,11.9,31.6,36.4,15.5,3.3,20.8,4.41,22.3,30.5,4.7,21.55,4.555,29.333333333333332,11.0,22.529999999999998,20.233333333333334,22.407102272727276
42,4,Jeff Teague,0.0,ATL,LAC,3.5,234.0,115.3,10,3.8,16.8,31.3,PG,4000,1,24.0,16.0,105,105,-1%,8,8,10,22,22,28,21.3,27.4,16.9,38.0,24.8,18.8,4.7,32.0,8.0,31.6,30.0,7.9,31.8,7.95,24.0,8.666666666666666,27.080000000000002,17.3,39.75
42,5,JaMychal Green,0.0,LAC,ATL,-3.5,234.0,118.8,15,8.5,16.5,33.3,PF,4400,0,14.0,11.0,106,111,6%,6,5,6,21,20,22,16.5,18.9,9.8,27.9,22.1,15.0,3.4,25.0,5.68,25.2,26.0,5.7,25.1,5.6899999999999995,21.0,5.666666666666667,19.639999999999997,19.433333333333334,31.076190476190476
42,6,Luke Kornet,0.0,CHI,MIN,1.0,220.0,109.5,10,7.8,18.5,26.3,PF/C,4700,1,16.0,11.0,105,108,1%,7,7,4,19,24,12,18.5,9.9,1.1,18.7,17.6,26.3,5.6,20.0,4.26,18.4,21.0,3.9,19.2,4.08,18.333333333333332,6.0,13.479999999999999,17.533333333333335,21.992727272727276
42,7,Harrison Barnes,0.0,SAC,DET,1.0,222.5,110.8,3,13.3,23.8,41.0,SF/PF,5400,1,18.0,14.0,101,109,2%,10,12,12,34,36,36,23.8,27.0,17.9,36.1,34.6,20.5,3.8,24.5,4.54,24.8,34.0,4.6,24.65,4.57,35.333333333333336,11.333333333333334,25.890000000000004,26.03333333333333,23.719811320754715
43,0,Coby White,0.0,CHI,MIN,1.0,220.0,109.5,18,14.3,18.9,25.5,PG/SG,4300,1,23.0,10.0,105,108,2%,7,9,11,22,23,24,18.7,21.2,12.1,30.3,24.9,18.3,4.3,20.3,4.71,20.7,23.0,4.8,20.5,4.755,23.0,9.0,20.56,19.566666666666666,20.5
43,1,D'Angelo Russell,0.0,GS,UTA,8.5,220.5,106.0,12,25.8,44.7,53.5,PG/SG,8000,1,33.0,19.0,101,105,-3%,24,21,20,37,36,33,44.6,41.3,27.8,54.9,27.7,34.8,4.3,39.8,4.97,43.0,34.0,5.4,41.4,5.1850000000000005,35.333333333333336,21.666666666666668,42.00000000000001,41.333333333333336,39.8377358490566
43,2,Dario Saric,0.0,PHO,IND,1.5,221.5,110.0,22,10.3,20.9,35.3,SF/PF,4600,1,17.0,13.0,101,105,-6%,9,7,9,29,26,26,20.9,23.7,11.8,35.5,19.8,11.3,2.5,19.5,4.24,17.5,22.5,3.8,18.5,4.02,27.0,8.333333333333334,22.08,22.166666666666668,15.416666666666668
43,3,Rondae Hollis-Jefferson,0.0,TOR,PHI,-7.0,216.0,111.5,7,5.3,20.4,30.0,SF/PF,3900,1,18.0,17.0,101,103,-5%,5,4,7,22,18,21,20.4,20.7,12.2,29.3,13.6,5.5,1.4,19.0,4.87,15.3,16.0,3.9,17.15,4.385,20.333333333333332,5.333333333333333,19.95,18.566666666666666,13.495081967213114
43,4,Patty Mills,0.0,SA,NO,3.5,236.5,116.5,20,2.0,19.0,30.3,PG/SG,3800,1,20.0,15.0,106,110,6%,11,11,9,27,26,23,21.6,19.5,10.6,28.5,24.3,13.8,3.6,17.8,4.67,18.9,22.5,5.0,18.35,4.835,25.333333333333332,10.333333333333334,19.709999999999997,17.099999999999998,16.297697368421055
43,5,Kyle Anderson,0.0,MEM,BOS,7.0,232.0,112.5,9,2.8,9.7,15.8,SF/PF,3300,1,14.0,13.0,102,104,-1%,4,3,4,16,14,17,10.3,14.8,7.3,22.3,14.3,17.0,5.2,10.0,3.03,0.0,0.0,0.0,5.0,1.515,15.666666666666666,3.6666666666666665,11.940000000000001,9.433333333333334,0.0
43,6,Jaxson Hayes,0.0,NO,SA,-3.5,236.5,120.0,14,14.5,21.0,27.8,C,4000,1,15.0,19.0,103,110,0%,3,5,5,17,18,21,21.0,20.0,11.6,28.4,15.6,15.8,4.0,14.3,3.56,13.6,14.5,3.4,13.95,3.48,18.666666666666668,4.333333333333333,18.990000000000002,21.099999999999998,10.836160714285713
43,7,Bojan Bogdanovic,0.0,UTA,GS,-8.5,220.5,114.5,18,19.0,30.9,38.5,SF/PF,6000,1,25.0,16.0,103,109,2%,13,16,16,32,34,34,30.9,31.1,22.0,40.2,28.9,31.5,5.3,29.3,4.88,31.0,33.0,5.2,30.15,5.04,33.333333333333336,15.0,30.869999999999997,29.46666666666667,29.848499999999994
45,0,Yogi Ferrell,0.0,SAC,DET,1.0,222.5,110.8,19,0.0,7.8,16.0,PG/SG,3000,1,19.0,13.0,101,109,3%,4,4,4,7,7,13,7.8,9.7,3.4,15.9,7.9,2.0,0.7,13.0,4.33,0.0,0.0,0.0,6.5,2.165,9.0,4.0,8.66,7.933333333333334,0.0
45,1,Rodney McGruder,0.0,LAC,ATL,-3.5,234.0,118.8,20,4.8,9.9,14.3,SG/SF,3600,0,10.0,7.0,106,111,4%,5,3,4,27,20,17,9.8,9.8,2.8,16.7,23.9,18.0,5.0,19.5,5.42,16.5,23.5,4.6,18.0,5.01,21.333333333333332,4.0,11.419999999999998,9.666666666666666,19.828125
45,2,LaMarcus Aldridge,0.0,SA,NO,3.5,236.5,116.5,13,20.3,31.0,37.8,PF/C,6800,1,23.0,21.0,106,110,6%,15,14,15,34,33,34,30.9,38.0,27.9,48.1,35.0,59.0,8.7,38.0,5.59,37.8,33.0,5.6,37.9,5.595,33.666666666666664,14.666666666666666,36.56,29.7,37.14950495049505
45,3,Danilo Gallinari,0.0,OKC,ORL,1.5,209.5,104.0,10,32.5,39.1,45.0,SF/PF,6900,1,24.0,20.0,100,104,-6%,17,16,14,34,33,31,39.0,32.7,25.1,40.3,31.7,23.5,3.4,32.3,4.67,33.4,32.0,4.8,32.849999999999994,4.734999999999999,32.666666666666664,15.666666666666666,33.989999999999995,38.86666666666667,32.17959183673469
45,4,Nickeil Alexander-Walker,0.0,NO,SA,-3.5,236.5,120.0,11,6.5,14.9,22.8,PG/SG,3100,1,23.0,9.0,103,110,7%,5,7,6,13,16,14,14.9,12.8,2.8,22.7,5.2,4.8,1.5,14.8,4.76,0.0,0.0,0.0,7.4,2.38,14.333333333333334,6.0,12.120000000000001,14.733333333333334,0.0
45,5,Kentavious Caldwell-Pope,0.0,LAL,NY,-12.0,222.5,117.3,30,10.8,23.1,35.8,SG/SF,3900,1,15.0,12.0,101,111,-1%,11,9,8,27,28,26,23.1,18.3,11.4,25.2,26.3,22.0,5.6,18.8,4.81,18.7,25.5,4.8,18.75,4.805,27.0,9.333333333333334,19.35,23.233333333333334,17.708333333333332
45,6,Thon Maker,0.0,DET,SAC,-1.0,222.5,111.8,4,0.0,9.2,23.5,PF/C,3000,1,14.0,12.0,100,109,-5%,1,2,2,4,10,11,9.2,8.3,1.7,14.9,22.5,30.0,10.0,3.8,1.25,16.8,20.0,5.6,10.3,3.425,8.333333333333334,1.6666666666666667,8.88,10.9,24.72
45,7,Langston Galloway,0.0,DET,SAC,-1.0,222.5,111.8,15,2.5,15.2,26.8,PG/SG,3700,1,16.0,13.0,100,109,7%,10,7,8,27,25,26,17.6,18.0,10.7,25.2,29.4,23.8,6.4,17.5,4.73,18.9,25.5,5.1,18.2,4.915,26.0,8.333333333333334,17.94,14.833333333333334,17.849999999999998
46,0,Monte Morris,0.0,DEN,HOU,9.0,228.5,109.8,28,13.3,18.9,27.0,PG,4800,1,20.0,15.0,106,107,2%,10,8,7,32,27,19,18.9,16.4,8.3,24.5,28.9,24.5,5.1,26.3,5.47,27.0,31.0,5.6,26.65,5.535,26.0,8.333333333333334,18.95,19.733333333333334,31.775
46,1,Matisse Thybulle,0.0,PHI,TOR,7.0,216.0,104.5,21,15.3,20.9,25.0,SG/SF,4600,1,12.0,10.0,103,101,-2%,6,6,4,31,31,20,20.4,13.3,4.2,22.4,27.4,20.0,4.3,21.8,4.73,21.9,30.5,4.8,21.85,4.765000000000001,27.333333333333332,5.333333333333333,16.43,20.400000000000002,24.38140243902439
46,2,Davis Bertans,0.0,WAS,MIA,9.5,229.0,109.8,29,14.8,23.2,28.5,PF,5000,1,18.0,16.0,100,106,-3%,9,11,11,25,25,29,23.1,27.5,18.1,36.9,31.9,36.8,7.4,24.0,4.8,24.1,26.5,4.8,24.05,4.8,26.333333333333332,10.333333333333334,25.93,22.166666666666668,24.20221518987342
46,3,Dario Saric,0.0,PHO,IND,1.5,221.5,110.0,22,10.3,20.9,35.3,SF/PF,4600,1,17.0,13.0,101,105,-6%,9,7,9,29,26,26,20.9,23.7,11.8,35.5,19.8,11.3,2.5,19.5,4.24,17.5,22.5,3.8,18.5,4.02,27.0,8.333333333333334,22.08,22.166666666666668,15.416666666666668
46,4,Ja Morant,0.0,MEM,BOS,7.0,232.0,112.5,21,34.8,43.2,56.3,PG,7600,1,28.0,19.0,102,104,-9%,14,14,14,34,34,30,43.1,34.9,24.7,45.0,24.0,9.8,1.3,35.3,4.64,36.7,33.0,4.8,36.0,4.72,32.666666666666664,14.0,36.739999999999995,44.76666666666667,36.36734693877551
46,5,E'Twaun Moore,0.0,NO,SA,-3.5,236.5,120.0,22,14.5,20.1,28.8,SG/SF,3800,1,21.0,13.0,103,110,1%,9,12,10,20,26,22,20.4,19.3,11.1,27.6,13.9,7.0,1.8,18.5,4.87,16.7,19.5,4.4,17.6,4.635,22.666666666666668,10.333333333333334,19.2,21.133333333333336,15.141176470588235
46,6,Khem Birch,0.0,ORL,OKC,-1.5,209.5,105.5,6,1.3,6.7,12.8,PF/C,3100,1,9.0,10.0,101,106,-1%,3,2,3,16,18,23,6.7,14.6,6.1,23.2,12.7,10.3,3.3,13.0,4.19,10.1,14.0,3.3,11.55,3.745,19.0,2.6666666666666665,12.430000000000001,6.933333333333334,8.510526315789473
46,7,Bruno Fernando,0.0,ATL,LAC,3.5,234.0,115.3,23,8.0,13.3,19.5,C,3000,1,16.0,11.0,105,105,-5%,6,5,3,17,15,12,13.3,10.1,3.7,16.5,18.8,25.8,8.6,12.0,4.0,16.5,17.0,5.5,14.25,4.75,14.666666666666666,4.666666666666667,11.57,13.6,16.517045454545457
47,0,Jordan McLaughlin,0.0,MIN,CHI,-1.0,220.0,110.5,3,8.8,18.0,35.0,PG,3000,1,0.0,0.0,102,105,-14%,4,6,5,16,18,16,17.9,13.6,4.3,22.8,17.2,10.5,3.5,14.5,4.83,8.6,11.5,2.9,11.55,3.865,16.666666666666668,5.0,14.029999999999998,20.599999999999998,7.969499999999999
47,1,Andrew Wiggins,0.0,MIN,CHI,-1.0,220.0,110.5,13,19.3,29.9,51.0,SG/SF,6700,1,28.0,17.0,102,105,2%,16,15,19,35,33,35,30.2,37.8,27.9,47.7,35.1,46.3,6.9,31.5,4.7,34.3,34.0,5.1,32.9,4.9,34.333333333333336,16.666666666666668,35.3,33.4,32.58058252427184
47,2,JaMychal Green,0.0,LAC,ATL,-3.5,234.0,118.8,15,8.5,16.5,33.3,PF,4400,0,14.0,11.0,106,111,6%,6,5,6,21,20,22,16.5,18.9,9.8,27.9,22.1,15.0,3.4,25.0,5.68,25.2,26.0,5.7,25.1,5.6899999999999995,21.0,5.666666666666667,19.639999999999997,19.433333333333334,31.076190476190476
47,3,Eric Gordon,0.0,HOU,DEN,-9.0,228.5,118.8,18,8.3,22.7,35.0,SG/SF,4400,1,21.0,7.0,100,106,-5%,13,16,13,30,30,29,22.3,19.3,11.8,26.8,29.3,32.5,7.4,21.5,4.89,22.1,29.0,5.0,21.8,4.945,29.666666666666668,14.0,20.4,22.0,21.310112359550562
47,4,Yogi Ferrell,0.0,SAC,DET,1.0,222.5,110.8,19,0.0,7.8,16.0,PG/SG,3000,1,19.0,13.0,101,109,3%,4,4,4,7,7,13,7.8,9.7,3.4,15.9,7.9,2.0,0.7,13.0,4.33,0.0,0.0,0.0,6.5,2.165,9.0,4.0,8.66,7.933333333333334,0.0
47,5,Darius Bazley,0.0,OKC,ORL,1.5,209.5,104.0,26,3.8,14.0,28.8,PF,3300,1,14.0,7.0,100,104,-2%,7,5,4,25,20,17,14.0,11.8,4.6,18.9,16.7,8.8,2.7,12.0,3.64,11.5,16.0,3.5,11.75,3.5700000000000003,20.666666666666668,5.333333333333333,12.21,15.533333333333333,9.096774193548386
47,6,Clint Capela,0.0,HOU,DEN,-9.0,228.5,118.8,7,22.8,32.9,43.5,C,7500,1,15.0,21.0,100,106,-1%,9,9,10,29,31,34,32.9,40.2,28.9,51.5,33.9,41.8,5.6,39.0,5.2,39.5,33.0,5.3,39.25,5.25,31.333333333333332,9.333333333333334,38.55,33.06666666666667,41.337765957446805
47,7,LaMarcus Aldridge,0.0,SA,NO,3.5,236.5,116.5,13,20.3,31.0,37.8,PF/C,6800,1,23.0,21.0,106,110,6%,15,14,15,34,33,34,30.9,38.0,27.9,48.1,35.0,59.0,8.7,38.0,5.59,37.8,33.0,5.6,37.9,5.595,33.666666666666664,14.666666666666666,36.56,29.7,37.14950495049505
48,0,Jordan Clarkson,0.0,UTA,GS,-8.5,220.5,114.5,29,18.3,24.7,33.5,PG/SG,4500,1,26.0,18.0,103,109,9%,11,14,12,25,26,24,24.6,23.0,14.0,31.9,26.2,21.3,4.7,22.0,4.89,21.3,23.5,4.7,21.65,4.795,25.0,12.333333333333334,23.03,25.5,20.351
48,1,Bradley Beal,0.0,WAS,MIA,9.5,229.0,109.8,24,23.0,33.8,39.8,SG/SF,7200,1,33.0,21.0,100,106,-1%,17,23,22,30,31,36,38.6,46.2,34.6,57.8,38.3,58.8,8.2,39.0,5.42,40.1,32.0,5.6,39.55,5.51,32.333333333333336,20.666666666666668,43.35,32.199999999999996,39.14226804123711
48,2,Gordon Hayward,0.0,BOS,MEM,-7.0,232.0,119.5,4,16.3,32.0,44.8,SF/PF,5800,1,21.0,18.0,106,109,6%,16,14,13,37,34,33,31.9,33.0,22.1,43.8,28.1,23.3,4.0,36.8,6.34,35.9,33.5,6.2,36.349999999999994,6.27,34.666666666666664,14.333333333333334,33.43,31.03333333333333,35.12668269230769
48,3,Juancho Hernangomez,0.0,DEN,HOU,9.0,228.5,109.8,28,0.8,4.6,7.8,SF/PF,3000,1,14.0,6.0,106,107,4%,2,2,3,10,10,12,4.5,7.1,0.4,13.8,14.0,10.5,3.5,7.0,2.33,13.3,18.5,4.4,10.15,3.365,10.666666666666666,2.3333333333333335,7.1899999999999995,4.3999999999999995,17.60390625
48,4,Markelle Fultz,0.0,ORL,OKC,-1.5,209.5,105.5,13,23.5,33.8,54.3,PG/SG,6000,1,23.0,14.0,101,106,1%,13,15,11,33,32,28,34.1,25.8,17.8,33.7,31.8,25.8,4.3,29.0,4.83,30.5,32.5,5.1,29.75,4.965,31.0,13.0,28.23,37.199999999999996,31.18951612903226
48,5,Trey Lyles,0.0,SA,NO,3.5,236.5,116.5,13,10.3,16.0,19.5,PF/C,4100,1,13.0,12.0,106,110,6%,5,5,5,21,20,18,15.9,15.8,8.3,23.2,15.8,10.8,2.6,16.5,4.02,16.0,18.5,3.9,16.25,3.96,19.666666666666668,5.0,15.89,15.266666666666666,15.286016949152541
48,6,Nikola Jokic,0.0,DEN,HOU,9.0,228.5,109.8,17,38.0,47.8,56.5,C,9200,1,28.0,24.0,106,107,-3%,16,15,15,33,34,32,47.9,45.1,32.8,57.4,34.1,54.5,5.9,51.0,5.54,50.1,34.5,5.4,50.55,5.470000000000001,33.0,15.333333333333334,46.75,47.43333333333334,52.84772727272727
48,7,Kevin Huerter,0.0,ATL,LAC,3.5,234.0,115.3,27,3.5,27.7,58.3,SG,5300,1,19.0,12.0,105,105,0%,10,12,10,27,30,28,27.6,24.8,13.8,35.7,35.8,27.8,5.2,30.8,5.8,32.9,33.5,6.2,31.85,6.0,28.333333333333332,10.666666666666666,26.75,29.833333333333332,37.657941176470594
49,0,Jordan McLaughlin,0.0,MIN,CHI,-1.0,220.0,110.5,3,8.8,18.0,35.0,PG,3000,1,0.0,0.0,102,105,-14%,4,6,5,16,18,16,17.9,13.6,4.3,22.8,17.2,10.5,3.5,14.5,4.83,8.6,11.5,2.9,11.55,3.865,16.666666666666668,5.0,14.029999999999998,20.599999999999998,7.969499999999999
49,1,Lonnie Walker IV,0.0,SA,NO,3.5,236.5,116.5,8,5.8,10.4,17.3,SG/SF,3100,1,21.0,12.0,106,110,-1%,6,5,5,19,15,12,10.4,10.3,0.6,20.0,13.5,9.8,3.2,13.8,4.44,10.8,13.0,3.5,12.3,3.97,15.333333333333334,5.333333333333333,10.720000000000002,11.166666666666666,10.428260869565218
49,2,Moe Harkless,0.0,LAC,ATL,-3.5,234.0,118.8,11,1.3,11.3,21.3,SF/PF,3900,0,10.0,10.0,106,111,20%,4,4,4,20,21,23,13.7,15.2,8.0,22.4,27.2,11.8,3.0,17.5,4.49,18.7,23.0,4.8,18.1,4.645,21.333333333333332,4.0,15.48,11.300000000000002,19.5140625
49,3,Eric Gordon,0.0,HOU,DEN,-9.0,228.5,118.8,18,8.3,22.7,35.0,SG/SF,4400,1,21.0,7.0,100,106,-5%,13,16,13,30,30,29,22.3,19.3,11.8,26.8,29.3,32.5,7.4,21.5,4.89,22.1,29.0,5.0,21.8,4.945,29.666666666666668,14.0,20.4,22.0,21.310112359550562
49,4,Cam Reddish,0.0,ATL,LAC,3.5,234.0,115.3,27,6.5,24.8,44.8,SG/SF,4500,1,18.0,7.0,105,105,-5%,12,11,9,32,31,27,24.8,18.9,10.0,27.8,27.2,20.5,4.6,21.8,4.83,23.8,30.5,5.3,22.8,5.0649999999999995,30.0,10.666666666666666,20.86,25.366666666666664,23.18
49,5,Vince Carter,0.0,ATL,LAC,3.5,234.0,115.3,12,3.3,12.9,22.3,SF/PF,3100,1,16.0,7.0,105,105,0%,5,5,5,9,13,15,12.8,10.5,3.4,17.5,12.5,9.3,3.0,11.5,3.71,11.6,15.0,3.7,11.55,3.705,12.333333333333334,5.0,11.15,12.833333333333334,14.047297297297296
49,6,Clint Capela,0.0,HOU,DEN,-9.0,228.5,118.8,7,22.8,32.9,43.5,C,7500,1,15.0,21.0,100,106,-1%,9,9,10,29,31,34,32.9,40.2,28.9,51.5,33.9,41.8,5.6,39.0,5.2,39.5,33.0,5.3,39.25,5.25,31.333333333333332,9.333333333333334,38.55,33.06666666666667,41.337765957446805
49,7,Gordon Hayward,0.0,BOS,MEM,-7.0,232.0,119.5,4,16.3,32.0,44.8,SF/PF,5800,1,21.0,18.0,106,109,6%,16,14,13,37,34,33,31.9,33.0,22.1,43.8,28.1,23.3,4.0,36.8,6.34,35.9,33.5,6.2,36.349999999999994,6.27,34.666666666666664,14.333333333333334,33.43,31.03333333333333,35.12668269230769
