Lineup Num,,Player Name,injury_status,team,opp,spread,over_under,implied_team_score,L5_dvp_rank,L5_ppg_floor,L5_ppg_avg,L5_ppg_max,Pos,Salary,Rest,USG,PER,Opp Pace,Opp DEff,Opp DvP,L2 FGA,L5 FGA,S FGA,L2 Min,L5 Min,S Min,L5 FP,S FP,Floor FP,Ceil FP,Actual Min,Actual FP,Actual Val,FantasyFuelPPGProj,FantasyFuelValueProj,DFN_PPGProj,DFN_MinProj,DFN_ValueProj,Avg Proj,Avg Value Proj,Avg Skewed Min,Avg Skewed FGA,Avg Skewed FP,Avg L5 PPG,Proj Min Enhanced
0,0,Caris LeVert,0.0,BKN,CHA,-4.0,210.5,107.3,8,21.5,39.3,51.3,PG/SF,7000,1,28.0,12.0,99,110,2%,25,20,15,38,34,28,39.3,27.3,16.2,38.3,30.0,37.3,5.3,35.0,5.0,36.2,33.5,5.2,35.6,5.1,33.333333333333336,20.0,31.339999999999996,37.36666666666667,35.778
0,1,Austin Rivers,0.0,HOU,UTA,2.0,232.5,115.3,29,4.3,12.9,22.5,PG/SG,3100,1,15.0,10.0,101,106,-2%,6,6,8,22,23,24,12.8,16.3,8.0,24.5,16.8,10.5,3.4,14.3,4.6,9.8,15.0,3.2,12.05,3.9,23.0,6.666666666666667,14.73,13.233333333333334,7.858695652173914
0,2,Danuel House Jr.,0.0,HOU,UTA,2.0,232.5,115.3,6,17.8,23.3,30.8,SF/PF,4300,1,13.0,12.0,101,106,-8%,9,9,9,29,30,31,23.3,22.4,12.8,32.1,25.1,13.5,3.1,16.3,3.78,18.4,25.5,4.3,17.35,4.04,30.0,9.0,21.590000000000003,23.96666666666667,14.7475
0,3,Cam Reddish,0.0,ATL,DAL,1.0,235.5,117.3,28,5.5,19.6,31.0,SG/SF,4100,1,18.0,8.0,101,109,-1%,12,11,9,32,29,27,24.9,19.9,11.1,28.6,39.2,37.0,9.0,19.5,4.76,24.8,33.0,6.0,22.15,5.38,29.333333333333332,10.666666666666666,21.330000000000002,18.7,24.91875
0,4,Devonte' Graham,0.0,CHA,BKN,4.0,210.5,103.3,3,15.0,39.4,50.5,PG,7100,1,26.0,16.0,104,106,4%,14,15,15,34,35,36,39.4,37.7,27.1,48.3,26.9,15.3,2.2,35.5,5.0,35.8,35.0,5.0,35.65,5.0,35.0,14.666666666666666,37.63,34.96666666666667,35.65
0,5,Ryan Arcidiacono,0.0,CHI,PHO,3.0,222.0,109.5,16,8.8,15.6,29.0,SG/SF,3000,1,13.0,9.0,104,108,3%,6,6,4,24,23,16,15.6,9.9,3.7,16.2,33.7,24.8,8.3,18.5,6.17,18.9,28.0,6.3,18.7,6.234999999999999,21.0,5.333333333333333,12.820000000000002,17.8,24.93333333333333
0,6,Maxi Kleber,0.0,DAL,ATL,-1.0,235.5,118.3,10,9.5,19.0,34.3,PF/C,3900,0,14.0,14.0,106,112,8%,9,7,7,21,24,25,19.0,20.5,12.6,28.4,30.0,32.0,8.2,29.8,7.63,29.5,30.5,7.6,29.65,7.615,23.333333333333332,7.666666666666667,22.03,20.933333333333334,38.75678571428571
0,7,Derrick Jones Jr.,0.0,MIA,CLE,-13.0,222.0,117.5,23,8.5,13.4,18.0,SF/PF,3500,1,14.0,14.0,101,114,5%,4,4,7,19,22,26,13.4,19.5,10.7,28.3,27.0,32.5,9.3,21.5,6.14,21.9,26.0,6.3,21.7,6.22,22.333333333333332,5.0,18.720000000000002,13.299999999999999,25.262686567164177
1,0,Garrett Temple,0.0,BKN,CHA,-4.0,210.5,107.3,8,16.0,20.0,27.5,PG/SG,3500,1,17.0,10.0,99,110,2%,9,9,10,29,26,29,19.9,21.2,13.0,29.3,26.4,38.3,10.9,17.0,4.86,19.5,27.0,5.6,18.25,5.23,28.0,9.333333333333334,20.33,21.166666666666668,17.598214285714285
1,1,Kevin Huerter,0.0,ATL,DAL,1.0,235.5,117.3,28,16.8,30.4,47.8,SG/SF,5400,1,18.0,12.0,101,109,-1%,14,15,11,35,39,31,30.4,25.9,15.7,36.1,38.6,23.8,4.4,29.0,5.37,29.4,35.5,5.4,29.2,5.385,35.0,13.333333333333334,27.46,31.666666666666668,29.61714285714286
1,2,D.J. Wilson,0.0,MIL,PHI,-9.5,228.0,118.8,14,0.0,5.1,11.8,PF/C,3000,1,0.0,0.0,101,104,-8%,2,2,3,3,5,9,5.1,6.8,-0.1,13.8,4.8,6.0,2.0,6.3,2.08,0.0,0.0,0.0,3.15,1.04,5.666666666666667,2.3333333333333335,5.749999999999999,5.633333333333333,0.0
1,3,Furkan Korkmaz,0.0,PHI,MIL,9.5,228.0,109.3,24,3.3,25.8,52.0,SG/SF,3700,1,18.0,12.0,107,100,-1%,5,11,8,21,26,22,25.8,16.4,6.1,26.6,25.8,26.3,7.1,17.8,4.8,12.7,17.0,3.4,15.25,4.1,23.0,8.0,18.03,27.03333333333333,11.271739130434781
1,4,Ricky Rubio,0.0,PHO,CHI,-3.0,222.0,112.5,15,22.5,29.3,36.8,PG,6000,0,22.0,15.0,102,107,-11%,9,7,11,26,26,32,29.3,34.5,23.4,45.5,35.4,47.8,8.0,29.0,4.83,28.2,29.5,4.7,28.6,4.765000000000001,28.0,9.0,32.26,29.53333333333333,30.13214285714286
1,5,Miles Bridges,0.0,CHA,BKN,4.0,210.5,103.3,9,25.8,34.1,44.8,SF/PF,6200,1,20.0,13.0,104,106,-14%,20,17,12,34,35,31,34.1,26.4,16.6,36.1,34.0,27.8,4.5,30.3,4.88,29.0,34.0,4.7,29.65,4.79,33.333333333333336,16.333333333333332,28.57,34.9,30.242999999999995
1,6,Jonah Bolden,0.0,PHO,CHI,-3.0,222.0,112.5,25,-0.5,5.8,20.8,PF/C,3000,0,0.0,0.0,102,107,8%,4,2,2,14,8,7,5.0,4.8,-3.1,12.8,5.0,1.3,0.4,12.8,4.25,0.0,0.0,0.0,6.4,2.125,9.666666666666666,2.6666666666666665,5.18,8.700000000000001,0.0
1,7,James Harden,0.0,HOU,UTA,2.0,232.5,115.3,29,36.3,54.9,67.0,PG/SG,10900,1,37.0,29.0,101,106,-2%,18,17,24,34,35,38,55.2,61.5,47.1,75.8,37.1,62.3,5.7,56.5,5.18,57.8,37.5,5.3,57.15,5.24,35.666666666666664,19.666666666666668,59.35,52.73333333333333,60.08761682242991
2,0,Shaquille Harrison,0.0,CHI,PHO,3.0,222.0,109.5,10,9.5,13.9,20.3,PG,3500,1,0.0,0.0,104,108,3%,9,6,3,15,12,8,13.9,8.3,-0.8,17.4,18.0,19.3,5.5,16.3,4.64,19.6,21.0,5.6,17.950000000000003,5.119999999999999,11.666666666666666,6.0,11.350000000000001,14.566666666666668,32.31000000000001
2,1,Pat Connaughton,0.0,MIL,PHI,-9.5,228.0,118.8,8,4.8,11.7,21.8,SG/SF,3200,1,12.0,11.0,101,104,-4%,4,4,4,22,20,19,11.7,14.8,7.5,22.0,19.5,19.0,5.9,11.5,3.59,10.3,13.5,3.2,10.9,3.395,20.333333333333332,4.0,13.38,12.766666666666666,7.2368852459016395
2,2,Cameron Johnson,0.0,PHO,CHI,-3.0,222.0,112.5,11,6.0,16.6,23.0,SF/PF,3200,0,16.0,12.0,102,107,-11%,6,7,6,18,19,20,16.6,15.3,6.9,23.6,19.1,13.8,4.3,12.8,3.98,12.1,16.0,3.8,12.45,3.8899999999999997,19.0,6.333333333333333,14.969999999999999,15.200000000000001,10.484210526315788
2,3,Ben McLemore,0.0,HOU,UTA,2.0,232.5,115.3,15,6.0,13.2,17.8,SG/SF,3200,1,15.0,12.0,101,106,-8%,4,6,8,19,22,25,13.6,17.8,8.8,26.8,12.8,19.0,5.9,10.5,3.28,9.2,13.5,2.9,9.85,3.09,22.0,6.0,15.37,12.333333333333334,6.0443181818181815
2,4,Devin Booker,0.0,PHO,CHI,-3.0,222.0,112.5,15,21.0,40.4,50.8,PG/SG,7900,0,30.0,21.0,102,107,-2%,20,17,18,36,34,36,40.4,42.5,30.4,54.7,38.5,44.8,5.7,42.5,5.38,42.5,35.5,5.4,42.5,5.390000000000001,35.333333333333336,18.333333333333332,42.10000000000001,37.4,42.700471698113205
2,5,PJ Washington,0.0,CHA,BKN,4.0,210.5,103.3,21,18.3,23.2,34.3,PF/C,4700,1,18.0,13.0,104,106,-3%,10,10,10,31,30,31,23.2,26.0,17.1,34.8,37.2,33.8,7.2,26.0,5.53,25.2,30.0,5.4,25.6,5.465,30.666666666666668,10.0,25.339999999999996,25.266666666666666,25.043478260869566
2,6,Brook Lopez,0.0,MIL,PHI,-9.5,228.0,118.8,12,15.5,27.4,34.5,C,5000,1,16.0,14.0,101,104,-10%,9,10,9,28,28,27,27.4,25.9,16.9,34.9,24.9,25.3,5.1,24.5,4.9,25.1,27.5,5.0,24.8,4.95,27.666666666666668,9.333333333333334,25.98,25.8,24.650602409638555
2,7,Alec Burks,0.0,PHI,MIL,9.5,228.0,109.3,5,5.0,25.4,42.3,PG/SG,4000,1,24.0,16.0,107,100,-1%,14,11,13,29,27,29,29.1,29.7,18.7,40.8,21.4,18.5,4.6,20.3,5.06,18.3,20.0,4.6,19.3,4.83,28.333333333333332,12.666666666666666,27.52,24.23333333333333,13.623529411764707
3,0,Donovan Mitchell,0.0,UTA,HOU,-2.0,232.5,117.3,26,19.8,33.4,42.8,PG/SG,7400,0,31.0,19.0,106,107,5%,15,16,20,34,35,35,33.4,39.2,29.9,48.5,35.5,42.8,5.8,41.8,5.64,40.3,34.5,5.4,41.05,5.52,34.666666666666664,17.0,38.410000000000004,32.0,40.85264423076923
3,1,Dante Exum,0.0,CLE,MIA,13.0,222.0,104.5,7,5.0,10.3,16.5,PG/SG,3000,0,15.0,9.0,100,107,-8%,4,3,3,21,16,14,10.3,9.2,2.3,16.0,25.3,28.0,9.3,13.5,4.5,13.1,19.0,4.4,13.3,4.45,17.0,3.3333333333333335,10.219999999999999,10.6,14.864705882352942
3,2,D.J. Wilson,0.0,MIL,PHI,-9.5,228.0,118.8,14,0.0,5.1,11.8,PF/C,3000,1,0.0,0.0,101,104,-8%,2,2,3,3,5,9,5.1,6.8,-0.1,13.8,4.8,6.0,2.0,6.3,2.08,0.0,0.0,0.0,3.15,1.04,5.666666666666667,2.3333333333333335,5.749999999999999,5.633333333333333,0.0
3,3,Justin Jackson,0.0,DAL,ATL,-1.0,235.5,118.3,22,2.0,7.2,10.8,SF/PF,3000,0,16.0,9.0,106,112,17%,3,5,6,13,11,16,7.2,10.7,4.2,17.2,26.6,20.5,6.8,13.5,4.5,8.7,10.5,2.9,11.1,3.7,13.333333333333334,4.666666666666667,10.08,6.666666666666667,8.741249999999999
3,4,Shaquille Harrison,0.0,CHI,PHO,3.0,222.0,109.5,10,9.5,13.9,20.3,PG,3500,1,0.0,0.0,104,108,3%,9,6,3,15,12,8,13.9,8.3,-0.8,17.4,18.0,19.3,5.5,16.3,4.64,19.6,21.0,5.6,17.950000000000003,5.119999999999999,11.666666666666666,6.0,11.350000000000001,14.566666666666668,32.31000000000001
3,5,Larry Nance Jr.,0.0,CLE,MIA,13.0,222.0,104.5,3,6.0,31.7,52.0,PF/C,5700,0,15.0,17.0,100,107,0%,11,10,7,30,31,25,31.7,24.4,13.4,35.4,28.2,22.8,4.0,31.5,5.53,33.3,34.0,5.8,32.4,5.665,28.666666666666668,9.333333333333334,27.46,29.900000000000002,38.42790697674418
3,6,P.J. Tucker,0.0,HOU,UTA,2.0,232.5,115.3,9,11.5,18.3,24.8,C,4000,1,9.0,9.0,101,106,-8%,5,5,6,33,31,36,18.7,22.6,13.2,32.0,34.8,15.8,4.0,19.0,4.75,21.9,35.0,5.5,20.45,5.125,33.333333333333336,5.333333333333333,21.39,18.2,21.472499999999997
3,7,Jonah Bolden,0.0,PHO,CHI,-3.0,222.0,112.5,25,-0.5,5.8,20.8,PF/C,3000,0,0.0,0.0,102,107,8%,4,2,2,14,8,7,5.0,4.8,-3.1,12.8,5.0,1.3,0.4,12.8,4.25,0.0,0.0,0.0,6.4,2.125,9.666666666666666,2.6666666666666665,5.18,8.700000000000001,0.0
4,0,Trae Young,0.0,ATL,DAL,1.0,235.5,117.3,11,43.3,61.2,73.8,PG,10600,1,36.0,25.0,101,109,-4%,21,23,21,38,39,36,61.1,53.5,38.8,68.1,40.4,48.0,4.5,52.5,4.95,56.1,36.5,5.3,54.3,5.125,37.666666666666664,21.666666666666668,55.160000000000004,59.43333333333334,52.61814159292035
4,1,James Harden,0.0,HOU,UTA,2.0,232.5,115.3,29,36.3,54.9,67.0,PG/SG,10900,1,37.0,29.0,101,106,-2%,18,17,24,34,35,38,55.2,61.5,47.1,75.8,37.1,62.3,5.7,56.5,5.18,57.8,37.5,5.3,57.15,5.24,35.666666666666664,19.666666666666668,59.35,52.73333333333333,60.08761682242991
4,2,Danuel House Jr.,0.0,HOU,UTA,2.0,232.5,115.3,6,17.8,23.3,30.8,SF/PF,4300,1,13.0,12.0,101,106,-8%,9,9,9,29,30,31,23.3,22.4,12.8,32.1,25.1,13.5,3.1,16.3,3.78,18.4,25.5,4.3,17.35,4.04,30.0,9.0,21.590000000000003,23.96666666666667,14.7475
4,3,Mikal Bridges,0.0,PHO,CHI,-3.0,222.0,112.5,18,14.8,24.9,35.0,SG/SF,4900,0,13.0,13.0,102,107,3%,10,9,6,28,31,26,24.9,19.3,9.8,28.8,28.4,28.5,5.8,23.5,4.8,23.4,31.0,4.8,23.45,4.8,28.333333333333332,8.333333333333334,21.25,24.900000000000002,25.65705882352941
4,4,Coby White,0.0,CHI,PHO,3.0,222.0,109.5,10,17.5,26.4,39.3,PG/SG,4700,1,23.0,10.0,104,108,3%,13,13,11,32,29,25,26.4,21.1,12.2,30.1,33.9,42.8,9.1,29.5,6.28,28.5,32.0,6.1,29.0,6.1899999999999995,28.666666666666668,12.333333333333334,23.759999999999998,27.73333333333333,32.372093023255815
4,5,Derrick Jones Jr.,0.0,MIA,CLE,-13.0,222.0,117.5,23,8.5,13.4,18.0,SF/PF,3500,1,14.0,14.0,101,114,5%,4,4,7,19,22,26,13.4,19.5,10.7,28.3,27.0,32.5,9.3,21.5,6.14,21.9,26.0,6.3,21.7,6.22,22.333333333333332,5.0,18.720000000000002,13.299999999999999,25.262686567164177
4,6,D.J. Wilson,0.0,MIL,PHI,-9.5,228.0,118.8,14,0.0,5.1,11.8,PF/C,3000,1,0.0,0.0,101,104,-8%,2,2,3,3,5,9,5.1,6.8,-0.1,13.8,4.8,6.0,2.0,6.3,2.08,0.0,0.0,0.0,3.15,1.04,5.666666666666667,2.3333333333333335,5.749999999999999,5.633333333333333,0.0
4,7,Royce O'Neale,0.0,UTA,HOU,-2.0,232.5,117.3,28,11.5,18.0,30.0,SF,3400,0,9.0,9.0,106,107,9%,8,5,5,32,29,30,17.8,18.8,12.2,25.4,20.1,13.8,4.1,17.0,5.0,16.1,24.5,4.7,16.55,4.85,30.333333333333332,6.0,18.15,19.833333333333332,13.367307692307694
5,0,Delon Wright,0.0,DAL,ATL,-1.0,235.5,118.3,14,9.3,17.2,23.5,PG/SG,3800,0,17.0,17.0,106,112,-1%,4,5,6,25,21,22,17.6,20.8,12.2,29.4,29.6,24.0,6.3,26.3,6.91,26.3,25.0,6.9,26.3,6.905,22.666666666666668,5.0,21.26,16.666666666666668,29.007352941176467
5,1,Kendrick Nunn,0.0,MIA,CLE,-13.0,222.0,117.5,22,7.8,18.9,28.0,PG/SG,4500,1,24.0,13.0,101,114,7%,12,15,14,25,27,30,18.9,26.4,17.0,35.8,34.7,46.0,10.2,29.3,6.5,27.5,27.0,6.1,28.4,6.3,27.333333333333332,13.666666666666666,25.3,18.233333333333334,28.053658536585367
5,2,Tobias Harris,0.0,PHI,MIL,9.5,228.0,109.3,14,24.3,40.2,50.0,SF/PF,6800,1,23.0,16.0,107,100,-7%,20,18,16,42,37,35,40.2,36.2,26.9,45.4,30.9,18.3,2.7,35.5,5.22,35.8,35.5,5.3,35.65,5.26,38.0,18.0,36.870000000000005,38.166666666666664,33.304605263157896
5,3,Justin Jackson,0.0,DAL,ATL,-1.0,235.5,118.3,22,2.0,7.2,10.8,SF/PF,3000,0,16.0,9.0,106,112,17%,3,5,6,13,11,16,7.2,10.7,4.2,17.2,26.6,20.5,6.8,13.5,4.5,8.7,10.5,2.9,11.1,3.7,13.333333333333334,4.666666666666667,10.08,6.666666666666667,8.741249999999999
5,4,Ben Simmons,0.0,PHI,MIL,9.5,228.0,109.3,5,34.5,48.7,59.5,PG/SF,9200,1,23.0,21.0,107,100,0%,18,12,12,40,38,37,49.3,45.0,33.7,56.3,4.7,10.5,1.1,44.0,4.78,44.0,37.0,4.8,44.0,4.79,38.333333333333336,14.0,45.660000000000004,47.56666666666666,42.469565217391306
5,5,Duncan Robinson,0.0,MIA,CLE,-13.0,222.0,117.5,11,15.5,28.1,35.8,SG/SF,4500,1,15.0,12.0,101,114,7%,13,13,9,32,36,30,28.1,22.3,13.7,30.8,32.3,26.3,5.8,25.8,5.72,29.1,34.0,6.5,27.450000000000003,6.109999999999999,32.666666666666664,11.666666666666666,24.470000000000002,26.46666666666667,28.57040816326531
5,6,Joel Embiid,0.0,PHI,MIL,9.5,228.0,109.3,11,33.5,51.2,69.5,C,9400,1,32.0,25.0,107,100,1%,19,19,16,35,33,31,54.5,48.6,36.4,60.7,29.2,40.8,4.3,49.8,5.29,49.4,32.0,5.3,49.599999999999994,5.295,33.0,18.0,49.96,51.4,48.096969696969694
5,7,Ben McLemore,0.0,HOU,UTA,2.0,232.5,115.3,15,6.0,13.2,17.8,SG/SF,3200,1,15.0,12.0,101,106,-8%,4,6,8,19,22,25,13.6,17.8,8.8,26.8,12.8,19.0,5.9,10.5,3.28,9.2,13.5,2.9,9.85,3.09,22.0,6.0,15.37,12.333333333333334,6.0443181818181815
6,0,Dante Exum,0.0,CLE,MIA,13.0,222.0,104.5,7,5.0,10.3,16.5,PG/SG,3000,0,15.0,9.0,100,107,-8%,4,3,3,21,16,14,10.3,9.2,2.3,16.0,25.3,28.0,9.3,13.5,4.5,13.1,19.0,4.4,13.3,4.45,17.0,3.3333333333333335,10.219999999999999,10.6,14.864705882352942
6,1,Delon Wright,0.0,DAL,ATL,-1.0,235.5,118.3,14,9.3,17.2,23.5,PG/SG,3800,0,17.0,17.0,106,112,-1%,4,5,6,25,21,22,17.6,20.8,12.2,29.4,29.6,24.0,6.3,26.3,6.91,26.3,25.0,6.9,26.3,6.905,22.666666666666668,5.0,21.26,16.666666666666668,29.007352941176467
6,2,Giannis Antetokounmpo,0.0,MIL,PHI,-9.5,228.0,118.8,14,57.0,66.9,72.5,PF,11200,1,38.0,32.0,101,104,-8%,20,21,20,33,33,32,67.1,61.1,50.3,71.9,29.1,66.8,6.0,59.5,5.31,61.5,33.0,5.5,60.5,5.404999999999999,32.666666666666664,20.333333333333332,62.17999999999999,65.46666666666667,61.11734693877551
6,3,Cameron Johnson,0.0,PHO,CHI,-3.0,222.0,112.5,11,6.0,16.6,23.0,SF/PF,3200,0,16.0,12.0,102,107,-11%,6,7,6,18,19,20,16.6,15.3,6.9,23.6,19.1,13.8,4.3,12.8,3.98,12.1,16.0,3.8,12.45,3.8899999999999997,19.0,6.333333333333333,14.969999999999999,15.200000000000001,10.484210526315788
6,4,Furkan Korkmaz,0.0,PHI,MIL,9.5,228.0,109.3,24,3.3,25.8,52.0,SG/SF,3700,1,18.0,12.0,107,100,-1%,5,11,8,21,26,22,25.8,16.4,6.1,26.6,25.8,26.3,7.1,17.8,4.8,12.7,17.0,3.4,15.25,4.1,23.0,8.0,18.03,27.03333333333333,11.271739130434781
6,5,Cody Zeller,0.0,CHA,BKN,4.0,210.5,103.3,21,10.8,23.6,35.0,PF/C,4700,1,21.0,19.0,104,106,8%,7,8,8,24,22,23,23.6,24.3,14.5,34.2,21.5,24.8,5.3,25.8,5.48,25.9,23.0,5.5,25.85,5.49,23.0,7.666666666666667,24.490000000000002,23.133333333333336,25.85
6,6,Robin Lopez,0.0,MIL,PHI,-9.5,228.0,118.8,12,1.3,8.0,18.8,C,3000,1,16.0,12.0,101,104,-10%,7,4,5,11,12,14,8.3,11.4,4.1,18.8,18.3,16.0,5.3,8.3,2.75,9.4,12.0,3.1,8.850000000000001,2.925,12.333333333333334,5.333333333333333,10.290000000000001,9.366666666666667,8.610810810810811
6,7,Brook Lopez,0.0,MIL,PHI,-9.5,228.0,118.8,12,15.5,27.4,34.5,C,5000,1,16.0,14.0,101,104,-10%,9,10,9,28,28,27,27.4,25.9,16.9,34.9,24.9,25.3,5.1,24.5,4.9,25.1,27.5,5.0,24.8,4.95,27.666666666666668,9.333333333333334,25.98,25.8,24.650602409638555
7,0,Kendrick Nunn,0.0,MIA,CLE,-13.0,222.0,117.5,22,7.8,18.9,28.0,PG/SG,4500,1,24.0,13.0,101,114,7%,12,15,14,25,27,30,18.9,26.4,17.0,35.8,34.7,46.0,10.2,29.3,6.5,27.5,27.0,6.1,28.4,6.3,27.333333333333332,13.666666666666666,25.3,18.233333333333334,28.053658536585367
7,1,Dante Exum,0.0,CLE,MIA,13.0,222.0,104.5,7,5.0,10.3,16.5,PG/SG,3000,0,15.0,9.0,100,107,-8%,4,3,3,21,16,14,10.3,9.2,2.3,16.0,25.3,28.0,9.3,13.5,4.5,13.1,19.0,4.4,13.3,4.45,17.0,3.3333333333333335,10.219999999999999,10.6,14.864705882352942
7,2,Marvin Williams,0.0,MIL,PHI,-9.5,228.0,118.8,14,6.8,10.4,14.5,PF,3000,1,10.0,12.0,101,104,-8%,3,3,5,14,17,19,10.3,14.0,5.1,22.9,19.4,19.0,6.3,7.5,2.5,0.0,0.0,0.0,3.75,1.25,16.666666666666668,3.6666666666666665,11.21,10.566666666666666,0.0
7,3,Cody Martin,0.0,CHA,BKN,4.0,210.5,103.3,3,13.5,20.7,34.0,SG/SF,3500,1,14.0,11.0,104,106,-3%,7,6,4,31,28,16,20.7,11.8,2.9,20.6,17.1,10.0,2.9,16.5,4.71,17.5,25.5,5.0,17.0,4.855,25.0,5.666666666666667,14.6,22.733333333333334,17.34
7,4,Darius Garland,0.0,CLE,MIA,13.0,222.0,104.5,7,16.0,23.0,28.3,PG,4300,0,22.0,8.0,100,107,-8%,12,11,12,34,34,31,22.9,21.5,13.7,29.2,33.3,25.5,5.9,23.5,5.47,23.0,34.0,5.3,23.25,5.385,33.0,11.666666666666666,22.11,22.433333333333334,23.954545454545457
7,5,Taurean Prince,0.0,BKN,CHA,-4.0,210.5,107.3,27,12.8,20.2,27.5,PF,4200,1,20.0,10.0,99,110,1%,9,12,12,26,26,30,20.1,26.4,17.2,35.5,29.6,27.0,6.4,24.5,5.83,25.1,28.5,6.0,24.8,5.915,27.333333333333332,11.0,24.8,20.166666666666668,25.858536585365854
7,6,Brook Lopez,0.0,MIL,PHI,-9.5,228.0,118.8,12,15.5,27.4,34.5,C,5000,1,16.0,14.0,101,104,-10%,9,10,9,28,28,27,27.4,25.9,16.9,34.9,24.9,25.3,5.1,24.5,4.9,25.1,27.5,5.0,24.8,4.95,27.666666666666668,9.333333333333334,25.98,25.8,24.650602409638555
7,7,Wesley Matthews,0.0,MIL,PHI,-9.5,228.0,118.8,8,10.0,15.7,22.3,SG,3500,1,12.0,8.0,101,104,-4%,7,7,6,24,29,25,15.7,14.8,7.6,22.0,20.0,15.3,4.4,16.3,4.64,16.9,28.0,4.8,16.6,4.72,26.0,6.666666666666667,15.34,16.0,17.876923076923077
9,0,Jalen Brunson,0.0,DAL,ATL,-1.0,235.5,118.3,14,7.5,18.2,25.5,PG/SG,5000,0,22.0,15.0,106,112,-1%,5,7,7,17,24,18,18.1,17.1,6.3,27.8,0.2,2.0,0.4,23.8,4.75,30.4,29.5,6.1,27.1,5.425,19.666666666666668,6.333333333333333,19.28,17.066666666666666,40.65
9,1,Furkan Korkmaz,0.0,PHI,MIL,9.5,228.0,109.3,24,3.3,25.8,52.0,SG/SF,3700,1,18.0,12.0,107,100,-1%,5,11,8,21,26,22,25.8,16.4,6.1,26.6,25.8,26.3,7.1,17.8,4.8,12.7,17.0,3.4,15.25,4.1,23.0,8.0,18.03,27.03333333333333,11.271739130434781
9,2,PJ Washington,0.0,CHA,BKN,4.0,210.5,103.3,21,18.3,23.2,34.3,PF/C,4700,1,18.0,13.0,104,106,-3%,10,10,10,31,30,31,23.2,26.0,17.1,34.8,37.2,33.8,7.2,26.0,5.53,25.2,30.0,5.4,25.6,5.465,30.666666666666668,10.0,25.339999999999996,25.266666666666666,25.043478260869566
9,3,Caris LeVert,0.0,BKN,CHA,-4.0,210.5,107.3,8,21.5,39.3,51.3,PG/SF,7000,1,28.0,12.0,99,110,2%,25,20,15,38,34,28,39.3,27.3,16.2,38.3,30.0,37.3,5.3,35.0,5.0,36.2,33.5,5.2,35.6,5.1,33.333333333333336,20.0,31.339999999999996,37.36666666666667,35.778
9,4,Sterling Brown,0.0,MIL,PHI,-9.5,228.0,118.8,8,-0.5,12.6,28.5,SG/SF,3300,1,17.0,10.0,101,104,-4%,6,5,5,13,13,15,12.6,12.8,3.5,22.1,5.8,3.5,1.1,14.5,4.39,0.0,0.0,0.0,7.25,2.195,13.666666666666666,5.333333333333333,11.65,13.533333333333333,0.0
9,5,John Collins,0.0,ATL,DAL,1.0,235.5,117.3,9,31.3,42.7,60.5,PF,8400,1,22.0,23.0,101,109,-1%,11,15,15,32,37,32,42.6,40.2,30.1,50.4,37.1,67.8,8.1,42.3,5.03,43.6,34.0,5.2,42.95,5.115,33.666666666666664,13.666666666666666,41.25,44.833333333333336,43.37524752475248
9,6,Cristiano Felicio,0.0,CHI,PHO,3.0,222.0,109.5,10,7.0,14.5,22.8,C,3000,1,0.0,0.0,104,108,3%,3,3,3,23,22,19,14.4,12.6,5.5,19.6,22.6,16.5,5.5,18.5,6.17,17.7,23.5,5.9,18.1,6.035,21.333333333333332,3.0,14.040000000000001,14.766666666666666,19.938281250000003
9,7,Joe Ingles,0.0,UTA,HOU,-2.0,232.5,117.3,10,20.3,24.0,28.3,SG/SF,4800,0,17.0,13.0,106,107,9%,10,8,8,31,32,31,23.9,25.5,16.2,34.8,30.2,17.0,3.5,29.0,6.04,27.3,30.0,5.7,28.15,5.87,31.333333333333332,8.666666666666666,25.709999999999997,24.2,26.95212765957447
10,0,Malik Monk,0.0,CHA,BKN,4.0,210.5,103.3,3,25.0,31.6,40.5,PG/SG,5100,1,23.0,13.0,104,106,0%,17,14,9,31,30,22,31.6,18.9,7.7,30.0,26.9,23.5,4.6,27.5,5.39,26.5,29.0,5.2,27.0,5.295,27.666666666666668,13.333333333333334,23.04,32.36666666666667,28.301204819277107
10,1,Alec Burks,0.0,PHI,MIL,9.5,228.0,109.3,5,5.0,25.4,42.3,PG/SG,4000,1,24.0,16.0,107,100,-1%,14,11,13,29,27,29,29.1,29.7,18.7,40.8,21.4,18.5,4.6,20.3,5.06,18.3,20.0,4.6,19.3,4.83,28.333333333333332,12.666666666666666,27.52,24.23333333333333,13.623529411764707
10,2,PJ Washington,0.0,CHA,BKN,4.0,210.5,103.3,21,18.3,23.2,34.3,PF/C,4700,1,18.0,13.0,104,106,-3%,10,10,10,31,30,31,23.2,26.0,17.1,34.8,37.2,33.8,7.2,26.0,5.53,25.2,30.0,5.4,25.6,5.465,30.666666666666668,10.0,25.339999999999996,25.266666666666666,25.043478260869566
10,3,Khris Middleton,0.0,MIL,PHI,-9.5,228.0,118.8,26,32.3,44.6,57.8,SF,8100,1,26.0,22.0,101,104,-5%,18,18,15,33,33,30,44.6,37.7,27.4,48.1,30.8,38.3,4.7,38.3,4.72,40.2,32.5,5.0,39.25,4.859999999999999,32.0,17.0,39.410000000000004,44.9,39.86328125
10,4,Donte DiVincenzo,0.0,MIL,PHI,-9.5,228.0,118.8,2,11.0,19.7,35.5,PG/SG,4100,1,17.0,15.0,101,104,-4%,9,8,8,24,25,24,19.6,22.5,15.1,29.9,19.6,14.5,3.5,19.5,4.76,19.0,21.0,4.6,19.25,4.68,24.333333333333332,8.333333333333334,21.27,22.066666666666666,16.613013698630137
10,5,Vince Carter,0.0,ATL,DAL,1.0,235.5,117.3,16,2.5,10.6,30.8,SF/PF,3000,1,16.0,8.0,101,109,-1%,2,3,5,6,14,15,10.8,11.3,3.5,19.1,10.6,1.3,0.4,11.3,3.75,12.5,16.0,4.2,11.9,3.975,11.666666666666666,3.3333333333333335,11.32,14.633333333333333,16.32
10,6,Cody Zeller,0.0,CHA,BKN,4.0,210.5,103.3,21,10.8,23.6,35.0,PF/C,4700,1,21.0,19.0,104,106,8%,7,8,8,24,22,23,23.6,24.3,14.5,34.2,21.5,24.8,5.3,25.8,5.48,25.9,23.0,5.5,25.85,5.49,23.0,7.666666666666667,24.490000000000002,23.133333333333336,25.85
10,7,D.J. Wilson,0.0,MIL,PHI,-9.5,228.0,118.8,14,0.0,5.1,11.8,PF/C,3000,1,0.0,0.0,101,104,-8%,2,2,3,3,5,9,5.1,6.8,-0.1,13.8,4.8,6.0,2.0,6.3,2.08,0.0,0.0,0.0,3.15,1.04,5.666666666666667,2.3333333333333335,5.749999999999999,5.633333333333333,0.0
11,0,Jevon Carter,0.0,PHO,CHI,-3.0,222.0,112.5,15,6.5,15.1,20.3,PG/SG,3000,0,14.0,11.0,102,107,-11%,4,5,4,16,17,14,14.7,10.9,3.3,18.4,9.6,2.5,0.8,8.0,2.67,0.0,0.0,0.0,4.0,1.335,15.666666666666666,4.333333333333333,10.26,13.966666666666669,0.0
11,1,Garrett Temple,0.0,BKN,CHA,-4.0,210.5,107.3,8,16.0,20.0,27.5,PG/SG,3500,1,17.0,10.0,99,110,2%,9,9,10,29,26,29,19.9,21.2,13.0,29.3,26.4,38.3,10.9,17.0,4.86,19.5,27.0,5.6,18.25,5.23,28.0,9.333333333333334,20.33,21.166666666666668,17.598214285714285
11,2,D.J. Wilson,0.0,MIL,PHI,-9.5,228.0,118.8,14,0.0,5.1,11.8,PF/C,3000,1,0.0,0.0,101,104,-8%,2,2,3,3,5,9,5.1,6.8,-0.1,13.8,4.8,6.0,2.0,6.3,2.08,0.0,0.0,0.0,3.15,1.04,5.666666666666667,2.3333333333333335,5.749999999999999,5.633333333333333,0.0
11,3,Ryan Arcidiacono,0.0,CHI,PHO,3.0,222.0,109.5,16,8.8,15.6,29.0,SG/SF,3000,1,13.0,9.0,104,108,3%,6,6,4,24,23,16,15.6,9.9,3.7,16.2,33.7,24.8,8.3,18.5,6.17,18.9,28.0,6.3,18.7,6.234999999999999,21.0,5.333333333333333,12.820000000000002,17.8,24.93333333333333
11,4,Goran Dragic,0.0,MIA,CLE,-13.0,222.0,117.5,22,22.8,29.9,46.0,PG,5400,1,26.0,16.0,101,114,7%,11,13,13,30,30,29,29.8,29.5,20.8,38.2,25.5,30.5,5.6,34.0,6.3,34.8,30.0,6.4,34.4,6.35,29.666666666666668,12.333333333333334,30.54,32.9,34.78651685393258
11,5,Maxi Kleber,0.0,DAL,ATL,-1.0,235.5,118.3,10,9.5,19.0,34.3,PF/C,3900,0,14.0,14.0,106,112,8%,9,7,7,21,24,25,19.0,20.5,12.6,28.4,30.0,32.0,8.2,29.8,7.63,29.5,30.5,7.6,29.65,7.615,23.333333333333332,7.666666666666667,22.03,20.933333333333334,38.75678571428571
11,6,Dewayne Dedmon,0.0,ATL,DAL,1.0,235.5,117.3,7,10.0,26.3,35.5,C,4700,1,14.0,9.0,101,109,-2%,4,7,5,19,27,17,26.3,15.1,5.2,24.9,24.7,30.0,6.4,23.5,5.0,24.2,24.0,5.1,23.85,5.05,21.0,5.333333333333333,19.07,23.933333333333334,27.257142857142856
11,7,P.J. Tucker,0.0,HOU,UTA,2.0,232.5,115.3,9,11.5,18.3,24.8,C,4000,1,9.0,9.0,101,106,-8%,5,5,6,33,31,36,18.7,22.6,13.2,32.0,34.8,15.8,4.0,19.0,4.75,21.9,35.0,5.5,20.45,5.125,33.333333333333336,5.333333333333333,21.39,18.2,21.472499999999997
12,0,Coby White,0.0,CHI,PHO,3.0,222.0,109.5,10,17.5,26.4,39.3,PG/SG,4700,1,23.0,10.0,104,108,3%,13,13,11,32,29,25,26.4,21.1,12.2,30.1,33.9,42.8,9.1,29.5,6.28,28.5,32.0,6.1,29.0,6.1899999999999995,28.666666666666668,12.333333333333334,23.759999999999998,27.73333333333333,32.372093023255815
12,1,Jalen Brunson,0.0,DAL,ATL,-1.0,235.5,118.3,14,7.5,18.2,25.5,PG/SG,5000,0,22.0,15.0,106,112,-1%,5,7,7,17,24,18,18.1,17.1,6.3,27.8,0.2,2.0,0.4,23.8,4.75,30.4,29.5,6.1,27.1,5.425,19.666666666666668,6.333333333333333,19.28,17.066666666666666,40.65
12,2,Giannis Antetokounmpo,0.0,MIL,PHI,-9.5,228.0,118.8,14,57.0,66.9,72.5,PF,11200,1,38.0,32.0,101,104,-8%,20,21,20,33,33,32,67.1,61.1,50.3,71.9,29.1,66.8,6.0,59.5,5.31,61.5,33.0,5.5,60.5,5.404999999999999,32.666666666666664,20.333333333333332,62.17999999999999,65.46666666666667,61.11734693877551
12,3,Tobias Harris,0.0,PHI,MIL,9.5,228.0,109.3,14,24.3,40.2,50.0,SF/PF,6800,1,23.0,16.0,107,100,-7%,20,18,16,42,37,35,40.2,36.2,26.9,45.4,30.9,18.3,2.7,35.5,5.22,35.8,35.5,5.3,35.65,5.26,38.0,18.0,36.870000000000005,38.166666666666664,33.304605263157896
12,4,Kevin Porter Jr.,0.0,CLE,MIA,13.0,222.0,104.5,30,9.3,22.2,30.5,SG/SF,4600,0,21.0,11.0,100,107,-8%,7,9,8,23,26,22,22.1,18.2,10.6,25.8,14.2,9.0,2.0,17.5,3.8,26.0,30.0,5.7,21.75,4.75,23.666666666666668,8.0,19.689999999999998,20.666666666666668,27.570422535211268
12,5,Marvin Williams,0.0,MIL,PHI,-9.5,228.0,118.8,14,6.8,10.4,14.5,PF,3000,1,10.0,12.0,101,104,-8%,3,3,5,14,17,19,10.3,14.0,5.1,22.9,19.4,19.0,6.3,7.5,2.5,0.0,0.0,0.0,3.75,1.25,16.666666666666668,3.6666666666666665,11.21,10.566666666666666,0.0
12,6,Brook Lopez,0.0,MIL,PHI,-9.5,228.0,118.8,12,15.5,27.4,34.5,C,5000,1,16.0,14.0,101,104,-10%,9,10,9,28,28,27,27.4,25.9,16.9,34.9,24.9,25.3,5.1,24.5,4.9,25.1,27.5,5.0,24.8,4.95,27.666666666666668,9.333333333333334,25.98,25.8,24.650602409638555
12,7,Daniel Gafford,0.0,CHI,PHO,3.0,222.0,109.5,10,0.8,13.2,28.3,C,3000,1,14.0,17.0,104,108,0%,2,4,3,13,14,13,13.2,11.1,2.3,19.9,25.4,22.8,7.6,19.5,6.5,20.6,24.0,6.9,20.05,6.7,13.333333333333334,3.0,13.309999999999999,14.1,36.089999999999996
13,0,Jordan Clarkson,0.0,UTA,HOU,-2.0,232.5,117.3,26,17.0,32.9,46.3,PG/SG,5300,0,26.0,19.0,106,107,0%,12,15,12,30,28,25,32.9,24.3,14.9,33.7,27.0,34.8,6.6,26.3,4.95,25.1,25.0,4.7,25.700000000000003,4.825,27.666666666666668,13.0,26.3,32.06666666666666,23.222891566265062
13,1,Matisse Thybulle,0.0,PHI,MIL,9.5,228.0,109.3,24,2.0,11.2,15.8,SG/SF,3000,1,11.0,10.0,107,100,0%,2,3,4,16,21,21,11.2,13.6,5.4,21.8,10.8,2.3,0.8,9.5,3.17,9.1,15.5,3.0,9.3,3.085,19.333333333333332,3.0,12.26,9.666666666666666,7.456034482758622
13,2,Kelly Oubre Jr.,0.0,PHO,CHI,-3.0,222.0,112.5,11,16.3,30.9,58.8,SF/PF,6600,0,22.0,15.0,102,107,3%,16,16,15,32,34,35,30.9,34.4,23.6,45.3,38.7,29.3,4.4,35.3,5.34,33.7,35.0,5.1,34.5,5.22,33.666666666666664,15.666666666666666,33.739999999999995,35.333333333333336,35.866336633663366
13,3,Joe Harris,0.0,BKN,CHA,-4.0,210.5,107.3,29,15.3,26.9,34.0,SG/SF,4500,1,17.0,13.0,99,110,1%,10,11,11,35,33,32,25.7,24.7,16.9,32.6,24.6,24.5,5.4,27.3,6.06,26.5,33.0,5.9,26.9,5.98,33.333333333333336,10.666666666666666,25.360000000000003,25.400000000000002,26.630999999999997
13,4,Donovan Mitchell,0.0,UTA,HOU,-2.0,232.5,117.3,26,19.8,33.4,42.8,PG/SG,7400,0,31.0,19.0,106,107,5%,15,16,20,34,35,35,33.4,39.2,29.9,48.5,35.5,42.8,5.8,41.8,5.64,40.3,34.5,5.4,41.05,5.52,34.666666666666664,17.0,38.410000000000004,32.0,40.85264423076923
13,5,Glenn Robinson III,0.0,PHI,MIL,9.5,228.0,109.3,14,8.5,21.3,42.0,SF/PF,3100,1,16.0,13.0,107,100,-1%,13,11,11,29,31,32,31.8,24.1,15.8,32.4,19.8,21.5,6.9,14.5,4.68,13.0,18.0,4.2,13.75,4.4399999999999995,30.666666666666668,11.666666666666666,23.57,23.933333333333334,8.070652173913043
13,6,Jeff Green,0.0,HOU,UTA,2.0,232.5,115.3,2,9.0,14.1,24.5,PF/C,3200,1,18.0,11.0,101,106,-8%,8,6,7,21,18,19,14.1,14.1,7.7,20.4,13.2,7.8,2.4,10.5,3.28,11.2,15.0,3.5,10.85,3.3899999999999997,19.333333333333332,7.0,13.429999999999998,15.866666666666667,8.418103448275863
13,7,Wesley Matthews,0.0,MIL,PHI,-9.5,228.0,118.8,8,10.0,15.7,22.3,SG,3500,1,12.0,8.0,101,104,-4%,7,7,6,24,29,25,15.7,14.8,7.6,22.0,20.0,15.3,4.4,16.3,4.64,16.9,28.0,4.8,16.6,4.72,26.0,6.666666666666667,15.34,16.0,17.876923076923077
14,0,James Harden,0.0,HOU,UTA,2.0,232.5,115.3,29,36.3,54.9,67.0,PG/SG,10900,1,37.0,29.0,101,106,-2%,18,17,24,34,35,38,55.2,61.5,47.1,75.8,37.1,62.3,5.7,56.5,5.18,57.8,37.5,5.3,57.15,5.24,35.666666666666664,19.666666666666668,59.35,52.73333333333333,60.08761682242991
14,1,Spencer Dinwiddie,0.0,BKN,CHA,-4.0,210.5,107.3,8,20.3,39.6,49.5,PG/SG,7700,1,31.0,18.0,99,110,-5%,16,14,17,35,33,32,39.6,38.3,28.4,48.3,28.2,30.5,4.0,37.8,4.9,39.7,34.0,5.2,38.75,5.050000000000001,33.333333333333336,15.666666666666666,38.67,36.46666666666667,39.525
14,2,Robert Covington,0.0,HOU,UTA,2.0,232.5,115.3,6,15.8,31.9,39.3,SF/PF,5900,1,17.0,14.0,101,106,-8%,12,11,11,33,31,30,31.5,28.6,20.2,37.0,36.9,33.0,5.6,29.3,4.96,31.0,32.5,5.3,30.15,5.13,31.333333333333332,11.333333333333334,29.49,29.0,31.272606382978722
14,3,Jae Crowder,0.0,MIA,CLE,-13.0,222.0,117.5,23,14.8,29.7,45.8,SF/PF,4800,1,17.0,12.0,101,114,2%,8,8,9,24,28,30,29.6,26.4,15.4,37.3,26.8,32.0,6.7,27.8,5.78,26.2,28.0,5.5,27.0,5.640000000000001,27.333333333333332,8.333333333333334,27.139999999999997,30.099999999999998,27.65853658536585
14,4,Malik Monk,0.0,CHA,BKN,4.0,210.5,103.3,3,25.0,31.6,40.5,PG/SG,5100,1,23.0,13.0,104,106,0%,17,14,9,31,30,22,31.6,18.9,7.7,30.0,26.9,23.5,4.6,27.5,5.39,26.5,29.0,5.2,27.0,5.295,27.666666666666668,13.333333333333334,23.04,32.36666666666667,28.301204819277107
14,5,Georges Niang,0.0,UTA,HOU,-2.0,232.5,117.3,28,5.8,11.1,19.3,SF/PF,3000,0,16.0,13.0,106,107,9%,5,5,5,14,12,14,11.1,11.0,4.4,17.7,9.9,2.8,0.9,11.5,3.83,9.4,12.0,3.1,10.45,3.465,13.333333333333334,5.0,10.929999999999998,12.066666666666668,9.405
14,6,D.J. Wilson,0.0,MIL,PHI,-9.5,228.0,118.8,14,0.0,5.1,11.8,PF/C,3000,1,0.0,0.0,101,104,-8%,2,2,3,3,5,9,5.1,6.8,-0.1,13.8,4.8,6.0,2.0,6.3,2.08,0.0,0.0,0.0,3.15,1.04,5.666666666666667,2.3333333333333335,5.749999999999999,5.633333333333333,0.0
14,7,Jonah Bolden,0.0,PHO,CHI,-3.0,222.0,112.5,25,-0.5,5.8,20.8,PF/C,3000,0,0.0,0.0,102,107,8%,4,2,2,14,8,7,5.0,4.8,-3.1,12.8,5.0,1.3,0.4,12.8,4.25,0.0,0.0,0.0,6.4,2.125,9.666666666666666,2.6666666666666665,5.18,8.700000000000001,0.0
16,0,Donovan Mitchell,0.0,UTA,HOU,-2.0,232.5,117.3,26,19.8,33.4,42.8,PG/SG,7400,0,31.0,19.0,106,107,5%,15,16,20,34,35,35,33.4,39.2,29.9,48.5,35.5,42.8,5.8,41.8,5.64,40.3,34.5,5.4,41.05,5.52,34.666666666666664,17.0,38.410000000000004,32.0,40.85264423076923
16,1,Zach LaVine,0.0,CHI,PHO,3.0,222.0,109.5,16,33.3,47.1,63.8,SG,8900,1,31.0,20.0,104,108,3%,22,19,20,38,36,35,47.0,41.2,29.1,53.3,35.5,34.0,3.8,48.8,5.48,48.8,37.5,5.5,48.8,5.49,36.333333333333336,20.333333333333332,43.879999999999995,48.06666666666666,50.366972477064216
16,2,Al Horford,0.0,PHI,MIL,9.5,228.0,109.3,15,15.8,24.4,34.0,PF/C,4600,1,18.0,15.0,107,100,3%,5,10,11,29,30,31,25.9,30.6,21.9,39.2,24.5,15.3,3.3,25.0,5.43,25.1,26.0,5.5,25.05,5.465,30.0,8.666666666666666,28.53,24.733333333333334,21.71
16,3,Caris LeVert,0.0,BKN,CHA,-4.0,210.5,107.3,8,21.5,39.3,51.3,PG/SF,7000,1,28.0,12.0,99,110,2%,25,20,15,38,34,28,39.3,27.3,16.2,38.3,30.0,37.3,5.3,35.0,5.0,36.2,33.5,5.2,35.6,5.1,33.333333333333336,20.0,31.339999999999996,37.36666666666667,35.778
16,4,Shaquille Harrison,0.0,CHI,PHO,3.0,222.0,109.5,10,9.5,13.9,20.3,PG,3500,1,0.0,0.0,104,108,3%,9,6,3,15,12,8,13.9,8.3,-0.8,17.4,18.0,19.3,5.5,16.3,4.64,19.6,21.0,5.6,17.950000000000003,5.119999999999999,11.666666666666666,6.0,11.350000000000001,14.566666666666668,32.31000000000001
16,5,Justin Jackson,0.0,DAL,ATL,-1.0,235.5,118.3,22,2.0,7.2,10.8,SF/PF,3000,0,16.0,9.0,106,112,17%,3,5,6,13,11,16,7.2,10.7,4.2,17.2,26.6,20.5,6.8,13.5,4.5,8.7,10.5,2.9,11.1,3.7,13.333333333333334,4.666666666666667,10.08,6.666666666666667,8.741249999999999
16,6,Rudy Gobert,0.0,UTA,HOU,-2.0,232.5,117.3,3,35.8,40.1,47.0,C,7800,0,16.0,22.0,106,107,0%,10,8,9,37,37,35,40.4,42.1,33.3,50.9,33.7,23.5,3.0,46.5,5.96,44.9,35.5,5.8,45.7,5.88,36.333333333333336,9.0,42.48,40.96666666666667,44.65183486238532
16,7,Ryan Arcidiacono,0.0,CHI,PHO,3.0,222.0,109.5,16,8.8,15.6,29.0,SG/SF,3000,1,13.0,9.0,104,108,3%,6,6,4,24,23,16,15.6,9.9,3.7,16.2,33.7,24.8,8.3,18.5,6.17,18.9,28.0,6.3,18.7,6.234999999999999,21.0,5.333333333333333,12.820000000000002,17.8,24.93333333333333
17,0,Collin Sexton,0.0,CLE,MIA,13.0,222.0,104.5,7,21.5,32.6,44.5,PG/SG,6400,0,27.0,16.0,100,107,-8%,17,17,17,33,34,33,32.5,30.2,23.2,37.1,33.4,34.5,5.4,29.5,4.61,31.7,34.0,5.0,30.6,4.805,33.333333333333336,17.0,30.720000000000006,32.86666666666667,31.211999999999996
17,1,Duncan Robinson,0.0,MIA,CLE,-13.0,222.0,117.5,11,15.5,28.1,35.8,SG/SF,4500,1,15.0,12.0,101,114,7%,13,13,9,32,36,30,28.1,22.3,13.7,30.8,32.3,26.3,5.8,25.8,5.72,29.1,34.0,6.5,27.450000000000003,6.109999999999999,32.666666666666664,11.666666666666666,24.470000000000002,26.46666666666667,28.57040816326531
17,2,Taurean Prince,0.0,BKN,CHA,-4.0,210.5,107.3,27,12.8,20.2,27.5,PF,4200,1,20.0,10.0,99,110,1%,9,12,12,26,26,30,20.1,26.4,17.2,35.5,29.6,27.0,6.4,24.5,5.83,25.1,28.5,6.0,24.8,5.915,27.333333333333332,11.0,24.8,20.166666666666668,25.858536585365854
17,3,Robert Covington,0.0,HOU,UTA,2.0,232.5,115.3,6,15.8,31.9,39.3,SF/PF,5900,1,17.0,14.0,101,106,-8%,12,11,11,33,31,30,31.5,28.6,20.2,37.0,36.9,33.0,5.6,29.3,4.96,31.0,32.5,5.3,30.15,5.13,31.333333333333332,11.333333333333334,29.49,29.0,31.272606382978722
17,4,Donte DiVincenzo,0.0,MIL,PHI,-9.5,228.0,118.8,2,11.0,19.7,35.5,PG/SG,4100,1,17.0,15.0,101,104,-4%,9,8,8,24,25,24,19.6,22.5,15.1,29.9,19.6,14.5,3.5,19.5,4.76,19.0,21.0,4.6,19.25,4.68,24.333333333333332,8.333333333333334,21.27,22.066666666666666,16.613013698630137
17,5,Furkan Korkmaz,0.0,PHI,MIL,9.5,228.0,109.3,24,3.3,25.8,52.0,SG/SF,3700,1,18.0,12.0,107,100,-1%,5,11,8,21,26,22,25.8,16.4,6.1,26.6,25.8,26.3,7.1,17.8,4.8,12.7,17.0,3.4,15.25,4.1,23.0,8.0,18.03,27.03333333333333,11.271739130434781
17,6,PJ Washington,0.0,CHA,BKN,4.0,210.5,103.3,21,18.3,23.2,34.3,PF/C,4700,1,18.0,13.0,104,106,-3%,10,10,10,31,30,31,23.2,26.0,17.1,34.8,37.2,33.8,7.2,26.0,5.53,25.2,30.0,5.4,25.6,5.465,30.666666666666668,10.0,25.339999999999996,25.266666666666666,25.043478260869566
17,7,Bojan Bogdanovic,0.0,UTA,HOU,-2.0,232.5,117.3,28,17.0,29.6,38.0,SF/PF,6500,0,25.0,16.0,106,107,9%,15,14,15,34,33,34,29.6,31.0,22.6,39.5,36.0,19.0,2.9,31.3,4.81,33.1,33.0,5.1,32.2,4.955,33.666666666666664,14.666666666666666,30.979999999999997,28.2,31.56237623762377
18,0,Dante Exum,0.0,CLE,MIA,13.0,222.0,104.5,7,5.0,10.3,16.5,PG/SG,3000,0,15.0,9.0,100,107,-8%,4,3,3,21,16,14,10.3,9.2,2.3,16.0,25.3,28.0,9.3,13.5,4.5,13.1,19.0,4.4,13.3,4.45,17.0,3.3333333333333335,10.219999999999999,10.6,14.864705882352942
18,1,Ben McLemore,0.0,HOU,UTA,2.0,232.5,115.3,15,6.0,13.2,17.8,SG/SF,3200,1,15.0,12.0,101,106,-8%,4,6,8,19,22,25,13.6,17.8,8.8,26.8,12.8,19.0,5.9,10.5,3.28,9.2,13.5,2.9,9.85,3.09,22.0,6.0,15.37,12.333333333333334,6.0443181818181815
18,2,Timothe Luwawu-Cabarrot,0.0,BKN,CHA,-4.0,210.5,107.3,13,5.3,12.7,22.3,SF/PF,3000,1,15.0,8.0,99,110,2%,4,6,4,14,16,15,12.7,9.8,2.7,17.0,23.4,27.5,9.2,11.5,3.83,9.8,13.5,3.3,10.65,3.565,15.0,4.666666666666667,10.57,13.433333333333332,9.585
18,3,Bojan Bogdanovic,0.0,UTA,HOU,-2.0,232.5,117.3,28,17.0,29.6,38.0,SF/PF,6500,0,25.0,16.0,106,107,9%,15,14,15,34,33,34,29.6,31.0,22.6,39.5,36.0,19.0,2.9,31.3,4.81,33.1,33.0,5.1,32.2,4.955,33.666666666666664,14.666666666666666,30.979999999999997,28.2,31.56237623762377
18,4,Donovan Mitchell,0.0,UTA,HOU,-2.0,232.5,117.3,26,19.8,33.4,42.8,PG/SG,7400,0,31.0,19.0,106,107,5%,15,16,20,34,35,35,33.4,39.2,29.9,48.5,35.5,42.8,5.8,41.8,5.64,40.3,34.5,5.4,41.05,5.52,34.666666666666664,17.0,38.410000000000004,32.0,40.85264423076923
18,5,Khris Middleton,0.0,MIL,PHI,-9.5,228.0,118.8,26,32.3,44.6,57.8,SF,8100,1,26.0,22.0,101,104,-5%,18,18,15,33,33,30,44.6,37.7,27.4,48.1,30.8,38.3,4.7,38.3,4.72,40.2,32.5,5.0,39.25,4.859999999999999,32.0,17.0,39.410000000000004,44.9,39.86328125
18,6,Rudy Gobert,0.0,UTA,HOU,-2.0,232.5,117.3,3,35.8,40.1,47.0,C,7800,0,16.0,22.0,106,107,0%,10,8,9,37,37,35,40.4,42.1,33.3,50.9,33.7,23.5,3.0,46.5,5.96,44.9,35.5,5.8,45.7,5.88,36.333333333333336,9.0,42.48,40.96666666666667,44.65183486238532
18,7,Kendrick Nunn,0.0,MIA,CLE,-13.0,222.0,117.5,22,7.8,18.9,28.0,PG/SG,4500,1,24.0,13.0,101,114,7%,12,15,14,25,27,30,18.9,26.4,17.0,35.8,34.7,46.0,10.2,29.3,6.5,27.5,27.0,6.1,28.4,6.3,27.333333333333332,13.666666666666666,25.3,18.233333333333334,28.053658536585367
19,0,James Harden,0.0,HOU,UTA,2.0,232.5,115.3,29,36.3,54.9,67.0,PG/SG,10900,1,37.0,29.0,101,106,-2%,18,17,24,34,35,38,55.2,61.5,47.1,75.8,37.1,62.3,5.7,56.5,5.18,57.8,37.5,5.3,57.15,5.24,35.666666666666664,19.666666666666668,59.35,52.73333333333333,60.08761682242991
19,1,Adam Mokoka,0.0,CHI,PHO,3.0,222.0,109.5,10,0.0,4.2,16.5,PG/SG,3000,1,0.0,0.0,104,108,-1%,4,3,3,5,4,4,4.2,3.9,-2.4,10.2,17.0,6.8,2.3,4.0,1.33,0.0,0.0,0.0,2.0,0.665,4.333333333333333,3.3333333333333335,3.5799999999999996,6.8999999999999995,0.0
19,2,Justin Jackson,0.0,DAL,ATL,-1.0,235.5,118.3,22,2.0,7.2,10.8,SF/PF,3000,0,16.0,9.0,106,112,17%,3,5,6,13,11,16,7.2,10.7,4.2,17.2,26.6,20.5,6.8,13.5,4.5,8.7,10.5,2.9,11.1,3.7,13.333333333333334,4.666666666666667,10.08,6.666666666666667,8.741249999999999
19,3,Jae Crowder,0.0,MIA,CLE,-13.0,222.0,117.5,23,14.8,29.7,45.8,SF/PF,4800,1,17.0,12.0,101,114,2%,8,8,9,24,28,30,29.6,26.4,15.4,37.3,26.8,32.0,6.7,27.8,5.78,26.2,28.0,5.5,27.0,5.640000000000001,27.333333333333332,8.333333333333334,27.139999999999997,30.099999999999998,27.65853658536585
19,4,Delon Wright,0.0,DAL,ATL,-1.0,235.5,118.3,14,9.3,17.2,23.5,PG/SG,3800,0,17.0,17.0,106,112,-1%,4,5,6,25,21,22,17.6,20.8,12.2,29.4,29.6,24.0,6.3,26.3,6.91,26.3,25.0,6.9,26.3,6.905,22.666666666666668,5.0,21.26,16.666666666666668,29.007352941176467
19,5,Caris LeVert,0.0,BKN,CHA,-4.0,210.5,107.3,8,21.5,39.3,51.3,PG/SF,7000,1,28.0,12.0,99,110,2%,25,20,15,38,34,28,39.3,27.3,16.2,38.3,30.0,37.3,5.3,35.0,5.0,36.2,33.5,5.2,35.6,5.1,33.333333333333336,20.0,31.339999999999996,37.36666666666667,35.778
19,6,Jarrett Allen,0.0,BKN,CHA,-4.0,210.5,107.3,18,1.5,19.7,34.3,C,4300,1,15.0,20.0,99,110,6%,8,6,7,20,20,27,24.5,30.0,19.0,40.9,24.9,35.3,8.2,20.8,4.83,22.5,20.5,5.2,21.65,5.015000000000001,22.333333333333332,7.0,27.21,18.5,19.87276119402985
19,7,Wilson Chandler,0.0,BKN,CHA,-4.0,210.5,107.3,27,4.8,16.9,23.8,PF,3200,1,14.0,9.0,99,110,1%,10,7,6,30,25,21,16.9,15.7,9.7,21.7,22.2,9.8,3.1,15.8,4.92,17.1,23.0,5.3,16.450000000000003,5.109999999999999,25.333333333333332,7.666666666666667,16.09,15.166666666666666,14.934868421052634
20,0,Devin Booker,0.0,PHO,CHI,-3.0,222.0,112.5,15,21.0,40.4,50.8,PG/SG,7900,0,30.0,21.0,102,107,-2%,20,17,18,36,34,36,40.4,42.5,30.4,54.7,38.5,44.8,5.7,42.5,5.38,42.5,35.5,5.4,42.5,5.390000000000001,35.333333333333336,18.333333333333332,42.10000000000001,37.4,42.700471698113205
20,1,Alec Burks,0.0,PHI,MIL,9.5,228.0,109.3,5,5.0,25.4,42.3,PG/SG,4000,1,24.0,16.0,107,100,-1%,14,11,13,29,27,29,29.1,29.7,18.7,40.8,21.4,18.5,4.6,20.3,5.06,18.3,20.0,4.6,19.3,4.83,28.333333333333332,12.666666666666666,27.52,24.23333333333333,13.623529411764707
20,2,Justin Jackson,0.0,DAL,ATL,-1.0,235.5,118.3,22,2.0,7.2,10.8,SF/PF,3000,0,16.0,9.0,106,112,17%,3,5,6,13,11,16,7.2,10.7,4.2,17.2,26.6,20.5,6.8,13.5,4.5,8.7,10.5,2.9,11.1,3.7,13.333333333333334,4.666666666666667,10.08,6.666666666666667,8.741249999999999
20,3,Joe Harris,0.0,BKN,CHA,-4.0,210.5,107.3,29,15.3,26.9,34.0,SG/SF,4500,1,17.0,13.0,99,110,1%,10,11,11,35,33,32,25.7,24.7,16.9,32.6,24.6,24.5,5.4,27.3,6.06,26.5,33.0,5.9,26.9,5.98,33.333333333333336,10.666666666666666,25.360000000000003,25.400000000000002,26.630999999999997
20,4,Jordan Clarkson,0.0,UTA,HOU,-2.0,232.5,117.3,26,17.0,32.9,46.3,PG/SG,5300,0,26.0,19.0,106,107,0%,12,15,12,30,28,25,32.9,24.3,14.9,33.7,27.0,34.8,6.6,26.3,4.95,25.1,25.0,4.7,25.700000000000003,4.825,27.666666666666668,13.0,26.3,32.06666666666666,23.222891566265062
20,5,Glenn Robinson III,0.0,PHI,MIL,9.5,228.0,109.3,14,8.5,21.3,42.0,SF/PF,3100,1,16.0,13.0,107,100,-1%,13,11,11,29,31,32,31.8,24.1,15.8,32.4,19.8,21.5,6.9,14.5,4.68,13.0,18.0,4.2,13.75,4.4399999999999995,30.666666666666668,11.666666666666666,23.57,23.933333333333334,8.070652173913043
20,6,Maxi Kleber,0.0,DAL,ATL,-1.0,235.5,118.3,10,9.5,19.0,34.3,PF/C,3900,0,14.0,14.0,106,112,8%,9,7,7,21,24,25,19.0,20.5,12.6,28.4,30.0,32.0,8.2,29.8,7.63,29.5,30.5,7.6,29.65,7.615,23.333333333333332,7.666666666666667,22.03,20.933333333333334,38.75678571428571
20,7,Kevin Huerter,0.0,ATL,DAL,1.0,235.5,117.3,28,16.8,30.4,47.8,SG/SF,5400,1,18.0,12.0,101,109,-1%,14,15,11,35,39,31,30.4,25.9,15.7,36.1,38.6,23.8,4.4,29.0,5.37,29.4,35.5,5.4,29.2,5.385,35.0,13.333333333333334,27.46,31.666666666666668,29.61714285714286
21,0,Darius Garland,0.0,CLE,MIA,13.0,222.0,104.5,7,16.0,23.0,28.3,PG,4300,0,22.0,8.0,100,107,-8%,12,11,12,34,34,31,22.9,21.5,13.7,29.2,33.3,25.5,5.9,23.5,5.47,23.0,34.0,5.3,23.25,5.385,33.0,11.666666666666666,22.11,22.433333333333334,23.954545454545457
21,1,Andre Iguodala,0.0,MIA,CLE,-13.0,222.0,117.5,11,10.8,20.0,30.5,SG/SF,3400,1,0.0,0.0,101,114,5%,7,4,4,24,22,22,17.2,17.2,12.5,21.9,18.5,5.3,1.6,20.3,5.96,21.8,24.0,6.4,21.05,6.18,22.666666666666668,5.0,17.97,20.433333333333334,22.288235294117648
21,2,Kelly Oubre Jr.,0.0,PHO,CHI,-3.0,222.0,112.5,11,16.3,30.9,58.8,SF/PF,6600,0,22.0,15.0,102,107,3%,16,16,15,32,34,35,30.9,34.4,23.6,45.3,38.7,29.3,4.4,35.3,5.34,33.7,35.0,5.1,34.5,5.22,33.666666666666664,15.666666666666666,33.739999999999995,35.333333333333336,35.866336633663366
21,3,Robert Covington,0.0,HOU,UTA,2.0,232.5,115.3,6,15.8,31.9,39.3,SF/PF,5900,1,17.0,14.0,101,106,-8%,12,11,11,33,31,30,31.5,28.6,20.2,37.0,36.9,33.0,5.6,29.3,4.96,31.0,32.5,5.3,30.15,5.13,31.333333333333332,11.333333333333334,29.49,29.0,31.272606382978722
21,4,Jordan Clarkson,0.0,UTA,HOU,-2.0,232.5,117.3,26,17.0,32.9,46.3,PG/SG,5300,0,26.0,19.0,106,107,0%,12,15,12,30,28,25,32.9,24.3,14.9,33.7,27.0,34.8,6.6,26.3,4.95,25.1,25.0,4.7,25.700000000000003,4.825,27.666666666666668,13.0,26.3,32.06666666666666,23.222891566265062
21,5,Caris LeVert,0.0,BKN,CHA,-4.0,210.5,107.3,8,21.5,39.3,51.3,PG/SF,7000,1,28.0,12.0,99,110,2%,25,20,15,38,34,28,39.3,27.3,16.2,38.3,30.0,37.3,5.3,35.0,5.0,36.2,33.5,5.2,35.6,5.1,33.333333333333336,20.0,31.339999999999996,37.36666666666667,35.778
21,6,Bismack Biyombo,0.0,CHA,BKN,4.0,210.5,103.3,16,4.5,12.5,32.5,C,3500,1,17.0,16.0,104,106,8%,6,3,5,20,16,19,12.6,17.8,7.8,27.8,9.6,11.5,3.3,15.5,4.43,14.5,15.0,4.1,15.0,4.265,18.333333333333332,4.666666666666667,16.2,16.5,12.272727272727273
21,7,Cameron Johnson,0.0,PHO,CHI,-3.0,222.0,112.5,11,6.0,16.6,23.0,SF/PF,3200,0,16.0,12.0,102,107,-11%,6,7,6,18,19,20,16.6,15.3,6.9,23.6,19.1,13.8,4.3,12.8,3.98,12.1,16.0,3.8,12.45,3.8899999999999997,19.0,6.333333333333333,14.969999999999999,15.200000000000001,10.484210526315788
22,0,Russell Westbrook,0.0,HOU,UTA,2.0,232.5,115.3,29,41.5,51.6,59.5,PG,9800,1,35.0,21.0,101,106,-2%,21,25,23,34,36,36,51.5,52.3,40.9,63.6,39.0,49.5,5.1,48.3,4.92,54.3,36.5,5.5,51.3,5.21,35.333333333333336,23.0,51.92,50.86666666666667,52.993867924528296
22,1,Cody Martin,0.0,CHA,BKN,4.0,210.5,103.3,3,13.5,20.7,34.0,SG/SF,3500,1,14.0,11.0,104,106,-3%,7,6,4,31,28,16,20.7,11.8,2.9,20.6,17.1,10.0,2.9,16.5,4.71,17.5,25.5,5.0,17.0,4.855,25.0,5.666666666666667,14.6,22.733333333333334,17.34
22,2,Derrick Jones Jr.,0.0,MIA,CLE,-13.0,222.0,117.5,23,8.5,13.4,18.0,SF/PF,3500,1,14.0,14.0,101,114,5%,4,4,7,19,22,26,13.4,19.5,10.7,28.3,27.0,32.5,9.3,21.5,6.14,21.9,26.0,6.3,21.7,6.22,22.333333333333332,5.0,18.720000000000002,13.299999999999999,25.262686567164177
22,3,Justin Jackson,0.0,DAL,ATL,-1.0,235.5,118.3,22,2.0,7.2,10.8,SF/PF,3000,0,16.0,9.0,106,112,17%,3,5,6,13,11,16,7.2,10.7,4.2,17.2,26.6,20.5,6.8,13.5,4.5,8.7,10.5,2.9,11.1,3.7,13.333333333333334,4.666666666666667,10.08,6.666666666666667,8.741249999999999
22,4,Devin Booker,0.0,PHO,CHI,-3.0,222.0,112.5,15,21.0,40.4,50.8,PG/SG,7900,0,30.0,21.0,102,107,-2%,20,17,18,36,34,36,40.4,42.5,30.4,54.7,38.5,44.8,5.7,42.5,5.38,42.5,35.5,5.4,42.5,5.390000000000001,35.333333333333336,18.333333333333332,42.10000000000001,37.4,42.700471698113205
22,5,Cam Reddish,0.0,ATL,DAL,1.0,235.5,117.3,28,5.5,19.6,31.0,SG/SF,4100,1,18.0,8.0,101,109,-1%,12,11,9,32,29,27,24.9,19.9,11.1,28.6,39.2,37.0,9.0,19.5,4.76,24.8,33.0,6.0,22.15,5.38,29.333333333333332,10.666666666666666,21.330000000000002,18.7,24.91875
22,6,Maxi Kleber,0.0,DAL,ATL,-1.0,235.5,118.3,10,9.5,19.0,34.3,PF/C,3900,0,14.0,14.0,106,112,8%,9,7,7,21,24,25,19.0,20.5,12.6,28.4,30.0,32.0,8.2,29.8,7.63,29.5,30.5,7.6,29.65,7.615,23.333333333333332,7.666666666666667,22.03,20.933333333333334,38.75678571428571
22,7,Rudy Gobert,0.0,UTA,HOU,-2.0,232.5,117.3,3,35.8,40.1,47.0,C,7800,0,16.0,22.0,106,107,0%,10,8,9,37,37,35,40.4,42.1,33.3,50.9,33.7,23.5,3.0,46.5,5.96,44.9,35.5,5.8,45.7,5.88,36.333333333333336,9.0,42.48,40.96666666666667,44.65183486238532
24,0,Coby White,0.0,CHI,PHO,3.0,222.0,109.5,10,17.5,26.4,39.3,PG/SG,4700,1,23.0,10.0,104,108,3%,13,13,11,32,29,25,26.4,21.1,12.2,30.1,33.9,42.8,9.1,29.5,6.28,28.5,32.0,6.1,29.0,6.1899999999999995,28.666666666666668,12.333333333333334,23.759999999999998,27.73333333333333,32.372093023255815
24,1,J.J. Barea,0.0,DAL,ATL,-1.0,235.5,118.3,14,3.0,18.6,29.8,PG/SG,3000,0,0.0,0.0,106,112,-1%,6,7,8,13,15,16,18.6,17.6,9.4,25.8,19.1,23.0,7.7,16.5,5.5,13.8,11.0,4.6,15.15,5.05,14.666666666666666,7.0,17.310000000000002,17.133333333333336,11.3625
24,2,Danuel House Jr.,0.0,HOU,UTA,2.0,232.5,115.3,6,17.8,23.3,30.8,SF/PF,4300,1,13.0,12.0,101,106,-8%,9,9,9,29,30,31,23.3,22.4,12.8,32.1,25.1,13.5,3.1,16.3,3.78,18.4,25.5,4.3,17.35,4.04,30.0,9.0,21.590000000000003,23.96666666666667,14.7475
24,3,Jae Crowder,0.0,MIA,CLE,-13.0,222.0,117.5,23,14.8,29.7,45.8,SF/PF,4800,1,17.0,12.0,101,114,2%,8,8,9,24,28,30,29.6,26.4,15.4,37.3,26.8,32.0,6.7,27.8,5.78,26.2,28.0,5.5,27.0,5.640000000000001,27.333333333333332,8.333333333333334,27.139999999999997,30.099999999999998,27.65853658536585
24,4,Alec Burks,0.0,PHI,MIL,9.5,228.0,109.3,5,5.0,25.4,42.3,PG/SG,4000,1,24.0,16.0,107,100,-1%,14,11,13,29,27,29,29.1,29.7,18.7,40.8,21.4,18.5,4.6,20.3,5.06,18.3,20.0,4.6,19.3,4.83,28.333333333333332,12.666666666666666,27.52,24.23333333333333,13.623529411764707
24,5,Taurean Prince,0.0,BKN,CHA,-4.0,210.5,107.3,27,12.8,20.2,27.5,PF,4200,1,20.0,10.0,99,110,1%,9,12,12,26,26,30,20.1,26.4,17.2,35.5,29.6,27.0,6.4,24.5,5.83,25.1,28.5,6.0,24.8,5.915,27.333333333333332,11.0,24.8,20.166666666666668,25.858536585365854
24,6,Dewayne Dedmon,0.0,ATL,DAL,1.0,235.5,117.3,7,10.0,26.3,35.5,C,4700,1,14.0,9.0,101,109,-2%,4,7,5,19,27,17,26.3,15.1,5.2,24.9,24.7,30.0,6.4,23.5,5.0,24.2,24.0,5.1,23.85,5.05,21.0,5.333333333333333,19.07,23.933333333333334,27.257142857142856
24,7,Robin Lopez,0.0,MIL,PHI,-9.5,228.0,118.8,12,1.3,8.0,18.8,C,3000,1,16.0,12.0,101,104,-10%,7,4,5,11,12,14,8.3,11.4,4.1,18.8,18.3,16.0,5.3,8.3,2.75,9.4,12.0,3.1,8.850000000000001,2.925,12.333333333333334,5.333333333333333,10.290000000000001,9.366666666666667,8.610810810810811
25,0,Caris LeVert,0.0,BKN,CHA,-4.0,210.5,107.3,8,21.5,39.3,51.3,PG/SF,7000,1,28.0,12.0,99,110,2%,25,20,15,38,34,28,39.3,27.3,16.2,38.3,30.0,37.3,5.3,35.0,5.0,36.2,33.5,5.2,35.6,5.1,33.333333333333336,20.0,31.339999999999996,37.36666666666667,35.778
25,1,Ryan Arcidiacono,0.0,CHI,PHO,3.0,222.0,109.5,16,8.8,15.6,29.0,SG/SF,3000,1,13.0,9.0,104,108,3%,6,6,4,24,23,16,15.6,9.9,3.7,16.2,33.7,24.8,8.3,18.5,6.17,18.9,28.0,6.3,18.7,6.234999999999999,21.0,5.333333333333333,12.820000000000002,17.8,24.93333333333333
25,2,Marvin Williams,0.0,MIL,PHI,-9.5,228.0,118.8,14,6.8,10.4,14.5,PF,3000,1,10.0,12.0,101,104,-8%,3,3,5,14,17,19,10.3,14.0,5.1,22.9,19.4,19.0,6.3,7.5,2.5,0.0,0.0,0.0,3.75,1.25,16.666666666666668,3.6666666666666665,11.21,10.566666666666666,0.0
25,3,Furkan Korkmaz,0.0,PHI,MIL,9.5,228.0,109.3,24,3.3,25.8,52.0,SG/SF,3700,1,18.0,12.0,107,100,-1%,5,11,8,21,26,22,25.8,16.4,6.1,26.6,25.8,26.3,7.1,17.8,4.8,12.7,17.0,3.4,15.25,4.1,23.0,8.0,18.03,27.03333333333333,11.271739130434781
25,4,Matisse Thybulle,0.0,PHI,MIL,9.5,228.0,109.3,24,2.0,11.2,15.8,SG/SF,3000,1,11.0,10.0,107,100,0%,2,3,4,16,21,21,11.2,13.6,5.4,21.8,10.8,2.3,0.8,9.5,3.17,9.1,15.5,3.0,9.3,3.085,19.333333333333332,3.0,12.26,9.666666666666666,7.456034482758622
25,5,Jalen McDaniels,0.0,CHA,BKN,4.0,210.5,103.3,21,2.0,10.6,24.0,PF,3000,1,0.0,0.0,104,106,-3%,2,3,3,19,16,13,10.4,9.3,1.0,17.5,23.0,19.8,6.6,13.3,4.42,10.8,14.5,3.6,12.05,4.01,16.0,2.6666666666666665,10.05,12.200000000000001,10.920312500000001
25,6,P.J. Tucker,0.0,HOU,UTA,2.0,232.5,115.3,9,11.5,18.3,24.8,C,4000,1,9.0,9.0,101,106,-8%,5,5,6,33,31,36,18.7,22.6,13.2,32.0,34.8,15.8,4.0,19.0,4.75,21.9,35.0,5.5,20.45,5.125,33.333333333333336,5.333333333333333,21.39,18.2,21.472499999999997
25,7,Shake Milton,0.0,PHI,MIL,9.5,228.0,109.3,5,7.3,12.3,19.0,PG/SG,3000,1,20.0,10.0,107,100,-1%,2,4,5,7,15,15,9.0,11.7,0.9,22.5,21.9,22.0,7.3,4.0,1.33,0.0,0.0,0.0,2.0,0.665,12.333333333333334,3.6666666666666665,9.22,12.866666666666667,0.0
26,0,Delon Wright,0.0,DAL,ATL,-1.0,235.5,118.3,14,9.3,17.2,23.5,PG/SG,3800,0,17.0,17.0,106,112,-1%,4,5,6,25,21,22,17.6,20.8,12.2,29.4,29.6,24.0,6.3,26.3,6.91,26.3,25.0,6.9,26.3,6.905,22.666666666666668,5.0,21.26,16.666666666666668,29.007352941176467
26,1,James Harden,0.0,HOU,UTA,2.0,232.5,115.3,29,36.3,54.9,67.0,PG/SG,10900,1,37.0,29.0,101,106,-2%,18,17,24,34,35,38,55.2,61.5,47.1,75.8,37.1,62.3,5.7,56.5,5.18,57.8,37.5,5.3,57.15,5.24,35.666666666666664,19.666666666666668,59.35,52.73333333333333,60.08761682242991
26,2,Kelly Oubre Jr.,0.0,PHO,CHI,-3.0,222.0,112.5,11,16.3,30.9,58.8,SF/PF,6600,0,22.0,15.0,102,107,3%,16,16,15,32,34,35,30.9,34.4,23.6,45.3,38.7,29.3,4.4,35.3,5.34,33.7,35.0,5.1,34.5,5.22,33.666666666666664,15.666666666666666,33.739999999999995,35.333333333333336,35.866336633663366
26,3,Courtney Lee,0.0,DAL,ATL,-1.0,235.5,118.3,22,2.5,9.4,15.0,SF,3000,0,0.0,0.0,106,112,4%,3,3,3,16,14,10,9.4,6.8,0.8,12.8,21.4,15.0,5.0,7.5,2.5,8.7,11.5,2.9,8.1,2.7,13.333333333333334,3.0,7.58,8.966666666666667,6.986249999999999
26,4,Russell Westbrook,0.0,HOU,UTA,2.0,232.5,115.3,29,41.5,51.6,59.5,PG,9800,1,35.0,21.0,101,106,-2%,21,25,23,34,36,36,51.5,52.3,40.9,63.6,39.0,49.5,5.1,48.3,4.92,54.3,36.5,5.5,51.3,5.21,35.333333333333336,23.0,51.92,50.86666666666667,52.993867924528296
26,5,D.J. Wilson,0.0,MIL,PHI,-9.5,228.0,118.8,14,0.0,5.1,11.8,PF/C,3000,1,0.0,0.0,101,104,-8%,2,2,3,3,5,9,5.1,6.8,-0.1,13.8,4.8,6.0,2.0,6.3,2.08,0.0,0.0,0.0,3.15,1.04,5.666666666666667,2.3333333333333335,5.749999999999999,5.633333333333333,0.0
26,6,Daniel Gafford,0.0,CHI,PHO,3.0,222.0,109.5,10,0.8,13.2,28.3,C,3000,1,14.0,17.0,104,108,0%,2,4,3,13,14,13,13.2,11.1,2.3,19.9,25.4,22.8,7.6,19.5,6.5,20.6,24.0,6.9,20.05,6.7,13.333333333333334,3.0,13.309999999999999,14.1,36.089999999999996
26,7,Danuel House Jr.,0.0,HOU,UTA,2.0,232.5,115.3,6,17.8,23.3,30.8,SF/PF,4300,1,13.0,12.0,101,106,-8%,9,9,9,29,30,31,23.3,22.4,12.8,32.1,25.1,13.5,3.1,16.3,3.78,18.4,25.5,4.3,17.35,4.04,30.0,9.0,21.590000000000003,23.96666666666667,14.7475
27,0,Jevon Carter,0.0,PHO,CHI,-3.0,222.0,112.5,15,6.5,15.1,20.3,PG/SG,3000,0,14.0,11.0,102,107,-11%,4,5,4,16,17,14,14.7,10.9,3.3,18.4,9.6,2.5,0.8,8.0,2.67,0.0,0.0,0.0,4.0,1.335,15.666666666666666,4.333333333333333,10.26,13.966666666666669,0.0
27,1,Coby White,0.0,CHI,PHO,3.0,222.0,109.5,10,17.5,26.4,39.3,PG/SG,4700,1,23.0,10.0,104,108,3%,13,13,11,32,29,25,26.4,21.1,12.2,30.1,33.9,42.8,9.1,29.5,6.28,28.5,32.0,6.1,29.0,6.1899999999999995,28.666666666666668,12.333333333333334,23.759999999999998,27.73333333333333,32.372093023255815
27,2,Jonah Bolden,0.0,PHO,CHI,-3.0,222.0,112.5,25,-0.5,5.8,20.8,PF/C,3000,0,0.0,0.0,102,107,8%,4,2,2,14,8,7,5.0,4.8,-3.1,12.8,5.0,1.3,0.4,12.8,4.25,0.0,0.0,0.0,6.4,2.125,9.666666666666666,2.6666666666666665,5.18,8.700000000000001,0.0
27,3,Justin Jackson,0.0,DAL,ATL,-1.0,235.5,118.3,22,2.0,7.2,10.8,SF/PF,3000,0,16.0,9.0,106,112,17%,3,5,6,13,11,16,7.2,10.7,4.2,17.2,26.6,20.5,6.8,13.5,4.5,8.7,10.5,2.9,11.1,3.7,13.333333333333334,4.666666666666667,10.08,6.666666666666667,8.741249999999999
27,4,Donte DiVincenzo,0.0,MIL,PHI,-9.5,228.0,118.8,2,11.0,19.7,35.5,PG/SG,4100,1,17.0,15.0,101,104,-4%,9,8,8,24,25,24,19.6,22.5,15.1,29.9,19.6,14.5,3.5,19.5,4.76,19.0,21.0,4.6,19.25,4.68,24.333333333333332,8.333333333333334,21.27,22.066666666666666,16.613013698630137
27,5,Khris Middleton,0.0,MIL,PHI,-9.5,228.0,118.8,26,32.3,44.6,57.8,SF,8100,1,26.0,22.0,101,104,-5%,18,18,15,33,33,30,44.6,37.7,27.4,48.1,30.8,38.3,4.7,38.3,4.72,40.2,32.5,5.0,39.25,4.859999999999999,32.0,17.0,39.410000000000004,44.9,39.86328125
27,6,Dewayne Dedmon,0.0,ATL,DAL,1.0,235.5,117.3,7,10.0,26.3,35.5,C,4700,1,14.0,9.0,101,109,-2%,4,7,5,19,27,17,26.3,15.1,5.2,24.9,24.7,30.0,6.4,23.5,5.0,24.2,24.0,5.1,23.85,5.05,21.0,5.333333333333333,19.07,23.933333333333334,27.257142857142856
27,7,PJ Washington,0.0,CHA,BKN,4.0,210.5,103.3,21,18.3,23.2,34.3,PF/C,4700,1,18.0,13.0,104,106,-3%,10,10,10,31,30,31,23.2,26.0,17.1,34.8,37.2,33.8,7.2,26.0,5.53,25.2,30.0,5.4,25.6,5.465,30.666666666666668,10.0,25.339999999999996,25.266666666666666,25.043478260869566
29,0,Tomas Satoransky,0.0,CHI,PHO,3.0,222.0,109.5,10,17.3,26.9,33.5,PG,4900,1,18.0,14.0,104,108,3%,11,10,9,32,30,29,26.9,25.8,16.5,35.0,22.9,7.5,1.5,29.8,6.07,30.3,33.0,6.2,30.05,6.135,30.333333333333332,10.0,26.85,25.900000000000002,32.691758241758244
29,1,Furkan Korkmaz,0.0,PHI,MIL,9.5,228.0,109.3,24,3.3,25.8,52.0,SG/SF,3700,1,18.0,12.0,107,100,-1%,5,11,8,21,26,22,25.8,16.4,6.1,26.6,25.8,26.3,7.1,17.8,4.8,12.7,17.0,3.4,15.25,4.1,23.0,8.0,18.03,27.03333333333333,11.271739130434781
29,2,Maxi Kleber,0.0,DAL,ATL,-1.0,235.5,118.3,10,9.5,19.0,34.3,PF/C,3900,0,14.0,14.0,106,112,8%,9,7,7,21,24,25,19.0,20.5,12.6,28.4,30.0,32.0,8.2,29.8,7.63,29.5,30.5,7.6,29.65,7.615,23.333333333333332,7.666666666666667,22.03,20.933333333333334,38.75678571428571
29,3,Cameron Johnson,0.0,PHO,CHI,-3.0,222.0,112.5,11,6.0,16.6,23.0,SF/PF,3200,0,16.0,12.0,102,107,-11%,6,7,6,18,19,20,16.6,15.3,6.9,23.6,19.1,13.8,4.3,12.8,3.98,12.1,16.0,3.8,12.45,3.8899999999999997,19.0,6.333333333333333,14.969999999999999,15.200000000000001,10.484210526315788
29,4,Caris LeVert,0.0,BKN,CHA,-4.0,210.5,107.3,8,21.5,39.3,51.3,PG/SF,7000,1,28.0,12.0,99,110,2%,25,20,15,38,34,28,39.3,27.3,16.2,38.3,30.0,37.3,5.3,35.0,5.0,36.2,33.5,5.2,35.6,5.1,33.333333333333336,20.0,31.339999999999996,37.36666666666667,35.778
29,5,Timothe Luwawu-Cabarrot,0.0,BKN,CHA,-4.0,210.5,107.3,13,5.3,12.7,22.3,SF/PF,3000,1,15.0,8.0,99,110,2%,4,6,4,14,16,15,12.7,9.8,2.7,17.0,23.4,27.5,9.2,11.5,3.83,9.8,13.5,3.3,10.65,3.565,15.0,4.666666666666667,10.57,13.433333333333332,9.585
29,6,Dewayne Dedmon,0.0,ATL,DAL,1.0,235.5,117.3,7,10.0,26.3,35.5,C,4700,1,14.0,9.0,101,109,-2%,4,7,5,19,27,17,26.3,15.1,5.2,24.9,24.7,30.0,6.4,23.5,5.0,24.2,24.0,5.1,23.85,5.05,21.0,5.333333333333333,19.07,23.933333333333334,27.257142857142856
29,7,Dorian Finney-Smith,0.0,DAL,ATL,-1.0,235.5,118.3,22,16.0,20.5,24.8,SF/PF,4600,0,13.0,12.0,106,112,17%,5,8,7,29,32,30,20.5,21.6,14.1,29.2,30.8,18.3,4.0,29.0,6.3,29.0,34.0,6.3,29.0,6.3,30.333333333333332,6.666666666666667,22.88,20.433333333333334,32.505494505494504
30,0,George Hill,0.0,MIL,PHI,-9.5,228.0,118.8,2,6.3,14.6,24.8,PG,3000,1,16.0,18.0,101,104,-6%,3,5,6,21,20,21,14.6,20.1,12.9,27.3,20.5,9.3,3.1,17.0,5.67,17.9,20.0,6.0,17.45,5.835,20.666666666666668,4.666666666666667,18.470000000000002,15.233333333333334,16.887096774193544
30,1,Ryan Arcidiacono,0.0,CHI,PHO,3.0,222.0,109.5,16,8.8,15.6,29.0,SG/SF,3000,1,13.0,9.0,104,108,3%,6,6,4,24,23,16,15.6,9.9,3.7,16.2,33.7,24.8,8.3,18.5,6.17,18.9,28.0,6.3,18.7,6.234999999999999,21.0,5.333333333333333,12.820000000000002,17.8,24.93333333333333
30,2,Vince Carter,0.0,ATL,DAL,1.0,235.5,117.3,16,2.5,10.6,30.8,SF/PF,3000,1,16.0,8.0,101,109,-1%,2,3,5,6,14,15,10.8,11.3,3.5,19.1,10.6,1.3,0.4,11.3,3.75,12.5,16.0,4.2,11.9,3.975,11.666666666666666,3.3333333333333335,11.32,14.633333333333333,16.32
30,3,Mikal Bridges,0.0,PHO,CHI,-3.0,222.0,112.5,18,14.8,24.9,35.0,SG/SF,4900,0,13.0,13.0,102,107,3%,10,9,6,28,31,26,24.9,19.3,9.8,28.8,28.4,28.5,5.8,23.5,4.8,23.4,31.0,4.8,23.45,4.8,28.333333333333332,8.333333333333334,21.25,24.900000000000002,25.65705882352941
30,4,Ben Simmons,0.0,PHI,MIL,9.5,228.0,109.3,5,34.5,48.7,59.5,PG/SF,9200,1,23.0,21.0,107,100,0%,18,12,12,40,38,37,49.3,45.0,33.7,56.3,4.7,10.5,1.1,44.0,4.78,44.0,37.0,4.8,44.0,4.79,38.333333333333336,14.0,45.660000000000004,47.56666666666666,42.469565217391306
30,5,Tim Hardaway Jr.,0.0,DAL,ATL,-1.0,235.5,118.3,20,24.5,34.1,45.8,SG/SF,6100,0,21.0,15.0,106,112,17%,12,13,12,33,33,28,34.1,24.1,13.6,34.6,35.2,47.5,7.8,33.0,5.41,34.2,34.0,5.6,33.6,5.505,31.333333333333332,12.333333333333334,28.0,34.800000000000004,36.45957446808511
30,6,Dewayne Dedmon,0.0,ATL,DAL,1.0,235.5,117.3,7,10.0,26.3,35.5,C,4700,1,14.0,9.0,101,109,-2%,4,7,5,19,27,17,26.3,15.1,5.2,24.9,24.7,30.0,6.4,23.5,5.0,24.2,24.0,5.1,23.85,5.05,21.0,5.333333333333333,19.07,23.933333333333334,27.257142857142856
30,7,Khris Middleton,0.0,MIL,PHI,-9.5,228.0,118.8,26,32.3,44.6,57.8,SF,8100,1,26.0,22.0,101,104,-5%,18,18,15,33,33,30,44.6,37.7,27.4,48.1,30.8,38.3,4.7,38.3,4.72,40.2,32.5,5.0,39.25,4.859999999999999,32.0,17.0,39.410000000000004,44.9,39.86328125
31,0,Ricky Rubio,0.0,PHO,CHI,-3.0,222.0,112.5,15,22.5,29.3,36.8,PG,6000,0,22.0,15.0,102,107,-11%,9,7,11,26,26,32,29.3,34.5,23.4,45.5,35.4,47.8,8.0,29.0,4.83,28.2,29.5,4.7,28.6,4.765000000000001,28.0,9.0,32.26,29.53333333333333,30.13214285714286
31,1,Devin Booker,0.0,PHO,CHI,-3.0,222.0,112.5,15,21.0,40.4,50.8,PG/SG,7900,0,30.0,21.0,102,107,-2%,20,17,18,36,34,36,40.4,42.5,30.4,54.7,38.5,44.8,5.7,42.5,5.38,42.5,35.5,5.4,42.5,5.390000000000001,35.333333333333336,18.333333333333332,42.10000000000001,37.4,42.700471698113205
31,2,Larry Nance Jr.,0.0,CLE,MIA,13.0,222.0,104.5,3,6.0,31.7,52.0,PF/C,5700,0,15.0,17.0,100,107,0%,11,10,7,30,31,25,31.7,24.4,13.4,35.4,28.2,22.8,4.0,31.5,5.53,33.3,34.0,5.8,32.4,5.665,28.666666666666668,9.333333333333334,27.46,29.900000000000002,38.42790697674418
31,3,Royce O'Neale,0.0,UTA,HOU,-2.0,232.5,117.3,28,11.5,18.0,30.0,SF,3400,0,9.0,9.0,106,107,9%,8,5,5,32,29,30,17.8,18.8,12.2,25.4,20.1,13.8,4.1,17.0,5.0,16.1,24.5,4.7,16.55,4.85,30.333333333333332,6.0,18.15,19.833333333333332,13.367307692307694
31,4,Dante Exum,0.0,CLE,MIA,13.0,222.0,104.5,7,5.0,10.3,16.5,PG/SG,3000,0,15.0,9.0,100,107,-8%,4,3,3,21,16,14,10.3,9.2,2.3,16.0,25.3,28.0,9.3,13.5,4.5,13.1,19.0,4.4,13.3,4.45,17.0,3.3333333333333335,10.219999999999999,10.6,14.864705882352942
31,5,Matisse Thybulle,0.0,PHI,MIL,9.5,228.0,109.3,24,2.0,11.2,15.8,SG/SF,3000,1,11.0,10.0,107,100,0%,2,3,4,16,21,21,11.2,13.6,5.4,21.8,10.8,2.3,0.8,9.5,3.17,9.1,15.5,3.0,9.3,3.085,19.333333333333332,3.0,12.26,9.666666666666666,7.456034482758622
31,6,Cristiano Felicio,0.0,CHI,PHO,3.0,222.0,109.5,10,7.0,14.5,22.8,C,3000,1,0.0,0.0,104,108,3%,3,3,3,23,22,19,14.4,12.6,5.5,19.6,22.6,16.5,5.5,18.5,6.17,17.7,23.5,5.9,18.1,6.035,21.333333333333332,3.0,14.040000000000001,14.766666666666666,19.938281250000003
31,7,Spencer Dinwiddie,0.0,BKN,CHA,-4.0,210.5,107.3,8,20.3,39.6,49.5,PG/SG,7700,1,31.0,18.0,99,110,-5%,16,14,17,35,33,32,39.6,38.3,28.4,48.3,28.2,30.5,4.0,37.8,4.9,39.7,34.0,5.2,38.75,5.050000000000001,33.333333333333336,15.666666666666666,38.67,36.46666666666667,39.525
32,0,Eric Bledsoe,0.0,MIL,PHI,-9.5,228.0,118.8,2,28.0,38.4,52.5,PG,6900,1,25.0,19.0,101,104,-6%,13,14,12,27,30,28,38.4,32.8,22.4,43.1,27.3,28.0,4.1,34.0,4.93,35.5,31.0,5.1,34.75,5.015,28.333333333333332,13.0,34.29,39.63333333333333,38.02058823529412
32,1,Donovan Mitchell,0.0,UTA,HOU,-2.0,232.5,117.3,26,19.8,33.4,42.8,PG/SG,7400,0,31.0,19.0,106,107,5%,15,16,20,34,35,35,33.4,39.2,29.9,48.5,35.5,42.8,5.8,41.8,5.64,40.3,34.5,5.4,41.05,5.52,34.666666666666664,17.0,38.410000000000004,32.0,40.85264423076923
32,2,Kelly Olynyk,0.0,MIA,CLE,-13.0,222.0,117.5,11,4.5,17.5,41.5,PF/C,3400,1,16.0,13.0,101,114,0%,4,5,6,12,15,20,17.5,17.8,7.1,28.5,26.3,30.0,8.8,13.0,3.82,18.3,19.0,5.4,15.65,4.61,15.666666666666666,5.0,17.31,21.166666666666668,18.979787234042554
32,3,Khris Middleton,0.0,MIL,PHI,-9.5,228.0,118.8,26,32.3,44.6,57.8,SF,8100,1,26.0,22.0,101,104,-5%,18,18,15,33,33,30,44.6,37.7,27.4,48.1,30.8,38.3,4.7,38.3,4.72,40.2,32.5,5.0,39.25,4.859999999999999,32.0,17.0,39.410000000000004,44.9,39.86328125
32,4,Duncan Robinson,0.0,MIA,CLE,-13.0,222.0,117.5,11,15.5,28.1,35.8,SG/SF,4500,1,15.0,12.0,101,114,7%,13,13,9,32,36,30,28.1,22.3,13.7,30.8,32.3,26.3,5.8,25.8,5.72,29.1,34.0,6.5,27.450000000000003,6.109999999999999,32.666666666666664,11.666666666666666,24.470000000000002,26.46666666666667,28.57040816326531
32,5,Marvin Williams,0.0,MIL,PHI,-9.5,228.0,118.8,14,6.8,10.4,14.5,PF,3000,1,10.0,12.0,101,104,-8%,3,3,5,14,17,19,10.3,14.0,5.1,22.9,19.4,19.0,6.3,7.5,2.5,0.0,0.0,0.0,3.75,1.25,16.666666666666668,3.6666666666666665,11.21,10.566666666666666,0.0
32,6,Andre Drummond,0.0,CLE,MIA,13.0,222.0,104.5,4,36.0,48.3,66.8,C,8500,0,33.0,22.0,100,107,-5%,11,16,14,22,29,34,48.3,48.7,37.4,60.0,24.7,15.0,1.8,42.0,4.94,39.8,28.0,4.7,40.9,4.82,28.333333333333332,13.666666666666666,47.06,50.36666666666667,40.41882352941177
32,7,Robert Covington,0.0,HOU,UTA,2.0,232.5,115.3,6,15.8,31.9,39.3,SF/PF,5900,1,17.0,14.0,101,106,-8%,12,11,11,33,31,30,31.5,28.6,20.2,37.0,36.9,33.0,5.6,29.3,4.96,31.0,32.5,5.3,30.15,5.13,31.333333333333332,11.333333333333334,29.49,29.0,31.272606382978722
33,0,Russell Westbrook,0.0,HOU,UTA,2.0,232.5,115.3,29,41.5,51.6,59.5,PG,9800,1,35.0,21.0,101,106,-2%,21,25,23,34,36,36,51.5,52.3,40.9,63.6,39.0,49.5,5.1,48.3,4.92,54.3,36.5,5.5,51.3,5.21,35.333333333333336,23.0,51.92,50.86666666666667,52.993867924528296
33,1,Austin Rivers,0.0,HOU,UTA,2.0,232.5,115.3,29,4.3,12.9,22.5,PG/SG,3100,1,15.0,10.0,101,106,-2%,6,6,8,22,23,24,12.8,16.3,8.0,24.5,16.8,10.5,3.4,14.3,4.6,9.8,15.0,3.2,12.05,3.9,23.0,6.666666666666667,14.73,13.233333333333334,7.858695652173914
33,2,Larry Nance Jr.,0.0,CLE,MIA,13.0,222.0,104.5,3,6.0,31.7,52.0,PF/C,5700,0,15.0,17.0,100,107,0%,11,10,7,30,31,25,31.7,24.4,13.4,35.4,28.2,22.8,4.0,31.5,5.53,33.3,34.0,5.8,32.4,5.665,28.666666666666668,9.333333333333334,27.46,29.900000000000002,38.42790697674418
33,3,Mikal Bridges,0.0,PHO,CHI,-3.0,222.0,112.5,18,14.8,24.9,35.0,SG/SF,4900,0,13.0,13.0,102,107,3%,10,9,6,28,31,26,24.9,19.3,9.8,28.8,28.4,28.5,5.8,23.5,4.8,23.4,31.0,4.8,23.45,4.8,28.333333333333332,8.333333333333334,21.25,24.900000000000002,25.65705882352941
33,4,Matthew Dellavedova,0.0,CLE,MIA,13.0,222.0,104.5,7,-0.5,3.8,10.8,PG,3000,0,16.0,7.0,100,107,-8%,1,2,3,6,8,12,3.8,8.2,2.9,13.5,8.6,4.8,1.6,6.0,2.0,0.0,0.0,0.0,3.0,1.0,8.666666666666666,2.0,6.279999999999999,4.7,0.0
33,5,Treveon Graham,0.0,ATL,DAL,1.0,235.5,117.3,16,0.0,8.1,22.8,SF,3000,1,11.0,6.0,101,109,0%,2,3,5,6,13,17,8.1,10.0,2.6,17.3,18.8,15.5,5.2,11.8,3.92,8.5,13.5,2.8,10.15,3.36,12.0,3.3333333333333335,9.63,10.299999999999999,11.41875
33,6,Bruno Fernando,0.0,ATL,DAL,1.0,235.5,117.3,7,5.5,12.3,31.5,C,3000,1,16.0,11.0,101,109,-1%,2,4,3,10,11,12,12.3,10.5,3.2,17.8,10.0,12.5,4.2,8.5,2.83,0.0,0.0,0.0,4.25,1.415,11.0,3.0,9.610000000000001,16.433333333333334,0.0
33,7,Cody Zeller,0.0,CHA,BKN,4.0,210.5,103.3,21,10.8,23.6,35.0,PF/C,4700,1,21.0,19.0,104,106,8%,7,8,8,24,22,23,23.6,24.3,14.5,34.2,21.5,24.8,5.3,25.8,5.48,25.9,23.0,5.5,25.85,5.49,23.0,7.666666666666667,24.490000000000002,23.133333333333336,25.85
35,0,James Harden,0.0,HOU,UTA,2.0,232.5,115.3,29,36.3,54.9,67.0,PG/SG,10900,1,37.0,29.0,101,106,-2%,18,17,24,34,35,38,55.2,61.5,47.1,75.8,37.1,62.3,5.7,56.5,5.18,57.8,37.5,5.3,57.15,5.24,35.666666666666664,19.666666666666668,59.35,52.73333333333333,60.08761682242991
35,1,Matisse Thybulle,0.0,PHI,MIL,9.5,228.0,109.3,24,2.0,11.2,15.8,SG/SF,3000,1,11.0,10.0,107,100,0%,2,3,4,16,21,21,11.2,13.6,5.4,21.8,10.8,2.3,0.8,9.5,3.17,9.1,15.5,3.0,9.3,3.085,19.333333333333332,3.0,12.26,9.666666666666666,7.456034482758622
35,2,Justin Jackson,0.0,DAL,ATL,-1.0,235.5,118.3,22,2.0,7.2,10.8,SF/PF,3000,0,16.0,9.0,106,112,17%,3,5,6,13,11,16,7.2,10.7,4.2,17.2,26.6,20.5,6.8,13.5,4.5,8.7,10.5,2.9,11.1,3.7,13.333333333333334,4.666666666666667,10.08,6.666666666666667,8.741249999999999
35,3,Kevin Porter Jr.,0.0,CLE,MIA,13.0,222.0,104.5,30,9.3,22.2,30.5,SG/SF,4600,0,21.0,11.0,100,107,-8%,7,9,8,23,26,22,22.1,18.2,10.6,25.8,14.2,9.0,2.0,17.5,3.8,26.0,30.0,5.7,21.75,4.75,23.666666666666668,8.0,19.689999999999998,20.666666666666668,27.570422535211268
35,4,Darius Garland,0.0,CLE,MIA,13.0,222.0,104.5,7,16.0,23.0,28.3,PG,4300,0,22.0,8.0,100,107,-8%,12,11,12,34,34,31,22.9,21.5,13.7,29.2,33.3,25.5,5.9,23.5,5.47,23.0,34.0,5.3,23.25,5.385,33.0,11.666666666666666,22.11,22.433333333333334,23.954545454545457
35,5,Larry Nance Jr.,0.0,CLE,MIA,13.0,222.0,104.5,3,6.0,31.7,52.0,PF/C,5700,0,15.0,17.0,100,107,0%,11,10,7,30,31,25,31.7,24.4,13.4,35.4,28.2,22.8,4.0,31.5,5.53,33.3,34.0,5.8,32.4,5.665,28.666666666666668,9.333333333333334,27.46,29.900000000000002,38.42790697674418
35,6,P.J. Tucker,0.0,HOU,UTA,2.0,232.5,115.3,9,11.5,18.3,24.8,C,4000,1,9.0,9.0,101,106,-8%,5,5,6,33,31,36,18.7,22.6,13.2,32.0,34.8,15.8,4.0,19.0,4.75,21.9,35.0,5.5,20.45,5.125,33.333333333333336,5.333333333333333,21.39,18.2,21.472499999999997
35,7,Andre Drummond,0.0,CLE,MIA,13.0,222.0,104.5,4,36.0,48.3,66.8,C,8500,0,33.0,22.0,100,107,-5%,11,16,14,22,29,34,48.3,48.7,37.4,60.0,24.7,15.0,1.8,42.0,4.94,39.8,28.0,4.7,40.9,4.82,28.333333333333332,13.666666666666666,47.06,50.36666666666667,40.41882352941177
36,0,Dante Exum,0.0,CLE,MIA,13.0,222.0,104.5,7,5.0,10.3,16.5,PG/SG,3000,0,15.0,9.0,100,107,-8%,4,3,3,21,16,14,10.3,9.2,2.3,16.0,25.3,28.0,9.3,13.5,4.5,13.1,19.0,4.4,13.3,4.45,17.0,3.3333333333333335,10.219999999999999,10.6,14.864705882352942
36,1,Garrett Temple,0.0,BKN,CHA,-4.0,210.5,107.3,8,16.0,20.0,27.5,PG/SG,3500,1,17.0,10.0,99,110,2%,9,9,10,29,26,29,19.9,21.2,13.0,29.3,26.4,38.3,10.9,17.0,4.86,19.5,27.0,5.6,18.25,5.23,28.0,9.333333333333334,20.33,21.166666666666668,17.598214285714285
36,2,Jonah Bolden,0.0,PHO,CHI,-3.0,222.0,112.5,25,-0.5,5.8,20.8,PF/C,3000,0,0.0,0.0,102,107,8%,4,2,2,14,8,7,5.0,4.8,-3.1,12.8,5.0,1.3,0.4,12.8,4.25,0.0,0.0,0.0,6.4,2.125,9.666666666666666,2.6666666666666665,5.18,8.700000000000001,0.0
36,3,Treveon Graham,0.0,ATL,DAL,1.0,235.5,117.3,16,0.0,8.1,22.8,SF,3000,1,11.0,6.0,101,109,0%,2,3,5,6,13,17,8.1,10.0,2.6,17.3,18.8,15.5,5.2,11.8,3.92,8.5,13.5,2.8,10.15,3.36,12.0,3.3333333333333335,9.63,10.299999999999999,11.41875
36,4,Pat Connaughton,0.0,MIL,PHI,-9.5,228.0,118.8,8,4.8,11.7,21.8,SG/SF,3200,1,12.0,11.0,101,104,-4%,4,4,4,22,20,19,11.7,14.8,7.5,22.0,19.5,19.0,5.9,11.5,3.59,10.3,13.5,3.2,10.9,3.395,20.333333333333332,4.0,13.38,12.766666666666666,7.2368852459016395
36,5,Cedi Osman,0.0,CLE,MIA,13.0,222.0,104.5,15,14.5,22.2,35.5,SF/PF,3900,0,17.0,11.0,100,107,1%,9,9,9,31,30,29,22.1,21.3,13.5,29.1,37.8,40.3,10.3,22.8,5.83,23.8,31.5,6.1,23.3,5.965,30.0,9.0,21.86,24.066666666666666,24.465000000000003
36,6,Robin Lopez,0.0,MIL,PHI,-9.5,228.0,118.8,12,1.3,8.0,18.8,C,3000,1,16.0,12.0,101,104,-10%,7,4,5,11,12,14,8.3,11.4,4.1,18.8,18.3,16.0,5.3,8.3,2.75,9.4,12.0,3.1,8.850000000000001,2.925,12.333333333333334,5.333333333333333,10.290000000000001,9.366666666666667,8.610810810810811
36,7,Jarrett Allen,0.0,BKN,CHA,-4.0,210.5,107.3,18,1.5,19.7,34.3,C,4300,1,15.0,20.0,99,110,6%,8,6,7,20,20,27,24.5,30.0,19.0,40.9,24.9,35.3,8.2,20.8,4.83,22.5,20.5,5.2,21.65,5.015000000000001,22.333333333333332,7.0,27.21,18.5,19.87276119402985
37,0,Delon Wright,0.0,DAL,ATL,-1.0,235.5,118.3,14,9.3,17.2,23.5,PG/SG,3800,0,17.0,17.0,106,112,-1%,4,5,6,25,21,22,17.6,20.8,12.2,29.4,29.6,24.0,6.3,26.3,6.91,26.3,25.0,6.9,26.3,6.905,22.666666666666668,5.0,21.26,16.666666666666668,29.007352941176467
37,1,James Harden,0.0,HOU,UTA,2.0,232.5,115.3,29,36.3,54.9,67.0,PG/SG,10900,1,37.0,29.0,101,106,-2%,18,17,24,34,35,38,55.2,61.5,47.1,75.8,37.1,62.3,5.7,56.5,5.18,57.8,37.5,5.3,57.15,5.24,35.666666666666664,19.666666666666668,59.35,52.73333333333333,60.08761682242991
37,2,Taurean Prince,0.0,BKN,CHA,-4.0,210.5,107.3,27,12.8,20.2,27.5,PF,4200,1,20.0,10.0,99,110,1%,9,12,12,26,26,30,20.1,26.4,17.2,35.5,29.6,27.0,6.4,24.5,5.83,25.1,28.5,6.0,24.8,5.915,27.333333333333332,11.0,24.8,20.166666666666668,25.858536585365854
37,3,Derrick Jones Jr.,0.0,MIA,CLE,-13.0,222.0,117.5,23,8.5,13.4,18.0,SF/PF,3500,1,14.0,14.0,101,114,5%,4,4,7,19,22,26,13.4,19.5,10.7,28.3,27.0,32.5,9.3,21.5,6.14,21.9,26.0,6.3,21.7,6.22,22.333333333333332,5.0,18.720000000000002,13.299999999999999,25.262686567164177
37,4,Caris LeVert,0.0,BKN,CHA,-4.0,210.5,107.3,8,21.5,39.3,51.3,PG/SF,7000,1,28.0,12.0,99,110,2%,25,20,15,38,34,28,39.3,27.3,16.2,38.3,30.0,37.3,5.3,35.0,5.0,36.2,33.5,5.2,35.6,5.1,33.333333333333336,20.0,31.339999999999996,37.36666666666667,35.778
37,5,Dorian Finney-Smith,0.0,DAL,ATL,-1.0,235.5,118.3,22,16.0,20.5,24.8,SF/PF,4600,0,13.0,12.0,106,112,17%,5,8,7,29,32,30,20.5,21.6,14.1,29.2,30.8,18.3,4.0,29.0,6.3,29.0,34.0,6.3,29.0,6.3,30.333333333333332,6.666666666666667,22.88,20.433333333333334,32.505494505494504
37,6,D.J. Wilson,0.0,MIL,PHI,-9.5,228.0,118.8,14,0.0,5.1,11.8,PF/C,3000,1,0.0,0.0,101,104,-8%,2,2,3,3,5,9,5.1,6.8,-0.1,13.8,4.8,6.0,2.0,6.3,2.08,0.0,0.0,0.0,3.15,1.04,5.666666666666667,2.3333333333333335,5.749999999999999,5.633333333333333,0.0
37,7,Devonte' Graham,0.0,CHA,BKN,4.0,210.5,103.3,3,15.0,39.4,50.5,PG,7100,1,26.0,16.0,104,106,4%,14,15,15,34,35,36,39.4,37.7,27.1,48.3,26.9,15.3,2.2,35.5,5.0,35.8,35.0,5.0,35.65,5.0,35.0,14.666666666666666,37.63,34.96666666666667,35.65
38,0,Coby White,0.0,CHI,PHO,3.0,222.0,109.5,10,17.5,26.4,39.3,PG/SG,4700,1,23.0,10.0,104,108,3%,13,13,11,32,29,25,26.4,21.1,12.2,30.1,33.9,42.8,9.1,29.5,6.28,28.5,32.0,6.1,29.0,6.1899999999999995,28.666666666666668,12.333333333333334,23.759999999999998,27.73333333333333,32.372093023255815
38,1,Furkan Korkmaz,0.0,PHI,MIL,9.5,228.0,109.3,24,3.3,25.8,52.0,SG/SF,3700,1,18.0,12.0,107,100,-1%,5,11,8,21,26,22,25.8,16.4,6.1,26.6,25.8,26.3,7.1,17.8,4.8,12.7,17.0,3.4,15.25,4.1,23.0,8.0,18.03,27.03333333333333,11.271739130434781
38,2,PJ Washington,0.0,CHA,BKN,4.0,210.5,103.3,21,18.3,23.2,34.3,PF/C,4700,1,18.0,13.0,104,106,-3%,10,10,10,31,30,31,23.2,26.0,17.1,34.8,37.2,33.8,7.2,26.0,5.53,25.2,30.0,5.4,25.6,5.465,30.666666666666668,10.0,25.339999999999996,25.266666666666666,25.043478260869566
38,3,Cody Martin,0.0,CHA,BKN,4.0,210.5,103.3,3,13.5,20.7,34.0,SG/SF,3500,1,14.0,11.0,104,106,-3%,7,6,4,31,28,16,20.7,11.8,2.9,20.6,17.1,10.0,2.9,16.5,4.71,17.5,25.5,5.0,17.0,4.855,25.0,5.666666666666667,14.6,22.733333333333334,17.34
38,4,Joe Harris,0.0,BKN,CHA,-4.0,210.5,107.3,29,15.3,26.9,34.0,SG/SF,4500,1,17.0,13.0,99,110,1%,10,11,11,35,33,32,25.7,24.7,16.9,32.6,24.6,24.5,5.4,27.3,6.06,26.5,33.0,5.9,26.9,5.98,33.333333333333336,10.666666666666666,25.360000000000003,25.400000000000002,26.630999999999997
38,5,Georges Niang,0.0,UTA,HOU,-2.0,232.5,117.3,28,5.8,11.1,19.3,SF/PF,3000,0,16.0,13.0,106,107,9%,5,5,5,14,12,14,11.1,11.0,4.4,17.7,9.9,2.8,0.9,11.5,3.83,9.4,12.0,3.1,10.45,3.465,13.333333333333334,5.0,10.929999999999998,12.066666666666668,9.405
38,6,Boban Marjanovic,0.0,DAL,ATL,-1.0,235.5,118.3,30,2.8,7.8,18.0,C,3000,0,0.0,0.0,106,112,7%,5,3,5,8,6,10,7.8,12.8,1.7,24.0,3.7,6.5,2.2,13.3,4.42,16.4,11.0,5.5,14.85,4.96,8.0,4.333333333333333,12.23,9.533333333333333,20.41875
38,7,Pat Connaughton,0.0,MIL,PHI,-9.5,228.0,118.8,8,4.8,11.7,21.8,SG/SF,3200,1,12.0,11.0,101,104,-4%,4,4,4,22,20,19,11.7,14.8,7.5,22.0,19.5,19.0,5.9,11.5,3.59,10.3,13.5,3.2,10.9,3.395,20.333333333333332,4.0,13.38,12.766666666666666,7.2368852459016395
39,0,Ben Simmons,0.0,PHI,MIL,9.5,228.0,109.3,5,34.5,48.7,59.5,PG/SF,9200,1,23.0,21.0,107,100,0%,18,12,12,40,38,37,49.3,45.0,33.7,56.3,4.7,10.5,1.1,44.0,4.78,44.0,37.0,4.8,44.0,4.79,38.333333333333336,14.0,45.660000000000004,47.56666666666666,42.469565217391306
39,1,Jordan Clarkson,0.0,UTA,HOU,-2.0,232.5,117.3,26,17.0,32.9,46.3,PG/SG,5300,0,26.0,19.0,106,107,0%,12,15,12,30,28,25,32.9,24.3,14.9,33.7,27.0,34.8,6.6,26.3,4.95,25.1,25.0,4.7,25.700000000000003,4.825,27.666666666666668,13.0,26.3,32.06666666666666,23.222891566265062
39,2,Timothe Luwawu-Cabarrot,0.0,BKN,CHA,-4.0,210.5,107.3,13,5.3,12.7,22.3,SF/PF,3000,1,15.0,8.0,99,110,2%,4,6,4,14,16,15,12.7,9.8,2.7,17.0,23.4,27.5,9.2,11.5,3.83,9.8,13.5,3.3,10.65,3.565,15.0,4.666666666666667,10.57,13.433333333333332,9.585
39,3,Duncan Robinson,0.0,MIA,CLE,-13.0,222.0,117.5,11,15.5,28.1,35.8,SG/SF,4500,1,15.0,12.0,101,114,7%,13,13,9,32,36,30,28.1,22.3,13.7,30.8,32.3,26.3,5.8,25.8,5.72,29.1,34.0,6.5,27.450000000000003,6.109999999999999,32.666666666666664,11.666666666666666,24.470000000000002,26.46666666666667,28.57040816326531
39,4,Pat Connaughton,0.0,MIL,PHI,-9.5,228.0,118.8,8,4.8,11.7,21.8,SG/SF,3200,1,12.0,11.0,101,104,-4%,4,4,4,22,20,19,11.7,14.8,7.5,22.0,19.5,19.0,5.9,11.5,3.59,10.3,13.5,3.2,10.9,3.395,20.333333333333332,4.0,13.38,12.766666666666666,7.2368852459016395
39,5,Kevin Porter Jr.,0.0,CLE,MIA,13.0,222.0,104.5,30,9.3,22.2,30.5,SG/SF,4600,0,21.0,11.0,100,107,-8%,7,9,8,23,26,22,22.1,18.2,10.6,25.8,14.2,9.0,2.0,17.5,3.8,26.0,30.0,5.7,21.75,4.75,23.666666666666668,8.0,19.689999999999998,20.666666666666668,27.570422535211268
39,6,PJ Washington,0.0,CHA,BKN,4.0,210.5,103.3,21,18.3,23.2,34.3,PF/C,4700,1,18.0,13.0,104,106,-3%,10,10,10,31,30,31,23.2,26.0,17.1,34.8,37.2,33.8,7.2,26.0,5.53,25.2,30.0,5.4,25.6,5.465,30.666666666666668,10.0,25.339999999999996,25.266666666666666,25.043478260869566
39,7,Eric Bledsoe,0.0,MIL,PHI,-9.5,228.0,118.8,2,28.0,38.4,52.5,PG,6900,1,25.0,19.0,101,104,-6%,13,14,12,27,30,28,38.4,32.8,22.4,43.1,27.3,28.0,4.1,34.0,4.93,35.5,31.0,5.1,34.75,5.015,28.333333333333332,13.0,34.29,39.63333333333333,38.02058823529412
40,0,Russell Westbrook,0.0,HOU,UTA,2.0,232.5,115.3,29,41.5,51.6,59.5,PG,9800,1,35.0,21.0,101,106,-2%,21,25,23,34,36,36,51.5,52.3,40.9,63.6,39.0,49.5,5.1,48.3,4.92,54.3,36.5,5.5,51.3,5.21,35.333333333333336,23.0,51.92,50.86666666666667,52.993867924528296
40,1,Coby White,0.0,CHI,PHO,3.0,222.0,109.5,10,17.5,26.4,39.3,PG/SG,4700,1,23.0,10.0,104,108,3%,13,13,11,32,29,25,26.4,21.1,12.2,30.1,33.9,42.8,9.1,29.5,6.28,28.5,32.0,6.1,29.0,6.1899999999999995,28.666666666666668,12.333333333333334,23.759999999999998,27.73333333333333,32.372093023255815
40,2,Cedi Osman,0.0,CLE,MIA,13.0,222.0,104.5,15,14.5,22.2,35.5,SF/PF,3900,0,17.0,11.0,100,107,1%,9,9,9,31,30,29,22.1,21.3,13.5,29.1,37.8,40.3,10.3,22.8,5.83,23.8,31.5,6.1,23.3,5.965,30.0,9.0,21.86,24.066666666666666,24.465000000000003
40,3,Kevin Porter Jr.,0.0,CLE,MIA,13.0,222.0,104.5,30,9.3,22.2,30.5,SG/SF,4600,0,21.0,11.0,100,107,-8%,7,9,8,23,26,22,22.1,18.2,10.6,25.8,14.2,9.0,2.0,17.5,3.8,26.0,30.0,5.7,21.75,4.75,23.666666666666668,8.0,19.689999999999998,20.666666666666668,27.570422535211268
40,4,Jordan Clarkson,0.0,UTA,HOU,-2.0,232.5,117.3,26,17.0,32.9,46.3,PG/SG,5300,0,26.0,19.0,106,107,0%,12,15,12,30,28,25,32.9,24.3,14.9,33.7,27.0,34.8,6.6,26.3,4.95,25.1,25.0,4.7,25.700000000000003,4.825,27.666666666666668,13.0,26.3,32.06666666666666,23.222891566265062
40,5,Courtney Lee,0.0,DAL,ATL,-1.0,235.5,118.3,22,2.5,9.4,15.0,SF,3000,0,0.0,0.0,106,112,4%,3,3,3,16,14,10,9.4,6.8,0.8,12.8,21.4,15.0,5.0,7.5,2.5,8.7,11.5,2.9,8.1,2.7,13.333333333333334,3.0,7.58,8.966666666666667,6.986249999999999
40,6,Kelly Olynyk,0.0,MIA,CLE,-13.0,222.0,117.5,11,4.5,17.5,41.5,PF/C,3400,1,16.0,13.0,101,114,0%,4,5,6,12,15,20,17.5,17.8,7.1,28.5,26.3,30.0,8.8,13.0,3.82,18.3,19.0,5.4,15.65,4.61,15.666666666666666,5.0,17.31,21.166666666666668,18.979787234042554
40,7,Garrett Temple,0.0,BKN,CHA,-4.0,210.5,107.3,8,16.0,20.0,27.5,PG/SG,3500,1,17.0,10.0,99,110,2%,9,9,10,29,26,29,19.9,21.2,13.0,29.3,26.4,38.3,10.9,17.0,4.86,19.5,27.0,5.6,18.25,5.23,28.0,9.333333333333334,20.33,21.166666666666668,17.598214285714285
41,0,Jalen Brunson,0.0,DAL,ATL,-1.0,235.5,118.3,14,7.5,18.2,25.5,PG/SG,5000,0,22.0,15.0,106,112,-1%,5,7,7,17,24,18,18.1,17.1,6.3,27.8,0.2,2.0,0.4,23.8,4.75,30.4,29.5,6.1,27.1,5.425,19.666666666666668,6.333333333333333,19.28,17.066666666666666,40.65
41,1,Dante Exum,0.0,CLE,MIA,13.0,222.0,104.5,7,5.0,10.3,16.5,PG/SG,3000,0,15.0,9.0,100,107,-8%,4,3,3,21,16,14,10.3,9.2,2.3,16.0,25.3,28.0,9.3,13.5,4.5,13.1,19.0,4.4,13.3,4.45,17.0,3.3333333333333335,10.219999999999999,10.6,14.864705882352942
41,2,PJ Washington,0.0,CHA,BKN,4.0,210.5,103.3,21,18.3,23.2,34.3,PF/C,4700,1,18.0,13.0,104,106,-3%,10,10,10,31,30,31,23.2,26.0,17.1,34.8,37.2,33.8,7.2,26.0,5.53,25.2,30.0,5.4,25.6,5.465,30.666666666666668,10.0,25.339999999999996,25.266666666666666,25.043478260869566
41,3,Duncan Robinson,0.0,MIA,CLE,-13.0,222.0,117.5,11,15.5,28.1,35.8,SG/SF,4500,1,15.0,12.0,101,114,7%,13,13,9,32,36,30,28.1,22.3,13.7,30.8,32.3,26.3,5.8,25.8,5.72,29.1,34.0,6.5,27.450000000000003,6.109999999999999,32.666666666666664,11.666666666666666,24.470000000000002,26.46666666666667,28.57040816326531
41,4,James Harden,0.0,HOU,UTA,2.0,232.5,115.3,29,36.3,54.9,67.0,PG/SG,10900,1,37.0,29.0,101,106,-2%,18,17,24,34,35,38,55.2,61.5,47.1,75.8,37.1,62.3,5.7,56.5,5.18,57.8,37.5,5.3,57.15,5.24,35.666666666666664,19.666666666666668,59.35,52.73333333333333,60.08761682242991
41,5,John Collins,0.0,ATL,DAL,1.0,235.5,117.3,9,31.3,42.7,60.5,PF,8400,1,22.0,23.0,101,109,-1%,11,15,15,32,37,32,42.6,40.2,30.1,50.4,37.1,67.8,8.1,42.3,5.03,43.6,34.0,5.2,42.95,5.115,33.666666666666664,13.666666666666666,41.25,44.833333333333336,43.37524752475248
41,6,Jeff Green,0.0,HOU,UTA,2.0,232.5,115.3,2,9.0,14.1,24.5,PF/C,3200,1,18.0,11.0,101,106,-8%,8,6,7,21,18,19,14.1,14.1,7.7,20.4,13.2,7.8,2.4,10.5,3.28,11.2,15.0,3.5,10.85,3.3899999999999997,19.333333333333332,7.0,13.429999999999998,15.866666666666667,8.418103448275863
41,7,Joe Ingles,0.0,UTA,HOU,-2.0,232.5,117.3,10,20.3,24.0,28.3,SG/SF,4800,0,17.0,13.0,106,107,9%,10,8,8,31,32,31,23.9,25.5,16.2,34.8,30.2,17.0,3.5,29.0,6.04,27.3,30.0,5.7,28.15,5.87,31.333333333333332,8.666666666666666,25.709999999999997,24.2,26.95212765957447
42,0,Delon Wright,0.0,DAL,ATL,-1.0,235.5,118.3,14,9.3,17.2,23.5,PG/SG,3800,0,17.0,17.0,106,112,-1%,4,5,6,25,21,22,17.6,20.8,12.2,29.4,29.6,24.0,6.3,26.3,6.91,26.3,25.0,6.9,26.3,6.905,22.666666666666668,5.0,21.26,16.666666666666668,29.007352941176467
42,1,Josh Richardson,0.0,PHI,MIL,9.5,228.0,109.3,24,0.0,15.0,33.8,SG,4400,1,22.0,12.0,107,100,-7%,14,11,13,35,31,32,24.9,27.4,18.2,36.7,26.6,14.3,3.3,26.5,6.02,25.1,32.5,5.7,25.8,5.859999999999999,32.666666666666664,12.666666666666666,26.6,16.266666666666666,25.668367346938776
42,2,Glenn Robinson III,0.0,PHI,MIL,9.5,228.0,109.3,14,8.5,21.3,42.0,SF/PF,3100,1,16.0,13.0,107,100,-1%,13,11,11,29,31,32,31.8,24.1,15.8,32.4,19.8,21.5,6.9,14.5,4.68,13.0,18.0,4.2,13.75,4.4399999999999995,30.666666666666668,11.666666666666666,23.57,23.933333333333334,8.070652173913043
42,3,Furkan Korkmaz,0.0,PHI,MIL,9.5,228.0,109.3,24,3.3,25.8,52.0,SG/SF,3700,1,18.0,12.0,107,100,-1%,5,11,8,21,26,22,25.8,16.4,6.1,26.6,25.8,26.3,7.1,17.8,4.8,12.7,17.0,3.4,15.25,4.1,23.0,8.0,18.03,27.03333333333333,11.271739130434781
42,4,Adam Mokoka,0.0,CHI,PHO,3.0,222.0,109.5,10,0.0,4.2,16.5,PG/SG,3000,1,0.0,0.0,104,108,-1%,4,3,3,5,4,4,4.2,3.9,-2.4,10.2,17.0,6.8,2.3,4.0,1.33,0.0,0.0,0.0,2.0,0.665,4.333333333333333,3.3333333333333335,3.5799999999999996,6.8999999999999995,0.0
42,5,Kevin Huerter,0.0,ATL,DAL,1.0,235.5,117.3,28,16.8,30.4,47.8,SG/SF,5400,1,18.0,12.0,101,109,-1%,14,15,11,35,39,31,30.4,25.9,15.7,36.1,38.6,23.8,4.4,29.0,5.37,29.4,35.5,5.4,29.2,5.385,35.0,13.333333333333334,27.46,31.666666666666668,29.61714285714286
42,6,Jeff Green,0.0,HOU,UTA,2.0,232.5,115.3,2,9.0,14.1,24.5,PF/C,3200,1,18.0,11.0,101,106,-8%,8,6,7,21,18,19,14.1,14.1,7.7,20.4,13.2,7.8,2.4,10.5,3.28,11.2,15.0,3.5,10.85,3.3899999999999997,19.333333333333332,7.0,13.429999999999998,15.866666666666667,8.418103448275863
42,7,Cedi Osman,0.0,CLE,MIA,13.0,222.0,104.5,15,14.5,22.2,35.5,SF/PF,3900,0,17.0,11.0,100,107,1%,9,9,9,31,30,29,22.1,21.3,13.5,29.1,37.8,40.3,10.3,22.8,5.83,23.8,31.5,6.1,23.3,5.965,30.0,9.0,21.86,24.066666666666666,24.465000000000003
43,0,Austin Rivers,0.0,HOU,UTA,2.0,232.5,115.3,29,4.3,12.9,22.5,PG/SG,3100,1,15.0,10.0,101,106,-2%,6,6,8,22,23,24,12.8,16.3,8.0,24.5,16.8,10.5,3.4,14.3,4.6,9.8,15.0,3.2,12.05,3.9,23.0,6.666666666666667,14.73,13.233333333333334,7.858695652173914
43,1,Josh Richardson,0.0,PHI,MIL,9.5,228.0,109.3,24,0.0,15.0,33.8,SG,4400,1,22.0,12.0,107,100,-7%,14,11,13,35,31,32,24.9,27.4,18.2,36.7,26.6,14.3,3.3,26.5,6.02,25.1,32.5,5.7,25.8,5.859999999999999,32.666666666666664,12.666666666666666,26.6,16.266666666666666,25.668367346938776
43,2,Maxi Kleber,0.0,DAL,ATL,-1.0,235.5,118.3,10,9.5,19.0,34.3,PF/C,3900,0,14.0,14.0,106,112,8%,9,7,7,21,24,25,19.0,20.5,12.6,28.4,30.0,32.0,8.2,29.8,7.63,29.5,30.5,7.6,29.65,7.615,23.333333333333332,7.666666666666667,22.03,20.933333333333334,38.75678571428571
43,3,Mikal Bridges,0.0,PHO,CHI,-3.0,222.0,112.5,18,14.8,24.9,35.0,SG/SF,4900,0,13.0,13.0,102,107,3%,10,9,6,28,31,26,24.9,19.3,9.8,28.8,28.4,28.5,5.8,23.5,4.8,23.4,31.0,4.8,23.45,4.8,28.333333333333332,8.333333333333334,21.25,24.900000000000002,25.65705882352941
43,4,Furkan Korkmaz,0.0,PHI,MIL,9.5,228.0,109.3,24,3.3,25.8,52.0,SG/SF,3700,1,18.0,12.0,107,100,-1%,5,11,8,21,26,22,25.8,16.4,6.1,26.6,25.8,26.3,7.1,17.8,4.8,12.7,17.0,3.4,15.25,4.1,23.0,8.0,18.03,27.03333333333333,11.271739130434781
43,5,Jalen McDaniels,0.0,CHA,BKN,4.0,210.5,103.3,21,2.0,10.6,24.0,PF,3000,1,0.0,0.0,104,106,-3%,2,3,3,19,16,13,10.4,9.3,1.0,17.5,23.0,19.8,6.6,13.3,4.42,10.8,14.5,3.6,12.05,4.01,16.0,2.6666666666666665,10.05,12.200000000000001,10.920312500000001
43,6,Jarrett Allen,0.0,BKN,CHA,-4.0,210.5,107.3,18,1.5,19.7,34.3,C,4300,1,15.0,20.0,99,110,6%,8,6,7,20,20,27,24.5,30.0,19.0,40.9,24.9,35.3,8.2,20.8,4.83,22.5,20.5,5.2,21.65,5.015000000000001,22.333333333333332,7.0,27.21,18.5,19.87276119402985
43,7,Michael Kidd-Gilchrist,0.0,DAL,ATL,-1.0,235.5,118.3,10,0.0,4.6,11.5,PF,3000,0,0.0,0.0,106,112,17%,1,2,4,6,7,13,4.6,8.6,2.1,15.1,4.9,0.8,0.3,13.0,4.33,9.5,11.0,3.2,11.25,3.765,8.666666666666666,2.3333333333333335,8.33,5.366666666666667,14.278846153846155
45,0,Goran Dragic,0.0,MIA,CLE,-13.0,222.0,117.5,22,22.8,29.9,46.0,PG,5400,1,26.0,16.0,101,114,7%,11,13,13,30,30,29,29.8,29.5,20.8,38.2,25.5,30.5,5.6,34.0,6.3,34.8,30.0,6.4,34.4,6.35,29.666666666666668,12.333333333333334,30.54,32.9,34.78651685393258
45,1,Collin Sexton,0.0,CLE,MIA,13.0,222.0,104.5,7,21.5,32.6,44.5,PG/SG,6400,0,27.0,16.0,100,107,-8%,17,17,17,33,34,33,32.5,30.2,23.2,37.1,33.4,34.5,5.4,29.5,4.61,31.7,34.0,5.0,30.6,4.805,33.333333333333336,17.0,30.720000000000006,32.86666666666667,31.211999999999996
45,2,Cody Zeller,0.0,CHA,BKN,4.0,210.5,103.3,21,10.8,23.6,35.0,PF/C,4700,1,21.0,19.0,104,106,8%,7,8,8,24,22,23,23.6,24.3,14.5,34.2,21.5,24.8,5.3,25.8,5.48,25.9,23.0,5.5,25.85,5.49,23.0,7.666666666666667,24.490000000000002,23.133333333333336,25.85
45,3,Courtney Lee,0.0,DAL,ATL,-1.0,235.5,118.3,22,2.5,9.4,15.0,SF,3000,0,0.0,0.0,106,112,4%,3,3,3,16,14,10,9.4,6.8,0.8,12.8,21.4,15.0,5.0,7.5,2.5,8.7,11.5,2.9,8.1,2.7,13.333333333333334,3.0,7.58,8.966666666666667,6.986249999999999
45,4,Malik Monk,0.0,CHA,BKN,4.0,210.5,103.3,3,25.0,31.6,40.5,PG/SG,5100,1,23.0,13.0,104,106,0%,17,14,9,31,30,22,31.6,18.9,7.7,30.0,26.9,23.5,4.6,27.5,5.39,26.5,29.0,5.2,27.0,5.295,27.666666666666668,13.333333333333334,23.04,32.36666666666667,28.301204819277107
45,5,Cam Reddish,0.0,ATL,DAL,1.0,235.5,117.3,28,5.5,19.6,31.0,SG/SF,4100,1,18.0,8.0,101,109,-1%,12,11,9,32,29,27,24.9,19.9,11.1,28.6,39.2,37.0,9.0,19.5,4.76,24.8,33.0,6.0,22.15,5.38,29.333333333333332,10.666666666666666,21.330000000000002,18.7,24.91875
45,6,Bismack Biyombo,0.0,CHA,BKN,4.0,210.5,103.3,16,4.5,12.5,32.5,C,3500,1,17.0,16.0,104,106,8%,6,3,5,20,16,19,12.6,17.8,7.8,27.8,9.6,11.5,3.3,15.5,4.43,14.5,15.0,4.1,15.0,4.265,18.333333333333332,4.666666666666667,16.2,16.5,12.272727272727273
45,7,Matisse Thybulle,0.0,PHI,MIL,9.5,228.0,109.3,24,2.0,11.2,15.8,SG/SF,3000,1,11.0,10.0,107,100,0%,2,3,4,16,21,21,11.2,13.6,5.4,21.8,10.8,2.3,0.8,9.5,3.17,9.1,15.5,3.0,9.3,3.085,19.333333333333332,3.0,12.26,9.666666666666666,7.456034482758622
46,0,James Harden,0.0,HOU,UTA,2.0,232.5,115.3,29,36.3,54.9,67.0,PG/SG,10900,1,37.0,29.0,101,106,-2%,18,17,24,34,35,38,55.2,61.5,47.1,75.8,37.1,62.3,5.7,56.5,5.18,57.8,37.5,5.3,57.15,5.24,35.666666666666664,19.666666666666668,59.35,52.73333333333333,60.08761682242991
46,1,Tim Hardaway Jr.,0.0,DAL,ATL,-1.0,235.5,118.3,20,24.5,34.1,45.8,SG/SF,6100,0,21.0,15.0,106,112,17%,12,13,12,33,33,28,34.1,24.1,13.6,34.6,35.2,47.5,7.8,33.0,5.41,34.2,34.0,5.6,33.6,5.505,31.333333333333332,12.333333333333334,28.0,34.800000000000004,36.45957446808511
46,2,Jonah Bolden,0.0,PHO,CHI,-3.0,222.0,112.5,25,-0.5,5.8,20.8,PF/C,3000,0,0.0,0.0,102,107,8%,4,2,2,14,8,7,5.0,4.8,-3.1,12.8,5.0,1.3,0.4,12.8,4.25,0.0,0.0,0.0,6.4,2.125,9.666666666666666,2.6666666666666665,5.18,8.700000000000001,0.0
46,3,Cam Reddish,0.0,ATL,DAL,1.0,235.5,117.3,28,5.5,19.6,31.0,SG/SF,4100,1,18.0,8.0,101,109,-1%,12,11,9,32,29,27,24.9,19.9,11.1,28.6,39.2,37.0,9.0,19.5,4.76,24.8,33.0,6.0,22.15,5.38,29.333333333333332,10.666666666666666,21.330000000000002,18.7,24.91875
46,4,Dante Exum,0.0,CLE,MIA,13.0,222.0,104.5,7,5.0,10.3,16.5,PG/SG,3000,0,15.0,9.0,100,107,-8%,4,3,3,21,16,14,10.3,9.2,2.3,16.0,25.3,28.0,9.3,13.5,4.5,13.1,19.0,4.4,13.3,4.45,17.0,3.3333333333333335,10.219999999999999,10.6,14.864705882352942
46,5,Royce O'Neale,0.0,UTA,HOU,-2.0,232.5,117.3,28,11.5,18.0,30.0,SF,3400,0,9.0,9.0,106,107,9%,8,5,5,32,29,30,17.8,18.8,12.2,25.4,20.1,13.8,4.1,17.0,5.0,16.1,24.5,4.7,16.55,4.85,30.333333333333332,6.0,18.15,19.833333333333332,13.367307692307694
46,6,Larry Nance Jr.,0.0,CLE,MIA,13.0,222.0,104.5,3,6.0,31.7,52.0,PF/C,5700,0,15.0,17.0,100,107,0%,11,10,7,30,31,25,31.7,24.4,13.4,35.4,28.2,22.8,4.0,31.5,5.53,33.3,34.0,5.8,32.4,5.665,28.666666666666668,9.333333333333334,27.46,29.900000000000002,38.42790697674418
46,7,J.J. Barea,0.0,DAL,ATL,-1.0,235.5,118.3,14,3.0,18.6,29.8,PG/SG,3000,0,0.0,0.0,106,112,-1%,6,7,8,13,15,16,18.6,17.6,9.4,25.8,19.1,23.0,7.7,16.5,5.5,13.8,11.0,4.6,15.15,5.05,14.666666666666666,7.0,17.310000000000002,17.133333333333336,11.3625
47,0,Collin Sexton,0.0,CLE,MIA,13.0,222.0,104.5,7,21.5,32.6,44.5,PG/SG,6400,0,27.0,16.0,100,107,-8%,17,17,17,33,34,33,32.5,30.2,23.2,37.1,33.4,34.5,5.4,29.5,4.61,31.7,34.0,5.0,30.6,4.805,33.333333333333336,17.0,30.720000000000006,32.86666666666667,31.211999999999996
47,1,James Harden,0.0,HOU,UTA,2.0,232.5,115.3,29,36.3,54.9,67.0,PG/SG,10900,1,37.0,29.0,101,106,-2%,18,17,24,34,35,38,55.2,61.5,47.1,75.8,37.1,62.3,5.7,56.5,5.18,57.8,37.5,5.3,57.15,5.24,35.666666666666664,19.666666666666668,59.35,52.73333333333333,60.08761682242991
47,2,Kelly Oubre Jr.,0.0,PHO,CHI,-3.0,222.0,112.5,11,16.3,30.9,58.8,SF/PF,6600,0,22.0,15.0,102,107,3%,16,16,15,32,34,35,30.9,34.4,23.6,45.3,38.7,29.3,4.4,35.3,5.34,33.7,35.0,5.1,34.5,5.22,33.666666666666664,15.666666666666666,33.739999999999995,35.333333333333336,35.866336633663366
47,3,Khris Middleton,0.0,MIL,PHI,-9.5,228.0,118.8,26,32.3,44.6,57.8,SF,8100,1,26.0,22.0,101,104,-5%,18,18,15,33,33,30,44.6,37.7,27.4,48.1,30.8,38.3,4.7,38.3,4.72,40.2,32.5,5.0,39.25,4.859999999999999,32.0,17.0,39.410000000000004,44.9,39.86328125
47,4,Cam Reddish,0.0,ATL,DAL,1.0,235.5,117.3,28,5.5,19.6,31.0,SG/SF,4100,1,18.0,8.0,101,109,-1%,12,11,9,32,29,27,24.9,19.9,11.1,28.6,39.2,37.0,9.0,19.5,4.76,24.8,33.0,6.0,22.15,5.38,29.333333333333332,10.666666666666666,21.330000000000002,18.7,24.91875
47,5,Michael Kidd-Gilchrist,0.0,DAL,ATL,-1.0,235.5,118.3,10,0.0,4.6,11.5,PF,3000,0,0.0,0.0,106,112,17%,1,2,4,6,7,13,4.6,8.6,2.1,15.1,4.9,0.8,0.3,13.0,4.33,9.5,11.0,3.2,11.25,3.765,8.666666666666666,2.3333333333333335,8.33,5.366666666666667,14.278846153846155
47,6,PJ Washington,0.0,CHA,BKN,4.0,210.5,103.3,21,18.3,23.2,34.3,PF/C,4700,1,18.0,13.0,104,106,-3%,10,10,10,31,30,31,23.2,26.0,17.1,34.8,37.2,33.8,7.2,26.0,5.53,25.2,30.0,5.4,25.6,5.465,30.666666666666668,10.0,25.339999999999996,25.266666666666666,25.043478260869566
47,7,DeAndre Jordan,0.0,BKN,CHA,-4.0,210.5,107.3,18,16.8,32.7,40.3,C,5500,1,15.0,20.0,99,110,6%,9,8,5,30,28,22,32.6,26.3,16.9,35.8,20.0,16.3,3.0,30.0,5.45,30.7,25.5,5.6,30.35,5.525,26.666666666666668,7.333333333333333,28.389999999999997,29.933333333333334,29.0221875
