Lineup Num,,Player Name,injury_status,team,opp,spread,over_under,implied_team_score,L5_dvp_rank,L5_ppg_floor,L5_ppg_avg,L5_ppg_max,Pos,Salary,Rest,USG,PER,Opp Pace,Opp DEff,Opp DvP,L2 FGA,L5 FGA,S FGA,L2 Min,L5 Min,S Min,L5 FP,S FP,Floor FP,Ceil FP,Actual Min,Actual FP,Actual Val,FantasyFuelPPGProj,FantasyFuelValueProj,DFN_PPGProj,DFN_MinProj,DFN_ValueProj,Avg Proj,Avg Value Proj,Avg Skewed Min,Avg Skewed FGA,Avg Skewed FP,Avg L5 PPG,Proj Min Enhanced
0,0,Gary Payton II,0.0,WAS,CHA,-4.0,227.5,115.8,5,3.8,10.8,23.0,PG/SG,3100,1,14.0,12.0,99,110,-6%,4,4,5,15,14,20,10.8,17.0,5.5,28.4,15.0,7.5,2.4,13.8,4.44,14.3,16.5,4.6,14.05,4.52,16.333333333333332,4.333333333333333,15.15,12.533333333333333,14.193367346938777
0,1,Marcus Smart,0.0,BOS,GS,-12.0,227.0,119.5,17,21.5,27.6,34.5,PG/SG,6200,1,19.0,14.0,103,110,9%,13,11,11,36,32,32,27.6,29.3,18.6,40.0,27.4,38.3,6.2,29.8,4.8,28.4,29.5,4.6,29.1,4.699999999999999,33.333333333333336,11.666666666666666,28.919999999999998,27.866666666666664,25.7535
0,2,Patrick Patterson,0.0,LAC,SAC,-14.0,225.5,119.8,20,0.0,8.7,16.5,PF/C,3000,3,15.0,12.0,100,109,-8%,5,3,4,17,10,13,8.7,10.4,2.3,18.5,8.3,3.3,1.1,13.3,4.42,0.0,0.0,0.0,6.65,2.21,13.333333333333334,4.0,9.309999999999999,8.4,0.0
0,3,Eric Paschall,0.0,GS,BOS,12.0,227.0,107.5,8,6.3,26.5,44.8,SF/PF,4400,1,21.0,15.0,102,103,2%,7,12,11,19,28,28,26.5,24.3,13.1,35.5,23.2,7.8,1.8,20.0,4.55,18.8,23.0,4.3,19.4,4.425,25.0,10.0,23.759999999999998,25.866666666666664,17.848
0,4,Trae Young,0.0,ATL,PHI,7.0,228.0,110.5,18,37.5,56.6,77.5,PG,9900,1,36.0,24.0,101,103,-7%,19,19,22,34,34,36,56.6,52.9,39.1,66.6,38.1,77.0,7.8,48.5,4.9,51.2,35.5,5.2,49.85,5.050000000000001,34.666666666666664,20.0,53.010000000000005,57.199999999999996,51.048317307692315
0,5,Omari Spellman,0.0,GS,BOS,12.0,227.0,107.5,2,10.0,13.6,17.8,PF/C,3900,1,19.0,16.0,102,103,2%,7,7,6,17,19,19,13.6,17.8,8.7,26.9,21.6,22.8,5.8,17.5,4.49,15.8,17.5,4.1,16.65,4.295,18.333333333333332,6.666666666666667,16.73,13.800000000000002,15.89318181818182
0,6,Ian Mahinmi,0.0,WAS,CHA,-4.0,227.5,115.8,11,14.8,25.0,41.3,C,4500,1,16.0,15.0,99,110,8%,5,6,6,18,24,23,25.0,22.4,12.9,31.9,22.0,19.0,4.2,21.8,4.83,21.8,21.5,4.8,21.8,4.8149999999999995,21.666666666666668,5.666666666666667,22.8,27.03333333333333,21.63230769230769
0,7,Semi Ojeleye,0.0,BOS,GS,-12.0,227.0,119.5,12,6.3,10.8,15.3,PF,3000,1,8.0,7.0,103,110,-1%,3,4,3,17,19,15,10.8,6.8,1.4,12.1,29.4,20.0,6.7,9.8,3.25,9.1,17.5,3.0,9.45,3.125,17.0,3.3333333333333335,8.11,10.800000000000002,9.727941176470587
1,0,Trae Young,0.0,ATL,PHI,7.0,228.0,110.5,18,37.5,56.6,77.5,PG,9900,1,36.0,24.0,101,103,-7%,19,19,22,34,34,36,56.6,52.9,39.1,66.6,38.1,77.0,7.8,48.5,4.9,51.2,35.5,5.2,49.85,5.050000000000001,34.666666666666664,20.0,53.010000000000005,57.199999999999996,51.048317307692315
1,1,Jordan Poole,0.0,GS,BOS,12.0,227.0,107.5,24,6.0,15.8,30.8,SG/SF,3200,1,20.0,5.0,102,103,-10%,6,9,8,17,23,21,15.8,14.4,6.5,22.4,18.9,11.8,3.7,12.0,3.75,11.0,16.5,3.4,11.5,3.575,20.333333333333332,7.666666666666667,14.12,17.533333333333335,9.331967213114755
1,2,Anthony Tolliver,0.0,SAC,LAC,14.0,225.5,105.8,13,1.3,5.3,11.5,PF,3000,0,11.0,7.0,105,104,-4%,3,2,3,14,12,16,5.3,10.0,2.0,18.0,2.3,2.0,0.7,6.5,2.17,6.3,10.0,2.1,6.4,2.135,14.0,2.6666666666666665,8.34,6.033333333333334,4.571428571428572
1,3,Troy Brown Jr.,0.0,WAS,CHA,-4.0,227.5,115.8,20,12.3,23.1,32.8,SF/PF,5600,1,17.0,15.0,99,110,0%,11,8,9,33,28,26,23.1,23.9,13.2,34.6,34.6,25.0,4.5,29.0,5.18,29.7,31.5,5.3,29.35,5.24,29.0,9.333333333333334,24.830000000000002,22.733333333333334,31.880172413793105
1,4,Jordan Clarkson,0.0,UTA,DEN,-2.0,215.0,108.5,14,10.8,19.6,27.5,PG/SG,4100,0,26.0,17.0,100,106,-4%,11,11,12,25,25,24,19.6,23.1,14.8,31.4,30.7,46.5,11.3,24.0,5.85,22.4,26.5,5.5,23.2,5.675,24.666666666666668,11.333333333333334,22.419999999999998,19.3,24.924324324324324
1,5,Landry Shamet,0.0,LAC,SAC,-14.0,225.5,119.8,10,18.0,25.9,35.5,SG/SF,5000,3,14.0,9.0,100,109,6%,15,11,8,40,36,29,25.9,17.9,10.4,25.3,31.3,24.5,4.9,15.3,3.05,15.4,25.0,3.1,15.350000000000001,3.075,35.0,11.333333333333334,18.97,26.46666666666667,10.964285714285715
1,6,Marquese Chriss,0.0,GS,BOS,12.0,227.0,107.5,2,14.3,22.3,25.8,PF/C,4500,1,19.0,18.0,102,103,2%,8,7,6,26,21,18,22.3,19.6,10.6,28.6,23.0,20.3,4.5,24.8,5.5,25.4,24.5,5.6,25.1,5.55,21.666666666666668,7.0,21.24,20.8,28.38230769230769
1,7,Gary Payton II,0.0,WAS,CHA,-4.0,227.5,115.8,5,3.8,10.8,23.0,PG/SG,3100,1,14.0,12.0,99,110,-6%,4,4,5,15,14,20,10.8,17.0,5.5,28.4,15.0,7.5,2.4,13.8,4.44,14.3,16.5,4.6,14.05,4.52,16.333333333333332,4.333333333333333,15.15,12.533333333333333,14.193367346938777
2,0,Cory Joseph,0.0,SAC,LAC,14.0,225.5,105.8,4,8.5,12.4,19.5,PG,3000,0,14.0,9.0,105,104,0%,5,3,6,19,20,25,12.4,16.5,9.0,24.0,32.8,35.0,11.7,11.8,3.92,10.5,16.0,3.5,11.15,3.71,21.333333333333332,4.666666666666667,14.61,13.466666666666667,8.3625
2,1,Zhaire Smith,0.0,PHI,ATL,-7.0,228.0,117.5,16,0.0,8.0,30.0,SG/SF,3000,1,0.0,0.0,106,111,5%,3,3,3,6,6,6,3.9,3.9,0.5,7.2,8.6,5.3,1.8,12.5,4.17,0.0,0.0,0.0,6.25,2.085,6.0,3.0,4.35,12.666666666666666,0.0
2,2,Davis Bertans,0.0,WAS,CHA,-4.0,227.5,115.8,22,14.8,26.9,36.8,PF,6200,1,18.0,16.0,99,110,0%,10,10,11,31,29,29,26.9,27.7,18.7,36.7,28.1,12.0,1.9,27.5,4.44,30.3,30.0,4.9,28.9,4.67,29.666666666666668,10.333333333333334,27.78,26.166666666666668,29.224719101123593
2,3,Grant Williams,0.0,BOS,GS,-12.0,227.0,119.5,30,6.8,13.4,25.0,SF/PF,3500,1,12.0,7.0,103,110,-1%,3,3,3,16,15,15,13.1,9.5,2.5,16.4,16.7,18.3,5.2,12.8,3.64,13.0,17.5,3.7,12.9,3.67,15.333333333333334,3.0,10.879999999999999,15.066666666666668,14.722826086956522
2,4,D'Angelo Russell,0.0,GS,BOS,12.0,227.0,107.5,2,34.8,48.0,53.5,PG/SG,8000,1,33.0,20.0,102,103,-10%,22,22,20,36,35,33,48.0,41.8,28.7,54.9,28.3,38.8,4.8,40.0,5.0,40.9,34.0,5.1,40.45,5.05,34.666666666666664,21.333333333333332,42.769999999999996,45.43333333333334,39.67211538461539
2,5,De'Andre Hunter,0.0,ATL,PHI,7.0,228.0,110.5,1,15.5,25.5,34.3,SF/PF,4700,1,18.0,8.0,101,103,-7%,12,12,11,30,31,31,25.4,21.9,12.2,31.7,36.5,23.5,5.0,20.0,4.26,19.5,30.5,4.1,19.75,4.18,30.666666666666668,11.666666666666666,22.19,25.099999999999998,19.64266304347826
2,6,Ed Davis,0.0,UTA,DEN,-2.0,215.0,108.5,19,0.8,3.6,7.0,C,3000,0,0.0,0.0,100,106,-3%,1,1,1,6,7,11,3.5,7.9,3.6,12.2,10.7,4.5,1.5,4.5,1.5,10.0,11.0,3.3,7.25,2.4,8.0,1.0,6.890000000000001,3.8000000000000003,9.96875
2,7,Kevin Love,0.0,CLE,TOR,10.0,221.5,105.8,17,24.0,32.4,40.3,PF,7200,1,24.0,18.0,103,102,4%,13,15,13,25,29,32,32.4,37.3,26.3,48.3,32.7,39.3,5.5,34.5,4.79,36.5,30.0,5.1,35.5,4.945,28.666666666666668,13.666666666666666,35.959999999999994,32.23333333333333,37.151162790697676
3,0,Shake Milton,0.0,PHI,ATL,-7.0,228.0,117.5,22,3.5,16.7,24.8,PG/SG,4200,1,0.0,0.0,106,111,5%,6,5,4,25,18,12,16.6,9.3,1.1,17.4,35.4,46.3,11.0,19.8,4.7,20.8,24.5,5.0,20.3,4.85,18.333333333333332,5.0,12.940000000000001,15.0,27.128181818181822
3,1,Kent Bazemore,0.0,SAC,LAC,14.0,225.5,105.8,30,8.8,16.1,25.3,SG/SF,4100,0,16.0,8.0,105,104,-1%,6,6,8,19,21,26,16.1,18.5,11.1,25.8,19.6,19.3,4.7,14.8,3.6,12.7,18.5,3.1,13.75,3.35,22.0,6.666666666666667,17.05,16.733333333333334,11.5625
3,2,John Collins,0.0,ATL,PHI,7.0,228.0,110.5,15,30.5,43.3,67.0,PF/C,7800,1,23.0,22.0,101,103,-9%,13,15,14,28,31,30,43.3,38.8,28.3,49.3,33.9,43.5,5.6,39.5,5.06,40.9,32.5,5.2,40.2,5.13,29.666666666666668,14.0,39.98,46.93333333333334,44.03932584269663
3,3,Bojan Bogdanovic,0.0,UTA,DEN,-2.0,215.0,108.5,7,19.0,30.1,36.3,SF/PF,6000,0,25.0,17.0,100,106,-7%,17,15,16,34,33,34,30.1,31.3,22.6,40.0,35.3,28.5,4.8,29.3,4.88,31.4,34.0,5.2,30.35,5.04,33.666666666666664,16.0,30.869999999999997,28.46666666666667,30.650495049504954
3,4,Isaiah Thomas,0.0,WAS,CHA,-4.0,227.5,115.8,5,6.0,19.4,25.5,PG,4100,1,25.0,12.0,99,110,-6%,9,9,11,19,21,24,19.4,21.3,12.4,30.1,22.5,29.0,7.1,20.0,4.88,18.5,21.0,4.5,19.25,4.6899999999999995,21.333333333333332,9.666666666666666,20.490000000000002,16.966666666666665,18.94921875
3,5,Harry Giles III,0.0,SAC,LAC,14.0,225.5,105.8,13,1.5,12.6,24.5,PF/C,3100,0,0.0,0.0,105,104,-4%,4,3,4,12,12,11,12.6,11.6,4.6,18.6,2.8,3.3,1.1,11.8,3.79,15.1,15.0,4.9,13.45,4.345000000000001,11.666666666666666,3.6666666666666665,12.169999999999998,12.866666666666667,17.29285714285714
3,6,Dewayne Dedmon,0.0,SAC,LAC,14.0,225.5,105.8,23,10.8,16.7,30.0,C,3700,0,19.0,8.0,105,104,3%,6,6,5,20,21,15,16.7,12.5,5.2,19.7,30.9,41.8,11.3,20.8,5.61,19.8,21.5,5.4,20.3,5.505000000000001,18.666666666666668,5.666666666666667,14.88,19.166666666666668,23.381249999999998
3,7,Davis Bertans,0.0,WAS,CHA,-4.0,227.5,115.8,22,14.8,26.9,36.8,PF,6200,1,18.0,16.0,99,110,0%,10,10,11,31,29,29,26.9,27.7,18.7,36.7,28.1,12.0,1.9,27.5,4.44,30.3,30.0,4.9,28.9,4.67,29.666666666666668,10.333333333333334,27.78,26.166666666666668,29.224719101123593
4,0,Shake Milton,0.0,PHI,ATL,-7.0,228.0,117.5,22,3.5,16.7,24.8,PG/SG,4200,1,0.0,0.0,106,111,5%,6,5,4,25,18,12,16.6,9.3,1.1,17.4,35.4,46.3,11.0,19.8,4.7,20.8,24.5,5.0,20.3,4.85,18.333333333333332,5.0,12.940000000000001,15.0,27.128181818181822
4,1,Jordan Poole,0.0,GS,BOS,12.0,227.0,107.5,24,6.0,15.8,30.8,SG/SF,3200,1,20.0,5.0,102,103,-10%,6,9,8,17,23,21,15.8,14.4,6.5,22.4,18.9,11.8,3.7,12.0,3.75,11.0,16.5,3.4,11.5,3.575,20.333333333333332,7.666666666666667,14.12,17.533333333333335,9.331967213114755
4,2,Jerami Grant,0.0,DEN,UTA,2.0,215.0,106.5,5,33.8,37.3,41.0,PF/C,6400,1,18.0,14.0,101,105,-8%,15,15,8,34,34,25,37.3,20.1,11.0,29.2,34.0,23.8,3.7,27.8,4.34,29.2,35.0,4.6,28.5,4.47,31.0,12.666666666666666,25.22,37.36666666666667,32.17741935483871
4,3,Bradley Beal,0.0,WAS,CHA,-4.0,227.5,115.8,12,39.8,52.8,60.5,SG/SF,9400,1,33.0,22.0,99,110,1%,27,24,22,38,35,36,52.8,47.3,35.8,58.7,34.9,62.3,6.6,47.0,5.0,50.7,37.0,5.4,48.85,5.2,36.333333333333336,24.333333333333332,48.690000000000005,51.03333333333333,49.74633027522936
4,4,Justin James,0.0,SAC,LAC,14.0,225.5,105.8,30,0.0,4.0,8.0,SG/SF,3000,0,0.0,0.0,105,104,0%,1,1,3,3,4,8,3.4,6.3,-1.1,13.6,2.3,4.0,1.3,4.3,1.42,0.0,0.0,0.0,2.15,0.71,5.0,1.6666666666666667,4.869999999999999,4.0,0.0
4,5,Patrick Patterson,0.0,LAC,SAC,-14.0,225.5,119.8,20,0.0,8.7,16.5,PF/C,3000,3,15.0,12.0,100,109,-8%,5,3,4,17,10,13,8.7,10.4,2.3,18.5,8.3,3.3,1.1,13.3,4.42,0.0,0.0,0.0,6.65,2.21,13.333333333333334,4.0,9.309999999999999,8.4,0.0
4,6,John Henson,0.0,CLE,TOR,10.0,221.5,105.8,2,8.8,13.6,20.0,C,3000,1,17.0,17.0,103,102,4%,7,5,4,18,15,14,13.6,15.2,7.9,22.5,11.2,9.8,3.3,14.0,4.67,12.5,11.5,4.2,13.25,4.4350000000000005,15.666666666666666,5.333333333333333,14.489999999999998,14.133333333333333,9.726063829787234
4,7,Vince Carter,0.0,ATL,PHI,7.0,228.0,110.5,1,4.5,13.3,23.8,SF/PF,3300,1,16.0,7.0,101,103,-4%,7,5,5,17,13,15,13.3,10.7,3.6,17.9,23.8,28.0,8.5,13.0,3.94,11.6,16.5,3.5,12.3,3.7199999999999998,15.0,5.666666666666667,11.559999999999999,13.866666666666667,13.530000000000001
5,0,Raul Neto,0.0,PHI,ATL,-7.0,228.0,117.5,22,9.0,15.9,28.0,PG,4100,1,18.0,13.0,106,111,0%,8,6,4,20,15,11,15.9,9.2,1.7,16.6,20.1,2.5,0.6,13.8,3.35,12.8,14.0,3.1,13.3,3.225,15.333333333333334,6.0,11.34,17.633333333333333,12.143478260869564
5,1,Joe Ingles,0.0,UTA,DEN,-2.0,215.0,108.5,27,16.0,21.8,26.0,SG/SF,4900,0,17.0,14.0,100,106,-7%,8,7,9,32,29,30,21.8,25.8,16.0,35.6,34.0,28.0,5.7,24.8,5.05,26.3,30.5,5.4,25.55,5.225,30.333333333333332,8.0,24.95,21.266666666666666,25.690384615384616
5,2,Harry Giles III,0.0,SAC,LAC,14.0,225.5,105.8,13,1.5,12.6,24.5,PF/C,3100,0,0.0,0.0,105,104,-4%,4,3,4,12,12,11,12.6,11.6,4.6,18.6,2.8,3.3,1.1,11.8,3.79,15.1,15.0,4.9,13.45,4.345000000000001,11.666666666666666,3.6666666666666665,12.169999999999998,12.866666666666667,17.29285714285714
5,3,Draymond Green,0.0,GS,BOS,12.0,227.0,107.5,2,15.5,29.6,46.3,PG/SF,5900,1,18.0,12.0,102,103,2%,8,7,8,33,31,29,29.6,29.4,18.2,40.6,27.3,25.5,4.3,30.5,5.17,29.8,31.0,5.1,30.15,5.135,31.0,7.666666666666667,29.589999999999996,30.46666666666667,30.15
5,4,D'Angelo Russell,0.0,GS,BOS,12.0,227.0,107.5,2,34.8,48.0,53.5,PG/SG,8000,1,33.0,20.0,102,103,-10%,22,22,20,36,35,33,48.0,41.8,28.7,54.9,28.3,38.8,4.8,40.0,5.0,40.9,34.0,5.1,40.45,5.05,34.666666666666664,21.333333333333332,42.769999999999996,45.43333333333334,39.67211538461539
5,5,Kevin Love,0.0,CLE,TOR,10.0,221.5,105.8,17,24.0,32.4,40.3,PF,7200,1,24.0,18.0,103,102,4%,13,15,13,25,29,32,32.4,37.3,26.3,48.3,32.7,39.3,5.5,34.5,4.79,36.5,30.0,5.1,35.5,4.945,28.666666666666668,13.666666666666666,35.959999999999994,32.23333333333333,37.151162790697676
5,6,John Henson,0.0,CLE,TOR,10.0,221.5,105.8,2,8.8,13.6,20.0,C,3000,1,17.0,17.0,103,102,4%,7,5,4,18,15,14,13.6,15.2,7.9,22.5,11.2,9.8,3.3,14.0,4.67,12.5,11.5,4.2,13.25,4.4350000000000005,15.666666666666666,5.333333333333333,14.489999999999998,14.133333333333333,9.726063829787234
5,7,Gary Payton II,0.0,WAS,CHA,-4.0,227.5,115.8,5,3.8,10.8,23.0,PG/SG,3100,1,14.0,12.0,99,110,-6%,4,4,5,15,14,20,10.8,17.0,5.5,28.4,15.0,7.5,2.4,13.8,4.44,14.3,16.5,4.6,14.05,4.52,16.333333333333332,4.333333333333333,15.15,12.533333333333333,14.193367346938777
6,0,Devonte' Graham,0.0,CHA,WAS,4.0,227.5,111.8,25,18.5,31.4,52.3,PG,7700,1,27.0,16.0,106,114,7%,11,13,16,33,35,35,31.4,37.8,27.4,48.3,35.4,33.8,4.4,39.3,5.1,38.9,36.0,5.1,39.099999999999994,5.1,34.333333333333336,13.333333333333334,36.8,34.06666666666666,40.99805825242718
6,1,PJ Dozier,0.0,DEN,UTA,2.0,215.0,106.5,29,2.8,11.5,21.8,SG/SF,3000,1,0.0,0.0,101,105,-3%,2,7,6,9,15,14,11.5,11.2,2.7,19.7,14.2,18.8,6.3,10.0,3.33,10.5,12.5,3.5,10.25,3.415,12.666666666666666,5.0,11.07,12.033333333333333,10.115131578947368
6,2,De'Andre Hunter,0.0,ATL,PHI,7.0,228.0,110.5,1,15.5,25.5,34.3,SF/PF,4700,1,18.0,8.0,101,103,-7%,12,12,11,30,31,31,25.4,21.9,12.2,31.7,36.5,23.5,5.0,20.0,4.26,19.5,30.5,4.1,19.75,4.18,30.666666666666668,11.666666666666666,22.19,25.099999999999998,19.64266304347826
6,3,Justin James,0.0,SAC,LAC,14.0,225.5,105.8,30,0.0,4.0,8.0,SG/SF,3000,0,0.0,0.0,105,104,0%,1,1,3,3,4,8,3.4,6.3,-1.1,13.6,2.3,4.0,1.3,4.3,1.42,0.0,0.0,0.0,2.15,0.71,5.0,1.6666666666666667,4.869999999999999,4.0,0.0
6,4,Landry Shamet,0.0,LAC,SAC,-14.0,225.5,119.8,10,18.0,25.9,35.5,SG/SF,5000,3,14.0,9.0,100,109,6%,15,11,8,40,36,29,25.9,17.9,10.4,25.3,31.3,24.5,4.9,15.3,3.05,15.4,25.0,3.1,15.350000000000001,3.075,35.0,11.333333333333334,18.97,26.46666666666667,10.964285714285715
6,5,Cam Reddish,0.0,ATL,PHI,7.0,228.0,110.5,4,19.0,26.6,33.0,SG/SF,4500,1,18.0,7.0,101,103,-9%,12,11,9,26,28,27,26.6,19.6,10.6,28.5,29.9,18.0,4.0,19.8,4.39,20.4,28.5,4.5,20.1,4.445,27.0,10.666666666666666,21.080000000000002,26.2,21.21666666666667
6,6,Serge Ibaka,0.0,TOR,CLE,-10.0,221.5,115.8,7,19.0,29.9,43.0,C,7100,1,23.0,18.0,101,113,1%,13,11,12,25,24,27,29.9,30.5,21.4,39.6,33.2,37.5,5.3,36.0,5.07,35.8,31.0,5.0,35.9,5.035,25.333333333333332,12.0,31.46,30.633333333333336,43.930263157894736
6,7,Georges Niang,0.0,UTA,DEN,-2.0,215.0,108.5,7,7.0,15.7,22.0,SF/PF,3100,0,16.0,13.0,100,106,-7%,4,5,5,15,17,15,15.7,11.1,4.1,18.2,14.9,12.5,4.0,11.5,3.71,11.9,16.0,3.8,11.7,3.755,15.666666666666666,4.666666666666667,12.16,14.9,11.948936170212766
7,0,Monte Morris,0.0,DEN,UTA,2.0,215.0,106.5,6,16.5,26.1,36.8,PG,5300,1,20.0,15.0,101,105,-3%,12,10,7,35,30,20,26.0,17.2,8.8,25.7,32.1,13.8,2.6,28.0,5.28,27.8,31.5,5.2,27.9,5.24,28.333333333333332,9.666666666666666,21.119999999999997,26.46666666666667,31.01823529411765
7,1,Norman Powell,0.0,TOR,CLE,-10.0,221.5,115.8,22,15.8,24.8,35.3,SG/SF,6300,1,20.0,17.0,101,113,5%,10,11,11,23,25,28,24.8,26.1,15.5,36.7,25.5,25.3,4.0,22.3,3.53,23.2,24.5,3.7,22.75,3.615,25.333333333333332,10.666666666666666,25.17,25.3,22.001644736842106
7,2,Cedi Osman,0.0,CLE,TOR,10.0,221.5,105.8,28,20.5,24.4,33.3,SF/PF,4600,1,17.0,11.0,103,102,5%,9,11,9,24,28,29,24.4,21.2,13.2,29.2,22.4,22.8,5.0,20.3,4.4,20.3,26.0,4.4,20.3,4.4,27.0,9.666666666666666,21.66,26.066666666666663,19.548148148148147
7,3,Miles Bridges,0.0,CHA,WAS,4.0,227.5,111.8,19,5.5,13.7,25.0,SF/PF,4700,1,19.0,12.0,106,114,4%,8,9,11,23,24,30,13.7,24.3,14.7,33.9,34.4,40.5,8.6,24.0,5.11,23.0,27.5,4.9,23.5,5.005000000000001,25.666666666666668,9.333333333333334,22.020000000000003,14.733333333333334,25.178571428571427
7,4,Malik Monk,0.0,CHA,WAS,4.0,227.5,111.8,25,0.8,19.3,48.8,PG/SG,4700,1,22.0,12.0,106,114,8%,15,11,8,28,23,20,24.4,17.2,6.3,28.2,27.5,16.5,3.5,22.0,4.68,21.6,24.0,4.6,21.8,4.64,23.666666666666668,11.333333333333334,19.58,22.96666666666667,22.107042253521126
7,5,Justin James,0.0,SAC,LAC,14.0,225.5,105.8,30,0.0,4.0,8.0,SG/SF,3000,0,0.0,0.0,105,104,0%,1,1,3,3,4,8,3.4,6.3,-1.1,13.6,2.3,4.0,1.3,4.3,1.42,0.0,0.0,0.0,2.15,0.71,5.0,1.6666666666666667,4.869999999999999,4.0,0.0
7,6,Chris Boucher,0.0,TOR,CLE,-10.0,221.5,115.8,7,4.0,12.0,18.8,C,4300,1,19.0,20.0,101,113,1%,5,4,5,8,9,13,11.9,15.0,3.9,26.1,14.8,17.0,4.0,15.8,3.66,16.1,15.0,3.7,15.950000000000001,3.68,10.0,4.666666666666667,14.569999999999999,11.6,23.925000000000004
7,7,John Henson,0.0,CLE,TOR,10.0,221.5,105.8,2,8.8,13.6,20.0,C,3000,1,17.0,17.0,103,102,4%,7,5,4,18,15,14,13.6,15.2,7.9,22.5,11.2,9.8,3.3,14.0,4.67,12.5,11.5,4.2,13.25,4.4350000000000005,15.666666666666666,5.333333333333333,14.489999999999998,14.133333333333333,9.726063829787234
8,0,Collin Sexton,0.0,CLE,TOR,10.0,221.5,105.8,10,27.0,35.1,44.0,PG/SG,6900,1,27.0,16.0,103,102,-2%,20,18,16,35,35,32,35.0,29.1,21.9,36.2,32.9,36.5,5.3,29.8,4.31,32.0,33.5,4.6,30.9,4.455,34.0,18.0,30.619999999999997,35.36666666666667,30.445588235294117
8,1,Marcus Smart,0.0,BOS,GS,-12.0,227.0,119.5,17,21.5,27.6,34.5,PG/SG,6200,1,19.0,14.0,103,110,9%,13,11,11,36,32,32,27.6,29.3,18.6,40.0,27.4,38.3,6.2,29.8,4.8,28.4,29.5,4.6,29.1,4.699999999999999,33.333333333333336,11.666666666666666,28.919999999999998,27.866666666666664,25.7535
8,2,Patrick Patterson,0.0,LAC,SAC,-14.0,225.5,119.8,20,0.0,8.7,16.5,PF/C,3000,3,15.0,12.0,100,109,-8%,5,3,4,17,10,13,8.7,10.4,2.3,18.5,8.3,3.3,1.1,13.3,4.42,0.0,0.0,0.0,6.65,2.21,13.333333333333334,4.0,9.309999999999999,8.4,0.0
8,3,Bradley Beal,0.0,WAS,CHA,-4.0,227.5,115.8,12,39.8,52.8,60.5,SG/SF,9400,1,33.0,22.0,99,110,1%,27,24,22,38,35,36,52.8,47.3,35.8,58.7,34.9,62.3,6.6,47.0,5.0,50.7,37.0,5.4,48.85,5.2,36.333333333333336,24.333333333333332,48.690000000000005,51.03333333333333,49.74633027522936
8,4,Ish Smith,0.0,WAS,CHA,-4.0,227.5,115.8,5,9.8,22.1,34.0,PG,4600,1,20.0,14.0,99,110,-6%,8,9,10,28,27,27,22.1,24.1,13.8,34.5,25.5,29.8,6.5,24.5,5.33,24.8,26.5,5.4,24.65,5.365,27.333333333333332,9.0,23.830000000000002,21.96666666666667,23.898475609756098
8,5,Miles Bridges,0.0,CHA,WAS,4.0,227.5,111.8,19,5.5,13.7,25.0,SF/PF,4700,1,19.0,12.0,106,114,4%,8,9,11,23,24,30,13.7,24.3,14.7,33.9,34.4,40.5,8.6,24.0,5.11,23.0,27.5,4.9,23.5,5.005000000000001,25.666666666666668,9.333333333333334,22.020000000000003,14.733333333333334,25.178571428571427
8,6,Marquese Chriss,0.0,GS,BOS,12.0,227.0,107.5,2,14.3,22.3,25.8,PF/C,4500,1,19.0,18.0,102,103,2%,8,7,6,26,21,18,22.3,19.6,10.6,28.6,23.0,20.3,4.5,24.8,5.5,25.4,24.5,5.6,25.1,5.55,21.666666666666668,7.0,21.24,20.8,28.38230769230769
8,7,Glenn Robinson III,0.0,GS,BOS,12.0,227.0,107.5,8,18.3,28.5,33.8,SF,4800,1,16.0,13.0,102,103,-3%,11,10,11,35,32,32,28.5,23.8,15.9,31.7,27.9,18.8,3.9,21.3,4.43,23.3,32.0,4.9,22.3,4.665,33.0,10.666666666666666,24.44,26.866666666666664,21.624242424242425
10,0,Alec Burks,0.0,GS,BOS,12.0,227.0,107.5,2,18.5,31.5,62.8,PG/SG,5200,1,24.0,16.0,102,103,-3%,11,13,13,26,30,30,31.1,30.1,18.9,41.3,24.4,25.5,4.9,25.3,4.86,25.1,26.0,4.8,25.200000000000003,4.83,28.666666666666668,12.333333333333334,29.320000000000004,37.6,22.855813953488372
10,1,Shake Milton,0.0,PHI,ATL,-7.0,228.0,117.5,22,3.5,16.7,24.8,PG/SG,4200,1,0.0,0.0,106,111,5%,6,5,4,25,18,12,16.6,9.3,1.1,17.4,35.4,46.3,11.0,19.8,4.7,20.8,24.5,5.0,20.3,4.85,18.333333333333332,5.0,12.940000000000001,15.0,27.128181818181822
10,2,Tobias Harris,0.0,PHI,ATL,-7.0,228.0,117.5,6,28.0,34.5,43.0,SF/PF,7000,1,23.0,17.0,106,111,19%,15,16,16,38,37,35,34.5,36.0,26.9,45.2,35.2,36.8,5.3,39.3,5.61,39.1,36.0,5.6,39.2,5.605,36.666666666666664,15.666666666666666,36.36,35.166666666666664,38.48727272727274
10,3,Jaylen Brown,0.0,BOS,GS,-12.0,227.0,119.5,9,25.5,35.7,43.5,SG/SF,7400,1,24.0,18.0,103,110,5%,16,15,15,39,35,34,35.7,35.3,25.7,44.9,26.6,32.3,4.4,36.0,4.86,37.9,34.5,5.1,36.95,4.98,36.0,15.333333333333334,35.71,34.9,35.41041666666667
10,4,Zhaire Smith,0.0,PHI,ATL,-7.0,228.0,117.5,16,0.0,8.0,30.0,SG/SF,3000,1,0.0,0.0,106,111,5%,3,3,3,6,6,6,3.9,3.9,0.5,7.2,8.6,5.3,1.8,12.5,4.17,0.0,0.0,0.0,6.25,2.085,6.0,3.0,4.35,12.666666666666666,0.0
10,5,Michael Porter Jr.,0.0,DEN,UTA,2.0,215.0,106.5,17,21.5,31.8,48.5,SF/PF,5700,1,22.0,20.0,101,105,-5%,11,11,6,23,25,14,31.8,15.6,2.8,28.3,25.2,35.5,6.2,25.8,4.52,25.6,24.0,4.5,25.700000000000003,4.51,20.666666666666668,9.333333333333334,20.84,33.93333333333333,29.845161290322583
10,6,Ian Mahinmi,0.0,WAS,CHA,-4.0,227.5,115.8,11,14.8,25.0,41.3,C,4500,1,16.0,15.0,99,110,8%,5,6,6,18,24,23,25.0,22.4,12.9,31.9,22.0,19.0,4.2,21.8,4.83,21.8,21.5,4.8,21.8,4.8149999999999995,21.666666666666668,5.666666666666667,22.8,27.03333333333333,21.63230769230769
10,7,Montrezl Harrell,0.0,LAC,SAC,-14.0,225.5,119.8,26,26.5,34.6,44.8,C,6900,3,26.0,23.0,100,109,-8%,15,15,14,28,28,29,34.6,34.3,24.0,44.7,29.3,39.8,5.8,30.8,4.46,33.0,29.0,4.8,31.9,4.63,28.333333333333332,14.666666666666666,33.900000000000006,35.300000000000004,32.65058823529412
11,0,Devonte' Graham,0.0,CHA,WAS,4.0,227.5,111.8,25,18.5,31.4,52.3,PG,7700,1,27.0,16.0,106,114,7%,11,13,16,33,35,35,31.4,37.8,27.4,48.3,35.4,33.8,4.4,39.3,5.1,38.9,36.0,5.1,39.099999999999994,5.1,34.333333333333336,13.333333333333334,36.8,34.06666666666666,40.99805825242718
11,1,Torrey Craig,0.0,DEN,UTA,2.0,215.0,106.5,29,6.0,19.0,35.5,SG/SF,4000,1,12.0,9.0,101,105,-9%,8,8,4,25,25,16,18.9,10.3,1.4,19.2,35.8,34.5,8.6,18.0,4.5,17.5,27.0,4.4,17.75,4.45,22.0,6.666666666666667,13.51,20.166666666666668,21.784090909090907
11,2,Jayson Tatum,0.0,BOS,GS,-12.0,227.0,119.5,30,31.8,41.4,50.0,SF/PF,7600,1,27.0,19.0,103,110,3%,19,19,18,34,34,34,45.1,39.1,28.6,49.6,23.9,34.0,4.5,30.0,3.95,30.0,25.0,3.9,30.0,3.925,34.0,18.666666666666668,38.480000000000004,41.06666666666667,22.058823529411764
11,3,Alfonzo McKinnie,0.0,CLE,TOR,10.0,221.5,105.8,28,10.8,16.0,24.8,SF/PF,3000,1,15.0,9.0,103,102,5%,8,6,4,24,21,14,15.9,9.6,1.5,17.8,18.1,12.0,4.0,14.3,4.75,11.2,15.0,3.7,12.75,4.225,19.666666666666668,6.0,11.51,17.2,9.72457627118644
11,4,Monte Morris,0.0,DEN,UTA,2.0,215.0,106.5,6,16.5,26.1,36.8,PG,5300,1,20.0,15.0,101,105,-3%,12,10,7,35,30,20,26.0,17.2,8.8,25.7,32.1,13.8,2.6,28.0,5.28,27.8,31.5,5.2,27.9,5.24,28.333333333333332,9.666666666666666,21.119999999999997,26.46666666666667,31.01823529411765
11,5,Zhaire Smith,0.0,PHI,ATL,-7.0,228.0,117.5,16,0.0,8.0,30.0,SG/SF,3000,1,0.0,0.0,106,111,5%,3,3,3,6,6,6,3.9,3.9,0.5,7.2,8.6,5.3,1.8,12.5,4.17,0.0,0.0,0.0,6.25,2.085,6.0,3.0,4.35,12.666666666666666,0.0
11,6,Daniel Theis,0.0,BOS,GS,-12.0,227.0,119.5,28,18.5,29.3,33.5,C,6100,1,15.0,17.0,103,110,-1%,9,8,6,30,26,23,29.3,23.3,16.2,30.4,25.7,22.5,3.7,27.0,4.43,30.5,29.0,5.0,28.75,4.715,26.333333333333332,7.666666666666667,25.59,27.099999999999998,31.661392405063292
11,7,Yogi Ferrell,0.0,SAC,LAC,14.0,225.5,105.8,4,0.0,6.8,16.0,PG/SG,3000,0,19.0,12.0,105,104,0%,3,3,4,8,7,12,6.8,9.1,2.9,15.3,2.3,4.8,1.6,3.5,1.17,0.0,0.0,0.0,1.75,0.585,9.0,3.3333333333333335,7.17,7.6000000000000005,0.0
14,0,Emmanuel Mudiay,0.0,UTA,DEN,-2.0,215.0,108.5,14,3.3,8.6,13.8,PG,3000,0,22.0,14.0,100,106,-4%,5,7,7,12,20,18,17.5,15.9,8.4,23.3,16.2,8.3,2.8,13.8,4.58,14.0,17.0,4.7,13.9,4.640000000000001,16.666666666666668,6.333333333333333,15.800000000000002,8.566666666666666,14.177999999999999
14,1,Furkan Korkmaz,0.0,PHI,ATL,-7.0,228.0,117.5,16,10.5,18.4,27.0,SG,4000,1,17.0,11.0,106,111,5%,9,11,8,23,24,21,18.4,15.4,7.7,23.1,21.2,4.8,1.2,18.8,4.69,20.0,25.0,5.0,19.4,4.845000000000001,22.666666666666668,9.333333333333334,16.8,18.633333333333333,21.39705882352941
14,2,Michael Porter Jr.,0.0,DEN,UTA,2.0,215.0,106.5,17,21.5,31.8,48.5,SF/PF,5700,1,22.0,20.0,101,105,-5%,11,11,6,23,25,14,31.8,15.6,2.8,28.3,25.2,35.5,6.2,25.8,4.52,25.6,24.0,4.5,25.700000000000003,4.51,20.666666666666668,9.333333333333334,20.84,33.93333333333333,29.845161290322583
14,3,Landry Shamet,0.0,LAC,SAC,-14.0,225.5,119.8,10,18.0,25.9,35.5,SG/SF,5000,3,14.0,9.0,100,109,6%,15,11,8,40,36,29,25.9,17.9,10.4,25.3,31.3,24.5,4.9,15.3,3.05,15.4,25.0,3.1,15.350000000000001,3.075,35.0,11.333333333333334,18.97,26.46666666666667,10.964285714285715
14,4,Joe Ingles,0.0,UTA,DEN,-2.0,215.0,108.5,27,16.0,21.8,26.0,SG/SF,4900,0,17.0,14.0,100,106,-7%,8,7,9,32,29,30,21.8,25.8,16.0,35.6,34.0,28.0,5.7,24.8,5.05,26.3,30.5,5.4,25.55,5.225,30.333333333333332,8.0,24.95,21.266666666666666,25.690384615384616
14,5,Bogdan Bogdanovic,0.0,SAC,LAC,14.0,225.5,105.8,30,17.8,24.9,35.8,SG/SF,4800,0,24.0,14.0,105,104,-1%,15,14,13,31,30,28,25.0,26.3,15.8,36.8,25.1,28.5,5.9,25.8,5.36,24.7,28.5,5.1,25.25,5.23,29.666666666666668,14.0,25.829999999999995,26.166666666666668,24.25702247191011
14,6,Damian Jones,0.0,ATL,PHI,7.0,228.0,110.5,9,-0.5,7.8,14.8,C,3600,1,11.0,16.0,101,103,-10%,2,1,3,17,15,16,9.6,13.4,5.8,21.0,26.1,29.8,8.3,15.3,4.24,16.5,22.0,4.6,15.9,4.42,16.0,2.0,13.14,7.366666666666667,21.8625
14,7,PJ Washington,0.0,CHA,WAS,4.0,227.5,111.8,9,7.5,27.3,48.8,PF/C,5400,1,18.0,13.0,106,114,6%,7,10,10,25,30,31,27.3,26.0,16.5,35.5,22.7,19.3,3.6,26.3,4.86,26.8,31.5,5.0,26.55,4.93,28.666666666666668,9.0,26.369999999999997,27.866666666666664,29.174127906976743
15,0,Fred VanVleet,0.0,TOR,CLE,-10.0,221.5,115.8,9,27.3,35.6,43.8,PG/SG,7700,1,24.0,17.0,101,113,5%,16,14,15,35,35,37,35.6,38.8,29.0,48.7,36.5,36.8,4.8,37.0,4.81,37.1,34.5,4.8,37.05,4.805,35.666666666666664,15.0,37.830000000000005,35.56666666666667,35.83808411214953
15,1,Jeff Teague,0.0,ATL,PHI,7.0,228.0,110.5,18,3.8,14.9,23.8,PG/SG,4000,1,19.0,16.0,101,103,-7%,6,7,9,23,23,27,20.4,26.4,15.9,36.9,13.4,6.8,1.7,18.5,4.63,20.2,22.0,5.0,19.35,4.8149999999999995,24.333333333333332,7.333333333333333,23.79,14.166666666666666,17.494520547945207
15,2,James Ennis III,0.0,PHI,ATL,-7.0,228.0,117.5,6,2.8,5.8,11.0,SF/PF,3400,1,16.0,12.0,106,111,19%,3,3,5,7,10,17,8.3,13.3,6.3,20.3,6.1,5.5,1.6,9.0,2.65,9.1,10.5,2.7,9.05,2.675,11.333333333333334,3.6666666666666665,11.45,6.533333333333334,8.384558823529412
15,3,Cedi Osman,0.0,CLE,TOR,10.0,221.5,105.8,28,20.5,24.4,33.3,SF/PF,4600,1,17.0,11.0,103,102,5%,9,11,9,24,28,29,24.4,21.2,13.2,29.2,22.4,22.8,5.0,20.3,4.4,20.3,26.0,4.4,20.3,4.4,27.0,9.666666666666666,21.66,26.066666666666663,19.548148148148147
15,4,Landry Shamet,0.0,LAC,SAC,-14.0,225.5,119.8,10,18.0,25.9,35.5,SG/SF,5000,3,14.0,9.0,100,109,6%,15,11,8,40,36,29,25.9,17.9,10.4,25.3,31.3,24.5,4.9,15.3,3.05,15.4,25.0,3.1,15.350000000000001,3.075,35.0,11.333333333333334,18.97,26.46666666666667,10.964285714285715
15,5,PJ Washington,0.0,CHA,WAS,4.0,227.5,111.8,9,7.5,27.3,48.8,PF/C,5400,1,18.0,13.0,106,114,6%,7,10,10,25,30,31,27.3,26.0,16.5,35.5,22.7,19.3,3.6,26.3,4.86,26.8,31.5,5.0,26.55,4.93,28.666666666666668,9.0,26.369999999999997,27.866666666666664,29.174127906976743
15,6,Cody Zeller,0.0,CHA,WAS,4.0,227.5,111.8,14,14.3,18.8,27.0,C,5000,1,21.0,18.0,106,114,6%,11,9,8,25,23,23,19.1,23.7,14.3,33.2,24.3,29.8,6.0,25.0,5.0,24.0,23.5,4.8,24.5,4.9,23.666666666666668,9.333333333333334,22.96,20.033333333333335,24.327464788732392
15,7,Cody Martin,0.0,CHA,WAS,4.0,227.5,111.8,28,2.0,7.5,17.0,SG/SF,3000,1,14.0,10.0,106,114,6%,5,4,3,16,13,14,7.5,10.4,2.2,18.6,23.2,22.5,7.5,12.3,4.08,9.0,12.0,3.0,10.65,3.54,14.333333333333334,4.0,9.870000000000001,8.833333333333334,8.916279069767441
16,0,Ish Smith,0.0,WAS,CHA,-4.0,227.5,115.8,5,9.8,22.1,34.0,PG,4600,1,20.0,14.0,99,110,-6%,8,9,10,28,27,27,22.1,24.1,13.8,34.5,25.5,29.8,6.5,24.5,5.33,24.8,26.5,5.4,24.65,5.365,27.333333333333332,9.0,23.830000000000002,21.96666666666667,23.898475609756098
16,1,Yogi Ferrell,0.0,SAC,LAC,14.0,225.5,105.8,4,0.0,6.8,16.0,PG/SG,3000,0,19.0,12.0,105,104,0%,3,3,4,8,7,12,6.8,9.1,2.9,15.3,2.3,4.8,1.6,3.5,1.17,0.0,0.0,0.0,1.75,0.585,9.0,3.3333333333333335,7.17,7.6000000000000005,0.0
16,2,De'Andre Hunter,0.0,ATL,PHI,7.0,228.0,110.5,1,15.5,25.5,34.3,SF/PF,4700,1,18.0,8.0,101,103,-7%,12,12,11,30,31,31,25.4,21.9,12.2,31.7,36.5,23.5,5.0,20.0,4.26,19.5,30.5,4.1,19.75,4.18,30.666666666666668,11.666666666666666,22.19,25.099999999999998,19.64266304347826
16,3,Bogdan Bogdanovic,0.0,SAC,LAC,14.0,225.5,105.8,30,17.8,24.9,35.8,SG/SF,4800,0,24.0,14.0,105,104,-1%,15,14,13,31,30,28,25.0,26.3,15.8,36.8,25.1,28.5,5.9,25.8,5.36,24.7,28.5,5.1,25.25,5.23,29.666666666666668,14.0,25.829999999999995,26.166666666666668,24.25702247191011
16,4,Will Barton,0.0,DEN,UTA,2.0,215.0,106.5,6,20.0,26.8,31.5,PG/SF,6000,1,20.0,16.0,101,105,-9%,9,11,13,28,32,34,26.8,32.6,22.7,42.6,36.4,28.3,4.7,28.5,4.75,30.9,33.5,5.2,29.7,4.975,31.333333333333332,11.0,30.880000000000003,26.099999999999998,31.753723404255318
16,5,Jaylen Brown,0.0,BOS,GS,-12.0,227.0,119.5,9,25.5,35.7,43.5,SG/SF,7400,1,24.0,18.0,103,110,5%,16,15,15,39,35,34,35.7,35.3,25.7,44.9,26.6,32.3,4.4,36.0,4.86,37.9,34.5,5.1,36.95,4.98,36.0,15.333333333333334,35.71,34.9,35.41041666666667
16,6,Ed Davis,0.0,UTA,DEN,-2.0,215.0,108.5,19,0.8,3.6,7.0,C,3000,0,0.0,0.0,100,106,-3%,1,1,1,6,7,11,3.5,7.9,3.6,12.2,10.7,4.5,1.5,4.5,1.5,10.0,11.0,3.3,7.25,2.4,8.0,1.0,6.890000000000001,3.8000000000000003,9.96875
16,7,Cam Reddish,0.0,ATL,PHI,7.0,228.0,110.5,4,19.0,26.6,33.0,SG/SF,4500,1,18.0,7.0,101,103,-9%,12,11,9,26,28,27,26.6,19.6,10.6,28.5,29.9,18.0,4.0,19.8,4.39,20.4,28.5,4.5,20.1,4.445,27.0,10.666666666666666,21.080000000000002,26.2,21.21666666666667
18,0,Ish Smith,0.0,WAS,CHA,-4.0,227.5,115.8,5,9.8,22.1,34.0,PG,4600,1,20.0,14.0,99,110,-6%,8,9,10,28,27,27,22.1,24.1,13.8,34.5,25.5,29.8,6.5,24.5,5.33,24.8,26.5,5.4,24.65,5.365,27.333333333333332,9.0,23.830000000000002,21.96666666666667,23.898475609756098
18,1,Jordan Poole,0.0,GS,BOS,12.0,227.0,107.5,24,6.0,15.8,30.8,SG/SF,3200,1,20.0,5.0,102,103,-10%,6,9,8,17,23,21,15.8,14.4,6.5,22.4,18.9,11.8,3.7,12.0,3.75,11.0,16.5,3.4,11.5,3.575,20.333333333333332,7.666666666666667,14.12,17.533333333333335,9.331967213114755
18,2,Eric Paschall,0.0,GS,BOS,12.0,227.0,107.5,8,6.3,26.5,44.8,SF/PF,4400,1,21.0,15.0,102,103,2%,7,12,11,19,28,28,26.5,24.3,13.1,35.5,23.2,7.8,1.8,20.0,4.55,18.8,23.0,4.3,19.4,4.425,25.0,10.0,23.759999999999998,25.866666666666664,17.848
18,3,Georges Niang,0.0,UTA,DEN,-2.0,215.0,108.5,7,7.0,15.7,22.0,SF/PF,3100,0,16.0,13.0,100,106,-7%,4,5,5,15,17,15,15.7,11.1,4.1,18.2,14.9,12.5,4.0,11.5,3.71,11.9,16.0,3.8,11.7,3.755,15.666666666666666,4.666666666666667,12.16,14.9,11.948936170212766
18,4,Kemba Walker,0.0,BOS,GS,-12.0,227.0,119.5,17,26.8,42.9,60.5,PG,7900,1,29.0,22.0,103,110,9%,22,18,18,38,34,33,42.9,40.1,28.4,51.8,31.0,29.5,3.7,43.5,5.51,44.2,33.5,5.6,43.85,5.555,35.0,19.333333333333332,41.410000000000004,43.4,41.97071428571429
18,5,Pascal Siakam,0.0,TOR,CLE,-10.0,221.5,115.8,16,30.5,41.4,53.0,PF/C,8400,1,29.0,19.0,101,113,1%,22,19,20,32,32,36,41.4,43.5,33.4,53.7,33.8,37.3,4.4,39.3,4.67,39.5,33.5,4.7,39.4,4.6850000000000005,33.333333333333336,20.333333333333332,42.28000000000001,41.63333333333333,39.597
18,6,Tristan Thompson,0.0,CLE,TOR,10.0,221.5,105.8,2,10.3,26.0,47.0,C,5400,1,18.0,17.0,103,102,-8%,7,8,10,25,30,31,30.1,31.7,20.3,43.0,26.6,17.0,3.1,25.8,4.77,25.3,27.5,4.7,25.55,4.734999999999999,28.666666666666668,8.333333333333334,30.130000000000003,27.766666666666666,24.510174418604652
18,7,Collin Sexton,0.0,CLE,TOR,10.0,221.5,105.8,10,27.0,35.1,44.0,PG/SG,6900,1,27.0,16.0,103,102,-2%,20,18,16,35,35,32,35.0,29.1,21.9,36.2,32.9,36.5,5.3,29.8,4.31,32.0,33.5,4.6,30.9,4.455,34.0,18.0,30.619999999999997,35.36666666666667,30.445588235294117
20,0,Malik Beasley,0.0,DEN,UTA,2.0,215.0,106.5,6,9.8,17.9,25.0,PG/SG,3500,1,20.0,10.0,101,105,-9%,8,9,7,21,23,18,17.9,13.2,4.4,22.0,23.9,17.3,4.9,19.3,5.5,19.5,25.0,5.6,19.4,5.55,20.666666666666668,8.0,15.379999999999999,17.566666666666666,23.46774193548387
20,1,Shake Milton,0.0,PHI,ATL,-7.0,228.0,117.5,22,3.5,16.7,24.8,PG/SG,4200,1,0.0,0.0,106,111,5%,6,5,4,25,18,12,16.6,9.3,1.1,17.4,35.4,46.3,11.0,19.8,4.7,20.8,24.5,5.0,20.3,4.85,18.333333333333332,5.0,12.940000000000001,15.0,27.128181818181822
20,2,Harry Giles III,0.0,SAC,LAC,14.0,225.5,105.8,13,1.5,12.6,24.5,PF/C,3100,0,0.0,0.0,105,104,-4%,4,3,4,12,12,11,12.6,11.6,4.6,18.6,2.8,3.3,1.1,11.8,3.79,15.1,15.0,4.9,13.45,4.345000000000001,11.666666666666666,3.6666666666666665,12.169999999999998,12.866666666666667,17.29285714285714
20,3,Isaac Bonga,0.0,WAS,CHA,-4.0,227.5,115.8,20,2.8,10.6,20.8,SF,3200,1,10.0,11.0,99,110,-6%,3,3,3,11,17,18,10.6,12.2,5.1,19.3,28.8,18.3,5.7,14.3,4.45,13.7,19.5,4.3,14.0,4.375,15.333333333333334,3.0,12.239999999999998,11.4,17.804347826086957
20,4,Trae Young,0.0,ATL,PHI,7.0,228.0,110.5,18,37.5,56.6,77.5,PG,9900,1,36.0,24.0,101,103,-7%,19,19,22,34,34,36,56.6,52.9,39.1,66.6,38.1,77.0,7.8,48.5,4.9,51.2,35.5,5.2,49.85,5.050000000000001,34.666666666666664,20.0,53.010000000000005,57.199999999999996,51.048317307692315
20,5,Zhaire Smith,0.0,PHI,ATL,-7.0,228.0,117.5,16,0.0,8.0,30.0,SG/SF,3000,1,0.0,0.0,106,111,5%,3,3,3,6,6,6,3.9,3.9,0.5,7.2,8.6,5.3,1.8,12.5,4.17,0.0,0.0,0.0,6.25,2.085,6.0,3.0,4.35,12.666666666666666,0.0
20,6,Joel Embiid,0.0,PHI,ATL,-7.0,228.0,117.5,29,39.5,44.9,54.8,C,9300,1,31.0,26.0,106,111,5%,15,17,16,29,32,31,44.9,48.6,37.1,60.1,34.5,47.0,5.1,52.0,5.59,51.5,30.5,5.5,51.75,5.545,30.666666666666668,16.0,48.489999999999995,46.4,51.46875
20,7,Vince Carter,0.0,ATL,PHI,7.0,228.0,110.5,1,4.5,13.3,23.8,SF/PF,3300,1,16.0,7.0,101,103,-4%,7,5,5,17,13,15,13.3,10.7,3.6,17.9,23.8,28.0,8.5,13.0,3.94,11.6,16.5,3.5,12.3,3.7199999999999998,15.0,5.666666666666667,11.559999999999999,13.866666666666667,13.530000000000001
21,0,Raul Neto,0.0,PHI,ATL,-7.0,228.0,117.5,22,9.0,15.9,28.0,PG,4100,1,18.0,13.0,106,111,0%,8,6,4,20,15,11,15.9,9.2,1.7,16.6,20.1,2.5,0.6,13.8,3.35,12.8,14.0,3.1,13.3,3.225,15.333333333333334,6.0,11.34,17.633333333333333,12.143478260869564
21,1,Jordan Clarkson,0.0,UTA,DEN,-2.0,215.0,108.5,14,10.8,19.6,27.5,PG/SG,4100,0,26.0,17.0,100,106,-4%,11,11,12,25,25,24,19.6,23.1,14.8,31.4,30.7,46.5,11.3,24.0,5.85,22.4,26.5,5.5,23.2,5.675,24.666666666666668,11.333333333333334,22.419999999999998,19.3,24.924324324324324
21,2,Marvin Williams,0.0,CHA,WAS,4.0,227.5,111.8,9,2.5,12.0,32.5,PF,3600,1,14.0,12.0,106,114,6%,8,5,5,23,17,20,11.9,14.5,5.2,23.7,15.6,7.0,1.9,16.3,4.51,14.1,18.5,3.9,15.2,4.205,20.0,6.0,14.1,15.666666666666666,14.06
21,3,Draymond Green,0.0,GS,BOS,12.0,227.0,107.5,2,15.5,29.6,46.3,PG/SF,5900,1,18.0,12.0,102,103,2%,8,7,8,33,31,29,29.6,29.4,18.2,40.6,27.3,25.5,4.3,30.5,5.17,29.8,31.0,5.1,30.15,5.135,31.0,7.666666666666667,29.589999999999996,30.46666666666667,30.15
21,4,Monte Morris,0.0,DEN,UTA,2.0,215.0,106.5,6,16.5,26.1,36.8,PG,5300,1,20.0,15.0,101,105,-3%,12,10,7,35,30,20,26.0,17.2,8.8,25.7,32.1,13.8,2.6,28.0,5.28,27.8,31.5,5.2,27.9,5.24,28.333333333333332,9.666666666666666,21.119999999999997,26.46666666666667,31.01823529411765
21,5,Glenn Robinson III,0.0,GS,BOS,12.0,227.0,107.5,8,18.3,28.5,33.8,SF,4800,1,16.0,13.0,102,103,-3%,11,10,11,35,32,32,28.5,23.8,15.9,31.7,27.9,18.8,3.9,21.3,4.43,23.3,32.0,4.9,22.3,4.665,33.0,10.666666666666666,24.44,26.866666666666664,21.624242424242425
21,6,Marquese Chriss,0.0,GS,BOS,12.0,227.0,107.5,2,14.3,22.3,25.8,PF/C,4500,1,19.0,18.0,102,103,2%,8,7,6,26,21,18,22.3,19.6,10.6,28.6,23.0,20.3,4.5,24.8,5.5,25.4,24.5,5.6,25.1,5.55,21.666666666666668,7.0,21.24,20.8,28.38230769230769
21,7,Serge Ibaka,0.0,TOR,CLE,-10.0,221.5,115.8,7,19.0,29.9,43.0,C,7100,1,23.0,18.0,101,113,1%,13,11,12,25,24,27,29.9,30.5,21.4,39.6,33.2,37.5,5.3,36.0,5.07,35.8,31.0,5.0,35.9,5.035,25.333333333333332,12.0,31.46,30.633333333333336,43.930263157894736
22,0,Trae Young,0.0,ATL,PHI,7.0,228.0,110.5,18,37.5,56.6,77.5,PG,9900,1,36.0,24.0,101,103,-7%,19,19,22,34,34,36,56.6,52.9,39.1,66.6,38.1,77.0,7.8,48.5,4.9,51.2,35.5,5.2,49.85,5.050000000000001,34.666666666666664,20.0,53.010000000000005,57.199999999999996,51.048317307692315
22,1,Rodney McGruder,0.0,LAC,SAC,-14.0,225.5,119.8,10,2.3,9.7,18.0,SG/SF,3200,3,10.0,6.0,100,109,6%,2,4,4,12,20,17,9.7,9.6,2.7,16.6,21.0,10.8,3.4,7.0,2.19,0.0,0.0,0.0,3.5,1.095,16.333333333333332,3.3333333333333335,8.42,10.0,0.0
22,2,Anthony Tolliver,0.0,SAC,LAC,14.0,225.5,105.8,13,1.3,5.3,11.5,PF,3000,0,11.0,7.0,105,104,-4%,3,2,3,14,12,16,5.3,10.0,2.0,18.0,2.3,2.0,0.7,6.5,2.17,6.3,10.0,2.1,6.4,2.135,14.0,2.6666666666666665,8.34,6.033333333333334,4.571428571428572
22,3,Gordon Hayward,0.0,BOS,GS,-12.0,227.0,119.5,30,23.3,36.7,49.5,SF/PF,7500,1,21.0,18.0,103,110,3%,15,13,13,38,35,33,37.0,33.7,22.8,44.5,32.6,44.0,5.9,35.5,4.73,36.2,33.5,4.8,35.85,4.765000000000001,35.333333333333336,13.666666666666666,34.769999999999996,36.5,33.989858490566036
22,4,Collin Sexton,0.0,CLE,TOR,10.0,221.5,105.8,10,27.0,35.1,44.0,PG/SG,6900,1,27.0,16.0,103,102,-2%,20,18,16,35,35,32,35.0,29.1,21.9,36.2,32.9,36.5,5.3,29.8,4.31,32.0,33.5,4.6,30.9,4.455,34.0,18.0,30.619999999999997,35.36666666666667,30.445588235294117
22,5,Davis Bertans,0.0,WAS,CHA,-4.0,227.5,115.8,22,14.8,26.9,36.8,PF,6200,1,18.0,16.0,99,110,0%,10,10,11,31,29,29,26.9,27.7,18.7,36.7,28.1,12.0,1.9,27.5,4.44,30.3,30.0,4.9,28.9,4.67,29.666666666666668,10.333333333333334,27.78,26.166666666666668,29.224719101123593
22,6,Omari Spellman,0.0,GS,BOS,12.0,227.0,107.5,2,10.0,13.6,17.8,PF/C,3900,1,19.0,16.0,102,103,2%,7,7,6,17,19,19,13.6,17.8,8.7,26.9,21.6,22.8,5.8,17.5,4.49,15.8,17.5,4.1,16.65,4.295,18.333333333333332,6.666666666666667,16.73,13.800000000000002,15.89318181818182
22,7,Miles Bridges,0.0,CHA,WAS,4.0,227.5,111.8,19,5.5,13.7,25.0,SF/PF,4700,1,19.0,12.0,106,114,4%,8,9,11,23,24,30,13.7,24.3,14.7,33.9,34.4,40.5,8.6,24.0,5.11,23.0,27.5,4.9,23.5,5.005000000000001,25.666666666666668,9.333333333333334,22.020000000000003,14.733333333333334,25.178571428571427
24,0,Emmanuel Mudiay,0.0,UTA,DEN,-2.0,215.0,108.5,14,3.3,8.6,13.8,PG,3000,0,22.0,14.0,100,106,-4%,5,7,7,12,20,18,17.5,15.9,8.4,23.3,16.2,8.3,2.8,13.8,4.58,14.0,17.0,4.7,13.9,4.640000000000001,16.666666666666668,6.333333333333333,15.800000000000002,8.566666666666666,14.177999999999999
24,1,Cam Reddish,0.0,ATL,PHI,7.0,228.0,110.5,4,19.0,26.6,33.0,SG/SF,4500,1,18.0,7.0,101,103,-9%,12,11,9,26,28,27,26.6,19.6,10.6,28.5,29.9,18.0,4.0,19.8,4.39,20.4,28.5,4.5,20.1,4.445,27.0,10.666666666666666,21.080000000000002,26.2,21.21666666666667
24,2,Pascal Siakam,0.0,TOR,CLE,-10.0,221.5,115.8,16,30.5,41.4,53.0,PF/C,8400,1,29.0,19.0,101,113,1%,22,19,20,32,32,36,41.4,43.5,33.4,53.7,33.8,37.3,4.4,39.3,4.67,39.5,33.5,4.7,39.4,4.6850000000000005,33.333333333333336,20.333333333333332,42.28000000000001,41.63333333333333,39.597
24,3,Miles Bridges,0.0,CHA,WAS,4.0,227.5,111.8,19,5.5,13.7,25.0,SF/PF,4700,1,19.0,12.0,106,114,4%,8,9,11,23,24,30,13.7,24.3,14.7,33.9,34.4,40.5,8.6,24.0,5.11,23.0,27.5,4.9,23.5,5.005000000000001,25.666666666666668,9.333333333333334,22.020000000000003,14.733333333333334,25.178571428571427
24,4,Dante Exum,0.0,CLE,TOR,10.0,221.5,105.8,10,4.8,10.8,17.5,PG/SG,3800,1,15.0,10.0,103,102,-2%,3,3,3,17,19,14,10.8,9.0,1.5,16.4,6.7,7.0,1.8,11.0,2.89,11.0,15.0,2.9,11.0,2.895,16.666666666666668,3.0,9.74,11.033333333333333,9.899999999999999
24,5,Vince Carter,0.0,ATL,PHI,7.0,228.0,110.5,1,4.5,13.3,23.8,SF/PF,3300,1,16.0,7.0,101,103,-4%,7,5,5,17,13,15,13.3,10.7,3.6,17.9,23.8,28.0,8.5,13.0,3.94,11.6,16.5,3.5,12.3,3.7199999999999998,15.0,5.666666666666667,11.559999999999999,13.866666666666667,13.530000000000001
24,6,Thomas Bryant,0.0,WAS,CHA,-4.0,227.5,115.8,22,13.3,23.4,44.0,PF/C,5200,1,19.0,19.0,99,110,8%,9,7,9,25,21,25,23.4,27.4,15.7,39.1,23.4,33.5,6.4,31.5,6.06,23.9,21.0,4.6,27.7,5.33,23.666666666666668,8.333333333333334,26.660000000000004,26.900000000000002,24.578873239436618
24,7,Tristan Thompson,0.0,CLE,TOR,10.0,221.5,105.8,2,10.3,26.0,47.0,C,5400,1,18.0,17.0,103,102,-8%,7,8,10,25,30,31,30.1,31.7,20.3,43.0,26.6,17.0,3.1,25.8,4.77,25.3,27.5,4.7,25.55,4.734999999999999,28.666666666666668,8.333333333333334,30.130000000000003,27.766666666666666,24.510174418604652
25,0,Devonte' Graham,0.0,CHA,WAS,4.0,227.5,111.8,25,18.5,31.4,52.3,PG,7700,1,27.0,16.0,106,114,7%,11,13,16,33,35,35,31.4,37.8,27.4,48.3,35.4,33.8,4.4,39.3,5.1,38.9,36.0,5.1,39.099999999999994,5.1,34.333333333333336,13.333333333333334,36.8,34.06666666666666,40.99805825242718
25,1,Brad Wanamaker,0.0,BOS,GS,-12.0,227.0,119.5,17,-0.5,9.8,20.3,PG/SG,3100,1,17.0,12.0,103,110,9%,3,6,5,10,17,20,9.8,15.0,8.8,21.1,14.6,6.3,2.0,11.0,3.55,12.0,15.0,3.9,11.5,3.7249999999999996,15.666666666666666,4.666666666666667,13.24,9.866666666666667,11.01063829787234
25,2,Kevin Love,0.0,CLE,TOR,10.0,221.5,105.8,17,24.0,32.4,40.3,PF,7200,1,24.0,18.0,103,102,4%,13,15,13,25,29,32,32.4,37.3,26.3,48.3,32.7,39.3,5.5,34.5,4.79,36.5,30.0,5.1,35.5,4.945,28.666666666666668,13.666666666666666,35.959999999999994,32.23333333333333,37.151162790697676
25,3,Moe Harkless,0.0,LAC,SAC,-14.0,225.5,119.8,14,1.3,12.0,21.8,SF/PF,3500,3,10.0,10.0,100,109,1%,5,4,4,32,26,23,16.0,15.3,8.3,22.4,23.7,10.5,3.0,15.5,4.43,14.5,21.5,4.1,15.0,4.265,27.0,4.333333333333333,15.4,11.700000000000001,11.944444444444445
25,4,Collin Sexton,0.0,CLE,TOR,10.0,221.5,105.8,10,27.0,35.1,44.0,PG/SG,6900,1,27.0,16.0,103,102,-2%,20,18,16,35,35,32,35.0,29.1,21.9,36.2,32.9,36.5,5.3,29.8,4.31,32.0,33.5,4.6,30.9,4.455,34.0,18.0,30.619999999999997,35.36666666666667,30.445588235294117
25,5,Eric Paschall,0.0,GS,BOS,12.0,227.0,107.5,8,6.3,26.5,44.8,SF/PF,4400,1,21.0,15.0,102,103,2%,7,12,11,19,28,28,26.5,24.3,13.1,35.5,23.2,7.8,1.8,20.0,4.55,18.8,23.0,4.3,19.4,4.425,25.0,10.0,23.759999999999998,25.866666666666664,17.848
25,6,John Collins,0.0,ATL,PHI,7.0,228.0,110.5,15,30.5,43.3,67.0,PF/C,7800,1,23.0,22.0,101,103,-9%,13,15,14,28,31,30,43.3,38.8,28.3,49.3,33.9,43.5,5.6,39.5,5.06,40.9,32.5,5.2,40.2,5.13,29.666666666666668,14.0,39.98,46.93333333333334,44.03932584269663
25,7,Serge Ibaka,0.0,TOR,CLE,-10.0,221.5,115.8,7,19.0,29.9,43.0,C,7100,1,23.0,18.0,101,113,1%,13,11,12,25,24,27,29.9,30.5,21.4,39.6,33.2,37.5,5.3,36.0,5.07,35.8,31.0,5.0,35.9,5.035,25.333333333333332,12.0,31.46,30.633333333333336,43.930263157894736
26,0,Draymond Green,0.0,GS,BOS,12.0,227.0,107.5,2,15.5,29.6,46.3,PG/SF,5900,1,18.0,12.0,102,103,2%,8,7,8,33,31,29,29.6,29.4,18.2,40.6,27.3,25.5,4.3,30.5,5.17,29.8,31.0,5.1,30.15,5.135,31.0,7.666666666666667,29.589999999999996,30.46666666666667,30.15
26,1,Jerome Robinson,0.0,LAC,SAC,-14.0,225.5,119.8,10,1.5,7.0,17.3,SG,3000,3,15.0,5.0,100,109,6%,3,3,3,7,14,12,7.0,7.6,-0.3,15.5,10.3,6.0,2.0,12.8,4.25,0.0,0.0,0.0,6.4,2.125,11.0,3.0,7.24,8.6,0.0
26,2,Miles Bridges,0.0,CHA,WAS,4.0,227.5,111.8,19,5.5,13.7,25.0,SF/PF,4700,1,19.0,12.0,106,114,4%,8,9,11,23,24,30,13.7,24.3,14.7,33.9,34.4,40.5,8.6,24.0,5.11,23.0,27.5,4.9,23.5,5.005000000000001,25.666666666666668,9.333333333333334,22.020000000000003,14.733333333333334,25.178571428571427
26,3,Cody Martin,0.0,CHA,WAS,4.0,227.5,111.8,28,2.0,7.5,17.0,SG/SF,3000,1,14.0,10.0,106,114,6%,5,4,3,16,13,14,7.5,10.4,2.2,18.6,23.2,22.5,7.5,12.3,4.08,9.0,12.0,3.0,10.65,3.54,14.333333333333334,4.0,9.870000000000001,8.833333333333334,8.916279069767441
26,4,Kent Bazemore,0.0,SAC,LAC,14.0,225.5,105.8,30,8.8,16.1,25.3,SG/SF,4100,0,16.0,8.0,105,104,-1%,6,6,8,19,21,26,16.1,18.5,11.1,25.8,19.6,19.3,4.7,14.8,3.6,12.7,18.5,3.1,13.75,3.35,22.0,6.666666666666667,17.05,16.733333333333334,11.5625
26,5,James Ennis III,0.0,PHI,ATL,-7.0,228.0,117.5,6,2.8,5.8,11.0,SF/PF,3400,1,16.0,12.0,106,111,19%,3,3,5,7,10,17,8.3,13.3,6.3,20.3,6.1,5.5,1.6,9.0,2.65,9.1,10.5,2.7,9.05,2.675,11.333333333333334,3.6666666666666665,11.45,6.533333333333334,8.384558823529412
26,6,Dewayne Dedmon,0.0,SAC,LAC,14.0,225.5,105.8,23,10.8,16.7,30.0,C,3700,0,19.0,8.0,105,104,3%,6,6,5,20,21,15,16.7,12.5,5.2,19.7,30.9,41.8,11.3,20.8,5.61,19.8,21.5,5.4,20.3,5.505000000000001,18.666666666666668,5.666666666666667,14.88,19.166666666666668,23.381249999999998
26,7,Lou Williams,0.0,LAC,SAC,-14.0,225.5,119.8,27,19.0,33.4,52.0,PG/SG,6800,3,30.0,18.0,100,109,6%,12,16,15,27,30,30,33.4,34.1,24.5,43.7,30.0,30.5,4.5,30.3,4.45,31.5,27.5,4.6,30.9,4.525,29.0,14.333333333333334,33.32,34.800000000000004,29.301724137931036
27,0,Ish Smith,0.0,WAS,CHA,-4.0,227.5,115.8,5,9.8,22.1,34.0,PG,4600,1,20.0,14.0,99,110,-6%,8,9,10,28,27,27,22.1,24.1,13.8,34.5,25.5,29.8,6.5,24.5,5.33,24.8,26.5,5.4,24.65,5.365,27.333333333333332,9.0,23.830000000000002,21.96666666666667,23.898475609756098
27,1,Donovan Mitchell,0.0,UTA,DEN,-2.0,215.0,108.5,14,36.0,42.4,51.8,PG/SG,7200,0,31.0,21.0,100,106,-4%,23,21,21,35,34,35,41.3,40.7,32.0,49.5,34.8,20.3,2.8,37.8,5.24,38.7,35.5,5.4,38.25,5.32,34.666666666666664,21.666666666666668,40.35,43.4,39.16947115384615
27,2,De'Andre Hunter,0.0,ATL,PHI,7.0,228.0,110.5,1,15.5,25.5,34.3,SF/PF,4700,1,18.0,8.0,101,103,-7%,12,12,11,30,31,31,25.4,21.9,12.2,31.7,36.5,23.5,5.0,20.0,4.26,19.5,30.5,4.1,19.75,4.18,30.666666666666668,11.666666666666666,22.19,25.099999999999998,19.64266304347826
27,3,Rodney McGruder,0.0,LAC,SAC,-14.0,225.5,119.8,10,2.3,9.7,18.0,SG/SF,3200,3,10.0,6.0,100,109,6%,2,4,4,12,20,17,9.7,9.6,2.7,16.6,21.0,10.8,3.4,7.0,2.19,0.0,0.0,0.0,3.5,1.095,16.333333333333332,3.3333333333333335,8.42,10.0,0.0
27,4,Isaiah Thomas,0.0,WAS,CHA,-4.0,227.5,115.8,5,6.0,19.4,25.5,PG,4100,1,25.0,12.0,99,110,-6%,9,9,11,19,21,24,19.4,21.3,12.4,30.1,22.5,29.0,7.1,20.0,4.88,18.5,21.0,4.5,19.25,4.6899999999999995,21.333333333333332,9.666666666666666,20.490000000000002,16.966666666666665,18.94921875
27,5,Anthony Tolliver,0.0,SAC,LAC,14.0,225.5,105.8,13,1.3,5.3,11.5,PF,3000,0,11.0,7.0,105,104,-4%,3,2,3,14,12,16,5.3,10.0,2.0,18.0,2.3,2.0,0.7,6.5,2.17,6.3,10.0,2.1,6.4,2.135,14.0,2.6666666666666665,8.34,6.033333333333334,4.571428571428572
27,6,Serge Ibaka,0.0,TOR,CLE,-10.0,221.5,115.8,7,19.0,29.9,43.0,C,7100,1,23.0,18.0,101,113,1%,13,11,12,25,24,27,29.9,30.5,21.4,39.6,33.2,37.5,5.3,36.0,5.07,35.8,31.0,5.0,35.9,5.035,25.333333333333332,12.0,31.46,30.633333333333336,43.930263157894736
27,7,Kevin Love,0.0,CLE,TOR,10.0,221.5,105.8,17,24.0,32.4,40.3,PF,7200,1,24.0,18.0,103,102,4%,13,15,13,25,29,32,32.4,37.3,26.3,48.3,32.7,39.3,5.5,34.5,4.79,36.5,30.0,5.1,35.5,4.945,28.666666666666668,13.666666666666666,35.959999999999994,32.23333333333333,37.151162790697676
28,0,Ish Smith,0.0,WAS,CHA,-4.0,227.5,115.8,5,9.8,22.1,34.0,PG,4600,1,20.0,14.0,99,110,-6%,8,9,10,28,27,27,22.1,24.1,13.8,34.5,25.5,29.8,6.5,24.5,5.33,24.8,26.5,5.4,24.65,5.365,27.333333333333332,9.0,23.830000000000002,21.96666666666667,23.898475609756098
28,1,Norman Powell,0.0,TOR,CLE,-10.0,221.5,115.8,22,15.8,24.8,35.3,SG/SF,6300,1,20.0,17.0,101,113,5%,10,11,11,23,25,28,24.8,26.1,15.5,36.7,25.5,25.3,4.0,22.3,3.53,23.2,24.5,3.7,22.75,3.615,25.333333333333332,10.666666666666666,25.17,25.3,22.001644736842106
28,2,JaMychal Green,0.0,LAC,SAC,-14.0,225.5,119.8,20,8.8,16.5,28.5,PF,3800,3,13.0,11.0,100,109,-8%,5,5,6,18,20,22,16.5,18.7,9.7,27.7,20.9,19.3,5.1,15.0,3.95,14.6,17.5,3.8,14.8,3.875,20.0,5.333333333333333,17.48,17.933333333333334,12.95
28,3,Jayson Tatum,0.0,BOS,GS,-12.0,227.0,119.5,30,31.8,41.4,50.0,SF/PF,7600,1,27.0,19.0,103,110,3%,19,19,18,34,34,34,45.1,39.1,28.6,49.6,23.9,34.0,4.5,30.0,3.95,30.0,25.0,3.9,30.0,3.925,34.0,18.666666666666668,38.480000000000004,41.06666666666667,22.058823529411764
28,4,Gary Payton II,0.0,WAS,CHA,-4.0,227.5,115.8,5,3.8,10.8,23.0,PG/SG,3100,1,14.0,12.0,99,110,-6%,4,4,5,15,14,20,10.8,17.0,5.5,28.4,15.0,7.5,2.4,13.8,4.44,14.3,16.5,4.6,14.05,4.52,16.333333333333332,4.333333333333333,15.15,12.533333333333333,14.193367346938777
28,5,Anthony Tolliver,0.0,SAC,LAC,14.0,225.5,105.8,13,1.3,5.3,11.5,PF,3000,0,11.0,7.0,105,104,-4%,3,2,3,14,12,16,5.3,10.0,2.0,18.0,2.3,2.0,0.7,6.5,2.17,6.3,10.0,2.1,6.4,2.135,14.0,2.6666666666666665,8.34,6.033333333333334,4.571428571428572
28,6,Patrick Patterson,0.0,LAC,SAC,-14.0,225.5,119.8,20,0.0,8.7,16.5,PF/C,3000,3,15.0,12.0,100,109,-8%,5,3,4,17,10,13,8.7,10.4,2.3,18.5,8.3,3.3,1.1,13.3,4.42,0.0,0.0,0.0,6.65,2.21,13.333333333333334,4.0,9.309999999999999,8.4,0.0
28,7,Darius Garland,0.0,CLE,TOR,10.0,221.5,105.8,10,11.0,18.4,24.8,PG,5500,1,22.0,8.0,103,102,-2%,11,15,12,30,34,30,18.1,21.0,13.1,28.9,35.3,35.8,6.5,25.3,4.59,24.1,33.0,4.4,24.700000000000003,4.495,31.333333333333332,12.666666666666666,21.16,18.066666666666666,26.013829787234048
29,0,Will Barton,0.0,DEN,UTA,2.0,215.0,106.5,6,20.0,26.8,31.5,PG/SF,6000,1,20.0,16.0,101,105,-9%,9,11,13,28,32,34,26.8,32.6,22.7,42.6,36.4,28.3,4.7,28.5,4.75,30.9,33.5,5.2,29.7,4.975,31.333333333333332,11.0,30.880000000000003,26.099999999999998,31.753723404255318
29,1,Kent Bazemore,0.0,SAC,LAC,14.0,225.5,105.8,30,8.8,16.1,25.3,SG/SF,4100,0,16.0,8.0,105,104,-1%,6,6,8,19,21,26,16.1,18.5,11.1,25.8,19.6,19.3,4.7,14.8,3.6,12.7,18.5,3.1,13.75,3.35,22.0,6.666666666666667,17.05,16.733333333333334,11.5625
29,2,De'Andre Hunter,0.0,ATL,PHI,7.0,228.0,110.5,1,15.5,25.5,34.3,SF/PF,4700,1,18.0,8.0,101,103,-7%,12,12,11,30,31,31,25.4,21.9,12.2,31.7,36.5,23.5,5.0,20.0,4.26,19.5,30.5,4.1,19.75,4.18,30.666666666666668,11.666666666666666,22.19,25.099999999999998,19.64266304347826
29,3,Norman Powell,0.0,TOR,CLE,-10.0,221.5,115.8,22,15.8,24.8,35.3,SG/SF,6300,1,20.0,17.0,101,113,5%,10,11,11,23,25,28,24.8,26.1,15.5,36.7,25.5,25.3,4.0,22.3,3.53,23.2,24.5,3.7,22.75,3.615,25.333333333333332,10.666666666666666,25.17,25.3,22.001644736842106
29,4,Rodney McGruder,0.0,LAC,SAC,-14.0,225.5,119.8,10,2.3,9.7,18.0,SG/SF,3200,3,10.0,6.0,100,109,6%,2,4,4,12,20,17,9.7,9.6,2.7,16.6,21.0,10.8,3.4,7.0,2.19,0.0,0.0,0.0,3.5,1.095,16.333333333333332,3.3333333333333335,8.42,10.0,0.0
29,5,Bojan Bogdanovic,0.0,UTA,DEN,-2.0,215.0,108.5,7,19.0,30.1,36.3,SF/PF,6000,0,25.0,17.0,100,106,-7%,17,15,16,34,33,34,30.1,31.3,22.6,40.0,35.3,28.5,4.8,29.3,4.88,31.4,34.0,5.2,30.35,5.04,33.666666666666664,16.0,30.869999999999997,28.46666666666667,30.650495049504954
29,6,Patrick Patterson,0.0,LAC,SAC,-14.0,225.5,119.8,20,0.0,8.7,16.5,PF/C,3000,3,15.0,12.0,100,109,-8%,5,3,4,17,10,13,8.7,10.4,2.3,18.5,8.3,3.3,1.1,13.3,4.42,0.0,0.0,0.0,6.65,2.21,13.333333333333334,4.0,9.309999999999999,8.4,0.0
29,7,Montrezl Harrell,0.0,LAC,SAC,-14.0,225.5,119.8,26,26.5,34.6,44.8,C,6900,3,26.0,23.0,100,109,-8%,15,15,14,28,28,29,34.6,34.3,24.0,44.7,29.3,39.8,5.8,30.8,4.46,33.0,29.0,4.8,31.9,4.63,28.333333333333332,14.666666666666666,33.900000000000006,35.300000000000004,32.65058823529412
30,0,De'Aaron Fox,0.0,SAC,LAC,14.0,225.5,105.8,4,31.3,37.4,46.8,PG,7600,0,31.0,20.0,105,104,0%,16,17,15,32,32,32,37.3,39.4,28.4,50.5,35.2,61.8,8.1,41.0,5.39,41.1,32.5,5.4,41.05,5.395,32.0,16.0,39.33,38.5,41.69140625
30,1,Collin Sexton,0.0,CLE,TOR,10.0,221.5,105.8,10,27.0,35.1,44.0,PG/SG,6900,1,27.0,16.0,103,102,-2%,20,18,16,35,35,32,35.0,29.1,21.9,36.2,32.9,36.5,5.3,29.8,4.31,32.0,33.5,4.6,30.9,4.455,34.0,18.0,30.619999999999997,35.36666666666667,30.445588235294117
30,2,Bojan Bogdanovic,0.0,UTA,DEN,-2.0,215.0,108.5,7,19.0,30.1,36.3,SF/PF,6000,0,25.0,17.0,100,106,-7%,17,15,16,34,33,34,30.1,31.3,22.6,40.0,35.3,28.5,4.8,29.3,4.88,31.4,34.0,5.2,30.35,5.04,33.666666666666664,16.0,30.869999999999997,28.46666666666667,30.650495049504954
30,3,Miles Bridges,0.0,CHA,WAS,4.0,227.5,111.8,19,5.5,13.7,25.0,SF/PF,4700,1,19.0,12.0,106,114,4%,8,9,11,23,24,30,13.7,24.3,14.7,33.9,34.4,40.5,8.6,24.0,5.11,23.0,27.5,4.9,23.5,5.005000000000001,25.666666666666668,9.333333333333334,22.020000000000003,14.733333333333334,25.178571428571427
30,4,Cory Joseph,0.0,SAC,LAC,14.0,225.5,105.8,4,8.5,12.4,19.5,PG,3000,0,14.0,9.0,105,104,0%,5,3,6,19,20,25,12.4,16.5,9.0,24.0,32.8,35.0,11.7,11.8,3.92,10.5,16.0,3.5,11.15,3.71,21.333333333333332,4.666666666666667,14.61,13.466666666666667,8.3625
30,5,Jerami Grant,0.0,DEN,UTA,2.0,215.0,106.5,5,33.8,37.3,41.0,PF/C,6400,1,18.0,14.0,101,105,-8%,15,15,8,34,34,25,37.3,20.1,11.0,29.2,34.0,23.8,3.7,27.8,4.34,29.2,35.0,4.6,28.5,4.47,31.0,12.666666666666666,25.22,37.36666666666667,32.17741935483871
30,6,Daniel Theis,0.0,BOS,GS,-12.0,227.0,119.5,28,18.5,29.3,33.5,C,6100,1,15.0,17.0,103,110,-1%,9,8,6,30,26,23,29.3,23.3,16.2,30.4,25.7,22.5,3.7,27.0,4.43,30.5,29.0,5.0,28.75,4.715,26.333333333333332,7.666666666666667,25.59,27.099999999999998,31.661392405063292
30,7,Troy Brown Jr.,0.0,WAS,CHA,-4.0,227.5,115.8,20,12.3,23.1,32.8,SF/PF,5600,1,17.0,15.0,99,110,0%,11,8,9,33,28,26,23.1,23.9,13.2,34.6,34.6,25.0,4.5,29.0,5.18,29.7,31.5,5.3,29.35,5.24,29.0,9.333333333333334,24.830000000000002,22.733333333333334,31.880172413793105
31,0,Lou Williams,0.0,LAC,SAC,-14.0,225.5,119.8,27,19.0,33.4,52.0,PG/SG,6800,3,30.0,18.0,100,109,6%,12,16,15,27,30,30,33.4,34.1,24.5,43.7,30.0,30.5,4.5,30.3,4.45,31.5,27.5,4.6,30.9,4.525,29.0,14.333333333333334,33.32,34.800000000000004,29.301724137931036
31,1,D'Angelo Russell,0.0,GS,BOS,12.0,227.0,107.5,2,34.8,48.0,53.5,PG/SG,8000,1,33.0,20.0,102,103,-10%,22,22,20,36,35,33,48.0,41.8,28.7,54.9,28.3,38.8,4.8,40.0,5.0,40.9,34.0,5.1,40.45,5.05,34.666666666666664,21.333333333333332,42.769999999999996,45.43333333333334,39.67211538461539
31,2,JaMychal Green,0.0,LAC,SAC,-14.0,225.5,119.8,20,8.8,16.5,28.5,PF,3800,3,13.0,11.0,100,109,-8%,5,5,6,18,20,22,16.5,18.7,9.7,27.7,20.9,19.3,5.1,15.0,3.95,14.6,17.5,3.8,14.8,3.875,20.0,5.333333333333333,17.48,17.933333333333334,12.95
31,3,Kent Bazemore,0.0,SAC,LAC,14.0,225.5,105.8,30,8.8,16.1,25.3,SG/SF,4100,0,16.0,8.0,105,104,-1%,6,6,8,19,21,26,16.1,18.5,11.1,25.8,19.6,19.3,4.7,14.8,3.6,12.7,18.5,3.1,13.75,3.35,22.0,6.666666666666667,17.05,16.733333333333334,11.5625
31,4,Kevin Porter Jr.,0.0,CLE,TOR,10.0,221.5,105.8,20,13.3,19.9,29.5,SG/SF,4000,1,20.0,10.0,103,102,-2%,12,11,8,21,23,22,19.9,17.5,9.9,25.0,28.7,17.8,4.5,19.0,4.75,20.0,23.0,5.0,19.5,4.875,22.0,10.333333333333334,18.36,20.900000000000002,20.386363636363637
31,5,De'Andre Hunter,0.0,ATL,PHI,7.0,228.0,110.5,1,15.5,25.5,34.3,SF/PF,4700,1,18.0,8.0,101,103,-7%,12,12,11,30,31,31,25.4,21.9,12.2,31.7,36.5,23.5,5.0,20.0,4.26,19.5,30.5,4.1,19.75,4.18,30.666666666666668,11.666666666666666,22.19,25.099999999999998,19.64266304347826
31,6,Rudy Gobert,0.0,UTA,DEN,-2.0,215.0,108.5,19,36.5,45.8,55.8,C,8100,0,16.0,23.0,100,106,-2%,6,9,9,35,34,35,45.8,42.6,33.4,51.9,37.3,43.8,5.4,41.8,5.15,43.9,35.5,5.4,42.849999999999994,5.275,34.666666666666664,8.0,43.31,46.03333333333333,43.880048076923075
31,7,Nikola Jokic,0.0,DEN,UTA,2.0,215.0,106.5,1,41.8,53.5,63.5,C,10100,1,28.0,24.0,101,105,0%,17,18,15,39,36,32,54.2,46.6,34.5,58.6,34.7,54.5,5.4,50.0,4.95,53.0,35.0,5.2,51.5,5.075,35.666666666666664,16.666666666666668,49.08,52.93333333333334,50.53738317757009
33,0,Ish Smith,0.0,WAS,CHA,-4.0,227.5,115.8,5,9.8,22.1,34.0,PG,4600,1,20.0,14.0,99,110,-6%,8,9,10,28,27,27,22.1,24.1,13.8,34.5,25.5,29.8,6.5,24.5,5.33,24.8,26.5,5.4,24.65,5.365,27.333333333333332,9.0,23.830000000000002,21.96666666666667,23.898475609756098
33,1,Marcus Smart,0.0,BOS,GS,-12.0,227.0,119.5,17,21.5,27.6,34.5,PG/SG,6200,1,19.0,14.0,103,110,9%,13,11,11,36,32,32,27.6,29.3,18.6,40.0,27.4,38.3,6.2,29.8,4.8,28.4,29.5,4.6,29.1,4.699999999999999,33.333333333333336,11.666666666666666,28.919999999999998,27.866666666666664,25.7535
33,2,Jayson Tatum,0.0,BOS,GS,-12.0,227.0,119.5,30,31.8,41.4,50.0,SF/PF,7600,1,27.0,19.0,103,110,3%,19,19,18,34,34,34,45.1,39.1,28.6,49.6,23.9,34.0,4.5,30.0,3.95,30.0,25.0,3.9,30.0,3.925,34.0,18.666666666666668,38.480000000000004,41.06666666666667,22.058823529411764
33,3,Jordan Poole,0.0,GS,BOS,12.0,227.0,107.5,24,6.0,15.8,30.8,SG/SF,3200,1,20.0,5.0,102,103,-10%,6,9,8,17,23,21,15.8,14.4,6.5,22.4,18.9,11.8,3.7,12.0,3.75,11.0,16.5,3.4,11.5,3.575,20.333333333333332,7.666666666666667,14.12,17.533333333333335,9.331967213114755
33,4,Jaylen Brown,0.0,BOS,GS,-12.0,227.0,119.5,9,25.5,35.7,43.5,SG/SF,7400,1,24.0,18.0,103,110,5%,16,15,15,39,35,34,35.7,35.3,25.7,44.9,26.6,32.3,4.4,36.0,4.86,37.9,34.5,5.1,36.95,4.98,36.0,15.333333333333334,35.71,34.9,35.41041666666667
33,5,Cam Reddish,0.0,ATL,PHI,7.0,228.0,110.5,4,19.0,26.6,33.0,SG/SF,4500,1,18.0,7.0,101,103,-9%,12,11,9,26,28,27,26.6,19.6,10.6,28.5,29.9,18.0,4.0,19.8,4.39,20.4,28.5,4.5,20.1,4.445,27.0,10.666666666666666,21.080000000000002,26.2,21.21666666666667
33,6,Chris Boucher,0.0,TOR,CLE,-10.0,221.5,115.8,7,4.0,12.0,18.8,C,4300,1,19.0,20.0,101,113,1%,5,4,5,8,9,13,11.9,15.0,3.9,26.1,14.8,17.0,4.0,15.8,3.66,16.1,15.0,3.7,15.950000000000001,3.68,10.0,4.666666666666667,14.569999999999999,11.6,23.925000000000004
33,7,PJ Washington,0.0,CHA,WAS,4.0,227.5,111.8,9,7.5,27.3,48.8,PF/C,5400,1,18.0,13.0,106,114,6%,7,10,10,25,30,31,27.3,26.0,16.5,35.5,22.7,19.3,3.6,26.3,4.86,26.8,31.5,5.0,26.55,4.93,28.666666666666668,9.0,26.369999999999997,27.866666666666664,29.174127906976743
34,0,Alec Burks,0.0,GS,BOS,12.0,227.0,107.5,2,18.5,31.5,62.8,PG/SG,5200,1,24.0,16.0,102,103,-3%,11,13,13,26,30,30,31.1,30.1,18.9,41.3,24.4,25.5,4.9,25.3,4.86,25.1,26.0,4.8,25.200000000000003,4.83,28.666666666666668,12.333333333333334,29.320000000000004,37.6,22.855813953488372
34,1,Jordan Clarkson,0.0,UTA,DEN,-2.0,215.0,108.5,14,10.8,19.6,27.5,PG/SG,4100,0,26.0,17.0,100,106,-4%,11,11,12,25,25,24,19.6,23.1,14.8,31.4,30.7,46.5,11.3,24.0,5.85,22.4,26.5,5.5,23.2,5.675,24.666666666666668,11.333333333333334,22.419999999999998,19.3,24.924324324324324
34,2,Cedi Osman,0.0,CLE,TOR,10.0,221.5,105.8,28,20.5,24.4,33.3,SF/PF,4600,1,17.0,11.0,103,102,5%,9,11,9,24,28,29,24.4,21.2,13.2,29.2,22.4,22.8,5.0,20.3,4.4,20.3,26.0,4.4,20.3,4.4,27.0,9.666666666666666,21.66,26.066666666666663,19.548148148148147
34,3,Treveon Graham,0.0,ATL,PHI,7.0,228.0,110.5,1,0.0,2.0,5.0,SF,3000,1,11.0,6.0,101,103,-6%,0,1,5,4,6,18,1.9,10.3,2.9,17.6,5.8,2.5,0.8,3.0,1.0,0.0,0.0,0.0,1.5,0.5,9.333333333333334,2.0,6.840000000000001,2.3333333333333335,0.0
34,4,Draymond Green,0.0,GS,BOS,12.0,227.0,107.5,2,15.5,29.6,46.3,PG/SF,5900,1,18.0,12.0,102,103,2%,8,7,8,33,31,29,29.6,29.4,18.2,40.6,27.3,25.5,4.3,30.5,5.17,29.8,31.0,5.1,30.15,5.135,31.0,7.666666666666667,29.589999999999996,30.46666666666667,30.15
34,5,Jaylen Brown,0.0,BOS,GS,-12.0,227.0,119.5,9,25.5,35.7,43.5,SG/SF,7400,1,24.0,18.0,103,110,5%,16,15,15,39,35,34,35.7,35.3,25.7,44.9,26.6,32.3,4.4,36.0,4.86,37.9,34.5,5.1,36.95,4.98,36.0,15.333333333333334,35.71,34.9,35.41041666666667
34,6,Montrezl Harrell,0.0,LAC,SAC,-14.0,225.5,119.8,26,26.5,34.6,44.8,C,6900,3,26.0,23.0,100,109,-8%,15,15,14,28,28,29,34.6,34.3,24.0,44.7,29.3,39.8,5.8,30.8,4.46,33.0,29.0,4.8,31.9,4.63,28.333333333333332,14.666666666666666,33.900000000000006,35.300000000000004,32.65058823529412
34,7,Cam Reddish,0.0,ATL,PHI,7.0,228.0,110.5,4,19.0,26.6,33.0,SG/SF,4500,1,18.0,7.0,101,103,-9%,12,11,9,26,28,27,26.6,19.6,10.6,28.5,29.9,18.0,4.0,19.8,4.39,20.4,28.5,4.5,20.1,4.445,27.0,10.666666666666666,21.080000000000002,26.2,21.21666666666667
35,0,Ish Smith,0.0,WAS,CHA,-4.0,227.5,115.8,5,9.8,22.1,34.0,PG,4600,1,20.0,14.0,99,110,-6%,8,9,10,28,27,27,22.1,24.1,13.8,34.5,25.5,29.8,6.5,24.5,5.33,24.8,26.5,5.4,24.65,5.365,27.333333333333332,9.0,23.830000000000002,21.96666666666667,23.898475609756098
35,1,Donovan Mitchell,0.0,UTA,DEN,-2.0,215.0,108.5,14,36.0,42.4,51.8,PG/SG,7200,0,31.0,21.0,100,106,-4%,23,21,21,35,34,35,41.3,40.7,32.0,49.5,34.8,20.3,2.8,37.8,5.24,38.7,35.5,5.4,38.25,5.32,34.666666666666664,21.666666666666668,40.35,43.4,39.16947115384615
35,2,JaMychal Green,0.0,LAC,SAC,-14.0,225.5,119.8,20,8.8,16.5,28.5,PF,3800,3,13.0,11.0,100,109,-8%,5,5,6,18,20,22,16.5,18.7,9.7,27.7,20.9,19.3,5.1,15.0,3.95,14.6,17.5,3.8,14.8,3.875,20.0,5.333333333333333,17.48,17.933333333333334,12.95
35,3,Draymond Green,0.0,GS,BOS,12.0,227.0,107.5,2,15.5,29.6,46.3,PG/SF,5900,1,18.0,12.0,102,103,2%,8,7,8,33,31,29,29.6,29.4,18.2,40.6,27.3,25.5,4.3,30.5,5.17,29.8,31.0,5.1,30.15,5.135,31.0,7.666666666666667,29.589999999999996,30.46666666666667,30.15
35,4,Malik Monk,0.0,CHA,WAS,4.0,227.5,111.8,25,0.8,19.3,48.8,PG/SG,4700,1,22.0,12.0,106,114,8%,15,11,8,28,23,20,24.4,17.2,6.3,28.2,27.5,16.5,3.5,22.0,4.68,21.6,24.0,4.6,21.8,4.64,23.666666666666668,11.333333333333334,19.58,22.96666666666667,22.107042253521126
35,5,Jayson Tatum,0.0,BOS,GS,-12.0,227.0,119.5,30,31.8,41.4,50.0,SF/PF,7600,1,27.0,19.0,103,110,3%,19,19,18,34,34,34,45.1,39.1,28.6,49.6,23.9,34.0,4.5,30.0,3.95,30.0,25.0,3.9,30.0,3.925,34.0,18.666666666666668,38.480000000000004,41.06666666666667,22.058823529411764
35,6,PJ Washington,0.0,CHA,WAS,4.0,227.5,111.8,9,7.5,27.3,48.8,PF/C,5400,1,18.0,13.0,106,114,6%,7,10,10,25,30,31,27.3,26.0,16.5,35.5,22.7,19.3,3.6,26.3,4.86,26.8,31.5,5.0,26.55,4.93,28.666666666666668,9.0,26.369999999999997,27.866666666666664,29.174127906976743
35,7,Bojan Bogdanovic,0.0,UTA,DEN,-2.0,215.0,108.5,7,19.0,30.1,36.3,SF/PF,6000,0,25.0,17.0,100,106,-7%,17,15,16,34,33,34,30.1,31.3,22.6,40.0,35.3,28.5,4.8,29.3,4.88,31.4,34.0,5.2,30.35,5.04,33.666666666666664,16.0,30.869999999999997,28.46666666666667,30.650495049504954
36,0,Darius Garland,0.0,CLE,TOR,10.0,221.5,105.8,10,11.0,18.4,24.8,PG,5500,1,22.0,8.0,103,102,-2%,11,15,12,30,34,30,18.1,21.0,13.1,28.9,35.3,35.8,6.5,25.3,4.59,24.1,33.0,4.4,24.700000000000003,4.495,31.333333333333332,12.666666666666666,21.16,18.066666666666666,26.013829787234048
36,1,Kevin Porter Jr.,0.0,CLE,TOR,10.0,221.5,105.8,20,13.3,19.9,29.5,SG/SF,4000,1,20.0,10.0,103,102,-2%,12,11,8,21,23,22,19.9,17.5,9.9,25.0,28.7,17.8,4.5,19.0,4.75,20.0,23.0,5.0,19.5,4.875,22.0,10.333333333333334,18.36,20.900000000000002,20.386363636363637
36,2,Grant Williams,0.0,BOS,GS,-12.0,227.0,119.5,30,6.8,13.4,25.0,SF/PF,3500,1,12.0,7.0,103,110,-1%,3,3,3,16,15,15,13.1,9.5,2.5,16.4,16.7,18.3,5.2,12.8,3.64,13.0,17.5,3.7,12.9,3.67,15.333333333333334,3.0,10.879999999999999,15.066666666666668,14.722826086956522
36,3,PJ Dozier,0.0,DEN,UTA,2.0,215.0,106.5,29,2.8,11.5,21.8,SG/SF,3000,1,0.0,0.0,101,105,-3%,2,7,6,9,15,14,11.5,11.2,2.7,19.7,14.2,18.8,6.3,10.0,3.33,10.5,12.5,3.5,10.25,3.415,12.666666666666666,5.0,11.07,12.033333333333333,10.115131578947368
36,4,Marcus Smart,0.0,BOS,GS,-12.0,227.0,119.5,17,21.5,27.6,34.5,PG/SG,6200,1,19.0,14.0,103,110,9%,13,11,11,36,32,32,27.6,29.3,18.6,40.0,27.4,38.3,6.2,29.8,4.8,28.4,29.5,4.6,29.1,4.699999999999999,33.333333333333336,11.666666666666666,28.919999999999998,27.866666666666664,25.7535
36,5,Kevin Love,0.0,CLE,TOR,10.0,221.5,105.8,17,24.0,32.4,40.3,PF,7200,1,24.0,18.0,103,102,4%,13,15,13,25,29,32,32.4,37.3,26.3,48.3,32.7,39.3,5.5,34.5,4.79,36.5,30.0,5.1,35.5,4.945,28.666666666666668,13.666666666666666,35.959999999999994,32.23333333333333,37.151162790697676
36,6,Patrick Patterson,0.0,LAC,SAC,-14.0,225.5,119.8,20,0.0,8.7,16.5,PF/C,3000,3,15.0,12.0,100,109,-8%,5,3,4,17,10,13,8.7,10.4,2.3,18.5,8.3,3.3,1.1,13.3,4.42,0.0,0.0,0.0,6.65,2.21,13.333333333333334,4.0,9.309999999999999,8.4,0.0
36,7,Nemanja Bjelica,0.0,SAC,LAC,14.0,225.5,105.8,13,7.5,32.5,54.3,PF,6500,0,18.0,17.0,105,104,-4%,8,10,10,33,33,28,32.5,27.9,16.8,39.0,28.8,20.5,3.2,31.8,4.88,32.4,32.0,5.0,32.1,4.9399999999999995,31.333333333333332,9.333333333333334,29.660000000000004,31.433333333333334,32.782978723404256
37,0,Marcus Smart,0.0,BOS,GS,-12.0,227.0,119.5,17,21.5,27.6,34.5,PG/SG,6200,1,19.0,14.0,103,110,9%,13,11,11,36,32,32,27.6,29.3,18.6,40.0,27.4,38.3,6.2,29.8,4.8,28.4,29.5,4.6,29.1,4.699999999999999,33.333333333333336,11.666666666666666,28.919999999999998,27.866666666666664,25.7535
37,1,Dante Exum,0.0,CLE,TOR,10.0,221.5,105.8,10,4.8,10.8,17.5,PG/SG,3800,1,15.0,10.0,103,102,-2%,3,3,3,17,19,14,10.8,9.0,1.5,16.4,6.7,7.0,1.8,11.0,2.89,11.0,15.0,2.9,11.0,2.895,16.666666666666668,3.0,9.74,11.033333333333333,9.899999999999999
37,2,Gordon Hayward,0.0,BOS,GS,-12.0,227.0,119.5,30,23.3,36.7,49.5,SF/PF,7500,1,21.0,18.0,103,110,3%,15,13,13,38,35,33,37.0,33.7,22.8,44.5,32.6,44.0,5.9,35.5,4.73,36.2,33.5,4.8,35.85,4.765000000000001,35.333333333333336,13.666666666666666,34.769999999999996,36.5,33.989858490566036
37,3,Royce O'Neale,0.0,UTA,DEN,-2.0,215.0,108.5,7,17.5,22.1,25.8,SF,4100,0,9.0,9.0,100,106,-7%,5,6,5,28,29,30,22.1,19.2,12.6,25.7,26.1,9.5,2.3,18.5,4.51,19.3,30.5,4.7,18.9,4.605,29.0,5.333333333333333,19.7,21.8,19.877586206896552
37,4,De'Aaron Fox,0.0,SAC,LAC,14.0,225.5,105.8,4,31.3,37.4,46.8,PG,7600,0,31.0,20.0,105,104,0%,16,17,15,32,32,32,37.3,39.4,28.4,50.5,35.2,61.8,8.1,41.0,5.39,41.1,32.5,5.4,41.05,5.395,32.0,16.0,39.33,38.5,41.69140625
37,5,Buddy Hield,0.0,SAC,LAC,14.0,225.5,105.8,30,19.0,38.6,56.3,SG/SF,6800,0,27.0,15.0,105,104,-1%,20,19,18,33,36,35,38.4,35.4,24.9,45.9,26.3,33.3,4.9,33.0,4.85,28.6,28.0,4.2,30.8,4.525,34.666666666666664,19.0,35.08,37.96666666666667,24.876923076923077
37,6,Marquese Chriss,0.0,GS,BOS,12.0,227.0,107.5,2,14.3,22.3,25.8,PF/C,4500,1,19.0,18.0,102,103,2%,8,7,6,26,21,18,22.3,19.6,10.6,28.6,23.0,20.3,4.5,24.8,5.5,25.4,24.5,5.6,25.1,5.55,21.666666666666668,7.0,21.24,20.8,28.38230769230769
37,7,Dewayne Dedmon,0.0,SAC,LAC,14.0,225.5,105.8,23,10.8,16.7,30.0,C,3700,0,19.0,8.0,105,104,3%,6,6,5,20,21,15,16.7,12.5,5.2,19.7,30.9,41.8,11.3,20.8,5.61,19.8,21.5,5.4,20.3,5.505000000000001,18.666666666666668,5.666666666666667,14.88,19.166666666666668,23.381249999999998
38,0,Alec Burks,0.0,GS,BOS,12.0,227.0,107.5,2,18.5,31.5,62.8,PG/SG,5200,1,24.0,16.0,102,103,-3%,11,13,13,26,30,30,31.1,30.1,18.9,41.3,24.4,25.5,4.9,25.3,4.86,25.1,26.0,4.8,25.200000000000003,4.83,28.666666666666668,12.333333333333334,29.320000000000004,37.6,22.855813953488372
38,1,Shake Milton,0.0,PHI,ATL,-7.0,228.0,117.5,22,3.5,16.7,24.8,PG/SG,4200,1,0.0,0.0,106,111,5%,6,5,4,25,18,12,16.6,9.3,1.1,17.4,35.4,46.3,11.0,19.8,4.7,20.8,24.5,5.0,20.3,4.85,18.333333333333332,5.0,12.940000000000001,15.0,27.128181818181822
38,2,Cedi Osman,0.0,CLE,TOR,10.0,221.5,105.8,28,20.5,24.4,33.3,SF/PF,4600,1,17.0,11.0,103,102,5%,9,11,9,24,28,29,24.4,21.2,13.2,29.2,22.4,22.8,5.0,20.3,4.4,20.3,26.0,4.4,20.3,4.4,27.0,9.666666666666666,21.66,26.066666666666663,19.548148148148147
38,3,Kevin Porter Jr.,0.0,CLE,TOR,10.0,221.5,105.8,20,13.3,19.9,29.5,SG/SF,4000,1,20.0,10.0,103,102,-2%,12,11,8,21,23,22,19.9,17.5,9.9,25.0,28.7,17.8,4.5,19.0,4.75,20.0,23.0,5.0,19.5,4.875,22.0,10.333333333333334,18.36,20.900000000000002,20.386363636363637
38,4,Draymond Green,0.0,GS,BOS,12.0,227.0,107.5,2,15.5,29.6,46.3,PG/SF,5900,1,18.0,12.0,102,103,2%,8,7,8,33,31,29,29.6,29.4,18.2,40.6,27.3,25.5,4.3,30.5,5.17,29.8,31.0,5.1,30.15,5.135,31.0,7.666666666666667,29.589999999999996,30.46666666666667,30.15
38,5,Jaylen Brown,0.0,BOS,GS,-12.0,227.0,119.5,9,25.5,35.7,43.5,SG/SF,7400,1,24.0,18.0,103,110,5%,16,15,15,39,35,34,35.7,35.3,25.7,44.9,26.6,32.3,4.4,36.0,4.86,37.9,34.5,5.1,36.95,4.98,36.0,15.333333333333334,35.71,34.9,35.41041666666667
38,6,PJ Washington,0.0,CHA,WAS,4.0,227.5,111.8,9,7.5,27.3,48.8,PF/C,5400,1,18.0,13.0,106,114,6%,7,10,10,25,30,31,27.3,26.0,16.5,35.5,22.7,19.3,3.6,26.3,4.86,26.8,31.5,5.0,26.55,4.93,28.666666666666668,9.0,26.369999999999997,27.866666666666664,29.174127906976743
38,7,Grant Williams,0.0,BOS,GS,-12.0,227.0,119.5,30,6.8,13.4,25.0,SF/PF,3500,1,12.0,7.0,103,110,-1%,3,3,3,16,15,15,13.1,9.5,2.5,16.4,16.7,18.3,5.2,12.8,3.64,13.0,17.5,3.7,12.9,3.67,15.333333333333334,3.0,10.879999999999999,15.066666666666668,14.722826086956522
39,0,Brad Wanamaker,0.0,BOS,GS,-12.0,227.0,119.5,17,-0.5,9.8,20.3,PG/SG,3100,1,17.0,12.0,103,110,9%,3,6,5,10,17,20,9.8,15.0,8.8,21.1,14.6,6.3,2.0,11.0,3.55,12.0,15.0,3.9,11.5,3.7249999999999996,15.666666666666666,4.666666666666667,13.24,9.866666666666667,11.01063829787234
39,1,Matisse Thybulle,0.0,PHI,ATL,-7.0,228.0,117.5,16,12.5,18.0,21.5,SG/SF,4400,1,12.0,10.0,106,111,0%,6,7,5,30,30,21,18.0,14.0,5.4,22.7,17.5,9.5,2.2,23.3,5.28,20.7,28.5,4.7,22.0,4.99,27.0,6.0,16.419999999999998,17.333333333333332,23.22222222222222
39,2,Kevin Love,0.0,CLE,TOR,10.0,221.5,105.8,17,24.0,32.4,40.3,PF,7200,1,24.0,18.0,103,102,4%,13,15,13,25,29,32,32.4,37.3,26.3,48.3,32.7,39.3,5.5,34.5,4.79,36.5,30.0,5.1,35.5,4.945,28.666666666666668,13.666666666666666,35.959999999999994,32.23333333333333,37.151162790697676
39,3,Isaac Bonga,0.0,WAS,CHA,-4.0,227.5,115.8,20,2.8,10.6,20.8,SF,3200,1,10.0,11.0,99,110,-6%,3,3,3,11,17,18,10.6,12.2,5.1,19.3,28.8,18.3,5.7,14.3,4.45,13.7,19.5,4.3,14.0,4.375,15.333333333333334,3.0,12.239999999999998,11.4,17.804347826086957
39,4,Kevin Porter Jr.,0.0,CLE,TOR,10.0,221.5,105.8,20,13.3,19.9,29.5,SG/SF,4000,1,20.0,10.0,103,102,-2%,12,11,8,21,23,22,19.9,17.5,9.9,25.0,28.7,17.8,4.5,19.0,4.75,20.0,23.0,5.0,19.5,4.875,22.0,10.333333333333334,18.36,20.900000000000002,20.386363636363637
39,5,Buddy Hield,0.0,SAC,LAC,14.0,225.5,105.8,30,19.0,38.6,56.3,SG/SF,6800,0,27.0,15.0,105,104,-1%,20,19,18,33,36,35,38.4,35.4,24.9,45.9,26.3,33.3,4.9,33.0,4.85,28.6,28.0,4.2,30.8,4.525,34.666666666666664,19.0,35.08,37.96666666666667,24.876923076923077
39,6,Rudy Gobert,0.0,UTA,DEN,-2.0,215.0,108.5,19,36.5,45.8,55.8,C,8100,0,16.0,23.0,100,106,-2%,6,9,9,35,34,35,45.8,42.6,33.4,51.9,37.3,43.8,5.4,41.8,5.15,43.9,35.5,5.4,42.849999999999994,5.275,34.666666666666664,8.0,43.31,46.03333333333333,43.880048076923075
39,7,Omari Spellman,0.0,GS,BOS,12.0,227.0,107.5,2,10.0,13.6,17.8,PF/C,3900,1,19.0,16.0,102,103,2%,7,7,6,17,19,19,13.6,17.8,8.7,26.9,21.6,22.8,5.8,17.5,4.49,15.8,17.5,4.1,16.65,4.295,18.333333333333332,6.666666666666667,16.73,13.800000000000002,15.89318181818182
40,0,Trae Young,0.0,ATL,PHI,7.0,228.0,110.5,18,37.5,56.6,77.5,PG,9900,1,36.0,24.0,101,103,-7%,19,19,22,34,34,36,56.6,52.9,39.1,66.6,38.1,77.0,7.8,48.5,4.9,51.2,35.5,5.2,49.85,5.050000000000001,34.666666666666664,20.0,53.010000000000005,57.199999999999996,51.048317307692315
40,1,Alec Burks,0.0,GS,BOS,12.0,227.0,107.5,2,18.5,31.5,62.8,PG/SG,5200,1,24.0,16.0,102,103,-3%,11,13,13,26,30,30,31.1,30.1,18.9,41.3,24.4,25.5,4.9,25.3,4.86,25.1,26.0,4.8,25.200000000000003,4.83,28.666666666666668,12.333333333333334,29.320000000000004,37.6,22.855813953488372
40,2,Grant Williams,0.0,BOS,GS,-12.0,227.0,119.5,30,6.8,13.4,25.0,SF/PF,3500,1,12.0,7.0,103,110,-1%,3,3,3,16,15,15,13.1,9.5,2.5,16.4,16.7,18.3,5.2,12.8,3.64,13.0,17.5,3.7,12.9,3.67,15.333333333333334,3.0,10.879999999999999,15.066666666666668,14.722826086956522
40,3,Moe Harkless,0.0,LAC,SAC,-14.0,225.5,119.8,14,1.3,12.0,21.8,SF/PF,3500,3,10.0,10.0,100,109,1%,5,4,4,32,26,23,16.0,15.3,8.3,22.4,23.7,10.5,3.0,15.5,4.43,14.5,21.5,4.1,15.0,4.265,27.0,4.333333333333333,15.4,11.700000000000001,11.944444444444445
40,4,Jerome Robinson,0.0,LAC,SAC,-14.0,225.5,119.8,10,1.5,7.0,17.3,SG,3000,3,15.0,5.0,100,109,6%,3,3,3,7,14,12,7.0,7.6,-0.3,15.5,10.3,6.0,2.0,12.8,4.25,0.0,0.0,0.0,6.4,2.125,11.0,3.0,7.24,8.6,0.0
40,5,Cam Reddish,0.0,ATL,PHI,7.0,228.0,110.5,4,19.0,26.6,33.0,SG/SF,4500,1,18.0,7.0,101,103,-9%,12,11,9,26,28,27,26.6,19.6,10.6,28.5,29.9,18.0,4.0,19.8,4.39,20.4,28.5,4.5,20.1,4.445,27.0,10.666666666666666,21.080000000000002,26.2,21.21666666666667
40,6,Patrick Patterson,0.0,LAC,SAC,-14.0,225.5,119.8,20,0.0,8.7,16.5,PF/C,3000,3,15.0,12.0,100,109,-8%,5,3,4,17,10,13,8.7,10.4,2.3,18.5,8.3,3.3,1.1,13.3,4.42,0.0,0.0,0.0,6.65,2.21,13.333333333333334,4.0,9.309999999999999,8.4,0.0
40,7,Kevin Porter Jr.,0.0,CLE,TOR,10.0,221.5,105.8,20,13.3,19.9,29.5,SG/SF,4000,1,20.0,10.0,103,102,-2%,12,11,8,21,23,22,19.9,17.5,9.9,25.0,28.7,17.8,4.5,19.0,4.75,20.0,23.0,5.0,19.5,4.875,22.0,10.333333333333334,18.36,20.900000000000002,20.386363636363637
41,0,Fred VanVleet,0.0,TOR,CLE,-10.0,221.5,115.8,9,27.3,35.6,43.8,PG/SG,7700,1,24.0,17.0,101,113,5%,16,14,15,35,35,37,35.6,38.8,29.0,48.7,36.5,36.8,4.8,37.0,4.81,37.1,34.5,4.8,37.05,4.805,35.666666666666664,15.0,37.830000000000005,35.56666666666667,35.83808411214953
41,1,PJ Dozier,0.0,DEN,UTA,2.0,215.0,106.5,29,2.8,11.5,21.8,SG/SF,3000,1,0.0,0.0,101,105,-3%,2,7,6,9,15,14,11.5,11.2,2.7,19.7,14.2,18.8,6.3,10.0,3.33,10.5,12.5,3.5,10.25,3.415,12.666666666666666,5.0,11.07,12.033333333333333,10.115131578947368
41,2,Omari Spellman,0.0,GS,BOS,12.0,227.0,107.5,2,10.0,13.6,17.8,PF/C,3900,1,19.0,16.0,102,103,2%,7,7,6,17,19,19,13.6,17.8,8.7,26.9,21.6,22.8,5.8,17.5,4.49,15.8,17.5,4.1,16.65,4.295,18.333333333333332,6.666666666666667,16.73,13.800000000000002,15.89318181818182
41,3,Eric Paschall,0.0,GS,BOS,12.0,227.0,107.5,8,6.3,26.5,44.8,SF/PF,4400,1,21.0,15.0,102,103,2%,7,12,11,19,28,28,26.5,24.3,13.1,35.5,23.2,7.8,1.8,20.0,4.55,18.8,23.0,4.3,19.4,4.425,25.0,10.0,23.759999999999998,25.866666666666664,17.848
41,4,Zhaire Smith,0.0,PHI,ATL,-7.0,228.0,117.5,16,0.0,8.0,30.0,SG/SF,3000,1,0.0,0.0,106,111,5%,3,3,3,6,6,6,3.9,3.9,0.5,7.2,8.6,5.3,1.8,12.5,4.17,0.0,0.0,0.0,6.25,2.085,6.0,3.0,4.35,12.666666666666666,0.0
41,5,Bojan Bogdanovic,0.0,UTA,DEN,-2.0,215.0,108.5,7,19.0,30.1,36.3,SF/PF,6000,0,25.0,17.0,100,106,-7%,17,15,16,34,33,34,30.1,31.3,22.6,40.0,35.3,28.5,4.8,29.3,4.88,31.4,34.0,5.2,30.35,5.04,33.666666666666664,16.0,30.869999999999997,28.46666666666667,30.650495049504954
41,6,Jerami Grant,0.0,DEN,UTA,2.0,215.0,106.5,5,33.8,37.3,41.0,PF/C,6400,1,18.0,14.0,101,105,-8%,15,15,8,34,34,25,37.3,20.1,11.0,29.2,34.0,23.8,3.7,27.8,4.34,29.2,35.0,4.6,28.5,4.47,31.0,12.666666666666666,25.22,37.36666666666667,32.17741935483871
41,7,D'Angelo Russell,0.0,GS,BOS,12.0,227.0,107.5,2,34.8,48.0,53.5,PG/SG,8000,1,33.0,20.0,102,103,-10%,22,22,20,36,35,33,48.0,41.8,28.7,54.9,28.3,38.8,4.8,40.0,5.0,40.9,34.0,5.1,40.45,5.05,34.666666666666664,21.333333333333332,42.769999999999996,45.43333333333334,39.67211538461539
43,0,Cory Joseph,0.0,SAC,LAC,14.0,225.5,105.8,4,8.5,12.4,19.5,PG,3000,0,14.0,9.0,105,104,0%,5,3,6,19,20,25,12.4,16.5,9.0,24.0,32.8,35.0,11.7,11.8,3.92,10.5,16.0,3.5,11.15,3.71,21.333333333333332,4.666666666666667,14.61,13.466666666666667,8.3625
43,1,Jordan Poole,0.0,GS,BOS,12.0,227.0,107.5,24,6.0,15.8,30.8,SG/SF,3200,1,20.0,5.0,102,103,-10%,6,9,8,17,23,21,15.8,14.4,6.5,22.4,18.9,11.8,3.7,12.0,3.75,11.0,16.5,3.4,11.5,3.575,20.333333333333332,7.666666666666667,14.12,17.533333333333335,9.331967213114755
43,2,Marvin Williams,0.0,CHA,WAS,4.0,227.5,111.8,9,2.5,12.0,32.5,PF,3600,1,14.0,12.0,106,114,6%,8,5,5,23,17,20,11.9,14.5,5.2,23.7,15.6,7.0,1.9,16.3,4.51,14.1,18.5,3.9,15.2,4.205,20.0,6.0,14.1,15.666666666666666,14.06
43,3,Draymond Green,0.0,GS,BOS,12.0,227.0,107.5,2,15.5,29.6,46.3,PG/SF,5900,1,18.0,12.0,102,103,2%,8,7,8,33,31,29,29.6,29.4,18.2,40.6,27.3,25.5,4.3,30.5,5.17,29.8,31.0,5.1,30.15,5.135,31.0,7.666666666666667,29.589999999999996,30.46666666666667,30.15
43,4,Fred VanVleet,0.0,TOR,CLE,-10.0,221.5,115.8,9,27.3,35.6,43.8,PG/SG,7700,1,24.0,17.0,101,113,5%,16,14,15,35,35,37,35.6,38.8,29.0,48.7,36.5,36.8,4.8,37.0,4.81,37.1,34.5,4.8,37.05,4.805,35.666666666666664,15.0,37.830000000000005,35.56666666666667,35.83808411214953
43,5,Georges Niang,0.0,UTA,DEN,-2.0,215.0,108.5,7,7.0,15.7,22.0,SF/PF,3100,0,16.0,13.0,100,106,-7%,4,5,5,15,17,15,15.7,11.1,4.1,18.2,14.9,12.5,4.0,11.5,3.71,11.9,16.0,3.8,11.7,3.755,15.666666666666666,4.666666666666667,12.16,14.9,11.948936170212766
43,6,Montrezl Harrell,0.0,LAC,SAC,-14.0,225.5,119.8,26,26.5,34.6,44.8,C,6900,3,26.0,23.0,100,109,-8%,15,15,14,28,28,29,34.6,34.3,24.0,44.7,29.3,39.8,5.8,30.8,4.46,33.0,29.0,4.8,31.9,4.63,28.333333333333332,14.666666666666666,33.900000000000006,35.300000000000004,32.65058823529412
43,7,Nemanja Bjelica,0.0,SAC,LAC,14.0,225.5,105.8,13,7.5,32.5,54.3,PF,6500,0,18.0,17.0,105,104,-4%,8,10,10,33,33,28,32.5,27.9,16.8,39.0,28.8,20.5,3.2,31.8,4.88,32.4,32.0,5.0,32.1,4.9399999999999995,31.333333333333332,9.333333333333334,29.660000000000004,31.433333333333334,32.782978723404256
44,0,Dante Exum,0.0,CLE,TOR,10.0,221.5,105.8,10,4.8,10.8,17.5,PG/SG,3800,1,15.0,10.0,103,102,-2%,3,3,3,17,19,14,10.8,9.0,1.5,16.4,6.7,7.0,1.8,11.0,2.89,11.0,15.0,2.9,11.0,2.895,16.666666666666668,3.0,9.74,11.033333333333333,9.899999999999999
44,1,Jordan Poole,0.0,GS,BOS,12.0,227.0,107.5,24,6.0,15.8,30.8,SG/SF,3200,1,20.0,5.0,102,103,-10%,6,9,8,17,23,21,15.8,14.4,6.5,22.4,18.9,11.8,3.7,12.0,3.75,11.0,16.5,3.4,11.5,3.575,20.333333333333332,7.666666666666667,14.12,17.533333333333335,9.331967213114755
44,2,Patrick Patterson,0.0,LAC,SAC,-14.0,225.5,119.8,20,0.0,8.7,16.5,PF/C,3000,3,15.0,12.0,100,109,-8%,5,3,4,17,10,13,8.7,10.4,2.3,18.5,8.3,3.3,1.1,13.3,4.42,0.0,0.0,0.0,6.65,2.21,13.333333333333334,4.0,9.309999999999999,8.4,0.0
44,3,Kevin Porter Jr.,0.0,CLE,TOR,10.0,221.5,105.8,20,13.3,19.9,29.5,SG/SF,4000,1,20.0,10.0,103,102,-2%,12,11,8,21,23,22,19.9,17.5,9.9,25.0,28.7,17.8,4.5,19.0,4.75,20.0,23.0,5.0,19.5,4.875,22.0,10.333333333333334,18.36,20.900000000000002,20.386363636363637
44,4,Cam Reddish,0.0,ATL,PHI,7.0,228.0,110.5,4,19.0,26.6,33.0,SG/SF,4500,1,18.0,7.0,101,103,-9%,12,11,9,26,28,27,26.6,19.6,10.6,28.5,29.9,18.0,4.0,19.8,4.39,20.4,28.5,4.5,20.1,4.445,27.0,10.666666666666666,21.080000000000002,26.2,21.21666666666667
44,5,Jayson Tatum,0.0,BOS,GS,-12.0,227.0,119.5,30,31.8,41.4,50.0,SF/PF,7600,1,27.0,19.0,103,110,3%,19,19,18,34,34,34,45.1,39.1,28.6,49.6,23.9,34.0,4.5,30.0,3.95,30.0,25.0,3.9,30.0,3.925,34.0,18.666666666666668,38.480000000000004,41.06666666666667,22.058823529411764
44,6,Montrezl Harrell,0.0,LAC,SAC,-14.0,225.5,119.8,26,26.5,34.6,44.8,C,6900,3,26.0,23.0,100,109,-8%,15,15,14,28,28,29,34.6,34.3,24.0,44.7,29.3,39.8,5.8,30.8,4.46,33.0,29.0,4.8,31.9,4.63,28.333333333333332,14.666666666666666,33.900000000000006,35.300000000000004,32.65058823529412
44,7,Donovan Mitchell,0.0,UTA,DEN,-2.0,215.0,108.5,14,36.0,42.4,51.8,PG/SG,7200,0,31.0,21.0,100,106,-4%,23,21,21,35,34,35,41.3,40.7,32.0,49.5,34.8,20.3,2.8,37.8,5.24,38.7,35.5,5.4,38.25,5.32,34.666666666666664,21.666666666666668,40.35,43.4,39.16947115384615
45,0,Kemba Walker,0.0,BOS,GS,-12.0,227.0,119.5,17,26.8,42.9,60.5,PG,7900,1,29.0,22.0,103,110,9%,22,18,18,38,34,33,42.9,40.1,28.4,51.8,31.0,29.5,3.7,43.5,5.51,44.2,33.5,5.6,43.85,5.555,35.0,19.333333333333332,41.410000000000004,43.4,41.97071428571429
45,1,Cody Martin,0.0,CHA,WAS,4.0,227.5,111.8,28,2.0,7.5,17.0,SG/SF,3000,1,14.0,10.0,106,114,6%,5,4,3,16,13,14,7.5,10.4,2.2,18.6,23.2,22.5,7.5,12.3,4.08,9.0,12.0,3.0,10.65,3.54,14.333333333333334,4.0,9.870000000000001,8.833333333333334,8.916279069767441
45,2,Larry Nance Jr.,0.0,CLE,TOR,10.0,221.5,105.8,17,26.8,36.4,46.8,PF/C,5600,1,15.0,17.0,103,102,4%,11,11,7,25,26,24,36.4,23.4,13.3,33.6,25.6,26.8,4.8,22.3,3.97,22.8,24.0,4.1,22.55,4.035,25.0,9.666666666666666,25.85,36.666666666666664,21.648
45,3,Joe Ingles,0.0,UTA,DEN,-2.0,215.0,108.5,27,16.0,21.8,26.0,SG/SF,4900,0,17.0,14.0,100,106,-7%,8,7,9,32,29,30,21.8,25.8,16.0,35.6,34.0,28.0,5.7,24.8,5.05,26.3,30.5,5.4,25.55,5.225,30.333333333333332,8.0,24.95,21.266666666666666,25.690384615384616
45,4,Jordan Poole,0.0,GS,BOS,12.0,227.0,107.5,24,6.0,15.8,30.8,SG/SF,3200,1,20.0,5.0,102,103,-10%,6,9,8,17,23,21,15.8,14.4,6.5,22.4,18.9,11.8,3.7,12.0,3.75,11.0,16.5,3.4,11.5,3.575,20.333333333333332,7.666666666666667,14.12,17.533333333333335,9.331967213114755
45,5,Royce O'Neale,0.0,UTA,DEN,-2.0,215.0,108.5,7,17.5,22.1,25.8,SF,4100,0,9.0,9.0,100,106,-7%,5,6,5,28,29,30,22.1,19.2,12.6,25.7,26.1,9.5,2.3,18.5,4.51,19.3,30.5,4.7,18.9,4.605,29.0,5.333333333333333,19.7,21.8,19.877586206896552
45,6,Thomas Bryant,0.0,WAS,CHA,-4.0,227.5,115.8,22,13.3,23.4,44.0,PF/C,5200,1,19.0,19.0,99,110,8%,9,7,9,25,21,25,23.4,27.4,15.7,39.1,23.4,33.5,6.4,31.5,6.06,23.9,21.0,4.6,27.7,5.33,23.666666666666668,8.333333333333334,26.660000000000004,26.900000000000002,24.578873239436618
45,7,Emmanuel Mudiay,0.0,UTA,DEN,-2.0,215.0,108.5,14,3.3,8.6,13.8,PG,3000,0,22.0,14.0,100,106,-4%,5,7,7,12,20,18,17.5,15.9,8.4,23.3,16.2,8.3,2.8,13.8,4.58,14.0,17.0,4.7,13.9,4.640000000000001,16.666666666666668,6.333333333333333,15.800000000000002,8.566666666666666,14.177999999999999
46,0,Jeff Teague,0.0,ATL,PHI,7.0,228.0,110.5,18,3.8,14.9,23.8,PG/SG,4000,1,19.0,16.0,101,103,-7%,6,7,9,23,23,27,20.4,26.4,15.9,36.9,13.4,6.8,1.7,18.5,4.63,20.2,22.0,5.0,19.35,4.8149999999999995,24.333333333333332,7.333333333333333,23.79,14.166666666666666,17.494520547945207
46,1,Shake Milton,0.0,PHI,ATL,-7.0,228.0,117.5,22,3.5,16.7,24.8,PG/SG,4200,1,0.0,0.0,106,111,5%,6,5,4,25,18,12,16.6,9.3,1.1,17.4,35.4,46.3,11.0,19.8,4.7,20.8,24.5,5.0,20.3,4.85,18.333333333333332,5.0,12.940000000000001,15.0,27.128181818181822
46,2,Jayson Tatum,0.0,BOS,GS,-12.0,227.0,119.5,30,31.8,41.4,50.0,SF/PF,7600,1,27.0,19.0,103,110,3%,19,19,18,34,34,34,45.1,39.1,28.6,49.6,23.9,34.0,4.5,30.0,3.95,30.0,25.0,3.9,30.0,3.925,34.0,18.666666666666668,38.480000000000004,41.06666666666667,22.058823529411764
46,3,Zhaire Smith,0.0,PHI,ATL,-7.0,228.0,117.5,16,0.0,8.0,30.0,SG/SF,3000,1,0.0,0.0,106,111,5%,3,3,3,6,6,6,3.9,3.9,0.5,7.2,8.6,5.3,1.8,12.5,4.17,0.0,0.0,0.0,6.25,2.085,6.0,3.0,4.35,12.666666666666666,0.0
46,4,Gary Payton II,0.0,WAS,CHA,-4.0,227.5,115.8,5,3.8,10.8,23.0,PG/SG,3100,1,14.0,12.0,99,110,-6%,4,4,5,15,14,20,10.8,17.0,5.5,28.4,15.0,7.5,2.4,13.8,4.44,14.3,16.5,4.6,14.05,4.52,16.333333333333332,4.333333333333333,15.15,12.533333333333333,14.193367346938777
46,5,Gordon Hayward,0.0,BOS,GS,-12.0,227.0,119.5,30,23.3,36.7,49.5,SF/PF,7500,1,21.0,18.0,103,110,3%,15,13,13,38,35,33,37.0,33.7,22.8,44.5,32.6,44.0,5.9,35.5,4.73,36.2,33.5,4.8,35.85,4.765000000000001,35.333333333333336,13.666666666666666,34.769999999999996,36.5,33.989858490566036
46,6,Ivica Zubac,0.0,LAC,SAC,-14.0,225.5,119.8,26,9.8,19.2,23.8,C,4000,3,17.0,21.0,100,109,-5%,6,6,6,20,18,18,19.1,20.7,12.7,28.7,21.7,25.5,6.4,19.3,4.81,20.1,18.5,5.0,19.700000000000003,4.904999999999999,18.666666666666668,6.0,20.18,17.599999999999998,19.524107142857144
46,7,Damian Jones,0.0,ATL,PHI,7.0,228.0,110.5,9,-0.5,7.8,14.8,C,3600,1,11.0,16.0,101,103,-10%,2,1,3,17,15,16,9.6,13.4,5.8,21.0,26.1,29.8,8.3,15.3,4.24,16.5,22.0,4.6,15.9,4.42,16.0,2.0,13.14,7.366666666666667,21.8625
47,0,Gary Payton II,0.0,WAS,CHA,-4.0,227.5,115.8,5,3.8,10.8,23.0,PG/SG,3100,1,14.0,12.0,99,110,-6%,4,4,5,15,14,20,10.8,17.0,5.5,28.4,15.0,7.5,2.4,13.8,4.44,14.3,16.5,4.6,14.05,4.52,16.333333333333332,4.333333333333333,15.15,12.533333333333333,14.193367346938777
47,1,Jordan Clarkson,0.0,UTA,DEN,-2.0,215.0,108.5,14,10.8,19.6,27.5,PG/SG,4100,0,26.0,17.0,100,106,-4%,11,11,12,25,25,24,19.6,23.1,14.8,31.4,30.7,46.5,11.3,24.0,5.85,22.4,26.5,5.5,23.2,5.675,24.666666666666668,11.333333333333334,22.419999999999998,19.3,24.924324324324324
47,2,Thomas Bryant,0.0,WAS,CHA,-4.0,227.5,115.8,22,13.3,23.4,44.0,PF/C,5200,1,19.0,19.0,99,110,8%,9,7,9,25,21,25,23.4,27.4,15.7,39.1,23.4,33.5,6.4,31.5,6.06,23.9,21.0,4.6,27.7,5.33,23.666666666666668,8.333333333333334,26.660000000000004,26.900000000000002,24.578873239436618
47,3,Cody Martin,0.0,CHA,WAS,4.0,227.5,111.8,28,2.0,7.5,17.0,SG/SF,3000,1,14.0,10.0,106,114,6%,5,4,3,16,13,14,7.5,10.4,2.2,18.6,23.2,22.5,7.5,12.3,4.08,9.0,12.0,3.0,10.65,3.54,14.333333333333334,4.0,9.870000000000001,8.833333333333334,8.916279069767441
47,4,Bogdan Bogdanovic,0.0,SAC,LAC,14.0,225.5,105.8,30,17.8,24.9,35.8,SG/SF,4800,0,24.0,14.0,105,104,-1%,15,14,13,31,30,28,25.0,26.3,15.8,36.8,25.1,28.5,5.9,25.8,5.36,24.7,28.5,5.1,25.25,5.23,29.666666666666668,14.0,25.829999999999995,26.166666666666668,24.25702247191011
47,5,Joe Ingles,0.0,UTA,DEN,-2.0,215.0,108.5,27,16.0,21.8,26.0,SG/SF,4900,0,17.0,14.0,100,106,-7%,8,7,9,32,29,30,21.8,25.8,16.0,35.6,34.0,28.0,5.7,24.8,5.05,26.3,30.5,5.4,25.55,5.225,30.333333333333332,8.0,24.95,21.266666666666666,25.690384615384616
47,6,Montrezl Harrell,0.0,LAC,SAC,-14.0,225.5,119.8,26,26.5,34.6,44.8,C,6900,3,26.0,23.0,100,109,-8%,15,15,14,28,28,29,34.6,34.3,24.0,44.7,29.3,39.8,5.8,30.8,4.46,33.0,29.0,4.8,31.9,4.63,28.333333333333332,14.666666666666666,33.900000000000006,35.300000000000004,32.65058823529412
47,7,Joel Embiid,0.0,PHI,ATL,-7.0,228.0,117.5,29,39.5,44.9,54.8,C,9300,1,31.0,26.0,106,111,5%,15,17,16,29,32,31,44.9,48.6,37.1,60.1,34.5,47.0,5.1,52.0,5.59,51.5,30.5,5.5,51.75,5.545,30.666666666666668,16.0,48.489999999999995,46.4,51.46875
48,0,Dante Exum,0.0,CLE,TOR,10.0,221.5,105.8,10,4.8,10.8,17.5,PG/SG,3800,1,15.0,10.0,103,102,-2%,3,3,3,17,19,14,10.8,9.0,1.5,16.4,6.7,7.0,1.8,11.0,2.89,11.0,15.0,2.9,11.0,2.895,16.666666666666668,3.0,9.74,11.033333333333333,9.899999999999999
48,1,Collin Sexton,0.0,CLE,TOR,10.0,221.5,105.8,10,27.0,35.1,44.0,PG/SG,6900,1,27.0,16.0,103,102,-2%,20,18,16,35,35,32,35.0,29.1,21.9,36.2,32.9,36.5,5.3,29.8,4.31,32.0,33.5,4.6,30.9,4.455,34.0,18.0,30.619999999999997,35.36666666666667,30.445588235294117
48,2,Gordon Hayward,0.0,BOS,GS,-12.0,227.0,119.5,30,23.3,36.7,49.5,SF/PF,7500,1,21.0,18.0,103,110,3%,15,13,13,38,35,33,37.0,33.7,22.8,44.5,32.6,44.0,5.9,35.5,4.73,36.2,33.5,4.8,35.85,4.765000000000001,35.333333333333336,13.666666666666666,34.769999999999996,36.5,33.989858490566036
48,3,Justin James,0.0,SAC,LAC,14.0,225.5,105.8,30,0.0,4.0,8.0,SG/SF,3000,0,0.0,0.0,105,104,0%,1,1,3,3,4,8,3.4,6.3,-1.1,13.6,2.3,4.0,1.3,4.3,1.42,0.0,0.0,0.0,2.15,0.71,5.0,1.6666666666666667,4.869999999999999,4.0,0.0
48,4,De'Aaron Fox,0.0,SAC,LAC,14.0,225.5,105.8,4,31.3,37.4,46.8,PG,7600,0,31.0,20.0,105,104,0%,16,17,15,32,32,32,37.3,39.4,28.4,50.5,35.2,61.8,8.1,41.0,5.39,41.1,32.5,5.4,41.05,5.395,32.0,16.0,39.33,38.5,41.69140625
48,5,De'Andre Hunter,0.0,ATL,PHI,7.0,228.0,110.5,1,15.5,25.5,34.3,SF/PF,4700,1,18.0,8.0,101,103,-7%,12,12,11,30,31,31,25.4,21.9,12.2,31.7,36.5,23.5,5.0,20.0,4.26,19.5,30.5,4.1,19.75,4.18,30.666666666666668,11.666666666666666,22.19,25.099999999999998,19.64266304347826
48,6,Tristan Thompson,0.0,CLE,TOR,10.0,221.5,105.8,2,10.3,26.0,47.0,C,5400,1,18.0,17.0,103,102,-8%,7,8,10,25,30,31,30.1,31.7,20.3,43.0,26.6,17.0,3.1,25.8,4.77,25.3,27.5,4.7,25.55,4.734999999999999,28.666666666666668,8.333333333333334,30.130000000000003,27.766666666666666,24.510174418604652
48,7,Malik Monk,0.0,CHA,WAS,4.0,227.5,111.8,25,0.8,19.3,48.8,PG/SG,4700,1,22.0,12.0,106,114,8%,15,11,8,28,23,20,24.4,17.2,6.3,28.2,27.5,16.5,3.5,22.0,4.68,21.6,24.0,4.6,21.8,4.64,23.666666666666668,11.333333333333334,19.58,22.96666666666667,22.107042253521126
49,0,Kemba Walker,0.0,BOS,GS,-12.0,227.0,119.5,17,26.8,42.9,60.5,PG,7900,1,29.0,22.0,103,110,9%,22,18,18,38,34,33,42.9,40.1,28.4,51.8,31.0,29.5,3.7,43.5,5.51,44.2,33.5,5.6,43.85,5.555,35.0,19.333333333333332,41.410000000000004,43.4,41.97071428571429
49,1,D'Angelo Russell,0.0,GS,BOS,12.0,227.0,107.5,2,34.8,48.0,53.5,PG/SG,8000,1,33.0,20.0,102,103,-10%,22,22,20,36,35,33,48.0,41.8,28.7,54.9,28.3,38.8,4.8,40.0,5.0,40.9,34.0,5.1,40.45,5.05,34.666666666666664,21.333333333333332,42.769999999999996,45.43333333333334,39.67211538461539
49,2,Admiral Schofield,0.0,WAS,CHA,-4.0,227.5,115.8,20,0.0,7.3,29.5,SF/PF,3600,1,12.0,7.0,99,110,-6%,3,4,3,5,13,12,7.3,6.8,-2.1,15.6,2.6,3.3,0.9,16.5,4.58,0.0,0.0,0.0,8.25,2.29,10.0,3.3333333333333335,7.169999999999999,12.266666666666666,0.0
49,3,Gordon Hayward,0.0,BOS,GS,-12.0,227.0,119.5,30,23.3,36.7,49.5,SF/PF,7500,1,21.0,18.0,103,110,3%,15,13,13,38,35,33,37.0,33.7,22.8,44.5,32.6,44.0,5.9,35.5,4.73,36.2,33.5,4.8,35.85,4.765000000000001,35.333333333333336,13.666666666666666,34.769999999999996,36.5,33.989858490566036
49,4,Kevin Porter Jr.,0.0,CLE,TOR,10.0,221.5,105.8,20,13.3,19.9,29.5,SG/SF,4000,1,20.0,10.0,103,102,-2%,12,11,8,21,23,22,19.9,17.5,9.9,25.0,28.7,17.8,4.5,19.0,4.75,20.0,23.0,5.0,19.5,4.875,22.0,10.333333333333334,18.36,20.900000000000002,20.386363636363637
49,5,PJ Washington,0.0,CHA,WAS,4.0,227.5,111.8,9,7.5,27.3,48.8,PF/C,5400,1,18.0,13.0,106,114,6%,7,10,10,25,30,31,27.3,26.0,16.5,35.5,22.7,19.3,3.6,26.3,4.86,26.8,31.5,5.0,26.55,4.93,28.666666666666668,9.0,26.369999999999997,27.866666666666664,29.174127906976743
49,6,Ed Davis,0.0,UTA,DEN,-2.0,215.0,108.5,19,0.8,3.6,7.0,C,3000,0,0.0,0.0,100,106,-3%,1,1,1,6,7,11,3.5,7.9,3.6,12.2,10.7,4.5,1.5,4.5,1.5,10.0,11.0,3.3,7.25,2.4,8.0,1.0,6.890000000000001,3.8000000000000003,9.96875
49,7,Harry Giles III,0.0,SAC,LAC,14.0,225.5,105.8,13,1.5,12.6,24.5,PF/C,3100,0,0.0,0.0,105,104,-4%,4,3,4,12,12,11,12.6,11.6,4.6,18.6,2.8,3.3,1.1,11.8,3.79,15.1,15.0,4.9,13.45,4.345000000000001,11.666666666666666,3.6666666666666665,12.169999999999998,12.866666666666667,17.29285714285714
