Lineup Num,,Player Name,injury_status,team,opp,spread,over_under,implied_team_score,L5_dvp_rank,L5_ppg_floor,L5_ppg_avg,L5_ppg_max,Pos,Salary,Rest,USG,PER,Opp Pace,Opp DEff,Opp DvP,L2 FGA,L5 FGA,S FGA,L2 Min,L5 Min,S Min,L5 FP,S FP,Floor FP,Ceil FP,Actual Min,Actual FP,Actual Val,FantasyFuelPPGProj,FantasyFuelValueProj,DFN_PPGProj,DFN_MinProj,DFN_ValueProj,Avg Proj,Avg Value Proj,Avg Skewed Min,Avg Skewed FGA,Avg Skewed FP,Avg L5 PPG,Proj Min Enhanced
0,0,Tyus Jones,0.0,MEM,BKN,1.5,223.5,111.0,10,8.0,17.8,37.8,PG,3800,1,19.0,16.0,104,106,3%,11,9,6,20,20,19,17.9,17.6,9.6,25.7,20.8,35.8,9.4,18.3,4.8,18.7,20.0,4.9,18.5,4.85,19.666666666666668,8.666666666666666,17.86,21.2,18.813559322033896
0,1,Dennis Schroder,0.0,OKC,DET,-7.5,210.5,109.0,17,10.8,24.7,32.0,PG/SG,5900,0,27.0,17.0,100,110,4%,16,13,15,31,30,31,27.3,31.3,21.8,40.8,30.2,40.3,6.8,28.0,4.75,28.8,30.0,4.9,28.4,4.825,30.666666666666668,14.666666666666666,29.919999999999998,22.5,27.78260869565217
0,2,Bobby Portis,0.0,NY,UTA,8.0,218.5,105.3,13,8.3,19.4,27.3,PF/C,4000,1,21.0,14.0,101,107,-8%,9,9,9,17,21,21,19.4,20.5,10.9,30.0,30.3,29.0,7.3,26.5,6.63,23.5,23.5,5.9,25.0,6.265000000000001,19.666666666666668,9.0,21.160000000000004,18.333333333333332,29.8728813559322
0,3,Kyle Anderson,0.0,MEM,BKN,1.5,223.5,111.0,7,15.3,20.0,28.3,SF/PF,4300,1,14.0,13.0,104,106,-13%,7,7,5,26,25,19,20.0,16.7,9.2,24.2,21.6,18.8,4.4,22.5,5.23,22.5,29.0,5.2,22.5,5.215,23.333333333333332,6.333333333333333,18.520000000000003,21.2,27.964285714285715
0,4,Malik Beasley,0.0,MIN,CHI,-2.0,232.0,117.0,7,22.8,31.9,41.0,SG,6000,0,20.0,12.0,102,108,0%,14,16,9,33,34,22,31.9,18.4,6.6,30.2,34.0,31.3,5.2,29.3,4.88,33.0,33.5,5.5,31.15,5.1899999999999995,29.666666666666668,13.0,23.65,31.900000000000002,35.175
0,5,Trevor Ariza,0.0,POR,WAS,-8.0,243.0,125.5,23,8.5,21.5,34.5,SF,4900,1,12.0,11.0,106,113,7%,10,8,6,37,37,29,21.4,19.7,9.7,29.7,33.5,33.8,6.9,25.0,5.1,24.4,35.0,5.0,24.7,5.05,34.333333333333336,8.0,21.04,21.5,25.179611650485434
0,6,Mo Bamba,0.0,ORL,MIA,6.5,219.5,106.5,16,18.0,23.7,38.5,C,4000,1,17.0,18.0,101,107,-5%,5,5,5,12,14,15,23.6,16.9,9.4,24.4,7.3,2.5,0.6,19.8,4.94,14.6,13.5,3.6,17.2,4.2700000000000005,13.666666666666666,5.0,18.300000000000004,26.733333333333334,16.990243902439026
0,7,Spencer Dinwiddie,0.0,BKN,MEM,-1.5,223.5,112.5,22,27.5,38.8,49.8,PG/SG,7800,0,31.0,18.0,105,108,2%,13,15,17,28,31,32,38.8,38.2,28.4,48.1,26.6,18.5,2.4,37.8,4.84,40.0,33.0,5.1,38.9,4.97,30.333333333333332,15.0,38.480000000000004,38.699999999999996,42.31978021978022
1,0,Elfrid Payton,0.0,NY,UTA,8.0,218.5,105.3,24,17.3,30.4,45.5,PG,6500,1,22.0,15.0,101,107,0%,6,9,10,26,29,28,30.4,30.3,19.6,41.0,28.2,41.8,6.4,31.0,4.77,31.4,29.0,4.8,31.2,4.785,27.666666666666668,8.333333333333334,30.5,31.066666666666666,32.70361445783132
1,1,Frank Ntilikina,0.0,NY,UTA,8.0,218.5,105.3,24,6.8,18.3,27.0,PG/SG,3700,1,16.0,9.0,101,107,0%,6,7,6,23,23,21,18.3,15.7,5.7,25.7,19.8,7.0,1.9,17.5,4.73,16.1,21.0,4.4,16.8,4.565,22.333333333333332,6.333333333333333,16.44,17.366666666666667,15.797014925373137
1,2,Kelan Martin,0.0,MIN,CHI,-2.0,232.0,117.0,24,6.5,12.6,25.0,SF/PF,3100,0,17.0,9.0,102,108,8%,5,5,6,10,13,17,12.6,12.7,4.1,21.4,8.7,11.8,3.8,9.8,3.15,10.0,11.0,3.2,9.9,3.175,13.333333333333334,5.333333333333333,12.139999999999999,14.700000000000001,8.1675
1,3,Bradley Beal,0.0,WAS,POR,8.0,243.0,117.5,11,50.8,59.4,70.8,SG/SF,10600,0,34.0,23.0,103,111,-2%,24,28,23,37,39,36,59.4,49.2,37.6,60.7,37.5,48.5,4.6,52.0,4.91,53.4,37.5,5.0,52.7,4.955,37.333333333333336,25.0,51.92,60.333333333333336,52.935267857142854
1,4,Jordan McLaughlin,0.0,MIN,CHI,-2.0,232.0,117.0,16,10.3,18.7,28.8,PG,3800,0,17.0,16.0,102,108,-11%,6,5,6,18,18,19,18.6,18.4,7.8,29.0,27.0,22.3,5.9,17.8,4.67,16.4,17.0,4.3,17.1,4.484999999999999,18.333333333333332,5.666666666666667,18.18,19.266666666666666,15.856363636363639
1,5,Andre Iguodala,0.0,MIA,ORL,-6.5,219.5,113.0,13,9.3,12.9,20.3,SG/SF,3200,1,0.0,0.0,100,106,-4%,3,3,4,12,16,18,12.8,13.8,8.4,19.2,15.9,14.8,4.6,13.5,4.22,11.2,14.5,3.5,12.35,3.86,15.333333333333334,3.3333333333333335,13.309999999999999,14.166666666666666,11.678804347826086
1,6,Daniel Gafford,0.0,CHI,MIN,2.0,232.0,115.0,28,13.0,17.2,22.8,C,3800,1,13.0,17.0,106,110,0%,6,5,3,22,21,14,17.1,11.9,3.3,20.4,10.2,3.0,0.8,18.0,4.74,18.7,21.0,4.9,18.35,4.82,19.0,4.666666666666667,14.209999999999999,17.666666666666668,20.281578947368423
1,7,Shaquille Harrison,0.0,CHI,MIN,2.0,232.0,115.0,29,8.8,14.4,22.8,PG/SF,3200,1,0.0,0.0,106,110,3%,3,4,3,15,17,9,14.4,9.1,0.1,18.0,28.6,29.5,9.2,11.5,3.59,16.1,17.0,5.0,13.8,4.295,13.666666666666666,3.3333333333333335,11.080000000000002,15.333333333333334,17.165853658536584
2,0,D'Angelo Russell,0.0,MIN,CHI,-2.0,232.0,117.0,16,39.8,44.5,52.3,PG,9100,0,33.0,20.0,102,108,-11%,20,20,20,34,33,33,44.5,42.4,30.8,54.1,31.4,29.8,3.3,44.3,4.86,46.2,34.0,5.1,45.25,4.98,33.333333333333336,20.0,43.410000000000004,45.53333333333333,46.155
2,1,Langston Galloway,0.0,DET,OKC,7.5,210.5,101.5,20,11.8,17.2,26.5,SG,3600,2,16.0,12.0,101,107,-5%,10,9,8,23,24,26,17.2,17.8,10.9,24.7,27.7,18.5,5.1,17.3,4.79,16.8,26.0,4.7,17.05,4.745,24.333333333333332,9.0,17.53,18.5,18.217808219178085
2,2,Semi Ojeleye,0.0,BOS,CLE,-4.0,217.0,110.5,7,0.0,2.9,5.8,PF,3300,0,8.0,7.0,101,114,4%,1,0,2,9,7,14,2.9,6.8,1.1,12.4,30.2,37.0,11.2,8.8,2.65,8.2,15.0,2.5,8.5,2.575,10.0,1.0,6.340000000000001,2.9,12.75
2,3,Tony Snell,0.0,DET,OKC,7.5,210.5,101.5,20,8.8,19.5,31.5,SG/SF,4100,2,12.0,10.0,101,107,-5%,7,6,7,34,30,28,19.5,16.1,9.3,22.9,32.2,23.8,5.8,19.3,4.7,18.7,31.5,4.6,19.0,4.65,30.666666666666668,6.666666666666667,17.36,19.933333333333334,19.516304347826086
2,4,Tyus Jones,0.0,MEM,BKN,1.5,223.5,111.0,10,8.0,17.8,37.8,PG,3800,1,19.0,16.0,104,106,3%,11,9,6,20,20,19,17.9,17.6,9.6,25.7,20.8,35.8,9.4,18.3,4.8,18.7,20.0,4.9,18.5,4.85,19.666666666666668,8.666666666666666,17.86,21.2,18.813559322033896
2,5,Kevin Porter Jr.,0.0,CLE,BOS,4.0,217.0,106.5,2,21.3,33.0,51.5,SG/SF,5300,1,21.0,11.0,102,104,-5%,14,14,9,38,35,24,33.0,19.5,10.4,28.7,9.8,6.5,1.2,31.8,5.99,33.2,38.5,6.3,32.5,6.145,32.333333333333336,12.333333333333334,24.82,35.266666666666666,38.69845360824742
2,6,Tony Bradley,0.0,UTA,NY,-8.0,218.5,113.3,1,4.0,12.0,19.8,C,3000,1,16.0,21.0,101,111,-6%,5,3,3,14,12,10,12.0,11.3,3.9,18.6,13.6,18.3,6.1,13.8,4.58,13.3,12.5,4.4,13.55,4.49,12.0,3.6666666666666665,11.870000000000001,11.933333333333332,14.114583333333334
2,7,Courtney Lee,0.0,DAL,NO,-6.0,241.0,123.5,11,2.8,11.2,15.0,SF,3000,1,0.0,0.0,106,109,-1%,5,4,3,22,18,12,11.2,7.9,2.0,13.9,11.0,6.3,2.1,13.8,4.58,0.0,0.0,0.0,6.9,2.29,17.333333333333332,4.0,8.379999999999999,9.666666666666666,0.0
4,0,D.J. Augustin,0.0,ORL,MIA,6.5,219.5,106.5,11,7.3,15.5,23.0,PG,3100,1,20.0,14.0,101,107,-7%,8,8,8,21,22,26,18.5,21.8,13.2,30.5,16.9,8.0,2.6,14.8,4.76,16.4,20.5,5.3,15.6,5.029999999999999,23.0,8.0,19.919999999999998,15.266666666666666,13.904347826086957
4,1,Malik Beasley,0.0,MIN,CHI,-2.0,232.0,117.0,7,22.8,31.9,41.0,SG,6000,0,20.0,12.0,102,108,0%,14,16,9,33,34,22,31.9,18.4,6.6,30.2,34.0,31.3,5.2,29.3,4.88,33.0,33.5,5.5,31.15,5.1899999999999995,29.666666666666668,13.0,23.65,31.900000000000002,35.175
4,2,Nicolo Melli,0.0,NO,DAL,6.0,241.0,117.5,18,0.0,0.0,0.0,PF/C,4100,0,16.0,13.0,101,109,0%,7,7,5,20,23,17,21.4,14.3,4.3,24.3,26.2,14.0,3.4,19.8,4.82,19.0,21.5,4.6,19.4,4.71,20.0,6.333333333333333,16.74,0.0,20.855
4,3,Timothe Luwawu-Cabarrot,0.0,BKN,MEM,-1.5,223.5,112.5,19,6.8,13.9,30.5,SF/PF,3200,0,15.0,8.0,105,108,5%,8,7,5,25,21,17,13.9,11.3,3.4,19.1,26.9,12.8,4.0,17.0,5.31,15.9,22.0,5.0,16.45,5.154999999999999,21.0,6.666666666666667,12.830000000000002,17.066666666666666,17.233333333333334
4,4,Jimmy Butler,0.0,MIA,ORL,-6.5,219.5,113.0,13,36.5,39.3,45.5,SG/SF,7800,1,26.0,23.0,100,106,-2%,14,14,14,36,35,35,39.3,42.6,33.3,51.9,33.7,36.3,4.7,38.0,4.87,41.1,34.0,5.3,39.55,5.085,35.333333333333336,14.0,41.330000000000005,40.43333333333333,38.057547169811315
4,5,Josh Jackson,0.0,MEM,BKN,1.5,223.5,111.0,7,5.5,21.6,37.8,SF/PF,4700,1,0.0,0.0,104,106,-13%,9,9,8,20,23,21,21.6,19.3,10.4,28.2,16.7,26.0,5.5,20.3,4.31,20.0,23.5,4.3,20.15,4.305,21.333333333333332,8.666666666666666,19.93,21.633333333333336,22.196484374999997
4,6,Larry Nance Jr.,0.0,CLE,BOS,4.0,217.0,106.5,15,11.3,28.6,43.0,PF/C,6500,1,16.0,17.0,102,104,-2%,11,9,8,32,29,26,28.6,24.8,13.6,35.9,39.3,53.3,8.2,35.0,5.38,34.7,37.5,5.3,34.85,5.34,29.0,9.333333333333334,27.55,27.633333333333336,45.0646551724138
4,7,Chris Chiozza,0.0,BKN,MEM,-1.5,223.5,112.5,22,-1.0,8.1,22.3,PG,3000,0,0.0,0.0,105,108,2%,3,2,3,12,8,10,8.1,9.3,1.7,17.0,24.2,21.3,7.1,15.8,5.25,12.4,14.5,4.1,14.100000000000001,4.675,10.0,2.6666666666666665,10.040000000000001,9.799999999999999,20.445
6,0,D'Angelo Russell,0.0,MIN,CHI,-2.0,232.0,117.0,16,39.8,44.5,52.3,PG,9100,0,33.0,20.0,102,108,-11%,20,20,20,34,33,33,44.5,42.4,30.8,54.1,31.4,29.8,3.3,44.3,4.86,46.2,34.0,5.1,45.25,4.98,33.333333333333336,20.0,43.410000000000004,45.53333333333333,46.155
6,1,Tim Hardaway Jr.,0.0,DAL,NO,-6.0,241.0,123.5,24,20.5,28.6,34.8,SG/SF,6500,1,22.0,15.0,106,109,4%,19,15,13,34,34,29,28.6,25.3,15.1,35.5,39.4,26.3,4.0,29.0,4.46,31.9,35.0,4.9,30.45,4.68,32.333333333333336,15.666666666666666,26.99,27.96666666666667,32.96134020618556
6,2,James Johnson,0.0,MIN,CHI,-2.0,232.0,117.0,21,11.0,27.9,38.0,PF/C,4700,0,17.0,13.0,102,108,8%,9,10,7,23,24,20,27.9,19.1,7.6,30.6,21.8,29.5,6.3,23.5,5.0,24.1,23.5,5.1,23.8,5.05,22.333333333333332,8.666666666666666,21.799999999999997,25.633333333333336,25.043283582089554
6,3,Marko Guduric,0.0,MEM,BKN,1.5,223.5,111.0,30,0.0,6.1,11.8,SG/SF,3000,1,18.0,9.0,104,106,3%,1,2,4,4,5,12,6.1,9.0,2.3,15.6,5.3,8.3,2.8,1.8,0.58,0.0,0.0,0.0,0.9,0.29,7.0,2.3333333333333335,6.779999999999999,5.966666666666666,0.0
6,4,Ryan Arcidiacono,0.0,CHI,MIN,2.0,232.0,115.0,29,8.3,16.5,24.8,PG/SG,3300,1,13.0,9.0,106,110,3%,5,6,4,20,23,16,16.5,10.5,4.0,17.1,22.9,21.3,6.5,13.5,4.09,14.4,20.5,4.4,13.95,4.245,19.666666666666668,5.0,12.41,16.533333333333335,14.541101694915254
6,5,Dorian Finney-Smith,0.0,DAL,NO,-6.0,241.0,123.5,11,9.8,24.5,34.3,SF/PF,4700,1,13.0,12.0,106,109,4%,8,6,7,32,30,30,24.1,21.8,14.0,29.6,9.4,2.0,0.4,22.5,4.79,23.3,31.0,5.0,22.9,4.895,30.666666666666668,7.0,22.48,22.866666666666664,23.14891304347826
6,6,Bobby Portis,0.0,NY,UTA,8.0,218.5,105.3,13,8.3,19.4,27.3,PF/C,4000,1,21.0,14.0,101,107,-8%,9,9,9,17,21,21,19.4,20.5,10.9,30.0,30.3,29.0,7.3,26.5,6.63,23.5,23.5,5.9,25.0,6.265000000000001,19.666666666666668,9.0,21.160000000000004,18.333333333333332,29.8728813559322
6,7,Abdel Nader,0.0,OKC,DET,-7.5,210.5,109.0,20,11.0,17.4,21.5,PF,3100,0,16.0,11.0,100,110,-4%,7,6,4,23,20,15,17.4,10.6,3.4,17.8,14.8,12.3,4.0,12.0,3.87,11.5,16.5,3.7,11.75,3.785,19.333333333333332,5.666666666666667,12.19,16.633333333333333,10.028017241379311
7,0,T.J. McConnell,0.0,IND,MIL,10.5,222.0,105.8,3,1.0,9.7,13.5,PG,3200,1,19.0,16.0,107,99,-1%,4,3,6,15,17,19,11.7,18.7,10.6,26.8,29.7,30.0,9.4,14.8,4.61,14.8,17.0,4.6,14.8,4.605,17.0,4.333333333333333,16.52,8.066666666666666,14.8
7,1,Sterling Brown,0.0,MIL,IND,-10.5,222.0,116.3,10,0.0,5.7,16.5,SG/SF,3000,1,16.0,9.0,101,105,-1%,2,3,5,11,11,14,5.7,12.0,2.7,21.3,13.2,10.8,3.6,12.8,4.25,11.8,15.0,3.9,12.3,4.075,12.0,3.3333333333333335,10.8,7.3999999999999995,15.375000000000002
7,2,Marvin Williams,0.0,MIL,IND,-10.5,222.0,116.3,29,2.8,12.2,22.3,PF,3000,1,9.0,12.0,101,105,-6%,1,3,5,18,18,20,12.2,14.1,5.4,22.8,19.5,12.3,4.1,12.3,4.08,11.9,16.0,4.0,12.100000000000001,4.04,18.666666666666668,3.0,13.319999999999999,12.433333333333332,10.371428571428572
7,3,Grant Williams,0.0,BOS,CLE,-4.0,217.0,110.5,29,5.3,7.3,10.3,SF/PF,3100,0,12.0,8.0,101,114,4%,4,2,3,18,17,16,7.0,10.3,3.1,17.4,26.5,19.8,6.4,19.5,6.29,17.7,23.5,5.7,18.6,5.995,17.0,3.0,11.280000000000001,7.633333333333333,25.711764705882356
7,4,Chris Paul,0.0,OKC,DET,-7.5,210.5,109.0,17,28.5,35.2,41.8,PG,7700,0,24.0,22.0,100,110,4%,14,13,13,29,31,32,35.1,37.3,28.5,46.2,34.3,33.5,4.4,39.5,5.13,37.2,33.0,4.8,38.35,4.965,30.666666666666668,13.333333333333334,37.09,35.166666666666664,41.26793478260869
7,5,Evan Fournier,0.0,ORL,MIA,6.5,219.5,106.5,25,19.3,32.4,46.5,SG/SF,6100,1,24.0,17.0,101,107,0%,15,14,15,30,31,32,32.4,29.9,21.7,38.2,31.1,28.0,4.6,27.0,4.43,28.3,31.5,4.6,27.65,4.515,31.0,14.666666666666666,29.97,32.733333333333334,28.095967741935482
7,6,Kristaps Porzingis,0.0,DAL,NO,-6.0,241.0,123.5,6,31.3,54.0,75.8,C,9000,1,26.0,20.0,106,109,7%,23,18,16,38,33,31,54.0,40.1,26.4,53.8,45.3,66.5,7.4,44.8,4.97,47.0,33.5,5.2,45.9,5.085,34.0,19.0,44.04,53.699999999999996,45.224999999999994
7,7,Jarrett Allen,0.0,BKN,MEM,-1.5,223.5,112.5,13,15.5,26.9,41.8,C,5200,0,15.0,21.0,105,108,4%,8,6,7,23,22,27,26.9,29.8,19.0,40.6,28.8,15.8,3.0,25.0,4.81,26.7,23.5,5.1,25.85,4.955,24.0,7.0,28.43,28.066666666666663,25.311458333333334
8,0,Gary Payton II,0.0,WAS,POR,8.0,243.0,117.5,13,1.5,6.7,20.8,PG,3000,0,14.0,12.0,103,111,6%,2,1,4,2,1,16,2.2,13.3,1.8,24.9,10.4,10.0,3.3,13.8,4.58,9.2,11.0,3.1,11.5,3.84,6.333333333333333,2.3333333333333335,10.739999999999998,9.666666666666666,19.973684210526315
8,1,Matthew Dellavedova,0.0,CLE,BOS,4.0,217.0,106.5,30,1.5,13.8,23.5,PG/SG,3500,1,16.0,8.0,102,104,-5%,4,4,3,24,19,13,13.8,8.7,2.9,14.5,35.4,12.3,3.5,17.5,5.0,18.4,28.5,5.3,17.95,5.15,18.666666666666668,3.6666666666666665,11.569999999999999,12.933333333333332,27.405803571428567
8,2,Kyle Anderson,0.0,MEM,BKN,1.5,223.5,111.0,7,15.3,20.0,28.3,SF/PF,4300,1,14.0,13.0,104,106,-13%,7,7,5,26,25,19,20.0,16.7,9.2,24.2,21.6,18.8,4.4,22.5,5.23,22.5,29.0,5.2,22.5,5.215,23.333333333333332,6.333333333333333,18.520000000000003,21.2,27.964285714285715
8,3,Denzel Valentine,0.0,CHI,MIN,2.0,232.0,115.0,19,7.3,15.8,27.5,SG/SF,3800,1,23.0,13.0,106,110,6%,12,9,6,16,17,12,15.8,12.3,3.5,21.1,18.0,15.5,4.1,20.5,5.39,24.2,22.0,6.4,22.35,5.895,15.0,9.0,15.010000000000002,16.866666666666667,32.78
8,4,Donovan Mitchell,0.0,UTA,NY,-8.0,218.5,113.3,19,37.8,45.8,52.0,PG/SG,8100,1,31.0,20.0,101,111,-2%,18,22,21,34,35,35,45.8,39.8,30.6,49.0,33.8,39.8,4.9,40.5,5.0,39.1,35.0,4.8,39.8,4.9,34.666666666666664,20.333333333333332,41.0,45.199999999999996,40.18269230769231
8,5,Svi Mykhailiuk,0.0,DET,OKC,7.5,210.5,101.5,20,9.3,17.4,26.0,SG/SF,3900,2,17.0,11.0,101,107,-2%,13,9,7,35,26,22,17.4,15.6,6.5,24.6,23.6,23.3,6.0,21.3,5.45,21.0,30.0,5.4,21.15,5.425000000000001,27.666666666666668,9.666666666666666,17.05,17.566666666666666,22.933734939759034
8,6,Jonas Valanciunas,0.0,MEM,BKN,1.5,223.5,111.0,15,16.3,37.2,50.3,C,7800,1,21.0,22.0,104,106,8%,11,11,11,28,27,26,37.5,34.7,22.7,46.7,26.4,33.0,4.2,38.0,4.87,42.0,30.0,5.4,40.0,5.135,27.0,11.0,36.32,34.6,44.44444444444444
8,7,Andre Iguodala,0.0,MIA,ORL,-6.5,219.5,113.0,13,9.3,12.9,20.3,SG/SF,3200,1,0.0,0.0,100,106,-4%,3,3,4,12,16,18,12.8,13.8,8.4,19.2,15.9,14.8,4.6,13.5,4.22,11.2,14.5,3.5,12.35,3.86,15.333333333333334,3.3333333333333335,13.309999999999999,14.166666666666666,11.678804347826086
9,0,Markelle Fultz,0.0,ORL,MIA,6.5,219.5,106.5,11,17.3,24.4,28.8,PG/SG,5200,1,22.0,14.0,101,107,-7%,10,9,11,27,29,29,24.4,26.4,18.6,34.3,31.1,24.5,4.7,26.5,5.1,26.2,30.0,5.0,26.35,5.05,28.333333333333332,10.0,26.009999999999998,23.5,27.900000000000002
9,1,Sterling Brown,0.0,MIL,IND,-10.5,222.0,116.3,10,0.0,5.7,16.5,SG/SF,3000,1,16.0,9.0,101,105,-1%,2,3,5,11,11,14,5.7,12.0,2.7,21.3,13.2,10.8,3.6,12.8,4.25,11.8,15.0,3.9,12.3,4.075,12.0,3.3333333333333335,10.8,7.3999999999999995,15.375000000000002
9,2,Larry Nance Jr.,0.0,CLE,BOS,4.0,217.0,106.5,15,11.3,28.6,43.0,PF/C,6500,1,16.0,17.0,102,104,-2%,11,9,8,32,29,26,28.6,24.8,13.6,35.9,39.3,53.3,8.2,35.0,5.38,34.7,37.5,5.3,34.85,5.34,29.0,9.333333333333334,27.55,27.633333333333336,45.0646551724138
9,3,Khris Middleton,0.0,MIL,IND,-10.5,222.0,116.3,3,23.3,40.9,59.8,SF,7200,1,26.0,22.0,101,105,-15%,15,18,15,30,33,30,40.9,37.9,27.2,48.5,29.1,33.0,4.6,35.0,4.86,37.9,32.0,5.3,36.45,5.08,31.0,16.0,38.19,41.333333333333336,37.62580645161291
9,4,E'Twaun Moore,0.0,NO,DAL,6.0,241.0,117.5,22,2.0,9.7,19.3,SG/SF,3200,0,20.0,12.0,101,109,-2%,6,4,8,17,13,19,9.7,15.9,7.4,24.5,15.7,9.0,2.8,13.8,4.3,13.5,17.0,4.2,13.65,4.25,16.333333333333332,6.0,14.23,10.333333333333334,14.207142857142857
9,5,Derrick Jones Jr.,0.0,MIA,ORL,-6.5,219.5,113.0,8,12.0,19.7,24.8,SF/PF,3700,1,14.0,14.0,100,106,-4%,8,6,7,19,23,25,19.6,19.8,11.2,28.3,20.8,18.5,5.0,17.5,4.73,16.3,21.0,4.4,16.9,4.565,22.333333333333332,7.0,19.160000000000004,18.833333333333332,15.891044776119402
9,6,Myles Turner,0.0,IND,MIL,10.5,222.0,105.8,7,23.8,33.2,42.0,C,5500,1,17.0,15.0,107,99,0%,10,10,9,33,31,30,33.2,27.9,18.7,37.2,30.5,16.8,3.1,30.0,5.45,29.7,31.5,5.4,29.85,5.425000000000001,31.333333333333332,9.666666666666666,29.370000000000005,33.0,30.00877659574468
9,7,Josh Hart,0.0,NO,DAL,6.0,241.0,117.5,5,13.5,19.3,27.5,SF,4400,0,15.0,12.0,101,109,-2%,9,7,9,24,23,28,19.3,25.2,17.1,33.4,13.2,10.0,2.3,18.8,4.26,20.3,24.0,4.6,19.55,4.43,25.0,8.333333333333334,22.91,20.099999999999998,18.768
10,0,Eric Bledsoe,0.0,MIL,IND,-10.5,222.0,116.3,8,8.8,25.9,48.3,PG,5900,1,25.0,18.0,101,105,-3%,7,9,12,22,27,28,25.9,32.0,21.0,42.9,27.1,32.8,5.6,31.3,5.3,32.7,29.0,5.5,32.0,5.4,25.666666666666668,9.333333333333334,30.76,27.666666666666668,36.15584415584416
10,1,RJ Barrett,0.0,NY,UTA,8.0,218.5,105.3,24,10.8,28.8,42.8,PG/SG,5800,1,24.0,10.0,101,107,-8%,14,14,13,31,31,31,28.8,26.3,15.2,37.4,29.7,28.0,4.8,28.0,4.83,27.0,31.5,4.7,27.5,4.765000000000001,31.0,13.666666666666666,27.04,27.46666666666667,27.943548387096772
10,2,Davis Bertans,0.0,WAS,POR,8.0,243.0,117.5,6,17.8,28.6,39.0,PF,5600,0,18.0,16.0,103,111,5%,14,13,11,30,31,29,28.6,27.6,18.9,36.4,29.0,36.0,6.4,27.3,4.87,29.9,29.5,5.3,28.6,5.085,30.0,12.666666666666666,28.02,28.46666666666667,28.123333333333335
10,3,Grant Williams,0.0,BOS,CLE,-4.0,217.0,110.5,29,5.3,7.3,10.3,SF/PF,3100,0,12.0,8.0,101,114,4%,4,2,3,18,17,16,7.0,10.3,3.1,17.4,26.5,19.8,6.4,19.5,6.29,17.7,23.5,5.7,18.6,5.995,17.0,3.0,11.280000000000001,7.633333333333333,25.711764705882356
10,4,Jordan Clarkson,0.0,UTA,NY,-8.0,218.5,113.3,19,14.5,24.3,36.0,PG/SG,4900,1,26.0,18.0,101,111,1%,14,13,12,24,24,24,24.3,24.3,14.9,33.7,20.6,12.0,2.4,23.3,4.74,23.4,24.0,4.8,23.35,4.77,24.0,13.0,24.110000000000003,24.933333333333334,23.35
10,5,Bobby Portis,0.0,NY,UTA,8.0,218.5,105.3,13,8.3,19.4,27.3,PF/C,4000,1,21.0,14.0,101,107,-8%,9,9,9,17,21,21,19.4,20.5,10.9,30.0,30.3,29.0,7.3,26.5,6.63,23.5,23.5,5.9,25.0,6.265000000000001,19.666666666666668,9.0,21.160000000000004,18.333333333333332,29.8728813559322
10,6,Rudy Gobert,0.0,UTA,NY,-8.0,218.5,113.3,1,23.5,32.1,45.8,C,8000,1,16.0,22.0,101,111,-6%,7,6,9,34,35,35,32.0,41.1,32.0,50.3,34.4,42.0,5.3,42.0,5.25,40.5,35.0,5.1,41.25,5.175,34.666666666666664,7.333333333333333,39.33,33.800000000000004,41.64663461538462
10,7,Svi Mykhailiuk,0.0,DET,OKC,7.5,210.5,101.5,20,9.3,17.4,26.0,SG/SF,3900,2,17.0,11.0,101,107,-2%,13,9,7,35,26,22,17.4,15.6,6.5,24.6,23.6,23.3,6.0,21.3,5.45,21.0,30.0,5.4,21.15,5.425000000000001,27.666666666666668,9.666666666666666,17.05,17.566666666666666,22.933734939759034
11,0,Frank Jackson,0.0,NO,DAL,6.0,241.0,117.5,27,0.0,4.7,8.5,PG,3000,0,20.0,8.0,101,109,-3%,3,3,5,9,7,13,4.7,9.1,0.3,17.8,21.0,17.5,5.8,6.5,2.17,7.6,10.5,2.5,7.05,2.335,9.666666666666666,3.6666666666666665,7.790000000000001,4.3999999999999995,7.6577586206896555
11,1,John Konchar,0.0,MEM,BKN,1.5,223.5,111.0,30,5.3,18.5,24.8,SG/SF,3100,1,0.0,0.0,104,106,3%,5,4,2,16,14,10,18.4,9.7,-0.3,19.6,22.5,14.5,4.7,14.8,4.76,10.6,11.5,3.4,12.7,4.08,13.333333333333334,3.6666666666666665,12.020000000000001,16.2,10.95375
11,2,Danilo Gallinari,0.0,OKC,DET,-7.5,210.5,109.0,9,18.0,26.9,35.5,SF/PF,6200,0,24.0,20.0,100,110,-4%,15,14,14,31,30,31,26.9,32.1,24.8,39.3,33.2,38.8,6.3,30.8,4.96,32.0,31.5,5.2,31.4,5.08,30.666666666666668,14.333333333333334,30.9,26.8,32.25326086956522
11,3,Denzel Valentine,0.0,CHI,MIN,2.0,232.0,115.0,19,7.3,15.8,27.5,SG/SF,3800,1,23.0,13.0,106,110,6%,12,9,6,16,17,12,15.8,12.3,3.5,21.1,18.0,15.5,4.1,20.5,5.39,24.2,22.0,6.4,22.35,5.895,15.0,9.0,15.010000000000002,16.866666666666667,32.78
11,4,Shai Gilgeous-Alexander,0.0,OKC,DET,-7.5,210.5,109.0,6,17.3,34.2,46.3,SG/SF,7400,0,23.0,17.0,100,110,-7%,14,13,15,36,35,36,38.2,36.0,26.2,45.7,34.5,42.5,5.7,35.8,4.83,35.3,35.5,4.8,35.55,4.8149999999999995,35.666666666666664,14.0,36.33,32.6,35.38387850467289
11,5,Evan Fournier,0.0,ORL,MIA,6.5,219.5,106.5,25,19.3,32.4,46.5,SG/SF,6100,1,24.0,17.0,101,107,0%,15,14,15,30,31,32,32.4,29.9,21.7,38.2,31.1,28.0,4.6,27.0,4.43,28.3,31.5,4.6,27.65,4.515,31.0,14.666666666666666,29.97,32.733333333333334,28.095967741935482
11,6,Naz Reid,0.0,MIN,CHI,-2.0,232.0,117.0,26,15.8,25.6,46.5,C,5100,0,24.0,15.0,102,108,7%,13,10,8,27,25,15,25.6,17.4,5.6,29.1,25.0,41.3,8.1,30.5,5.98,31.6,26.5,6.2,31.05,6.09,22.333333333333332,10.333333333333334,21.749999999999996,29.3,36.84291044776119
11,7,Wesley Matthews,0.0,MIL,IND,-10.5,222.0,116.3,10,7.0,17.3,28.0,SG,3400,1,13.0,9.0,101,105,-1%,9,8,7,27,25,25,17.3,15.2,8.0,22.4,25.4,21.5,6.3,15.8,4.63,16.6,27.5,4.9,16.200000000000003,4.765000000000001,25.666666666666668,8.0,15.819999999999999,17.433333333333334,17.35714285714286
12,0,Anfernee Simons,0.0,POR,WAS,-8.0,243.0,125.5,21,8.0,13.3,19.5,PG/SG,3200,1,19.0,9.0,106,113,6%,8,9,8,19,20,22,13.3,15.6,7.9,23.2,13.7,13.8,4.3,12.5,3.91,13.4,17.0,4.2,12.95,4.055,20.333333333333332,8.333333333333334,14.589999999999998,13.6,10.827049180327869
12,1,Collin Sexton,0.0,CLE,BOS,4.0,217.0,106.5,30,20.5,35.0,50.3,PG/SG,6600,1,27.0,16.0,102,104,-5%,17,16,17,38,35,33,35.0,30.6,23.1,38.2,44.8,55.3,8.4,35.0,5.3,35.8,38.5,5.4,35.4,5.35,35.333333333333336,16.666666666666668,32.46,35.266666666666666,38.57264150943396
12,2,Rui Hachimura,0.0,WAS,POR,8.0,243.0,117.5,6,22.0,27.2,35.5,PF/C,5400,0,19.0,15.0,103,111,3%,9,10,12,30,33,29,27.1,25.9,16.5,35.2,28.5,24.0,4.4,26.3,4.86,28.5,31.0,5.3,27.4,5.08,30.666666666666668,10.333333333333334,26.419999999999998,28.233333333333334,27.69782608695652
12,3,Royce O'Neale,0.0,UTA,NY,-8.0,218.5,113.3,30,13.8,23.9,29.3,SF,4300,1,10.0,10.0,101,111,1%,6,6,5,31,27,29,23.9,19.3,12.6,25.9,29.0,12.5,2.9,18.5,4.3,19.0,28.5,4.4,18.75,4.35,29.0,5.666666666666667,20.089999999999996,22.333333333333332,18.426724137931036
12,4,Langston Galloway,0.0,DET,OKC,7.5,210.5,101.5,20,11.8,17.2,26.5,SG,3600,2,16.0,12.0,101,107,-5%,10,9,8,23,24,26,17.2,17.8,10.9,24.7,27.7,18.5,5.1,17.3,4.79,16.8,26.0,4.7,17.05,4.745,24.333333333333332,9.0,17.53,18.5,18.217808219178085
12,5,Isaac Bonga,0.0,WAS,POR,8.0,243.0,117.5,15,2.0,9.5,14.0,SF/PF,3100,0,10.0,11.0,103,111,6%,3,2,3,16,17,18,9.5,12.4,5.0,19.8,28.0,18.8,6.1,11.5,3.71,10.7,16.0,3.5,11.1,3.605,17.0,2.6666666666666665,11.56,8.5,10.447058823529412
12,6,Mo Bamba,0.0,ORL,MIA,6.5,219.5,106.5,16,18.0,23.7,38.5,C,4000,1,17.0,18.0,101,107,-5%,5,5,5,12,14,15,23.6,16.9,9.4,24.4,7.3,2.5,0.6,19.8,4.94,14.6,13.5,3.6,17.2,4.2700000000000005,13.666666666666666,5.0,18.300000000000004,26.733333333333334,16.990243902439026
12,7,Doug McDermott,0.0,IND,MIL,10.5,222.0,105.8,4,5.0,14.2,23.3,SF/PF,3300,1,19.0,14.0,107,99,-10%,6,7,8,14,15,20,14.2,16.2,8.6,23.8,18.9,24.3,7.4,11.8,3.56,12.9,16.0,3.9,12.350000000000001,3.73,16.333333333333332,7.0,15.030000000000001,14.166666666666666,12.097959183673472
13,0,Donte DiVincenzo,0.0,MIL,IND,-10.5,222.0,116.3,8,18.5,22.6,28.5,PG/SG,4300,1,17.0,14.0,101,105,-1%,6,6,8,27,25,24,22.6,22.4,15.3,29.5,23.3,40.8,9.5,23.5,5.47,23.8,26.5,5.5,23.65,5.484999999999999,25.333333333333332,6.666666666666667,22.689999999999998,23.2,24.739144736842103
13,1,Caris LeVert,0.0,BKN,MEM,-1.5,223.5,112.5,22,25.3,43.8,66.5,PG/SG,7200,0,29.0,13.0,105,108,5%,22,20,16,36,33,29,43.8,30.4,17.0,43.8,27.1,30.0,4.2,39.3,5.45,40.1,33.5,5.6,39.7,5.525,32.666666666666664,19.333333333333332,34.94,45.199999999999996,40.71275510204082
13,2,Jarrod Uthoff,0.0,MEM,BKN,1.5,223.5,111.0,12,0.0,14.5,27.3,PF,3000,1,0.0,0.0,104,106,-13%,0,0,0,3,3,3,0.0,0.0,0.0,0.0,5.3,2.0,0.7,9.5,3.17,0.0,0.0,0.0,4.75,1.585,3.0,0.0,0.95,13.933333333333332,0.0
13,3,Danilo Gallinari,0.0,OKC,DET,-7.5,210.5,109.0,9,18.0,26.9,35.5,SF/PF,6200,0,24.0,20.0,100,110,-4%,15,14,14,31,30,31,26.9,32.1,24.8,39.3,33.2,38.8,6.3,30.8,4.96,32.0,31.5,5.2,31.4,5.08,30.666666666666668,14.333333333333334,30.9,26.8,32.25326086956522
13,4,E'Twaun Moore,0.0,NO,DAL,6.0,241.0,117.5,22,2.0,9.7,19.3,SG/SF,3200,0,20.0,12.0,101,109,-2%,6,4,8,17,13,19,9.7,15.9,7.4,24.5,15.7,9.0,2.8,13.8,4.3,13.5,17.0,4.2,13.65,4.25,16.333333333333332,6.0,14.23,10.333333333333334,14.207142857142857
13,5,Andre Iguodala,0.0,MIA,ORL,-6.5,219.5,113.0,13,9.3,12.9,20.3,SG/SF,3200,1,0.0,0.0,100,106,-4%,3,3,4,12,16,18,12.8,13.8,8.4,19.2,15.9,14.8,4.6,13.5,4.22,11.2,14.5,3.5,12.35,3.86,15.333333333333334,3.3333333333333335,13.309999999999999,14.166666666666666,11.678804347826086
13,6,Domantas Sabonis,0.0,IND,MIL,10.5,222.0,105.8,17,37.8,45.9,55.3,PF/C,8700,1,24.0,21.0,107,99,0%,12,13,14,39,33,35,45.8,44.3,35.2,53.4,36.7,37.0,4.3,44.8,5.14,46.3,35.5,5.3,45.55,5.22,35.666666666666664,13.0,44.85,46.333333333333336,45.337149532710285
13,7,Terrance Ferguson,0.0,OKC,DET,-7.5,210.5,109.0,9,0.0,7.0,19.0,SF,3100,0,9.0,4.0,100,110,-7%,4,3,4,20,18,25,7.2,10.1,4.0,16.2,20.2,5.3,1.7,8.3,2.66,7.0,16.5,2.3,7.65,2.48,21.0,3.6666666666666665,9.03,8.666666666666666,6.010714285714286
14,0,Goran Dragic,0.0,MIA,ORL,-6.5,219.5,113.0,28,27.5,32.7,40.8,PG,5800,1,26.0,16.0,100,106,0%,16,14,13,31,31,29,32.6,29.8,21.5,38.2,31.2,44.0,7.6,30.3,5.22,30.5,29.5,5.3,30.4,5.26,30.333333333333332,14.333333333333334,30.5,33.666666666666664,29.564835164835166
14,1,Tim Hardaway Jr.,0.0,DAL,NO,-6.0,241.0,123.5,24,20.5,28.6,34.8,SG/SF,6500,1,22.0,15.0,106,109,4%,19,15,13,34,34,29,28.6,25.3,15.1,35.5,39.4,26.3,4.0,29.0,4.46,31.9,35.0,4.9,30.45,4.68,32.333333333333336,15.666666666666666,26.99,27.96666666666667,32.96134020618556
14,2,Grant Williams,0.0,BOS,CLE,-4.0,217.0,110.5,29,5.3,7.3,10.3,SF/PF,3100,0,12.0,8.0,101,114,4%,4,2,3,18,17,16,7.0,10.3,3.1,17.4,26.5,19.8,6.4,19.5,6.29,17.7,23.5,5.7,18.6,5.995,17.0,3.0,11.280000000000001,7.633333333333333,25.711764705882356
14,3,Josh Okogie,0.0,MIN,CHI,-2.0,232.0,117.0,7,11.5,20.0,27.8,SG/SF,4300,0,16.0,12.0,102,108,0%,8,6,7,27,27,25,20.0,19.4,11.7,27.1,26.3,12.5,2.9,20.8,4.83,23.3,27.5,5.4,22.05,5.115,26.333333333333332,7.0,20.05,19.766666666666666,23.026898734177216
14,4,Wayne Ellington,0.0,NY,UTA,8.0,218.5,105.3,18,2.0,13.7,28.3,SG/SF,3200,1,16.0,9.0,101,107,-5%,7,6,5,17,18,15,13.7,10.3,2.1,18.4,25.1,13.3,4.2,8.8,2.73,9.1,13.0,2.8,8.95,2.7649999999999997,16.666666666666668,6.0,10.690000000000001,14.666666666666666,6.980999999999999
14,5,Nicolo Melli,0.0,NO,DAL,6.0,241.0,117.5,18,0.0,0.0,0.0,PF/C,4100,0,16.0,13.0,101,109,0%,7,7,5,20,23,17,21.4,14.3,4.3,24.3,26.2,14.0,3.4,19.8,4.82,19.0,21.5,4.6,19.4,4.71,20.0,6.333333333333333,16.74,0.0,20.855
14,6,Caleb Swanigan,0.0,POR,WAS,-8.0,243.0,125.5,12,7.0,12.1,16.8,C,3000,1,0.0,0.0,106,113,1%,2,2,2,13,12,11,12.1,9.3,3.0,15.6,10.5,6.5,2.2,9.3,3.08,9.5,10.0,3.2,9.4,3.14,12.0,2.0,9.879999999999999,11.966666666666669,7.833333333333333
14,7,Collin Sexton,0.0,CLE,BOS,4.0,217.0,106.5,30,20.5,35.0,50.3,PG/SG,6600,1,27.0,16.0,102,104,-5%,17,16,17,38,35,33,35.0,30.6,23.1,38.2,44.8,55.3,8.4,35.0,5.3,35.8,38.5,5.4,35.4,5.35,35.333333333333336,16.666666666666668,32.46,35.266666666666666,38.57264150943396
15,0,Jrue Holiday,0.0,NO,DAL,6.0,241.0,117.5,27,28.3,43.7,60.0,PG/SG,8300,0,26.0,17.0,101,109,-3%,13,16,17,38,37,36,43.9,41.0,30.5,51.5,37.3,39.5,4.8,40.5,4.88,40.4,36.5,4.9,40.45,4.890000000000001,37.0,15.333333333333334,41.470000000000006,44.0,39.90337837837838
15,1,Wayne Ellington,0.0,NY,UTA,8.0,218.5,105.3,18,2.0,13.7,28.3,SG/SF,3200,1,16.0,9.0,101,107,-5%,7,6,5,17,18,15,13.7,10.3,2.1,18.4,25.1,13.3,4.2,8.8,2.73,9.1,13.0,2.8,8.95,2.7649999999999997,16.666666666666668,6.0,10.690000000000001,14.666666666666666,6.980999999999999
15,2,Danilo Gallinari,0.0,OKC,DET,-7.5,210.5,109.0,9,18.0,26.9,35.5,SF/PF,6200,0,24.0,20.0,100,110,-4%,15,14,14,31,30,31,26.9,32.1,24.8,39.3,33.2,38.8,6.3,30.8,4.96,32.0,31.5,5.2,31.4,5.08,30.666666666666668,14.333333333333334,30.9,26.8,32.25326086956522
15,3,Khris Middleton,0.0,MIL,IND,-10.5,222.0,116.3,3,23.3,40.9,59.8,SF,7200,1,26.0,22.0,101,105,-15%,15,18,15,30,33,30,40.9,37.9,27.2,48.5,29.1,33.0,4.6,35.0,4.86,37.9,32.0,5.3,36.45,5.08,31.0,16.0,38.19,41.333333333333336,37.62580645161291
15,4,Jimmy Butler,0.0,MIA,ORL,-6.5,219.5,113.0,13,36.5,39.3,45.5,SG/SF,7800,1,26.0,23.0,100,106,-2%,14,14,14,36,35,35,39.3,42.6,33.3,51.9,33.7,36.3,4.7,38.0,4.87,41.1,34.0,5.3,39.55,5.085,35.333333333333336,14.0,41.330000000000005,40.43333333333333,38.057547169811315
15,5,Terrence Ross,0.0,ORL,MIA,6.5,219.5,106.5,25,26.5,35.9,51.3,SG/SF,5700,1,22.0,14.0,101,107,-2%,14,16,12,29,30,27,35.9,23.9,15.6,32.2,34.2,38.5,6.8,25.5,4.47,25.7,29.5,4.5,25.6,4.484999999999999,28.666666666666668,14.0,26.639999999999997,37.9,26.344186046511627
15,6,Wendell Carter Jr.,0.0,CHI,MIN,2.0,232.0,115.0,28,16.5,27.6,42.0,C,5500,1,16.0,16.0,106,110,0%,5,8,8,21,26,30,27.6,29.2,21.2,37.3,25.0,22.3,4.1,22.5,4.09,23.9,24.0,4.3,23.2,4.195,25.666666666666668,7.0,27.7,28.7,21.693506493506494
15,7,Grant Williams,0.0,BOS,CLE,-4.0,217.0,110.5,29,5.3,7.3,10.3,SF/PF,3100,0,12.0,8.0,101,114,4%,4,2,3,18,17,16,7.0,10.3,3.1,17.4,26.5,19.8,6.4,19.5,6.29,17.7,23.5,5.7,18.6,5.995,17.0,3.0,11.280000000000001,7.633333333333333,25.711764705882356
16,0,Jordan McLaughlin,0.0,MIN,CHI,-2.0,232.0,117.0,16,10.3,18.7,28.8,PG,3800,0,17.0,16.0,102,108,-11%,6,5,6,18,18,19,18.6,18.4,7.8,29.0,27.0,22.3,5.9,17.8,4.67,16.4,17.0,4.3,17.1,4.484999999999999,18.333333333333332,5.666666666666667,18.18,19.266666666666666,15.856363636363639
16,1,RJ Barrett,0.0,NY,UTA,8.0,218.5,105.3,24,10.8,28.8,42.8,PG/SG,5800,1,24.0,10.0,101,107,-8%,14,14,13,31,31,31,28.8,26.3,15.2,37.4,29.7,28.0,4.8,28.0,4.83,27.0,31.5,4.7,27.5,4.765000000000001,31.0,13.666666666666666,27.04,27.46666666666667,27.943548387096772
16,2,James Ennis III,0.0,ORL,MIA,6.5,219.5,106.5,1,17.5,21.4,28.5,SF/PF,4500,1,15.0,12.0,101,107,0%,8,8,5,28,27,17,21.4,13.3,6.1,20.4,26.6,13.5,3.0,17.0,3.78,19.2,26.5,4.3,18.1,4.04,24.0,7.0,15.860000000000003,22.46666666666667,19.98541666666667
16,3,Shaquille Harrison,0.0,CHI,MIN,2.0,232.0,115.0,29,8.8,14.4,22.8,PG/SF,3200,1,0.0,0.0,106,110,3%,3,4,3,15,17,9,14.4,9.1,0.1,18.0,28.6,29.5,9.2,11.5,3.59,16.1,17.0,5.0,13.8,4.295,13.666666666666666,3.3333333333333335,11.080000000000002,15.333333333333334,17.165853658536584
16,4,Kendrick Nunn,0.0,MIA,ORL,-6.5,219.5,113.0,28,23.3,30.2,36.0,PG/SG,5400,1,23.0,14.0,100,106,0%,13,15,14,34,31,30,30.2,27.1,17.7,36.5,22.8,16.3,3.0,28.0,5.19,27.8,31.5,5.1,27.9,5.145,31.666666666666668,14.0,27.880000000000003,29.833333333333332,27.75315789473684
16,5,Marko Guduric,0.0,MEM,BKN,1.5,223.5,111.0,30,0.0,6.1,11.8,SG/SF,3000,1,18.0,9.0,104,106,3%,1,2,4,4,5,12,6.1,9.0,2.3,15.6,5.3,8.3,2.8,1.8,0.58,0.0,0.0,0.0,0.9,0.29,7.0,2.3333333333333335,6.779999999999999,5.966666666666666,0.0
16,6,Myles Turner,0.0,IND,MIL,10.5,222.0,105.8,7,23.8,33.2,42.0,C,5500,1,17.0,15.0,107,99,0%,10,10,9,33,31,30,33.2,27.9,18.7,37.2,30.5,16.8,3.1,30.0,5.45,29.7,31.5,5.4,29.85,5.425000000000001,31.333333333333332,9.666666666666666,29.370000000000005,33.0,30.00877659574468
16,7,Nerlens Noel,0.0,OKC,DET,-7.5,210.5,109.0,29,7.0,16.2,26.3,C,3400,0,15.0,22.0,100,110,2%,2,3,5,13,17,19,16.2,21.0,12.9,29.1,15.9,20.8,6.1,17.8,5.22,19.4,18.5,5.7,18.6,5.46,16.333333333333332,3.3333333333333335,19.560000000000002,16.5,21.06734693877551
17,0,CJ McCollum,0.0,POR,WAS,-8.0,243.0,125.5,21,43.3,57.3,76.3,PG/SG,8600,1,27.0,17.0,106,113,6%,25,26,20,37,39,37,57.3,38.0,26.1,50.0,33.3,39.5,4.6,41.0,4.77,41.6,36.0,4.8,41.3,4.785,37.666666666666664,23.666666666666668,42.54,58.96666666666666,39.47256637168142
17,1,Ryan Arcidiacono,0.0,CHI,MIN,2.0,232.0,115.0,29,8.3,16.5,24.8,PG/SG,3300,1,13.0,9.0,106,110,3%,5,6,4,20,23,16,16.5,10.5,4.0,17.1,22.9,21.3,6.5,13.5,4.09,14.4,20.5,4.4,13.95,4.245,19.666666666666668,5.0,12.41,16.533333333333335,14.541101694915254
17,2,Carmelo Anthony,0.0,POR,WAS,-8.0,243.0,125.5,8,20.0,25.9,41.0,PF,5700,1,21.0,12.0,106,113,1%,11,12,14,31,34,33,25.9,28.2,18.3,38.1,31.8,37.3,6.5,28.5,5.0,28.6,33.5,5.0,28.55,5.0,32.666666666666664,12.333333333333334,27.809999999999995,28.96666666666667,29.278316326530614
17,3,Svi Mykhailiuk,0.0,DET,OKC,7.5,210.5,101.5,20,9.3,17.4,26.0,SG/SF,3900,2,17.0,11.0,101,107,-2%,13,9,7,35,26,22,17.4,15.6,6.5,24.6,23.6,23.3,6.0,21.3,5.45,21.0,30.0,5.4,21.15,5.425000000000001,27.666666666666668,9.666666666666666,17.05,17.566666666666666,22.933734939759034
17,4,Luka Doncic,0.0,DAL,NO,-6.0,241.0,123.5,25,41.5,51.2,62.5,PG,10900,1,39.0,28.0,106,109,6%,19,20,21,38,35,34,51.5,57.8,44.0,71.6,41.0,73.3,6.7,61.8,5.67,64.9,36.0,6.0,63.35,5.835,35.666666666666664,20.0,57.65,51.73333333333333,63.942056074766356
17,5,Shai Gilgeous-Alexander,0.0,OKC,DET,-7.5,210.5,109.0,6,17.3,34.2,46.3,SG/SF,7400,0,23.0,17.0,100,110,-7%,14,13,15,36,35,36,38.2,36.0,26.2,45.7,34.5,42.5,5.7,35.8,4.83,35.3,35.5,4.8,35.55,4.8149999999999995,35.666666666666664,14.0,36.33,32.6,35.38387850467289
17,6,Daniel Gafford,0.0,CHI,MIN,2.0,232.0,115.0,28,13.0,17.2,22.8,C,3800,1,13.0,17.0,106,110,0%,6,5,3,22,21,14,17.1,11.9,3.3,20.4,10.2,3.0,0.8,18.0,4.74,18.7,21.0,4.9,18.35,4.82,19.0,4.666666666666667,14.209999999999999,17.666666666666668,20.281578947368423
17,7,Langston Galloway,0.0,DET,OKC,7.5,210.5,101.5,20,11.8,17.2,26.5,SG,3600,2,16.0,12.0,101,107,-5%,10,9,8,23,24,26,17.2,17.8,10.9,24.7,27.7,18.5,5.1,17.3,4.79,16.8,26.0,4.7,17.05,4.745,24.333333333333332,9.0,17.53,18.5,18.217808219178085
19,0,T.J. McConnell,0.0,IND,MIL,10.5,222.0,105.8,3,1.0,9.7,13.5,PG,3200,1,19.0,16.0,107,99,-1%,4,3,6,15,17,19,11.7,18.7,10.6,26.8,29.7,30.0,9.4,14.8,4.61,14.8,17.0,4.6,14.8,4.605,17.0,4.333333333333333,16.52,8.066666666666666,14.8
19,1,Shai Gilgeous-Alexander,0.0,OKC,DET,-7.5,210.5,109.0,6,17.3,34.2,46.3,SG/SF,7400,0,23.0,17.0,100,110,-7%,14,13,15,36,35,36,38.2,36.0,26.2,45.7,34.5,42.5,5.7,35.8,4.83,35.3,35.5,4.8,35.55,4.8149999999999995,35.666666666666664,14.0,36.33,32.6,35.38387850467289
19,2,Rodions Kurucs,0.0,BKN,MEM,-1.5,223.5,112.5,9,2.0,8.3,16.8,PF,3000,0,15.0,9.0,105,108,-1%,4,3,4,17,12,13,8.3,9.8,3.1,16.4,13.5,3.3,1.1,6.0,2.0,10.6,13.5,3.5,8.3,2.75,14.0,3.6666666666666665,9.180000000000001,9.033333333333333,8.003571428571428
19,3,Jimmy Butler,0.0,MIA,ORL,-6.5,219.5,113.0,13,36.5,39.3,45.5,SG/SF,7800,1,26.0,23.0,100,106,-2%,14,14,14,36,35,35,39.3,42.6,33.3,51.9,33.7,36.3,4.7,38.0,4.87,41.1,34.0,5.3,39.55,5.085,35.333333333333336,14.0,41.330000000000005,40.43333333333333,38.057547169811315
19,4,Joe Ingles,0.0,UTA,NY,-8.0,218.5,113.3,16,9.5,17.7,27.8,SG/SF,4500,1,16.0,12.0,101,111,1%,4,4,8,28,28,31,17.7,25.0,15.6,34.3,29.7,24.3,5.4,22.8,5.06,21.9,26.5,4.9,22.35,4.98,29.0,5.333333333333333,22.99,18.333333333333332,20.423275862068966
19,5,Abdel Nader,0.0,OKC,DET,-7.5,210.5,109.0,20,11.0,17.4,21.5,PF,3100,0,16.0,11.0,100,110,-4%,7,6,4,23,20,15,17.4,10.6,3.4,17.8,14.8,12.3,4.0,12.0,3.87,11.5,16.5,3.7,11.75,3.785,19.333333333333332,5.666666666666667,12.19,16.633333333333333,10.028017241379311
19,6,Tony Bradley,0.0,UTA,NY,-8.0,218.5,113.3,1,4.0,12.0,19.8,C,3000,1,16.0,21.0,101,111,-6%,5,3,3,14,12,10,12.0,11.3,3.9,18.6,13.6,18.3,6.1,13.8,4.58,13.3,12.5,4.4,13.55,4.49,12.0,3.6666666666666665,11.870000000000001,11.933333333333332,14.114583333333334
19,7,Cedi Osman,0.0,CLE,BOS,4.0,217.0,106.5,18,8.0,14.4,25.3,SF/PF,4100,1,17.0,11.0,102,104,-5%,10,10,9,31,31,29,20.8,21.2,13.1,29.4,42.9,24.8,6.0,23.8,5.79,24.3,36.0,5.9,24.05,5.845000000000001,30.333333333333332,9.666666666666666,21.71,15.9,28.542857142857144
20,0,Coby White,0.0,CHI,MIN,2.0,232.0,115.0,29,34.5,42.6,50.8,PG/SG,6200,1,24.0,12.0,106,110,3%,19,20,12,30,32,25,42.6,22.9,12.3,33.6,34.6,37.3,6.0,31.8,5.12,36.1,32.0,5.8,33.95,5.46,29.0,17.0,29.07,42.63333333333333,37.46206896551725
20,1,Joe Harris,0.0,BKN,MEM,-1.5,223.5,112.5,5,15.3,23.2,32.0,SG/SF,5100,0,18.0,13.0,105,108,3%,16,12,11,30,29,32,25.0,24.8,17.1,32.4,29.1,31.5,6.2,24.3,4.75,26.4,30.5,5.2,25.35,4.975,30.333333333333332,13.0,24.929999999999996,23.5,25.489285714285714
20,2,Brandon Ingram,0.0,NO,DAL,6.0,241.0,117.5,5,24.0,38.8,50.8,SF/PF,7900,0,29.0,20.0,101,109,1%,20,19,18,37,36,35,38.8,42.7,32.6,52.8,41.4,43.3,5.5,40.0,5.06,40.7,35.5,5.2,40.35,5.13,36.0,19.0,41.45,37.86666666666667,39.78958333333333
20,3,John Konchar,0.0,MEM,BKN,1.5,223.5,111.0,30,5.3,18.5,24.8,SG/SF,3100,1,0.0,0.0,104,106,3%,5,4,2,16,14,10,18.4,9.7,-0.3,19.6,22.5,14.5,4.7,14.8,4.76,10.6,11.5,3.4,12.7,4.08,13.333333333333334,3.6666666666666665,12.020000000000001,16.2,10.95375
20,4,Gary Trent Jr.,0.0,POR,WAS,-8.0,243.0,125.5,23,14.0,23.0,36.0,SG/SF,4500,1,15.0,12.0,106,113,6%,14,12,7,32,34,20,22.9,13.8,2.8,24.7,28.3,13.8,3.1,16.3,3.61,15.2,20.5,3.4,15.75,3.505,28.666666666666668,11.0,15.99,24.333333333333332,11.263081395348836
20,5,Josh Okogie,0.0,MIN,CHI,-2.0,232.0,117.0,7,11.5,20.0,27.8,SG/SF,4300,0,16.0,12.0,102,108,0%,8,6,7,27,27,25,20.0,19.4,11.7,27.1,26.3,12.5,2.9,20.8,4.83,23.3,27.5,5.4,22.05,5.115,26.333333333333332,7.0,20.05,19.766666666666666,23.026898734177216
20,6,Enes Kanter,0.0,BOS,CLE,-4.0,217.0,110.5,25,2.0,12.0,22.3,C,3500,0,19.0,22.0,101,114,0%,5,5,7,19,17,19,16.0,23.2,12.8,33.6,14.4,27.3,7.8,19.3,5.5,18.8,15.0,5.4,19.05,5.45,18.333333333333332,5.666666666666667,20.93,12.1,15.58636363636364
20,7,Lonzo Ball,0.0,NO,DAL,6.0,241.0,117.5,27,29.5,41.4,52.8,PG,7500,0,20.0,13.0,101,109,-3%,14,10,11,35,33,33,41.5,34.1,22.4,45.8,39.7,57.8,7.7,36.8,4.9,37.3,35.0,5.0,37.05,4.95,33.666666666666664,11.666666666666666,36.169999999999995,41.233333333333334,38.51732673267327
22,0,Delon Wright,0.0,DAL,NO,-6.0,241.0,123.5,25,6.0,17.1,28.0,PG/SG,4600,1,16.0,16.0,106,109,6%,6,6,6,29,24,22,17.1,20.5,11.9,29.1,24.9,25.8,5.6,21.5,4.67,24.6,25.5,5.3,23.05,4.984999999999999,25.0,6.0,20.330000000000002,17.033333333333335,23.511000000000003
22,1,De'Anthony Melton,0.0,MEM,BKN,1.5,223.5,111.0,10,6.8,19.9,26.0,PG/SG,4500,1,21.0,15.0,104,106,3%,7,7,7,24,23,21,19.9,22.0,14.3,29.7,22.3,20.8,4.6,23.5,5.22,23.0,24.5,5.1,23.25,5.16,22.666666666666668,7.0,21.83,17.566666666666666,25.13051470588235
22,2,Cedi Osman,0.0,CLE,BOS,4.0,217.0,106.5,18,8.0,14.4,25.3,SF/PF,4100,1,17.0,11.0,102,104,-5%,10,10,9,31,31,29,20.8,21.2,13.1,29.4,42.9,24.8,6.0,23.8,5.79,24.3,36.0,5.9,24.05,5.845000000000001,30.333333333333332,9.666666666666666,21.71,15.9,28.542857142857144
22,3,Luguentz Dort,0.0,OKC,DET,-7.5,210.5,109.0,6,4.0,13.1,27.0,SG/SF,3200,0,12.0,8.0,100,110,4%,6,5,5,25,24,22,13.1,11.5,4.3,18.8,24.7,12.8,4.0,15.5,4.84,13.1,24.0,4.1,14.3,4.47,23.666666666666668,5.333333333333333,12.4,14.700000000000001,14.501408450704226
22,4,Jerome Robinson,0.0,WAS,POR,8.0,243.0,117.5,11,9.3,16.1,22.5,SG/SF,3100,0,15.0,5.0,103,111,-2%,7,6,4,26,22,13,16.1,8.6,0.9,16.4,25.9,14.0,4.5,19.5,6.29,19.8,28.0,6.4,19.65,6.345000000000001,20.333333333333332,5.666666666666667,12.33,15.966666666666669,27.059016393442622
22,5,Danilo Gallinari,0.0,OKC,DET,-7.5,210.5,109.0,9,18.0,26.9,35.5,SF/PF,6200,0,24.0,20.0,100,110,-4%,15,14,14,31,30,31,26.9,32.1,24.8,39.3,33.2,38.8,6.3,30.8,4.96,32.0,31.5,5.2,31.4,5.08,30.666666666666668,14.333333333333334,30.9,26.8,32.25326086956522
22,6,Tony Bradley,0.0,UTA,NY,-8.0,218.5,113.3,1,4.0,12.0,19.8,C,3000,1,16.0,21.0,101,111,-6%,5,3,3,14,12,10,12.0,11.3,3.9,18.6,13.6,18.3,6.1,13.8,4.58,13.3,12.5,4.4,13.55,4.49,12.0,3.6666666666666665,11.870000000000001,11.933333333333332,14.114583333333334
22,7,Malik Beasley,0.0,MIN,CHI,-2.0,232.0,117.0,7,22.8,31.9,41.0,SG,6000,0,20.0,12.0,102,108,0%,14,16,9,33,34,22,31.9,18.4,6.6,30.2,34.0,31.3,5.2,29.3,4.88,33.0,33.5,5.5,31.15,5.1899999999999995,29.666666666666668,13.0,23.65,31.900000000000002,35.175
23,0,Lonzo Ball,0.0,NO,DAL,6.0,241.0,117.5,27,29.5,41.4,52.8,PG,7500,0,20.0,13.0,101,109,-3%,14,10,11,35,33,33,41.5,34.1,22.4,45.8,39.7,57.8,7.7,36.8,4.9,37.3,35.0,5.0,37.05,4.95,33.666666666666664,11.666666666666666,36.169999999999995,41.233333333333334,38.51732673267327
23,1,Ryan Arcidiacono,0.0,CHI,MIN,2.0,232.0,115.0,29,8.3,16.5,24.8,PG/SG,3300,1,13.0,9.0,106,110,3%,5,6,4,20,23,16,16.5,10.5,4.0,17.1,22.9,21.3,6.5,13.5,4.09,14.4,20.5,4.4,13.95,4.245,19.666666666666668,5.0,12.41,16.533333333333335,14.541101694915254
23,2,Wilson Chandler,0.0,BKN,MEM,-1.5,223.5,112.5,9,5.3,10.8,17.3,PF,3300,0,13.0,8.0,105,108,3%,7,5,5,19,20,21,10.8,14.9,8.8,21.0,17.3,5.3,1.6,14.8,4.47,13.8,18.5,4.2,14.3,4.335,20.0,5.666666666666667,13.959999999999999,11.133333333333335,13.227500000000001
23,3,Duncan Robinson,0.0,MIA,ORL,-6.5,219.5,113.0,13,14.3,20.9,36.3,SG/SF,4100,1,15.0,12.0,100,106,0%,8,9,9,31,32,30,20.9,22.2,13.8,30.7,36.3,34.5,8.4,22.5,5.49,23.2,32.0,5.7,22.85,5.595000000000001,31.0,8.666666666666666,22.089999999999996,23.833333333333332,23.58709677419355
23,4,Joe Ingles,0.0,UTA,NY,-8.0,218.5,113.3,16,9.5,17.7,27.8,SG/SF,4500,1,16.0,12.0,101,111,1%,4,4,8,28,28,31,17.7,25.0,15.6,34.3,29.7,24.3,5.4,22.8,5.06,21.9,26.5,4.9,22.35,4.98,29.0,5.333333333333333,22.99,18.333333333333332,20.423275862068966
23,5,Svi Mykhailiuk,0.0,DET,OKC,7.5,210.5,101.5,20,9.3,17.4,26.0,SG/SF,3900,2,17.0,11.0,101,107,-2%,13,9,7,35,26,22,17.4,15.6,6.5,24.6,23.6,23.3,6.0,21.3,5.45,21.0,30.0,5.4,21.15,5.425000000000001,27.666666666666668,9.666666666666666,17.05,17.566666666666666,22.933734939759034
23,6,Daniel Theis,0.0,BOS,CLE,-4.0,217.0,110.5,25,25.3,28.6,36.8,C,5800,0,15.0,18.0,101,114,4%,10,9,7,33,29,24,28.6,24.2,16.3,32.0,18.6,12.8,2.2,28.0,4.83,27.1,27.0,4.7,27.55,4.765000000000001,28.666666666666668,8.666666666666666,25.73,30.233333333333334,25.948255813953487
23,7,Josh Hart,0.0,NO,DAL,6.0,241.0,117.5,5,13.5,19.3,27.5,SF,4400,0,15.0,12.0,101,109,-2%,9,7,9,24,23,28,19.3,25.2,17.1,33.4,13.2,10.0,2.3,18.8,4.26,20.3,24.0,4.6,19.55,4.43,25.0,8.333333333333334,22.91,20.099999999999998,18.768
24,0,Luka Doncic,0.0,DAL,NO,-6.0,241.0,123.5,25,41.5,51.2,62.5,PG,10900,1,39.0,28.0,106,109,6%,19,20,21,38,35,34,51.5,57.8,44.0,71.6,41.0,73.3,6.7,61.8,5.67,64.9,36.0,6.0,63.35,5.835,35.666666666666664,20.0,57.65,51.73333333333333,63.942056074766356
24,1,Aaron Holiday,0.0,IND,MIL,10.5,222.0,105.8,3,7.5,16.8,28.5,PG/SG,4400,1,21.0,12.0,107,99,-1%,5,6,9,25,25,24,16.8,20.1,9.2,31.1,25.1,16.3,3.7,25.0,5.68,23.9,31.5,5.4,24.45,5.54,24.666666666666668,6.666666666666667,20.330000000000002,17.599999999999998,31.22331081081081
24,2,Dean Wade,0.0,CLE,BOS,4.0,217.0,106.5,15,0.0,5.5,23.0,PF,3000,1,0.0,0.0,102,104,-2%,1,1,1,3,5,5,5.5,4.6,-2.0,11.1,16.4,8.0,2.7,6.3,2.08,0.0,0.0,0.0,3.15,1.04,4.333333333333333,1.0,4.47,9.5,0.0
24,3,Edmond Sumner,0.0,IND,MIL,10.5,222.0,105.8,17,2.0,4.2,6.3,SG/SF,3000,1,0.0,0.0,107,99,-1%,3,3,4,10,9,13,4.3,9.5,2.0,17.0,5.1,10.5,3.5,5.5,1.83,9.0,12.5,3.0,7.25,2.415,10.666666666666666,3.3333333333333335,8.01,4.166666666666667,8.49609375
24,4,Markelle Fultz,0.0,ORL,MIA,6.5,219.5,106.5,11,17.3,24.4,28.8,PG/SG,5200,1,22.0,14.0,101,107,-7%,10,9,11,27,29,29,24.4,26.4,18.6,34.3,31.1,24.5,4.7,26.5,5.1,26.2,30.0,5.0,26.35,5.05,28.333333333333332,10.0,26.009999999999998,23.5,27.900000000000002
24,5,Rodions Kurucs,0.0,BKN,MEM,-1.5,223.5,112.5,9,2.0,8.3,16.8,PF,3000,0,15.0,9.0,105,108,-1%,4,3,4,17,12,13,8.3,9.8,3.1,16.4,13.5,3.3,1.1,6.0,2.0,10.6,13.5,3.5,8.3,2.75,14.0,3.6666666666666665,9.180000000000001,9.033333333333333,8.003571428571428
24,6,Nikola Vucevic,0.0,ORL,MIA,6.5,219.5,106.5,16,26.3,41.5,51.3,C,8500,1,26.0,22.0,101,107,-5%,20,18,17,34,34,33,41.5,43.3,34.1,52.4,39.9,56.0,6.6,44.5,5.24,43.0,34.0,5.1,43.75,5.17,33.666666666666664,18.333333333333332,43.01,39.699999999999996,44.18316831683168
24,7,Otto Porter Jr.,0.0,CHI,MIN,2.0,232.0,115.0,20,15.8,26.5,38.0,SF/PF,5400,1,0.0,0.0,106,110,6%,9,10,10,15,23,24,26.4,21.6,13.0,30.3,18.3,13.0,2.4,19.5,3.61,20.7,21.5,3.8,20.1,3.705,20.666666666666668,9.666666666666666,22.28,26.766666666666666,20.91048387096774
25,0,Jordan Clarkson,0.0,UTA,NY,-8.0,218.5,113.3,19,14.5,24.3,36.0,PG/SG,4900,1,26.0,18.0,101,111,1%,14,13,12,24,24,24,24.3,24.3,14.9,33.7,20.6,12.0,2.4,23.3,4.74,23.4,24.0,4.8,23.35,4.77,24.0,13.0,24.110000000000003,24.933333333333334,23.35
25,1,Duncan Robinson,0.0,MIA,ORL,-6.5,219.5,113.0,13,14.3,20.9,36.3,SG/SF,4100,1,15.0,12.0,100,106,0%,8,9,9,31,32,30,20.9,22.2,13.8,30.7,36.3,34.5,8.4,22.5,5.49,23.2,32.0,5.7,22.85,5.595000000000001,31.0,8.666666666666666,22.089999999999996,23.833333333333332,23.58709677419355
25,2,Robert Williams,0.0,BOS,CLE,-4.0,217.0,110.5,7,0.0,0.0,0.0,PF/C,3100,0,0.0,0.0,101,114,4%,2,3,3,11,13,14,13.4,14.9,7.5,22.4,14.3,20.3,6.5,6.5,2.1,0.0,0.0,0.0,3.25,1.05,12.666666666666666,2.6666666666666665,12.290000000000001,0.0,0.0
25,3,E'Twaun Moore,0.0,NO,DAL,6.0,241.0,117.5,22,2.0,9.7,19.3,SG/SF,3200,0,20.0,12.0,101,109,-2%,6,4,8,17,13,19,9.7,15.9,7.4,24.5,15.7,9.0,2.8,13.8,4.3,13.5,17.0,4.2,13.65,4.25,16.333333333333332,6.0,14.23,10.333333333333334,14.207142857142857
25,4,Malik Beasley,0.0,MIN,CHI,-2.0,232.0,117.0,7,22.8,31.9,41.0,SG,6000,0,20.0,12.0,102,108,0%,14,16,9,33,34,22,31.9,18.4,6.6,30.2,34.0,31.3,5.2,29.3,4.88,33.0,33.5,5.5,31.15,5.1899999999999995,29.666666666666668,13.0,23.65,31.900000000000002,35.175
25,5,Yuta Watanabe,0.0,MEM,BKN,1.5,223.5,111.0,7,0.0,4.2,9.5,SF,3000,1,0.0,0.0,104,106,3%,2,2,2,9,10,7,3.8,3.8,-0.6,8.2,5.7,10.0,3.3,2.5,0.83,0.0,0.0,0.0,1.25,0.415,8.666666666666666,2.0,3.29,4.566666666666666,0.0
25,6,Nikola Vucevic,0.0,ORL,MIA,6.5,219.5,106.5,16,26.3,41.5,51.3,C,8500,1,26.0,22.0,101,107,-5%,20,18,17,34,34,33,41.5,43.3,34.1,52.4,39.9,56.0,6.6,44.5,5.24,43.0,34.0,5.1,43.75,5.17,33.666666666666664,18.333333333333332,43.01,39.699999999999996,44.18316831683168
25,7,Tony Bradley,0.0,UTA,NY,-8.0,218.5,113.3,1,4.0,12.0,19.8,C,3000,1,16.0,21.0,101,111,-6%,5,3,3,14,12,10,12.0,11.3,3.9,18.6,13.6,18.3,6.1,13.8,4.58,13.3,12.5,4.4,13.55,4.49,12.0,3.6666666666666665,11.870000000000001,11.933333333333332,14.114583333333334
26,0,D.J. Augustin,0.0,ORL,MIA,6.5,219.5,106.5,11,7.3,15.5,23.0,PG,3100,1,20.0,14.0,101,107,-7%,8,8,8,21,22,26,18.5,21.8,13.2,30.5,16.9,8.0,2.6,14.8,4.76,16.4,20.5,5.3,15.6,5.029999999999999,23.0,8.0,19.919999999999998,15.266666666666666,13.904347826086957
26,1,Jarrett Culver,0.0,MIN,CHI,-2.0,232.0,117.0,7,9.5,17.9,23.0,SG/SF,3700,0,19.0,9.0,102,108,-11%,9,8,9,22,21,24,17.9,19.0,9.4,28.7,21.1,20.8,5.6,17.8,4.8,17.0,21.0,4.6,17.4,4.699999999999999,22.333333333333332,8.666666666666666,18.48,16.8,16.361194029850743
26,2,Giannis Antetokounmpo,0.0,MIL,IND,-10.5,222.0,116.3,29,40.3,55.9,77.5,PF,11400,1,37.0,32.0,101,105,-6%,23,18,20,33,31,32,55.9,60.7,49.5,71.9,28.3,55.5,4.9,58.8,5.15,59.8,32.0,5.2,59.3,5.175000000000001,32.0,20.333333333333332,59.46,57.9,59.3
26,3,Andre Iguodala,0.0,MIA,ORL,-6.5,219.5,113.0,13,9.3,12.9,20.3,SG/SF,3200,1,0.0,0.0,100,106,-4%,3,3,4,12,16,18,12.8,13.8,8.4,19.2,15.9,14.8,4.6,13.5,4.22,11.2,14.5,3.5,12.35,3.86,15.333333333333334,3.3333333333333335,13.309999999999999,14.166666666666666,11.678804347826086
26,4,Jordan McLaughlin,0.0,MIN,CHI,-2.0,232.0,117.0,16,10.3,18.7,28.8,PG,3800,0,17.0,16.0,102,108,-11%,6,5,6,18,18,19,18.6,18.4,7.8,29.0,27.0,22.3,5.9,17.8,4.67,16.4,17.0,4.3,17.1,4.484999999999999,18.333333333333332,5.666666666666667,18.18,19.266666666666666,15.856363636363639
26,5,Wayne Ellington,0.0,NY,UTA,8.0,218.5,105.3,18,2.0,13.7,28.3,SG/SF,3200,1,16.0,9.0,101,107,-5%,7,6,5,17,18,15,13.7,10.3,2.1,18.4,25.1,13.3,4.2,8.8,2.73,9.1,13.0,2.8,8.95,2.7649999999999997,16.666666666666668,6.0,10.690000000000001,14.666666666666666,6.980999999999999
26,6,Taj Gibson,0.0,NY,UTA,8.0,218.5,105.3,4,12.3,19.2,31.5,C,3500,1,15.0,16.0,101,107,-8%,7,6,5,21,18,17,19.1,14.6,7.1,22.2,13.8,2.3,0.7,23.0,6.57,21.1,23.5,6.0,22.05,6.285,18.666666666666668,6.0,17.01,21.0,27.759375
26,7,Jae Crowder,0.0,MIA,ORL,-6.5,219.5,113.0,27,19.3,25.9,33.8,PF,5100,1,16.0,12.0,100,106,-1%,10,10,9,29,32,30,25.9,26.4,16.0,36.9,32.1,21.8,4.3,24.8,4.85,24.6,29.0,4.8,24.700000000000003,4.824999999999999,30.333333333333332,9.666666666666666,25.979999999999997,26.333333333333332,23.614285714285717
27,0,Eric Bledsoe,0.0,MIL,IND,-10.5,222.0,116.3,8,8.8,25.9,48.3,PG,5900,1,25.0,18.0,101,105,-3%,7,9,12,22,27,28,25.9,32.0,21.0,42.9,27.1,32.8,5.6,31.3,5.3,32.7,29.0,5.5,32.0,5.4,25.666666666666668,9.333333333333334,30.76,27.666666666666668,36.15584415584416
27,1,Edmond Sumner,0.0,IND,MIL,10.5,222.0,105.8,17,2.0,4.2,6.3,SG/SF,3000,1,0.0,0.0,107,99,-1%,3,3,4,10,9,13,4.3,9.5,2.0,17.0,5.1,10.5,3.5,5.5,1.83,9.0,12.5,3.0,7.25,2.415,10.666666666666666,3.3333333333333335,8.01,4.166666666666667,8.49609375
27,2,Juancho Hernangomez,0.0,MIN,CHI,-2.0,232.0,117.0,21,14.5,32.2,50.3,PF,5600,0,14.0,10.0,102,108,8%,11,10,5,31,30,16,32.2,12.8,0.9,24.7,31.1,26.3,4.7,26.0,4.64,29.7,31.0,5.3,27.85,4.97,25.666666666666668,8.666666666666666,19.690000000000005,32.333333333333336,33.63701298701299
27,3,Danilo Gallinari,0.0,OKC,DET,-7.5,210.5,109.0,9,18.0,26.9,35.5,SF/PF,6200,0,24.0,20.0,100,110,-4%,15,14,14,31,30,31,26.9,32.1,24.8,39.3,33.2,38.8,6.3,30.8,4.96,32.0,31.5,5.2,31.4,5.08,30.666666666666668,14.333333333333334,30.9,26.8,32.25326086956522
27,4,Ja Morant,0.0,MEM,BKN,1.5,223.5,111.0,10,16.5,35.0,59.5,PG,7200,1,27.0,18.0,104,106,3%,13,14,14,29,30,30,35.0,34.1,22.6,45.7,28.9,33.8,4.7,34.8,4.83,36.0,32.5,5.0,35.4,4.915,29.666666666666668,13.666666666666666,34.56,37.0,38.78089887640449
27,5,Moe Harkless,0.0,NY,UTA,8.0,218.5,105.3,22,14.0,21.6,30.3,SF/PF,3800,1,10.0,10.0,101,107,-7%,9,7,5,28,27,24,21.6,15.7,8.4,23.0,20.8,6.5,1.7,18.0,4.74,19.5,28.5,5.1,18.75,4.92,26.333333333333332,7.0,17.490000000000002,21.96666666666667,20.292721518987342
27,6,Willie Cauley-Stein,0.0,DAL,NO,-6.0,241.0,123.5,6,5.3,15.2,34.5,C,3400,1,16.0,17.0,106,109,-2%,6,5,6,17,17,22,20.4,21.8,14.3,29.3,15.8,12.3,3.6,8.3,2.43,0.0,0.0,0.0,4.15,1.215,18.666666666666668,5.666666666666667,17.990000000000002,18.333333333333332,0.0
27,7,Michael Kidd-Gilchrist,0.0,DAL,NO,-6.0,241.0,123.5,16,0.8,6.2,13.5,PF,3000,1,0.0,0.0,106,109,4%,0,1,3,4,9,11,6.2,7.5,1.3,13.8,1.7,1.5,0.5,3.8,1.25,0.0,0.0,0.0,1.9,0.625,8.0,1.3333333333333333,6.14,6.833333333333333,0.0
28,0,De'Anthony Melton,0.0,MEM,BKN,1.5,223.5,111.0,10,6.8,19.9,26.0,PG/SG,4500,1,21.0,15.0,104,106,3%,7,7,7,24,23,21,19.9,22.0,14.3,29.7,22.3,20.8,4.6,23.5,5.22,23.0,24.5,5.1,23.25,5.16,22.666666666666668,7.0,21.83,17.566666666666666,25.13051470588235
28,1,Romeo Langford,0.0,BOS,CLE,-4.0,217.0,110.5,8,2.5,4.1,5.5,SG/SF,3000,0,0.0,0.0,101,114,7%,2,3,2,9,13,11,4.1,5.3,-1.5,12.0,13.4,6.5,2.2,10.0,3.33,9.4,15.0,3.1,9.7,3.215,11.0,2.3333333333333335,5.92,4.033333333333333,13.227272727272727
28,2,Moe Harkless,0.0,NY,UTA,8.0,218.5,105.3,22,14.0,21.6,30.3,SF/PF,3800,1,10.0,10.0,101,107,-7%,9,7,5,28,27,24,21.6,15.7,8.4,23.0,20.8,6.5,1.7,18.0,4.74,19.5,28.5,5.1,18.75,4.92,26.333333333333332,7.0,17.490000000000002,21.96666666666667,20.292721518987342
28,3,Grant Williams,0.0,BOS,CLE,-4.0,217.0,110.5,29,5.3,7.3,10.3,SF/PF,3100,0,12.0,8.0,101,114,4%,4,2,3,18,17,16,7.0,10.3,3.1,17.4,26.5,19.8,6.4,19.5,6.29,17.7,23.5,5.7,18.6,5.995,17.0,3.0,11.280000000000001,7.633333333333333,25.711764705882356
28,4,D'Angelo Russell,0.0,MIN,CHI,-2.0,232.0,117.0,16,39.8,44.5,52.3,PG,9100,0,33.0,20.0,102,108,-11%,20,20,20,34,33,33,44.5,42.4,30.8,54.1,31.4,29.8,3.3,44.3,4.86,46.2,34.0,5.1,45.25,4.98,33.333333333333336,20.0,43.410000000000004,45.53333333333333,46.155
28,5,Zion Williamson,0.0,NO,DAL,6.0,241.0,117.5,18,32.8,41.2,49.0,PF/C,8000,0,30.0,26.0,101,109,0%,18,18,16,33,33,30,41.1,37.9,30.9,44.9,34.9,32.0,4.0,41.3,5.16,41.8,32.5,5.2,41.55,5.18,32.0,17.333333333333332,39.27,41.0,42.19921875
28,6,Daniel Theis,0.0,BOS,CLE,-4.0,217.0,110.5,25,25.3,28.6,36.8,C,5800,0,15.0,18.0,101,114,4%,10,9,7,33,29,24,28.6,24.2,16.3,32.0,18.6,12.8,2.2,28.0,4.83,27.1,27.0,4.7,27.55,4.765000000000001,28.666666666666668,8.666666666666666,25.73,30.233333333333334,25.948255813953487
28,7,Naz Reid,0.0,MIN,CHI,-2.0,232.0,117.0,26,15.8,25.6,46.5,C,5100,0,24.0,15.0,102,108,7%,13,10,8,27,25,15,25.6,17.4,5.6,29.1,25.0,41.3,8.1,30.5,5.98,31.6,26.5,6.2,31.05,6.09,22.333333333333332,10.333333333333334,21.749999999999996,29.3,36.84291044776119
30,0,Spencer Dinwiddie,0.0,BKN,MEM,-1.5,223.5,112.5,22,27.5,38.8,49.8,PG/SG,7800,0,31.0,18.0,105,108,2%,13,15,17,28,31,32,38.8,38.2,28.4,48.1,26.6,18.5,2.4,37.8,4.84,40.0,33.0,5.1,38.9,4.97,30.333333333333332,15.0,38.480000000000004,38.699999999999996,42.31978021978022
30,1,Donovan Mitchell,0.0,UTA,NY,-8.0,218.5,113.3,19,37.8,45.8,52.0,PG/SG,8100,1,31.0,20.0,101,111,-2%,18,22,21,34,35,35,45.8,39.8,30.6,49.0,33.8,39.8,4.9,40.5,5.0,39.1,35.0,4.8,39.8,4.9,34.666666666666664,20.333333333333332,41.0,45.199999999999996,40.18269230769231
30,2,Mario Hezonja,0.0,POR,WAS,-8.0,243.0,125.5,23,1.5,10.1,28.0,SF/PF,3200,1,13.0,9.0,106,113,6%,6,3,4,20,14,16,10.1,11.6,3.4,19.9,16.2,10.5,3.3,10.3,3.2,9.5,12.5,3.0,9.9,3.1,16.666666666666668,4.333333333333333,10.979999999999999,13.200000000000001,7.425
30,3,Bojan Bogdanovic,0.0,UTA,NY,-8.0,218.5,113.3,30,9.0,26.0,48.8,SF/PF,6200,1,25.0,16.0,101,111,1%,18,13,15,33,34,34,25.9,30.6,21.5,39.7,33.2,33.0,5.3,29.3,4.72,30.8,33.5,5.0,30.05,4.859999999999999,33.666666666666664,15.333333333333334,29.55,27.933333333333334,29.90123762376238
30,4,Pat Connaughton,0.0,MIL,IND,-10.5,222.0,116.3,10,6.0,14.4,25.5,SG/SF,3100,1,12.0,12.0,101,105,-1%,5,4,4,21,17,19,14.4,15.1,8.1,22.1,18.9,16.0,5.2,16.8,5.4,16.1,20.0,5.2,16.450000000000003,5.300000000000001,19.0,4.333333333333333,15.23,15.299999999999999,17.315789473684212
30,5,Gary Trent Jr.,0.0,POR,WAS,-8.0,243.0,125.5,23,14.0,23.0,36.0,SG/SF,4500,1,15.0,12.0,106,113,6%,14,12,7,32,34,20,22.9,13.8,2.8,24.7,28.3,13.8,3.1,16.3,3.61,15.2,20.5,3.4,15.75,3.505,28.666666666666668,11.0,15.99,24.333333333333332,11.263081395348836
30,6,Rudy Gobert,0.0,UTA,NY,-8.0,218.5,113.3,1,23.5,32.1,45.8,C,8000,1,16.0,22.0,101,111,-6%,7,6,9,34,35,35,32.0,41.1,32.0,50.3,34.4,42.0,5.3,42.0,5.25,40.5,35.0,5.1,41.25,5.175,34.666666666666664,7.333333333333333,39.33,33.800000000000004,41.64663461538462
30,7,Royce O'Neale,0.0,UTA,NY,-8.0,218.5,113.3,30,13.8,23.9,29.3,SF,4300,1,10.0,10.0,101,111,1%,6,6,5,31,27,29,23.9,19.3,12.6,25.9,29.0,12.5,2.9,18.5,4.3,19.0,28.5,4.4,18.75,4.35,29.0,5.666666666666667,20.089999999999996,22.333333333333332,18.426724137931036
32,0,Jrue Holiday,0.0,NO,DAL,6.0,241.0,117.5,27,28.3,43.7,60.0,PG/SG,8300,0,26.0,17.0,101,109,-3%,13,16,17,38,37,36,43.9,41.0,30.5,51.5,37.3,39.5,4.8,40.5,4.88,40.4,36.5,4.9,40.45,4.890000000000001,37.0,15.333333333333334,41.470000000000006,44.0,39.90337837837838
32,1,Aaron Holiday,0.0,IND,MIL,10.5,222.0,105.8,3,7.5,16.8,28.5,PG/SG,4400,1,21.0,12.0,107,99,-1%,5,6,9,25,25,24,16.8,20.1,9.2,31.1,25.1,16.3,3.7,25.0,5.68,23.9,31.5,5.4,24.45,5.54,24.666666666666668,6.666666666666667,20.330000000000002,17.599999999999998,31.22331081081081
32,2,Nassir Little,0.0,POR,WAS,-8.0,243.0,125.5,23,1.3,3.2,6.0,SF/PF,3000,1,13.0,9.0,106,113,1%,2,2,3,9,10,13,3.2,8.5,1.1,15.9,3.4,5.3,1.8,6.5,2.17,0.0,0.0,0.0,3.25,1.085,10.666666666666666,2.3333333333333335,6.390000000000001,3.5,0.0
32,3,Danilo Gallinari,0.0,OKC,DET,-7.5,210.5,109.0,9,18.0,26.9,35.5,SF/PF,6200,0,24.0,20.0,100,110,-4%,15,14,14,31,30,31,26.9,32.1,24.8,39.3,33.2,38.8,6.3,30.8,4.96,32.0,31.5,5.2,31.4,5.08,30.666666666666668,14.333333333333334,30.9,26.8,32.25326086956522
32,4,RJ Barrett,0.0,NY,UTA,8.0,218.5,105.3,24,10.8,28.8,42.8,PG/SG,5800,1,24.0,10.0,101,107,-8%,14,14,13,31,31,31,28.8,26.3,15.2,37.4,29.7,28.0,4.8,28.0,4.83,27.0,31.5,4.7,27.5,4.765000000000001,31.0,13.666666666666666,27.04,27.46666666666667,27.943548387096772
32,5,Georges Niang,0.0,UTA,NY,-8.0,218.5,113.3,30,2.5,8.0,15.3,SF/PF,3000,1,16.0,12.0,101,111,1%,5,4,5,12,12,14,8.0,10.7,4.2,17.3,11.7,4.8,1.6,11.3,3.75,9.6,12.0,3.2,10.45,3.475,12.666666666666666,4.666666666666667,10.13,8.6,9.899999999999999
32,6,DeAndre Jordan,0.0,BKN,MEM,-1.5,223.5,112.5,13,20.8,26.0,37.0,C,5500,0,15.0,21.0,105,108,4%,3,5,5,28,25,22,26.0,26.1,16.9,35.3,13.7,6.0,1.1,26.5,4.82,27.1,23.5,4.9,26.8,4.86,25.0,4.333333333333333,26.220000000000006,27.933333333333334,25.192
32,7,Joe Ingles,0.0,UTA,NY,-8.0,218.5,113.3,16,9.5,17.7,27.8,SG/SF,4500,1,16.0,12.0,101,111,1%,4,4,8,28,28,31,17.7,25.0,15.6,34.3,29.7,24.3,5.4,22.8,5.06,21.9,26.5,4.9,22.35,4.98,29.0,5.333333333333333,22.99,18.333333333333332,20.423275862068966
33,0,Tomas Satoransky,0.0,CHI,MIN,2.0,232.0,115.0,29,7.5,26.1,48.3,PG,5800,1,18.0,14.0,106,110,3%,9,9,9,32,32,29,26.1,25.8,16.2,35.4,29.6,24.3,4.2,29.5,5.09,30.2,32.0,5.2,29.85,5.145,31.0,9.0,26.670000000000005,27.3,30.812903225806455
33,1,Joe Harris,0.0,BKN,MEM,-1.5,223.5,112.5,5,15.3,23.2,32.0,SG/SF,5100,0,18.0,13.0,105,108,3%,16,12,11,30,29,32,25.0,24.8,17.1,32.4,29.1,31.5,6.2,24.3,4.75,26.4,30.5,5.2,25.35,4.975,30.333333333333332,13.0,24.929999999999996,23.5,25.489285714285714
33,2,Kevin Love,0.0,CLE,BOS,4.0,217.0,106.5,15,24.8,39.0,48.5,PF,7700,1,23.0,18.0,102,104,-2%,12,11,13,35,33,32,39.0,37.4,25.9,48.8,37.3,55.0,7.1,39.5,5.13,39.6,34.0,5.1,39.55,5.115,33.333333333333336,12.0,38.129999999999995,37.43333333333333,40.340999999999994
33,3,Yuta Watanabe,0.0,MEM,BKN,1.5,223.5,111.0,7,0.0,4.2,9.5,SF,3000,1,0.0,0.0,104,106,3%,2,2,2,9,10,7,3.8,3.8,-0.6,8.2,5.7,10.0,3.3,2.5,0.83,0.0,0.0,0.0,1.25,0.415,8.666666666666666,2.0,3.29,4.566666666666666,0.0
33,4,Ja Morant,0.0,MEM,BKN,1.5,223.5,111.0,10,16.5,35.0,59.5,PG,7200,1,27.0,18.0,104,106,3%,13,14,14,29,30,30,35.0,34.1,22.6,45.7,28.9,33.8,4.7,34.8,4.83,36.0,32.5,5.0,35.4,4.915,29.666666666666668,13.666666666666666,34.56,37.0,38.78089887640449
33,5,Wilson Chandler,0.0,BKN,MEM,-1.5,223.5,112.5,9,5.3,10.8,17.3,PF,3300,0,13.0,8.0,105,108,3%,7,5,5,19,20,21,10.8,14.9,8.8,21.0,17.3,5.3,1.6,14.8,4.47,13.8,18.5,4.2,14.3,4.335,20.0,5.666666666666667,13.959999999999999,11.133333333333335,13.227500000000001
33,6,Jonas Valanciunas,0.0,MEM,BKN,1.5,223.5,111.0,15,16.3,37.2,50.3,C,7800,1,21.0,22.0,104,106,8%,11,11,11,28,27,26,37.5,34.7,22.7,46.7,26.4,33.0,4.2,38.0,4.87,42.0,30.0,5.4,40.0,5.135,27.0,11.0,36.32,34.6,44.44444444444444
33,7,Denzel Valentine,0.0,CHI,MIN,2.0,232.0,115.0,19,7.3,15.8,27.5,SG/SF,3800,1,23.0,13.0,106,110,6%,12,9,6,16,17,12,15.8,12.3,3.5,21.1,18.0,15.5,4.1,20.5,5.39,24.2,22.0,6.4,22.35,5.895,15.0,9.0,15.010000000000002,16.866666666666667,32.78
34,0,Malcolm Brogdon,0.0,IND,MIL,10.5,222.0,105.8,3,24.8,35.1,43.5,PG,7000,1,27.0,18.0,107,99,-1%,14,14,15,35,33,33,35.1,36.8,27.8,45.7,10.8,11.5,1.6,37.0,5.29,36.5,35.0,5.2,36.75,5.245,33.666666666666664,14.333333333333334,36.43,34.46666666666667,38.20544554455446
34,1,Terrence Ross,0.0,ORL,MIA,6.5,219.5,106.5,25,26.5,35.9,51.3,SG/SF,5700,1,22.0,14.0,101,107,-2%,14,16,12,29,30,27,35.9,23.9,15.6,32.2,34.2,38.5,6.8,25.5,4.47,25.7,29.5,4.5,25.6,4.484999999999999,28.666666666666668,14.0,26.639999999999997,37.9,26.344186046511627
34,2,Julius Randle,0.0,NY,UTA,8.0,218.5,105.3,13,37.8,42.5,52.0,PF/C,7700,1,28.0,17.0,101,107,-8%,15,15,16,31,31,33,42.5,38.6,29.5,47.8,32.2,46.8,6.1,38.0,4.94,41.1,33.0,5.3,39.55,5.12,31.666666666666668,15.333333333333334,39.589999999999996,44.1,41.21526315789473
34,3,Shai Gilgeous-Alexander,0.0,OKC,DET,-7.5,210.5,109.0,6,17.3,34.2,46.3,SG/SF,7400,0,23.0,17.0,100,110,-7%,14,13,15,36,35,36,38.2,36.0,26.2,45.7,34.5,42.5,5.7,35.8,4.83,35.3,35.5,4.8,35.55,4.8149999999999995,35.666666666666664,14.0,36.33,32.6,35.38387850467289
34,4,Marko Guduric,0.0,MEM,BKN,1.5,223.5,111.0,30,0.0,6.1,11.8,SG/SF,3000,1,18.0,9.0,104,106,3%,1,2,4,4,5,12,6.1,9.0,2.3,15.6,5.3,8.3,2.8,1.8,0.58,0.0,0.0,0.0,0.9,0.29,7.0,2.3333333333333335,6.779999999999999,5.966666666666666,0.0
34,5,Maxi Kleber,0.0,DAL,NO,-6.0,241.0,123.5,16,16.0,24.6,35.5,PF/C,5200,1,14.0,14.0,106,109,7%,6,7,7,25,25,25,25.0,21.0,13.1,29.0,39.4,32.3,6.2,24.8,4.76,21.3,24.5,4.1,23.05,4.43,25.0,6.666666666666667,22.229999999999997,25.366666666666664,22.589000000000002
34,6,Anthony Tolliver,0.0,MEM,BKN,1.5,223.5,111.0,12,0.0,6.5,17.3,PF/C,3100,1,11.0,7.0,104,106,-3%,4,2,3,18,11,15,6.5,9.4,1.5,17.3,23.7,11.5,3.7,8.3,2.66,8.2,13.0,2.6,8.25,2.63,14.666666666666666,3.0,8.59,7.933333333333334,7.3125
34,7,Doug McDermott,0.0,IND,MIL,10.5,222.0,105.8,4,5.0,14.2,23.3,SF/PF,3300,1,19.0,14.0,107,99,-10%,6,7,8,14,15,20,14.2,16.2,8.6,23.8,18.9,24.3,7.4,11.8,3.56,12.9,16.0,3.9,12.350000000000001,3.73,16.333333333333332,7.0,15.030000000000001,14.166666666666666,12.097959183673472
35,0,Kendrick Nunn,0.0,MIA,ORL,-6.5,219.5,113.0,28,23.3,30.2,36.0,PG/SG,5400,1,23.0,14.0,100,106,0%,13,15,14,34,31,30,30.2,27.1,17.7,36.5,22.8,16.3,3.0,28.0,5.19,27.8,31.5,5.1,27.9,5.145,31.666666666666668,14.0,27.880000000000003,29.833333333333332,27.75315789473684
35,1,Marcus Smart,0.0,BOS,CLE,-4.0,217.0,110.5,26,31.5,41.3,51.8,PG/SG,7000,0,20.0,14.0,101,114,7%,19,16,12,40,37,33,41.3,30.6,19.5,41.6,32.0,25.5,3.6,35.0,5.0,40.0,36.5,5.7,37.5,5.35,36.666666666666664,15.666666666666666,34.1,41.53333333333333,37.32954545454545
35,2,Doug McDermott,0.0,IND,MIL,10.5,222.0,105.8,4,5.0,14.2,23.3,SF/PF,3300,1,19.0,14.0,107,99,-10%,6,7,8,14,15,20,14.2,16.2,8.6,23.8,18.9,24.3,7.4,11.8,3.56,12.9,16.0,3.9,12.350000000000001,3.73,16.333333333333332,7.0,15.030000000000001,14.166666666666666,12.097959183673472
35,3,Courtney Lee,0.0,DAL,NO,-6.0,241.0,123.5,11,2.8,11.2,15.0,SF,3000,1,0.0,0.0,106,109,-1%,5,4,3,22,18,12,11.2,7.9,2.0,13.9,11.0,6.3,2.1,13.8,4.58,0.0,0.0,0.0,6.9,2.29,17.333333333333332,4.0,8.379999999999999,9.666666666666666,0.0
35,4,Shabazz Napier,0.0,WAS,POR,8.0,243.0,117.5,13,13.5,25.3,47.0,PG/SG,5000,0,21.0,14.0,103,111,6%,6,10,8,26,28,24,25.3,23.6,12.8,34.5,26.0,20.0,4.0,30.3,6.05,29.7,29.5,5.9,30.0,5.975,26.0,8.0,25.240000000000002,28.599999999999998,34.03846153846153
35,5,Grant Williams,0.0,BOS,CLE,-4.0,217.0,110.5,29,5.3,7.3,10.3,SF/PF,3100,0,12.0,8.0,101,114,4%,4,2,3,18,17,16,7.0,10.3,3.1,17.4,26.5,19.8,6.4,19.5,6.29,17.7,23.5,5.7,18.6,5.995,17.0,3.0,11.280000000000001,7.633333333333333,25.711764705882356
35,6,Daniel Gafford,0.0,CHI,MIN,2.0,232.0,115.0,28,13.0,17.2,22.8,C,3800,1,13.0,17.0,106,110,0%,6,5,3,22,21,14,17.1,11.9,3.3,20.4,10.2,3.0,0.8,18.0,4.74,18.7,21.0,4.9,18.35,4.82,19.0,4.666666666666667,14.209999999999999,17.666666666666668,20.281578947368423
35,7,Chris Paul,0.0,OKC,DET,-7.5,210.5,109.0,17,28.5,35.2,41.8,PG,7700,0,24.0,22.0,100,110,4%,14,13,13,29,31,32,35.1,37.3,28.5,46.2,34.3,33.5,4.4,39.5,5.13,37.2,33.0,4.8,38.35,4.965,30.666666666666668,13.333333333333334,37.09,35.166666666666664,41.26793478260869
37,0,Marcus Smart,0.0,BOS,CLE,-4.0,217.0,110.5,26,31.5,41.3,51.8,PG/SG,7000,0,20.0,14.0,101,114,7%,19,16,12,40,37,33,41.3,30.6,19.5,41.6,32.0,25.5,3.6,35.0,5.0,40.0,36.5,5.7,37.5,5.35,36.666666666666664,15.666666666666666,34.1,41.53333333333333,37.32954545454545
37,1,Tim Hardaway Jr.,0.0,DAL,NO,-6.0,241.0,123.5,24,20.5,28.6,34.8,SG/SF,6500,1,22.0,15.0,106,109,4%,19,15,13,34,34,29,28.6,25.3,15.1,35.5,39.4,26.3,4.0,29.0,4.46,31.9,35.0,4.9,30.45,4.68,32.333333333333336,15.666666666666666,26.99,27.96666666666667,32.96134020618556
37,2,Bobby Portis,0.0,NY,UTA,8.0,218.5,105.3,13,8.3,19.4,27.3,PF/C,4000,1,21.0,14.0,101,107,-8%,9,9,9,17,21,21,19.4,20.5,10.9,30.0,30.3,29.0,7.3,26.5,6.63,23.5,23.5,5.9,25.0,6.265000000000001,19.666666666666668,9.0,21.160000000000004,18.333333333333332,29.8728813559322
37,3,Duncan Robinson,0.0,MIA,ORL,-6.5,219.5,113.0,13,14.3,20.9,36.3,SG/SF,4100,1,15.0,12.0,100,106,0%,8,9,9,31,32,30,20.9,22.2,13.8,30.7,36.3,34.5,8.4,22.5,5.49,23.2,32.0,5.7,22.85,5.595000000000001,31.0,8.666666666666666,22.089999999999996,23.833333333333332,23.58709677419355
37,4,John Konchar,0.0,MEM,BKN,1.5,223.5,111.0,30,5.3,18.5,24.8,SG/SF,3100,1,0.0,0.0,104,106,3%,5,4,2,16,14,10,18.4,9.7,-0.3,19.6,22.5,14.5,4.7,14.8,4.76,10.6,11.5,3.4,12.7,4.08,13.333333333333334,3.6666666666666665,12.020000000000001,16.2,10.95375
37,5,Josh Hart,0.0,NO,DAL,6.0,241.0,117.5,5,13.5,19.3,27.5,SF,4400,0,15.0,12.0,101,109,-2%,9,7,9,24,23,28,19.3,25.2,17.1,33.4,13.2,10.0,2.3,18.8,4.26,20.3,24.0,4.6,19.55,4.43,25.0,8.333333333333334,22.91,20.099999999999998,18.768
37,6,Hassan Whiteside,0.0,POR,WAS,-8.0,243.0,125.5,12,39.3,47.0,50.3,C,9500,1,19.0,25.0,106,113,4%,13,13,11,29,33,31,47.0,43.0,31.6,54.5,34.6,55.5,5.8,47.5,5.0,49.2,33.0,5.2,48.35,5.1,31.0,12.333333333333334,44.89,45.53333333333333,51.469354838709684
37,7,Jimmy Butler,0.0,MIA,ORL,-6.5,219.5,113.0,13,36.5,39.3,45.5,SG/SF,7800,1,26.0,23.0,100,106,-2%,14,14,14,36,35,35,39.3,42.6,33.3,51.9,33.7,36.3,4.7,38.0,4.87,41.1,34.0,5.3,39.55,5.085,35.333333333333336,14.0,41.330000000000005,40.43333333333333,38.057547169811315
38,0,Jordan Clarkson,0.0,UTA,NY,-8.0,218.5,113.3,19,14.5,24.3,36.0,PG/SG,4900,1,26.0,18.0,101,111,1%,14,13,12,24,24,24,24.3,24.3,14.9,33.7,20.6,12.0,2.4,23.3,4.74,23.4,24.0,4.8,23.35,4.77,24.0,13.0,24.110000000000003,24.933333333333334,23.35
38,1,Malik Beasley,0.0,MIN,CHI,-2.0,232.0,117.0,7,22.8,31.9,41.0,SG,6000,0,20.0,12.0,102,108,0%,14,16,9,33,34,22,31.9,18.4,6.6,30.2,34.0,31.3,5.2,29.3,4.88,33.0,33.5,5.5,31.15,5.1899999999999995,29.666666666666668,13.0,23.65,31.900000000000002,35.175
38,2,Semi Ojeleye,0.0,BOS,CLE,-4.0,217.0,110.5,7,0.0,2.9,5.8,PF,3300,0,8.0,7.0,101,114,4%,1,0,2,9,7,14,2.9,6.8,1.1,12.4,30.2,37.0,11.2,8.8,2.65,8.2,15.0,2.5,8.5,2.575,10.0,1.0,6.340000000000001,2.9,12.75
38,3,Khris Middleton,0.0,MIL,IND,-10.5,222.0,116.3,3,23.3,40.9,59.8,SF,7200,1,26.0,22.0,101,105,-15%,15,18,15,30,33,30,40.9,37.9,27.2,48.5,29.1,33.0,4.6,35.0,4.86,37.9,32.0,5.3,36.45,5.08,31.0,16.0,38.19,41.333333333333336,37.62580645161291
38,4,Ryan Arcidiacono,0.0,CHI,MIN,2.0,232.0,115.0,29,8.3,16.5,24.8,PG/SG,3300,1,13.0,9.0,106,110,3%,5,6,4,20,23,16,16.5,10.5,4.0,17.1,22.9,21.3,6.5,13.5,4.09,14.4,20.5,4.4,13.95,4.245,19.666666666666668,5.0,12.41,16.533333333333335,14.541101694915254
38,5,Courtney Lee,0.0,DAL,NO,-6.0,241.0,123.5,11,2.8,11.2,15.0,SF,3000,1,0.0,0.0,106,109,-1%,5,4,3,22,18,12,11.2,7.9,2.0,13.9,11.0,6.3,2.1,13.8,4.58,0.0,0.0,0.0,6.9,2.29,17.333333333333332,4.0,8.379999999999999,9.666666666666666,0.0
38,6,Steven Adams,0.0,OKC,DET,-7.5,210.5,109.0,29,19.0,30.0,41.8,C,6700,0,17.0,21.0,100,110,2%,6,8,8,22,26,28,29.9,31.2,21.0,41.4,32.0,26.8,4.0,32.0,4.78,31.6,28.0,4.7,31.8,4.74,25.333333333333332,7.333333333333333,31.060000000000002,30.266666666666666,35.14736842105263
38,7,Dorian Finney-Smith,0.0,DAL,NO,-6.0,241.0,123.5,11,9.8,24.5,34.3,SF/PF,4700,1,13.0,12.0,106,109,4%,8,6,7,32,30,30,24.1,21.8,14.0,29.6,9.4,2.0,0.4,22.5,4.79,23.3,31.0,5.0,22.9,4.895,30.666666666666668,7.0,22.48,22.866666666666664,23.14891304347826
39,0,Malcolm Brogdon,0.0,IND,MIL,10.5,222.0,105.8,3,24.8,35.1,43.5,PG,7000,1,27.0,18.0,107,99,-1%,14,14,15,35,33,33,35.1,36.8,27.8,45.7,10.8,11.5,1.6,37.0,5.29,36.5,35.0,5.2,36.75,5.245,33.666666666666664,14.333333333333334,36.43,34.46666666666667,38.20544554455446
39,1,Dennis Schroder,0.0,OKC,DET,-7.5,210.5,109.0,17,10.8,24.7,32.0,PG/SG,5900,0,27.0,17.0,100,110,4%,16,13,15,31,30,31,27.3,31.3,21.8,40.8,30.2,40.3,6.8,28.0,4.75,28.8,30.0,4.9,28.4,4.825,30.666666666666668,14.666666666666666,29.919999999999998,22.5,27.78260869565217
39,2,Derrick Jones Jr.,0.0,MIA,ORL,-6.5,219.5,113.0,8,12.0,19.7,24.8,SF/PF,3700,1,14.0,14.0,100,106,-4%,8,6,7,19,23,25,19.6,19.8,11.2,28.3,20.8,18.5,5.0,17.5,4.73,16.3,21.0,4.4,16.9,4.565,22.333333333333332,7.0,19.160000000000004,18.833333333333332,15.891044776119402
39,3,Terrance Ferguson,0.0,OKC,DET,-7.5,210.5,109.0,9,0.0,7.0,19.0,SF,3100,0,9.0,4.0,100,110,-7%,4,3,4,20,18,25,7.2,10.1,4.0,16.2,20.2,5.3,1.7,8.3,2.66,7.0,16.5,2.3,7.65,2.48,21.0,3.6666666666666665,9.03,8.666666666666666,6.010714285714286
39,4,Mike Conley,0.0,UTA,NY,-8.0,218.5,113.3,19,8.0,25.9,33.8,PG,5700,1,24.0,13.0,101,111,1%,12,11,12,31,30,29,25.9,25.8,15.8,35.9,26.8,29.0,5.1,28.8,5.04,29.9,32.0,5.2,29.35,5.12,30.0,11.666666666666666,26.55,22.566666666666663,31.30666666666667
39,5,Zion Williamson,0.0,NO,DAL,6.0,241.0,117.5,18,32.8,41.2,49.0,PF/C,8000,0,30.0,26.0,101,109,0%,18,18,16,33,33,30,41.1,37.9,30.9,44.9,34.9,32.0,4.0,41.3,5.16,41.8,32.5,5.2,41.55,5.18,32.0,17.333333333333332,39.27,41.0,42.19921875
39,6,Maxi Kleber,0.0,DAL,NO,-6.0,241.0,123.5,16,16.0,24.6,35.5,PF/C,5200,1,14.0,14.0,106,109,7%,6,7,7,25,25,25,25.0,21.0,13.1,29.0,39.4,32.3,6.2,24.8,4.76,21.3,24.5,4.1,23.05,4.43,25.0,6.666666666666667,22.229999999999997,25.366666666666664,22.589000000000002
39,7,Lonzo Ball,0.0,NO,DAL,6.0,241.0,117.5,27,29.5,41.4,52.8,PG,7500,0,20.0,13.0,101,109,-3%,14,10,11,35,33,33,41.5,34.1,22.4,45.8,39.7,57.8,7.7,36.8,4.9,37.3,35.0,5.0,37.05,4.95,33.666666666666664,11.666666666666666,36.169999999999995,41.233333333333334,38.51732673267327
40,0,Eric Bledsoe,0.0,MIL,IND,-10.5,222.0,116.3,8,8.8,25.9,48.3,PG,5900,1,25.0,18.0,101,105,-3%,7,9,12,22,27,28,25.9,32.0,21.0,42.9,27.1,32.8,5.6,31.3,5.3,32.7,29.0,5.5,32.0,5.4,25.666666666666668,9.333333333333334,30.76,27.666666666666668,36.15584415584416
40,1,Bradley Beal,0.0,WAS,POR,8.0,243.0,117.5,11,50.8,59.4,70.8,SG/SF,10600,0,34.0,23.0,103,111,-2%,24,28,23,37,39,36,59.4,49.2,37.6,60.7,37.5,48.5,4.6,52.0,4.91,53.4,37.5,5.0,52.7,4.955,37.333333333333336,25.0,51.92,60.333333333333336,52.935267857142854
40,2,Bobby Portis,0.0,NY,UTA,8.0,218.5,105.3,13,8.3,19.4,27.3,PF/C,4000,1,21.0,14.0,101,107,-8%,9,9,9,17,21,21,19.4,20.5,10.9,30.0,30.3,29.0,7.3,26.5,6.63,23.5,23.5,5.9,25.0,6.265000000000001,19.666666666666668,9.0,21.160000000000004,18.333333333333332,29.8728813559322
40,3,Tony Snell,0.0,DET,OKC,7.5,210.5,101.5,20,8.8,19.5,31.5,SG/SF,4100,2,12.0,10.0,101,107,-5%,7,6,7,34,30,28,19.5,16.1,9.3,22.9,32.2,23.8,5.8,19.3,4.7,18.7,31.5,4.6,19.0,4.65,30.666666666666668,6.666666666666667,17.36,19.933333333333334,19.516304347826086
40,4,Collin Sexton,0.0,CLE,BOS,4.0,217.0,106.5,30,20.5,35.0,50.3,PG/SG,6600,1,27.0,16.0,102,104,-5%,17,16,17,38,35,33,35.0,30.6,23.1,38.2,44.8,55.3,8.4,35.0,5.3,35.8,38.5,5.4,35.4,5.35,35.333333333333336,16.666666666666668,32.46,35.266666666666666,38.57264150943396
40,5,Grant Williams,0.0,BOS,CLE,-4.0,217.0,110.5,29,5.3,7.3,10.3,SF/PF,3100,0,12.0,8.0,101,114,4%,4,2,3,18,17,16,7.0,10.3,3.1,17.4,26.5,19.8,6.4,19.5,6.29,17.7,23.5,5.7,18.6,5.995,17.0,3.0,11.280000000000001,7.633333333333333,25.711764705882356
40,6,Brook Lopez,0.0,MIL,IND,-10.5,222.0,116.3,19,10.5,26.6,33.0,C,4900,1,17.0,14.0,101,105,3%,14,12,10,27,26,27,28.9,26.2,17.4,35.0,24.6,16.8,3.4,24.3,4.95,25.0,26.5,5.1,24.65,5.025,26.666666666666668,12.0,26.43,23.366666666666664,24.4959375
40,7,Robin Lopez,0.0,MIL,IND,-10.5,222.0,116.3,19,5.0,12.8,23.3,C,3000,1,16.0,11.0,101,105,3%,6,6,5,15,19,14,12.8,11.2,3.8,18.6,22.1,11.5,3.8,7.0,2.33,8.6,11.0,2.9,7.8,2.615,16.0,5.666666666666667,10.84,13.700000000000001,5.3625
41,0,Tomas Satoransky,0.0,CHI,MIN,2.0,232.0,115.0,29,7.5,26.1,48.3,PG,5800,1,18.0,14.0,106,110,3%,9,9,9,32,32,29,26.1,25.8,16.2,35.4,29.6,24.3,4.2,29.5,5.09,30.2,32.0,5.2,29.85,5.145,31.0,9.0,26.670000000000005,27.3,30.812903225806455
41,1,Josh Okogie,0.0,MIN,CHI,-2.0,232.0,117.0,7,11.5,20.0,27.8,SG/SF,4300,0,16.0,12.0,102,108,0%,8,6,7,27,27,25,20.0,19.4,11.7,27.1,26.3,12.5,2.9,20.8,4.83,23.3,27.5,5.4,22.05,5.115,26.333333333333332,7.0,20.05,19.766666666666666,23.026898734177216
41,2,Grant Williams,0.0,BOS,CLE,-4.0,217.0,110.5,29,5.3,7.3,10.3,SF/PF,3100,0,12.0,8.0,101,114,4%,4,2,3,18,17,16,7.0,10.3,3.1,17.4,26.5,19.8,6.4,19.5,6.29,17.7,23.5,5.7,18.6,5.995,17.0,3.0,11.280000000000001,7.633333333333333,25.711764705882356
41,3,T.J. Warren,0.0,IND,MIL,10.5,222.0,105.8,4,15.0,30.0,44.3,SF/PF,6100,1,22.0,18.0,107,99,-10%,17,14,14,38,34,33,30.0,29.3,17.9,40.6,32.9,25.0,4.1,32.3,5.29,32.2,36.0,5.3,32.25,5.295,35.0,15.0,30.01,29.766666666666666,33.17142857142857
41,4,D'Angelo Russell,0.0,MIN,CHI,-2.0,232.0,117.0,16,39.8,44.5,52.3,PG,9100,0,33.0,20.0,102,108,-11%,20,20,20,34,33,33,44.5,42.4,30.8,54.1,31.4,29.8,3.3,44.3,4.86,46.2,34.0,5.1,45.25,4.98,33.333333333333336,20.0,43.410000000000004,45.53333333333333,46.155
41,5,Evan Fournier,0.0,ORL,MIA,6.5,219.5,106.5,25,19.3,32.4,46.5,SG/SF,6100,1,24.0,17.0,101,107,0%,15,14,15,30,31,32,32.4,29.9,21.7,38.2,31.1,28.0,4.6,27.0,4.43,28.3,31.5,4.6,27.65,4.515,31.0,14.666666666666666,29.97,32.733333333333334,28.095967741935482
41,6,Rui Hachimura,0.0,WAS,POR,8.0,243.0,117.5,6,22.0,27.2,35.5,PF/C,5400,0,19.0,15.0,103,111,3%,9,10,12,30,33,29,27.1,25.9,16.5,35.2,28.5,24.0,4.4,26.3,4.86,28.5,31.0,5.3,27.4,5.08,30.666666666666668,10.333333333333334,26.419999999999998,28.233333333333334,27.69782608695652
41,7,Michael Carter-Williams,0.0,ORL,MIA,6.5,219.5,106.5,11,8.0,15.1,24.3,PG/SG,3300,1,19.0,15.0,101,107,-7%,6,5,6,20,18,18,15.1,17.5,9.9,25.0,17.2,16.3,4.9,18.0,5.45,16.8,18.5,5.1,17.4,5.275,18.666666666666668,5.666666666666667,16.98,15.800000000000002,17.244642857142857
42,0,Delon Wright,0.0,DAL,NO,-6.0,241.0,123.5,25,6.0,17.1,28.0,PG/SG,4600,1,16.0,16.0,106,109,6%,6,6,6,29,24,22,17.1,20.5,11.9,29.1,24.9,25.8,5.6,21.5,4.67,24.6,25.5,5.3,23.05,4.984999999999999,25.0,6.0,20.330000000000002,17.033333333333335,23.511000000000003
42,1,Troy Brown Jr.,0.0,WAS,POR,8.0,243.0,117.5,11,8.3,14.2,23.8,SG/SF,3500,0,17.0,14.0,103,111,5%,5,6,8,16,17,25,14.2,22.6,12.7,32.6,20.2,23.5,6.7,16.0,4.57,16.6,18.5,4.7,16.3,4.635,19.333333333333332,6.333333333333333,19.68,15.433333333333332,15.597413793103449
42,2,Michael Kidd-Gilchrist,0.0,DAL,NO,-6.0,241.0,123.5,16,0.8,6.2,13.5,PF,3000,1,0.0,0.0,106,109,4%,0,1,3,4,9,11,6.2,7.5,1.3,13.8,1.7,1.5,0.5,3.8,1.25,0.0,0.0,0.0,1.9,0.625,8.0,1.3333333333333333,6.14,6.833333333333333,0.0
42,3,T.J. Warren,0.0,IND,MIL,10.5,222.0,105.8,4,15.0,30.0,44.3,SF/PF,6100,1,22.0,18.0,107,99,-10%,17,14,14,38,34,33,30.0,29.3,17.9,40.6,32.9,25.0,4.1,32.3,5.29,32.2,36.0,5.3,32.25,5.295,35.0,15.0,30.01,29.766666666666666,33.17142857142857
42,4,Kendrick Nunn,0.0,MIA,ORL,-6.5,219.5,113.0,28,23.3,30.2,36.0,PG/SG,5400,1,23.0,14.0,100,106,0%,13,15,14,34,31,30,30.2,27.1,17.7,36.5,22.8,16.3,3.0,28.0,5.19,27.8,31.5,5.1,27.9,5.145,31.666666666666668,14.0,27.880000000000003,29.833333333333332,27.75315789473684
42,5,Sterling Brown,0.0,MIL,IND,-10.5,222.0,116.3,10,0.0,5.7,16.5,SG/SF,3000,1,16.0,9.0,101,105,-1%,2,3,5,11,11,14,5.7,12.0,2.7,21.3,13.2,10.8,3.6,12.8,4.25,11.8,15.0,3.9,12.3,4.075,12.0,3.3333333333333335,10.8,7.3999999999999995,15.375000000000002
42,6,Julius Randle,0.0,NY,UTA,8.0,218.5,105.3,13,37.8,42.5,52.0,PF/C,7700,1,28.0,17.0,101,107,-8%,15,15,16,31,31,33,42.5,38.6,29.5,47.8,32.2,46.8,6.1,38.0,4.94,41.1,33.0,5.3,39.55,5.12,31.666666666666668,15.333333333333334,39.589999999999996,44.1,41.21526315789473
42,7,Chris Chiozza,0.0,BKN,MEM,-1.5,223.5,112.5,22,-1.0,8.1,22.3,PG,3000,0,0.0,0.0,105,108,2%,3,2,3,12,8,10,8.1,9.3,1.7,17.0,24.2,21.3,7.1,15.8,5.25,12.4,14.5,4.1,14.100000000000001,4.675,10.0,2.6666666666666665,10.040000000000001,9.799999999999999,20.445
43,0,Elfrid Payton,0.0,NY,UTA,8.0,218.5,105.3,24,17.3,30.4,45.5,PG,6500,1,22.0,15.0,101,107,0%,6,9,10,26,29,28,30.4,30.3,19.6,41.0,28.2,41.8,6.4,31.0,4.77,31.4,29.0,4.8,31.2,4.785,27.666666666666668,8.333333333333334,30.5,31.066666666666666,32.70361445783132
43,1,Matthew Dellavedova,0.0,CLE,BOS,4.0,217.0,106.5,30,1.5,13.8,23.5,PG/SG,3500,1,16.0,8.0,102,104,-5%,4,4,3,24,19,13,13.8,8.7,2.9,14.5,35.4,12.3,3.5,17.5,5.0,18.4,28.5,5.3,17.95,5.15,18.666666666666668,3.6666666666666665,11.569999999999999,12.933333333333332,27.405803571428567
43,2,Jarrod Uthoff,0.0,MEM,BKN,1.5,223.5,111.0,12,0.0,14.5,27.3,PF,3000,1,0.0,0.0,104,106,-13%,0,0,0,3,3,3,0.0,0.0,0.0,0.0,5.3,2.0,0.7,9.5,3.17,0.0,0.0,0.0,4.75,1.585,3.0,0.0,0.95,13.933333333333332,0.0
43,3,Doug McDermott,0.0,IND,MIL,10.5,222.0,105.8,4,5.0,14.2,23.3,SF/PF,3300,1,19.0,14.0,107,99,-10%,6,7,8,14,15,20,14.2,16.2,8.6,23.8,18.9,24.3,7.4,11.8,3.56,12.9,16.0,3.9,12.350000000000001,3.73,16.333333333333332,7.0,15.030000000000001,14.166666666666666,12.097959183673472
43,4,Joe Ingles,0.0,UTA,NY,-8.0,218.5,113.3,16,9.5,17.7,27.8,SG/SF,4500,1,16.0,12.0,101,111,1%,4,4,8,28,28,31,17.7,25.0,15.6,34.3,29.7,24.3,5.4,22.8,5.06,21.9,26.5,4.9,22.35,4.98,29.0,5.333333333333333,22.99,18.333333333333332,20.423275862068966
43,5,Davis Bertans,0.0,WAS,POR,8.0,243.0,117.5,6,17.8,28.6,39.0,PF,5600,0,18.0,16.0,103,111,5%,14,13,11,30,31,29,28.6,27.6,18.9,36.4,29.0,36.0,6.4,27.3,4.87,29.9,29.5,5.3,28.6,5.085,30.0,12.666666666666666,28.02,28.46666666666667,28.123333333333335
43,6,DeAndre Jordan,0.0,BKN,MEM,-1.5,223.5,112.5,13,20.8,26.0,37.0,C,5500,0,15.0,21.0,105,108,4%,3,5,5,28,25,22,26.0,26.1,16.9,35.3,13.7,6.0,1.1,26.5,4.82,27.1,23.5,4.9,26.8,4.86,25.0,4.333333333333333,26.220000000000006,27.933333333333334,25.192
43,7,Trevor Ariza,0.0,POR,WAS,-8.0,243.0,125.5,23,8.5,21.5,34.5,SF,4900,1,12.0,11.0,106,113,7%,10,8,6,37,37,29,21.4,19.7,9.7,29.7,33.5,33.8,6.9,25.0,5.1,24.4,35.0,5.0,24.7,5.05,34.333333333333336,8.0,21.04,21.5,25.179611650485434
45,0,Spencer Dinwiddie,0.0,BKN,MEM,-1.5,223.5,112.5,22,27.5,38.8,49.8,PG/SG,7800,0,31.0,18.0,105,108,2%,13,15,17,28,31,32,38.8,38.2,28.4,48.1,26.6,18.5,2.4,37.8,4.84,40.0,33.0,5.1,38.9,4.97,30.333333333333332,15.0,38.480000000000004,38.699999999999996,42.31978021978022
45,1,Jrue Holiday,0.0,NO,DAL,6.0,241.0,117.5,27,28.3,43.7,60.0,PG/SG,8300,0,26.0,17.0,101,109,-3%,13,16,17,38,37,36,43.9,41.0,30.5,51.5,37.3,39.5,4.8,40.5,4.88,40.4,36.5,4.9,40.45,4.890000000000001,37.0,15.333333333333334,41.470000000000006,44.0,39.90337837837838
45,2,Bobby Portis,0.0,NY,UTA,8.0,218.5,105.3,13,8.3,19.4,27.3,PF/C,4000,1,21.0,14.0,101,107,-8%,9,9,9,17,21,21,19.4,20.5,10.9,30.0,30.3,29.0,7.3,26.5,6.63,23.5,23.5,5.9,25.0,6.265000000000001,19.666666666666668,9.0,21.160000000000004,18.333333333333332,29.8728813559322
45,3,Troy Brown Jr.,0.0,WAS,POR,8.0,243.0,117.5,11,8.3,14.2,23.8,SG/SF,3500,0,17.0,14.0,103,111,5%,5,6,8,16,17,25,14.2,22.6,12.7,32.6,20.2,23.5,6.7,16.0,4.57,16.6,18.5,4.7,16.3,4.635,19.333333333333332,6.333333333333333,19.68,15.433333333333332,15.597413793103449
45,4,Frank Ntilikina,0.0,NY,UTA,8.0,218.5,105.3,24,6.8,18.3,27.0,PG/SG,3700,1,16.0,9.0,101,107,0%,6,7,6,23,23,21,18.3,15.7,5.7,25.7,19.8,7.0,1.9,17.5,4.73,16.1,21.0,4.4,16.8,4.565,22.333333333333332,6.333333333333333,16.44,17.366666666666667,15.797014925373137
45,5,Robert Williams,0.0,BOS,CLE,-4.0,217.0,110.5,7,0.0,0.0,0.0,PF/C,3100,0,0.0,0.0,101,114,4%,2,3,3,11,13,14,13.4,14.9,7.5,22.4,14.3,20.3,6.5,6.5,2.1,0.0,0.0,0.0,3.25,1.05,12.666666666666666,2.6666666666666665,12.290000000000001,0.0,0.0
45,6,Caleb Swanigan,0.0,POR,WAS,-8.0,243.0,125.5,12,7.0,12.1,16.8,C,3000,1,0.0,0.0,106,113,1%,2,2,2,13,12,11,12.1,9.3,3.0,15.6,10.5,6.5,2.2,9.3,3.08,9.5,10.0,3.2,9.4,3.14,12.0,2.0,9.879999999999999,11.966666666666669,7.833333333333333
45,7,Anthony Tolliver,0.0,MEM,BKN,1.5,223.5,111.0,12,0.0,6.5,17.3,PF/C,3100,1,11.0,7.0,104,106,-3%,4,2,3,18,11,15,6.5,9.4,1.5,17.3,23.7,11.5,3.7,8.3,2.66,8.2,13.0,2.6,8.25,2.63,14.666666666666666,3.0,8.59,7.933333333333334,7.3125
46,0,Caris LeVert,0.0,BKN,MEM,-1.5,223.5,112.5,22,25.3,43.8,66.5,PG/SG,7200,0,29.0,13.0,105,108,5%,22,20,16,36,33,29,43.8,30.4,17.0,43.8,27.1,30.0,4.2,39.3,5.45,40.1,33.5,5.6,39.7,5.525,32.666666666666664,19.333333333333332,34.94,45.199999999999996,40.71275510204082
46,1,Tim Hardaway Jr.,0.0,DAL,NO,-6.0,241.0,123.5,24,20.5,28.6,34.8,SG/SF,6500,1,22.0,15.0,106,109,4%,19,15,13,34,34,29,28.6,25.3,15.1,35.5,39.4,26.3,4.0,29.0,4.46,31.9,35.0,4.9,30.45,4.68,32.333333333333336,15.666666666666666,26.99,27.96666666666667,32.96134020618556
46,2,Dean Wade,0.0,CLE,BOS,4.0,217.0,106.5,15,0.0,5.5,23.0,PF,3000,1,0.0,0.0,102,104,-2%,1,1,1,3,5,5,5.5,4.6,-2.0,11.1,16.4,8.0,2.7,6.3,2.08,0.0,0.0,0.0,3.15,1.04,4.333333333333333,1.0,4.47,9.5,0.0
46,3,Kevin Porter Jr.,0.0,CLE,BOS,4.0,217.0,106.5,2,21.3,33.0,51.5,SG/SF,5300,1,21.0,11.0,102,104,-5%,14,14,9,38,35,24,33.0,19.5,10.4,28.7,9.8,6.5,1.2,31.8,5.99,33.2,38.5,6.3,32.5,6.145,32.333333333333336,12.333333333333334,24.82,35.266666666666666,38.69845360824742
46,4,Coby White,0.0,CHI,MIN,2.0,232.0,115.0,29,34.5,42.6,50.8,PG/SG,6200,1,24.0,12.0,106,110,3%,19,20,12,30,32,25,42.6,22.9,12.3,33.6,34.6,37.3,6.0,31.8,5.12,36.1,32.0,5.8,33.95,5.46,29.0,17.0,29.07,42.63333333333333,37.46206896551725
46,5,Otto Porter Jr.,0.0,CHI,MIN,2.0,232.0,115.0,20,15.8,26.5,38.0,SF/PF,5400,1,0.0,0.0,106,110,6%,9,10,10,15,23,24,26.4,21.6,13.0,30.3,18.3,13.0,2.4,19.5,3.61,20.7,21.5,3.8,20.1,3.705,20.666666666666668,9.666666666666666,22.28,26.766666666666666,20.91048387096774
46,6,John Henson,0.0,DET,OKC,7.5,210.5,101.5,11,13.0,19.8,27.8,C,4300,2,17.0,18.0,101,107,-10%,6,5,4,21,20,15,19.8,16.3,8.6,24.0,20.2,19.3,4.5,20.5,4.77,21.6,21.0,5.0,21.05,4.885,18.666666666666668,5.0,17.95,20.2,23.68125
46,7,Dillon Brooks,0.0,MEM,BKN,1.5,223.5,111.0,30,15.0,27.4,38.5,SG,5400,1,24.0,11.0,104,106,-13%,21,19,15,30,31,29,27.4,26.5,16.8,36.2,21.8,13.0,2.4,29.5,5.46,29.1,33.0,5.4,29.3,5.43,30.0,18.333333333333332,27.24,26.96666666666667,32.230000000000004
47,0,Jrue Holiday,0.0,NO,DAL,6.0,241.0,117.5,27,28.3,43.7,60.0,PG/SG,8300,0,26.0,17.0,101,109,-3%,13,16,17,38,37,36,43.9,41.0,30.5,51.5,37.3,39.5,4.8,40.5,4.88,40.4,36.5,4.9,40.45,4.890000000000001,37.0,15.333333333333334,41.470000000000006,44.0,39.90337837837838
47,1,Anfernee Simons,0.0,POR,WAS,-8.0,243.0,125.5,21,8.0,13.3,19.5,PG/SG,3200,1,19.0,9.0,106,113,6%,8,9,8,19,20,22,13.3,15.6,7.9,23.2,13.7,13.8,4.3,12.5,3.91,13.4,17.0,4.2,12.95,4.055,20.333333333333332,8.333333333333334,14.589999999999998,13.6,10.827049180327869
47,2,Maxi Kleber,0.0,DAL,NO,-6.0,241.0,123.5,16,16.0,24.6,35.5,PF/C,5200,1,14.0,14.0,106,109,7%,6,7,7,25,25,25,25.0,21.0,13.1,29.0,39.4,32.3,6.2,24.8,4.76,21.3,24.5,4.1,23.05,4.43,25.0,6.666666666666667,22.229999999999997,25.366666666666664,22.589000000000002
47,3,Dorian Finney-Smith,0.0,DAL,NO,-6.0,241.0,123.5,11,9.8,24.5,34.3,SF/PF,4700,1,13.0,12.0,106,109,4%,8,6,7,32,30,30,24.1,21.8,14.0,29.6,9.4,2.0,0.4,22.5,4.79,23.3,31.0,5.0,22.9,4.895,30.666666666666668,7.0,22.48,22.866666666666664,23.14891304347826
47,4,Michael Carter-Williams,0.0,ORL,MIA,6.5,219.5,106.5,11,8.0,15.1,24.3,PG/SG,3300,1,19.0,15.0,101,107,-7%,6,5,6,20,18,18,15.1,17.5,9.9,25.0,17.2,16.3,4.9,18.0,5.45,16.8,18.5,5.1,17.4,5.275,18.666666666666668,5.666666666666667,16.98,15.800000000000002,17.244642857142857
47,5,Abdel Nader,0.0,OKC,DET,-7.5,210.5,109.0,20,11.0,17.4,21.5,PF,3100,0,16.0,11.0,100,110,-4%,7,6,4,23,20,15,17.4,10.6,3.4,17.8,14.8,12.3,4.0,12.0,3.87,11.5,16.5,3.7,11.75,3.785,19.333333333333332,5.666666666666667,12.19,16.633333333333333,10.028017241379311
47,6,Steven Adams,0.0,OKC,DET,-7.5,210.5,109.0,29,19.0,30.0,41.8,C,6700,0,17.0,21.0,100,110,2%,6,8,8,22,26,28,29.9,31.2,21.0,41.4,32.0,26.8,4.0,32.0,4.78,31.6,28.0,4.7,31.8,4.74,25.333333333333332,7.333333333333333,31.060000000000002,30.266666666666666,35.14736842105263
47,7,Chris Chiozza,0.0,BKN,MEM,-1.5,223.5,112.5,22,-1.0,8.1,22.3,PG,3000,0,0.0,0.0,105,108,2%,3,2,3,12,8,10,8.1,9.3,1.7,17.0,24.2,21.3,7.1,15.8,5.25,12.4,14.5,4.1,14.100000000000001,4.675,10.0,2.6666666666666665,10.040000000000001,9.799999999999999,20.445
48,0,Frank Ntilikina,0.0,NY,UTA,8.0,218.5,105.3,24,6.8,18.3,27.0,PG/SG,3700,1,16.0,9.0,101,107,0%,6,7,6,23,23,21,18.3,15.7,5.7,25.7,19.8,7.0,1.9,17.5,4.73,16.1,21.0,4.4,16.8,4.565,22.333333333333332,6.333333333333333,16.44,17.366666666666667,15.797014925373137
48,1,Wesley Matthews,0.0,MIL,IND,-10.5,222.0,116.3,10,7.0,17.3,28.0,SG,3400,1,13.0,9.0,101,105,-1%,9,8,7,27,25,25,17.3,15.2,8.0,22.4,25.4,21.5,6.3,15.8,4.63,16.6,27.5,4.9,16.200000000000003,4.765000000000001,25.666666666666668,8.0,15.819999999999999,17.433333333333334,17.35714285714286
48,2,Davis Bertans,0.0,WAS,POR,8.0,243.0,117.5,6,17.8,28.6,39.0,PF,5600,0,18.0,16.0,103,111,5%,14,13,11,30,31,29,28.6,27.6,18.9,36.4,29.0,36.0,6.4,27.3,4.87,29.9,29.5,5.3,28.6,5.085,30.0,12.666666666666666,28.02,28.46666666666667,28.123333333333335
48,3,Wayne Ellington,0.0,NY,UTA,8.0,218.5,105.3,18,2.0,13.7,28.3,SG/SF,3200,1,16.0,9.0,101,107,-5%,7,6,5,17,18,15,13.7,10.3,2.1,18.4,25.1,13.3,4.2,8.8,2.73,9.1,13.0,2.8,8.95,2.7649999999999997,16.666666666666668,6.0,10.690000000000001,14.666666666666666,6.980999999999999
48,4,Tony Snell,0.0,DET,OKC,7.5,210.5,101.5,20,8.8,19.5,31.5,SG/SF,4100,2,12.0,10.0,101,107,-5%,7,6,7,34,30,28,19.5,16.1,9.3,22.9,32.2,23.8,5.8,19.3,4.7,18.7,31.5,4.6,19.0,4.65,30.666666666666668,6.666666666666667,17.36,19.933333333333334,19.516304347826086
48,5,Rodions Kurucs,0.0,BKN,MEM,-1.5,223.5,112.5,9,2.0,8.3,16.8,PF,3000,0,15.0,9.0,105,108,-1%,4,3,4,17,12,13,8.3,9.8,3.1,16.4,13.5,3.3,1.1,6.0,2.0,10.6,13.5,3.5,8.3,2.75,14.0,3.6666666666666665,9.180000000000001,9.033333333333333,8.003571428571428
48,6,Rui Hachimura,0.0,WAS,POR,8.0,243.0,117.5,6,22.0,27.2,35.5,PF/C,5400,0,19.0,15.0,103,111,3%,9,10,12,30,33,29,27.1,25.9,16.5,35.2,28.5,24.0,4.4,26.3,4.86,28.5,31.0,5.3,27.4,5.08,30.666666666666668,10.333333333333334,26.419999999999998,28.233333333333334,27.69782608695652
48,7,Brook Lopez,0.0,MIL,IND,-10.5,222.0,116.3,19,10.5,26.6,33.0,C,4900,1,17.0,14.0,101,105,3%,14,12,10,27,26,27,28.9,26.2,17.4,35.0,24.6,16.8,3.4,24.3,4.95,25.0,26.5,5.1,24.65,5.025,26.666666666666668,12.0,26.43,23.366666666666664,24.4959375
49,0,Frank Ntilikina,0.0,NY,UTA,8.0,218.5,105.3,24,6.8,18.3,27.0,PG/SG,3700,1,16.0,9.0,101,107,0%,6,7,6,23,23,21,18.3,15.7,5.7,25.7,19.8,7.0,1.9,17.5,4.73,16.1,21.0,4.4,16.8,4.565,22.333333333333332,6.333333333333333,16.44,17.366666666666667,15.797014925373137
49,1,Bradley Beal,0.0,WAS,POR,8.0,243.0,117.5,11,50.8,59.4,70.8,SG/SF,10600,0,34.0,23.0,103,111,-2%,24,28,23,37,39,36,59.4,49.2,37.6,60.7,37.5,48.5,4.6,52.0,4.91,53.4,37.5,5.0,52.7,4.955,37.333333333333336,25.0,51.92,60.333333333333336,52.935267857142854
49,2,Zion Williamson,0.0,NO,DAL,6.0,241.0,117.5,18,32.8,41.2,49.0,PF/C,8000,0,30.0,26.0,101,109,0%,18,18,16,33,33,30,41.1,37.9,30.9,44.9,34.9,32.0,4.0,41.3,5.16,41.8,32.5,5.2,41.55,5.18,32.0,17.333333333333332,39.27,41.0,42.19921875
49,3,Wayne Ellington,0.0,NY,UTA,8.0,218.5,105.3,18,2.0,13.7,28.3,SG/SF,3200,1,16.0,9.0,101,107,-5%,7,6,5,17,18,15,13.7,10.3,2.1,18.4,25.1,13.3,4.2,8.8,2.73,9.1,13.0,2.8,8.95,2.7649999999999997,16.666666666666668,6.0,10.690000000000001,14.666666666666666,6.980999999999999
49,4,Andre Iguodala,0.0,MIA,ORL,-6.5,219.5,113.0,13,9.3,12.9,20.3,SG/SF,3200,1,0.0,0.0,100,106,-4%,3,3,4,12,16,18,12.8,13.8,8.4,19.2,15.9,14.8,4.6,13.5,4.22,11.2,14.5,3.5,12.35,3.86,15.333333333333334,3.3333333333333335,13.309999999999999,14.166666666666666,11.678804347826086
49,5,Denzel Valentine,0.0,CHI,MIN,2.0,232.0,115.0,19,7.3,15.8,27.5,SG/SF,3800,1,23.0,13.0,106,110,6%,12,9,6,16,17,12,15.8,12.3,3.5,21.1,18.0,15.5,4.1,20.5,5.39,24.2,22.0,6.4,22.35,5.895,15.0,9.0,15.010000000000002,16.866666666666667,32.78
49,6,Nicolo Melli,0.0,NO,DAL,6.0,241.0,117.5,18,0.0,0.0,0.0,PF/C,4100,0,16.0,13.0,101,109,0%,7,7,5,20,23,17,21.4,14.3,4.3,24.3,26.2,14.0,3.4,19.8,4.82,19.0,21.5,4.6,19.4,4.71,20.0,6.333333333333333,16.74,0.0,20.855
49,7,Kevin Porter Jr.,0.0,CLE,BOS,4.0,217.0,106.5,2,21.3,33.0,51.5,SG/SF,5300,1,21.0,11.0,102,104,-5%,14,14,9,38,35,24,33.0,19.5,10.4,28.7,9.8,6.5,1.2,31.8,5.99,33.2,38.5,6.3,32.5,6.145,32.333333333333336,12.333333333333334,24.82,35.266666666666666,38.69845360824742
