Lineup Num,,Player Name,injury_status,team,opp,spread,over_under,implied_team_score,L5_dvp_rank,L5_ppg_floor,L5_ppg_avg,L5_ppg_max,Pos,Salary,Rest,USG,PER,Opp Pace,Opp DEff,Opp DvP,L2 FGA,L5 FGA,S FGA,L2 Min,L5 Min,S Min,L5 FP,S FP,Floor FP,Ceil FP,Actual Min,Actual FP,Actual Val,FantasyFuelPPGProj,FantasyFuelValueProj,DFN_PPGProj,DFN_MinProj,DFN_ValueProj,Avg Proj,Avg Value Proj,Avg Skewed Min,Avg Skewed FGA,Avg Skewed FP,Avg L5 PPG,Proj Min Enhanced
2,0,Lonzo Ball,0.0,NO,CLE,-9.0,233.0,121.0,5,25.5,40.6,55.0,PG,7400,1,21.0,13.0,101,114,6%,10,10,12,36,37,31,40.9,32.5,19.9,45.0,32.4,30.0,4.1,36.5,4.93,35.8,34.5,4.8,36.15,4.865,34.666666666666664,10.666666666666666,34.89,40.36666666666667,35.97620192307692
2,1,Jalen Brunson,0.0,DAL,PHO,-7.0,228.5,117.8,21,9.5,17.1,24.3,PG/SG,3000,0,22.0,16.0,104,108,3%,7,7,6,15,16,17,17.1,16.0,5.4,26.7,25.1,19.5,6.5,12.5,4.17,12.9,14.0,4.3,12.7,4.234999999999999,16.0,6.666666666666667,15.580000000000002,16.96666666666667,11.112499999999999
2,2,Jerami Grant,0.0,DEN,MEM,1.0,223.5,111.3,27,25.8,34.2,38.3,PF/C,6500,1,18.0,14.0,106,109,6%,13,13,8,33,33,25,34.2,19.6,11.0,28.2,38.1,41.0,6.3,27.5,4.23,28.4,33.5,4.4,27.95,4.315,30.333333333333332,11.333333333333334,24.19,32.766666666666666,30.867857142857144
2,3,JJ Redick,0.0,NO,CLE,-9.0,233.0,121.0,25,11.5,19.8,26.0,SG/SF,4400,1,19.0,16.0,101,114,6%,10,9,11,25,25,28,19.8,23.9,14.4,33.4,27.7,24.3,5.5,21.0,4.77,20.4,24.5,4.6,20.7,4.685,26.0,10.0,22.44,19.099999999999998,19.50576923076923
2,4,Kyle Lowry,0.0,TOR,ATL,-12.5,234.0,123.3,20,24.8,34.8,49.5,PG,7200,1,24.0,18.0,106,111,0%,13,13,15,36,33,38,34.8,41.3,32.3,50.2,32.8,40.5,5.6,40.0,5.56,39.6,34.0,5.5,39.8,5.529999999999999,35.666666666666664,13.666666666666666,39.67999999999999,36.36666666666667,37.94018691588785
2,5,Derrick Jones Jr.,0.0,MIA,BOS,-1.0,219.0,110.0,12,12.0,13.2,14.3,SF/PF,3900,0,14.0,13.0,102,104,-2%,5,5,7,21,23,26,13.2,19.2,11.2,27.2,22.1,19.0,4.9,19.5,5.0,17.3,23.0,4.4,18.4,4.7,23.333333333333332,5.666666666666667,17.839999999999996,13.166666666666666,18.13714285714286
2,6,Marc Gasol,0.0,TOR,ATL,-12.5,234.0,123.3,23,18.5,25.4,31.0,C,4900,1,14.0,12.0,106,111,4%,7,7,7,33,27,29,25.4,25.9,17.0,34.8,16.5,17.8,3.6,29.0,5.92,27.8,28.5,5.7,28.4,5.8100000000000005,29.666666666666668,7.0,26.3,24.96666666666667,27.28314606741573
2,7,Furkan Korkmaz,0.0,PHI,GS,-12.0,213.5,112.8,6,10.5,21.5,33.5,SG,4100,2,17.0,11.0,103,110,6%,12,12,8,25,25,21,21.5,15.3,7.6,23.1,21.9,18.0,4.4,20.0,4.88,18.7,23.5,4.6,19.35,4.74,23.666666666666668,10.666666666666666,17.369999999999997,21.833333333333332,19.213732394366197
3,0,Ben Simmons,0.0,PHI,GS,-12.0,213.5,112.8,23,43.0,55.5,82.5,PG/SF,10000,2,22.0,21.0,103,110,9%,11,14,12,40,40,37,55.8,44.8,33.2,56.3,27.3,30.5,3.1,45.8,4.58,48.9,38.0,4.9,47.349999999999994,4.74,39.0,12.333333333333334,47.489999999999995,60.333333333333336,46.135897435897434
3,1,JJ Redick,0.0,NO,CLE,-9.0,233.0,121.0,25,11.5,19.8,26.0,SG/SF,4400,1,19.0,16.0,101,114,6%,10,9,11,25,25,28,19.8,23.9,14.4,33.4,27.7,24.3,5.5,21.0,4.77,20.4,24.5,4.6,20.7,4.685,26.0,10.0,22.44,19.099999999999998,19.50576923076923
3,2,Brandon Clarke,0.0,MEM,DEN,-1.0,223.5,112.3,5,12.0,22.6,35.8,PF/C,4900,1,19.0,22.0,100,106,-3%,9,7,8,24,24,22,22.6,24.5,17.4,31.6,21.0,24.5,5.0,23.3,4.74,24.8,23.0,5.1,24.05,4.92,23.333333333333332,8.0,24.029999999999998,23.46666666666667,23.70642857142857
3,3,Kyle Korver,0.0,MIL,WAS,-11.5,241.0,126.3,28,12.0,17.7,24.8,SG/SF,3600,3,15.0,12.0,105,114,8%,6,5,5,20,19,17,17.6,13.1,6.5,19.7,14.6,10.3,2.9,17.3,4.79,15.8,18.5,4.4,16.55,4.595000000000001,18.666666666666668,5.333333333333333,14.690000000000001,18.166666666666668,16.40223214285714
3,4,Marcus Smart,0.0,BOS,MIA,1.0,219.0,109.0,1,21.5,34.4,68.3,PG/SG,5800,1,19.0,14.0,101,106,-9%,12,13,11,34,31,32,34.6,28.8,17.9,39.7,36.5,34.5,5.9,31.0,5.34,32.1,35.5,5.5,31.55,5.42,32.333333333333336,12.0,30.51,41.4,34.63994845360825
3,5,Draymond Green,0.0,GS,PHI,12.0,213.5,100.8,7,15.5,26.3,36.0,PG/SF,5400,3,18.0,12.0,101,103,-10%,6,6,8,29,29,29,26.3,28.9,17.9,39.9,33.5,46.3,8.6,29.5,5.46,28.2,30.5,5.2,28.85,5.33,29.0,6.666666666666667,28.369999999999997,25.933333333333334,30.342241379310344
3,6,Anzejs Pasecniks,0.0,WAS,MIL,11.5,241.0,114.8,7,0.0,12.6,23.3,C,3200,1,16.0,13.0,107,99,0%,2,5,6,15,19,21,15.7,17.9,11.1,24.8,9.5,2.0,0.6,13.0,4.06,13.3,14.5,4.2,13.15,4.13,18.333333333333332,4.333333333333333,16.529999999999998,11.966666666666667,10.400454545454545
3,7,Semi Ojeleye,0.0,BOS,MIA,1.0,219.0,109.0,20,0.0,7.8,13.8,PF,3000,1,8.0,6.0,101,106,2%,3,3,2,19,16,15,7.8,6.6,1.3,11.8,20.2,15.3,5.1,9.3,3.08,8.4,16.5,2.8,8.850000000000001,2.94,16.666666666666668,2.6666666666666665,7.2700000000000005,7.2,8.7615
4,0,Eric Bledsoe,0.0,MIL,WAS,-11.5,241.0,126.3,19,13.3,22.5,36.3,PG,6600,3,25.0,19.0,105,114,7%,11,9,12,30,26,27,23.1,31.1,21.3,40.8,30.6,60.0,9.1,40.0,6.06,41.6,29.0,6.3,40.8,6.18,27.666666666666668,10.666666666666666,31.419999999999998,24.03333333333333,42.766265060240954
4,1,JJ Redick,0.0,NO,CLE,-9.0,233.0,121.0,25,11.5,19.8,26.0,SG/SF,4400,1,19.0,16.0,101,114,6%,10,9,11,25,25,28,19.8,23.9,14.4,33.4,27.7,24.3,5.5,21.0,4.77,20.4,24.5,4.6,20.7,4.685,26.0,10.0,22.44,19.099999999999998,19.50576923076923
4,2,Dario Saric,0.0,PHO,DAL,7.0,228.5,110.8,28,11.3,21.6,35.3,SF/PF,4000,1,17.0,13.0,101,108,-1%,9,8,9,28,27,26,21.6,23.3,11.6,35.0,22.4,19.0,4.8,19.0,4.75,17.9,23.0,4.5,18.45,4.625,27.0,8.666666666666666,21.990000000000002,22.733333333333334,15.716666666666667
4,3,Kyle Korver,0.0,MIL,WAS,-11.5,241.0,126.3,28,12.0,17.7,24.8,SG/SF,3600,3,15.0,12.0,105,114,8%,6,5,5,20,19,17,17.6,13.1,6.5,19.7,14.6,10.3,2.9,17.3,4.79,15.8,18.5,4.4,16.55,4.595000000000001,18.666666666666668,5.333333333333333,14.690000000000001,18.166666666666668,16.40223214285714
4,4,Jrue Holiday,0.0,NO,CLE,-9.0,233.0,121.0,5,25.0,39.2,52.5,PG/SG,7900,1,26.0,17.0,101,114,6%,19,17,18,36,35,36,39.0,40.5,31.3,49.6,33.2,57.5,7.3,38.5,4.87,41.0,35.5,5.2,39.75,5.035,35.666666666666664,18.0,40.03,38.9,39.564252336448604
4,5,Ben Simmons,0.0,PHI,GS,-12.0,213.5,112.8,23,43.0,55.5,82.5,PG/SF,10000,2,22.0,21.0,103,110,9%,11,14,12,40,40,37,55.8,44.8,33.2,56.3,27.3,30.5,3.1,45.8,4.58,48.9,38.0,4.9,47.349999999999994,4.74,39.0,12.333333333333334,47.489999999999995,60.333333333333336,46.135897435897434
4,6,Brandon Clarke,0.0,MEM,DEN,-1.0,223.5,112.3,5,12.0,22.6,35.8,PF/C,4900,1,19.0,22.0,100,106,-3%,9,7,8,24,24,22,22.6,24.5,17.4,31.6,21.0,24.5,5.0,23.3,4.74,24.8,23.0,5.1,24.05,4.92,23.333333333333332,8.0,24.029999999999998,23.46666666666667,23.70642857142857
4,7,Serge Ibaka,0.0,TOR,ATL,-12.5,234.0,123.3,23,19.0,26.3,35.5,C,5400,1,23.0,17.0,106,111,6%,12,11,12,21,24,27,26.3,30.1,21.1,39.1,27.3,43.0,8.0,28.0,5.19,28.6,23.5,5.3,28.3,5.245,24.0,11.666666666666666,28.98,26.933333333333334,27.710416666666667
5,0,Ja Morant,0.0,MEM,DEN,-1.0,223.5,112.3,16,9.8,32.3,41.8,PG,7000,1,28.0,18.0,100,106,-4%,15,12,14,33,32,30,32.3,34.4,23.8,45.0,29.8,38.5,5.5,34.3,4.89,36.7,33.0,5.2,35.5,5.045,31.666666666666668,13.666666666666666,34.2,27.966666666666665,36.99473684210526
5,1,Marcus Smart,0.0,BOS,MIA,1.0,219.0,109.0,1,21.5,34.4,68.3,PG/SG,5800,1,19.0,14.0,101,106,-9%,12,13,11,34,31,32,34.6,28.8,17.9,39.7,36.5,34.5,5.9,31.0,5.34,32.1,35.5,5.5,31.55,5.42,32.333333333333336,12.0,30.51,41.4,34.63994845360825
5,2,Tyler Cook,0.0,CLE,NO,9.0,233.0,112.0,7,0.0,2.4,5.3,PF/C,3000,0,0.0,0.0,106,110,5%,1,1,1,2,4,3,2.4,3.0,0.9,5.1,1.6,4.5,1.5,4.0,1.33,0.0,0.0,0.0,2.0,0.665,3.0,1.0,2.68,2.5666666666666664,0.0
5,3,Kyle Anderson,0.0,MEM,DEN,-1.0,223.5,112.3,13,2.8,15.1,27.0,SF/PF,4100,1,14.0,13.0,100,106,-7%,4,4,4,21,18,17,15.9,15.2,7.7,22.6,27.3,20.5,5.0,21.0,5.12,21.5,26.0,5.2,21.25,5.16,18.666666666666668,4.0,16.53,14.966666666666667,29.59821428571428
5,4,Isaiah Thomas,0.0,WAS,MIL,11.5,241.0,114.8,29,6.0,16.7,25.5,PG,4000,1,25.0,12.0,107,99,1%,10,8,11,20,20,24,16.7,21.2,12.2,30.2,19.1,24.3,6.1,20.0,5.0,19.0,22.0,4.8,19.5,4.9,21.333333333333332,9.666666666666666,19.96,16.066666666666666,20.109375
5,5,Maxi Kleber,0.0,DAL,PHO,-7.0,228.5,117.8,26,16.8,21.6,28.5,PF/C,4200,0,14.0,14.0,104,108,-1%,9,8,7,19,25,25,21.6,20.4,12.7,28.1,19.6,15.3,3.6,20.3,4.82,17.9,21.5,4.3,19.1,4.5600000000000005,23.0,8.0,20.380000000000003,22.3,17.854347826086958
5,6,Robin Lopez,0.0,MIL,WAS,-11.5,241.0,126.3,24,4.0,7.6,12.8,C,3000,3,16.0,12.0,105,114,7%,3,3,5,11,11,15,7.5,11.8,4.3,19.4,16.4,13.8,4.6,10.8,3.58,11.5,12.5,3.8,11.15,3.69,12.333333333333334,3.6666666666666665,10.83,8.133333333333333,11.300675675675675
5,7,Ty Jerome,0.0,PHO,DAL,7.0,228.5,110.8,13,1.5,6.2,11.8,PG,3000,1,0.0,0.0,101,108,-6%,3,2,4,9,7,11,6.2,9.2,1.3,17.1,22.8,21.5,7.2,8.3,2.75,0.0,0.0,0.0,4.15,1.375,9.0,3.0,7.589999999999999,6.5,0.0
6,0,Isaiah Thomas,0.0,WAS,MIL,11.5,241.0,114.8,29,6.0,16.7,25.5,PG,4000,1,25.0,12.0,107,99,1%,10,8,11,20,20,24,16.7,21.2,12.2,30.2,19.1,24.3,6.1,20.0,5.0,19.0,22.0,4.8,19.5,4.9,21.333333333333332,9.666666666666666,19.96,16.066666666666666,20.109375
6,1,Torrey Craig,0.0,DEN,MEM,1.0,223.5,111.3,10,6.0,20.8,35.5,SG/SF,4300,1,12.0,9.0,106,109,6%,10,7,4,33,27,16,20.8,10.3,1.3,19.4,17.5,10.0,2.3,18.0,4.19,18.2,27.0,4.2,18.1,4.195,25.333333333333332,7.0,13.98,20.766666666666666,19.290789473684214
6,2,Omari Spellman,0.0,GS,PHI,12.0,213.5,100.8,23,7.3,13.1,17.8,PF/C,4200,3,19.0,16.0,101,103,-10%,7,6,6,16,18,19,13.1,18.0,8.8,27.1,18.6,10.0,2.4,14.8,3.51,15.2,17.5,3.6,15.0,3.5549999999999997,17.666666666666668,6.333333333333333,16.4,12.733333333333334,14.858490566037734
6,3,Mikal Bridges,0.0,PHO,DAL,7.0,228.5,110.8,5,6.5,23.5,40.8,SG/SF,3900,1,12.0,13.0,101,108,1%,9,9,6,29,33,24,23.5,18.0,8.8,27.2,33.7,31.0,7.9,22.0,5.64,21.7,31.5,5.6,21.85,5.619999999999999,28.666666666666668,8.0,19.869999999999997,23.599999999999998,24.009593023255814
6,4,Monte Morris,0.0,DEN,MEM,1.0,223.5,111.3,25,13.5,23.7,36.8,PG,5400,1,20.0,15.0,106,109,4%,12,10,7,25,29,19,23.6,17.0,8.6,25.5,33.9,25.3,4.7,25.8,4.77,22.2,24.5,4.1,24.0,4.435,24.333333333333332,9.666666666666666,19.74,24.666666666666668,24.164383561643838
6,5,Will Barton,0.0,DEN,MEM,1.0,223.5,111.3,25,20.0,27.8,33.3,PG/SF,6600,1,20.0,16.0,106,109,6%,11,13,13,30,33,34,27.8,32.8,22.7,42.8,30.9,28.3,4.3,34.5,5.23,33.2,34.5,5.0,33.85,5.115,32.333333333333336,12.333333333333334,31.99,27.03333333333333,36.118298969072164
6,6,Damian Jones,0.0,ATL,TOR,12.5,234.0,110.8,5,-0.5,6.5,10.3,C,4000,1,12.0,16.0,103,102,-9%,2,1,3,11,13,16,7.9,13.4,5.7,21.0,22.1,14.8,3.7,18.8,4.69,15.6,20.0,3.9,17.2,4.295,13.333333333333334,2.0,13.040000000000001,5.433333333333334,25.799999999999997
6,7,Gordon Hayward,0.0,BOS,MIA,1.0,219.0,109.0,24,23.3,37.0,49.5,SF/PF,7100,1,21.0,18.0,101,106,-2%,17,15,13,37,35,33,37.0,33.3,22.4,44.1,37.8,44.8,6.3,34.3,4.82,35.1,35.5,4.9,34.7,4.86,35.0,15.0,34.3,36.6,35.19571428571429
8,0,Raul Neto,0.0,PHI,GS,-12.0,213.5,112.8,23,9.0,12.3,19.5,PG,3100,2,18.0,12.0,103,110,9%,4,5,3,15,14,11,12.3,8.7,1.8,15.5,20.7,28.0,9.0,14.3,4.6,12.3,14.0,4.0,13.3,4.3,13.333333333333334,4.0,10.319999999999999,13.6,13.965
8,1,JJ Redick,0.0,NO,CLE,-9.0,233.0,121.0,25,11.5,19.8,26.0,SG/SF,4400,1,19.0,16.0,101,114,6%,10,9,11,25,25,28,19.8,23.9,14.4,33.4,27.7,24.3,5.5,21.0,4.77,20.4,24.5,4.6,20.7,4.685,26.0,10.0,22.44,19.099999999999998,19.50576923076923
8,2,OG Anunoby,0.0,TOR,ATL,-12.5,234.0,123.3,3,5.3,12.7,25.8,SF/PF,4000,1,15.0,13.0,106,111,19%,8,6,9,25,23,30,12.7,24.3,13.1,35.6,26.6,24.0,6.0,20.0,5.0,22.1,26.0,5.5,21.05,5.25,26.0,7.666666666666667,21.349999999999998,14.6,21.05
8,3,Miles Bridges,0.0,CHA,NY,-1.5,208.5,105.0,6,5.5,15.7,32.8,SF/PF,4400,3,19.0,11.0,101,111,2%,7,10,11,23,26,30,15.7,24.3,14.6,34.1,25.9,23.0,5.2,24.8,5.63,23.6,27.5,5.4,24.200000000000003,5.515000000000001,26.333333333333332,9.333333333333334,22.58,18.0,25.27215189873418
8,4,Elie Okobo,0.0,PHO,DAL,7.0,228.5,110.8,13,2.3,10.4,25.8,PG,3100,1,17.0,13.0,101,108,-6%,1,3,4,13,16,12,10.4,10.6,2.1,19.0,4.7,2.8,0.9,10.0,3.23,8.3,10.5,2.7,9.15,2.965,13.666666666666666,2.6666666666666665,10.25,12.833333333333334,7.029878048780488
8,5,Ersan Ilyasova,0.0,MIL,WAS,-11.5,241.0,126.3,10,8.3,15.7,28.3,PF,3300,3,17.0,18.0,105,114,4%,4,5,6,17,15,17,15.4,17.9,8.2,27.7,20.7,22.3,6.8,27.8,8.41,29.4,26.0,8.9,28.6,8.655000000000001,16.333333333333332,5.0,19.560000000000002,17.433333333333334,45.5265306122449
8,6,Bam Adebayo,0.0,MIA,BOS,-1.0,219.0,110.0,18,19.0,41.5,54.5,C,8400,0,20.0,20.0,102,104,-2%,13,11,11,35,36,35,41.8,41.4,30.7,52.2,33.0,34.5,4.1,41.5,4.94,40.5,34.5,4.8,41.0,4.87,35.333333333333336,11.666666666666666,41.419999999999995,38.333333333333336,40.033018867924525
8,7,Khris Middleton,0.0,MIL,WAS,-11.5,241.0,126.3,10,26.8,35.6,41.0,SF,7000,3,26.0,21.0,105,114,4%,13,12,14,33,29,29,35.6,35.2,27.4,42.9,35.9,76.5,10.9,44.5,6.36,45.8,31.5,6.5,45.15,6.43,30.333333333333332,13.0,37.25000000000001,34.46666666666667,46.886538461538464
9,0,Delon Wright,0.0,DAL,PHO,-7.0,228.5,117.8,21,7.8,22.5,38.5,PG/SG,4100,0,16.0,18.0,104,108,3%,9,6,6,29,23,22,22.5,21.3,12.2,30.4,15.7,5.0,1.2,25.3,6.16,23.6,24.5,5.8,24.450000000000003,5.98,24.666666666666668,7.0,22.169999999999998,22.933333333333334,24.2847972972973
9,1,Collin Sexton,0.0,CLE,NO,9.0,233.0,112.0,14,27.0,34.5,44.0,PG/SG,6500,0,27.0,16.0,106,110,5%,17,17,16,36,36,32,34.5,28.8,21.8,35.9,31.8,40.8,6.3,34.5,5.31,35.7,36.0,5.5,35.1,5.404999999999999,34.666666666666664,16.666666666666668,31.22,35.166666666666664,36.45
9,2,Grant Williams,0.0,BOS,MIA,1.0,219.0,109.0,24,0.8,9.7,25.0,SF/PF,3400,1,12.0,7.0,101,106,2%,3,2,3,16,13,15,9.7,9.3,2.4,16.2,23.5,17.8,5.2,11.8,3.46,9.4,13.0,2.8,10.600000000000001,3.13,14.666666666666666,2.6666666666666665,9.64,11.833333333333334,9.395454545454548
9,3,OG Anunoby,0.0,TOR,ATL,-12.5,234.0,123.3,3,5.3,12.7,25.8,SF/PF,4000,1,15.0,13.0,106,111,19%,8,6,9,25,23,30,12.7,24.3,13.1,35.6,26.6,24.0,6.0,20.0,5.0,22.1,26.0,5.5,21.05,5.25,26.0,7.666666666666667,21.349999999999998,14.6,21.05
9,4,Elfrid Payton,0.0,NY,CHA,1.5,208.5,103.5,10,32.5,34.0,39.0,PG,6000,1,21.0,14.0,99,111,-6%,11,10,10,32,31,27,34.0,27.6,19.0,36.3,33.5,33.0,5.5,30.0,5.0,30.5,32.0,5.1,30.25,5.05,30.0,10.333333333333334,29.43,35.166666666666664,32.266666666666666
9,5,James Ennis III,0.0,PHI,GS,-12.0,213.5,112.8,30,2.8,7.3,12.3,SF/PF,3000,2,16.0,12.0,103,110,4%,3,4,5,10,12,17,9.3,13.5,6.6,20.4,5.0,4.5,1.5,7.5,2.5,0.0,0.0,0.0,3.75,1.25,13.0,4.0,10.71,7.466666666666666,0.0
9,6,Derrick Favors,0.0,NO,CLE,-9.0,233.0,121.0,2,24.0,36.1,50.3,C,6100,1,16.0,21.0,101,114,0%,9,9,8,27,28,26,36.1,30.6,19.4,41.8,23.0,22.8,3.7,30.5,5.0,30.4,27.5,5.0,30.45,5.0,27.0,8.666666666666666,31.669999999999998,36.800000000000004,31.01388888888889
9,7,Nikola Jokic,0.0,DEN,MEM,1.0,223.5,111.3,8,41.8,54.9,63.5,C,10200,1,28.0,24.0,106,109,5%,19,18,15,37,35,32,55.5,46.5,34.3,58.7,38.7,50.3,4.9,50.8,4.98,53.8,34.5,5.3,52.3,5.140000000000001,34.666666666666664,17.333333333333332,49.46,53.4,52.04855769230769
10,0,Collin Sexton,0.0,CLE,NO,9.0,233.0,112.0,14,27.0,34.5,44.0,PG/SG,6500,0,27.0,16.0,106,110,5%,17,17,16,36,36,32,34.5,28.8,21.8,35.9,31.8,40.8,6.3,34.5,5.31,35.7,36.0,5.5,35.1,5.404999999999999,34.666666666666664,16.666666666666668,31.22,35.166666666666664,36.45
10,1,Cody Martin,0.0,CHA,NY,-1.5,208.5,105.0,8,2.0,6.5,11.8,SG/SF,3000,3,14.0,10.0,101,111,9%,3,3,3,8,9,14,4.1,10.2,2.0,18.4,18.1,17.0,5.7,10.0,3.33,0.0,0.0,0.0,5.0,1.665,10.333333333333334,3.0,7.9399999999999995,6.766666666666667,0.0
10,2,Alfonzo McKinnie,0.0,CLE,NO,9.0,233.0,112.0,21,10.8,19.0,31.5,SF/PF,3000,0,14.0,8.0,106,110,2%,8,7,4,21,22,14,19.0,9.4,1.3,17.6,23.7,16.3,5.4,14.5,4.83,13.4,18.0,4.5,13.95,4.665,19.0,6.333333333333333,12.25,20.433333333333334,13.21578947368421
10,3,Mikal Bridges,0.0,PHO,DAL,7.0,228.5,110.8,5,6.5,23.5,40.8,SG/SF,3900,1,12.0,13.0,101,108,1%,9,9,6,29,33,24,23.5,18.0,8.8,27.2,33.7,31.0,7.9,22.0,5.64,21.7,31.5,5.6,21.85,5.619999999999999,28.666666666666668,8.0,19.869999999999997,23.599999999999998,24.009593023255814
10,4,Gary Harris,0.0,DEN,MEM,1.0,223.5,111.3,10,14.5,19.9,28.3,SG,4300,1,16.0,10.0,106,109,6%,9,9,10,23,28,33,19.9,21.8,14.8,28.8,24.9,17.3,4.0,20.5,4.77,18.5,27.0,4.3,19.5,4.535,28.0,9.333333333333334,20.96,20.900000000000002,18.803571428571427
10,5,Cam Reddish,0.0,ATL,TOR,12.5,234.0,110.8,22,10.8,22.4,33.0,SG/SF,4300,1,18.0,7.0,103,102,4%,10,10,9,25,28,27,22.4,19.3,10.5,28.1,29.6,32.0,7.4,19.0,4.42,20.9,29.0,4.9,19.95,4.66,26.666666666666668,9.666666666666666,20.050000000000004,22.066666666666666,21.695625
10,6,Bam Adebayo,0.0,MIA,BOS,-1.0,219.0,110.0,18,19.0,41.5,54.5,C,8400,0,20.0,20.0,102,104,-2%,13,11,11,35,36,35,41.8,41.4,30.7,52.2,33.0,34.5,4.1,41.5,4.94,40.5,34.5,4.8,41.0,4.87,35.333333333333336,11.666666666666666,41.419999999999995,38.333333333333336,40.033018867924525
10,7,Norman Powell,0.0,TOR,ATL,-12.5,234.0,123.3,21,15.8,28.5,35.5,SG/SF,5300,1,20.0,17.0,106,111,19%,11,12,11,24,25,28,28.3,26.3,15.7,37.0,23.9,17.0,3.2,23.5,4.43,26.9,26.0,5.1,25.2,4.765,25.666666666666668,11.333333333333334,26.5,26.599999999999998,25.527272727272724
11,0,Isaiah Thomas,0.0,WAS,MIL,11.5,241.0,114.8,29,6.0,16.7,25.5,PG,4000,1,25.0,12.0,107,99,1%,10,8,11,20,20,24,16.7,21.2,12.2,30.2,19.1,24.3,6.1,20.0,5.0,19.0,22.0,4.8,19.5,4.9,21.333333333333332,9.666666666666666,19.96,16.066666666666666,20.109375
11,1,Dion Waiters,0.0,MIA,BOS,-1.0,219.0,110.0,13,6.0,16.2,27.0,SG/SF,4300,0,0.0,0.0,102,104,-4%,8,8,8,12,12,12,17.3,17.3,5.6,28.9,18.5,18.3,4.3,5.5,1.28,0.0,0.0,0.0,2.75,0.64,12.0,8.0,14.37,16.400000000000002,0.0
11,2,Brandon Ingram,0.0,NO,CLE,-9.0,233.0,121.0,5,25.5,33.1,43.0,SF/PF,7600,1,29.0,20.0,101,114,6%,12,16,19,32,35,35,33.1,43.5,33.2,53.7,31.6,38.8,5.1,39.8,5.23,39.7,34.5,5.2,39.75,5.215,34.0,15.666666666666666,40.65,33.86666666666667,40.33455882352941
11,3,Solomon Hill,0.0,MEM,DEN,-1.0,223.5,112.3,13,7.8,12.5,22.0,SF/PF,3000,1,14.0,11.0,100,106,-7%,3,4,5,17,17,19,12.5,14.5,8.0,21.0,19.1,16.3,5.4,13.8,4.58,14.4,20.0,4.8,14.100000000000001,4.6899999999999995,17.666666666666668,4.0,14.02,14.1,15.962264150943398
11,4,JJ Redick,0.0,NO,CLE,-9.0,233.0,121.0,25,11.5,19.8,26.0,SG/SF,4400,1,19.0,16.0,101,114,6%,10,9,11,25,25,28,19.8,23.9,14.4,33.4,27.7,24.3,5.5,21.0,4.77,20.4,24.5,4.6,20.7,4.685,26.0,10.0,22.44,19.099999999999998,19.50576923076923
11,5,Marcus Morris Sr.,0.0,NY,CHA,1.5,208.5,103.5,27,25.8,31.3,39.0,SF/PF,6200,1,23.0,17.0,99,111,9%,17,16,15,36,35,33,31.3,31.8,20.3,43.3,35.0,31.5,5.1,30.3,4.88,31.6,34.0,5.1,30.950000000000003,4.99,34.666666666666664,16.0,31.53,32.03333333333333,30.3548076923077
11,6,Cheick Diallo,0.0,PHO,DAL,7.0,228.5,110.8,30,3.3,7.9,12.0,C,3000,1,0.0,0.0,101,108,-1%,2,2,3,11,10,9,7.9,8.8,0.2,17.5,4.7,0.8,0.3,6.3,2.08,0.0,0.0,0.0,3.15,1.04,10.0,2.3333333333333335,7.510000000000001,7.733333333333333,0.0
11,7,Jaylen Brown,0.0,BOS,MIA,1.0,219.0,109.0,27,22.5,32.7,43.5,SG/SF,6400,1,24.0,18.0,101,106,-1%,15,15,15,34,33,34,32.6,35.2,25.5,44.9,40.8,37.8,5.9,35.0,5.47,36.5,35.5,5.7,35.75,5.585,33.666666666666664,15.0,34.790000000000006,32.9,37.69678217821782
12,0,Donte DiVincenzo,0.0,MIL,WAS,-11.5,241.0,126.3,19,19.3,24.8,30.3,PG/SG,4300,3,17.0,15.0,105,114,8%,5,8,8,23,23,24,24.8,22.6,15.3,29.9,22.4,29.3,6.8,25.5,5.93,27.5,25.5,6.4,26.5,6.165,23.333333333333332,7.0,23.82,24.8,28.960714285714285
12,1,Jrue Holiday,0.0,NO,CLE,-9.0,233.0,121.0,5,25.0,39.2,52.5,PG/SG,7900,1,26.0,17.0,101,114,6%,19,17,18,36,35,36,39.0,40.5,31.3,49.6,33.2,57.5,7.3,38.5,4.87,41.0,35.5,5.2,39.75,5.035,35.666666666666664,18.0,40.03,38.9,39.564252336448604
12,2,James Ennis III,0.0,PHI,GS,-12.0,213.5,112.8,30,2.8,7.3,12.3,SF/PF,3000,2,16.0,12.0,103,110,4%,3,4,5,10,12,17,9.3,13.5,6.6,20.4,5.0,4.5,1.5,7.5,2.5,0.0,0.0,0.0,3.75,1.25,13.0,4.0,10.71,7.466666666666666,0.0
12,3,Grant Williams,0.0,BOS,MIA,1.0,219.0,109.0,24,0.8,9.7,25.0,SF/PF,3400,1,12.0,7.0,101,106,2%,3,2,3,16,13,15,9.7,9.3,2.4,16.2,23.5,17.8,5.2,11.8,3.46,9.4,13.0,2.8,10.600000000000001,3.13,14.666666666666666,2.6666666666666665,9.64,11.833333333333334,9.395454545454548
12,4,Brad Wanamaker,0.0,BOS,MIA,1.0,219.0,109.0,1,-0.5,8.0,20.3,PG/SG,3100,1,17.0,12.0,101,106,-9%,4,6,5,11,17,20,8.9,15.0,8.8,21.3,13.8,13.8,4.5,10.5,3.39,11.9,16.0,3.8,11.2,3.5949999999999998,16.0,5.0,13.040000000000001,9.266666666666667,11.2
12,5,James Johnson,0.0,MIA,BOS,-1.0,219.0,110.0,8,6.0,17.0,40.0,PF/C,3500,0,0.0,0.0,102,104,2%,6,7,5,12,20,16,17.0,13.5,2.4,24.6,11.3,5.8,1.7,11.3,3.21,11.3,14.0,3.2,11.3,3.205,16.0,6.0,13.76,21.0,9.887500000000001
12,6,Brandon Clarke,0.0,MEM,DEN,-1.0,223.5,112.3,5,12.0,22.6,35.8,PF/C,4900,1,19.0,22.0,100,106,-3%,9,7,8,24,24,22,22.6,24.5,17.4,31.6,21.0,24.5,5.0,23.3,4.74,24.8,23.0,5.1,24.05,4.92,23.333333333333332,8.0,24.029999999999998,23.46666666666667,23.70642857142857
12,7,Maxi Kleber,0.0,DAL,PHO,-7.0,228.5,117.8,26,16.8,21.6,28.5,PF/C,4200,0,14.0,14.0,104,108,-1%,9,8,7,19,25,25,21.6,20.4,12.7,28.1,19.6,15.3,3.6,20.3,4.82,17.9,21.5,4.3,19.1,4.5600000000000005,23.0,8.0,20.380000000000003,22.3,17.854347826086958
13,0,Malik Beasley,0.0,DEN,MEM,1.0,223.5,111.3,25,7.5,17.4,25.0,PG/SG,3900,1,20.0,10.0,106,109,6%,10,9,7,22,22,18,17.4,13.3,4.4,22.2,17.3,9.8,2.5,18.5,4.74,17.7,21.5,4.5,18.1,4.62,20.666666666666668,8.666666666666666,15.080000000000002,16.633333333333333,18.82983870967742
13,1,Devin Booker,0.0,PHO,DAL,7.0,228.5,110.8,13,23.0,50.1,69.0,PG/SG,9100,1,30.0,21.0,101,108,-6%,22,20,18,40,38,37,50.0,43.1,30.8,55.4,30.7,57.5,6.3,45.3,4.97,43.5,37.5,4.8,44.4,4.885,38.333333333333336,20.0,44.74,47.36666666666667,43.43478260869565
13,2,Isaac Bonga,0.0,WAS,MIL,11.5,241.0,114.8,1,2.8,14.7,30.3,SF/PF,3300,1,10.0,11.0,107,99,1%,2,4,3,14,20,18,15.3,12.3,5.1,19.4,17.1,9.5,2.9,14.8,4.47,14.3,21.0,4.3,14.55,4.385,17.333333333333332,3.0,13.330000000000002,15.933333333333332,17.62788461538462
13,3,Matisse Thybulle,0.0,PHI,GS,-12.0,213.5,112.8,6,15.3,20.5,25.0,SG/SF,4700,2,12.0,10.0,103,110,9%,9,7,4,32,32,20,20.5,13.7,4.7,22.7,23.8,12.5,2.7,22.3,4.73,20.5,28.5,4.4,21.4,4.565,28.0,6.666666666666667,16.6,20.266666666666666,21.782142857142855
13,4,Monte Morris,0.0,DEN,MEM,1.0,223.5,111.3,25,13.5,23.7,36.8,PG,5400,1,20.0,15.0,106,109,4%,12,10,7,25,29,19,23.6,17.0,8.6,25.5,33.9,25.3,4.7,25.8,4.77,22.2,24.5,4.1,24.0,4.435,24.333333333333332,9.666666666666666,19.74,24.666666666666668,24.164383561643838
13,5,Dion Waiters,0.0,MIA,BOS,-1.0,219.0,110.0,13,6.0,16.2,27.0,SG/SF,4300,0,0.0,0.0,102,104,-4%,8,8,8,12,12,12,17.3,17.3,5.6,28.9,18.5,18.3,4.3,5.5,1.28,0.0,0.0,0.0,2.75,0.64,12.0,8.0,14.37,16.400000000000002,0.0
13,6,Pascal Siakam,0.0,TOR,ATL,-12.5,234.0,123.3,11,29.5,39.0,53.0,PF/C,8000,1,29.0,19.0,106,111,6%,19,18,20,35,33,36,40.5,43.6,33.3,53.9,26.9,41.3,5.2,41.5,5.19,42.9,34.0,5.4,42.2,5.295,34.666666666666664,19.0,42.7,40.5,41.38846153846154
13,7,Chris Silva,0.0,MIA,BOS,-1.0,219.0,110.0,18,0.0,2.3,7.3,C,3000,0,0.0,0.0,102,104,-2%,0,1,2,2,2,8,2.0,8.7,1.1,16.3,10.2,13.3,4.4,4.5,1.5,0.0,0.0,0.0,2.25,0.75,4.0,1.0,6.07,3.1999999999999997,0.0
14,0,Malik Beasley,0.0,DEN,MEM,1.0,223.5,111.3,25,7.5,17.4,25.0,PG/SG,3900,1,20.0,10.0,106,109,6%,10,9,7,22,22,18,17.4,13.3,4.4,22.2,17.3,9.8,2.5,18.5,4.74,17.7,21.5,4.5,18.1,4.62,20.666666666666668,8.666666666666666,15.080000000000002,16.633333333333333,18.82983870967742
14,1,D'Angelo Russell,0.0,GS,PHI,12.0,213.5,100.8,7,34.8,46.7,53.5,PG/SG,7600,3,33.0,20.0,101,103,-7%,21,22,20,32,35,33,46.7,41.5,28.2,54.7,36.9,50.3,6.6,38.5,5.07,39.7,34.0,5.2,39.1,5.135,33.333333333333336,21.0,42.04,45.0,39.882000000000005
14,2,Thomas Bryant,0.0,WAS,MIL,11.5,241.0,114.8,29,4.8,15.6,22.0,PF/C,4100,1,18.0,19.0,107,99,0%,6,5,9,18,18,25,15.6,26.7,15.3,38.2,31.9,44.0,10.7,19.0,4.63,19.3,18.5,4.7,19.15,4.665,20.333333333333332,6.666666666666667,22.99,14.133333333333333,17.423360655737703
14,3,OG Anunoby,0.0,TOR,ATL,-12.5,234.0,123.3,3,5.3,12.7,25.8,SF/PF,4000,1,15.0,13.0,106,111,19%,8,6,9,25,23,30,12.7,24.3,13.1,35.6,26.6,24.0,6.0,20.0,5.0,22.1,26.0,5.5,21.05,5.25,26.0,7.666666666666667,21.349999999999998,14.6,21.05
14,4,Torrey Craig,0.0,DEN,MEM,1.0,223.5,111.3,10,6.0,20.8,35.5,SG/SF,4300,1,12.0,9.0,106,109,6%,10,7,4,33,27,16,20.8,10.3,1.3,19.4,17.5,10.0,2.3,18.0,4.19,18.2,27.0,4.2,18.1,4.195,25.333333333333332,7.0,13.98,20.766666666666666,19.290789473684214
14,5,Vince Carter,0.0,ATL,TOR,12.5,234.0,110.8,29,4.5,10.3,16.3,SF/PF,3200,1,16.0,7.0,103,102,0%,4,5,5,13,12,15,10.3,10.4,3.5,17.3,17.9,23.8,7.4,10.8,3.36,11.5,15.5,3.6,11.15,3.48,13.333333333333334,4.666666666666667,10.53,10.366666666666667,12.961875
14,6,Zion Williamson,0.0,NO,CLE,-9.0,233.0,121.0,24,26.0,33.3,39.3,PF/C,7200,1,0.0,0.0,101,114,0%,13,12,12,24,22,22,33.3,33.3,26.6,40.1,29.8,26.8,3.7,34.8,4.83,36.7,28.0,5.1,35.75,4.965,22.666666666666668,12.333333333333334,33.809999999999995,32.86666666666667,44.16176470588235
14,7,Dion Waiters,0.0,MIA,BOS,-1.0,219.0,110.0,13,6.0,16.2,27.0,SG/SF,4300,0,0.0,0.0,102,104,-4%,8,8,8,12,12,12,17.3,17.3,5.6,28.9,18.5,18.3,4.3,5.5,1.28,0.0,0.0,0.0,2.75,0.64,12.0,8.0,14.37,16.400000000000002,0.0
15,0,Malik Monk,0.0,CHA,NY,-1.5,208.5,105.0,6,0.8,16.6,48.8,PG/SG,4800,3,22.0,12.0,101,111,0%,15,9,8,28,22,20,21.8,17.2,6.1,28.3,23.2,18.0,3.8,28.0,5.83,23.2,26.0,4.8,25.6,5.3149999999999995,23.333333333333332,10.666666666666666,19.8,22.066666666666666,28.525714285714287
15,1,Dillon Brooks,0.0,MEM,DEN,-1.0,223.5,112.3,24,8.3,33.4,53.3,SG,6000,1,24.0,13.0,100,106,-7%,16,16,14,33,30,29,33.9,27.0,16.5,37.5,32.7,33.3,5.5,24.8,4.13,28.7,32.0,4.8,26.75,4.465,30.666666666666668,15.333333333333334,28.330000000000002,31.666666666666668,27.913043478260867
15,2,De'Andre Hunter,0.0,ATL,TOR,12.5,234.0,110.8,29,15.5,26.4,34.8,SF/PF,4600,1,18.0,8.0,103,102,-2%,12,12,11,29,30,31,26.4,21.7,12.0,31.5,33.1,30.0,6.5,20.3,4.4,21.1,30.5,4.6,20.700000000000003,4.5,30.0,11.666666666666666,22.46,25.566666666666663,21.045
15,3,Cam Reddish,0.0,ATL,TOR,12.5,234.0,110.8,22,10.8,22.4,33.0,SG/SF,4300,1,18.0,7.0,103,102,4%,10,10,9,25,28,27,22.4,19.3,10.5,28.1,29.6,32.0,7.4,19.0,4.42,20.9,29.0,4.9,19.95,4.66,26.666666666666668,9.666666666666666,20.050000000000004,22.066666666666666,21.695625
15,4,Isaiah Thomas,0.0,WAS,MIL,11.5,241.0,114.8,29,6.0,16.7,25.5,PG,4000,1,25.0,12.0,107,99,1%,10,8,11,20,20,24,16.7,21.2,12.2,30.2,19.1,24.3,6.1,20.0,5.0,19.0,22.0,4.8,19.5,4.9,21.333333333333332,9.666666666666666,19.96,16.066666666666666,20.109375
15,5,John Collins,0.0,ATL,TOR,12.5,234.0,110.8,9,29.3,40.2,67.0,PF/C,8200,1,22.0,22.0,103,102,4%,14,15,14,25,30,30,40.2,38.5,27.9,49.2,33.0,44.5,5.4,39.8,4.85,39.9,31.5,4.9,39.849999999999994,4.875,28.333333333333332,14.333333333333334,39.13,45.5,44.30382352941176
15,6,Maxi Kleber,0.0,DAL,PHO,-7.0,228.5,117.8,26,16.8,21.6,28.5,PF/C,4200,0,14.0,14.0,104,108,-1%,9,8,7,19,25,25,21.6,20.4,12.7,28.1,19.6,15.3,3.6,20.3,4.82,17.9,21.5,4.3,19.1,4.5600000000000005,23.0,8.0,20.380000000000003,22.3,17.854347826086958
15,7,Alec Burks,0.0,GS,PHI,12.0,213.5,100.8,7,18.5,33.5,62.8,PG/SG,5500,3,24.0,16.0,101,103,-4%,11,15,13,25,31,30,33.1,30.3,19.0,41.5,25.9,23.5,4.3,24.8,4.5,25.1,26.5,4.6,24.950000000000003,4.55,28.666666666666668,13.0,29.770000000000003,38.266666666666666,23.064244186046512
16,0,Terry Rozier,0.0,CHA,NY,-1.5,208.5,105.0,6,12.0,28.1,42.3,PG/SG,6800,3,25.0,15.0,101,111,1%,9,12,15,34,34,35,27.7,32.8,21.8,43.8,34.5,46.5,6.8,39.8,5.85,37.0,36.5,5.4,38.4,5.625,34.333333333333336,12.0,32.9,27.46666666666667,40.82330097087378
16,1,Delon Wright,0.0,DAL,PHO,-7.0,228.5,117.8,21,7.8,22.5,38.5,PG/SG,4100,0,16.0,18.0,104,108,3%,9,6,6,29,23,22,22.5,21.3,12.2,30.4,15.7,5.0,1.2,25.3,6.16,23.6,24.5,5.8,24.450000000000003,5.98,24.666666666666668,7.0,22.169999999999998,22.933333333333334,24.2847972972973
16,2,Al Horford,0.0,PHI,GS,-12.0,213.5,112.8,15,18.3,30.1,37.3,PF/C,6800,2,19.0,16.0,103,110,0%,10,12,12,36,32,31,30.1,30.9,22.2,39.5,31.5,41.3,6.1,32.5,4.78,33.2,31.0,4.9,32.85,4.84,33.0,11.333333333333334,31.110000000000003,28.566666666666666,30.85909090909091
16,3,Josh Hart,0.0,NO,CLE,-9.0,233.0,121.0,25,20.3,28.0,41.8,SG/SF,4400,1,15.0,12.0,101,114,11%,10,9,9,28,31,29,28.9,25.4,17.2,33.6,21.8,12.0,2.7,20.0,4.55,21.2,26.5,4.8,20.6,4.675,29.333333333333332,9.333333333333334,25.140000000000004,30.03333333333333,18.610227272727276
16,4,Jaylen Brown,0.0,BOS,MIA,1.0,219.0,109.0,27,22.5,32.7,43.5,SG/SF,6400,1,24.0,18.0,101,106,-1%,15,15,15,34,33,34,32.6,35.2,25.5,44.9,40.8,37.8,5.9,35.0,5.47,36.5,35.5,5.7,35.75,5.585,33.666666666666664,15.0,34.790000000000006,32.9,37.69678217821782
16,5,Grant Williams,0.0,BOS,MIA,1.0,219.0,109.0,24,0.8,9.7,25.0,SF/PF,3400,1,12.0,7.0,101,106,2%,3,2,3,16,13,15,9.7,9.3,2.4,16.2,23.5,17.8,5.2,11.8,3.46,9.4,13.0,2.8,10.600000000000001,3.13,14.666666666666666,2.6666666666666665,9.64,11.833333333333334,9.395454545454548
16,6,Cody Zeller,0.0,CHA,NY,-1.5,208.5,105.0,10,14.3,20.2,34.0,C,4100,3,21.0,19.0,101,111,-5%,8,9,8,22,23,23,20.6,23.7,14.1,33.2,28.9,27.0,6.6,21.8,5.3,21.9,22.0,5.3,21.85,5.3,22.666666666666668,8.333333333333334,22.689999999999998,22.833333333333332,21.20735294117647
16,7,Michael Porter Jr.,0.0,DEN,MEM,1.0,223.5,111.3,23,24.0,36.9,48.5,SF/PF,6200,1,22.0,20.0,106,109,-1%,14,12,6,24,26,13,36.9,15.4,2.5,28.3,22.1,21.5,3.5,26.0,4.19,27.5,24.5,4.4,26.75,4.295,21.0,10.666666666666666,21.97,36.46666666666667,31.208333333333332
17,0,Eric Bledsoe,0.0,MIL,WAS,-11.5,241.0,126.3,19,13.3,22.5,36.3,PG,6600,3,25.0,19.0,105,114,7%,11,9,12,30,26,27,23.1,31.1,21.3,40.8,30.6,60.0,9.1,40.0,6.06,41.6,29.0,6.3,40.8,6.18,27.666666666666668,10.666666666666666,31.419999999999998,24.03333333333333,42.766265060240954
17,1,Devin Booker,0.0,PHO,DAL,7.0,228.5,110.8,13,23.0,50.1,69.0,PG/SG,9100,1,30.0,21.0,101,108,-6%,22,20,18,40,38,37,50.0,43.1,30.8,55.4,30.7,57.5,6.3,45.3,4.97,43.5,37.5,4.8,44.4,4.885,38.333333333333336,20.0,44.74,47.36666666666667,43.43478260869565
17,2,Derrick Jones Jr.,0.0,MIA,BOS,-1.0,219.0,110.0,12,12.0,13.2,14.3,SF/PF,3900,0,14.0,13.0,102,104,-2%,5,5,7,21,23,26,13.2,19.2,11.2,27.2,22.1,19.0,4.9,19.5,5.0,17.3,23.0,4.4,18.4,4.7,23.333333333333332,5.666666666666667,17.839999999999996,13.166666666666666,18.13714285714286
17,3,Will Barton,0.0,DEN,MEM,1.0,223.5,111.3,25,20.0,27.8,33.3,PG/SF,6600,1,20.0,16.0,106,109,6%,11,13,13,30,33,34,27.8,32.8,22.7,42.8,30.9,28.3,4.3,34.5,5.23,33.2,34.5,5.0,33.85,5.115,32.333333333333336,12.333333333333334,31.99,27.03333333333333,36.118298969072164
17,4,Brandon Goodwin,0.0,ATL,TOR,12.5,234.0,110.8,11,1.3,11.5,28.3,PG,3400,1,0.0,0.0,103,102,-2%,8,6,6,13,10,13,11.5,12.8,2.2,23.4,10.1,4.3,1.3,11.0,3.24,12.0,13.5,3.5,11.5,3.37,12.0,6.666666666666667,12.280000000000001,13.700000000000001,12.9375
17,5,Dwayne Bacon,0.0,CHA,NY,-1.5,208.5,105.0,8,9.3,15.2,34.8,SG/SF,3000,3,20.0,7.0,101,111,2%,4,7,7,20,22,18,15.2,12.7,2.7,22.7,7.5,2.8,0.9,10.5,3.5,16.8,24.0,5.6,13.65,4.55,20.0,6.0,13.39,19.766666666666666,16.38
17,6,Anzejs Pasecniks,0.0,WAS,MIL,11.5,241.0,114.8,7,0.0,12.6,23.3,C,3200,1,16.0,13.0,107,99,0%,2,5,6,15,19,21,15.7,17.9,11.1,24.8,9.5,2.0,0.6,13.0,4.06,13.3,14.5,4.2,13.15,4.13,18.333333333333332,4.333333333333333,16.529999999999998,11.966666666666667,10.400454545454545
17,7,Draymond Green,0.0,GS,PHI,12.0,213.5,100.8,7,15.5,26.3,36.0,PG/SF,5400,3,18.0,12.0,101,103,-10%,6,6,8,29,29,29,26.3,28.9,17.9,39.9,33.5,46.3,8.6,29.5,5.46,28.2,30.5,5.2,28.85,5.33,29.0,6.666666666666667,28.369999999999997,25.933333333333334,30.342241379310344
18,0,Trae Young,0.0,ATL,TOR,12.5,234.0,110.8,11,37.5,60.2,77.5,PG,10300,1,36.0,25.0,103,102,-2%,22,19,22,36,35,36,60.1,53.2,39.5,66.9,28.4,38.5,3.7,50.0,4.85,53.3,36.5,5.2,51.65,5.025,35.666666666666664,21.0,54.27,58.4,52.856775700934584
18,1,Tyler Herro,0.0,MIA,BOS,-1.0,219.0,110.0,13,2.8,21.1,37.3,SG,5200,0,21.0,12.0,102,104,-10%,15,12,12,35,29,29,25.1,23.9,14.0,33.7,28.4,18.8,3.6,25.0,4.81,25.2,30.5,4.8,25.1,4.805,31.0,13.0,24.360000000000003,20.400000000000002,24.69516129032258
18,2,Miles Bridges,0.0,CHA,NY,-1.5,208.5,105.0,6,5.5,15.7,32.8,SF/PF,4400,3,19.0,11.0,101,111,2%,7,10,11,23,26,30,15.7,24.3,14.6,34.1,25.9,23.0,5.2,24.8,5.63,23.6,27.5,5.4,24.200000000000003,5.515000000000001,26.333333333333332,9.333333333333334,22.58,18.0,25.27215189873418
18,3,Dorian Finney-Smith,0.0,DAL,PHO,-7.0,228.5,117.8,11,12.0,21.7,32.0,SF/PF,4400,0,13.0,12.0,104,108,3%,7,7,7,28,31,30,21.6,21.0,14.2,27.8,22.9,12.3,2.8,22.3,5.06,20.7,29.5,4.7,21.5,4.88,29.666666666666668,7.0,21.220000000000002,21.900000000000002,21.379213483146067
18,4,Brandon Goodwin,0.0,ATL,TOR,12.5,234.0,110.8,11,1.3,11.5,28.3,PG,3400,1,0.0,0.0,103,102,-2%,8,6,6,13,10,13,11.5,12.8,2.2,23.4,10.1,4.3,1.3,11.0,3.24,12.0,13.5,3.5,11.5,3.37,12.0,6.666666666666667,12.280000000000001,13.700000000000001,12.9375
18,5,Jordan Poole,0.0,GS,PHI,12.0,213.5,100.8,3,8.3,18.6,30.8,SG/SF,3400,3,21.0,5.0,101,103,-7%,6,10,9,20,22,22,18.6,14.7,6.7,22.6,15.1,6.0,1.8,12.5,3.68,11.8,18.0,3.5,12.15,3.59,21.333333333333332,8.333333333333334,14.95,19.233333333333334,10.2515625
18,6,Jonas Valanciunas,0.0,MEM,DEN,-1.0,223.5,112.3,13,23.0,33.8,43.8,C,6700,1,22.0,22.0,100,106,-3%,7,9,11,26,26,26,33.8,33.8,21.9,45.7,33.6,48.0,7.2,32.8,4.89,34.3,27.0,5.1,33.55,4.994999999999999,26.0,9.0,33.75,33.53333333333333,34.840384615384615
18,7,Zion Williamson,0.0,NO,CLE,-9.0,233.0,121.0,24,26.0,33.3,39.3,PF/C,7200,1,0.0,0.0,101,114,0%,13,12,12,24,22,22,33.3,33.3,26.6,40.1,29.8,26.8,3.7,34.8,4.83,36.7,28.0,5.1,35.75,4.965,22.666666666666668,12.333333333333334,33.809999999999995,32.86666666666667,44.16176470588235
19,0,Jalen Brunson,0.0,DAL,PHO,-7.0,228.5,117.8,21,9.5,17.1,24.3,PG/SG,3000,0,22.0,16.0,104,108,3%,7,7,6,15,16,17,17.1,16.0,5.4,26.7,25.1,19.5,6.5,12.5,4.17,12.9,14.0,4.3,12.7,4.234999999999999,16.0,6.666666666666667,15.580000000000002,16.96666666666667,11.112499999999999
19,1,Matt Thomas,0.0,TOR,ATL,-12.5,234.0,123.3,21,1.3,6.0,14.5,SG,3000,1,0.0,0.0,106,111,0%,1,3,3,3,8,11,6.0,7.7,2.5,12.8,11.6,10.5,3.5,5.5,1.83,0.0,0.0,0.0,2.75,0.915,7.333333333333333,2.3333333333333335,6.35,7.266666666666667,0.0
19,2,Marvin Williams,0.0,CHA,NY,-1.5,208.5,105.0,14,2.5,12.5,32.5,PF,4000,3,14.0,13.0,101,111,9%,8,5,5,19,17,20,12.5,14.7,5.4,24.0,17.9,7.5,1.9,17.8,4.44,14.5,18.5,3.6,16.15,4.0200000000000005,18.666666666666668,6.0,14.55,15.833333333333334,16.00580357142857
19,3,Vince Carter,0.0,ATL,TOR,12.5,234.0,110.8,29,4.5,10.3,16.3,SF/PF,3200,1,16.0,7.0,103,102,0%,4,5,5,13,12,15,10.3,10.4,3.5,17.3,17.9,23.8,7.4,10.8,3.36,11.5,15.5,3.6,11.15,3.48,13.333333333333334,4.666666666666667,10.53,10.366666666666667,12.961875
19,4,Matthew Dellavedova,0.0,CLE,NO,9.0,233.0,112.0,14,3.5,4.2,5.0,PG,3000,0,16.0,8.0,106,110,5%,1,2,3,6,9,13,4.2,8.6,3.4,13.8,18.7,10.8,3.6,15.0,5.0,11.3,13.5,3.8,13.15,4.4,9.333333333333334,2.0,8.629999999999999,4.233333333333333,19.020535714285714
19,5,Gordon Hayward,0.0,BOS,MIA,1.0,219.0,109.0,24,23.3,37.0,49.5,SF/PF,7100,1,21.0,18.0,101,106,-2%,17,15,13,37,35,33,37.0,33.3,22.4,44.1,37.8,44.8,6.3,34.3,4.82,35.1,35.5,4.9,34.7,4.86,35.0,15.0,34.3,36.6,35.19571428571429
19,6,Daniel Theis,0.0,BOS,MIA,1.0,219.0,109.0,16,18.5,28.3,33.5,C,5700,1,15.0,17.0,101,106,2%,11,8,6,32,26,23,28.3,23.1,16.0,30.1,29.6,32.8,5.8,27.8,4.87,29.0,29.5,5.1,28.4,4.984999999999999,27.0,8.333333333333334,25.18,26.766666666666666,31.02962962962963
19,7,Robin Lopez,0.0,MIL,WAS,-11.5,241.0,126.3,24,4.0,7.6,12.8,C,3000,3,16.0,12.0,105,114,7%,3,3,5,11,11,15,7.5,11.8,4.3,19.4,16.4,13.8,4.6,10.8,3.58,11.5,12.5,3.8,11.15,3.69,12.333333333333334,3.6666666666666665,10.83,8.133333333333333,11.300675675675675
21,0,Delon Wright,0.0,DAL,PHO,-7.0,228.5,117.8,21,7.8,22.5,38.5,PG/SG,4100,0,16.0,18.0,104,108,3%,9,6,6,29,23,22,22.5,21.3,12.2,30.4,15.7,5.0,1.2,25.3,6.16,23.6,24.5,5.8,24.450000000000003,5.98,24.666666666666668,7.0,22.169999999999998,22.933333333333334,24.2847972972973
21,1,D'Angelo Russell,0.0,GS,PHI,12.0,213.5,100.8,7,34.8,46.7,53.5,PG/SG,7600,3,33.0,20.0,101,103,-7%,21,22,20,32,35,33,46.7,41.5,28.2,54.7,36.9,50.3,6.6,38.5,5.07,39.7,34.0,5.2,39.1,5.135,33.333333333333336,21.0,42.04,45.0,39.882000000000005
21,2,Dario Saric,0.0,PHO,DAL,7.0,228.5,110.8,28,11.3,21.6,35.3,SF/PF,4000,1,17.0,13.0,101,108,-1%,9,8,9,28,27,26,21.6,23.3,11.6,35.0,22.4,19.0,4.8,19.0,4.75,17.9,23.0,4.5,18.45,4.625,27.0,8.666666666666666,21.990000000000002,22.733333333333334,15.716666666666667
21,3,Vince Carter,0.0,ATL,TOR,12.5,234.0,110.8,29,4.5,10.3,16.3,SF/PF,3200,1,16.0,7.0,103,102,0%,4,5,5,13,12,15,10.3,10.4,3.5,17.3,17.9,23.8,7.4,10.8,3.36,11.5,15.5,3.6,11.15,3.48,13.333333333333334,4.666666666666667,10.53,10.366666666666667,12.961875
21,4,Duncan Robinson,0.0,MIA,BOS,-1.0,219.0,110.0,13,17.0,24.3,33.3,SG/SF,5100,0,15.0,13.0,102,104,-10%,10,10,9,34,31,29,24.3,21.6,12.9,30.3,38.8,23.3,4.6,22.3,4.36,22.8,32.0,4.5,22.55,4.43,31.333333333333332,9.666666666666666,22.330000000000002,24.866666666666664,23.029787234042555
21,5,Kyle Anderson,0.0,MEM,DEN,-1.0,223.5,112.3,13,2.8,15.1,27.0,SF/PF,4100,1,14.0,13.0,100,106,-7%,4,4,4,21,18,17,15.9,15.2,7.7,22.6,27.3,20.5,5.0,21.0,5.12,21.5,26.0,5.2,21.25,5.16,18.666666666666668,4.0,16.53,14.966666666666667,29.59821428571428
21,6,Larry Nance Jr.,0.0,CLE,NO,9.0,233.0,112.0,7,20.3,31.1,44.0,PF/C,5500,0,15.0,16.0,106,110,5%,12,10,7,24,26,24,31.1,22.8,13.4,32.3,25.6,46.8,8.5,23.0,4.18,23.3,23.5,4.2,23.15,4.1899999999999995,24.666666666666668,9.666666666666666,24.55,31.8,22.055067567567566
21,7,Jrue Holiday,0.0,NO,CLE,-9.0,233.0,121.0,5,25.0,39.2,52.5,PG/SG,7900,1,26.0,17.0,101,114,6%,19,17,18,36,35,36,39.0,40.5,31.3,49.6,33.2,57.5,7.3,38.5,4.87,41.0,35.5,5.2,39.75,5.035,35.666666666666664,18.0,40.03,38.9,39.564252336448604
22,0,Trae Young,0.0,ATL,TOR,12.5,234.0,110.8,11,37.5,60.2,77.5,PG,10300,1,36.0,25.0,103,102,-2%,22,19,22,36,35,36,60.1,53.2,39.5,66.9,28.4,38.5,3.7,50.0,4.85,53.3,36.5,5.2,51.65,5.025,35.666666666666664,21.0,54.27,58.4,52.856775700934584
22,1,Wesley Matthews,0.0,MIL,WAS,-11.5,241.0,126.3,28,5.8,14.4,21.0,SG,3000,3,12.0,8.0,105,114,8%,5,6,6,22,25,25,14.4,14.6,7.2,21.9,24.9,18.3,6.1,18.0,6.0,17.9,25.5,6.0,17.95,6.0,24.0,5.666666666666667,15.209999999999999,13.733333333333334,19.071875
22,2,Cedi Osman,0.0,CLE,NO,9.0,233.0,112.0,21,20.5,25.7,33.3,SF/PF,5000,0,17.0,11.0,106,110,2%,9,9,9,27,29,29,25.6,21.2,13.1,29.3,24.3,22.0,4.4,24.5,4.9,23.1,29.0,4.6,23.8,4.75,28.333333333333332,9.0,22.599999999999998,26.5,24.360000000000003
22,3,Cam Reddish,0.0,ATL,TOR,12.5,234.0,110.8,22,10.8,22.4,33.0,SG/SF,4300,1,18.0,7.0,103,102,4%,10,10,9,25,28,27,22.4,19.3,10.5,28.1,29.6,32.0,7.4,19.0,4.42,20.9,29.0,4.9,19.95,4.66,26.666666666666668,9.666666666666666,20.050000000000004,22.066666666666666,21.695625
22,4,Cody Martin,0.0,CHA,NY,-1.5,208.5,105.0,8,2.0,6.5,11.8,SG/SF,3000,3,14.0,10.0,101,111,9%,3,3,3,8,9,14,4.1,10.2,2.0,18.4,18.1,17.0,5.7,10.0,3.33,0.0,0.0,0.0,5.0,1.665,10.333333333333334,3.0,7.9399999999999995,6.766666666666667,0.0
22,5,Jordan Poole,0.0,GS,PHI,12.0,213.5,100.8,3,8.3,18.6,30.8,SG/SF,3400,3,21.0,5.0,101,103,-7%,6,10,9,20,22,22,18.6,14.7,6.7,22.6,15.1,6.0,1.8,12.5,3.68,11.8,18.0,3.5,12.15,3.59,21.333333333333332,8.333333333333334,14.95,19.233333333333334,10.2515625
22,6,Derrick Favors,0.0,NO,CLE,-9.0,233.0,121.0,2,24.0,36.1,50.3,C,6100,1,16.0,21.0,101,114,0%,9,9,8,27,28,26,36.1,30.6,19.4,41.8,23.0,22.8,3.7,30.5,5.0,30.4,27.5,5.0,30.45,5.0,27.0,8.666666666666666,31.669999999999998,36.800000000000004,31.01388888888889
22,7,Marquese Chriss,0.0,GS,PHI,12.0,213.5,100.8,23,11.0,19.6,25.8,PF/C,4300,3,19.0,18.0,101,103,-10%,7,6,6,20,17,18,19.6,19.5,10.4,28.6,31.1,24.3,5.7,22.0,5.12,22.4,22.5,5.2,22.2,5.16,18.333333333333332,6.333333333333333,20.060000000000002,18.8,27.245454545454546
23,0,Trae Young,0.0,ATL,TOR,12.5,234.0,110.8,11,37.5,60.2,77.5,PG,10300,1,36.0,25.0,103,102,-2%,22,19,22,36,35,36,60.1,53.2,39.5,66.9,28.4,38.5,3.7,50.0,4.85,53.3,36.5,5.2,51.65,5.025,35.666666666666664,21.0,54.27,58.4,52.856775700934584
23,1,Jimmy Butler,0.0,MIA,BOS,-1.0,219.0,110.0,13,35.3,41.4,50.3,SG/SF,8100,0,26.0,24.0,102,104,-4%,13,12,13,30,32,35,41.4,43.0,33.4,52.7,36.5,35.0,4.3,39.8,4.91,41.7,34.0,5.1,40.75,5.005,32.333333333333336,12.666666666666666,42.25000000000001,42.33333333333333,42.850515463917525
23,2,Dario Saric,0.0,PHO,DAL,7.0,228.5,110.8,28,11.3,21.6,35.3,SF/PF,4000,1,17.0,13.0,101,108,-1%,9,8,9,28,27,26,21.6,23.3,11.6,35.0,22.4,19.0,4.8,19.0,4.75,17.9,23.0,4.5,18.45,4.625,27.0,8.666666666666666,21.990000000000002,22.733333333333334,15.716666666666667
23,3,Justin Jackson,0.0,DAL,PHO,-7.0,228.5,117.8,11,8.0,11.9,17.3,SF/PF,3000,0,16.0,10.0,104,108,3%,8,6,6,21,22,17,11.9,11.7,5.5,18.0,18.0,8.8,2.9,13.8,4.58,12.2,18.0,4.1,13.0,4.34,20.0,6.666666666666667,12.02,12.4,11.700000000000001
23,4,Kyle Korver,0.0,MIL,WAS,-11.5,241.0,126.3,28,12.0,17.7,24.8,SG/SF,3600,3,15.0,12.0,105,114,8%,6,5,5,20,19,17,17.6,13.1,6.5,19.7,14.6,10.3,2.9,17.3,4.79,15.8,18.5,4.4,16.55,4.595000000000001,18.666666666666668,5.333333333333333,14.690000000000001,18.166666666666668,16.40223214285714
23,5,Vince Carter,0.0,ATL,TOR,12.5,234.0,110.8,29,4.5,10.3,16.3,SF/PF,3200,1,16.0,7.0,103,102,0%,4,5,5,13,12,15,10.3,10.4,3.5,17.3,17.9,23.8,7.4,10.8,3.36,11.5,15.5,3.6,11.15,3.48,13.333333333333334,4.666666666666667,10.53,10.366666666666667,12.961875
23,6,Daniel Theis,0.0,BOS,MIA,1.0,219.0,109.0,16,18.5,28.3,33.5,C,5700,1,15.0,17.0,101,106,2%,11,8,6,32,26,23,28.3,23.1,16.0,30.1,29.6,32.8,5.8,27.8,4.87,29.0,29.5,5.1,28.4,4.984999999999999,27.0,8.333333333333334,25.18,26.766666666666666,31.02962962962963
23,7,Marcus Smart,0.0,BOS,MIA,1.0,219.0,109.0,1,21.5,34.4,68.3,PG/SG,5800,1,19.0,14.0,101,106,-9%,12,13,11,34,31,32,34.6,28.8,17.9,39.7,36.5,34.5,5.9,31.0,5.34,32.1,35.5,5.5,31.55,5.42,32.333333333333336,12.0,30.51,41.4,34.63994845360825
24,0,Lonzo Ball,0.0,NO,CLE,-9.0,233.0,121.0,5,25.5,40.6,55.0,PG,7400,1,21.0,13.0,101,114,6%,10,10,12,36,37,31,40.9,32.5,19.9,45.0,32.4,30.0,4.1,36.5,4.93,35.8,34.5,4.8,36.15,4.865,34.666666666666664,10.666666666666666,34.89,40.36666666666667,35.97620192307692
24,1,Delon Wright,0.0,DAL,PHO,-7.0,228.5,117.8,21,7.8,22.5,38.5,PG/SG,4100,0,16.0,18.0,104,108,3%,9,6,6,29,23,22,22.5,21.3,12.2,30.4,15.7,5.0,1.2,25.3,6.16,23.6,24.5,5.8,24.450000000000003,5.98,24.666666666666668,7.0,22.169999999999998,22.933333333333334,24.2847972972973
24,2,Zion Williamson,0.0,NO,CLE,-9.0,233.0,121.0,24,26.0,33.3,39.3,PF/C,7200,1,0.0,0.0,101,114,0%,13,12,12,24,22,22,33.3,33.3,26.6,40.1,29.8,26.8,3.7,34.8,4.83,36.7,28.0,5.1,35.75,4.965,22.666666666666668,12.333333333333334,33.809999999999995,32.86666666666667,44.16176470588235
24,3,Kelly Oubre Jr.,0.0,PHO,DAL,7.0,228.5,110.8,28,18.3,31.4,41.3,SF/PF,6900,1,21.0,15.0,101,108,1%,17,16,15,36,36,35,31.4,34.6,24.2,45.1,30.7,30.5,4.4,33.0,4.78,35.0,37.0,5.1,34.0,4.9399999999999995,35.666666666666664,16.0,33.86,30.333333333333332,35.27102803738318
24,4,Will Barton,0.0,DEN,MEM,1.0,223.5,111.3,25,20.0,27.8,33.3,PG/SF,6600,1,20.0,16.0,106,109,6%,11,13,13,30,33,34,27.8,32.8,22.7,42.8,30.9,28.3,4.3,34.5,5.23,33.2,34.5,5.0,33.85,5.115,32.333333333333336,12.333333333333334,31.99,27.03333333333333,36.118298969072164
24,5,Grant Williams,0.0,BOS,MIA,1.0,219.0,109.0,24,0.8,9.7,25.0,SF/PF,3400,1,12.0,7.0,101,106,2%,3,2,3,16,13,15,9.7,9.3,2.4,16.2,23.5,17.8,5.2,11.8,3.46,9.4,13.0,2.8,10.600000000000001,3.13,14.666666666666666,2.6666666666666665,9.64,11.833333333333334,9.395454545454548
24,6,Larry Nance Jr.,0.0,CLE,NO,9.0,233.0,112.0,7,20.3,31.1,44.0,PF/C,5500,0,15.0,16.0,106,110,5%,12,10,7,24,26,24,31.1,22.8,13.4,32.3,25.6,46.8,8.5,23.0,4.18,23.3,23.5,4.2,23.15,4.1899999999999995,24.666666666666668,9.666666666666666,24.55,31.8,22.055067567567566
24,7,Michael Porter Jr.,0.0,DEN,MEM,1.0,223.5,111.3,23,24.0,36.9,48.5,SF/PF,6200,1,22.0,20.0,106,109,-1%,14,12,6,24,26,13,36.9,15.4,2.5,28.3,22.1,21.5,3.5,26.0,4.19,27.5,24.5,4.4,26.75,4.295,21.0,10.666666666666666,21.97,36.46666666666667,31.208333333333332
25,0,Ben Simmons,0.0,PHI,GS,-12.0,213.5,112.8,23,43.0,55.5,82.5,PG/SF,10000,2,22.0,21.0,103,110,9%,11,14,12,40,40,37,55.8,44.8,33.2,56.3,27.3,30.5,3.1,45.8,4.58,48.9,38.0,4.9,47.349999999999994,4.74,39.0,12.333333333333334,47.489999999999995,60.333333333333336,46.135897435897434
25,1,Jevon Carter,0.0,PHO,DAL,7.0,228.5,110.8,13,3.0,9.9,19.5,PG/SG,3100,1,14.0,9.0,101,108,-6%,3,4,4,10,15,13,9.9,10.0,2.7,17.3,16.8,8.5,2.7,11.5,3.71,10.3,15.0,3.3,10.9,3.505,12.666666666666666,3.6666666666666665,10.16,10.799999999999999,12.907894736842106
25,2,Kevin Love,0.0,CLE,NO,9.0,233.0,112.0,7,27.8,37.5,49.3,PF,7700,0,24.0,18.0,106,110,5%,14,16,13,29,31,32,37.5,37.7,26.7,48.6,26.0,24.0,3.1,39.5,5.13,40.8,32.5,5.3,40.15,5.215,30.666666666666668,14.333333333333334,38.13,38.199999999999996,42.55027173913043
25,3,Tim Hardaway Jr.,0.0,DAL,PHO,-7.0,228.5,117.8,12,19.3,23.4,37.5,SG/SF,4800,0,21.0,15.0,104,108,3%,11,12,12,32,31,27,23.4,23.1,12.9,33.3,26.0,13.5,2.8,26.0,5.42,25.7,30.0,5.4,25.85,5.41,30.0,11.666666666666666,23.71,26.733333333333334,25.85
25,4,Marcus Smart,0.0,BOS,MIA,1.0,219.0,109.0,1,21.5,34.4,68.3,PG/SG,5800,1,19.0,14.0,101,106,-9%,12,13,11,34,31,32,34.6,28.8,17.9,39.7,36.5,34.5,5.9,31.0,5.34,32.1,35.5,5.5,31.55,5.42,32.333333333333336,12.0,30.51,41.4,34.63994845360825
25,5,Justin Jackson,0.0,DAL,PHO,-7.0,228.5,117.8,11,8.0,11.9,17.3,SF/PF,3000,0,16.0,10.0,104,108,3%,8,6,6,21,22,17,11.9,11.7,5.5,18.0,18.0,8.8,2.9,13.8,4.58,12.2,18.0,4.1,13.0,4.34,20.0,6.666666666666667,12.02,12.4,11.700000000000001
25,6,Maxi Kleber,0.0,DAL,PHO,-7.0,228.5,117.8,26,16.8,21.6,28.5,PF/C,4200,0,14.0,14.0,104,108,-1%,9,8,7,19,25,25,21.6,20.4,12.7,28.1,19.6,15.3,3.6,20.3,4.82,17.9,21.5,4.3,19.1,4.5600000000000005,23.0,8.0,20.380000000000003,22.3,17.854347826086958
25,7,Jaren Jackson Jr.,0.0,MEM,DEN,-1.0,223.5,112.3,5,13.3,30.2,44.5,PF/C,6300,1,24.0,17.0,100,106,-3%,13,13,14,32,28,29,29.8,31.9,22.3,41.5,30.7,27.5,4.4,30.8,4.88,33.5,31.5,5.3,32.15,5.09,29.666666666666668,13.333333333333334,31.53,29.333333333333332,34.13679775280899
27,0,Lonzo Ball,0.0,NO,CLE,-9.0,233.0,121.0,5,25.5,40.6,55.0,PG,7400,1,21.0,13.0,101,114,6%,10,10,12,36,37,31,40.9,32.5,19.9,45.0,32.4,30.0,4.1,36.5,4.93,35.8,34.5,4.8,36.15,4.865,34.666666666666664,10.666666666666666,34.89,40.36666666666667,35.97620192307692
27,1,Dillon Brooks,0.0,MEM,DEN,-1.0,223.5,112.3,24,8.3,33.4,53.3,SG,6000,1,24.0,13.0,100,106,-7%,16,16,14,33,30,29,33.9,27.0,16.5,37.5,32.7,33.3,5.5,24.8,4.13,28.7,32.0,4.8,26.75,4.465,30.666666666666668,15.333333333333334,28.330000000000002,31.666666666666668,27.913043478260867
27,2,Michael Porter Jr.,0.0,DEN,MEM,1.0,223.5,111.3,23,24.0,36.9,48.5,SF/PF,6200,1,22.0,20.0,106,109,-1%,14,12,6,24,26,13,36.9,15.4,2.5,28.3,22.1,21.5,3.5,26.0,4.19,27.5,24.5,4.4,26.75,4.295,21.0,10.666666666666666,21.97,36.46666666666667,31.208333333333332
27,3,Ben Simmons,0.0,PHI,GS,-12.0,213.5,112.8,23,43.0,55.5,82.5,PG/SF,10000,2,22.0,21.0,103,110,9%,11,14,12,40,40,37,55.8,44.8,33.2,56.3,27.3,30.5,3.1,45.8,4.58,48.9,38.0,4.9,47.349999999999994,4.74,39.0,12.333333333333334,47.489999999999995,60.333333333333336,46.135897435897434
27,4,Kyle Korver,0.0,MIL,WAS,-11.5,241.0,126.3,28,12.0,17.7,24.8,SG/SF,3600,3,15.0,12.0,105,114,8%,6,5,5,20,19,17,17.6,13.1,6.5,19.7,14.6,10.3,2.9,17.3,4.79,15.8,18.5,4.4,16.55,4.595000000000001,18.666666666666668,5.333333333333333,14.690000000000001,18.166666666666668,16.40223214285714
27,5,Jordan Poole,0.0,GS,PHI,12.0,213.5,100.8,3,8.3,18.6,30.8,SG/SF,3400,3,21.0,5.0,101,103,-7%,6,10,9,20,22,22,18.6,14.7,6.7,22.6,15.1,6.0,1.8,12.5,3.68,11.8,18.0,3.5,12.15,3.59,21.333333333333332,8.333333333333334,14.95,19.233333333333334,10.2515625
27,6,Marquese Chriss,0.0,GS,PHI,12.0,213.5,100.8,23,11.0,19.6,25.8,PF/C,4300,3,19.0,18.0,101,103,-10%,7,6,6,20,17,18,19.6,19.5,10.4,28.6,31.1,24.3,5.7,22.0,5.12,22.4,22.5,5.2,22.2,5.16,18.333333333333332,6.333333333333333,20.060000000000002,18.8,27.245454545454546
27,7,Donte DiVincenzo,0.0,MIL,WAS,-11.5,241.0,126.3,19,19.3,24.8,30.3,PG/SG,4300,3,17.0,15.0,105,114,8%,5,8,8,23,23,24,24.8,22.6,15.3,29.9,22.4,29.3,6.8,25.5,5.93,27.5,25.5,6.4,26.5,6.165,23.333333333333332,7.0,23.82,24.8,28.960714285714285
28,0,Ish Smith,0.0,WAS,MIL,11.5,241.0,114.8,29,9.8,23.3,34.0,PG,4500,1,20.0,14.0,107,99,1%,11,9,10,27,28,27,23.1,24.1,13.6,34.6,27.1,24.3,5.4,23.8,5.28,24.8,27.0,5.5,24.3,5.390000000000001,27.333333333333332,10.0,23.94,22.366666666666664,24.003658536585366
28,1,Matisse Thybulle,0.0,PHI,GS,-12.0,213.5,112.8,6,15.3,20.5,25.0,SG/SF,4700,2,12.0,10.0,103,110,9%,9,7,4,32,32,20,20.5,13.7,4.7,22.7,23.8,12.5,2.7,22.3,4.73,20.5,28.5,4.4,21.4,4.565,28.0,6.666666666666667,16.6,20.266666666666666,21.782142857142855
28,2,Tobias Harris,0.0,PHI,GS,-12.0,213.5,112.8,30,26.3,34.1,43.0,SF/PF,7400,2,23.0,17.0,103,110,4%,19,16,16,40,37,35,34.0,36.2,27.1,45.4,36.8,28.3,3.8,37.3,5.03,37.3,35.0,5.0,37.3,5.015000000000001,37.333333333333336,17.0,36.0,34.46666666666667,34.96874999999999
28,3,Isaac Bonga,0.0,WAS,MIL,11.5,241.0,114.8,1,2.8,14.7,30.3,SF/PF,3300,1,10.0,11.0,107,99,1%,2,4,3,14,20,18,15.3,12.3,5.1,19.4,17.1,9.5,2.9,14.8,4.47,14.3,21.0,4.3,14.55,4.385,17.333333333333332,3.0,13.330000000000002,15.933333333333332,17.62788461538462
28,4,Seth Curry,0.0,DAL,PHO,-7.0,228.5,117.8,12,9.0,22.7,34.0,SG,4200,0,18.0,15.0,104,108,1%,9,10,8,32,28,23,22.6,18.1,7.6,28.5,19.4,10.5,2.5,20.5,4.88,23.3,28.5,5.5,21.9,5.1899999999999995,27.666666666666668,9.0,19.74,21.900000000000002,22.559638554216864
28,5,Bradley Beal,0.0,WAS,MIL,11.5,241.0,114.8,1,23.0,45.3,58.8,SG/SF,8300,1,33.0,22.0,107,99,-4%,22,20,22,34,33,36,47.5,46.9,35.5,58.2,37.6,60.5,7.3,41.5,5.0,45.7,35.0,5.5,43.6,5.25,34.333333333333336,21.333333333333332,46.34,42.36666666666667,44.44660194174757
28,6,Serge Ibaka,0.0,TOR,ATL,-12.5,234.0,123.3,23,19.0,26.3,35.5,C,5400,1,23.0,17.0,106,111,6%,12,11,12,21,24,27,26.3,30.1,21.1,39.1,27.3,43.0,8.0,28.0,5.19,28.6,23.5,5.3,28.3,5.245,24.0,11.666666666666666,28.98,26.933333333333334,27.710416666666667
28,7,OG Anunoby,0.0,TOR,ATL,-12.5,234.0,123.3,3,5.3,12.7,25.8,SF/PF,4000,1,15.0,13.0,106,111,19%,8,6,9,25,23,30,12.7,24.3,13.1,35.6,26.6,24.0,6.0,20.0,5.0,22.1,26.0,5.5,21.05,5.25,26.0,7.666666666666667,21.349999999999998,14.6,21.05
29,0,Draymond Green,0.0,GS,PHI,12.0,213.5,100.8,7,15.5,26.3,36.0,PG/SF,5400,3,18.0,12.0,101,103,-10%,6,6,8,29,29,29,26.3,28.9,17.9,39.9,33.5,46.3,8.6,29.5,5.46,28.2,30.5,5.2,28.85,5.33,29.0,6.666666666666667,28.369999999999997,25.933333333333334,30.342241379310344
29,1,Terence Davis,0.0,TOR,ATL,-12.5,234.0,123.3,20,1.8,13.7,25.5,PG/SG,3100,1,18.0,15.0,106,111,6%,5,4,6,13,14,18,13.7,16.8,6.1,27.4,22.9,24.5,7.9,11.8,3.79,18.4,18.0,5.9,15.1,4.845000000000001,15.0,5.0,15.819999999999999,13.666666666666666,18.119999999999997
29,2,Al Horford,0.0,PHI,GS,-12.0,213.5,112.8,15,18.3,30.1,37.3,PF/C,6800,2,19.0,16.0,103,110,0%,10,12,12,36,32,31,30.1,30.9,22.2,39.5,31.5,41.3,6.1,32.5,4.78,33.2,31.0,4.9,32.85,4.84,33.0,11.333333333333334,31.110000000000003,28.566666666666666,30.85909090909091
29,3,Miles Bridges,0.0,CHA,NY,-1.5,208.5,105.0,6,5.5,15.7,32.8,SF/PF,4400,3,19.0,11.0,101,111,2%,7,10,11,23,26,30,15.7,24.3,14.6,34.1,25.9,23.0,5.2,24.8,5.63,23.6,27.5,5.4,24.200000000000003,5.515000000000001,26.333333333333332,9.333333333333334,22.58,18.0,25.27215189873418
29,4,Gary Harris,0.0,DEN,MEM,1.0,223.5,111.3,10,14.5,19.9,28.3,SG,4300,1,16.0,10.0,106,109,6%,9,9,10,23,28,33,19.9,21.8,14.8,28.8,24.9,17.3,4.0,20.5,4.77,18.5,27.0,4.3,19.5,4.535,28.0,9.333333333333334,20.96,20.900000000000002,18.803571428571427
29,5,Derrick Jones Jr.,0.0,MIA,BOS,-1.0,219.0,110.0,12,12.0,13.2,14.3,SF/PF,3900,0,14.0,13.0,102,104,-2%,5,5,7,21,23,26,13.2,19.2,11.2,27.2,22.1,19.0,4.9,19.5,5.0,17.3,23.0,4.4,18.4,4.7,23.333333333333332,5.666666666666667,17.839999999999996,13.166666666666666,18.13714285714286
29,6,Anzejs Pasecniks,0.0,WAS,MIL,11.5,241.0,114.8,7,0.0,12.6,23.3,C,3200,1,16.0,13.0,107,99,0%,2,5,6,15,19,21,15.7,17.9,11.1,24.8,9.5,2.0,0.6,13.0,4.06,13.3,14.5,4.2,13.15,4.13,18.333333333333332,4.333333333333333,16.529999999999998,11.966666666666667,10.400454545454545
29,7,Stanley Johnson,0.0,TOR,ATL,-12.5,234.0,123.3,3,1.5,4.2,12.8,SF/PF,3000,1,0.0,0.0,106,111,19%,1,2,2,4,8,5,4.2,3.5,0.0,7.1,5.0,4.3,1.4,6.5,2.17,0.0,0.0,0.0,3.25,1.085,5.666666666666667,1.6666666666666667,3.6100000000000003,6.166666666666667,0.0
30,0,Delon Wright,0.0,DAL,PHO,-7.0,228.5,117.8,21,7.8,22.5,38.5,PG/SG,4100,0,16.0,18.0,104,108,3%,9,6,6,29,23,22,22.5,21.3,12.2,30.4,15.7,5.0,1.2,25.3,6.16,23.6,24.5,5.8,24.450000000000003,5.98,24.666666666666668,7.0,22.169999999999998,22.933333333333334,24.2847972972973
30,1,Marcus Smart,0.0,BOS,MIA,1.0,219.0,109.0,1,21.5,34.4,68.3,PG/SG,5800,1,19.0,14.0,101,106,-9%,12,13,11,34,31,32,34.6,28.8,17.9,39.7,36.5,34.5,5.9,31.0,5.34,32.1,35.5,5.5,31.55,5.42,32.333333333333336,12.0,30.51,41.4,34.63994845360825
30,2,Solomon Hill,0.0,MEM,DEN,-1.0,223.5,112.3,13,7.8,12.5,22.0,SF/PF,3000,1,14.0,11.0,100,106,-7%,3,4,5,17,17,19,12.5,14.5,8.0,21.0,19.1,16.3,5.4,13.8,4.58,14.4,20.0,4.8,14.100000000000001,4.6899999999999995,17.666666666666668,4.0,14.02,14.1,15.962264150943398
30,3,Pat Connaughton,0.0,MIL,WAS,-11.5,241.0,126.3,28,0.8,8.6,12.5,SG/SF,3000,3,13.0,11.0,105,114,8%,1,3,4,7,15,18,8.6,14.3,6.7,21.8,21.6,13.8,4.6,6.8,2.25,11.0,12.0,3.7,8.9,2.975,13.333333333333334,2.6666666666666665,12.06,7.3,8.01
30,4,Jeff Teague,0.0,ATL,TOR,12.5,234.0,110.8,11,3.8,16.4,31.3,PG/SG,4100,1,19.0,16.0,103,102,-2%,6,7,9,23,23,27,19.6,26.5,15.9,37.2,20.7,23.8,5.8,21.3,5.18,22.1,23.5,5.4,21.700000000000003,5.29,24.333333333333332,7.333333333333333,24.180000000000003,17.166666666666668,20.956849315068496
30,5,Jerami Grant,0.0,DEN,MEM,1.0,223.5,111.3,27,25.8,34.2,38.3,PF/C,6500,1,18.0,14.0,106,109,6%,13,13,8,33,33,25,34.2,19.6,11.0,28.2,38.1,41.0,6.3,27.5,4.23,28.4,33.5,4.4,27.95,4.315,30.333333333333332,11.333333333333334,24.19,32.766666666666666,30.867857142857144
30,6,Jonas Valanciunas,0.0,MEM,DEN,-1.0,223.5,112.3,13,23.0,33.8,43.8,C,6700,1,22.0,22.0,100,106,-3%,7,9,11,26,26,26,33.8,33.8,21.9,45.7,33.6,48.0,7.2,32.8,4.89,34.3,27.0,5.1,33.55,4.994999999999999,26.0,9.0,33.75,33.53333333333333,34.840384615384615
30,7,Troy Brown Jr.,0.0,WAS,MIL,11.5,241.0,114.8,1,12.3,24.5,39.5,SF/PF,4500,1,17.0,14.0,107,99,-7%,8,9,9,29,26,26,24.4,23.7,13.0,34.4,34.6,32.8,7.3,25.3,5.61,26.5,29.5,5.9,25.9,5.755000000000001,27.0,8.666666666666666,24.28,25.433333333333334,28.298148148148147
31,0,Isaiah Thomas,0.0,WAS,MIL,11.5,241.0,114.8,29,6.0,16.7,25.5,PG,4000,1,25.0,12.0,107,99,1%,10,8,11,20,20,24,16.7,21.2,12.2,30.2,19.1,24.3,6.1,20.0,5.0,19.0,22.0,4.8,19.5,4.9,21.333333333333332,9.666666666666666,19.96,16.066666666666666,20.109375
31,1,Collin Sexton,0.0,CLE,NO,9.0,233.0,112.0,14,27.0,34.5,44.0,PG/SG,6500,0,27.0,16.0,106,110,5%,17,17,16,36,36,32,34.5,28.8,21.8,35.9,31.8,40.8,6.3,34.5,5.31,35.7,36.0,5.5,35.1,5.404999999999999,34.666666666666664,16.666666666666668,31.22,35.166666666666664,36.45
31,2,Bobby Portis,0.0,NY,CHA,1.5,208.5,103.5,19,5.0,16.7,24.8,PF/C,4100,1,21.0,15.0,99,111,9%,7,8,9,23,20,22,16.6,21.3,11.4,31.3,17.8,8.8,2.1,21.3,5.18,20.1,20.0,4.9,20.700000000000003,5.04,21.666666666666668,8.0,20.26,15.5,19.10769230769231
31,3,Damyean Dotson,0.0,NY,CHA,1.5,208.5,103.5,9,7.5,17.7,25.3,SG/SF,3200,1,17.0,11.0,99,111,1%,7,8,6,23,24,17,17.7,12.2,4.6,19.8,18.6,12.0,3.8,15.8,4.92,14.6,20.5,4.6,15.2,4.76,21.333333333333332,7.0,13.9,16.833333333333332,14.606250000000001
31,4,Duncan Robinson,0.0,MIA,BOS,-1.0,219.0,110.0,13,17.0,24.3,33.3,SG/SF,5100,0,15.0,13.0,102,104,-10%,10,10,9,34,31,29,24.3,21.6,12.9,30.3,38.8,23.3,4.6,22.3,4.36,22.8,32.0,4.5,22.55,4.43,31.333333333333332,9.666666666666666,22.330000000000002,24.866666666666664,23.029787234042555
31,5,John Collins,0.0,ATL,TOR,12.5,234.0,110.8,9,29.3,40.2,67.0,PF/C,8200,1,22.0,22.0,103,102,4%,14,15,14,25,30,30,40.2,38.5,27.9,49.2,33.0,44.5,5.4,39.8,4.85,39.9,31.5,4.9,39.849999999999994,4.875,28.333333333333332,14.333333333333334,39.13,45.5,44.30382352941176
31,6,Pascal Siakam,0.0,TOR,ATL,-12.5,234.0,123.3,11,29.5,39.0,53.0,PF/C,8000,1,29.0,19.0,106,111,6%,19,18,20,35,33,36,40.5,43.6,33.3,53.9,26.9,41.3,5.2,41.5,5.19,42.9,34.0,5.4,42.2,5.295,34.666666666666664,19.0,42.7,40.5,41.38846153846154
31,7,Ty Jerome,0.0,PHO,DAL,7.0,228.5,110.8,13,1.5,6.2,11.8,PG,3000,1,0.0,0.0,101,108,-6%,3,2,4,9,7,11,6.2,9.2,1.3,17.1,22.8,21.5,7.2,8.3,2.75,0.0,0.0,0.0,4.15,1.375,9.0,3.0,7.589999999999999,6.5,0.0
33,0,Trae Young,0.0,ATL,TOR,12.5,234.0,110.8,11,37.5,60.2,77.5,PG,10300,1,36.0,25.0,103,102,-2%,22,19,22,36,35,36,60.1,53.2,39.5,66.9,28.4,38.5,3.7,50.0,4.85,53.3,36.5,5.2,51.65,5.025,35.666666666666664,21.0,54.27,58.4,52.856775700934584
33,1,Tim Hardaway Jr.,0.0,DAL,PHO,-7.0,228.5,117.8,12,19.3,23.4,37.5,SG/SF,4800,0,21.0,15.0,104,108,3%,11,12,12,32,31,27,23.4,23.1,12.9,33.3,26.0,13.5,2.8,26.0,5.42,25.7,30.0,5.4,25.85,5.41,30.0,11.666666666666666,23.71,26.733333333333334,25.85
33,2,Zion Williamson,0.0,NO,CLE,-9.0,233.0,121.0,24,26.0,33.3,39.3,PF/C,7200,1,0.0,0.0,101,114,0%,13,12,12,24,22,22,33.3,33.3,26.6,40.1,29.8,26.8,3.7,34.8,4.83,36.7,28.0,5.1,35.75,4.965,22.666666666666668,12.333333333333334,33.809999999999995,32.86666666666667,44.16176470588235
33,3,Duncan Robinson,0.0,MIA,BOS,-1.0,219.0,110.0,13,17.0,24.3,33.3,SG/SF,5100,0,15.0,13.0,102,104,-10%,10,10,9,34,31,29,24.3,21.6,12.9,30.3,38.8,23.3,4.6,22.3,4.36,22.8,32.0,4.5,22.55,4.43,31.333333333333332,9.666666666666666,22.330000000000002,24.866666666666664,23.029787234042555
33,4,Jalen Brunson,0.0,DAL,PHO,-7.0,228.5,117.8,21,9.5,17.1,24.3,PG/SG,3000,0,22.0,16.0,104,108,3%,7,7,6,15,16,17,17.1,16.0,5.4,26.7,25.1,19.5,6.5,12.5,4.17,12.9,14.0,4.3,12.7,4.234999999999999,16.0,6.666666666666667,15.580000000000002,16.96666666666667,11.112499999999999
33,5,De'Andre Hunter,0.0,ATL,TOR,12.5,234.0,110.8,29,15.5,26.4,34.8,SF/PF,4600,1,18.0,8.0,103,102,-2%,12,12,11,29,30,31,26.4,21.7,12.0,31.5,33.1,30.0,6.5,20.3,4.4,21.1,30.5,4.6,20.700000000000003,4.5,30.0,11.666666666666666,22.46,25.566666666666663,21.045
33,6,Chris Silva,0.0,MIA,BOS,-1.0,219.0,110.0,18,0.0,2.3,7.3,C,3000,0,0.0,0.0,102,104,-2%,0,1,2,2,2,8,2.0,8.7,1.1,16.3,10.2,13.3,4.4,4.5,1.5,0.0,0.0,0.0,2.25,0.75,4.0,1.0,6.07,3.1999999999999997,0.0
33,7,Kyle Lowry,0.0,TOR,ATL,-12.5,234.0,123.3,20,24.8,34.8,49.5,PG,7200,1,24.0,18.0,106,111,0%,13,13,15,36,33,38,34.8,41.3,32.3,50.2,32.8,40.5,5.6,40.0,5.56,39.6,34.0,5.5,39.8,5.529999999999999,35.666666666666664,13.666666666666666,39.67999999999999,36.36666666666667,37.94018691588785
34,0,Malik Monk,0.0,CHA,NY,-1.5,208.5,105.0,6,0.8,16.6,48.8,PG/SG,4800,3,22.0,12.0,101,111,0%,15,9,8,28,22,20,21.8,17.2,6.1,28.3,23.2,18.0,3.8,28.0,5.83,23.2,26.0,4.8,25.6,5.3149999999999995,23.333333333333332,10.666666666666666,19.8,22.066666666666666,28.525714285714287
34,1,Dante Exum,0.0,CLE,NO,9.0,233.0,112.0,14,5.0,10.8,17.5,PG/SG,3100,0,15.0,10.0,106,110,5%,3,3,3,19,19,13,10.8,9.1,1.6,16.7,18.1,4.8,1.5,22.0,7.1,21.2,27.5,6.8,21.6,6.949999999999999,17.0,3.0,11.959999999999999,11.1,34.94117647058824
34,2,Davis Bertans,0.0,WAS,MIL,11.5,241.0,114.8,29,14.8,25.9,36.8,PF,5300,1,18.0,16.0,107,99,-7%,11,12,11,30,28,29,25.9,27.8,18.6,36.9,29.8,26.3,5.0,27.3,5.14,29.7,30.0,5.6,28.5,5.369999999999999,29.0,11.333333333333334,27.54,25.833333333333332,29.482758620689655
34,3,De'Andre Hunter,0.0,ATL,TOR,12.5,234.0,110.8,29,15.5,26.4,34.8,SF/PF,4600,1,18.0,8.0,103,102,-2%,12,12,11,29,30,31,26.4,21.7,12.0,31.5,33.1,30.0,6.5,20.3,4.4,21.1,30.5,4.6,20.700000000000003,4.5,30.0,11.666666666666666,22.46,25.566666666666663,21.045
34,4,Ja Morant,0.0,MEM,DEN,-1.0,223.5,112.3,16,9.8,32.3,41.8,PG,7000,1,28.0,18.0,100,106,-4%,15,12,14,33,32,30,32.3,34.4,23.8,45.0,29.8,38.5,5.5,34.3,4.89,36.7,33.0,5.2,35.5,5.045,31.666666666666668,13.666666666666666,34.2,27.966666666666665,36.99473684210526
34,5,Al Horford,0.0,PHI,GS,-12.0,213.5,112.8,15,18.3,30.1,37.3,PF/C,6800,2,19.0,16.0,103,110,0%,10,12,12,36,32,31,30.1,30.9,22.2,39.5,31.5,41.3,6.1,32.5,4.78,33.2,31.0,4.9,32.85,4.84,33.0,11.333333333333334,31.110000000000003,28.566666666666666,30.85909090909091
34,6,Taj Gibson,0.0,NY,CHA,1.5,208.5,103.5,9,15.3,19.1,23.3,C,3400,1,15.0,15.0,99,111,9%,7,6,5,18,19,17,19.1,14.2,6.7,21.7,15.7,10.8,3.2,14.5,4.26,14.7,17.5,4.3,14.6,4.279999999999999,18.0,6.0,15.26,19.233333333333334,14.194444444444445
34,7,Pascal Siakam,0.0,TOR,ATL,-12.5,234.0,123.3,11,29.5,39.0,53.0,PF/C,8000,1,29.0,19.0,106,111,6%,19,18,20,35,33,36,40.5,43.6,33.3,53.9,26.9,41.3,5.2,41.5,5.19,42.9,34.0,5.4,42.2,5.295,34.666666666666664,19.0,42.7,40.5,41.38846153846154
36,0,Jrue Holiday,0.0,NO,CLE,-9.0,233.0,121.0,5,25.0,39.2,52.5,PG/SG,7900,1,26.0,17.0,101,114,6%,19,17,18,36,35,36,39.0,40.5,31.3,49.6,33.2,57.5,7.3,38.5,4.87,41.0,35.5,5.2,39.75,5.035,35.666666666666664,18.0,40.03,38.9,39.564252336448604
36,1,Tim Hardaway Jr.,0.0,DAL,PHO,-7.0,228.5,117.8,12,19.3,23.4,37.5,SG/SF,4800,0,21.0,15.0,104,108,3%,11,12,12,32,31,27,23.4,23.1,12.9,33.3,26.0,13.5,2.8,26.0,5.42,25.7,30.0,5.4,25.85,5.41,30.0,11.666666666666666,23.71,26.733333333333334,25.85
36,2,Eric Paschall,0.0,GS,PHI,12.0,213.5,100.8,2,20.5,30.7,44.8,SF/PF,4800,3,21.0,15.0,101,103,-10%,9,12,11,26,30,28,30.7,24.8,13.8,35.8,11.3,6.3,1.3,21.5,4.48,20.4,26.0,4.2,20.95,4.34,28.0,10.666666666666666,25.21,32.0,19.45357142857143
36,3,Matisse Thybulle,0.0,PHI,GS,-12.0,213.5,112.8,6,15.3,20.5,25.0,SG/SF,4700,2,12.0,10.0,103,110,9%,9,7,4,32,32,20,20.5,13.7,4.7,22.7,23.8,12.5,2.7,22.3,4.73,20.5,28.5,4.4,21.4,4.565,28.0,6.666666666666667,16.6,20.266666666666666,21.782142857142855
36,4,Ish Smith,0.0,WAS,MIL,11.5,241.0,114.8,29,9.8,23.3,34.0,PG,4500,1,20.0,14.0,107,99,1%,11,9,10,27,28,27,23.1,24.1,13.6,34.6,27.1,24.3,5.4,23.8,5.28,24.8,27.0,5.5,24.3,5.390000000000001,27.333333333333332,10.0,23.94,22.366666666666664,24.003658536585366
36,5,Cam Reddish,0.0,ATL,TOR,12.5,234.0,110.8,22,10.8,22.4,33.0,SG/SF,4300,1,18.0,7.0,103,102,4%,10,10,9,25,28,27,22.4,19.3,10.5,28.1,29.6,32.0,7.4,19.0,4.42,20.9,29.0,4.9,19.95,4.66,26.666666666666668,9.666666666666666,20.050000000000004,22.066666666666666,21.695625
36,6,Taj Gibson,0.0,NY,CHA,1.5,208.5,103.5,9,15.3,19.1,23.3,C,3400,1,15.0,15.0,99,111,9%,7,6,5,18,19,17,19.1,14.2,6.7,21.7,15.7,10.8,3.2,14.5,4.26,14.7,17.5,4.3,14.6,4.279999999999999,18.0,6.0,15.26,19.233333333333334,14.194444444444445
36,7,JJ Redick,0.0,NO,CLE,-9.0,233.0,121.0,25,11.5,19.8,26.0,SG/SF,4400,1,19.0,16.0,101,114,6%,10,9,11,25,25,28,19.8,23.9,14.4,33.4,27.7,24.3,5.5,21.0,4.77,20.4,24.5,4.6,20.7,4.685,26.0,10.0,22.44,19.099999999999998,19.50576923076923
37,0,Kyle Lowry,0.0,TOR,ATL,-12.5,234.0,123.3,20,24.8,34.8,49.5,PG,7200,1,24.0,18.0,106,111,0%,13,13,15,36,33,38,34.8,41.3,32.3,50.2,32.8,40.5,5.6,40.0,5.56,39.6,34.0,5.5,39.8,5.529999999999999,35.666666666666664,13.666666666666666,39.67999999999999,36.36666666666667,37.94018691588785
37,1,Cam Reddish,0.0,ATL,TOR,12.5,234.0,110.8,22,10.8,22.4,33.0,SG/SF,4300,1,18.0,7.0,103,102,4%,10,10,9,25,28,27,22.4,19.3,10.5,28.1,29.6,32.0,7.4,19.0,4.42,20.9,29.0,4.9,19.95,4.66,26.666666666666668,9.666666666666666,20.050000000000004,22.066666666666666,21.695625
37,2,Zion Williamson,0.0,NO,CLE,-9.0,233.0,121.0,24,26.0,33.3,39.3,PF/C,7200,1,0.0,0.0,101,114,0%,13,12,12,24,22,22,33.3,33.3,26.6,40.1,29.8,26.8,3.7,34.8,4.83,36.7,28.0,5.1,35.75,4.965,22.666666666666668,12.333333333333334,33.809999999999995,32.86666666666667,44.16176470588235
37,3,Dario Saric,0.0,PHO,DAL,7.0,228.5,110.8,28,11.3,21.6,35.3,SF/PF,4000,1,17.0,13.0,101,108,-1%,9,8,9,28,27,26,21.6,23.3,11.6,35.0,22.4,19.0,4.8,19.0,4.75,17.9,23.0,4.5,18.45,4.625,27.0,8.666666666666666,21.990000000000002,22.733333333333334,15.716666666666667
37,4,Matisse Thybulle,0.0,PHI,GS,-12.0,213.5,112.8,6,15.3,20.5,25.0,SG/SF,4700,2,12.0,10.0,103,110,9%,9,7,4,32,32,20,20.5,13.7,4.7,22.7,23.8,12.5,2.7,22.3,4.73,20.5,28.5,4.4,21.4,4.565,28.0,6.666666666666667,16.6,20.266666666666666,21.782142857142855
37,5,Thomas Bryant,0.0,WAS,MIL,11.5,241.0,114.8,29,4.8,15.6,22.0,PF/C,4100,1,18.0,19.0,107,99,0%,6,5,9,18,18,25,15.6,26.7,15.3,38.2,31.9,44.0,10.7,19.0,4.63,19.3,18.5,4.7,19.15,4.665,20.333333333333332,6.666666666666667,22.99,14.133333333333333,17.423360655737703
37,6,Nikola Jokic,0.0,DEN,MEM,1.0,223.5,111.3,8,41.8,54.9,63.5,C,10200,1,28.0,24.0,106,109,5%,19,18,15,37,35,32,55.5,46.5,34.3,58.7,38.7,50.3,4.9,50.8,4.98,53.8,34.5,5.3,52.3,5.140000000000001,34.666666666666664,17.333333333333332,49.46,53.4,52.04855769230769
37,7,Kelly Oubre Jr.,0.0,PHO,DAL,7.0,228.5,110.8,28,18.3,31.4,41.3,SF/PF,6900,1,21.0,15.0,101,108,1%,17,16,15,36,36,35,31.4,34.6,24.2,45.1,30.7,30.5,4.4,33.0,4.78,35.0,37.0,5.1,34.0,4.9399999999999995,35.666666666666664,16.0,33.86,30.333333333333332,35.27102803738318
38,0,Brad Wanamaker,0.0,BOS,MIA,1.0,219.0,109.0,1,-0.5,8.0,20.3,PG/SG,3100,1,17.0,12.0,101,106,-9%,4,6,5,11,17,20,8.9,15.0,8.8,21.3,13.8,13.8,4.5,10.5,3.39,11.9,16.0,3.8,11.2,3.5949999999999998,16.0,5.0,13.040000000000001,9.266666666666667,11.2
38,1,Mikal Bridges,0.0,PHO,DAL,7.0,228.5,110.8,5,6.5,23.5,40.8,SG/SF,3900,1,12.0,13.0,101,108,1%,9,9,6,29,33,24,23.5,18.0,8.8,27.2,33.7,31.0,7.9,22.0,5.64,21.7,31.5,5.6,21.85,5.619999999999999,28.666666666666668,8.0,19.869999999999997,23.599999999999998,24.009593023255814
38,2,Bobby Portis,0.0,NY,CHA,1.5,208.5,103.5,19,5.0,16.7,24.8,PF/C,4100,1,21.0,15.0,99,111,9%,7,8,9,23,20,22,16.6,21.3,11.4,31.3,17.8,8.8,2.1,21.3,5.18,20.1,20.0,4.9,20.700000000000003,5.04,21.666666666666668,8.0,20.26,15.5,19.10769230769231
38,3,Draymond Green,0.0,GS,PHI,12.0,213.5,100.8,7,15.5,26.3,36.0,PG/SF,5400,3,18.0,12.0,101,103,-10%,6,6,8,29,29,29,26.3,28.9,17.9,39.9,33.5,46.3,8.6,29.5,5.46,28.2,30.5,5.2,28.85,5.33,29.0,6.666666666666667,28.369999999999997,25.933333333333334,30.342241379310344
38,4,Elie Okobo,0.0,PHO,DAL,7.0,228.5,110.8,13,2.3,10.4,25.8,PG,3100,1,17.0,13.0,101,108,-6%,1,3,4,13,16,12,10.4,10.6,2.1,19.0,4.7,2.8,0.9,10.0,3.23,8.3,10.5,2.7,9.15,2.965,13.666666666666666,2.6666666666666665,10.25,12.833333333333334,7.029878048780488
38,5,Thomas Bryant,0.0,WAS,MIL,11.5,241.0,114.8,29,4.8,15.6,22.0,PF/C,4100,1,18.0,19.0,107,99,0%,6,5,9,18,18,25,15.6,26.7,15.3,38.2,31.9,44.0,10.7,19.0,4.63,19.3,18.5,4.7,19.15,4.665,20.333333333333332,6.666666666666667,22.99,14.133333333333333,17.423360655737703
38,6,PJ Washington,0.0,CHA,NY,-1.5,208.5,105.0,14,7.5,25.0,48.8,PF/C,5200,3,18.0,13.0,101,111,9%,9,9,10,28,29,31,25.4,26.1,16.5,35.7,30.5,22.5,4.3,26.8,5.14,27.2,32.0,5.2,27.0,5.17,29.333333333333332,9.333333333333334,26.139999999999997,27.099999999999998,29.454545454545457
38,7,Miles Bridges,0.0,CHA,NY,-1.5,208.5,105.0,6,5.5,15.7,32.8,SF/PF,4400,3,19.0,11.0,101,111,2%,7,10,11,23,26,30,15.7,24.3,14.6,34.1,25.9,23.0,5.2,24.8,5.63,23.6,27.5,5.4,24.200000000000003,5.515000000000001,26.333333333333332,9.333333333333334,22.58,18.0,25.27215189873418
39,0,Frank Jackson,0.0,NO,CLE,-9.0,233.0,121.0,5,0.0,5.8,12.5,PG,3000,1,20.0,8.0,101,114,6%,0,2,5,7,11,14,5.8,9.3,0.2,18.5,8.6,13.0,4.3,5.0,1.67,0.0,0.0,0.0,2.5,0.835,10.666666666666666,2.3333333333333335,7.260000000000001,6.1000000000000005,0.0
39,1,Glenn Robinson III,0.0,GS,PHI,12.0,213.5,100.8,3,18.3,25.8,33.5,SG/SF,4600,3,16.0,12.0,101,103,-4%,9,9,11,31,31,32,25.8,23.6,15.7,31.4,33.5,33.8,7.3,21.0,4.57,21.4,31.0,4.7,21.2,4.635,31.333333333333332,9.666666666666666,23.540000000000003,25.866666666666664,20.97446808510638
39,2,Pascal Siakam,0.0,TOR,ATL,-12.5,234.0,123.3,11,29.5,39.0,53.0,PF/C,8000,1,29.0,19.0,106,111,6%,19,18,20,35,33,36,40.5,43.6,33.3,53.9,26.9,41.3,5.2,41.5,5.19,42.9,34.0,5.4,42.2,5.295,34.666666666666664,19.0,42.7,40.5,41.38846153846154
39,3,Khris Middleton,0.0,MIL,WAS,-11.5,241.0,126.3,10,26.8,35.6,41.0,SF,7000,3,26.0,21.0,105,114,4%,13,12,14,33,29,29,35.6,35.2,27.4,42.9,35.9,76.5,10.9,44.5,6.36,45.8,31.5,6.5,45.15,6.43,30.333333333333332,13.0,37.25000000000001,34.46666666666667,46.886538461538464
39,4,Elie Okobo,0.0,PHO,DAL,7.0,228.5,110.8,13,2.3,10.4,25.8,PG,3100,1,17.0,13.0,101,108,-6%,1,3,4,13,16,12,10.4,10.6,2.1,19.0,4.7,2.8,0.9,10.0,3.23,8.3,10.5,2.7,9.15,2.965,13.666666666666666,2.6666666666666665,10.25,12.833333333333334,7.029878048780488
39,5,James Johnson,0.0,MIA,BOS,-1.0,219.0,110.0,8,6.0,17.0,40.0,PF/C,3500,0,0.0,0.0,102,104,2%,6,7,5,12,20,16,17.0,13.5,2.4,24.6,11.3,5.8,1.7,11.3,3.21,11.3,14.0,3.2,11.3,3.205,16.0,6.0,13.76,21.0,9.887500000000001
39,6,Omari Spellman,0.0,GS,PHI,12.0,213.5,100.8,23,7.3,13.1,17.8,PF/C,4200,3,19.0,16.0,101,103,-10%,7,6,6,16,18,19,13.1,18.0,8.8,27.1,18.6,10.0,2.4,14.8,3.51,15.2,17.5,3.6,15.0,3.5549999999999997,17.666666666666668,6.333333333333333,16.4,12.733333333333334,14.858490566037734
39,7,Brook Lopez,0.0,MIL,WAS,-11.5,241.0,126.3,24,20.0,25.8,35.5,C,4800,3,16.0,14.0,105,114,7%,11,9,9,26,26,27,26.1,25.5,16.4,34.7,31.6,22.3,4.6,29.5,6.15,30.1,27.0,6.3,29.8,6.225,26.333333333333332,9.666666666666666,26.500000000000007,27.099999999999998,30.554430379746837
40,0,Will Barton,0.0,DEN,MEM,1.0,223.5,111.3,25,20.0,27.8,33.3,PG/SF,6600,1,20.0,16.0,106,109,6%,11,13,13,30,33,34,27.8,32.8,22.7,42.8,30.9,28.3,4.3,34.5,5.23,33.2,34.5,5.0,33.85,5.115,32.333333333333336,12.333333333333334,31.99,27.03333333333333,36.118298969072164
40,1,Bradley Beal,0.0,WAS,MIL,11.5,241.0,114.8,1,23.0,45.3,58.8,SG/SF,8300,1,33.0,22.0,107,99,-4%,22,20,22,34,33,36,47.5,46.9,35.5,58.2,37.6,60.5,7.3,41.5,5.0,45.7,35.0,5.5,43.6,5.25,34.333333333333336,21.333333333333332,46.34,42.36666666666667,44.44660194174757
40,2,Justin Jackson,0.0,DAL,PHO,-7.0,228.5,117.8,11,8.0,11.9,17.3,SF/PF,3000,0,16.0,10.0,104,108,3%,8,6,6,21,22,17,11.9,11.7,5.5,18.0,18.0,8.8,2.9,13.8,4.58,12.2,18.0,4.1,13.0,4.34,20.0,6.666666666666667,12.02,12.4,11.700000000000001
40,3,Glenn Robinson III,0.0,GS,PHI,12.0,213.5,100.8,3,18.3,25.8,33.5,SG/SF,4600,3,16.0,12.0,101,103,-4%,9,9,11,31,31,32,25.8,23.6,15.7,31.4,33.5,33.8,7.3,21.0,4.57,21.4,31.0,4.7,21.2,4.635,31.333333333333332,9.666666666666666,23.540000000000003,25.866666666666664,20.97446808510638
40,4,Brad Wanamaker,0.0,BOS,MIA,1.0,219.0,109.0,1,-0.5,8.0,20.3,PG/SG,3100,1,17.0,12.0,101,106,-9%,4,6,5,11,17,20,8.9,15.0,8.8,21.3,13.8,13.8,4.5,10.5,3.39,11.9,16.0,3.8,11.2,3.5949999999999998,16.0,5.0,13.040000000000001,9.266666666666667,11.2
40,5,Solomon Hill,0.0,MEM,DEN,-1.0,223.5,112.3,13,7.8,12.5,22.0,SF/PF,3000,1,14.0,11.0,100,106,-7%,3,4,5,17,17,19,12.5,14.5,8.0,21.0,19.1,16.3,5.4,13.8,4.58,14.4,20.0,4.8,14.100000000000001,4.6899999999999995,17.666666666666668,4.0,14.02,14.1,15.962264150943398
40,6,Willie Cauley-Stein,0.0,DAL,PHO,-7.0,228.5,117.8,4,12.0,22.3,31.3,C,4700,0,14.0,16.0,104,108,2%,8,6,6,23,24,23,22.6,22.2,14.8,29.5,12.4,13.3,2.8,14.8,3.14,12.7,13.5,2.7,13.75,2.92,23.333333333333332,6.666666666666667,20.57,21.866666666666664,7.955357142857143
40,7,Semi Ojeleye,0.0,BOS,MIA,1.0,219.0,109.0,20,0.0,7.8,13.8,PF,3000,1,8.0,6.0,101,106,2%,3,3,2,19,16,15,7.8,6.6,1.3,11.8,20.2,15.3,5.1,9.3,3.08,8.4,16.5,2.8,8.850000000000001,2.94,16.666666666666668,2.6666666666666665,7.2700000000000005,7.2,8.7615
42,0,Ish Smith,0.0,WAS,MIL,11.5,241.0,114.8,29,9.8,23.3,34.0,PG,4500,1,20.0,14.0,107,99,1%,11,9,10,27,28,27,23.1,24.1,13.6,34.6,27.1,24.3,5.4,23.8,5.28,24.8,27.0,5.5,24.3,5.390000000000001,27.333333333333332,10.0,23.94,22.366666666666664,24.003658536585366
42,1,Alec Burks,0.0,GS,PHI,12.0,213.5,100.8,7,18.5,33.5,62.8,PG/SG,5500,3,24.0,16.0,101,103,-4%,11,15,13,25,31,30,33.1,30.3,19.0,41.5,25.9,23.5,4.3,24.8,4.5,25.1,26.5,4.6,24.950000000000003,4.55,28.666666666666668,13.0,29.770000000000003,38.266666666666666,23.064244186046512
42,2,Grant Williams,0.0,BOS,MIA,1.0,219.0,109.0,24,0.8,9.7,25.0,SF/PF,3400,1,12.0,7.0,101,106,2%,3,2,3,16,13,15,9.7,9.3,2.4,16.2,23.5,17.8,5.2,11.8,3.46,9.4,13.0,2.8,10.600000000000001,3.13,14.666666666666666,2.6666666666666665,9.64,11.833333333333334,9.395454545454548
42,3,Will Barton,0.0,DEN,MEM,1.0,223.5,111.3,25,20.0,27.8,33.3,PG/SF,6600,1,20.0,16.0,106,109,6%,11,13,13,30,33,34,27.8,32.8,22.7,42.8,30.9,28.3,4.3,34.5,5.23,33.2,34.5,5.0,33.85,5.115,32.333333333333336,12.333333333333334,31.99,27.03333333333333,36.118298969072164
42,4,Shake Milton,0.0,PHI,GS,-12.0,213.5,112.8,23,3.5,15.5,24.8,PG/SG,4100,2,0.0,0.0,103,110,6%,8,4,4,24,13,11,13.7,8.7,0.6,16.9,25.8,16.8,4.1,18.5,4.51,17.8,21.0,4.3,18.15,4.404999999999999,16.0,5.333333333333333,11.61,14.6,23.821875
42,5,Dwayne Bacon,0.0,CHA,NY,-1.5,208.5,105.0,8,9.3,15.2,34.8,SG/SF,3000,3,20.0,7.0,101,111,2%,4,7,7,20,22,18,15.2,12.7,2.7,22.7,7.5,2.8,0.9,10.5,3.5,16.8,24.0,5.6,13.65,4.55,20.0,6.0,13.39,19.766666666666666,16.38
42,6,Deandre Ayton,0.0,PHO,DAL,7.0,228.5,110.8,3,24.5,41.1,52.3,PF/C,8200,1,22.0,20.0,101,108,0%,15,16,15,38,36,33,41.0,40.8,31.7,49.9,29.2,49.3,6.0,40.3,4.91,42.7,36.0,5.2,41.5,5.055,35.666666666666664,15.333333333333334,40.98,39.3,41.887850467289724
42,7,D'Angelo Russell,0.0,GS,PHI,12.0,213.5,100.8,7,34.8,46.7,53.5,PG/SG,7600,3,33.0,20.0,101,103,-7%,21,22,20,32,35,33,46.7,41.5,28.2,54.7,36.9,50.3,6.6,38.5,5.07,39.7,34.0,5.2,39.1,5.135,33.333333333333336,21.0,42.04,45.0,39.882000000000005
43,0,Ben Simmons,0.0,PHI,GS,-12.0,213.5,112.8,23,43.0,55.5,82.5,PG/SF,10000,2,22.0,21.0,103,110,9%,11,14,12,40,40,37,55.8,44.8,33.2,56.3,27.3,30.5,3.1,45.8,4.58,48.9,38.0,4.9,47.349999999999994,4.74,39.0,12.333333333333334,47.489999999999995,60.333333333333336,46.135897435897434
43,1,Delon Wright,0.0,DAL,PHO,-7.0,228.5,117.8,21,7.8,22.5,38.5,PG/SG,4100,0,16.0,18.0,104,108,3%,9,6,6,29,23,22,22.5,21.3,12.2,30.4,15.7,5.0,1.2,25.3,6.16,23.6,24.5,5.8,24.450000000000003,5.98,24.666666666666668,7.0,22.169999999999998,22.933333333333334,24.2847972972973
43,2,Mike Scott,0.0,PHI,GS,-12.0,213.5,112.8,15,2.8,10.9,18.5,PF,3000,2,13.0,9.0,103,110,0%,5,3,5,12,13,18,11.1,12.1,5.7,18.6,11.2,4.0,1.3,9.8,3.25,9.4,12.5,3.1,9.600000000000001,3.175,14.333333333333334,4.333333333333333,11.42,10.733333333333334,8.372093023255815
43,3,Norman Powell,0.0,TOR,ATL,-12.5,234.0,123.3,21,15.8,28.5,35.5,SG/SF,5300,1,20.0,17.0,106,111,19%,11,12,11,24,25,28,28.3,26.3,15.7,37.0,23.9,17.0,3.2,23.5,4.43,26.9,26.0,5.1,25.2,4.765,25.666666666666668,11.333333333333334,26.5,26.599999999999998,25.527272727272724
43,4,Damion Lee,0.0,GS,PHI,12.0,213.5,100.8,3,12.0,22.4,40.3,SG/SF,4800,3,19.0,12.0,101,103,-4%,6,9,10,26,32,29,22.1,25.3,14.8,35.9,26.9,9.3,1.9,22.8,4.74,24.0,29.5,5.0,23.4,4.87,29.0,8.333333333333334,24.3,24.899999999999995,23.803448275862067
43,5,Cam Reddish,0.0,ATL,TOR,12.5,234.0,110.8,22,10.8,22.4,33.0,SG/SF,4300,1,18.0,7.0,103,102,4%,10,10,9,25,28,27,22.4,19.3,10.5,28.1,29.6,32.0,7.4,19.0,4.42,20.9,29.0,4.9,19.95,4.66,26.666666666666668,9.666666666666666,20.050000000000004,22.066666666666666,21.695625
43,6,Cody Zeller,0.0,CHA,NY,-1.5,208.5,105.0,10,14.3,20.2,34.0,C,4100,3,21.0,19.0,101,111,-5%,8,9,8,22,23,23,20.6,23.7,14.1,33.2,28.9,27.0,6.6,21.8,5.3,21.9,22.0,5.3,21.85,5.3,22.666666666666668,8.333333333333334,22.689999999999998,22.833333333333332,21.20735294117647
43,7,Kemba Walker,0.0,BOS,MIA,1.0,219.0,109.0,1,26.8,48.4,62.8,PG,7800,1,29.0,23.0,101,106,-9%,24,18,18,37,34,33,48.4,40.2,28.4,52.0,37.9,35.5,4.6,40.8,5.22,41.0,35.0,5.3,40.9,5.26,34.666666666666664,20.0,41.980000000000004,46.0,41.29326923076923
44,0,Terry Rozier,0.0,CHA,NY,-1.5,208.5,105.0,6,12.0,28.1,42.3,PG/SG,6800,3,25.0,15.0,101,111,1%,9,12,15,34,34,35,27.7,32.8,21.8,43.8,34.5,46.5,6.8,39.8,5.85,37.0,36.5,5.4,38.4,5.625,34.333333333333336,12.0,32.9,27.46666666666667,40.82330097087378
44,1,Bradley Beal,0.0,WAS,MIL,11.5,241.0,114.8,1,23.0,45.3,58.8,SG/SF,8300,1,33.0,22.0,107,99,-4%,22,20,22,34,33,36,47.5,46.9,35.5,58.2,37.6,60.5,7.3,41.5,5.0,45.7,35.0,5.5,43.6,5.25,34.333333333333336,21.333333333333332,46.34,42.36666666666667,44.44660194174757
44,2,Zion Williamson,0.0,NO,CLE,-9.0,233.0,121.0,24,26.0,33.3,39.3,PF/C,7200,1,0.0,0.0,101,114,0%,13,12,12,24,22,22,33.3,33.3,26.6,40.1,29.8,26.8,3.7,34.8,4.83,36.7,28.0,5.1,35.75,4.965,22.666666666666668,12.333333333333334,33.809999999999995,32.86666666666667,44.16176470588235
44,3,Vince Carter,0.0,ATL,TOR,12.5,234.0,110.8,29,4.5,10.3,16.3,SF/PF,3200,1,16.0,7.0,103,102,0%,4,5,5,13,12,15,10.3,10.4,3.5,17.3,17.9,23.8,7.4,10.8,3.36,11.5,15.5,3.6,11.15,3.48,13.333333333333334,4.666666666666667,10.53,10.366666666666667,12.961875
44,4,Marcus Smart,0.0,BOS,MIA,1.0,219.0,109.0,1,21.5,34.4,68.3,PG/SG,5800,1,19.0,14.0,101,106,-9%,12,13,11,34,31,32,34.6,28.8,17.9,39.7,36.5,34.5,5.9,31.0,5.34,32.1,35.5,5.5,31.55,5.42,32.333333333333336,12.0,30.51,41.4,34.63994845360825
44,5,Julius Randle,0.0,NY,CHA,1.5,208.5,103.5,19,33.3,38.6,45.3,PF/C,8600,1,28.0,17.0,99,111,9%,19,17,16,34,33,33,38.5,37.8,28.9,46.7,36.6,33.8,3.9,41.0,4.77,41.9,34.0,4.9,41.45,4.835,33.333333333333336,17.333333333333332,38.67,39.06666666666667,42.279
44,6,Damian Jones,0.0,ATL,TOR,12.5,234.0,110.8,5,-0.5,6.5,10.3,C,4000,1,12.0,16.0,103,102,-9%,2,1,3,11,13,16,7.9,13.4,5.7,21.0,22.1,14.8,3.7,18.8,4.69,15.6,20.0,3.9,17.2,4.295,13.333333333333334,2.0,13.040000000000001,5.433333333333334,25.799999999999997
44,7,John Henson,0.0,CLE,NO,9.0,233.0,112.0,15,8.8,17.5,29.8,C,3000,0,18.0,18.0,106,110,5%,5,6,4,15,15,14,17.4,15.4,8.1,22.8,18.1,10.5,3.5,14.5,4.83,12.6,11.5,4.2,13.55,4.515000000000001,14.666666666666666,5.0,15.45,18.7,10.624431818181819
47,0,Jeff Teague,0.0,ATL,TOR,12.5,234.0,110.8,11,3.8,16.4,31.3,PG/SG,4100,1,19.0,16.0,103,102,-2%,6,7,9,23,23,27,19.6,26.5,15.9,37.2,20.7,23.8,5.8,21.3,5.18,22.1,23.5,5.4,21.700000000000003,5.29,24.333333333333332,7.333333333333333,24.180000000000003,17.166666666666668,20.956849315068496
47,1,Wesley Matthews,0.0,MIL,WAS,-11.5,241.0,126.3,28,5.8,14.4,21.0,SG,3000,3,12.0,8.0,105,114,8%,5,6,6,22,25,25,14.4,14.6,7.2,21.9,24.9,18.3,6.1,18.0,6.0,17.9,25.5,6.0,17.95,6.0,24.0,5.666666666666667,15.209999999999999,13.733333333333334,19.071875
47,2,Solomon Hill,0.0,MEM,DEN,-1.0,223.5,112.3,13,7.8,12.5,22.0,SF/PF,3000,1,14.0,11.0,100,106,-7%,3,4,5,17,17,19,12.5,14.5,8.0,21.0,19.1,16.3,5.4,13.8,4.58,14.4,20.0,4.8,14.100000000000001,4.6899999999999995,17.666666666666668,4.0,14.02,14.1,15.962264150943398
47,3,Josh Hart,0.0,NO,CLE,-9.0,233.0,121.0,25,20.3,28.0,41.8,SG/SF,4400,1,15.0,12.0,101,114,11%,10,9,9,28,31,29,28.9,25.4,17.2,33.6,21.8,12.0,2.7,20.0,4.55,21.2,26.5,4.8,20.6,4.675,29.333333333333332,9.333333333333334,25.140000000000004,30.03333333333333,18.610227272727276
47,4,Isaiah Thomas,0.0,WAS,MIL,11.5,241.0,114.8,29,6.0,16.7,25.5,PG,4000,1,25.0,12.0,107,99,1%,10,8,11,20,20,24,16.7,21.2,12.2,30.2,19.1,24.3,6.1,20.0,5.0,19.0,22.0,4.8,19.5,4.9,21.333333333333332,9.666666666666666,19.96,16.066666666666666,20.109375
47,5,Khris Middleton,0.0,MIL,WAS,-11.5,241.0,126.3,10,26.8,35.6,41.0,SF,7000,3,26.0,21.0,105,114,4%,13,12,14,33,29,29,35.6,35.2,27.4,42.9,35.9,76.5,10.9,44.5,6.36,45.8,31.5,6.5,45.15,6.43,30.333333333333332,13.0,37.25000000000001,34.46666666666667,46.886538461538464
47,6,Serge Ibaka,0.0,TOR,ATL,-12.5,234.0,123.3,23,19.0,26.3,35.5,C,5400,1,23.0,17.0,106,111,6%,12,11,12,21,24,27,26.3,30.1,21.1,39.1,27.3,43.0,8.0,28.0,5.19,28.6,23.5,5.3,28.3,5.245,24.0,11.666666666666666,28.98,26.933333333333334,27.710416666666667
47,7,Ty Jerome,0.0,PHO,DAL,7.0,228.5,110.8,13,1.5,6.2,11.8,PG,3000,1,0.0,0.0,101,108,-6%,3,2,4,9,7,11,6.2,9.2,1.3,17.1,22.8,21.5,7.2,8.3,2.75,0.0,0.0,0.0,4.15,1.375,9.0,3.0,7.589999999999999,6.5,0.0
48,0,Fred VanVleet,0.0,TOR,ATL,-12.5,234.0,123.3,20,33.0,39.5,46.8,PG/SG,8200,1,24.0,17.0,106,111,0%,14,14,15,40,35,37,39.8,39.2,29.4,49.0,29.2,27.3,3.3,39.8,4.85,40.4,36.0,4.9,40.099999999999994,4.875,37.333333333333336,14.333333333333334,39.5,39.766666666666666,38.66785714285714
48,1,D'Angelo Russell,0.0,GS,PHI,12.0,213.5,100.8,7,34.8,46.7,53.5,PG/SG,7600,3,33.0,20.0,101,103,-7%,21,22,20,32,35,33,46.7,41.5,28.2,54.7,36.9,50.3,6.6,38.5,5.07,39.7,34.0,5.2,39.1,5.135,33.333333333333336,21.0,42.04,45.0,39.882000000000005
48,2,Al Horford,0.0,PHI,GS,-12.0,213.5,112.8,15,18.3,30.1,37.3,PF/C,6800,2,19.0,16.0,103,110,0%,10,12,12,36,32,31,30.1,30.9,22.2,39.5,31.5,41.3,6.1,32.5,4.78,33.2,31.0,4.9,32.85,4.84,33.0,11.333333333333334,31.110000000000003,28.566666666666666,30.85909090909091
48,3,Dorian Finney-Smith,0.0,DAL,PHO,-7.0,228.5,117.8,11,12.0,21.7,32.0,SF/PF,4400,0,13.0,12.0,104,108,3%,7,7,7,28,31,30,21.6,21.0,14.2,27.8,22.9,12.3,2.8,22.3,5.06,20.7,29.5,4.7,21.5,4.88,29.666666666666668,7.0,21.220000000000002,21.900000000000002,21.379213483146067
48,4,Shake Milton,0.0,PHI,GS,-12.0,213.5,112.8,23,3.5,15.5,24.8,PG/SG,4100,2,0.0,0.0,103,110,6%,8,4,4,24,13,11,13.7,8.7,0.6,16.9,25.8,16.8,4.1,18.5,4.51,17.8,21.0,4.3,18.15,4.404999999999999,16.0,5.333333333333333,11.61,14.6,23.821875
48,5,PJ Washington,0.0,CHA,NY,-1.5,208.5,105.0,14,7.5,25.0,48.8,PF/C,5200,3,18.0,13.0,101,111,9%,9,9,10,28,29,31,25.4,26.1,16.5,35.7,30.5,22.5,4.3,26.8,5.14,27.2,32.0,5.2,27.0,5.17,29.333333333333332,9.333333333333334,26.139999999999997,27.099999999999998,29.454545454545457
48,6,Bobby Portis,0.0,NY,CHA,1.5,208.5,103.5,19,5.0,16.7,24.8,PF/C,4100,1,21.0,15.0,99,111,9%,7,8,9,23,20,22,16.6,21.3,11.4,31.3,17.8,8.8,2.1,21.3,5.18,20.1,20.0,4.9,20.700000000000003,5.04,21.666666666666668,8.0,20.26,15.5,19.10769230769231
48,7,Jalen Brunson,0.0,DAL,PHO,-7.0,228.5,117.8,21,9.5,17.1,24.3,PG/SG,3000,0,22.0,16.0,104,108,3%,7,7,6,15,16,17,17.1,16.0,5.4,26.7,25.1,19.5,6.5,12.5,4.17,12.9,14.0,4.3,12.7,4.234999999999999,16.0,6.666666666666667,15.580000000000002,16.96666666666667,11.112499999999999
49,0,Isaiah Thomas,0.0,WAS,MIL,11.5,241.0,114.8,29,6.0,16.7,25.5,PG,4000,1,25.0,12.0,107,99,1%,10,8,11,20,20,24,16.7,21.2,12.2,30.2,19.1,24.3,6.1,20.0,5.0,19.0,22.0,4.8,19.5,4.9,21.333333333333332,9.666666666666666,19.96,16.066666666666666,20.109375
49,1,Dion Waiters,0.0,MIA,BOS,-1.0,219.0,110.0,13,6.0,16.2,27.0,SG/SF,4300,0,0.0,0.0,102,104,-4%,8,8,8,12,12,12,17.3,17.3,5.6,28.9,18.5,18.3,4.3,5.5,1.28,0.0,0.0,0.0,2.75,0.64,12.0,8.0,14.37,16.400000000000002,0.0
49,2,Cedi Osman,0.0,CLE,NO,9.0,233.0,112.0,21,20.5,25.7,33.3,SF/PF,5000,0,17.0,11.0,106,110,2%,9,9,9,27,29,29,25.6,21.2,13.1,29.3,24.3,22.0,4.4,24.5,4.9,23.1,29.0,4.6,23.8,4.75,28.333333333333332,9.0,22.599999999999998,26.5,24.360000000000003
49,3,Derrick Jones Jr.,0.0,MIA,BOS,-1.0,219.0,110.0,12,12.0,13.2,14.3,SF/PF,3900,0,14.0,13.0,102,104,-2%,5,5,7,21,23,26,13.2,19.2,11.2,27.2,22.1,19.0,4.9,19.5,5.0,17.3,23.0,4.4,18.4,4.7,23.333333333333332,5.666666666666667,17.839999999999996,13.166666666666666,18.13714285714286
49,4,Tyler Herro,0.0,MIA,BOS,-1.0,219.0,110.0,13,2.8,21.1,37.3,SG,5200,0,21.0,12.0,102,104,-10%,15,12,12,35,29,29,25.1,23.9,14.0,33.7,28.4,18.8,3.6,25.0,4.81,25.2,30.5,4.8,25.1,4.805,31.0,13.0,24.360000000000003,20.400000000000002,24.69516129032258
49,5,Vince Carter,0.0,ATL,TOR,12.5,234.0,110.8,29,4.5,10.3,16.3,SF/PF,3200,1,16.0,7.0,103,102,0%,4,5,5,13,12,15,10.3,10.4,3.5,17.3,17.9,23.8,7.4,10.8,3.36,11.5,15.5,3.6,11.15,3.48,13.333333333333334,4.666666666666667,10.53,10.366666666666667,12.961875
49,6,Pascal Siakam,0.0,TOR,ATL,-12.5,234.0,123.3,11,29.5,39.0,53.0,PF/C,8000,1,29.0,19.0,106,111,6%,19,18,20,35,33,36,40.5,43.6,33.3,53.9,26.9,41.3,5.2,41.5,5.19,42.9,34.0,5.4,42.2,5.295,34.666666666666664,19.0,42.7,40.5,41.38846153846154
49,7,Stanley Johnson,0.0,TOR,ATL,-12.5,234.0,123.3,3,1.5,4.2,12.8,SF/PF,3000,1,0.0,0.0,106,111,19%,1,2,2,4,8,5,4.2,3.5,0.0,7.1,5.0,4.3,1.4,6.5,2.17,0.0,0.0,0.0,3.25,1.085,5.666666666666667,1.6666666666666667,3.6100000000000003,6.166666666666667,0.0
