Lineup Num,,Player Name,injury_status,team,opp,spread,over_under,implied_team_score,L5_dvp_rank,L5_ppg_floor,L5_ppg_avg,L5_ppg_max,Pos,Salary,Rest,USG,PER,Opp Pace,Opp DEff,Opp DvP,L2 FGA,L5 FGA,S FGA,L2 Min,L5 Min,S Min,L5 FP,S FP,Floor FP,Ceil FP,Actual Min,Actual FP,Actual Val,FantasyFuelPPGProj,FantasyFuelValueProj,DFN_PPGProj,DFN_MinProj,DFN_ValueProj,Avg Proj,Avg Value Proj,Avg Skewed Min,Avg Skewed FGA,Avg Skewed FP,Avg L5 PPG,Proj Min Enhanced
0,0,RJ Barrett,0.0,NY,NO,4.5,226.5,111.0,17,11.0,21.2,35.5,PG/SG,5200,1,23.0,10.0,105,110,5%,15,12,13,29,30,32,21.1,26.6,15.5,37.7,32.5,33.3,6.4,30.3,5.82,29.3,31.0,5.6,29.8,5.71,30.333333333333332,13.333333333333334,26.140000000000004,22.566666666666666,30.454945054945057
0,1,Jeremy Lamb,0.0,IND,CHI,1.5,213.0,105.8,29,21.0,31.5,45.0,SG/SF,5900,1,20.0,16.0,103,105,-3%,11,11,12,30,29,31,31.4,28.3,20.5,36.1,15.4,7.3,1.2,28.8,4.87,28.5,29.0,4.8,28.65,4.835,30.0,11.333333333333334,28.990000000000002,32.5,27.695
0,2,Georges Niang,0.0,UTA,CHA,-12.5,211.0,111.8,29,3.5,16.4,26.8,SF/PF,3300,1,15.0,12.0,99,111,0%,7,6,4,18,17,13,16.4,9.4,2.3,16.5,19.9,24.3,7.4,13.0,3.94,13.2,17.0,4.0,13.1,3.9699999999999998,16.0,5.666666666666667,11.54,15.566666666666668,13.91875
0,3,Kris Dunn,0.0,CHI,IND,-1.5,213.0,107.3,21,10.5,24.4,41.0,PG/SF,5500,1,16.0,12.0,101,105,0%,10,8,7,27,29,25,24.4,21.5,13.0,30.1,29.4,11.0,2.0,26.3,4.77,25.2,30.5,4.6,25.75,4.685,27.0,8.333333333333334,22.95,25.3,29.087962962962962
0,4,De'Anthony Melton,0.0,MEM,SA,-1.5,231.0,116.3,18,14.0,19.1,27.3,PG/SG,4200,2,21.0,18.0,103,110,6%,5,6,6,18,20,18,19.1,19.8,10.1,29.5,17.4,29.0,6.9,17.8,4.23,18.7,18.0,4.5,18.25,4.365,18.666666666666668,5.666666666666667,19.35,20.133333333333336,17.598214285714285
0,5,Reggie Bullock,0.0,NY,NO,4.5,226.5,111.0,15,14.5,16.0,18.3,SG/SF,3600,1,0.0,0.0,105,110,5%,9,9,9,25,22,22,16.0,16.0,14.3,17.7,27.3,27.5,7.6,19.5,5.42,21.4,28.5,5.9,20.45,5.66,23.0,9.0,16.89,16.266666666666666,25.340217391304346
0,6,Luke Kornet,0.0,CHI,IND,-1.5,213.0,107.3,20,0.0,3.5,6.8,PF/C,3000,1,0.0,0.0,101,105,-5%,1,1,3,3,4,9,3.5,6.5,1.7,11.2,9.8,5.0,1.7,4.3,1.42,0.0,0.0,0.0,2.15,0.71,5.333333333333333,1.6666666666666667,5.01,3.4333333333333336,0.0
0,7,George Hill,0.0,MIL,SAC,-9.0,224.0,116.5,3,9.3,19.7,28.3,PG/SG,4100,1,17.0,19.0,100,108,-6%,8,7,7,22,21,22,19.7,20.8,13.6,27.9,22.4,27.8,6.8,17.5,4.27,17.8,20.5,4.3,17.65,4.285,21.666666666666668,7.333333333333333,19.93,19.099999999999998,16.69961538461538
1,0,Draymond Green,0.0,GS,LAC,14.5,217.5,101.5,16,15.5,26.4,41.5,PG/SF,5700,1,18.0,13.0,105,105,-5%,5,7,8,28,28,29,26.4,29.5,18.1,40.9,31.1,25.5,4.5,29.5,5.18,30.6,29.5,5.4,30.05,5.29,28.333333333333332,6.666666666666667,28.990000000000002,27.8,31.28735294117647
1,1,Kyle Korver,0.0,MIL,SAC,-9.0,224.0,116.5,27,2.3,14.1,20.8,SG/SF,3100,1,15.0,11.0,100,108,7%,5,4,5,14,17,17,13.9,12.8,6.4,19.1,8.9,1.8,0.6,11.3,3.63,11.8,14.5,3.8,11.55,3.715,16.0,4.666666666666667,12.75,12.4,10.467187500000001
1,2,Doug McDermott,0.0,IND,CHI,1.5,213.0,105.8,30,5.8,8.8,16.0,SF/PF,3000,1,18.0,12.0,103,105,1%,8,7,8,20,19,21,8.8,15.2,7.9,22.6,21.9,29.0,9.7,13.0,4.33,16.3,21.0,5.4,14.65,4.865,20.0,7.666666666666667,13.830000000000002,10.200000000000001,15.3825
1,3,Tomas Satoransky,0.0,CHI,IND,-1.5,213.0,107.3,21,12.5,24.7,41.8,PG/SF,5800,1,18.0,14.0,101,105,0%,9,9,8,30,32,29,24.6,26.0,15.9,36.1,37.2,24.8,4.3,29.3,5.04,29.0,33.5,5.0,29.15,5.02,30.333333333333332,8.666666666666666,26.35,26.333333333333332,32.19313186813187
1,4,Jimmy Butler,0.0,MIA,BKN,-3.5,217.0,110.3,1,35.0,43.5,55.8,SG/SF,8000,1,26.0,24.0,105,105,2%,9,12,13,31,35,35,43.5,43.5,33.5,53.5,35.7,48.8,6.1,39.5,4.94,40.1,34.5,5.0,39.8,4.970000000000001,33.666666666666664,11.333333333333334,42.760000000000005,44.76666666666667,40.785148514851485
1,5,Jeremy Lamb,0.0,IND,CHI,1.5,213.0,105.8,29,21.0,31.5,45.0,SG/SF,5900,1,20.0,16.0,103,105,-3%,11,11,12,30,29,31,31.4,28.3,20.5,36.1,15.4,7.3,1.2,28.8,4.87,28.5,29.0,4.8,28.65,4.835,30.0,11.333333333333334,28.990000000000002,32.5,27.695
1,6,Brook Lopez,0.0,MIL,SAC,-9.0,224.0,116.5,3,14.3,26.5,33.0,C,5200,1,16.0,14.0,100,108,-6%,8,9,9,25,27,27,26.5,26.1,16.9,35.4,19.6,12.8,2.5,23.0,4.42,24.2,26.5,4.7,23.6,4.5600000000000005,26.333333333333332,8.666666666666666,25.7,24.599999999999998,23.7493670886076
1,7,DeAndre' Bembry,0.0,ATL,WAS,1.0,239.0,119.0,24,4.0,9.4,21.0,SG/SF,3100,1,14.0,10.0,106,114,5%,4,5,6,10,15,22,9.3,16.8,6.7,26.9,17.4,13.3,4.3,8.5,2.74,8.5,11.0,2.7,8.5,2.72,15.666666666666666,5.0,13.64,11.466666666666667,5.968085106382979
2,0,Devin Booker,0.0,PHO,ORL,-4.5,217.5,111.0,1,44.5,49.7,51.5,PG/SG,8400,2,29.0,21.0,100,103,1%,21,22,18,38,38,36,49.6,42.1,30.4,53.7,36.7,41.8,5.0,42.8,5.09,42.7,37.5,5.1,42.75,5.095,37.333333333333336,20.333333333333332,43.71,48.56666666666666,42.94084821428571
2,1,Mikal Bridges,0.0,PHO,ORL,-4.5,217.5,111.0,30,5.3,17.9,30.8,SG/SF,4100,2,13.0,13.0,100,103,-8%,4,5,5,24,25,22,17.9,17.0,8.2,25.7,30.2,16.0,3.9,19.5,4.76,15.8,21.5,3.9,17.65,4.33,23.666666666666668,4.666666666666667,17.29,18.0,16.03415492957746
2,2,Solomon Hill,0.0,MEM,SA,-1.5,231.0,116.3,23,4.3,12.5,20.8,SF/PF,3200,2,14.0,11.0,103,110,1%,5,4,5,18,18,19,12.5,14.9,8.1,21.6,11.5,10.3,3.2,12.3,3.83,11.2,14.5,3.5,11.75,3.665,18.333333333333332,4.666666666666667,13.77,12.533333333333333,9.29318181818182
2,3,Kyle Anderson,0.0,MEM,SA,-1.5,231.0,116.3,23,2.5,10.6,21.3,SF/PF,3000,2,15.0,13.0,103,110,1%,2,3,4,14,13,17,10.6,15.3,7.6,23.1,11.9,8.8,2.9,13.3,4.42,10.2,11.5,3.4,11.75,3.91,14.666666666666666,3.0,13.669999999999998,11.466666666666667,9.213068181818182
2,4,Luka Doncic,0.0,DAL,LAL,-2.5,223.0,112.8,20,52.3,65.0,76.0,PG/SF,12600,1,39.0,31.0,103,102,-2%,24,25,21,36,38,34,65.5,60.9,46.9,74.9,32.1,47.0,3.7,62.3,4.94,65.0,35.0,5.2,63.65,5.07,36.0,23.333333333333332,62.370000000000005,64.43333333333334,61.88194444444444
2,5,Justin Holiday,0.0,IND,CHI,1.5,213.0,105.8,29,12.5,20.2,30.5,SG/SF,4100,1,13.0,12.0,103,105,-3%,6,6,7,20,24,25,20.1,18.0,10.1,26.0,26.7,22.3,5.4,17.5,4.27,17.5,23.5,4.3,17.5,4.285,23.0,6.333333333333333,18.339999999999996,21.066666666666666,17.880434782608695
2,6,Jaxson Hayes,0.0,NO,NY,-4.5,226.5,115.5,30,4.3,17.3,38.5,C,4000,1,14.0,18.0,101,111,8%,7,4,5,22,18,21,17.6,19.3,11.1,27.5,29.4,39.0,9.8,18.5,4.63,17.1,19.5,4.3,17.8,4.465,20.333333333333332,5.333333333333333,18.66,20.033333333333335,17.070491803278692
2,7,Troy Brown Jr.,0.0,WAS,ATL,-1.0,239.0,120.0,18,21.3,33.9,51.0,SF/PF,6600,1,18.0,14.0,106,111,20%,15,13,9,36,33,26,33.9,23.8,13.0,34.6,34.8,37.5,5.7,35.0,5.3,33.0,30.0,5.0,34.0,5.15,31.666666666666668,12.333333333333334,27.860000000000003,35.4,32.21052631578947
3,0,Cory Joseph,0.0,SAC,MIL,9.0,224.0,107.5,23,13.3,19.3,22.3,PG/SG,3300,2,15.0,10.0,107,100,1%,8,7,6,26,21,26,19.3,17.7,10.0,25.4,19.3,6.5,2.0,16.3,4.92,16.4,23.5,5.0,16.35,4.96,24.333333333333332,7.0,17.75,18.3,15.790068493150686
3,1,Terry Rozier,0.0,CHA,UTA,12.5,211.0,99.3,2,20.0,39.5,50.5,PG/SG,6900,1,25.0,15.0,101,104,-3%,21,18,16,43,40,35,39.5,33.3,22.6,44.0,31.2,37.8,5.5,34.3,4.96,33.4,37.0,4.8,33.849999999999994,4.88,39.333333333333336,18.333333333333332,34.65,36.666666666666664,31.841949152542366
3,2,Trevor Ariza,0.0,SAC,MIL,9.0,224.0,107.5,3,5.0,21.7,36.0,SF/PF,4700,2,12.0,10.0,107,100,-8%,9,5,5,32,29,25,21.7,17.4,8.1,26.7,32.0,33.3,7.1,22.8,4.84,20.9,31.0,4.4,21.85,4.62,28.666666666666668,6.333333333333333,19.15,20.900000000000002,23.628488372093024
3,3,Mikal Bridges,0.0,PHO,ORL,-4.5,217.5,111.0,30,5.3,17.9,30.8,SG/SF,4100,2,13.0,13.0,100,103,-8%,4,5,5,24,25,22,17.9,17.0,8.2,25.7,30.2,16.0,3.9,19.5,4.76,15.8,21.5,3.9,17.65,4.33,23.666666666666668,4.666666666666667,17.29,18.0,16.03415492957746
3,4,Justin James,0.0,SAC,MIL,9.0,224.0,107.5,21,0.0,8.3,23.8,SG/SF,3000,2,0.0,0.0,107,100,1%,3,1,3,5,2,10,1.9,7.4,-0.8,15.6,3.0,1.5,0.5,12.8,4.25,0.0,0.0,0.0,6.4,2.125,5.666666666666667,2.3333333333333335,6.1,10.700000000000001,0.0
3,5,Taj Gibson,0.0,NY,NO,4.5,226.5,111.0,30,3.5,10.9,19.8,PF/C,3300,1,15.0,12.0,105,110,5%,6,4,4,16,15,16,11.1,13.2,6.5,19.9,25.7,30.5,9.2,17.0,5.15,16.3,17.5,4.9,16.65,5.025,15.666666666666666,4.666666666666667,13.469999999999999,11.4,18.59840425531915
3,6,Ian Mahinmi,0.0,WAS,ATL,-1.0,239.0,120.0,26,7.5,15.2,29.5,C,4300,1,16.0,15.0,106,111,5%,3,3,5,17,20,21,15.2,19.9,11.2,28.7,27.1,26.0,6.0,19.5,4.53,23.4,22.5,5.4,21.45,4.965,19.333333333333332,3.6666666666666665,19.29,17.400000000000002,24.963362068965516
3,7,Dewayne Dedmon,0.0,SAC,MIL,9.0,224.0,107.5,1,0.3,10.1,26.5,C,4500,2,19.0,8.0,107,100,2%,4,3,5,17,12,14,10.1,12.1,4.8,19.4,11.5,7.3,1.6,20.8,4.61,26.6,27.5,5.9,23.700000000000003,5.255000000000001,14.333333333333334,4.0,14.02,12.299999999999999,45.47093023255814
5,0,Josh Magette,0.0,ORL,PHO,4.5,217.5,106.5,14,0.0,2.8,6.3,PG,3000,1,0.0,0.0,105,109,3%,1,1,1,3,3,3,1.7,3.1,-0.4,6.7,17.3,11.0,3.7,12.8,4.25,14.3,16.0,4.8,13.55,4.525,3.0,1.0,4.93,3.033333333333333,72.26666666666667
5,1,Rayjon Tucker,0.0,UTA,CHA,-12.5,211.0,111.8,5,2.0,3.4,4.3,SG/SF,3000,1,0.0,0.0,99,111,-4%,1,2,2,7,5,5,3.4,3.4,2.4,4.4,16.8,5.0,1.7,12.0,4.0,0.0,0.0,0.0,6.0,2.0,5.666666666666667,1.6666666666666667,3.9200000000000004,3.233333333333333,0.0
5,2,Doug McDermott,0.0,IND,CHI,1.5,213.0,105.8,30,5.8,8.8,16.0,SF/PF,3000,1,18.0,12.0,103,105,1%,8,7,8,20,19,21,8.8,15.2,7.9,22.6,21.9,29.0,9.7,13.0,4.33,16.3,21.0,5.4,14.65,4.865,20.0,7.666666666666667,13.830000000000002,10.200000000000001,15.3825
5,3,Chandler Hutchison,0.0,CHI,IND,-1.5,213.0,107.3,4,0.0,7.7,17.3,SF/PF,3000,1,0.0,0.0,101,105,-18%,2,3,4,10,10,16,7.7,12.5,4.5,20.5,10.8,6.0,2.0,6.8,2.25,8.4,12.0,2.8,7.6,2.525,12.0,3.0,10.56,8.333333333333334,7.6
5,4,Rajon Rondo,0.0,LAL,DAL,2.5,223.0,110.3,27,1.0,13.3,26.3,PG,4000,2,21.0,13.0,101,107,-8%,5,5,7,22,18,21,13.3,20.8,11.0,30.7,24.2,19.8,5.0,18.5,4.63,18.9,19.5,4.7,18.7,4.665,20.333333333333332,5.666666666666667,18.9,13.533333333333333,17.93360655737705
5,5,Kelly Oubre Jr.,0.0,PHO,ORL,-4.5,217.5,111.0,14,29.0,41.1,49.8,SF/PF,7000,2,21.0,16.0,100,103,-8%,15,16,15,38,38,35,41.1,34.4,24.2,44.7,34.3,36.3,5.2,34.5,4.93,35.2,37.5,5.0,34.85,4.965,37.0,15.333333333333334,35.85,39.96666666666666,35.32094594594595
5,6,DeAndre Jordan,0.0,BKN,MIA,3.5,217.0,106.8,29,15.8,24.6,32.3,C,4700,2,15.0,21.0,101,105,-6%,5,4,5,21,21,21,24.6,25.9,16.0,35.7,19.9,22.0,4.7,23.0,4.89,24.0,20.5,5.1,23.5,4.994999999999999,21.0,4.666666666666667,25.14,24.233333333333334,22.94047619047619
5,7,Taj Gibson,0.0,NY,NO,4.5,226.5,111.0,30,3.5,10.9,19.8,PF/C,3300,1,15.0,12.0,105,110,5%,6,4,4,16,15,16,11.1,13.2,6.5,19.9,25.7,30.5,9.2,17.0,5.15,16.3,17.5,4.9,16.65,5.025,15.666666666666666,4.666666666666667,13.469999999999999,11.4,18.59840425531915
6,0,Grayson Allen,0.0,MEM,SA,-1.5,231.0,116.3,18,2.0,9.8,25.3,PG/SG,3000,2,19.0,11.0,103,110,1%,3,5,6,9,13,17,9.8,13.3,6.4,20.2,19.6,7.3,2.4,13.3,4.42,9.4,11.5,3.1,11.350000000000001,3.76,13.0,4.666666666666667,12.209999999999999,12.366666666666667,10.040384615384617
6,1,Delon Wright,0.0,DAL,LAL,-2.5,223.0,112.8,20,1.5,16.5,25.5,PG/SG,4900,1,16.0,19.0,103,102,-2%,4,6,6,28,24,22,21.6,21.4,12.1,30.7,26.1,14.8,3.0,22.5,4.59,27.2,28.0,5.6,24.85,5.095,24.666666666666668,5.333333333333333,22.130000000000003,14.5,28.208108108108107
6,2,Harry Giles III,0.0,SAC,MIL,9.0,224.0,107.5,28,11.3,15.3,19.5,PF/C,4000,2,0.0,0.0,107,100,3%,7,6,5,16,15,11,15.3,11.3,4.7,18.0,15.1,15.8,4.0,15.3,3.81,19.3,18.5,4.8,17.3,4.305,14.0,6.0,13.320000000000002,15.366666666666667,22.860714285714288
6,3,Admiral Schofield,0.0,WAS,ATL,-1.0,239.0,120.0,18,-0.5,6.5,29.5,SF/PF,4600,1,12.0,7.0,106,111,1%,7,3,3,20,11,12,6.5,7.2,-1.9,16.3,9.0,3.5,0.8,21.3,4.62,7.9,11.0,1.7,14.600000000000001,3.16,14.333333333333334,4.333333333333333,8.540000000000001,11.833333333333334,11.2046511627907
6,4,Terrence Ross,0.0,ORL,PHO,4.5,217.5,106.5,2,13.0,23.6,34.5,SG/SF,4500,1,22.0,14.0,105,109,2%,10,12,11,24,25,25,23.6,21.2,13.8,28.6,32.4,27.5,6.1,26.0,5.78,25.2,28.5,5.6,25.6,5.6899999999999995,24.666666666666668,11.0,22.560000000000002,23.7,29.578378378378382
6,5,Luka Doncic,0.0,DAL,LAL,-2.5,223.0,112.8,20,52.3,65.0,76.0,PG/SF,12600,1,39.0,31.0,103,102,-2%,24,25,21,36,38,34,65.5,60.9,46.9,74.9,32.1,47.0,3.7,62.3,4.94,65.0,35.0,5.2,63.65,5.07,36.0,23.333333333333332,62.370000000000005,64.43333333333334,61.88194444444444
6,6,Alen Smailagic,0.0,GS,LAC,14.5,217.5,101.5,21,3.5,11.9,14.8,PF/C,3000,1,0.0,0.0,105,105,-5%,5,4,4,9,13,12,11.8,11.1,6.5,15.7,4.3,4.5,1.5,7.5,2.5,9.6,10.5,3.2,8.55,2.85,11.333333333333334,4.333333333333333,10.729999999999999,10.066666666666668,7.921323529411764
6,7,De'Aaron Fox,0.0,SAC,MIL,9.0,224.0,107.5,23,27.0,39.5,59.5,PG,7500,2,30.0,20.0,107,100,1%,18,15,14,33,32,32,39.5,37.1,26.6,47.6,38.4,56.3,7.5,40.3,5.37,40.1,33.0,5.3,40.2,5.335,32.333333333333336,15.666666666666666,38.2,42.0,41.02886597938144
7,0,T.J. McConnell,0.0,IND,CHI,1.5,213.0,105.8,5,10.5,20.9,31.5,PG,4200,1,21.0,17.0,103,105,-13%,5,5,6,21,22,19,20.9,19.2,11.6,26.9,25.6,14.8,3.5,18.8,4.46,26.2,26.0,6.2,22.5,5.33,20.666666666666668,5.333333333333333,20.22,20.966666666666665,28.306451612903224
7,1,Alec Burks,0.0,GS,LAC,14.5,217.5,101.5,16,12.8,33.1,45.8,PG/SG,5900,1,23.0,17.0,105,105,0%,12,12,13,26,29,30,33.0,30.2,19.3,41.1,31.6,33.0,5.6,27.5,4.66,27.9,26.5,4.7,27.7,4.68,28.333333333333332,12.333333333333334,30.26,30.566666666666666,25.907647058823528
7,2,Georges Niang,0.0,UTA,CHA,-12.5,211.0,111.8,29,3.5,16.4,26.8,SF/PF,3300,1,15.0,12.0,99,111,0%,7,6,4,18,17,13,16.4,9.4,2.3,16.5,19.9,24.3,7.4,13.0,3.94,13.2,17.0,4.0,13.1,3.9699999999999998,16.0,5.666666666666667,11.54,15.566666666666668,13.91875
7,3,Bojan Bogdanovic,0.0,UTA,CHA,-12.5,211.0,111.8,29,19.8,28.3,35.0,SF/PF,6300,1,26.0,16.0,99,111,0%,17,16,15,32,33,34,28.2,31.1,21.8,40.5,25.3,24.8,3.9,30.3,4.8,31.5,32.5,5.0,30.9,4.9,33.0,16.0,30.5,27.7,30.43181818181818
7,4,Gary Payton II,0.0,WAS,ATL,-1.0,239.0,120.0,9,5.5,12.4,19.5,PG/SG,4300,1,0.0,0.0,106,111,1%,4,4,6,23,20,24,12.3,21.4,8.2,34.6,22.6,22.3,5.2,21.5,5.0,19.5,19.5,4.5,20.5,4.75,22.333333333333332,4.666666666666667,19.400000000000002,12.466666666666667,17.899253731343286
7,5,James Johnson,0.0,MIA,BKN,-3.5,217.0,110.3,25,0.0,8.3,27.0,SF/PF,3300,1,0.0,0.0,105,105,-3%,3,2,3,15,12,13,8.3,10.8,-0.6,22.3,12.4,13.3,4.0,14.0,4.24,0.0,0.0,0.0,7.0,2.12,13.333333333333334,2.6666666666666665,9.56,11.766666666666666,0.0
7,6,Patrick Patterson,0.0,LAC,GS,-14.5,217.5,116.0,18,2.0,9.7,25.0,PF/C,3000,4,14.0,12.0,103,109,0%,4,5,4,10,12,14,9.7,11.2,2.9,19.5,2.6,3.5,1.2,6.8,2.25,7.5,10.0,2.5,7.15,2.375,12.0,4.333333333333333,10.09,12.233333333333334,5.958333333333333
7,7,Wayne Ellington,0.0,NY,NO,4.5,226.5,111.0,15,0.0,8.6,18.8,SG/SF,3500,1,16.0,6.0,105,110,0%,6,4,4,18,12,14,8.6,9.0,2.2,15.8,12.5,7.3,2.1,12.5,3.57,14.3,17.5,4.1,13.4,3.835,14.666666666666666,4.666666666666667,9.8,9.133333333333333,15.988636363636365
8,0,Ricky Rubio,0.0,PHO,ORL,-4.5,217.5,111.0,1,27.3,32.3,46.8,PG,6900,2,23.0,16.0,100,103,-3%,9,9,12,36,33,33,32.3,36.9,27.1,46.8,34.6,43.3,6.3,33.0,4.78,36.0,34.0,5.2,34.5,4.99,34.0,10.0,35.519999999999996,35.46666666666666,34.5
8,1,Wes Iwundu,0.0,ORL,PHO,4.5,217.5,106.5,2,16.0,19.0,21.8,SG/SF,3600,1,13.0,9.0,105,109,4%,7,6,4,24,25,17,19.0,10.5,4.5,16.4,28.0,10.8,3.0,17.5,4.86,19.3,30.0,5.4,18.4,5.130000000000001,22.0,5.666666666666667,13.76,18.933333333333334,25.09090909090909
8,2,Admiral Schofield,0.0,WAS,ATL,-1.0,239.0,120.0,18,-0.5,6.5,29.5,SF/PF,4600,1,12.0,7.0,106,111,1%,7,3,3,20,11,12,6.5,7.2,-1.9,16.3,9.0,3.5,0.8,21.3,4.62,7.9,11.0,1.7,14.600000000000001,3.16,14.333333333333334,4.333333333333333,8.540000000000001,11.833333333333334,11.2046511627907
8,3,Rodions Kurucs,0.0,BKN,MIA,3.5,217.0,106.8,7,8.0,12.7,20.8,SF/PF,3100,2,16.0,6.0,101,105,1%,5,5,3,16,16,12,12.7,8.3,2.8,13.7,23.4,26.8,8.6,15.8,5.08,16.0,21.5,5.2,15.9,5.140000000000001,14.666666666666666,4.333333333333333,10.68,13.833333333333334,23.30795454545455
8,4,Kendrick Nunn,0.0,MIA,BKN,-3.5,217.0,110.3,29,13.8,21.7,28.0,PG/SG,4600,1,24.0,13.0,105,105,13%,11,11,14,25,29,30,21.6,26.6,17.6,35.7,22.9,15.8,3.4,24.5,5.33,24.5,28.0,5.3,24.5,5.3149999999999995,28.0,12.0,25.2,21.166666666666668,24.5
8,5,Pat Connaughton,0.0,MIL,SAC,-9.0,224.0,116.5,27,13.5,19.0,26.3,SG/SF,3200,1,13.0,12.0,100,108,7%,6,6,5,23,24,19,18.8,15.5,8.3,22.7,24.0,9.5,3.0,15.0,4.69,12.4,15.0,3.9,13.7,4.295,22.0,5.666666666666667,15.8,19.599999999999998,9.34090909090909
8,6,JaVale McGee,0.0,LAL,DAL,2.5,223.0,110.3,25,18.8,22.3,25.3,C,4300,2,15.0,21.0,101,107,3%,5,5,5,18,17,17,22.3,19.3,9.8,28.8,18.1,18.8,4.4,26.8,6.22,26.9,22.5,6.3,26.85,6.26,17.333333333333332,5.0,21.410000000000004,22.133333333333336,34.853365384615394
8,7,Draymond Green,0.0,GS,LAC,14.5,217.5,101.5,16,15.5,26.4,41.5,PG/SF,5700,1,18.0,13.0,105,105,-5%,5,7,8,28,28,29,26.4,29.5,18.1,40.9,31.1,25.5,4.5,29.5,5.18,30.6,29.5,5.4,30.05,5.29,28.333333333333332,6.666666666666667,28.990000000000002,27.8,31.28735294117647
9,0,Elie Okobo,0.0,PHO,ORL,-4.5,217.5,111.0,1,5.0,8.4,11.8,PG/SG,3000,2,19.0,16.0,100,103,-3%,4,2,4,12,10,11,8.3,10.7,1.7,19.7,13.4,8.8,2.9,11.0,3.67,10.4,12.0,3.5,10.7,3.585,11.0,3.3333333333333335,10.220000000000002,8.4,11.672727272727272
9,1,Donte DiVincenzo,0.0,MIL,SAC,-9.0,224.0,116.5,3,13.8,21.5,25.0,PG/SG,5000,1,17.0,14.0,100,108,7%,11,7,8,26,26,24,21.4,22.0,14.3,29.7,23.6,31.3,6.3,18.3,3.65,20.6,22.5,4.1,19.450000000000003,3.875,25.333333333333332,8.666666666666666,21.369999999999997,20.099999999999998,17.274671052631582
9,2,Chandler Hutchison,0.0,CHI,IND,-1.5,213.0,107.3,4,0.0,7.7,17.3,SF/PF,3000,1,0.0,0.0,101,105,-18%,2,3,4,10,10,16,7.7,12.5,4.5,20.5,10.8,6.0,2.0,6.8,2.25,8.4,12.0,2.8,7.6,2.525,12.0,3.0,10.56,8.333333333333334,7.6
9,3,Glenn Robinson III,0.0,GS,LAC,14.5,217.5,101.5,10,14.5,25.2,35.8,SG/SF,4500,1,16.0,12.0,105,105,0%,13,14,11,28,32,32,25.1,23.1,15.0,31.2,34.0,29.8,6.6,20.0,4.44,22.1,30.0,4.9,21.05,4.67,30.666666666666668,12.666666666666666,23.09,25.166666666666668,20.592391304347824
9,4,Patrick Beverley,0.0,LAC,GS,-14.5,217.5,116.0,13,20.3,26.6,34.0,PG/SG,5000,4,14.0,12.0,103,109,7%,8,8,7,27,27,29,26.6,24.8,14.8,34.7,35.0,46.8,9.4,24.8,4.95,27.4,29.5,5.5,26.1,5.225,27.666666666666668,7.666666666666667,25.4,26.96666666666667,27.829518072289158
9,5,Jeremy Lamb,0.0,IND,CHI,1.5,213.0,105.8,29,21.0,31.5,45.0,SG/SF,5900,1,20.0,16.0,103,105,-3%,11,11,12,30,29,31,31.4,28.3,20.5,36.1,15.4,7.3,1.2,28.8,4.87,28.5,29.0,4.8,28.65,4.835,30.0,11.333333333333334,28.990000000000002,32.5,27.695
9,6,Amile Jefferson,0.0,ORL,PHO,4.5,217.5,106.5,29,0.0,4.1,14.5,PF/C,3000,1,0.0,0.0,105,109,0%,1,1,1,3,6,4,3.7,2.9,-1.3,7.2,16.4,10.3,3.4,4.8,1.58,12.4,13.5,4.1,8.6,2.84,4.333333333333333,1.0,4.220000000000001,6.2,26.792307692307695
9,7,Terrence Ross,0.0,ORL,PHO,4.5,217.5,106.5,2,13.0,23.6,34.5,SG/SF,4500,1,22.0,14.0,105,109,2%,10,12,11,24,25,25,23.6,21.2,13.8,28.6,32.4,27.5,6.1,26.0,5.78,25.2,28.5,5.6,25.6,5.6899999999999995,24.666666666666668,11.0,22.560000000000002,23.7,29.578378378378382
11,0,Brandon Goodwin,0.0,ATL,WAS,1.0,239.0,119.0,12,4.8,18.9,40.3,PG/SG,3100,1,0.0,0.0,106,114,7%,5,6,5,10,14,11,18.9,12.5,-0.3,25.3,23.4,16.5,5.3,11.0,3.55,12.0,12.0,3.9,11.5,3.7249999999999996,11.666666666666666,5.333333333333333,13.580000000000002,21.333333333333332,11.82857142857143
11,1,Kadeem Allen,0.0,NY,NO,4.5,226.5,111.0,17,-0.5,8.4,22.3,PG/SG,3300,1,0.0,0.0,105,110,0%,2,4,4,5,9,9,8.3,8.3,-1.6,18.3,2.6,3.5,1.1,14.3,4.32,0.0,0.0,0.0,7.15,2.16,7.666666666666667,3.3333333333333335,8.09,10.066666666666668,0.0
11,2,Doug McDermott,0.0,IND,CHI,1.5,213.0,105.8,30,5.8,8.8,16.0,SF/PF,3000,1,18.0,12.0,103,105,1%,8,7,8,20,19,21,8.8,15.2,7.9,22.6,21.9,29.0,9.7,13.0,4.33,16.3,21.0,5.4,14.65,4.865,20.0,7.666666666666667,13.830000000000002,10.200000000000001,15.3825
11,3,Dario Saric,0.0,PHO,ORL,-4.5,217.5,111.0,14,1.3,5.7,11.0,SF/PF,3100,2,17.0,13.0,100,103,0%,5,5,9,16,19,27,11.2,24.4,12.2,36.6,20.5,12.5,4.0,12.8,4.11,16.2,18.5,5.2,14.5,4.655,20.666666666666668,6.333333333333333,19.779999999999998,6.0,12.979838709677418
11,4,George Hill,0.0,MIL,SAC,-9.0,224.0,116.5,3,9.3,19.7,28.3,PG/SG,4100,1,17.0,19.0,100,108,-6%,8,7,7,22,21,22,19.7,20.8,13.6,27.9,22.4,27.8,6.8,17.5,4.27,17.8,20.5,4.3,17.65,4.285,21.666666666666668,7.333333333333333,19.93,19.099999999999998,16.69961538461538
11,5,Jared Dudley,0.0,LAL,DAL,2.5,223.0,110.3,20,-0.5,2.6,7.8,SF/PF,3000,2,0.0,0.0,101,107,-1%,1,0,1,3,3,8,1.1,4.2,-0.8,9.2,19.8,12.5,4.2,10.8,3.58,10.3,16.0,3.4,10.55,3.49,4.666666666666667,0.6666666666666666,4.85,3.3000000000000003,36.17142857142857
11,6,Nikola Vucevic,0.0,ORL,PHO,4.5,217.5,106.5,17,42.5,47.2,49.8,C,8800,1,26.0,23.0,105,109,3%,16,18,16,29,31,32,47.1,43.3,34.0,52.6,33.0,43.8,5.0,45.5,5.17,46.0,33.0,5.2,45.75,5.1850000000000005,30.666666666666668,16.666666666666668,44.55,46.5,49.23097826086956
11,7,Lou Williams,0.0,LAC,GS,-14.5,217.5,116.0,13,21.0,36.4,47.5,PG/SG,7400,4,30.0,18.0,103,109,6%,18,14,16,30,30,31,36.4,34.4,24.7,44.1,30.8,38.0,5.1,33.5,4.53,37.4,30.5,5.1,35.45,4.8149999999999995,30.333333333333332,16.0,35.010000000000005,34.96666666666667,35.64478021978022
12,0,Alec Burks,0.0,GS,LAC,14.5,217.5,101.5,16,12.8,33.1,45.8,PG/SG,5900,1,23.0,17.0,105,105,0%,12,12,13,26,29,30,33.0,30.2,19.3,41.1,31.6,33.0,5.6,27.5,4.66,27.9,26.5,4.7,27.7,4.68,28.333333333333332,12.333333333333334,30.26,30.566666666666666,25.907647058823528
12,1,Allen Crabbe,0.0,ATL,WAS,1.0,239.0,119.0,24,4.8,9.8,16.5,SG/SF,3400,1,13.0,8.0,106,114,9%,4,5,5,17,17,19,9.8,11.7,5.1,18.3,15.3,3.5,1.0,15.0,4.41,10.7,16.5,3.1,12.85,3.755,17.666666666666668,4.666666666666667,11.55,10.366666666666667,12.00141509433962
12,2,Bojan Bogdanovic,0.0,UTA,CHA,-12.5,211.0,111.8,29,19.8,28.3,35.0,SF/PF,6300,1,26.0,16.0,99,111,0%,17,16,15,32,33,34,28.2,31.1,21.8,40.5,25.3,24.8,3.9,30.3,4.8,31.5,32.5,5.0,30.9,4.9,33.0,16.0,30.5,27.7,30.43181818181818
12,3,Lonnie Walker IV,0.0,SA,MEM,1.5,231.0,114.8,9,13.3,20.0,27.3,SG/SF,3700,1,22.0,13.0,106,110,6%,9,9,5,19,19,12,20.4,10.3,-0.2,20.9,14.8,7.5,2.0,18.0,4.86,18.8,22.0,5.1,18.4,4.98,16.666666666666668,7.666666666666667,13.959999999999997,20.2,24.287999999999997
12,4,Donte DiVincenzo,0.0,MIL,SAC,-9.0,224.0,116.5,3,13.8,21.5,25.0,PG/SG,5000,1,17.0,14.0,100,108,7%,11,7,8,26,26,24,21.4,22.0,14.3,29.7,23.6,31.3,6.3,18.3,3.65,20.6,22.5,4.1,19.450000000000003,3.875,25.333333333333332,8.666666666666666,21.369999999999997,20.099999999999998,17.274671052631582
12,5,Tomas Satoransky,0.0,CHI,IND,-1.5,213.0,107.3,21,12.5,24.7,41.8,PG/SF,5800,1,18.0,14.0,101,105,0%,9,9,8,30,32,29,24.6,26.0,15.9,36.1,37.2,24.8,4.3,29.3,5.04,29.0,33.5,5.0,29.15,5.02,30.333333333333332,8.666666666666666,26.35,26.333333333333332,32.19313186813187
12,6,Lauri Markkanen,0.0,CHI,IND,-1.5,213.0,107.3,20,21.5,30.3,40.8,PF/C,6100,1,21.0,15.0,101,105,-5%,16,14,12,33,31,30,30.3,29.2,19.3,39.1,34.0,23.8,3.9,33.5,5.49,32.6,32.5,5.3,33.05,5.395,31.333333333333332,14.0,30.189999999999998,30.866666666666664,34.28058510638297
12,7,Dwight Howard,0.0,LAL,DAL,2.5,223.0,110.3,25,6.8,22.4,36.3,C,5600,2,13.0,18.0,101,107,3%,6,5,4,23,20,20,22.3,20.4,12.0,28.9,10.2,19.5,3.5,25.8,4.6,26.7,24.5,4.8,26.25,4.699999999999999,21.0,5.0,21.97,21.833333333333332,30.625
13,0,Ish Smith,0.0,WAS,ATL,-1.0,239.0,120.0,9,19.8,32.5,54.3,PG,5700,1,20.0,14.0,106,111,1%,16,16,10,28,30,26,32.5,24.2,13.3,35.0,27.7,34.5,6.1,30.5,5.35,30.8,28.5,5.4,30.65,5.375,28.0,14.0,27.130000000000003,35.53333333333333,31.197321428571424
13,1,Buddy Hield,0.0,SAC,MIL,9.0,224.0,107.5,21,23.3,36.5,47.5,SG/SF,6600,2,27.0,15.0,107,100,-4%,19,18,18,37,36,35,40.7,35.5,25.3,45.7,34.3,27.8,4.2,38.0,5.76,37.3,34.5,5.7,37.65,5.73,36.0,18.333333333333332,36.970000000000006,35.766666666666666,36.081250000000004
13,2,Kelly Oubre Jr.,0.0,PHO,ORL,-4.5,217.5,111.0,14,29.0,41.1,49.8,SF/PF,7000,2,21.0,16.0,100,103,-8%,15,16,15,38,38,35,41.1,34.4,24.2,44.7,34.3,36.3,5.2,34.5,4.93,35.2,37.5,5.0,34.85,4.965,37.0,15.333333333333334,35.85,39.96666666666666,35.32094594594595
13,3,Vince Carter,0.0,ATL,WAS,1.0,239.0,119.0,5,0.0,7.5,10.3,SF/PF,3000,1,16.0,6.0,106,114,9%,3,4,5,14,16,16,7.5,10.3,3.2,17.3,8.7,3.5,1.2,13.0,4.33,8.9,12.0,3.0,10.95,3.665,15.333333333333334,4.0,9.85,5.933333333333334,8.569565217391304
13,4,Terry Rozier,0.0,CHA,UTA,12.5,211.0,99.3,2,20.0,39.5,50.5,PG/SG,6900,1,25.0,15.0,101,104,-3%,21,18,16,43,40,35,39.5,33.3,22.6,44.0,31.2,37.8,5.5,34.3,4.96,33.4,37.0,4.8,33.849999999999994,4.88,39.333333333333336,18.333333333333332,34.65,36.666666666666664,31.841949152542366
13,5,Jaren Jackson Jr.,0.0,MEM,SA,-1.5,231.0,116.3,8,31.8,37.6,42.8,PF/C,7100,2,24.0,18.0,103,110,2%,15,13,14,31,31,29,37.6,32.1,22.3,42.0,24.5,29.8,4.2,34.0,4.79,34.9,31.5,4.9,34.45,4.845000000000001,30.333333333333332,14.0,33.69,37.4,35.775000000000006
13,6,JaVale McGee,0.0,LAL,DAL,2.5,223.0,110.3,25,18.8,22.3,25.3,C,4300,2,15.0,21.0,101,107,3%,5,5,5,18,17,17,22.3,19.3,9.8,28.8,18.1,18.8,4.4,26.8,6.22,26.9,22.5,6.3,26.85,6.26,17.333333333333332,5.0,21.410000000000004,22.133333333333336,34.853365384615394
13,7,De'Aaron Fox,0.0,SAC,MIL,9.0,224.0,107.5,23,27.0,39.5,59.5,PG,7500,2,30.0,20.0,107,100,1%,18,15,14,33,32,32,39.5,37.1,26.6,47.6,38.4,56.3,7.5,40.3,5.37,40.1,33.0,5.3,40.2,5.335,32.333333333333336,15.666666666666666,38.2,42.0,41.02886597938144
14,0,Ky Bowman,0.0,GS,LAC,14.5,217.5,101.5,16,6.5,15.4,19.3,PG,3500,1,18.0,10.0,105,105,0%,10,8,7,23,22,23,15.4,17.3,6.7,28.0,18.2,9.8,2.8,19.5,5.57,18.5,22.5,5.3,19.0,5.4350000000000005,22.666666666666668,8.333333333333334,17.28,13.733333333333334,18.860294117647058
14,1,Jimmy Butler,0.0,MIA,BKN,-3.5,217.0,110.3,1,35.0,43.5,55.8,SG/SF,8000,1,26.0,24.0,105,105,2%,9,12,13,31,35,35,43.5,43.5,33.5,53.5,35.7,48.8,6.1,39.5,4.94,40.1,34.5,5.0,39.8,4.970000000000001,33.666666666666664,11.333333333333334,42.760000000000005,44.76666666666667,40.785148514851485
14,2,Rodions Kurucs,0.0,BKN,MIA,3.5,217.0,106.8,7,8.0,12.7,20.8,SF/PF,3100,2,16.0,6.0,101,105,1%,5,5,3,16,16,12,12.7,8.3,2.8,13.7,23.4,26.8,8.6,15.8,5.08,16.0,21.5,5.2,15.9,5.140000000000001,14.666666666666666,4.333333333333333,10.68,13.833333333333334,23.30795454545455
14,3,Wes Iwundu,0.0,ORL,PHO,4.5,217.5,106.5,2,16.0,19.0,21.8,SG/SF,3600,1,13.0,9.0,105,109,4%,7,6,4,24,25,17,19.0,10.5,4.5,16.4,28.0,10.8,3.0,17.5,4.86,19.3,30.0,5.4,18.4,5.130000000000001,22.0,5.666666666666667,13.76,18.933333333333334,25.09090909090909
14,4,Trae Young,0.0,ATL,WAS,1.0,239.0,119.0,12,14.0,51.5,78.8,PG,10400,1,36.0,24.0,106,114,7%,21,22,22,39,38,37,61.7,52.4,39.1,65.7,31.4,35.5,3.4,55.5,5.34,56.5,36.5,5.4,56.0,5.37,38.0,21.666666666666668,54.98,48.1,53.78947368421052
14,5,Justin Jackson,0.0,DAL,LAL,-2.5,223.0,112.8,6,13.0,16.1,19.3,SF/PF,3200,1,17.0,11.0,103,102,-5%,8,8,6,18,21,16,16.1,11.6,4.8,18.3,13.2,3.0,0.9,16.0,5.0,14.7,19.5,4.6,15.35,4.8,18.333333333333332,7.333333333333333,13.229999999999999,16.133333333333336,16.326818181818183
14,6,Dwight Powell,0.0,DAL,LAL,-2.5,223.0,112.8,9,11.8,25.2,35.5,C,5500,1,12.0,16.0,103,102,-6%,7,7,6,29,29,27,25.1,21.7,13.2,30.1,26.2,15.0,2.7,26.5,4.82,23.7,29.0,4.3,25.1,4.5600000000000005,28.333333333333332,6.666666666666667,23.040000000000003,24.166666666666668,25.690588235294122
14,7,Kendrick Nunn,0.0,MIA,BKN,-3.5,217.0,110.3,29,13.8,21.7,28.0,PG/SG,4600,1,24.0,13.0,105,105,13%,11,11,14,25,29,30,21.6,26.6,17.6,35.7,22.9,15.8,3.4,24.5,5.33,24.5,28.0,5.3,24.5,5.3149999999999995,28.0,12.0,25.2,21.166666666666668,24.5
15,0,Donte DiVincenzo,0.0,MIL,SAC,-9.0,224.0,116.5,3,13.8,21.5,25.0,PG/SG,5000,1,17.0,14.0,100,108,7%,11,7,8,26,26,24,21.4,22.0,14.3,29.7,23.6,31.3,6.3,18.3,3.65,20.6,22.5,4.1,19.450000000000003,3.875,25.333333333333332,8.666666666666666,21.369999999999997,20.099999999999998,17.274671052631582
15,1,Jordan Poole,0.0,GS,LAC,14.5,217.5,101.5,10,1.3,9.0,16.3,SG/SF,3200,1,20.0,4.0,105,105,0%,4,4,8,15,14,21,8.9,13.6,6.1,21.2,15.5,8.0,2.5,9.8,3.05,9.6,13.5,3.0,9.7,3.025,16.666666666666668,5.333333333333333,11.9,8.866666666666667,7.856999999999999
15,2,Jared Dudley,0.0,LAL,DAL,2.5,223.0,110.3,20,-0.5,2.6,7.8,SF/PF,3000,2,0.0,0.0,101,107,-1%,1,0,1,3,3,8,1.1,4.2,-0.8,9.2,19.8,12.5,4.2,10.8,3.58,10.3,16.0,3.4,10.55,3.49,4.666666666666667,0.6666666666666666,4.85,3.3000000000000003,36.17142857142857
15,3,Jae Crowder,0.0,MEM,SA,-1.5,231.0,116.3,23,11.8,32.2,62.0,SF/PF,5500,2,16.0,12.0,103,110,2%,5,10,10,28,29,31,32.1,26.5,15.2,37.7,22.9,12.8,2.3,27.0,4.91,26.8,30.0,4.9,26.9,4.905,29.333333333333332,8.333333333333334,27.68,35.333333333333336,27.511363636363633
15,4,Kyle Korver,0.0,MIL,SAC,-9.0,224.0,116.5,27,2.3,14.1,20.8,SG/SF,3100,1,15.0,11.0,100,108,7%,5,4,5,14,17,17,13.9,12.8,6.4,19.1,8.9,1.8,0.6,11.3,3.63,11.8,14.5,3.8,11.55,3.715,16.0,4.666666666666667,12.75,12.4,10.467187500000001
15,5,Kawhi Leonard,0.0,LAC,GS,-14.5,217.5,116.0,28,36.5,43.8,62.0,SF/PF,9900,4,34.0,24.0,103,109,2%,20,21,20,30,34,32,43.8,47.0,37.6,56.3,37.5,61.3,6.2,50.8,5.13,52.7,33.5,5.3,51.75,5.215,32.0,20.333333333333332,47.29,47.43333333333334,54.17578125
15,6,LaMarcus Aldridge,0.0,SA,MEM,1.5,231.0,114.8,24,29.5,37.3,46.0,PF/C,7400,1,23.0,21.0,106,110,-1%,11,12,16,32,33,34,37.0,39.0,28.8,49.3,34.4,39.8,5.4,39.5,5.34,39.3,32.5,5.3,39.4,5.32,33.0,13.0,38.7,37.6,38.8030303030303
15,7,PJ Washington,0.0,CHA,UTA,12.5,211.0,99.3,19,23.8,31.3,39.5,PF/C,5800,1,18.0,14.0,101,104,-3%,10,11,10,36,36,31,31.3,26.6,18.3,35.0,27.4,12.0,2.1,28.8,4.96,25.8,33.5,4.4,27.3,4.68,34.333333333333336,10.333333333333334,27.7,31.53333333333333,26.637378640776696
16,0,Tyus Jones,0.0,MEM,SA,-1.5,231.0,116.3,18,8.0,16.4,25.0,PG/SG,3200,2,18.0,14.0,103,110,6%,6,6,6,18,18,20,16.4,17.3,9.4,25.1,14.4,10.8,3.4,15.8,4.92,16.1,17.5,5.0,15.950000000000001,4.96,18.666666666666668,6.0,16.830000000000002,16.466666666666665,14.953125
16,1,Duncan Robinson,0.0,MIA,BKN,-3.5,217.0,110.3,1,13.0,20.0,29.3,SG/SF,4000,1,15.0,13.0,105,105,13%,12,10,9,33,29,28,19.9,20.9,11.4,30.4,27.1,11.5,2.9,20.5,5.13,20.4,29.5,5.1,20.45,5.115,30.0,10.333333333333334,20.61,20.766666666666666,20.109166666666667
16,2,James Johnson,0.0,MIA,BKN,-3.5,217.0,110.3,25,0.0,8.3,27.0,SF/PF,3300,1,0.0,0.0,105,105,-3%,3,2,3,15,12,13,8.3,10.8,-0.6,22.3,12.4,13.3,4.0,14.0,4.24,0.0,0.0,0.0,7.0,2.12,13.333333333333334,2.6666666666666665,9.56,11.766666666666666,0.0
16,3,Danny Green,0.0,LAL,DAL,2.5,223.0,110.3,3,12.8,23.7,45.8,SG/SF,4400,2,14.0,12.0,101,107,-3%,7,8,7,23,25,25,23.6,19.1,10.0,28.3,22.4,12.3,2.8,18.3,4.15,19.9,26.0,4.5,19.1,4.325,24.333333333333332,7.333333333333333,20.02,27.433333333333334,20.40821917808219
16,4,Goran Dragic,0.0,MIA,BKN,-3.5,217.0,110.3,29,18.0,27.1,55.3,PG,5800,1,26.0,17.0,105,105,13%,14,12,12,28,25,28,27.1,29.8,21.0,38.6,28.8,27.0,4.7,28.5,4.91,29.1,27.5,5.0,28.8,4.955,27.0,12.666666666666666,29.060000000000002,33.46666666666667,29.333333333333332
16,5,Caris LeVert,0.0,BKN,MIA,3.5,217.0,106.8,10,14.0,25.8,39.8,PG/SF,6100,2,28.0,12.0,101,105,-2%,12,13,15,19,26,29,25.8,28.3,19.3,37.4,23.7,21.8,3.6,25.5,4.18,25.4,25.5,4.2,25.45,4.1899999999999995,24.666666666666668,13.333333333333334,27.25,26.53333333333333,26.309797297297298
16,6,Myles Turner,0.0,IND,CHI,1.5,213.0,105.8,23,23.8,28.3,35.3,C,6100,1,18.0,15.0,103,105,10%,11,11,10,32,31,30,28.3,27.6,19.0,36.2,33.4,56.0,9.2,29.3,4.8,35.7,33.0,5.9,32.5,5.35,31.0,10.666666666666666,28.720000000000006,29.133333333333336,34.596774193548384
16,7,Tony Bradley,0.0,UTA,CHA,-12.5,211.0,111.8,15,12.5,17.5,20.3,C,3100,1,17.0,20.0,99,111,6%,5,5,3,15,14,10,17.5,10.5,2.0,18.9,13.3,11.8,3.8,15.3,4.92,15.8,14.0,5.1,15.55,5.01,13.0,4.333333333333333,12.89,16.766666666666666,16.746153846153845
17,0,Dejounte Murray,0.0,SA,MEM,1.5,231.0,114.8,15,17.0,28.5,34.5,PG,6000,1,22.0,18.0,106,110,4%,10,10,9,27,26,24,28.5,27.4,18.3,36.4,24.1,18.3,3.1,30.3,5.04,30.0,26.0,5.0,30.15,5.02,25.666666666666668,9.666666666666666,28.15,26.666666666666668,30.541558441558436
17,1,Khris Middleton,0.0,MIL,SAC,-9.0,224.0,116.5,27,27.3,34.9,41.8,SG/SF,7000,1,26.0,20.0,100,108,4%,16,17,15,31,32,29,35.0,34.3,26.8,41.9,28.9,51.8,7.4,34.3,4.89,36.2,31.0,5.2,35.25,5.045,30.666666666666668,16.0,34.65,34.666666666666664,35.63315217391304
17,2,Trevor Ariza,0.0,SAC,MIL,9.0,224.0,107.5,3,5.0,21.7,36.0,SF/PF,4700,2,12.0,10.0,107,100,-8%,9,5,5,32,29,25,21.7,17.4,8.1,26.7,32.0,33.3,7.1,22.8,4.84,20.9,31.0,4.4,21.85,4.62,28.666666666666668,6.333333333333333,19.15,20.900000000000002,23.628488372093024
17,3,Wesley Matthews,0.0,MIL,SAC,-9.0,224.0,116.5,27,7.5,11.4,22.3,SG/SF,3200,1,12.0,9.0,100,108,7%,6,5,6,28,25,25,11.3,15.0,7.6,22.4,20.8,5.8,1.8,16.0,5.0,15.4,24.5,4.8,15.7,4.9,26.0,5.666666666666667,14.4,13.733333333333334,14.794230769230769
17,4,Markelle Fultz,0.0,ORL,PHO,4.5,217.5,106.5,14,19.8,30.3,40.3,PG/SG,5800,1,22.0,14.0,105,109,3%,15,11,10,31,29,27,30.3,24.5,18.0,30.9,30.8,31.5,5.4,30.3,5.22,29.5,32.0,5.1,29.9,5.16,29.0,12.0,26.72,30.133333333333336,32.99310344827586
17,5,Dillon Brooks,0.0,MEM,SA,-1.5,231.0,116.3,25,22.5,28.1,33.3,SG/SF,5300,2,23.0,12.0,103,110,1%,18,17,13,30,28,28,28.1,25.6,17.2,34.0,30.6,44.5,8.4,26.0,4.91,25.5,28.5,4.8,25.75,4.855,28.666666666666668,16.0,26.130000000000003,27.96666666666667,25.600290697674417
17,6,Myles Turner,0.0,IND,CHI,1.5,213.0,105.8,23,23.8,28.3,35.3,C,6100,1,18.0,15.0,103,105,10%,11,11,10,32,31,30,28.3,27.6,19.0,36.2,33.4,56.0,9.2,29.3,4.8,35.7,33.0,5.9,32.5,5.35,31.0,10.666666666666666,28.720000000000006,29.133333333333336,34.596774193548384
17,7,Jakob Poeltl,0.0,SA,MEM,1.5,231.0,114.8,12,8.0,15.0,20.8,C,3300,1,13.0,18.0,106,110,5%,2,3,4,13,14,18,14.9,18.5,10.3,26.6,11.8,17.0,5.2,15.5,4.7,16.7,15.5,5.1,16.1,4.9,15.0,3.0,17.28,14.6,16.63666666666667
18,0,Devonte' Graham,0.0,CHA,UTA,12.5,211.0,99.3,2,28.3,37.6,54.0,PG,7600,1,27.0,17.0,101,104,-3%,15,13,16,38,40,35,37.4,38.5,28.5,48.5,25.5,13.5,1.8,36.8,4.84,36.8,36.5,4.8,36.8,4.82,37.666666666666664,14.666666666666666,37.94,39.96666666666667,35.66017699115044
18,1,Gary Payton II,0.0,WAS,ATL,-1.0,239.0,120.0,9,5.5,12.4,19.5,PG/SG,4300,1,0.0,0.0,106,111,1%,4,4,6,23,20,24,12.3,21.4,8.2,34.6,22.6,22.3,5.2,21.5,5.0,19.5,19.5,4.5,20.5,4.75,22.333333333333332,4.666666666666667,19.400000000000002,12.466666666666667,17.899253731343286
18,2,T.J. Warren,0.0,IND,CHI,1.5,213.0,105.8,30,9.0,31.9,50.3,SF/PF,5700,1,22.0,16.0,103,105,1%,15,14,14,29,32,33,31.9,27.9,17.2,38.6,29.6,29.3,5.1,29.8,5.22,31.1,33.0,5.5,30.450000000000003,5.359999999999999,31.333333333333332,14.333333333333334,29.21,30.399999999999995,32.069680851063836
18,3,Evan Fournier,0.0,ORL,PHO,4.5,217.5,106.5,2,20.3,25.9,33.5,SG/SF,6100,1,25.0,17.0,105,109,4%,9,12,14,29,31,31,25.9,29.8,21.7,37.8,37.5,39.3,6.4,31.0,5.08,32.5,34.0,5.3,31.75,5.1899999999999995,30.333333333333332,11.666666666666666,29.389999999999997,26.566666666666666,35.58791208791209
18,4,Spencer Dinwiddie,0.0,BKN,MIA,3.5,217.0,106.8,10,27.3,35.8,55.8,PG/SG,7400,2,33.0,19.0,101,105,-10%,20,19,18,32,32,32,35.8,38.8,28.7,49.0,35.1,59.5,8.0,35.5,4.8,38.5,33.0,5.2,37.0,5.0,32.0,19.0,37.86,39.63333333333333,38.15625
18,5,Patrick Patterson,0.0,LAC,GS,-14.5,217.5,116.0,18,2.0,9.7,25.0,PF/C,3000,4,14.0,12.0,103,109,0%,4,5,4,10,12,14,9.7,11.2,2.9,19.5,2.6,3.5,1.2,6.8,2.25,7.5,10.0,2.5,7.15,2.375,12.0,4.333333333333333,10.09,12.233333333333334,5.958333333333333
18,6,Derrick Favors,0.0,NO,NY,-4.5,226.5,115.5,1,24.8,33.9,45.0,PF/C,6900,1,16.0,20.0,101,111,8%,7,8,8,27,30,26,33.9,30.0,19.2,40.8,11.3,14.0,2.0,33.3,4.82,33.6,29.0,4.9,33.45,4.86,27.666666666666668,7.666666666666667,31.47,34.56666666666667,35.06204819277109
18,7,JaMychal Green,0.0,LAC,GS,-14.5,217.5,116.0,28,10.0,19.1,31.8,SF/PF,5000,4,14.0,12.0,103,109,0%,5,5,6,25,24,22,19.1,19.4,10.3,28.4,24.1,16.3,3.3,23.5,4.7,22.1,23.5,4.4,22.8,4.550000000000001,23.666666666666668,5.333333333333333,20.0,20.3,22.639436619718307
19,0,Dejounte Murray,0.0,SA,MEM,1.5,231.0,114.8,15,17.0,28.5,34.5,PG,6000,1,22.0,18.0,106,110,4%,10,10,9,27,26,24,28.5,27.4,18.3,36.4,24.1,18.3,3.1,30.3,5.04,30.0,26.0,5.0,30.15,5.02,25.666666666666668,9.666666666666666,28.15,26.666666666666668,30.541558441558436
19,1,Malik Monk,0.0,CHA,UTA,12.5,211.0,99.3,2,4.8,10.8,24.8,PG/SG,3800,1,22.0,12.0,101,104,-11%,6,5,8,21,17,20,10.8,16.8,6.7,26.8,13.2,4.8,1.3,13.3,3.49,14.0,17.5,3.7,13.65,3.595,19.333333333333332,6.333333333333333,14.950000000000003,13.466666666666669,12.355603448275865
19,2,JaMychal Green,0.0,LAC,GS,-14.5,217.5,116.0,28,10.0,19.1,31.8,SF/PF,5000,4,14.0,12.0,103,109,0%,5,5,6,25,24,22,19.1,19.4,10.3,28.4,24.1,16.3,3.3,23.5,4.7,22.1,23.5,4.4,22.8,4.550000000000001,23.666666666666668,5.333333333333333,20.0,20.3,22.639436619718307
19,3,Evan Fournier,0.0,ORL,PHO,4.5,217.5,106.5,2,20.3,25.9,33.5,SG/SF,6100,1,25.0,17.0,105,109,4%,9,12,14,29,31,31,25.9,29.8,21.7,37.8,37.5,39.3,6.4,31.0,5.08,32.5,34.0,5.3,31.75,5.1899999999999995,30.333333333333332,11.666666666666666,29.389999999999997,26.566666666666666,35.58791208791209
19,4,Seth Curry,0.0,DAL,LAL,-2.5,223.0,112.8,20,12.0,19.9,33.0,PG/SG,3700,1,18.0,13.0,103,102,-1%,9,10,8,23,26,23,19.9,17.2,6.3,28.2,31.7,23.8,6.4,17.5,4.73,18.4,23.0,5.0,17.95,4.865,24.0,9.0,17.91,21.633333333333336,17.202083333333334
19,5,Rayjon Tucker,0.0,UTA,CHA,-12.5,211.0,111.8,5,2.0,3.4,4.3,SG/SF,3000,1,0.0,0.0,99,111,-4%,1,2,2,7,5,5,3.4,3.4,2.4,4.4,16.8,5.0,1.7,12.0,4.0,0.0,0.0,0.0,6.0,2.0,5.666666666666667,1.6666666666666667,3.9200000000000004,3.233333333333333,0.0
19,6,Dwight Howard,0.0,LAL,DAL,2.5,223.0,110.3,25,6.8,22.4,36.3,C,5600,2,13.0,18.0,101,107,3%,6,5,4,23,20,20,22.3,20.4,12.0,28.9,10.2,19.5,3.5,25.8,4.6,26.7,24.5,4.8,26.25,4.699999999999999,21.0,5.0,21.97,21.833333333333332,30.625
19,7,Dario Saric,0.0,PHO,ORL,-4.5,217.5,111.0,14,1.3,5.7,11.0,SF/PF,3100,2,17.0,13.0,100,103,0%,5,5,9,16,19,27,11.2,24.4,12.2,36.6,20.5,12.5,4.0,12.8,4.11,16.2,18.5,5.2,14.5,4.655,20.666666666666668,6.333333333333333,19.779999999999998,6.0,12.979838709677418
20,0,Kris Dunn,0.0,CHI,IND,-1.5,213.0,107.3,21,10.5,24.4,41.0,PG/SF,5500,1,16.0,12.0,101,105,0%,10,8,7,27,29,25,24.4,21.5,13.0,30.1,29.4,11.0,2.0,26.3,4.77,25.2,30.5,4.6,25.75,4.685,27.0,8.333333333333334,22.95,25.3,29.087962962962962
20,1,Duncan Robinson,0.0,MIA,BKN,-3.5,217.0,110.3,1,13.0,20.0,29.3,SG/SF,4000,1,15.0,13.0,105,105,13%,12,10,9,33,29,28,19.9,20.9,11.4,30.4,27.1,11.5,2.9,20.5,5.13,20.4,29.5,5.1,20.45,5.115,30.0,10.333333333333334,20.61,20.766666666666666,20.109166666666667
20,2,Amile Jefferson,0.0,ORL,PHO,4.5,217.5,106.5,29,0.0,4.1,14.5,PF/C,3000,1,0.0,0.0,105,109,0%,1,1,1,3,6,4,3.7,2.9,-1.3,7.2,16.4,10.3,3.4,4.8,1.58,12.4,13.5,4.1,8.6,2.84,4.333333333333333,1.0,4.220000000000001,6.2,26.792307692307695
20,3,Moe Harkless,0.0,LAC,GS,-14.5,217.5,116.0,28,2.8,16.7,31.8,SF/PF,4400,4,10.0,10.0,103,109,2%,3,4,5,19,21,23,16.6,15.5,8.0,23.0,21.0,15.5,3.5,20.3,4.6,16.4,21.5,3.7,18.35,4.15,21.0,4.0,16.29,17.099999999999998,18.786904761904765
20,4,DeMar DeRozan,0.0,SA,MEM,1.5,231.0,114.8,9,37.8,40.4,44.5,SG/SF,7200,1,27.0,21.0,106,110,6%,16,18,16,33,35,34,40.4,37.7,30.7,44.7,37.8,62.8,8.7,38.8,5.38,38.4,34.0,5.3,38.599999999999994,5.34,34.0,16.666666666666668,38.42,40.9,38.599999999999994
20,5,Rudy Gay,0.0,SA,MEM,1.5,231.0,114.8,21,10.0,19.9,29.0,SF/PF,4200,1,21.0,16.0,106,110,6%,9,7,9,23,22,23,19.9,23.5,15.3,31.7,25.7,25.8,6.1,24.3,5.77,22.3,21.5,5.3,23.3,5.535,22.666666666666668,8.333333333333334,22.74,19.633333333333333,22.100735294117644
20,6,Taj Gibson,0.0,NY,NO,4.5,226.5,111.0,30,3.5,10.9,19.8,PF/C,3300,1,15.0,12.0,105,110,5%,6,4,4,16,15,16,11.1,13.2,6.5,19.9,25.7,30.5,9.2,17.0,5.15,16.3,17.5,4.9,16.65,5.025,15.666666666666666,4.666666666666667,13.469999999999999,11.4,18.59840425531915
20,7,Admiral Schofield,0.0,WAS,ATL,-1.0,239.0,120.0,18,-0.5,6.5,29.5,SF/PF,4600,1,12.0,7.0,106,111,1%,7,3,3,20,11,12,6.5,7.2,-1.9,16.3,9.0,3.5,0.8,21.3,4.62,7.9,11.0,1.7,14.600000000000001,3.16,14.333333333333334,4.333333333333333,8.540000000000001,11.833333333333334,11.2046511627907
21,0,Tomas Satoransky,0.0,CHI,IND,-1.5,213.0,107.3,21,12.5,24.7,41.8,PG/SF,5800,1,18.0,14.0,101,105,0%,9,9,8,30,32,29,24.6,26.0,15.9,36.1,37.2,24.8,4.3,29.3,5.04,29.0,33.5,5.0,29.15,5.02,30.333333333333332,8.666666666666666,26.35,26.333333333333332,32.19313186813187
21,1,Grayson Allen,0.0,MEM,SA,-1.5,231.0,116.3,18,2.0,9.8,25.3,PG/SG,3000,2,19.0,11.0,103,110,1%,3,5,6,9,13,17,9.8,13.3,6.4,20.2,19.6,7.3,2.4,13.3,4.42,9.4,11.5,3.1,11.350000000000001,3.76,13.0,4.666666666666667,12.209999999999999,12.366666666666667,10.040384615384617
21,2,Derrick Jones Jr.,0.0,MIA,BKN,-3.5,217.0,110.3,25,9.5,25.3,36.0,SF/PF,5300,1,15.0,13.0,105,105,-17%,14,10,7,33,31,26,25.3,19.9,10.7,29.1,23.4,20.0,3.8,22.8,4.29,23.4,30.0,4.4,23.1,4.345000000000001,30.0,10.333333333333334,21.620000000000005,23.599999999999998,23.1
21,3,Harrison Barnes,0.0,SAC,MIL,9.0,224.0,107.5,3,6.3,23.8,40.0,SF/PF,5400,2,18.0,14.0,107,100,-8%,8,9,12,31,33,35,23.8,26.9,17.6,36.2,36.3,27.8,5.1,26.0,4.81,25.6,34.0,4.7,25.8,4.755,33.0,9.666666666666666,26.060000000000002,23.366666666666664,26.581818181818182
21,4,Coby White,0.0,CHI,IND,-1.5,213.0,107.3,21,11.5,20.1,34.0,PG/SG,4300,1,23.0,10.0,101,105,0%,10,11,11,27,26,25,20.1,21.3,11.7,30.8,28.8,34.3,8.0,20.3,4.71,20.9,24.0,4.9,20.6,4.805,26.0,10.666666666666666,20.9,21.866666666666664,19.01538461538462
21,5,Cameron Johnson,0.0,PHO,ORL,-4.5,217.5,111.0,14,3.5,6.9,11.3,SF/PF,3000,2,16.0,12.0,100,103,-3%,4,4,7,12,15,20,6.9,15.3,6.8,23.8,11.0,8.0,2.7,10.0,3.33,8.1,12.0,2.7,9.05,3.015,15.666666666666666,5.0,12.37,7.233333333333334,6.931914893617021
21,6,Harry Giles III,0.0,SAC,MIL,9.0,224.0,107.5,28,11.3,15.3,19.5,PF/C,4000,2,0.0,0.0,107,100,3%,7,6,5,16,15,11,15.3,11.3,4.7,18.0,15.1,15.8,4.0,15.3,3.81,19.3,18.5,4.8,17.3,4.305,14.0,6.0,13.320000000000002,15.366666666666667,22.860714285714288
21,7,Daniel Gafford,0.0,CHI,IND,-1.5,213.0,107.3,6,10.0,17.0,27.0,C,5100,1,13.0,18.0,101,105,-5%,4,4,3,20,17,12,17.0,10.7,2.0,19.4,27.4,12.0,2.4,23.3,4.56,24.1,27.0,4.7,23.700000000000003,4.63,16.333333333333332,3.6666666666666665,14.559999999999999,18.0,39.177551020408174
22,0,Luka Doncic,0.0,DAL,LAL,-2.5,223.0,112.8,20,52.3,65.0,76.0,PG/SF,12600,1,39.0,31.0,103,102,-2%,24,25,21,36,38,34,65.5,60.9,46.9,74.9,32.1,47.0,3.7,62.3,4.94,65.0,35.0,5.2,63.65,5.07,36.0,23.333333333333332,62.370000000000005,64.43333333333334,61.88194444444444
22,1,Alec Burks,0.0,GS,LAC,14.5,217.5,101.5,16,12.8,33.1,45.8,PG/SG,5900,1,23.0,17.0,105,105,0%,12,12,13,26,29,30,33.0,30.2,19.3,41.1,31.6,33.0,5.6,27.5,4.66,27.9,26.5,4.7,27.7,4.68,28.333333333333332,12.333333333333334,30.26,30.566666666666666,25.907647058823528
22,2,Jae Crowder,0.0,MEM,SA,-1.5,231.0,116.3,23,11.8,32.2,62.0,SF/PF,5500,2,16.0,12.0,103,110,2%,5,10,10,28,29,31,32.1,26.5,15.2,37.7,22.9,12.8,2.3,27.0,4.91,26.8,30.0,4.9,26.9,4.905,29.333333333333332,8.333333333333334,27.68,35.333333333333336,27.511363636363633
22,3,Jeremy Lamb,0.0,IND,CHI,1.5,213.0,105.8,29,21.0,31.5,45.0,SG/SF,5900,1,20.0,16.0,103,105,-3%,11,11,12,30,29,31,31.4,28.3,20.5,36.1,15.4,7.3,1.2,28.8,4.87,28.5,29.0,4.8,28.65,4.835,30.0,11.333333333333334,28.990000000000002,32.5,27.695
22,4,Cam Reddish,0.0,ATL,WAS,1.0,239.0,119.0,24,10.8,14.2,20.8,SG/SF,3500,1,18.0,6.0,106,114,4%,8,6,9,18,23,26,14.2,17.8,10.5,25.0,35.2,27.0,7.7,14.3,4.07,14.2,21.0,4.1,14.25,4.085,22.333333333333332,7.666666666666667,16.35,15.266666666666666,13.399253731343284
22,5,Kyle Korver,0.0,MIL,SAC,-9.0,224.0,116.5,27,2.3,14.1,20.8,SG/SF,3100,1,15.0,11.0,100,108,7%,5,4,5,14,17,17,13.9,12.8,6.4,19.1,8.9,1.8,0.6,11.3,3.63,11.8,14.5,3.8,11.55,3.715,16.0,4.666666666666667,12.75,12.4,10.467187500000001
22,6,Amile Jefferson,0.0,ORL,PHO,4.5,217.5,106.5,29,0.0,4.1,14.5,PF/C,3000,1,0.0,0.0,105,109,0%,1,1,1,3,6,4,3.7,2.9,-1.3,7.2,16.4,10.3,3.4,4.8,1.58,12.4,13.5,4.1,8.6,2.84,4.333333333333333,1.0,4.220000000000001,6.2,26.792307692307695
22,7,Jalen Brunson,0.0,DAL,LAL,-2.5,223.0,112.8,20,6.3,9.4,16.3,PG/SG,3100,1,22.0,15.0,103,102,-2%,4,5,6,14,15,17,9.4,16.5,5.0,27.9,14.2,13.3,4.3,13.5,4.35,13.2,14.0,4.3,13.35,4.324999999999999,15.333333333333334,5.0,14.429999999999998,10.666666666666666,12.189130434782607
23,0,Emmanuel Mudiay,0.0,UTA,CHA,-12.5,211.0,111.8,22,11.0,18.8,32.8,PG,4400,1,23.0,13.0,99,111,-4%,10,8,6,21,19,17,18.8,15.6,8.3,23.0,28.0,25.8,5.9,15.8,3.58,15.6,18.5,3.5,15.7,3.54,19.0,8.0,16.28,20.866666666666664,15.286842105263158
23,1,Dwayne Bacon,0.0,CHA,UTA,12.5,211.0,99.3,26,13.5,17.6,24.8,SG/SF,3700,1,20.0,7.0,101,104,-6%,6,8,7,23,23,18,17.8,12.3,2.3,22.3,18.2,9.3,2.5,16.0,4.32,15.8,22.5,4.3,15.9,4.3100000000000005,21.333333333333332,7.0,14.120000000000001,18.633333333333336,16.76953125
23,2,Jaren Jackson Jr.,0.0,MEM,SA,-1.5,231.0,116.3,8,31.8,37.6,42.8,PF/C,7100,2,24.0,18.0,103,110,2%,15,13,14,31,31,29,37.6,32.1,22.3,42.0,24.5,29.8,4.2,34.0,4.79,34.9,31.5,4.9,34.45,4.845000000000001,30.333333333333332,14.0,33.69,37.4,35.775000000000006
23,3,Damyean Dotson,0.0,NY,NO,4.5,226.5,111.0,15,2.0,10.4,18.5,SG/SF,3500,1,16.0,11.0,105,110,0%,5,4,6,14,18,17,10.3,11.6,4.3,18.9,17.8,17.0,4.9,15.8,4.5,15.9,20.0,4.5,15.850000000000001,4.5,16.333333333333332,5.0,12.19,10.299999999999999,19.408163265306126
23,4,Terry Rozier,0.0,CHA,UTA,12.5,211.0,99.3,2,20.0,39.5,50.5,PG/SG,6900,1,25.0,15.0,101,104,-3%,21,18,16,43,40,35,39.5,33.3,22.6,44.0,31.2,37.8,5.5,34.3,4.96,33.4,37.0,4.8,33.849999999999994,4.88,39.333333333333336,18.333333333333332,34.65,36.666666666666664,31.841949152542366
23,5,Terrence Ross,0.0,ORL,PHO,4.5,217.5,106.5,2,13.0,23.6,34.5,SG/SF,4500,1,22.0,14.0,105,109,2%,10,12,11,24,25,25,23.6,21.2,13.8,28.6,32.4,27.5,6.1,26.0,5.78,25.2,28.5,5.6,25.6,5.6899999999999995,24.666666666666668,11.0,22.560000000000002,23.7,29.578378378378382
23,6,Jarrett Allen,0.0,BKN,MIA,3.5,217.0,106.8,29,14.3,19.5,27.8,C,5600,2,15.0,21.0,101,105,-6%,7,5,7,29,27,27,19.4,30.6,19.2,41.9,28.1,30.3,5.4,29.8,5.31,28.3,27.0,5.1,29.05,5.205,27.666666666666668,6.333333333333333,28.03,20.53333333333333,28.35
23,7,Ky Bowman,0.0,GS,LAC,14.5,217.5,101.5,16,6.5,15.4,19.3,PG,3500,1,18.0,10.0,105,105,0%,10,8,7,23,22,23,15.4,17.3,6.7,28.0,18.2,9.8,2.8,19.5,5.57,18.5,22.5,5.3,19.0,5.4350000000000005,22.666666666666668,8.333333333333334,17.28,13.733333333333334,18.860294117647058
24,0,Markelle Fultz,0.0,ORL,PHO,4.5,217.5,106.5,14,19.8,30.3,40.3,PG/SG,5800,1,22.0,14.0,105,109,3%,15,11,10,31,29,27,30.3,24.5,18.0,30.9,30.8,31.5,5.4,30.3,5.22,29.5,32.0,5.1,29.9,5.16,29.0,12.0,26.72,30.133333333333336,32.99310344827586
24,1,DeAndre' Bembry,0.0,ATL,WAS,1.0,239.0,119.0,24,4.0,9.4,21.0,SG/SF,3100,1,14.0,10.0,106,114,5%,4,5,6,10,15,22,9.3,16.8,6.7,26.9,17.4,13.3,4.3,8.5,2.74,8.5,11.0,2.7,8.5,2.72,15.666666666666666,5.0,13.64,11.466666666666667,5.968085106382979
24,2,Maxi Kleber,0.0,DAL,LAL,-2.5,223.0,112.8,14,15.0,29.6,37.5,PF/C,5800,1,14.0,14.0,103,102,-6%,8,9,7,25,30,25,29.6,20.0,12.0,28.1,22.7,12.0,2.1,20.5,3.53,21.1,25.5,3.6,20.8,3.565,26.666666666666668,8.0,22.1,27.366666666666664,19.89
24,3,Rodney McGruder,0.0,LAC,GS,-14.5,217.5,116.0,22,7.3,9.6,12.3,SG/SF,3100,4,10.0,7.0,103,109,6%,2,2,4,13,14,17,9.6,9.9,2.3,17.5,13.5,7.3,2.4,11.3,3.63,8.0,12.0,2.6,9.65,3.115,14.666666666666666,2.6666666666666665,9.79,9.733333333333333,7.8954545454545455
24,4,RJ Barrett,0.0,NY,NO,4.5,226.5,111.0,17,11.0,21.2,35.5,PG/SG,5200,1,23.0,10.0,105,110,5%,15,12,13,29,30,32,21.1,26.6,15.5,37.7,32.5,33.3,6.4,30.3,5.82,29.3,31.0,5.6,29.8,5.71,30.333333333333332,13.333333333333334,26.140000000000004,22.566666666666666,30.454945054945057
24,5,Drew Eubanks,0.0,SA,MEM,1.5,231.0,114.8,24,0.0,7.8,21.5,PF/C,3000,1,0.0,0.0,106,110,5%,2,2,2,3,7,6,7.8,7.0,-0.9,14.9,1.8,2.0,0.7,6.0,2.0,0.0,0.0,0.0,3.0,1.0,5.333333333333333,2.0,6.360000000000001,9.766666666666667,0.0
24,6,Jaxson Hayes,0.0,NO,NY,-4.5,226.5,115.5,30,4.3,17.3,38.5,C,4000,1,14.0,18.0,101,111,8%,7,4,5,22,18,21,17.6,19.3,11.1,27.5,29.4,39.0,9.8,18.5,4.63,17.1,19.5,4.3,17.8,4.465,20.333333333333332,5.333333333333333,18.66,20.033333333333335,17.070491803278692
24,7,Ian Mahinmi,0.0,WAS,ATL,-1.0,239.0,120.0,26,7.5,15.2,29.5,C,4300,1,16.0,15.0,106,111,5%,3,3,5,17,20,21,15.2,19.9,11.2,28.7,27.1,26.0,6.0,19.5,4.53,23.4,22.5,5.4,21.45,4.965,19.333333333333332,3.6666666666666665,19.29,17.400000000000002,24.963362068965516
25,0,Donte DiVincenzo,0.0,MIL,SAC,-9.0,224.0,116.5,3,13.8,21.5,25.0,PG/SG,5000,1,17.0,14.0,100,108,7%,11,7,8,26,26,24,21.4,22.0,14.3,29.7,23.6,31.3,6.3,18.3,3.65,20.6,22.5,4.1,19.450000000000003,3.875,25.333333333333332,8.666666666666666,21.369999999999997,20.099999999999998,17.274671052631582
25,1,Justin James,0.0,SAC,MIL,9.0,224.0,107.5,21,0.0,8.3,23.8,SG/SF,3000,2,0.0,0.0,107,100,1%,3,1,3,5,2,10,1.9,7.4,-0.8,15.6,3.0,1.5,0.5,12.8,4.25,0.0,0.0,0.0,6.4,2.125,5.666666666666667,2.3333333333333335,6.1,10.700000000000001,0.0
25,2,Kyle Anderson,0.0,MEM,SA,-1.5,231.0,116.3,23,2.5,10.6,21.3,SF/PF,3000,2,15.0,13.0,103,110,1%,2,3,4,14,13,17,10.6,15.3,7.6,23.1,11.9,8.8,2.9,13.3,4.42,10.2,11.5,3.4,11.75,3.91,14.666666666666666,3.0,13.669999999999998,11.466666666666667,9.213068181818182
25,3,Joe Ingles,0.0,UTA,CHA,-12.5,211.0,111.8,5,22.0,28.9,39.5,SG/SF,5600,1,17.0,13.0,99,111,0%,11,10,8,27,30,30,28.9,25.5,15.4,35.6,21.3,18.0,3.2,29.3,5.22,28.9,31.0,5.2,29.1,5.21,29.0,9.666666666666666,26.9,30.133333333333336,31.10689655172414
25,4,Glenn Robinson III,0.0,GS,LAC,14.5,217.5,101.5,10,14.5,25.2,35.8,SG/SF,4500,1,16.0,12.0,105,105,0%,13,14,11,28,32,32,25.1,23.1,15.0,31.2,34.0,29.8,6.6,20.0,4.44,22.1,30.0,4.9,21.05,4.67,30.666666666666668,12.666666666666666,23.09,25.166666666666668,20.592391304347824
25,5,Terrence Ross,0.0,ORL,PHO,4.5,217.5,106.5,2,13.0,23.6,34.5,SG/SF,4500,1,22.0,14.0,105,109,2%,10,12,11,24,25,25,23.6,21.2,13.8,28.6,32.4,27.5,6.1,26.0,5.78,25.2,28.5,5.6,25.6,5.6899999999999995,24.666666666666668,11.0,22.560000000000002,23.7,29.578378378378382
25,6,Bobby Portis,0.0,NY,NO,4.5,226.5,111.0,30,7.5,23.6,40.8,PF/C,6400,1,21.0,15.0,105,110,5%,12,11,9,21,21,22,26.4,22.0,11.6,32.3,29.2,24.8,3.9,35.0,5.47,34.1,29.0,5.3,34.55,5.385,21.333333333333332,10.666666666666666,25.369999999999997,23.96666666666667,46.96640625
25,7,Montrezl Harrell,0.0,LAC,GS,-14.5,217.5,116.0,18,17.0,32.7,44.5,PF/C,6700,4,25.0,23.0,103,109,0%,19,15,14,31,29,30,32.6,34.7,23.6,45.7,30.2,29.5,4.4,33.8,5.04,34.9,29.0,5.2,34.349999999999994,5.12,30.0,16.0,34.190000000000005,31.400000000000002,33.20499999999999
26,0,Gary Payton II,0.0,WAS,ATL,-1.0,239.0,120.0,9,5.5,12.4,19.5,PG/SG,4300,1,0.0,0.0,106,111,1%,4,4,6,23,20,24,12.3,21.4,8.2,34.6,22.6,22.3,5.2,21.5,5.0,19.5,19.5,4.5,20.5,4.75,22.333333333333332,4.666666666666667,19.400000000000002,12.466666666666667,17.899253731343286
26,1,Evan Fournier,0.0,ORL,PHO,4.5,217.5,106.5,2,20.3,25.9,33.5,SG/SF,6100,1,25.0,17.0,105,109,4%,9,12,14,29,31,31,25.9,29.8,21.7,37.8,37.5,39.3,6.4,31.0,5.08,32.5,34.0,5.3,31.75,5.1899999999999995,30.333333333333332,11.666666666666666,29.389999999999997,26.566666666666666,35.58791208791209
26,2,Drew Eubanks,0.0,SA,MEM,1.5,231.0,114.8,24,0.0,7.8,21.5,PF/C,3000,1,0.0,0.0,106,110,5%,2,2,2,3,7,6,7.8,7.0,-0.9,14.9,1.8,2.0,0.7,6.0,2.0,0.0,0.0,0.0,3.0,1.0,5.333333333333333,2.0,6.360000000000001,9.766666666666667,0.0
26,3,Josh Hart,0.0,NO,NY,-4.5,226.5,115.5,8,14.3,20.7,30.8,SG/SF,5100,1,16.0,12.0,101,111,-2%,8,8,9,30,28,28,21.6,24.8,16.3,33.2,36.7,32.5,6.4,26.0,5.1,26.0,31.0,5.1,26.0,5.1,28.666666666666668,8.333333333333334,24.380000000000003,21.933333333333334,28.11627906976744
26,4,Joe Ingles,0.0,UTA,CHA,-12.5,211.0,111.8,5,22.0,28.9,39.5,SG/SF,5600,1,17.0,13.0,99,111,0%,11,10,8,27,30,30,28.9,25.5,15.4,35.6,21.3,18.0,3.2,29.3,5.22,28.9,31.0,5.2,29.1,5.21,29.0,9.666666666666666,26.9,30.133333333333336,31.10689655172414
26,5,Cam Reddish,0.0,ATL,WAS,1.0,239.0,119.0,24,10.8,14.2,20.8,SG/SF,3500,1,18.0,6.0,106,114,4%,8,6,9,18,23,26,14.2,17.8,10.5,25.0,35.2,27.0,7.7,14.3,4.07,14.2,21.0,4.1,14.25,4.085,22.333333333333332,7.666666666666667,16.35,15.266666666666666,13.399253731343284
26,6,Rudy Gobert,0.0,UTA,CHA,-12.5,211.0,111.8,15,33.3,40.8,47.8,C,8600,1,16.0,21.0,99,111,6%,9,9,9,34,35,35,36.0,40.7,31.7,49.7,29.1,48.8,5.7,43.8,5.09,43.7,33.5,5.1,43.75,5.095,34.666666666666664,9.0,40.37,40.63333333333333,42.27764423076923
26,7,Kevin Huerter,0.0,ATL,WAS,1.0,239.0,119.0,12,26.5,37.4,45.5,PG/SG,6100,1,19.0,13.0,106,114,9%,11,14,10,35,37,27,37.4,24.2,14.9,33.5,25.7,25.3,4.1,31.0,5.08,31.2,34.5,5.1,31.1,5.09,33.0,11.666666666666666,28.22,36.46666666666667,32.513636363636365
27,0,Seth Curry,0.0,DAL,LAL,-2.5,223.0,112.8,20,12.0,19.9,33.0,PG/SG,3700,1,18.0,13.0,103,102,-1%,9,10,8,23,26,23,19.9,17.2,6.3,28.2,31.7,23.8,6.4,17.5,4.73,18.4,23.0,5.0,17.95,4.865,24.0,9.0,17.91,21.633333333333336,17.202083333333334
27,1,Derrick White,0.0,SA,MEM,1.5,231.0,114.8,15,18.0,22.1,26.8,PG/SG,4100,1,18.0,15.0,106,110,4%,6,6,7,20,23,24,22.1,20.8,13.7,27.9,19.6,10.3,2.5,20.3,4.94,19.7,21.5,4.8,20.0,4.87,22.333333333333332,6.333333333333333,20.900000000000002,22.3,19.253731343283583
27,2,Khem Birch,0.0,ORL,PHO,4.5,217.5,106.5,29,0.8,14.4,32.8,PF/C,4100,1,9.0,11.0,105,109,3%,3,2,3,22,21,23,14.4,15.6,6.9,24.2,29.8,22.3,5.4,16.3,3.96,22.2,29.5,5.4,19.25,4.68,22.0,2.6666666666666665,16.07,16.0,25.8125
27,3,Timothe Luwawu-Cabarrot,0.0,BKN,MIA,3.5,217.0,106.8,20,2.8,11.6,19.8,SG/SF,3200,2,14.0,5.0,101,105,-2%,6,6,5,17,20,19,11.6,10.3,2.1,18.5,20.6,16.3,5.1,14.8,4.61,11.7,18.5,3.7,13.25,4.155,18.666666666666668,5.666666666666667,11.15,11.4,13.131696428571427
27,4,Dillon Brooks,0.0,MEM,SA,-1.5,231.0,116.3,25,22.5,28.1,33.3,SG/SF,5300,2,23.0,12.0,103,110,1%,18,17,13,30,28,28,28.1,25.6,17.2,34.0,30.6,44.5,8.4,26.0,4.91,25.5,28.5,4.8,25.75,4.855,28.666666666666668,16.0,26.130000000000003,27.96666666666667,25.600290697674417
27,5,Rudy Gay,0.0,SA,MEM,1.5,231.0,114.8,21,10.0,19.9,29.0,SF/PF,4200,1,21.0,16.0,106,110,6%,9,7,9,23,22,23,19.9,23.5,15.3,31.7,25.7,25.8,6.1,24.3,5.77,22.3,21.5,5.3,23.3,5.535,22.666666666666668,8.333333333333334,22.74,19.633333333333333,22.100735294117644
27,6,Jarrett Allen,0.0,BKN,MIA,3.5,217.0,106.8,29,14.3,19.5,27.8,C,5600,2,15.0,21.0,101,105,-6%,7,5,7,29,27,27,19.4,30.6,19.2,41.9,28.1,30.3,5.4,29.8,5.31,28.3,27.0,5.1,29.05,5.205,27.666666666666668,6.333333333333333,28.03,20.53333333333333,28.35
27,7,Dario Saric,0.0,PHO,ORL,-4.5,217.5,111.0,14,1.3,5.7,11.0,SF/PF,3100,2,17.0,13.0,100,103,0%,5,5,9,16,19,27,11.2,24.4,12.2,36.6,20.5,12.5,4.0,12.8,4.11,16.2,18.5,5.2,14.5,4.655,20.666666666666668,6.333333333333333,19.779999999999998,6.0,12.979838709677418
28,0,Alec Burks,0.0,GS,LAC,14.5,217.5,101.5,16,12.8,33.1,45.8,PG/SG,5900,1,23.0,17.0,105,105,0%,12,12,13,26,29,30,33.0,30.2,19.3,41.1,31.6,33.0,5.6,27.5,4.66,27.9,26.5,4.7,27.7,4.68,28.333333333333332,12.333333333333334,30.26,30.566666666666666,25.907647058823528
28,1,De'Anthony Melton,0.0,MEM,SA,-1.5,231.0,116.3,18,14.0,19.1,27.3,PG/SG,4200,2,21.0,18.0,103,110,6%,5,6,6,18,20,18,19.1,19.8,10.1,29.5,17.4,29.0,6.9,17.8,4.23,18.7,18.0,4.5,18.25,4.365,18.666666666666668,5.666666666666667,19.35,20.133333333333336,17.598214285714285
28,2,Chandler Hutchison,0.0,CHI,IND,-1.5,213.0,107.3,4,0.0,7.7,17.3,SF/PF,3000,1,0.0,0.0,101,105,-18%,2,3,4,10,10,16,7.7,12.5,4.5,20.5,10.8,6.0,2.0,6.8,2.25,8.4,12.0,2.8,7.6,2.525,12.0,3.0,10.56,8.333333333333334,7.6
28,3,Justin Jackson,0.0,DAL,LAL,-2.5,223.0,112.8,6,13.0,16.1,19.3,SF/PF,3200,1,17.0,11.0,103,102,-5%,8,8,6,18,21,16,16.1,11.6,4.8,18.3,13.2,3.0,0.9,16.0,5.0,14.7,19.5,4.6,15.35,4.8,18.333333333333332,7.333333333333333,13.229999999999999,16.133333333333336,16.326818181818183
28,4,Frank Ntilikina,0.0,NY,NO,4.5,226.5,111.0,17,10.0,20.7,34.3,PG/SG,3500,1,15.0,10.0,105,110,5%,8,6,6,16,20,23,20.4,16.7,5.9,27.5,15.3,17.3,4.9,14.3,4.07,15.9,18.5,4.5,15.100000000000001,4.285,19.666666666666668,6.666666666666667,17.119999999999997,21.666666666666668,14.204237288135593
28,5,Danny Green,0.0,LAL,DAL,2.5,223.0,110.3,3,12.8,23.7,45.8,SG/SF,4400,2,14.0,12.0,101,107,-3%,7,8,7,23,25,25,23.6,19.1,10.0,28.3,22.4,12.3,2.8,18.3,4.15,19.9,26.0,4.5,19.1,4.325,24.333333333333332,7.333333333333333,20.02,27.433333333333334,20.40821917808219
28,6,Brook Lopez,0.0,MIL,SAC,-9.0,224.0,116.5,3,14.3,26.5,33.0,C,5200,1,16.0,14.0,100,108,-6%,8,9,9,25,27,27,26.5,26.1,16.9,35.4,19.6,12.8,2.5,23.0,4.42,24.2,26.5,4.7,23.6,4.5600000000000005,26.333333333333332,8.666666666666666,25.7,24.599999999999998,23.7493670886076
28,7,Zach LaVine,0.0,CHI,IND,-1.5,213.0,107.3,21,32.5,44.8,52.5,PG/SG,8300,1,31.0,19.0,101,105,0%,24,23,19,38,37,34,44.8,39.0,27.6,50.5,37.8,56.5,6.8,41.5,5.0,43.5,37.5,5.2,42.5,5.1,36.333333333333336,22.0,40.88,43.26666666666667,43.86467889908257
30,0,Emmanuel Mudiay,0.0,UTA,CHA,-12.5,211.0,111.8,22,11.0,18.8,32.8,PG,4400,1,23.0,13.0,99,111,-4%,10,8,6,21,19,17,18.8,15.6,8.3,23.0,28.0,25.8,5.9,15.8,3.58,15.6,18.5,3.5,15.7,3.54,19.0,8.0,16.28,20.866666666666664,15.286842105263158
30,1,Evan Fournier,0.0,ORL,PHO,4.5,217.5,106.5,2,20.3,25.9,33.5,SG/SF,6100,1,25.0,17.0,105,109,4%,9,12,14,29,31,31,25.9,29.8,21.7,37.8,37.5,39.3,6.4,31.0,5.08,32.5,34.0,5.3,31.75,5.1899999999999995,30.333333333333332,11.666666666666666,29.389999999999997,26.566666666666666,35.58791208791209
30,2,Dario Saric,0.0,PHO,ORL,-4.5,217.5,111.0,14,1.3,5.7,11.0,SF/PF,3100,2,17.0,13.0,100,103,0%,5,5,9,16,19,27,11.2,24.4,12.2,36.6,20.5,12.5,4.0,12.8,4.11,16.2,18.5,5.2,14.5,4.655,20.666666666666668,6.333333333333333,19.779999999999998,6.0,12.979838709677418
30,3,Vince Carter,0.0,ATL,WAS,1.0,239.0,119.0,5,0.0,7.5,10.3,SF/PF,3000,1,16.0,6.0,106,114,9%,3,4,5,14,16,16,7.5,10.3,3.2,17.3,8.7,3.5,1.2,13.0,4.33,8.9,12.0,3.0,10.95,3.665,15.333333333333334,4.0,9.85,5.933333333333334,8.569565217391304
30,4,Cody Martin,0.0,CHA,UTA,12.5,211.0,99.3,26,7.8,11.9,21.0,SG/SF,3000,1,14.0,11.0,101,104,-3%,2,4,3,8,14,15,9.8,10.8,2.5,19.2,14.9,4.0,1.3,3.8,1.25,0.0,0.0,0.0,1.9,0.625,12.333333333333334,3.0,8.84,13.566666666666668,0.0
30,5,Goga Bitadze,0.0,IND,CHI,1.5,213.0,105.8,10,2.8,6.3,11.8,PF/C,3000,1,15.0,12.0,103,105,10%,1,2,3,3,6,10,6.3,8.3,-0.6,17.3,14.6,12.3,4.1,12.5,4.17,14.1,14.0,4.7,13.3,4.4350000000000005,6.333333333333333,2.0,8.92,6.966666666666666,29.400000000000002
30,6,D.J. Wilson,0.0,MIL,SAC,-9.0,224.0,116.5,16,0.0,2.0,6.8,PF/C,3000,1,0.0,0.0,100,108,-12%,1,1,3,2,5,10,2.0,7.4,-0.2,14.9,2.7,4.3,1.4,10.5,3.5,10.7,14.5,3.6,10.6,3.55,5.666666666666667,1.6666666666666667,6.94,2.9333333333333336,27.123529411764704
30,7,Ricky Rubio,0.0,PHO,ORL,-4.5,217.5,111.0,1,27.3,32.3,46.8,PG,6900,2,23.0,16.0,100,103,-3%,9,9,12,36,33,33,32.3,36.9,27.1,46.8,34.6,43.3,6.3,33.0,4.78,36.0,34.0,5.2,34.5,4.99,34.0,10.0,35.519999999999996,35.46666666666666,34.5
32,0,Goran Dragic,0.0,MIA,BKN,-3.5,217.0,110.3,29,18.0,27.1,55.3,PG,5800,1,26.0,17.0,105,105,13%,14,12,12,28,25,28,27.1,29.8,21.0,38.6,28.8,27.0,4.7,28.5,4.91,29.1,27.5,5.0,28.8,4.955,27.0,12.666666666666666,29.060000000000002,33.46666666666667,29.333333333333332
32,1,Alec Burks,0.0,GS,LAC,14.5,217.5,101.5,16,12.8,33.1,45.8,PG/SG,5900,1,23.0,17.0,105,105,0%,12,12,13,26,29,30,33.0,30.2,19.3,41.1,31.6,33.0,5.6,27.5,4.66,27.9,26.5,4.7,27.7,4.68,28.333333333333332,12.333333333333334,30.26,30.566666666666666,25.907647058823528
32,2,Amile Jefferson,0.0,ORL,PHO,4.5,217.5,106.5,29,0.0,4.1,14.5,PF/C,3000,1,0.0,0.0,105,109,0%,1,1,1,3,6,4,3.7,2.9,-1.3,7.2,16.4,10.3,3.4,4.8,1.58,12.4,13.5,4.1,8.6,2.84,4.333333333333333,1.0,4.220000000000001,6.2,26.792307692307695
32,3,Taurean Prince,0.0,BKN,MIA,3.5,217.0,106.8,7,22.5,28.7,38.0,SF/PF,5300,2,19.0,9.0,101,105,-5%,13,13,12,33,31,31,28.7,27.5,18.0,37.0,31.6,31.5,5.9,24.0,4.53,25.7,30.5,4.8,24.85,4.665,31.666666666666668,12.666666666666666,27.21,29.733333333333334,23.934473684210527
32,4,Cory Joseph,0.0,SAC,MIL,9.0,224.0,107.5,23,13.3,19.3,22.3,PG/SG,3300,2,15.0,10.0,107,100,1%,8,7,6,26,21,26,19.3,17.7,10.0,25.4,19.3,6.5,2.0,16.3,4.92,16.4,23.5,5.0,16.35,4.96,24.333333333333332,7.0,17.75,18.3,15.790068493150686
32,5,Omari Spellman,0.0,GS,LAC,14.5,217.5,101.5,21,8.8,23.4,42.3,PF/C,4100,1,19.0,17.0,105,105,-5%,7,7,6,20,19,17,23.4,17.6,8.3,27.0,27.8,34.8,8.5,19.8,4.82,21.9,22.0,5.3,20.85,5.0600000000000005,18.666666666666668,6.666666666666667,19.43,24.833333333333332,24.573214285714283
32,6,Rudy Gobert,0.0,UTA,CHA,-12.5,211.0,111.8,15,33.3,40.8,47.8,C,8600,1,16.0,21.0,99,111,6%,9,9,9,34,35,35,36.0,40.7,31.7,49.7,29.1,48.8,5.7,43.8,5.09,43.7,33.5,5.1,43.75,5.095,34.666666666666664,9.0,40.37,40.63333333333333,42.27764423076923
32,7,JaMychal Green,0.0,LAC,GS,-14.5,217.5,116.0,28,10.0,19.1,31.8,SF/PF,5000,4,14.0,12.0,103,109,0%,5,5,6,25,24,22,19.1,19.4,10.3,28.4,24.1,16.3,3.3,23.5,4.7,22.1,23.5,4.4,22.8,4.550000000000001,23.666666666666668,5.333333333333333,20.0,20.3,22.639436619718307
34,0,Zach LaVine,0.0,CHI,IND,-1.5,213.0,107.3,21,32.5,44.8,52.5,PG/SG,8300,1,31.0,19.0,101,105,0%,24,23,19,38,37,34,44.8,39.0,27.6,50.5,37.8,56.5,6.8,41.5,5.0,43.5,37.5,5.2,42.5,5.1,36.333333333333336,22.0,40.88,43.26666666666667,43.86467889908257
34,1,Justin James,0.0,SAC,MIL,9.0,224.0,107.5,21,0.0,8.3,23.8,SG/SF,3000,2,0.0,0.0,107,100,1%,3,1,3,5,2,10,1.9,7.4,-0.8,15.6,3.0,1.5,0.5,12.8,4.25,0.0,0.0,0.0,6.4,2.125,5.666666666666667,2.3333333333333335,6.1,10.700000000000001,0.0
34,2,Alen Smailagic,0.0,GS,LAC,14.5,217.5,101.5,21,3.5,11.9,14.8,PF/C,3000,1,0.0,0.0,105,105,-5%,5,4,4,9,13,12,11.8,11.1,6.5,15.7,4.3,4.5,1.5,7.5,2.5,9.6,10.5,3.2,8.55,2.85,11.333333333333334,4.333333333333333,10.729999999999999,10.066666666666668,7.921323529411764
34,3,Royce O'Neale,0.0,UTA,CHA,-12.5,211.0,111.8,29,7.8,14.8,22.8,SF,4200,1,9.0,9.0,99,111,0%,4,4,5,32,29,30,14.8,18.6,11.5,25.7,24.3,25.0,6.0,19.5,4.64,19.8,30.0,4.7,19.65,4.67,30.333333333333332,4.333333333333333,18.05,15.133333333333335,19.434065934065934
34,4,Isaiah Thomas,0.0,WAS,ATL,-1.0,239.0,120.0,9,1.5,11.5,23.3,PG,3900,1,25.0,12.0,106,111,1%,11,10,11,24,21,25,14.4,22.9,14.0,31.8,22.8,12.0,3.1,22.8,5.83,23.9,23.5,6.1,23.35,5.965,23.333333333333332,10.666666666666666,21.29,12.1,23.516785714285717
34,5,Miles Bridges,0.0,CHA,UTA,12.5,211.0,99.3,1,13.8,33.1,45.3,SF/PF,6200,1,18.0,12.0,101,104,-6%,11,10,11,35,32,31,33.1,25.5,16.4,34.5,29.0,23.0,3.7,25.5,4.11,23.2,31.0,3.7,24.35,3.9050000000000002,32.666666666666664,10.666666666666666,26.77,30.733333333333334,23.107653061224493
34,6,Nikola Vucevic,0.0,ORL,PHO,4.5,217.5,106.5,17,42.5,47.2,49.8,C,8800,1,26.0,23.0,105,109,3%,16,18,16,29,31,32,47.1,43.3,34.0,52.6,33.0,43.8,5.0,45.5,5.17,46.0,33.0,5.2,45.75,5.1850000000000005,30.666666666666668,16.666666666666668,44.55,46.5,49.23097826086956
34,7,Jordan Clarkson,0.0,UTA,CHA,-12.5,211.0,111.8,22,13.8,19.5,28.3,PG/SG,4500,1,26.0,18.0,99,111,-4%,12,11,11,24,25,23,19.5,22.5,13.3,31.7,25.7,31.0,6.9,22.3,4.94,22.3,24.5,5.0,22.3,4.970000000000001,24.0,11.333333333333334,21.86,20.53333333333333,22.764583333333334
35,0,Eric Bledsoe,0.0,MIL,SAC,-9.0,224.0,116.5,3,19.3,27.9,36.3,PG,6300,1,25.0,19.0,100,108,-6%,9,10,12,28,23,26,27.9,31.7,22.4,40.9,30.6,41.0,6.5,30.0,4.76,30.4,26.5,4.8,30.2,4.779999999999999,25.666666666666668,10.333333333333334,30.619999999999997,27.833333333333332,31.180519480519475
35,1,Spencer Dinwiddie,0.0,BKN,MIA,3.5,217.0,106.8,10,27.3,35.8,55.8,PG/SG,7400,2,33.0,19.0,101,105,-10%,20,19,18,32,32,32,35.8,38.8,28.7,49.0,35.1,59.5,8.0,35.5,4.8,38.5,33.0,5.2,37.0,5.0,32.0,19.0,37.86,39.63333333333333,38.15625
35,2,Goga Bitadze,0.0,IND,CHI,1.5,213.0,105.8,10,2.8,6.3,11.8,PF/C,3000,1,15.0,12.0,103,105,10%,1,2,3,3,6,10,6.3,8.3,-0.6,17.3,14.6,12.3,4.1,12.5,4.17,14.1,14.0,4.7,13.3,4.4350000000000005,6.333333333333333,2.0,8.92,6.966666666666666,29.400000000000002
35,3,Kawhi Leonard,0.0,LAC,GS,-14.5,217.5,116.0,28,36.5,43.8,62.0,SF/PF,9900,4,34.0,24.0,103,109,2%,20,21,20,30,34,32,43.8,47.0,37.6,56.3,37.5,61.3,6.2,50.8,5.13,52.7,33.5,5.3,51.75,5.215,32.0,20.333333333333332,47.29,47.43333333333334,54.17578125
35,4,Josh Hart,0.0,NO,NY,-4.5,226.5,115.5,8,14.3,20.7,30.8,SG/SF,5100,1,16.0,12.0,101,111,-2%,8,8,9,30,28,28,21.6,24.8,16.3,33.2,36.7,32.5,6.4,26.0,5.1,26.0,31.0,5.1,26.0,5.1,28.666666666666668,8.333333333333334,24.380000000000003,21.933333333333334,28.11627906976744
35,5,Trevor Ariza,0.0,SAC,MIL,9.0,224.0,107.5,3,5.0,21.7,36.0,SF/PF,4700,2,12.0,10.0,107,100,-8%,9,5,5,32,29,25,21.7,17.4,8.1,26.7,32.0,33.3,7.1,22.8,4.84,20.9,31.0,4.4,21.85,4.62,28.666666666666668,6.333333333333333,19.15,20.900000000000002,23.628488372093024
35,6,Anzejs Pasecniks,0.0,WAS,ATL,-1.0,239.0,120.0,26,14.5,21.1,29.3,C,4600,1,16.0,13.0,106,111,5%,6,7,6,29,24,22,21.1,18.9,11.4,26.3,20.5,15.5,3.4,19.0,4.13,22.2,23.5,4.8,20.6,4.465,25.0,6.333333333333333,19.660000000000004,21.633333333333336,19.364
35,7,Dario Saric,0.0,PHO,ORL,-4.5,217.5,111.0,14,1.3,5.7,11.0,SF/PF,3100,2,17.0,13.0,100,103,0%,5,5,9,16,19,27,11.2,24.4,12.2,36.6,20.5,12.5,4.0,12.8,4.11,16.2,18.5,5.2,14.5,4.655,20.666666666666668,6.333333333333333,19.779999999999998,6.0,12.979838709677418
36,0,Kendrick Nunn,0.0,MIA,BKN,-3.5,217.0,110.3,29,13.8,21.7,28.0,PG/SG,4600,1,24.0,13.0,105,105,13%,11,11,14,25,29,30,21.6,26.6,17.6,35.7,22.9,15.8,3.4,24.5,5.33,24.5,28.0,5.3,24.5,5.3149999999999995,28.0,12.0,25.2,21.166666666666668,24.5
36,1,Brandon Goodwin,0.0,ATL,WAS,1.0,239.0,119.0,12,4.8,18.9,40.3,PG/SG,3100,1,0.0,0.0,106,114,7%,5,6,5,10,14,11,18.9,12.5,-0.3,25.3,23.4,16.5,5.3,11.0,3.55,12.0,12.0,3.9,11.5,3.7249999999999996,11.666666666666666,5.333333333333333,13.580000000000002,21.333333333333332,11.82857142857143
36,2,Dzanan Musa,0.0,BKN,MIA,3.5,217.0,106.8,7,2.0,6.7,19.5,SF/PF,3000,2,19.0,7.0,101,105,-2%,3,3,4,8,8,13,6.7,9.1,2.0,16.3,11.7,14.3,4.8,9.5,3.17,10.8,15.5,3.6,10.15,3.385,9.666666666666666,3.3333333333333335,8.85,9.4,16.275000000000002
36,3,Dillon Brooks,0.0,MEM,SA,-1.5,231.0,116.3,25,22.5,28.1,33.3,SG/SF,5300,2,23.0,12.0,103,110,1%,18,17,13,30,28,28,28.1,25.6,17.2,34.0,30.6,44.5,8.4,26.0,4.91,25.5,28.5,4.8,25.75,4.855,28.666666666666668,16.0,26.130000000000003,27.96666666666667,25.600290697674417
36,4,Ish Smith,0.0,WAS,ATL,-1.0,239.0,120.0,9,19.8,32.5,54.3,PG,5700,1,20.0,14.0,106,111,1%,16,16,10,28,30,26,32.5,24.2,13.3,35.0,27.7,34.5,6.1,30.5,5.35,30.8,28.5,5.4,30.65,5.375,28.0,14.0,27.130000000000003,35.53333333333333,31.197321428571424
36,5,Thaddeus Young,0.0,CHI,IND,-1.5,213.0,107.3,4,14.5,23.5,35.0,SF/PF,5700,1,21.0,12.0,101,105,-5%,13,10,9,31,25,22,23.5,20.0,12.4,27.7,24.8,20.3,3.6,28.5,5.0,26.3,29.0,4.6,27.4,4.8,26.0,10.666666666666666,22.2,24.333333333333332,30.56153846153846
36,6,Meyers Leonard,0.0,MIA,BKN,-3.5,217.0,110.3,7,11.0,19.8,28.3,PF/C,3800,1,12.0,12.0,105,105,6%,7,6,5,27,25,20,19.8,15.1,6.2,24.1,27.4,14.5,3.8,18.5,4.87,20.0,25.0,5.3,19.25,5.085,24.0,6.0,16.89,19.7,20.052083333333336
36,7,Grayson Allen,0.0,MEM,SA,-1.5,231.0,116.3,18,2.0,9.8,25.3,PG/SG,3000,2,19.0,11.0,103,110,1%,3,5,6,9,13,17,9.8,13.3,6.4,20.2,19.6,7.3,2.4,13.3,4.42,9.4,11.5,3.1,11.350000000000001,3.76,13.0,4.666666666666667,12.209999999999999,12.366666666666667,10.040384615384617
38,0,Tomas Satoransky,0.0,CHI,IND,-1.5,213.0,107.3,21,12.5,24.7,41.8,PG/SF,5800,1,18.0,14.0,101,105,0%,9,9,8,30,32,29,24.6,26.0,15.9,36.1,37.2,24.8,4.3,29.3,5.04,29.0,33.5,5.0,29.15,5.02,30.333333333333332,8.666666666666666,26.35,26.333333333333332,32.19313186813187
38,1,Wesley Matthews,0.0,MIL,SAC,-9.0,224.0,116.5,27,7.5,11.4,22.3,SG/SF,3200,1,12.0,9.0,100,108,7%,6,5,6,28,25,25,11.3,15.0,7.6,22.4,20.8,5.8,1.8,16.0,5.0,15.4,24.5,4.8,15.7,4.9,26.0,5.666666666666667,14.4,13.733333333333334,14.794230769230769
38,2,Harrison Barnes,0.0,SAC,MIL,9.0,224.0,107.5,3,6.3,23.8,40.0,SF/PF,5400,2,18.0,14.0,107,100,-8%,8,9,12,31,33,35,23.8,26.9,17.6,36.2,36.3,27.8,5.1,26.0,4.81,25.6,34.0,4.7,25.8,4.755,33.0,9.666666666666666,26.060000000000002,23.366666666666664,26.581818181818182
38,3,Bojan Bogdanovic,0.0,UTA,CHA,-12.5,211.0,111.8,29,19.8,28.3,35.0,SF/PF,6300,1,26.0,16.0,99,111,0%,17,16,15,32,33,34,28.2,31.1,21.8,40.5,25.3,24.8,3.9,30.3,4.8,31.5,32.5,5.0,30.9,4.9,33.0,16.0,30.5,27.7,30.43181818181818
38,4,Kris Dunn,0.0,CHI,IND,-1.5,213.0,107.3,21,10.5,24.4,41.0,PG/SF,5500,1,16.0,12.0,101,105,0%,10,8,7,27,29,25,24.4,21.5,13.0,30.1,29.4,11.0,2.0,26.3,4.77,25.2,30.5,4.6,25.75,4.685,27.0,8.333333333333334,22.95,25.3,29.087962962962962
38,5,Glenn Robinson III,0.0,GS,LAC,14.5,217.5,101.5,10,14.5,25.2,35.8,SG/SF,4500,1,16.0,12.0,105,105,0%,13,14,11,28,32,32,25.1,23.1,15.0,31.2,34.0,29.8,6.6,20.0,4.44,22.1,30.0,4.9,21.05,4.67,30.666666666666668,12.666666666666666,23.09,25.166666666666668,20.592391304347824
38,6,Dwight Powell,0.0,DAL,LAL,-2.5,223.0,112.8,9,11.8,25.2,35.5,C,5500,1,12.0,16.0,103,102,-6%,7,7,6,29,29,27,25.1,21.7,13.2,30.1,26.2,15.0,2.7,26.5,4.82,23.7,29.0,4.3,25.1,4.5600000000000005,28.333333333333332,6.666666666666667,23.040000000000003,24.166666666666668,25.690588235294122
38,7,E'Twaun Moore,0.0,NO,NY,-4.5,226.5,115.5,8,12.5,24.0,40.8,SG/SF,4700,1,21.0,13.0,101,111,-2%,11,13,10,23,25,21,23.7,18.9,10.1,27.7,17.7,25.0,5.3,22.5,4.79,21.4,24.5,4.6,21.95,4.695,23.0,11.333333333333334,20.47,25.766666666666666,23.381521739130434
39,0,Brandon Goodwin,0.0,ATL,WAS,1.0,239.0,119.0,12,4.8,18.9,40.3,PG/SG,3100,1,0.0,0.0,106,114,7%,5,6,5,10,14,11,18.9,12.5,-0.3,25.3,23.4,16.5,5.3,11.0,3.55,12.0,12.0,3.9,11.5,3.7249999999999996,11.666666666666666,5.333333333333333,13.580000000000002,21.333333333333332,11.82857142857143
39,1,Seth Curry,0.0,DAL,LAL,-2.5,223.0,112.8,20,12.0,19.9,33.0,PG/SG,3700,1,18.0,13.0,103,102,-1%,9,10,8,23,26,23,19.9,17.2,6.3,28.2,31.7,23.8,6.4,17.5,4.73,18.4,23.0,5.0,17.95,4.865,24.0,9.0,17.91,21.633333333333336,17.202083333333334
39,2,Justin Jackson,0.0,DAL,LAL,-2.5,223.0,112.8,6,13.0,16.1,19.3,SF/PF,3200,1,17.0,11.0,103,102,-5%,8,8,6,18,21,16,16.1,11.6,4.8,18.3,13.2,3.0,0.9,16.0,5.0,14.7,19.5,4.6,15.35,4.8,18.333333333333332,7.333333333333333,13.229999999999999,16.133333333333336,16.326818181818183
39,3,Cam Reddish,0.0,ATL,WAS,1.0,239.0,119.0,24,10.8,14.2,20.8,SG/SF,3500,1,18.0,6.0,106,114,4%,8,6,9,18,23,26,14.2,17.8,10.5,25.0,35.2,27.0,7.7,14.3,4.07,14.2,21.0,4.1,14.25,4.085,22.333333333333332,7.666666666666667,16.35,15.266666666666666,13.399253731343284
39,4,Jalen Brunson,0.0,DAL,LAL,-2.5,223.0,112.8,20,6.3,9.4,16.3,PG/SG,3100,1,22.0,15.0,103,102,-2%,4,5,6,14,15,17,9.4,16.5,5.0,27.9,14.2,13.3,4.3,13.5,4.35,13.2,14.0,4.3,13.35,4.324999999999999,15.333333333333334,5.0,14.429999999999998,10.666666666666666,12.189130434782607
39,5,Khris Middleton,0.0,MIL,SAC,-9.0,224.0,116.5,27,27.3,34.9,41.8,SG/SF,7000,1,26.0,20.0,100,108,4%,16,17,15,31,32,29,35.0,34.3,26.8,41.9,28.9,51.8,7.4,34.3,4.89,36.2,31.0,5.2,35.25,5.045,30.666666666666668,16.0,34.65,34.666666666666664,35.63315217391304
39,6,Nikola Vucevic,0.0,ORL,PHO,4.5,217.5,106.5,17,42.5,47.2,49.8,C,8800,1,26.0,23.0,105,109,3%,16,18,16,29,31,32,47.1,43.3,34.0,52.6,33.0,43.8,5.0,45.5,5.17,46.0,33.0,5.2,45.75,5.1850000000000005,30.666666666666668,16.666666666666668,44.55,46.5,49.23097826086956
39,7,Mo Bamba,0.0,ORL,PHO,4.5,217.5,106.5,17,10.0,16.5,20.8,C,3300,1,0.0,0.0,105,109,3%,3,4,5,16,15,15,16.4,16.3,9.0,23.6,15.0,10.5,3.2,15.8,4.77,16.3,15.5,4.9,16.05,4.835,15.333333333333334,4.0,16.270000000000003,15.766666666666666,16.224456521739132
40,0,Emmanuel Mudiay,0.0,UTA,CHA,-12.5,211.0,111.8,22,11.0,18.8,32.8,PG,4400,1,23.0,13.0,99,111,-4%,10,8,6,21,19,17,18.8,15.6,8.3,23.0,28.0,25.8,5.9,15.8,3.58,15.6,18.5,3.5,15.7,3.54,19.0,8.0,16.28,20.866666666666664,15.286842105263158
40,1,Jordan McRae,0.0,WAS,ATL,-1.0,239.0,120.0,9,17.5,30.9,50.3,PG/SG,6500,1,24.0,17.0,106,111,3%,18,18,11,29,30,23,30.9,24.8,12.0,37.6,36.4,50.5,7.8,31.5,4.85,37.3,32.0,5.7,34.4,5.275,27.333333333333332,15.666666666666666,27.940000000000005,32.9,40.27317073170732
40,2,Harry Giles III,0.0,SAC,MIL,9.0,224.0,107.5,28,11.3,15.3,19.5,PF/C,4000,2,0.0,0.0,107,100,3%,7,6,5,16,15,11,15.3,11.3,4.7,18.0,15.1,15.8,4.0,15.3,3.81,19.3,18.5,4.8,17.3,4.305,14.0,6.0,13.320000000000002,15.366666666666667,22.860714285714288
40,3,Admiral Schofield,0.0,WAS,ATL,-1.0,239.0,120.0,18,-0.5,6.5,29.5,SF/PF,4600,1,12.0,7.0,106,111,1%,7,3,3,20,11,12,6.5,7.2,-1.9,16.3,9.0,3.5,0.8,21.3,4.62,7.9,11.0,1.7,14.600000000000001,3.16,14.333333333333334,4.333333333333333,8.540000000000001,11.833333333333334,11.2046511627907
40,4,Justin Holiday,0.0,IND,CHI,1.5,213.0,105.8,29,12.5,20.2,30.5,SG/SF,4100,1,13.0,12.0,103,105,-3%,6,6,7,20,24,25,20.1,18.0,10.1,26.0,26.7,22.3,5.4,17.5,4.27,17.5,23.5,4.3,17.5,4.285,23.0,6.333333333333333,18.339999999999996,21.066666666666666,17.880434782608695
40,5,T.J. Warren,0.0,IND,CHI,1.5,213.0,105.8,30,9.0,31.9,50.3,SF/PF,5700,1,22.0,16.0,103,105,1%,15,14,14,29,32,33,31.9,27.9,17.2,38.6,29.6,29.3,5.1,29.8,5.22,31.1,33.0,5.5,30.450000000000003,5.359999999999999,31.333333333333332,14.333333333333334,29.21,30.399999999999995,32.069680851063836
40,6,Rudy Gobert,0.0,UTA,CHA,-12.5,211.0,111.8,15,33.3,40.8,47.8,C,8600,1,16.0,21.0,99,111,6%,9,9,9,34,35,35,36.0,40.7,31.7,49.7,29.1,48.8,5.7,43.8,5.09,43.7,33.5,5.1,43.75,5.095,34.666666666666664,9.0,40.37,40.63333333333333,42.27764423076923
40,7,Montrezl Harrell,0.0,LAC,GS,-14.5,217.5,116.0,18,17.0,32.7,44.5,PF/C,6700,4,25.0,23.0,103,109,0%,19,15,14,31,29,30,32.6,34.7,23.6,45.7,30.2,29.5,4.4,33.8,5.04,34.9,29.0,5.2,34.349999999999994,5.12,30.0,16.0,34.190000000000005,31.400000000000002,33.20499999999999
41,0,Ish Smith,0.0,WAS,ATL,-1.0,239.0,120.0,9,19.8,32.5,54.3,PG,5700,1,20.0,14.0,106,111,1%,16,16,10,28,30,26,32.5,24.2,13.3,35.0,27.7,34.5,6.1,30.5,5.35,30.8,28.5,5.4,30.65,5.375,28.0,14.0,27.130000000000003,35.53333333333333,31.197321428571424
41,1,Damyean Dotson,0.0,NY,NO,4.5,226.5,111.0,15,2.0,10.4,18.5,SG/SF,3500,1,16.0,11.0,105,110,0%,5,4,6,14,18,17,10.3,11.6,4.3,18.9,17.8,17.0,4.9,15.8,4.5,15.9,20.0,4.5,15.850000000000001,4.5,16.333333333333332,5.0,12.19,10.299999999999999,19.408163265306126
41,2,Brandon Clarke,0.0,MEM,SA,-1.5,231.0,116.3,8,14.0,21.3,36.3,PF/C,4500,2,19.0,22.0,103,110,2%,6,7,9,20,20,22,21.1,24.3,17.4,31.1,23.3,33.3,7.4,21.3,4.72,22.9,20.5,5.1,22.1,4.91,20.666666666666668,7.333333333333333,23.2,23.866666666666664,21.921774193548387
41,3,Glenn Robinson III,0.0,GS,LAC,14.5,217.5,101.5,10,14.5,25.2,35.8,SG/SF,4500,1,16.0,12.0,105,105,0%,13,14,11,28,32,32,25.1,23.1,15.0,31.2,34.0,29.8,6.6,20.0,4.44,22.1,30.0,4.9,21.05,4.67,30.666666666666668,12.666666666666666,23.09,25.166666666666668,20.592391304347824
41,4,Tomas Satoransky,0.0,CHI,IND,-1.5,213.0,107.3,21,12.5,24.7,41.8,PG/SF,5800,1,18.0,14.0,101,105,0%,9,9,8,30,32,29,24.6,26.0,15.9,36.1,37.2,24.8,4.3,29.3,5.04,29.0,33.5,5.0,29.15,5.02,30.333333333333332,8.666666666666666,26.35,26.333333333333332,32.19313186813187
41,5,Maxi Kleber,0.0,DAL,LAL,-2.5,223.0,112.8,14,15.0,29.6,37.5,PF/C,5800,1,14.0,14.0,103,102,-6%,8,9,7,25,30,25,29.6,20.0,12.0,28.1,22.7,12.0,2.1,20.5,3.53,21.1,25.5,3.6,20.8,3.565,26.666666666666668,8.0,22.1,27.366666666666664,19.89
41,6,Meyers Leonard,0.0,MIA,BKN,-3.5,217.0,110.3,7,11.0,19.8,28.3,PF/C,3800,1,12.0,12.0,105,105,6%,7,6,5,27,25,20,19.8,15.1,6.2,24.1,27.4,14.5,3.8,18.5,4.87,20.0,25.0,5.3,19.25,5.085,24.0,6.0,16.89,19.7,20.052083333333336
41,7,Nemanja Bjelica,0.0,SAC,MIL,9.0,224.0,107.5,28,18.8,25.3,35.8,PF,6000,2,19.0,16.0,107,100,3%,11,9,10,33,29,27,25.3,26.4,16.8,35.9,39.5,37.8,6.3,28.3,4.71,30.6,30.5,5.1,29.450000000000003,4.904999999999999,29.666666666666668,10.0,26.77,26.633333333333336,30.277247191011238
42,0,De'Anthony Melton,0.0,MEM,SA,-1.5,231.0,116.3,18,14.0,19.1,27.3,PG/SG,4200,2,21.0,18.0,103,110,6%,5,6,6,18,20,18,19.1,19.8,10.1,29.5,17.4,29.0,6.9,17.8,4.23,18.7,18.0,4.5,18.25,4.365,18.666666666666668,5.666666666666667,19.35,20.133333333333336,17.598214285714285
42,1,Reggie Bullock,0.0,NY,NO,4.5,226.5,111.0,15,14.5,16.0,18.3,SG/SF,3600,1,0.0,0.0,105,110,5%,9,9,9,25,22,22,16.0,16.0,14.3,17.7,27.3,27.5,7.6,19.5,5.42,21.4,28.5,5.9,20.45,5.66,23.0,9.0,16.89,16.266666666666666,25.340217391304346
42,2,Eric Paschall,0.0,GS,LAC,14.5,217.5,101.5,26,7.0,14.6,20.8,SF/PF,3600,1,21.0,14.0,105,105,-5%,7,8,11,22,21,29,14.6,23.9,12.5,35.3,18.6,19.8,5.5,14.5,4.03,14.0,17.0,3.9,14.25,3.965,24.0,8.666666666666666,20.11,14.133333333333335,10.09375
42,3,Joe Ingles,0.0,UTA,CHA,-12.5,211.0,111.8,5,22.0,28.9,39.5,SG/SF,5600,1,17.0,13.0,99,111,0%,11,10,8,27,30,30,28.9,25.5,15.4,35.6,21.3,18.0,3.2,29.3,5.22,28.9,31.0,5.2,29.1,5.21,29.0,9.666666666666666,26.9,30.133333333333336,31.10689655172414
42,4,Wesley Matthews,0.0,MIL,SAC,-9.0,224.0,116.5,27,7.5,11.4,22.3,SG/SF,3200,1,12.0,9.0,100,108,7%,6,5,6,28,25,25,11.3,15.0,7.6,22.4,20.8,5.8,1.8,16.0,5.0,15.4,24.5,4.8,15.7,4.9,26.0,5.666666666666667,14.4,13.733333333333334,14.794230769230769
42,5,T.J. Warren,0.0,IND,CHI,1.5,213.0,105.8,30,9.0,31.9,50.3,SF/PF,5700,1,22.0,16.0,103,105,1%,15,14,14,29,32,33,31.9,27.9,17.2,38.6,29.6,29.3,5.1,29.8,5.22,31.1,33.0,5.5,30.450000000000003,5.359999999999999,31.333333333333332,14.333333333333334,29.21,30.399999999999995,32.069680851063836
42,6,Bismack Biyombo,0.0,CHA,UTA,12.5,211.0,99.3,8,11.8,18.0,26.8,C,4100,1,17.0,17.0,101,104,0%,5,6,6,27,26,20,18.0,18.4,8.3,28.5,16.6,24.3,5.9,21.5,5.24,20.3,24.0,5.0,20.9,5.12,24.333333333333332,5.666666666666667,18.82,18.866666666666667,20.613698630136987
42,7,Joe Harris,0.0,BKN,MIA,3.5,217.0,106.8,20,20.0,26.7,30.8,SG/SF,5000,2,18.0,13.0,101,105,-5%,12,12,12,35,35,32,26.6,25.9,17.8,33.9,34.9,25.8,5.2,24.8,4.95,25.7,33.0,5.1,25.25,5.025,34.0,12.0,25.889999999999997,25.833333333333332,24.50735294117647
43,0,Bryn Forbes,0.0,SA,MEM,1.5,231.0,114.8,15,11.5,18.8,33.8,PG/SG,3900,1,18.0,11.0,106,110,6%,8,9,10,26,27,26,18.8,19.3,10.8,27.8,28.6,24.5,6.3,18.5,4.74,18.4,24.0,4.7,18.45,4.720000000000001,26.333333333333332,9.0,19.03,21.366666666666664,16.815189873417722
43,1,Donte DiVincenzo,0.0,MIL,SAC,-9.0,224.0,116.5,3,13.8,21.5,25.0,PG/SG,5000,1,17.0,14.0,100,108,7%,11,7,8,26,26,24,21.4,22.0,14.3,29.7,23.6,31.3,6.3,18.3,3.65,20.6,22.5,4.1,19.450000000000003,3.875,25.333333333333332,8.666666666666666,21.369999999999997,20.099999999999998,17.274671052631582
43,2,Brandon Clarke,0.0,MEM,SA,-1.5,231.0,116.3,8,14.0,21.3,36.3,PF/C,4500,2,19.0,22.0,103,110,2%,6,7,9,20,20,22,21.1,24.3,17.4,31.1,23.3,33.3,7.4,21.3,4.72,22.9,20.5,5.1,22.1,4.91,20.666666666666668,7.333333333333333,23.2,23.866666666666664,21.921774193548387
43,3,Solomon Hill,0.0,MEM,SA,-1.5,231.0,116.3,23,4.3,12.5,20.8,SF/PF,3200,2,14.0,11.0,103,110,1%,5,4,5,18,18,19,12.5,14.9,8.1,21.6,11.5,10.3,3.2,12.3,3.83,11.2,14.5,3.5,11.75,3.665,18.333333333333332,4.666666666666667,13.77,12.533333333333333,9.29318181818182
43,4,Justin Holiday,0.0,IND,CHI,1.5,213.0,105.8,29,12.5,20.2,30.5,SG/SF,4100,1,13.0,12.0,103,105,-3%,6,6,7,20,24,25,20.1,18.0,10.1,26.0,26.7,22.3,5.4,17.5,4.27,17.5,23.5,4.3,17.5,4.285,23.0,6.333333333333333,18.339999999999996,21.066666666666666,17.880434782608695
43,5,D.J. Wilson,0.0,MIL,SAC,-9.0,224.0,116.5,16,0.0,2.0,6.8,PF/C,3000,1,0.0,0.0,100,108,-12%,1,1,3,2,5,10,2.0,7.4,-0.2,14.9,2.7,4.3,1.4,10.5,3.5,10.7,14.5,3.6,10.6,3.55,5.666666666666667,1.6666666666666667,6.94,2.9333333333333336,27.123529411764704
43,6,Dewayne Dedmon,0.0,SAC,MIL,9.0,224.0,107.5,1,0.3,10.1,26.5,C,4500,2,19.0,8.0,107,100,2%,4,3,5,17,12,14,10.1,12.1,4.8,19.4,11.5,7.3,1.6,20.8,4.61,26.6,27.5,5.9,23.700000000000003,5.255000000000001,14.333333333333334,4.0,14.02,12.299999999999999,45.47093023255814
43,7,Buddy Hield,0.0,SAC,MIL,9.0,224.0,107.5,21,23.3,36.5,47.5,SG/SF,6600,2,27.0,15.0,107,100,-4%,19,18,18,37,36,35,40.7,35.5,25.3,45.7,34.3,27.8,4.2,38.0,5.76,37.3,34.5,5.7,37.65,5.73,36.0,18.333333333333332,36.970000000000006,35.766666666666666,36.081250000000004
44,0,Donte DiVincenzo,0.0,MIL,SAC,-9.0,224.0,116.5,3,13.8,21.5,25.0,PG/SG,5000,1,17.0,14.0,100,108,7%,11,7,8,26,26,24,21.4,22.0,14.3,29.7,23.6,31.3,6.3,18.3,3.65,20.6,22.5,4.1,19.450000000000003,3.875,25.333333333333332,8.666666666666666,21.369999999999997,20.099999999999998,17.274671052631582
44,1,Kendrick Nunn,0.0,MIA,BKN,-3.5,217.0,110.3,29,13.8,21.7,28.0,PG/SG,4600,1,24.0,13.0,105,105,13%,11,11,14,25,29,30,21.6,26.6,17.6,35.7,22.9,15.8,3.4,24.5,5.33,24.5,28.0,5.3,24.5,5.3149999999999995,28.0,12.0,25.2,21.166666666666668,24.5
44,2,Bojan Bogdanovic,0.0,UTA,CHA,-12.5,211.0,111.8,29,19.8,28.3,35.0,SF/PF,6300,1,26.0,16.0,99,111,0%,17,16,15,32,33,34,28.2,31.1,21.8,40.5,25.3,24.8,3.9,30.3,4.8,31.5,32.5,5.0,30.9,4.9,33.0,16.0,30.5,27.7,30.43181818181818
44,3,Landry Shamet,0.0,LAC,GS,-14.5,217.5,116.0,22,8.8,16.1,22.5,SG/SF,3900,4,13.0,9.0,103,109,6%,11,8,7,28,25,27,16.0,16.0,10.1,21.8,25.9,7.5,1.9,18.0,4.62,18.5,28.5,4.7,18.25,4.66,26.666666666666668,8.666666666666666,16.43,15.800000000000002,19.5046875
44,4,Cam Reddish,0.0,ATL,WAS,1.0,239.0,119.0,24,10.8,14.2,20.8,SG/SF,3500,1,18.0,6.0,106,114,4%,8,6,9,18,23,26,14.2,17.8,10.5,25.0,35.2,27.0,7.7,14.3,4.07,14.2,21.0,4.1,14.25,4.085,22.333333333333332,7.666666666666667,16.35,15.266666666666666,13.399253731343284
44,5,Kelly Oubre Jr.,0.0,PHO,ORL,-4.5,217.5,111.0,14,29.0,41.1,49.8,SF/PF,7000,2,21.0,16.0,100,103,-8%,15,16,15,38,38,35,41.1,34.4,24.2,44.7,34.3,36.3,5.2,34.5,4.93,35.2,37.5,5.0,34.85,4.965,37.0,15.333333333333334,35.85,39.96666666666666,35.32094594594595
44,6,Robin Lopez,0.0,MIL,SAC,-9.0,224.0,116.5,3,6.5,16.1,29.0,C,3200,1,17.0,12.0,100,108,-6%,5,6,5,13,16,15,16.1,12.3,4.6,20.0,9.3,7.3,2.3,10.8,3.36,10.0,12.5,3.1,10.4,3.23,14.666666666666666,5.333333333333333,12.680000000000001,17.2,8.863636363636363
44,7,Cory Joseph,0.0,SAC,MIL,9.0,224.0,107.5,23,13.3,19.3,22.3,PG/SG,3300,2,15.0,10.0,107,100,1%,8,7,6,26,21,26,19.3,17.7,10.0,25.4,19.3,6.5,2.0,16.3,4.92,16.4,23.5,5.0,16.35,4.96,24.333333333333332,7.0,17.75,18.3,15.790068493150686
45,0,Elie Okobo,0.0,PHO,ORL,-4.5,217.5,111.0,1,5.0,8.4,11.8,PG/SG,3000,2,19.0,16.0,100,103,-3%,4,2,4,12,10,11,8.3,10.7,1.7,19.7,13.4,8.8,2.9,11.0,3.67,10.4,12.0,3.5,10.7,3.585,11.0,3.3333333333333335,10.220000000000002,8.4,11.672727272727272
45,1,Joe Ingles,0.0,UTA,CHA,-12.5,211.0,111.8,5,22.0,28.9,39.5,SG/SF,5600,1,17.0,13.0,99,111,0%,11,10,8,27,30,30,28.9,25.5,15.4,35.6,21.3,18.0,3.2,29.3,5.22,28.9,31.0,5.2,29.1,5.21,29.0,9.666666666666666,26.9,30.133333333333336,31.10689655172414
45,2,Eric Paschall,0.0,GS,LAC,14.5,217.5,101.5,26,7.0,14.6,20.8,SF/PF,3600,1,21.0,14.0,105,105,-5%,7,8,11,22,21,29,14.6,23.9,12.5,35.3,18.6,19.8,5.5,14.5,4.03,14.0,17.0,3.9,14.25,3.965,24.0,8.666666666666666,20.11,14.133333333333335,10.09375
45,3,De'Andre Hunter,0.0,ATL,WAS,1.0,239.0,119.0,5,1.5,15.4,27.8,SF/PF,4800,1,18.0,8.0,106,114,7%,10,9,11,31,31,32,15.4,21.2,11.1,31.2,30.3,26.3,5.5,23.8,4.95,22.5,32.0,4.7,23.15,4.825,31.333333333333332,10.0,20.409999999999997,14.9,23.642553191489363
45,4,Luka Doncic,0.0,DAL,LAL,-2.5,223.0,112.8,20,52.3,65.0,76.0,PG/SF,12600,1,39.0,31.0,103,102,-2%,24,25,21,36,38,34,65.5,60.9,46.9,74.9,32.1,47.0,3.7,62.3,4.94,65.0,35.0,5.2,63.65,5.07,36.0,23.333333333333332,62.370000000000005,64.43333333333334,61.88194444444444
45,5,Terrence Ross,0.0,ORL,PHO,4.5,217.5,106.5,2,13.0,23.6,34.5,SG/SF,4500,1,22.0,14.0,105,109,2%,10,12,11,24,25,25,23.6,21.2,13.8,28.6,32.4,27.5,6.1,26.0,5.78,25.2,28.5,5.6,25.6,5.6899999999999995,24.666666666666668,11.0,22.560000000000002,23.7,29.578378378378382
45,6,Ivica Zubac,0.0,LAC,GS,-14.5,217.5,116.0,5,6.5,22.6,36.0,C,4200,4,18.0,21.0,103,109,-1%,5,6,6,15,20,18,22.6,20.3,11.9,28.6,15.2,15.0,3.6,22.3,5.3,22.0,19.0,5.2,22.15,5.25,17.666666666666668,5.666666666666667,21.110000000000003,21.7,23.821698113207542
45,7,Drew Eubanks,0.0,SA,MEM,1.5,231.0,114.8,24,0.0,7.8,21.5,PF/C,3000,1,0.0,0.0,106,110,5%,2,2,2,3,7,6,7.8,7.0,-0.9,14.9,1.8,2.0,0.7,6.0,2.0,0.0,0.0,0.0,3.0,1.0,5.333333333333333,2.0,6.360000000000001,9.766666666666667,0.0
46,0,Donte DiVincenzo,0.0,MIL,SAC,-9.0,224.0,116.5,3,13.8,21.5,25.0,PG/SG,5000,1,17.0,14.0,100,108,7%,11,7,8,26,26,24,21.4,22.0,14.3,29.7,23.6,31.3,6.3,18.3,3.65,20.6,22.5,4.1,19.450000000000003,3.875,25.333333333333332,8.666666666666666,21.369999999999997,20.099999999999998,17.274671052631582
46,1,Dillon Brooks,0.0,MEM,SA,-1.5,231.0,116.3,25,22.5,28.1,33.3,SG/SF,5300,2,23.0,12.0,103,110,1%,18,17,13,30,28,28,28.1,25.6,17.2,34.0,30.6,44.5,8.4,26.0,4.91,25.5,28.5,4.8,25.75,4.855,28.666666666666668,16.0,26.130000000000003,27.96666666666667,25.600290697674417
46,2,Nemanja Bjelica,0.0,SAC,MIL,9.0,224.0,107.5,28,18.8,25.3,35.8,PF,6000,2,19.0,16.0,107,100,3%,11,9,10,33,29,27,25.3,26.4,16.8,35.9,39.5,37.8,6.3,28.3,4.71,30.6,30.5,5.1,29.450000000000003,4.904999999999999,29.666666666666668,10.0,26.77,26.633333333333336,30.277247191011238
46,3,DeAndre' Bembry,0.0,ATL,WAS,1.0,239.0,119.0,24,4.0,9.4,21.0,SG/SF,3100,1,14.0,10.0,106,114,5%,4,5,6,10,15,22,9.3,16.8,6.7,26.9,17.4,13.3,4.3,8.5,2.74,8.5,11.0,2.7,8.5,2.72,15.666666666666666,5.0,13.64,11.466666666666667,5.968085106382979
46,4,Draymond Green,0.0,GS,LAC,14.5,217.5,101.5,16,15.5,26.4,41.5,PG/SF,5700,1,18.0,13.0,105,105,-5%,5,7,8,28,28,29,26.4,29.5,18.1,40.9,31.1,25.5,4.5,29.5,5.18,30.6,29.5,5.4,30.05,5.29,28.333333333333332,6.666666666666667,28.990000000000002,27.8,31.28735294117647
46,5,Damyean Dotson,0.0,NY,NO,4.5,226.5,111.0,15,2.0,10.4,18.5,SG/SF,3500,1,16.0,11.0,105,110,0%,5,4,6,14,18,17,10.3,11.6,4.3,18.9,17.8,17.0,4.9,15.8,4.5,15.9,20.0,4.5,15.850000000000001,4.5,16.333333333333332,5.0,12.19,10.299999999999999,19.408163265306126
46,6,Cody Zeller,0.0,CHA,UTA,12.5,211.0,99.3,19,16.5,20.8,26.5,PF/C,4300,1,21.0,20.0,101,104,0%,10,7,8,22,19,23,20.8,24.5,15.0,34.0,16.0,6.8,1.6,20.5,4.77,19.3,19.5,4.5,19.9,4.635,21.333333333333332,8.333333333333334,22.839999999999996,21.266666666666666,18.189843749999998
46,7,Duncan Robinson,0.0,MIA,BKN,-3.5,217.0,110.3,1,13.0,20.0,29.3,SG/SF,4000,1,15.0,13.0,105,105,13%,12,10,9,33,29,28,19.9,20.9,11.4,30.4,27.1,11.5,2.9,20.5,5.13,20.4,29.5,5.1,20.45,5.115,30.0,10.333333333333334,20.61,20.766666666666666,20.109166666666667
48,0,Jordan Clarkson,0.0,UTA,CHA,-12.5,211.0,111.8,22,13.8,19.5,28.3,PG/SG,4500,1,26.0,18.0,99,111,-4%,12,11,11,24,25,23,19.5,22.5,13.3,31.7,25.7,31.0,6.9,22.3,4.94,22.3,24.5,5.0,22.3,4.970000000000001,24.0,11.333333333333334,21.86,20.53333333333333,22.764583333333334
48,1,DeMar DeRozan,0.0,SA,MEM,1.5,231.0,114.8,9,37.8,40.4,44.5,SG/SF,7200,1,27.0,21.0,106,110,6%,16,18,16,33,35,34,40.4,37.7,30.7,44.7,37.8,62.8,8.7,38.8,5.38,38.4,34.0,5.3,38.599999999999994,5.34,34.0,16.666666666666668,38.42,40.9,38.599999999999994
48,2,Kyle Kuzma,0.0,LAL,DAL,2.5,223.0,110.3,20,7.8,17.9,29.0,SF/PF,5300,2,22.0,11.0,101,107,0%,10,10,11,21,23,24,17.9,19.8,11.2,28.4,33.9,37.5,7.1,27.5,5.19,28.9,31.0,5.5,28.2,5.345000000000001,22.666666666666668,10.333333333333334,21.1,18.233333333333334,38.567647058823525
48,3,Mikal Bridges,0.0,PHO,ORL,-4.5,217.5,111.0,30,5.3,17.9,30.8,SG/SF,4100,2,13.0,13.0,100,103,-8%,4,5,5,24,25,22,17.9,17.0,8.2,25.7,30.2,16.0,3.9,19.5,4.76,15.8,21.5,3.9,17.65,4.33,23.666666666666668,4.666666666666667,17.29,18.0,16.03415492957746
48,4,Trae Young,0.0,ATL,WAS,1.0,239.0,119.0,12,14.0,51.5,78.8,PG,10400,1,36.0,24.0,106,114,7%,21,22,22,39,38,37,61.7,52.4,39.1,65.7,31.4,35.5,3.4,55.5,5.34,56.5,36.5,5.4,56.0,5.37,38.0,21.666666666666668,54.98,48.1,53.78947368421052
48,5,Vince Carter,0.0,ATL,WAS,1.0,239.0,119.0,5,0.0,7.5,10.3,SF/PF,3000,1,16.0,6.0,106,114,9%,3,4,5,14,16,16,7.5,10.3,3.2,17.3,8.7,3.5,1.2,13.0,4.33,8.9,12.0,3.0,10.95,3.665,15.333333333333334,4.0,9.85,5.933333333333334,8.569565217391304
48,6,Luke Kornet,0.0,CHI,IND,-1.5,213.0,107.3,20,0.0,3.5,6.8,PF/C,3000,1,0.0,0.0,101,105,-5%,1,1,3,3,4,9,3.5,6.5,1.7,11.2,9.8,5.0,1.7,4.3,1.42,0.0,0.0,0.0,2.15,0.71,5.333333333333333,1.6666666666666667,5.01,3.4333333333333336,0.0
48,7,DeAndre Jordan,0.0,BKN,MIA,3.5,217.0,106.8,29,15.8,24.6,32.3,C,4700,2,15.0,21.0,101,105,-6%,5,4,5,21,21,21,24.6,25.9,16.0,35.7,19.9,22.0,4.7,23.0,4.89,24.0,20.5,5.1,23.5,4.994999999999999,21.0,4.666666666666667,25.14,24.233333333333334,22.94047619047619
49,0,Coby White,0.0,CHI,IND,-1.5,213.0,107.3,21,11.5,20.1,34.0,PG/SG,4300,1,23.0,10.0,101,105,0%,10,11,11,27,26,25,20.1,21.3,11.7,30.8,28.8,34.3,8.0,20.3,4.71,20.9,24.0,4.9,20.6,4.805,26.0,10.666666666666666,20.9,21.866666666666664,19.01538461538462
49,1,Dillon Brooks,0.0,MEM,SA,-1.5,231.0,116.3,25,22.5,28.1,33.3,SG/SF,5300,2,23.0,12.0,103,110,1%,18,17,13,30,28,28,28.1,25.6,17.2,34.0,30.6,44.5,8.4,26.0,4.91,25.5,28.5,4.8,25.75,4.855,28.666666666666668,16.0,26.130000000000003,27.96666666666667,25.600290697674417
49,2,Meyers Leonard,0.0,MIA,BKN,-3.5,217.0,110.3,7,11.0,19.8,28.3,PF/C,3800,1,12.0,12.0,105,105,6%,7,6,5,27,25,20,19.8,15.1,6.2,24.1,27.4,14.5,3.8,18.5,4.87,20.0,25.0,5.3,19.25,5.085,24.0,6.0,16.89,19.7,20.052083333333336
49,3,Draymond Green,0.0,GS,LAC,14.5,217.5,101.5,16,15.5,26.4,41.5,PG/SF,5700,1,18.0,13.0,105,105,-5%,5,7,8,28,28,29,26.4,29.5,18.1,40.9,31.1,25.5,4.5,29.5,5.18,30.6,29.5,5.4,30.05,5.29,28.333333333333332,6.666666666666667,28.990000000000002,27.8,31.28735294117647
49,4,T.J. McConnell,0.0,IND,CHI,1.5,213.0,105.8,5,10.5,20.9,31.5,PG,4200,1,21.0,17.0,103,105,-13%,5,5,6,21,22,19,20.9,19.2,11.6,26.9,25.6,14.8,3.5,18.8,4.46,26.2,26.0,6.2,22.5,5.33,20.666666666666668,5.333333333333333,20.22,20.966666666666665,28.306451612903224
49,5,Caris LeVert,0.0,BKN,MIA,3.5,217.0,106.8,10,14.0,25.8,39.8,PG/SF,6100,2,28.0,12.0,101,105,-2%,12,13,15,19,26,29,25.8,28.3,19.3,37.4,23.7,21.8,3.6,25.5,4.18,25.4,25.5,4.2,25.45,4.1899999999999995,24.666666666666668,13.333333333333334,27.25,26.53333333333333,26.309797297297298
49,6,Willie Cauley-Stein,0.0,GS,LAC,14.5,217.5,101.5,14,8.3,19.7,32.8,C,4400,1,15.0,17.0,105,105,3%,7,6,7,24,21,23,19.7,22.9,16.1,29.7,16.2,14.3,3.3,22.8,5.17,20.5,19.5,4.7,21.65,4.9350000000000005,22.666666666666668,6.666666666666667,22.01,20.266666666666666,18.625367647058823
49,7,Admiral Schofield,0.0,WAS,ATL,-1.0,239.0,120.0,18,-0.5,6.5,29.5,SF/PF,4600,1,12.0,7.0,106,111,1%,7,3,3,20,11,12,6.5,7.2,-1.9,16.3,9.0,3.5,0.8,21.3,4.62,7.9,11.0,1.7,14.600000000000001,3.16,14.333333333333334,4.333333333333333,8.540000000000001,11.833333333333334,11.2046511627907
