Lineup Num,,Player Name,injury_status,team,opp,spread,over_under,implied_team_score,L5_dvp_rank,L5_ppg_floor,L5_ppg_avg,L5_ppg_max,Pos,Salary,Rest,USG,PER,Opp Pace,Opp DEff,Opp DvP,L2 FGA,L5 FGA,S FGA,L2 Min,L5 Min,S Min,L5 FP,S FP,Floor FP,Ceil FP,Actual Min,Actual FP,Actual Val,FantasyFuelPPGProj,FantasyFuelValueProj,DFN_PPGProj,DFN_MinProj,DFN_ValueProj,Avg Proj,Avg Value Proj,Avg Skewed Min,Avg Skewed FGA,Avg Skewed FP,Avg L5 PPG,Proj Min Enhanced
0,0,James Harden,0.0,HOU,GS,-10.0,233.0,121.5,23,36.3,58.7,79.3,PG/SG,11300,8,37.0,29.0,103,110,6%,21,19,24,39,37,38,59.0,61.5,47.0,76.0,30.2,60.3,5.3,62.3,5.51,62.0,37.5,5.5,62.15,5.505,38.0,21.333333333333332,61.129999999999995,58.1,61.33223684210527
0,1,Bogdan Bogdanovic,0.0,SAC,MEM,-1.0,229.5,115.3,13,11.0,25.2,41.5,SG/SF,4900,7,23.0,14.0,106,108,4%,13,11,12,29,30,28,25.1,25.9,15.4,36.4,24.5,15.8,3.2,27.5,5.61,26.1,29.0,5.3,26.8,5.455,29.0,12.0,25.920000000000005,25.900000000000002,26.8
0,2,Sekou Doumbouya,0.0,DET,MIL,13.0,225.5,106.3,20,9.0,10.7,13.5,SF/PF,3200,7,17.0,7.0,107,100,3%,7,6,6,16,17,20,10.7,13.1,2.6,23.6,33.6,19.3,6.0,12.5,3.91,11.5,16.5,3.6,12.0,3.755,17.666666666666668,6.333333333333333,12.4,11.066666666666668,11.20754716981132
0,3,Danuel House Jr.,0.0,HOU,GS,-10.0,233.0,121.5,6,19.5,28.9,45.8,SF/PF,4600,8,13.0,11.0,103,110,1%,11,10,9,38,35,31,28.9,22.5,12.8,32.3,18.6,17.8,3.9,25.5,5.54,26.7,34.5,5.8,26.1,5.67,34.666666666666664,10.0,24.52,31.399999999999995,25.974519230769236
0,4,Devonte' Graham,0.0,CHA,CHI,4.5,211.5,103.5,25,27.0,41.8,50.5,PG,7500,7,27.0,16.0,102,107,-11%,19,16,16,35,36,36,41.5,38.1,27.9,48.4,32.7,15.0,2.0,36.0,4.8,34.7,35.5,4.6,35.35,4.699999999999999,35.666666666666664,17.0,38.25,39.766666666666666,35.18481308411215
0,5,Draymond Green,0.0,GS,HOU,10.0,233.0,111.5,28,13.8,32.9,48.8,PG/SF,6500,7,18.0,13.0,106,108,6%,5,6,8,31,28,29,32.9,29.7,18.5,41.0,18.2,19.0,2.9,32.5,5.0,34.9,30.5,5.4,33.7,5.2,29.333333333333332,6.333333333333333,31.160000000000004,31.833333333333332,35.04034090909091
0,6,Brook Lopez,0.0,MIL,DET,-13.0,225.5,119.3,19,15.5,28.7,34.5,C,5600,7,16.0,14.0,100,109,2%,11,10,9,28,30,27,28.6,26.0,16.9,35.1,24.4,22.0,3.9,26.0,4.64,28.2,28.5,5.0,27.1,4.82,28.333333333333332,10.0,26.74,26.233333333333334,27.259411764705884
0,7,Kevon Looney,0.0,GS,HOU,10.0,233.0,111.5,3,2.8,12.1,23.8,C,3000,7,0.0,0.0,106,108,8%,3,4,3,15,14,12,11.9,9.0,3.4,14.7,18.4,11.3,3.8,12.0,4.0,15.4,15.5,5.1,13.7,4.55,13.666666666666666,3.3333333333333335,10.539999999999997,12.9,15.53780487804878
1,0,Jeff Teague,0.0,ATL,MIA,6.5,229.0,111.3,2,0.8,17.7,31.3,PG/SG,4400,7,19.0,15.0,100,107,-9%,7,7,9,22,25,27,24.6,25.8,15.3,36.2,24.9,18.5,4.2,14.8,3.35,15.2,16.0,3.5,15.0,3.425,24.666666666666668,7.666666666666667,23.380000000000003,16.599999999999998,9.72972972972973
1,1,Pat Connaughton,0.0,MIL,DET,-13.0,225.5,119.3,6,8.0,13.8,21.8,SG/SF,3500,7,12.0,11.0,100,109,-6%,6,4,5,28,23,19,13.8,15.0,7.8,22.2,14.3,4.8,1.4,13.8,3.93,12.6,16.0,3.6,13.2,3.765,23.333333333333332,5.0,14.4,14.533333333333333,9.051428571428572
1,2,Wilson Chandler,0.0,BKN,PHI,7.0,214.0,103.5,14,4.8,15.9,23.8,PF,3100,7,14.0,9.0,101,104,-4%,5,6,5,21,22,21,15.8,15.4,9.5,21.3,32.6,23.5,7.6,14.8,4.76,15.2,21.5,4.9,15.0,4.83,21.333333333333332,5.333333333333333,15.4,14.833333333333334,15.1171875
1,3,Kyle Anderson,0.0,MEM,SAC,1.0,229.5,114.3,27,10.5,20.7,27.3,SG/SF,4300,7,14.0,13.0,101,109,2%,7,5,5,28,25,18,20.7,16.1,8.4,23.8,22.8,25.3,5.9,20.8,4.83,22.7,27.5,5.3,21.75,5.0649999999999995,23.666666666666668,5.666666666666667,18.15,19.5,25.27288732394366
1,4,Draymond Green,0.0,GS,HOU,10.0,233.0,111.5,28,13.8,32.9,48.8,PG/SF,6500,7,18.0,13.0,106,108,6%,5,6,8,31,28,29,32.9,29.7,18.5,41.0,18.2,19.0,2.9,32.5,5.0,34.9,30.5,5.4,33.7,5.2,29.333333333333332,6.333333333333333,31.160000000000004,31.833333333333332,35.04034090909091
1,5,Brandon Clarke,0.0,MEM,SAC,1.0,229.5,114.3,4,13.8,24.9,42.0,PF/C,5100,7,19.0,22.0,101,109,-8%,12,10,8,22,23,22,24.9,24.7,17.2,32.2,24.7,27.3,5.4,24.3,4.75,23.5,22.5,4.6,23.9,4.675,22.333333333333332,10.0,24.580000000000002,26.900000000000002,24.078358208955223
1,6,Christian Wood,0.0,DET,MIL,13.0,225.5,106.3,13,20.5,39.5,52.0,PF/C,6900,7,21.0,23.0,107,100,3%,12,14,7,31,33,19,39.5,22.3,9.3,35.3,27.0,37.3,5.4,33.3,4.82,38.3,30.0,5.6,35.8,5.21,27.666666666666668,11.0,28.439999999999998,37.333333333333336,38.819277108433724
1,7,Wesley Matthews,0.0,MIL,DET,-13.0,225.5,119.3,6,10.0,18.5,27.0,SG,4000,7,12.0,8.0,100,109,-6%,9,9,6,26,29,25,18.5,14.8,7.6,22.1,28.3,12.8,3.2,16.5,4.13,15.9,26.5,4.0,16.2,4.0649999999999995,26.666666666666668,8.0,15.84,18.5,16.09875
2,0,Shake Milton,0.0,PHI,BKN,-7.0,214.0,110.5,7,7.5,15.4,22.5,PG/SG,3200,8,0.0,0.0,104,106,0%,3,6,5,7,18,15,10.8,11.9,0.9,22.9,13.7,7.3,2.3,6.0,1.88,0.0,0.0,0.0,3.0,0.94,13.333333333333334,4.666666666666667,9.9,15.133333333333333,0.0
2,1,Kent Bazemore,0.0,SAC,MEM,-1.0,229.5,115.3,13,13.5,21.0,27.8,SG/SF,3500,7,16.0,8.0,106,108,4%,10,9,8,21,23,25,20.9,18.4,11.1,25.7,22.9,24.8,7.1,20.5,5.86,15.3,19.5,4.4,17.9,5.130000000000001,23.0,9.0,18.8,20.766666666666666,15.176086956521738
2,2,Sekou Doumbouya,0.0,DET,MIL,13.0,225.5,106.3,20,9.0,10.7,13.5,SF/PF,3200,7,17.0,7.0,107,100,3%,7,6,6,16,17,20,10.7,13.1,2.6,23.6,33.6,19.3,6.0,12.5,3.91,11.5,16.5,3.6,12.0,3.755,17.666666666666668,6.333333333333333,12.4,11.066666666666668,11.20754716981132
2,3,Josh Richardson,0.0,PHI,BKN,-7.0,214.0,110.5,4,0.0,14.7,33.8,SG/SF,4200,8,22.0,13.0,104,106,-14%,9,10,13,25,29,32,22.8,27.4,18.1,36.8,38.9,27.3,6.5,26.8,6.37,27.0,32.5,6.4,26.9,6.385,28.666666666666668,10.666666666666666,26.4,16.166666666666668,30.49709302325581
2,4,James Harden,0.0,HOU,GS,-10.0,233.0,121.5,23,36.3,58.7,79.3,PG/SG,11300,8,37.0,29.0,103,110,6%,21,19,24,39,37,38,59.0,61.5,47.0,76.0,30.2,60.3,5.3,62.3,5.51,62.0,37.5,5.5,62.15,5.505,38.0,21.333333333333332,61.129999999999995,58.1,61.33223684210527
2,5,Christian Wood,0.0,DET,MIL,13.0,225.5,106.3,13,20.5,39.5,52.0,PF/C,6900,7,21.0,23.0,107,100,3%,12,14,7,31,33,19,39.5,22.3,9.3,35.3,27.0,37.3,5.4,33.3,4.82,38.3,30.0,5.6,35.8,5.21,27.666666666666668,11.0,28.439999999999998,37.333333333333336,38.819277108433724
2,6,DeAndre Jordan,0.0,BKN,PHI,7.0,214.0,103.5,18,16.8,29.9,40.3,C,5300,7,15.0,21.0,101,104,-10%,7,6,5,26,25,22,29.9,26.0,16.7,35.4,37.1,39.8,7.5,25.5,4.81,26.7,24.5,5.0,26.1,4.904999999999999,24.333333333333332,6.0,26.82,29.0,26.278767123287675
2,7,Vince Carter,0.0,ATL,MIA,6.5,229.0,111.3,21,3.3,11.0,30.8,SF/PF,3100,7,16.0,8.0,100,107,-2%,4,5,5,12,16,16,12.8,11.5,3.7,19.2,4.3,2.5,0.8,4.3,1.37,0.0,0.0,0.0,2.15,0.685,14.666666666666666,4.666666666666667,9.870000000000001,15.033333333333333,0.0
3,0,Ky Bowman,0.0,GS,HOU,10.0,233.0,111.5,28,-0.5,9.5,26.0,PG,3600,7,18.0,9.0,106,108,0%,3,3,7,10,17,22,9.5,16.3,5.6,27.1,27.7,21.8,6.1,14.8,4.1,12.8,15.5,3.6,13.8,3.8499999999999996,16.333333333333332,4.333333333333333,14.460000000000003,11.666666666666666,13.095918367346941
3,1,Kent Bazemore,0.0,SAC,MEM,-1.0,229.5,115.3,13,13.5,21.0,27.8,SG/SF,3500,7,16.0,8.0,106,108,4%,10,9,8,21,23,25,20.9,18.4,11.1,25.7,22.9,24.8,7.1,20.5,5.86,15.3,19.5,4.4,17.9,5.130000000000001,23.0,9.0,18.8,20.766666666666666,15.176086956521738
3,2,Robert Covington,0.0,HOU,GS,-10.0,233.0,121.5,6,15.8,31.7,39.3,SF/PF,5500,8,16.0,14.0,103,110,4%,12,11,11,36,32,30,31.3,28.4,20.0,36.8,27.4,38.3,7.0,34.8,6.32,34.9,34.5,6.3,34.849999999999994,6.3100000000000005,32.666666666666664,11.333333333333334,30.27,28.933333333333334,36.80586734693877
3,3,Cam Reddish,0.0,ATL,MIA,6.5,229.0,111.3,30,5.5,19.8,32.0,SG/SF,4200,7,18.0,8.0,100,107,0%,10,11,9,25,27,27,22.5,19.6,10.9,28.3,36.9,31.0,7.4,14.3,3.39,17.9,24.5,4.3,16.1,3.8449999999999998,26.333333333333332,10.0,19.48,19.099999999999998,14.979113924050633
3,4,De'Aaron Fox,0.0,SAC,MEM,-1.0,229.5,115.3,3,22.0,35.5,46.5,PG,7400,7,31.0,20.0,106,108,3%,18,15,16,33,32,32,35.5,39.5,28.2,50.7,33.8,37.0,5.0,41.3,5.57,43.3,34.0,5.9,42.3,5.735,32.333333333333336,16.333333333333332,39.239999999999995,34.666666666666664,44.480412371134015
3,5,Nemanja Bjelica,0.0,SAC,MEM,-1.0,229.5,115.3,27,19.8,29.5,35.5,PF,5900,7,18.0,16.0,106,108,0%,11,10,10,28,30,29,29.5,28.4,17.9,38.8,32.1,26.0,4.4,30.5,5.17,32.2,31.0,5.5,31.35,5.335,29.0,10.333333333333334,29.189999999999998,28.266666666666666,33.512068965517244
3,6,Christian Wood,0.0,DET,MIL,13.0,225.5,106.3,13,20.5,39.5,52.0,PF/C,6900,7,21.0,23.0,107,100,3%,12,14,7,31,33,19,39.5,22.3,9.3,35.3,27.0,37.3,5.4,33.3,4.82,38.3,30.0,5.6,35.8,5.21,27.666666666666668,11.0,28.439999999999998,37.333333333333336,38.819277108433724
3,7,Coby White,0.0,CHI,CHA,-4.5,211.5,108.0,6,17.5,26.6,39.3,PG/SG,4700,8,23.0,10.0,99,111,-4%,12,12,11,30,28,25,26.6,21.2,12.2,30.2,30.2,17.5,3.7,27.3,5.8,30.4,33.5,6.5,28.85,6.15,27.666666666666668,11.666666666666666,23.810000000000002,27.8,34.93283132530121
4,0,Michael Frazier,0.0,HOU,GS,-10.0,233.0,121.5,23,0.0,3.6,7.3,PG/SG,3000,8,0.0,0.0,103,110,7%,0,1,1,10,9,9,2.1,3.0,0.1,5.9,6.1,2.0,0.7,5.8,1.92,0.0,0.0,0.0,2.9,0.96,9.333333333333334,0.6666666666666666,2.8,3.6333333333333333,0.0
4,1,Pat Connaughton,0.0,MIL,DET,-13.0,225.5,119.3,6,8.0,13.8,21.8,SG/SF,3500,7,12.0,11.0,100,109,-6%,6,4,5,28,23,19,13.8,15.0,7.8,22.2,14.3,4.8,1.4,13.8,3.93,12.6,16.0,3.6,13.2,3.765,23.333333333333332,5.0,14.4,14.533333333333333,9.051428571428572
4,2,Taurean Prince,0.0,BKN,PHI,7.0,214.0,103.5,14,18.3,22.6,27.5,PF,4500,7,20.0,10.0,101,104,-4%,13,12,12,30,29,30,21.3,26.7,17.6,35.8,23.0,12.8,2.8,21.8,4.83,23.9,29.0,5.3,22.85,5.0649999999999995,29.666666666666668,12.333333333333334,24.85,22.8,22.336516853932586
4,3,Dillon Brooks,0.0,MEM,SAC,1.0,229.5,114.3,27,14.5,20.8,29.5,SG/SF,5000,7,24.0,12.0,101,109,2%,17,15,14,27,29,29,20.8,26.8,17.0,36.7,30.2,17.0,3.4,26.8,5.35,27.0,29.5,5.4,26.9,5.375,28.333333333333332,15.333333333333334,25.640000000000004,21.599999999999998,28.007647058823526
4,4,Jimmy Butler,0.0,MIA,ATL,-6.5,229.0,117.8,11,27.3,41.0,56.8,PG/SG,7900,7,26.0,24.0,106,112,4%,18,17,14,33,33,35,42.5,43.0,33.3,52.7,34.4,45.5,5.8,42.8,5.41,43.5,33.5,5.5,43.15,5.455,33.666666666666664,16.333333333333332,42.93,41.699999999999996,42.93638613861386
4,5,P.J. Tucker,0.0,HOU,GS,-10.0,233.0,121.5,28,11.5,21.1,38.5,PF/C,4000,8,9.0,9.0,103,110,4%,5,6,6,36,33,36,21.4,22.5,13.1,32.0,30.4,24.8,6.2,22.8,5.69,23.2,35.5,5.8,23.0,5.745,35.0,5.666666666666667,22.4,23.7,23.32857142857143
4,6,Jaren Jackson Jr.,0.0,MEM,SAC,1.0,229.5,114.3,4,14.0,27.7,38.0,PF/C,6000,7,23.0,16.0,101,109,-8%,11,11,13,32,29,29,27.6,31.1,21.4,40.7,32.6,21.5,3.6,28.8,4.79,30.6,30.5,5.1,29.700000000000003,4.945,30.0,11.666666666666666,30.1,26.566666666666666,30.195000000000004
4,7,Eric Bledsoe,0.0,MIL,DET,-13.0,225.5,119.3,16,28.0,37.4,52.5,PG,7200,7,25.0,19.0,100,109,3%,14,15,12,30,31,28,37.4,32.6,22.2,43.0,26.6,39.5,5.5,35.0,4.86,35.2,30.5,4.9,35.1,4.880000000000001,29.666666666666668,13.666666666666666,34.059999999999995,39.300000000000004,36.08595505617978
5,0,Goran Dragic,0.0,MIA,ATL,-6.5,229.0,117.8,11,22.8,29.7,46.0,PG,5700,7,26.0,16.0,106,112,-1%,13,14,13,31,31,29,29.6,29.6,20.7,38.4,26.8,27.3,4.8,31.8,5.57,30.5,29.0,5.4,31.15,5.485,30.333333333333332,13.333333333333334,29.889999999999997,32.833333333333336,29.780769230769227
5,1,Ryan Arcidiacono,0.0,CHI,CHA,-4.5,211.5,108.0,6,11.0,16.3,29.0,PG/SG,3100,8,13.0,9.0,99,111,-4%,5,6,4,19,21,15,16.3,10.0,3.7,16.3,28.4,8.8,2.8,13.0,4.19,18.1,26.5,5.8,15.55,4.995,18.333333333333332,5.0,12.370000000000001,18.766666666666666,22.476818181818185
5,2,Wilson Chandler,0.0,BKN,PHI,7.0,214.0,103.5,14,4.8,15.9,23.8,PF,3100,7,14.0,9.0,101,104,-4%,5,6,5,21,22,21,15.8,15.4,9.5,21.3,32.6,23.5,7.6,14.8,4.76,15.2,21.5,4.9,15.0,4.83,21.333333333333332,5.333333333333333,15.4,14.833333333333334,15.1171875
5,3,Glenn Robinson III,0.0,PHI,BKN,-7.0,214.0,110.5,4,10.3,23.3,42.0,SF/PF,3400,8,16.0,13.0,104,106,0%,13,11,11,29,31,32,31.8,24.1,15.8,32.4,14.1,8.5,2.5,9.8,2.87,16.2,21.5,4.8,13.0,3.835,30.666666666666668,11.666666666666666,23.42,25.2,9.11413043478261
5,4,Cody Martin,0.0,CHA,CHI,4.5,211.5,103.5,16,14.3,21.4,34.0,SG/SF,3800,7,14.0,11.0,102,107,8%,8,7,4,32,27,16,21.4,11.7,2.8,20.6,25.2,13.5,3.6,18.5,4.87,18.7,25.0,4.9,18.6,4.885,25.0,6.333333333333333,15.02,23.233333333333334,18.6
5,5,Kent Bazemore,0.0,SAC,MEM,-1.0,229.5,115.3,13,13.5,21.0,27.8,SG/SF,3500,7,16.0,8.0,106,108,4%,10,9,8,21,23,25,20.9,18.4,11.1,25.7,22.9,24.8,7.1,20.5,5.86,15.3,19.5,4.4,17.9,5.130000000000001,23.0,9.0,18.8,20.766666666666666,15.176086956521738
5,6,Thon Maker,0.0,DET,MIL,13.0,225.5,106.3,13,6.8,23.8,34.0,PF/C,4500,7,16.0,14.0,107,100,0%,10,7,3,25,25,13,23.8,10.8,1.7,19.8,18.4,26.0,5.8,22.3,4.94,21.5,24.0,4.8,21.9,4.87,21.0,6.666666666666667,15.6,21.53333333333333,25.028571428571425
5,7,Robin Lopez,0.0,MIL,DET,-13.0,225.5,119.3,19,1.3,5.6,18.8,C,3000,7,16.0,12.0,100,109,2%,4,3,5,9,12,14,7.9,11.4,3.9,18.8,14.9,15.0,5.0,8.3,2.75,0.0,0.0,0.0,4.15,1.375,11.666666666666666,4.0,9.23,8.566666666666666,0.0
6,0,Alec Burks,0.0,PHI,BKN,-7.0,214.0,110.5,7,5.0,24.8,42.3,PG/SG,3600,8,24.0,16.0,104,106,0%,14,12,13,26,26,29,29.4,29.8,18.6,41.0,29.7,26.5,7.4,20.0,5.56,20.9,21.0,5.8,20.45,5.68,27.0,13.0,27.85,24.03333333333333,15.905555555555555
6,1,Tony Snell,0.0,DET,MIL,13.0,225.5,106.3,24,14.0,19.2,31.3,SG/SF,4000,7,12.0,10.0,107,100,-2%,7,8,7,33,34,28,19.2,15.8,9.3,22.2,22.1,15.0,3.8,19.0,4.75,17.2,29.0,4.3,18.1,4.525,31.666666666666668,7.333333333333333,16.919999999999998,21.5,16.57578947368421
6,2,John Collins,0.0,ATL,MIA,6.5,229.0,111.3,10,35.5,46.0,60.5,PF,8700,7,22.0,23.0,100,107,0%,13,17,15,34,39,32,46.0,40.5,30.4,50.7,30.4,31.3,3.6,41.3,4.74,41.9,34.0,4.8,41.599999999999994,4.77,35.0,15.0,41.839999999999996,47.333333333333336,40.411428571428566
6,3,Vince Carter,0.0,ATL,MIA,6.5,229.0,111.3,21,3.3,11.0,30.8,SF/PF,3100,7,16.0,8.0,100,107,-2%,4,5,5,12,16,16,12.8,11.5,3.7,19.2,4.3,2.5,0.8,4.3,1.37,0.0,0.0,0.0,2.15,0.685,14.666666666666666,4.666666666666667,9.870000000000001,15.033333333333333,0.0
6,4,Tomas Satoransky,0.0,CHI,CHA,-4.5,211.5,108.0,6,17.3,27.1,34.5,PG,5000,8,18.0,14.0,99,111,-4%,11,10,9,31,29,29,27.1,25.6,16.3,34.9,33.3,33.5,6.7,29.8,5.95,30.1,32.5,6.0,29.950000000000003,5.975,29.666666666666668,10.0,26.77,26.3,32.81039325842697
6,5,Sekou Doumbouya,0.0,DET,MIL,13.0,225.5,106.3,20,9.0,10.7,13.5,SF/PF,3200,7,17.0,7.0,107,100,3%,7,6,6,16,17,20,10.7,13.1,2.6,23.6,33.6,19.3,6.0,12.5,3.91,11.5,16.5,3.6,12.0,3.755,17.666666666666668,6.333333333333333,12.4,11.066666666666668,11.20754716981132
6,6,Brandon Clarke,0.0,MEM,SAC,1.0,229.5,114.3,4,13.8,24.9,42.0,PF/C,5100,7,19.0,22.0,101,109,-8%,12,10,8,22,23,22,24.9,24.7,17.2,32.2,24.7,27.3,5.4,24.3,4.75,23.5,22.5,4.6,23.9,4.675,22.333333333333332,10.0,24.580000000000002,26.900000000000002,24.078358208955223
6,7,Damion Lee,0.0,GS,HOU,10.0,233.0,111.5,2,14.0,25.4,32.8,SG,5200,7,19.0,12.0,106,108,6%,11,11,10,31,30,29,25.4,25.0,14.9,35.0,28.5,25.3,4.9,28.0,5.38,29.3,31.5,5.6,28.65,5.49,30.0,10.666666666666666,25.790000000000003,24.066666666666663,30.0825
8,0,Tyus Jones,0.0,MEM,SAC,1.0,229.5,114.3,14,10.0,22.6,29.3,PG,3500,7,18.0,15.0,101,109,-1%,7,9,6,18,19,19,22.6,17.4,9.6,25.1,18.1,29.8,8.5,15.0,4.29,15.5,17.0,4.4,15.25,4.345000000000001,18.666666666666668,7.333333333333333,17.99,20.633333333333336,13.888392857142858
8,1,Jeff Teague,0.0,ATL,MIA,6.5,229.0,111.3,2,0.8,17.7,31.3,PG/SG,4400,7,19.0,15.0,100,107,-9%,7,7,9,22,25,27,24.6,25.8,15.3,36.2,24.9,18.5,4.2,14.8,3.35,15.2,16.0,3.5,15.0,3.425,24.666666666666668,7.666666666666667,23.380000000000003,16.599999999999998,9.72972972972973
8,2,Ersan Ilyasova,0.0,MIL,DET,-13.0,225.5,119.3,3,4.5,11.4,22.5,PF/C,4400,7,17.0,16.0,100,109,3%,10,7,6,22,16,17,13.2,17.2,7.5,26.8,13.7,6.5,1.5,10.8,2.44,0.0,0.0,0.0,5.4,1.22,18.333333333333332,7.666666666666667,14.020000000000001,12.799999999999999,0.0
8,3,Josh Jackson,0.0,MEM,SAC,1.0,229.5,114.3,9,9.5,13.7,20.0,SF/PF,3100,7,0.0,0.0,101,109,2%,4,5,6,17,18,18,13.7,13.8,7.0,20.6,18.0,26.8,8.6,17.3,5.56,15.6,19.0,5.0,16.45,5.279999999999999,17.666666666666668,5.0,14.309999999999999,14.4,17.69150943396226
8,4,Raul Neto,0.0,PHI,BKN,-7.0,214.0,110.5,7,2.5,8.7,28.0,PG,3000,8,18.0,11.0,104,106,6%,0,3,4,2,9,11,3.1,8.5,1.2,15.8,28.4,14.0,4.7,7.0,2.33,18.5,23.5,6.2,12.75,4.265000000000001,7.333333333333333,2.3333333333333335,8.27,13.066666666666668,40.85795454545455
8,5,Cody Zeller,0.0,CHA,CHI,4.5,211.5,103.5,22,10.8,26.2,48.0,PF/C,4500,7,21.0,18.0,102,107,8%,8,9,9,22,23,23,26.2,24.1,14.3,33.9,25.0,35.0,7.8,22.0,4.89,23.5,22.5,5.2,22.75,5.045,22.666666666666668,8.666666666666666,24.249999999999996,28.333333333333332,22.582720588235293
8,6,Jarrett Allen,0.0,BKN,PHI,7.0,214.0,103.5,18,12.0,24.5,34.3,C,5100,7,15.0,21.0,101,104,-10%,8,6,7,20,20,27,24.5,30.0,19.0,40.9,12.7,1.5,0.3,24.5,4.8,22.6,22.5,4.4,23.55,4.6,22.333333333333332,7.0,27.590000000000003,23.599999999999998,23.725746268656717
8,7,PJ Washington,0.0,CHA,CHI,4.5,211.5,103.5,22,18.3,20.2,22.8,PF/C,4500,7,18.0,12.0,102,107,8%,9,10,10,33,29,31,20.2,25.4,16.2,34.5,30.4,34.3,7.6,25.3,5.61,25.9,30.5,5.8,25.6,5.705,31.0,9.666666666666666,24.380000000000003,20.433333333333334,25.18709677419355
10,0,Garrett Temple,0.0,BKN,PHI,7.0,214.0,103.5,1,9.5,18.5,27.5,PG/SG,3600,7,17.0,10.0,101,104,-4%,10,8,10,27,24,28,18.4,21.0,12.6,29.4,32.8,17.0,4.7,17.0,4.72,18.1,26.0,5.0,17.55,4.859999999999999,26.333333333333332,9.333333333333334,19.79,18.5,17.327848101265825
10,1,Ben McLemore,0.0,HOU,GS,-10.0,233.0,121.5,10,6.0,15.0,26.5,SG/SF,3400,8,16.0,12.0,103,110,7%,5,7,8,23,25,25,15.3,17.8,8.7,26.9,20.6,17.8,5.2,19.5,5.74,16.6,22.5,4.9,18.05,5.32,24.333333333333332,6.666666666666667,17.35,15.833333333333334,16.690068493150687
10,2,Juan Toscano-Anderson,0.0,GS,HOU,10.0,233.0,111.5,29,7.3,10.3,11.8,SF/PF,3000,7,0.0,0.0,106,108,6%,2,3,3,14,16,16,10.3,10.3,7.7,12.8,24.8,30.0,10.0,10.0,3.33,12.1,15.0,4.0,11.05,3.665,15.333333333333334,2.6666666666666665,10.430000000000001,9.8,10.809782608695652
10,3,Joe Harris,0.0,BKN,PHI,7.0,214.0,103.5,17,23.3,29.1,34.0,SG/SF,4900,7,17.0,13.0,101,104,-4%,12,12,11,35,32,32,29.3,24.9,17.1,32.8,34.3,15.3,3.1,25.8,5.26,25.7,33.5,5.2,25.75,5.23,33.0,11.666666666666666,25.97,28.8,26.140151515151516
10,4,Cody Martin,0.0,CHA,CHI,4.5,211.5,103.5,16,14.3,21.4,34.0,SG/SF,3800,7,14.0,11.0,102,107,8%,8,7,4,32,27,16,21.4,11.7,2.8,20.6,25.2,13.5,3.6,18.5,4.87,18.7,25.0,4.9,18.6,4.885,25.0,6.333333333333333,15.02,23.233333333333334,18.6
10,5,Derrick Jones Jr.,0.0,MIA,ATL,-6.5,229.0,117.8,28,8.5,20.2,47.8,SF/PF,4000,7,14.0,14.0,106,112,17%,2,5,7,22,26,26,20.1,19.6,10.7,28.5,13.1,14.0,3.5,18.8,4.69,17.1,21.5,4.3,17.950000000000003,4.495,24.666666666666668,4.666666666666667,19.37,25.5,15.64560810810811
10,6,Harry Giles III,0.0,SAC,MEM,-1.0,229.5,115.3,8,6.3,17.3,24.0,C,3400,7,20.0,16.0,106,108,0%,7,6,5,18,18,13,17.3,12.9,5.3,20.6,25.0,14.3,4.2,22.8,6.69,19.4,19.0,5.7,21.1,6.195,16.333333333333332,6.0,15.440000000000001,15.866666666666667,24.544897959183675
10,7,Kyle Anderson,0.0,MEM,SAC,1.0,229.5,114.3,27,10.5,20.7,27.3,SG/SF,4300,7,14.0,13.0,101,109,2%,7,5,5,28,25,18,20.7,16.1,8.4,23.8,22.8,25.3,5.9,20.8,4.83,22.7,27.5,5.3,21.75,5.0649999999999995,23.666666666666668,5.666666666666667,18.15,19.5,25.27288732394366
11,0,James Harden,0.0,HOU,GS,-10.0,233.0,121.5,23,36.3,58.7,79.3,PG/SG,11300,8,37.0,29.0,103,110,6%,21,19,24,39,37,38,59.0,61.5,47.0,76.0,30.2,60.3,5.3,62.3,5.51,62.0,37.5,5.5,62.15,5.505,38.0,21.333333333333332,61.129999999999995,58.1,61.33223684210527
11,1,De'Anthony Melton,0.0,MEM,SAC,1.0,229.5,114.3,14,5.0,18.2,31.8,PG/SG,4000,7,21.0,16.0,101,109,-1%,10,9,7,23,22,20,18.2,21.1,13.1,29.1,23.1,41.5,10.4,21.3,5.31,21.7,23.0,5.4,21.5,5.355,21.666666666666668,8.666666666666666,20.6,18.333333333333332,22.823076923076922
11,2,Kelly Olynyk,0.0,MIA,ATL,-6.5,229.0,117.8,7,4.5,18.4,41.5,PF/C,3800,7,16.0,13.0,106,112,6%,6,5,6,16,17,20,18.4,17.9,7.1,28.7,11.7,13.3,3.5,13.8,3.62,11.3,12.0,3.0,12.55,3.31,17.666666666666668,5.666666666666667,16.93,21.46666666666667,8.524528301886793
11,3,Matisse Thybulle,0.0,PHI,BKN,-7.0,214.0,110.5,4,8.3,12.4,15.8,SF,3000,8,12.0,10.0,104,106,6%,3,3,4,17,21,21,12.4,13.8,5.7,21.9,16.4,2.0,0.7,15.0,5.0,11.8,17.5,3.9,13.4,4.45,19.666666666666668,3.3333333333333335,13.440000000000001,12.166666666666666,11.923728813559322
11,4,Spencer Dinwiddie,0.0,BKN,PHI,7.0,214.0,103.5,1,20.3,36.2,49.5,PG/SG,7300,7,31.0,18.0,101,104,-6%,14,13,17,34,32,32,36.2,38.3,28.2,48.3,37.1,41.8,5.7,36.0,4.93,38.7,34.5,5.3,37.35,5.115,32.666666666666664,14.666666666666666,37.67,35.333333333333336,39.446173469387766
11,5,Andrew Wiggins,0.0,GS,HOU,10.0,233.0,111.5,2,26.5,38.3,52.0,SG/SF,7600,7,25.0,17.0,106,108,8%,14,14,19,34,34,35,38.3,38.2,27.5,48.9,28.9,32.3,4.2,37.0,4.87,41.7,34.0,5.5,39.35,5.1850000000000005,34.333333333333336,15.666666666666666,38.45,38.93333333333333,38.96796116504854
11,6,P.J. Tucker,0.0,HOU,GS,-10.0,233.0,121.5,28,11.5,21.1,38.5,PF/C,4000,8,9.0,9.0,103,110,4%,5,6,6,36,33,36,21.4,22.5,13.1,32.0,30.4,24.8,6.2,22.8,5.69,23.2,35.5,5.8,23.0,5.745,35.0,5.666666666666667,22.4,23.7,23.32857142857143
11,7,Malik Monk,0.0,CHA,CHI,4.5,211.5,103.5,25,25.0,29.3,40.5,PG/SG,5400,7,23.0,13.0,102,107,-2%,15,14,9,30,28,21,29.3,18.5,7.6,29.5,29.5,36.5,6.8,24.0,4.44,24.1,28.0,4.5,24.05,4.470000000000001,26.333333333333332,12.666666666666666,21.79,31.599999999999998,25.57215189873418
12,0,Caris LeVert,0.0,BKN,PHI,7.0,214.0,103.5,1,21.5,40.1,51.3,PG/SF,6700,7,28.0,12.0,101,104,-4%,17,18,14,35,32,27,40.0,26.7,15.8,37.6,39.0,42.0,6.3,33.8,5.04,33.7,34.5,5.0,33.75,5.02,31.333333333333332,16.333333333333332,30.770000000000003,37.63333333333333,37.16090425531915
12,1,Damion Lee,0.0,GS,HOU,10.0,233.0,111.5,2,14.0,25.4,32.8,SG,5200,7,19.0,12.0,106,108,6%,11,11,10,31,30,29,25.4,25.0,14.9,35.0,28.5,25.3,4.9,28.0,5.38,29.3,31.5,5.6,28.65,5.49,30.0,10.666666666666666,25.790000000000003,24.066666666666663,30.0825
12,2,Taurean Prince,0.0,BKN,PHI,7.0,214.0,103.5,14,18.3,22.6,27.5,PF,4500,7,20.0,10.0,101,104,-4%,13,12,12,30,29,30,21.3,26.7,17.6,35.8,23.0,12.8,2.8,21.8,4.83,23.9,29.0,5.3,22.85,5.0649999999999995,29.666666666666668,12.333333333333334,24.85,22.8,22.336516853932586
12,3,Thabo Sefolosha,0.0,HOU,GS,-10.0,233.0,121.5,6,6.3,9.9,16.0,SF/PF,3000,8,10.0,10.0,103,110,4%,2,3,2,10,12,11,9.8,8.0,2.4,13.5,8.6,8.0,2.7,8.0,2.67,0.0,0.0,0.0,4.0,1.335,11.0,2.3333333333333335,7.540000000000001,10.733333333333334,0.0
12,4,Malik Monk,0.0,CHA,CHI,4.5,211.5,103.5,25,25.0,29.3,40.5,PG/SG,5400,7,23.0,13.0,102,107,-2%,15,14,9,30,28,21,29.3,18.5,7.6,29.5,29.5,36.5,6.8,24.0,4.44,24.1,28.0,4.5,24.05,4.470000000000001,26.333333333333332,12.666666666666666,21.79,31.599999999999998,25.57215189873418
12,5,Vince Carter,0.0,ATL,MIA,6.5,229.0,111.3,21,3.3,11.0,30.8,SF/PF,3100,7,16.0,8.0,100,107,-2%,4,5,5,12,16,16,12.8,11.5,3.7,19.2,4.3,2.5,0.8,4.3,1.37,0.0,0.0,0.0,2.15,0.685,14.666666666666666,4.666666666666667,9.870000000000001,15.033333333333333,0.0
12,6,Bismack Biyombo,0.0,CHA,CHI,4.5,211.5,103.5,21,4.5,13.7,32.5,C,4000,7,17.0,16.0,102,107,8%,5,4,5,22,16,19,13.8,17.9,7.9,28.0,15.0,10.8,2.7,12.3,3.06,0.0,0.0,0.0,6.15,1.53,19.0,4.666666666666667,14.750000000000004,16.900000000000002,0.0
12,7,Pat Connaughton,0.0,MIL,DET,-13.0,225.5,119.3,6,8.0,13.8,21.8,SG/SF,3500,7,12.0,11.0,100,109,-6%,6,4,5,28,23,19,13.8,15.0,7.8,22.2,14.3,4.8,1.4,13.8,3.93,12.6,16.0,3.6,13.2,3.765,23.333333333333332,5.0,14.4,14.533333333333333,9.051428571428572
13,0,Jordan Poole,0.0,GS,HOU,10.0,233.0,111.5,28,3.0,21.3,29.5,PG/SG,4000,7,20.0,6.0,106,108,0%,12,10,9,32,25,22,21.3,15.0,6.7,23.3,32.0,29.0,7.3,23.8,5.94,25.5,31.5,6.4,24.65,6.17,26.333333333333332,10.333333333333334,18.189999999999998,17.933333333333334,29.48639240506329
13,1,Ben McLemore,0.0,HOU,GS,-10.0,233.0,121.5,10,6.0,15.0,26.5,SG/SF,3400,8,16.0,12.0,103,110,7%,5,7,8,23,25,25,15.3,17.8,8.7,26.9,20.6,17.8,5.2,19.5,5.74,16.6,22.5,4.9,18.05,5.32,24.333333333333332,6.666666666666667,17.35,15.833333333333334,16.690068493150687
13,2,Eric Paschall,0.0,GS,HOU,10.0,233.0,111.5,29,13.8,21.8,28.8,SF/PF,4300,7,21.0,14.0,106,108,6%,7,11,11,22,26,28,21.8,23.6,12.8,34.5,31.9,23.8,5.5,24.8,5.76,24.8,26.5,5.8,24.8,5.779999999999999,25.333333333333332,9.666666666666666,23.5,21.46666666666667,25.942105263157895
13,3,Shaquille Harrison,0.0,CHI,CHA,-4.5,211.5,108.0,6,9.5,13.4,20.3,PG/SF,3000,8,0.0,0.0,99,111,-4%,4,5,3,9,10,8,13.3,8.0,-1.1,17.0,18.3,18.5,6.2,14.0,4.67,23.2,23.5,7.7,18.6,6.1850000000000005,9.0,4.0,11.16,14.4,48.56666666666667
13,4,Tony Snell,0.0,DET,MIL,13.0,225.5,106.3,24,14.0,19.2,31.3,SG/SF,4000,7,12.0,10.0,107,100,-2%,7,8,7,33,34,28,19.2,15.8,9.3,22.2,22.1,15.0,3.8,19.0,4.75,17.2,29.0,4.3,18.1,4.525,31.666666666666668,7.333333333333333,16.919999999999998,21.5,16.57578947368421
13,5,Marvin Williams,0.0,MIL,DET,-13.0,225.5,119.3,3,7.0,10.5,14.5,PF,3000,7,9.0,12.0,100,109,3%,3,3,5,19,19,20,10.5,14.2,5.3,23.1,8.7,6.8,2.3,8.3,2.75,10.1,13.0,3.4,9.2,3.075,19.333333333333332,3.6666666666666665,12.459999999999999,10.666666666666666,6.186206896551724
13,6,Brandon Clarke,0.0,MEM,SAC,1.0,229.5,114.3,4,13.8,24.9,42.0,PF/C,5100,7,19.0,22.0,101,109,-8%,12,10,8,22,23,22,24.9,24.7,17.2,32.2,24.7,27.3,5.4,24.3,4.75,23.5,22.5,4.6,23.9,4.675,22.333333333333332,10.0,24.580000000000002,26.900000000000002,24.078358208955223
13,7,Giannis Antetokounmpo,0.0,MIL,DET,-13.0,225.5,119.3,3,57.0,67.7,72.5,PF,11100,7,38.0,32.0,100,109,3%,21,21,20,34,33,32,67.9,61.0,50.1,71.8,31.8,67.5,6.1,59.0,5.32,61.3,32.0,5.5,60.15,5.41,33.0,20.666666666666668,62.19,65.73333333333333,58.32727272727273
14,0,Derrick Rose,0.0,DET,MIL,13.0,225.5,106.3,5,5.8,24.9,45.5,PG,5900,7,32.0,21.0,107,100,0%,15,17,15,23,30,27,31.4,32.1,23.3,40.9,23.1,19.0,3.2,33.0,5.59,33.9,28.5,5.7,33.45,5.645,26.666666666666668,15.666666666666666,32.230000000000004,25.400000000000002,35.7496875
14,1,Svi Mykhailiuk,0.0,DET,MIL,13.0,225.5,106.3,24,5.3,16.8,24.3,SG/SF,3200,7,16.0,12.0,107,100,-7%,8,7,7,27,25,22,16.8,15.4,6.2,24.6,28.5,17.3,5.4,16.3,5.08,15.2,21.0,4.8,15.75,4.9399999999999995,24.666666666666668,7.333333333333333,15.75,15.466666666666669,13.408783783783782
14,2,Thon Maker,0.0,DET,MIL,13.0,225.5,106.3,13,6.8,23.8,34.0,PF/C,4500,7,16.0,14.0,107,100,0%,10,7,3,25,25,13,23.8,10.8,1.7,19.8,18.4,26.0,5.8,22.3,4.94,21.5,24.0,4.8,21.9,4.87,21.0,6.666666666666667,15.6,21.53333333333333,25.028571428571425
14,3,Dillon Brooks,0.0,MEM,SAC,1.0,229.5,114.3,27,14.5,20.8,29.5,SG/SF,5000,7,24.0,12.0,101,109,2%,17,15,14,27,29,29,20.8,26.8,17.0,36.7,30.2,17.0,3.4,26.8,5.35,27.0,29.5,5.4,26.9,5.375,28.333333333333332,15.333333333333334,25.640000000000004,21.599999999999998,28.007647058823526
14,4,Kent Bazemore,0.0,SAC,MEM,-1.0,229.5,115.3,13,13.5,21.0,27.8,SG/SF,3500,7,16.0,8.0,106,108,4%,10,9,8,21,23,25,20.9,18.4,11.1,25.7,22.9,24.8,7.1,20.5,5.86,15.3,19.5,4.4,17.9,5.130000000000001,23.0,9.0,18.8,20.766666666666666,15.176086956521738
14,5,Christian Wood,0.0,DET,MIL,13.0,225.5,106.3,13,20.5,39.5,52.0,PF/C,6900,7,21.0,23.0,107,100,3%,12,14,7,31,33,19,39.5,22.3,9.3,35.3,27.0,37.3,5.4,33.3,4.82,38.3,30.0,5.6,35.8,5.21,27.666666666666668,11.0,28.439999999999998,37.333333333333336,38.819277108433724
14,6,Marquese Chriss,0.0,GS,HOU,10.0,233.0,111.5,3,22.8,33.9,45.3,C,6200,7,19.0,19.0,106,108,6%,11,10,6,29,28,19,33.9,21.3,11.3,31.3,17.9,20.8,3.4,30.5,4.92,34.5,29.0,5.6,32.5,5.26,25.333333333333332,9.0,26.060000000000002,34.0,37.203947368421055
14,7,Furkan Korkmaz,0.0,PHI,BKN,-7.0,214.0,110.5,4,3.3,26.8,52.0,SG,4100,8,18.0,12.0,104,106,0%,11,12,8,28,26,22,26.8,16.6,6.3,26.8,17.9,7.3,1.8,18.3,4.45,16.4,21.5,4.0,17.35,4.225,25.333333333333332,10.333333333333334,18.77,27.366666666666664,14.724671052631582
15,0,Austin Rivers,0.0,HOU,GS,-10.0,233.0,121.5,23,4.3,13.1,23.5,PG/SG,3100,8,15.0,10.0,103,110,6%,5,7,8,19,23,24,13.1,16.1,7.9,24.4,24.8,22.5,7.3,16.3,5.24,14.8,22.0,4.8,15.55,5.02,22.0,6.666666666666667,15.41,13.633333333333333,15.550000000000002
15,1,Spencer Dinwiddie,0.0,BKN,PHI,7.0,214.0,103.5,1,20.3,36.2,49.5,PG/SG,7300,7,31.0,18.0,101,104,-6%,14,13,17,34,32,32,36.2,38.3,28.2,48.3,37.1,41.8,5.7,36.0,4.93,38.7,34.5,5.3,37.35,5.115,32.666666666666664,14.666666666666666,37.67,35.333333333333336,39.446173469387766
15,2,Eric Paschall,0.0,GS,HOU,10.0,233.0,111.5,29,13.8,21.8,28.8,SF/PF,4300,7,21.0,14.0,106,108,6%,7,11,11,22,26,28,21.8,23.6,12.8,34.5,31.9,23.8,5.5,24.8,5.76,24.8,26.5,5.8,24.8,5.779999999999999,25.333333333333332,9.666666666666666,23.5,21.46666666666667,25.942105263157895
15,3,Bogdan Bogdanovic,0.0,SAC,MEM,-1.0,229.5,115.3,13,11.0,25.2,41.5,SG/SF,4900,7,23.0,14.0,106,108,4%,13,11,12,29,30,28,25.1,25.9,15.4,36.4,24.5,15.8,3.2,27.5,5.61,26.1,29.0,5.3,26.8,5.455,29.0,12.0,25.920000000000005,25.900000000000002,26.8
15,4,Caris LeVert,0.0,BKN,PHI,7.0,214.0,103.5,1,21.5,40.1,51.3,PG/SF,6700,7,28.0,12.0,101,104,-4%,17,18,14,35,32,27,40.0,26.7,15.8,37.6,39.0,42.0,6.3,33.8,5.04,33.7,34.5,5.0,33.75,5.02,31.333333333333332,16.333333333333332,30.770000000000003,37.63333333333333,37.16090425531915
15,5,Juan Toscano-Anderson,0.0,GS,HOU,10.0,233.0,111.5,29,7.3,10.3,11.8,SF/PF,3000,7,0.0,0.0,106,108,6%,2,3,3,14,16,16,10.3,10.3,7.7,12.8,24.8,30.0,10.0,10.0,3.33,12.1,15.0,4.0,11.05,3.665,15.333333333333334,2.6666666666666665,10.430000000000001,9.8,10.809782608695652
15,6,P.J. Tucker,0.0,HOU,GS,-10.0,233.0,121.5,28,11.5,21.1,38.5,PF/C,4000,8,9.0,9.0,103,110,4%,5,6,6,36,33,36,21.4,22.5,13.1,32.0,30.4,24.8,6.2,22.8,5.69,23.2,35.5,5.8,23.0,5.745,35.0,5.666666666666667,22.4,23.7,23.32857142857143
15,7,Bam Adebayo,0.0,MIA,ATL,-6.5,229.0,117.8,30,40.8,43.7,49.3,C,7800,7,20.0,21.0,106,112,6%,9,13,11,30,34,35,43.7,41.6,31.6,51.7,36.2,70.3,9.0,43.3,5.54,43.6,34.5,5.6,43.45,5.57,33.0,11.0,42.410000000000004,44.6,45.425
16,0,Cory Joseph,0.0,SAC,MEM,-1.0,229.5,115.3,3,6.0,13.4,23.3,PG,3300,7,14.0,10.0,106,108,3%,7,4,6,26,22,25,13.3,16.7,8.7,24.7,22.3,17.0,5.2,19.3,5.83,16.0,23.0,4.8,17.65,5.3149999999999995,24.333333333333332,5.666666666666667,16.21,14.233333333333334,16.682876712328767
16,1,Langston Galloway,0.0,DET,MIL,13.0,225.5,106.3,24,9.0,17.7,26.3,SG,3700,7,15.0,12.0,107,100,-2%,9,8,8,27,29,26,17.6,17.9,10.9,24.9,23.4,14.8,4.0,17.3,4.66,16.5,25.5,4.5,16.9,4.58,27.333333333333332,8.333333333333334,17.639999999999997,17.666666666666668,15.766463414634146
16,2,Jabari Parker,0.0,SAC,MEM,-1.0,229.5,115.3,27,6.0,19.1,43.3,PF,3700,7,23.0,17.0,106,108,0%,6,9,12,15,18,26,19.1,28.4,15.5,41.3,14.6,12.0,3.2,11.3,3.04,14.4,13.0,3.9,12.850000000000001,3.4699999999999998,19.666666666666668,9.0,23.43,22.8,8.494067796610171
16,3,Caris LeVert,0.0,BKN,PHI,7.0,214.0,103.5,1,21.5,40.1,51.3,PG/SF,6700,7,28.0,12.0,101,104,-4%,17,18,14,35,32,27,40.0,26.7,15.8,37.6,39.0,42.0,6.3,33.8,5.04,33.7,34.5,5.0,33.75,5.02,31.333333333333332,16.333333333333332,30.770000000000003,37.63333333333333,37.16090425531915
16,4,Duncan Robinson,0.0,MIA,ATL,-6.5,229.0,117.8,26,20.8,29.1,35.8,SG/SF,4900,7,15.0,13.0,106,112,-1%,14,12,9,34,36,30,29.2,22.4,13.8,31.0,33.4,15.5,3.2,23.0,4.69,25.6,32.5,5.2,24.3,4.945,33.333333333333336,11.666666666666666,24.139999999999997,28.566666666666666,23.6925
16,5,Wilson Chandler,0.0,BKN,PHI,7.0,214.0,103.5,14,4.8,15.9,23.8,PF,3100,7,14.0,9.0,101,104,-4%,5,6,5,21,22,21,15.8,15.4,9.5,21.3,32.6,23.5,7.6,14.8,4.76,15.2,21.5,4.9,15.0,4.83,21.333333333333332,5.333333333333333,15.4,14.833333333333334,15.1171875
16,6,Alen Smailagic,0.0,GS,HOU,10.0,233.0,111.5,5,1.0,7.5,16.8,PF/C,3000,7,0.0,0.0,106,108,6%,1,2,3,6,9,10,7.5,9.0,3.6,14.5,11.7,11.3,3.8,3.8,1.25,0.0,0.0,0.0,1.9,0.625,8.333333333333334,2.0,7.3,8.433333333333334,0.0
16,7,Buddy Hield,0.0,SAC,MEM,-1.0,229.5,115.3,13,25.0,37.0,53.5,SG/SF,6600,7,27.0,16.0,106,108,4%,17,16,18,32,32,34,39.1,35.4,25.1,45.7,26.8,36.8,5.6,35.5,5.38,35.7,31.5,5.4,35.6,5.390000000000001,32.666666666666664,17.0,36.18,38.5,34.328571428571436
17,0,Caris LeVert,0.0,BKN,PHI,7.0,214.0,103.5,1,21.5,40.1,51.3,PG/SF,6700,7,28.0,12.0,101,104,-4%,17,18,14,35,32,27,40.0,26.7,15.8,37.6,39.0,42.0,6.3,33.8,5.04,33.7,34.5,5.0,33.75,5.02,31.333333333333332,16.333333333333332,30.770000000000003,37.63333333333333,37.16090425531915
17,1,Kent Bazemore,0.0,SAC,MEM,-1.0,229.5,115.3,13,13.5,21.0,27.8,SG/SF,3500,7,16.0,8.0,106,108,4%,10,9,8,21,23,25,20.9,18.4,11.1,25.7,22.9,24.8,7.1,20.5,5.86,15.3,19.5,4.4,17.9,5.130000000000001,23.0,9.0,18.8,20.766666666666666,15.176086956521738
17,2,PJ Washington,0.0,CHA,CHI,4.5,211.5,103.5,22,18.3,20.2,22.8,PF/C,4500,7,18.0,12.0,102,107,8%,9,10,10,33,29,31,20.2,25.4,16.2,34.5,30.4,34.3,7.6,25.3,5.61,25.9,30.5,5.8,25.6,5.705,31.0,9.666666666666666,24.380000000000003,20.433333333333334,25.18709677419355
17,3,Pat Connaughton,0.0,MIL,DET,-13.0,225.5,119.3,6,8.0,13.8,21.8,SG/SF,3500,7,12.0,11.0,100,109,-6%,6,4,5,28,23,19,13.8,15.0,7.8,22.2,14.3,4.8,1.4,13.8,3.93,12.6,16.0,3.6,13.2,3.765,23.333333333333332,5.0,14.4,14.533333333333333,9.051428571428572
17,4,Draymond Green,0.0,GS,HOU,10.0,233.0,111.5,28,13.8,32.9,48.8,PG/SF,6500,7,18.0,13.0,106,108,6%,5,6,8,31,28,29,32.9,29.7,18.5,41.0,18.2,19.0,2.9,32.5,5.0,34.9,30.5,5.4,33.7,5.2,29.333333333333332,6.333333333333333,31.160000000000004,31.833333333333332,35.04034090909091
17,5,Alen Smailagic,0.0,GS,HOU,10.0,233.0,111.5,5,1.0,7.5,16.8,PF/C,3000,7,0.0,0.0,106,108,6%,1,2,3,6,9,10,7.5,9.0,3.6,14.5,11.7,11.3,3.8,3.8,1.25,0.0,0.0,0.0,1.9,0.625,8.333333333333334,2.0,7.3,8.433333333333334,0.0
17,6,Kevon Looney,0.0,GS,HOU,10.0,233.0,111.5,3,2.8,12.1,23.8,C,3000,7,0.0,0.0,106,108,8%,3,4,3,15,14,12,11.9,9.0,3.4,14.7,18.4,11.3,3.8,12.0,4.0,15.4,15.5,5.1,13.7,4.55,13.666666666666666,3.3333333333333335,10.539999999999997,12.9,15.53780487804878
17,7,Shake Milton,0.0,PHI,BKN,-7.0,214.0,110.5,7,7.5,15.4,22.5,PG/SG,3200,8,0.0,0.0,104,106,0%,3,6,5,7,18,15,10.8,11.9,0.9,22.9,13.7,7.3,2.3,6.0,1.88,0.0,0.0,0.0,3.0,0.94,13.333333333333334,4.666666666666667,9.9,15.133333333333333,0.0
18,0,Derrick Rose,0.0,DET,MIL,13.0,225.5,106.3,5,5.8,24.9,45.5,PG,5900,7,32.0,21.0,107,100,0%,15,17,15,23,30,27,31.4,32.1,23.3,40.9,23.1,19.0,3.2,33.0,5.59,33.9,28.5,5.7,33.45,5.645,26.666666666666668,15.666666666666666,32.230000000000004,25.400000000000002,35.7496875
18,1,Bogdan Bogdanovic,0.0,SAC,MEM,-1.0,229.5,115.3,13,11.0,25.2,41.5,SG/SF,4900,7,23.0,14.0,106,108,4%,13,11,12,29,30,28,25.1,25.9,15.4,36.4,24.5,15.8,3.2,27.5,5.61,26.1,29.0,5.3,26.8,5.455,29.0,12.0,25.920000000000005,25.900000000000002,26.8
18,2,Tobias Harris,0.0,PHI,BKN,-7.0,214.0,110.5,4,15.3,33.3,43.8,SF/PF,6400,8,23.0,16.0,104,106,-14%,14,16,16,34,34,35,34.3,35.9,26.8,45.0,46.2,50.0,7.8,34.5,5.39,35.7,34.5,5.6,35.1,5.494999999999999,34.333333333333336,15.333333333333334,35.42,30.799999999999997,35.27038834951456
18,3,Josh Jackson,0.0,MEM,SAC,1.0,229.5,114.3,9,9.5,13.7,20.0,SF/PF,3100,7,0.0,0.0,101,109,2%,4,5,6,17,18,18,13.7,13.8,7.0,20.6,18.0,26.8,8.6,17.3,5.56,15.6,19.0,5.0,16.45,5.279999999999999,17.666666666666668,5.0,14.309999999999999,14.4,17.69150943396226
18,4,Tomas Satoransky,0.0,CHI,CHA,-4.5,211.5,108.0,6,17.3,27.1,34.5,PG,5000,8,18.0,14.0,99,111,-4%,11,10,9,31,29,29,27.1,25.6,16.3,34.9,33.3,33.5,6.7,29.8,5.95,30.1,32.5,6.0,29.950000000000003,5.975,29.666666666666668,10.0,26.77,26.3,32.81039325842697
18,5,Kelly Olynyk,0.0,MIA,ATL,-6.5,229.0,117.8,7,4.5,18.4,41.5,PF/C,3800,7,16.0,13.0,106,112,6%,6,5,6,16,17,20,18.4,17.9,7.1,28.7,11.7,13.3,3.5,13.8,3.62,11.3,12.0,3.0,12.55,3.31,17.666666666666668,5.666666666666667,16.93,21.46666666666667,8.524528301886793
18,6,Marquese Chriss,0.0,GS,HOU,10.0,233.0,111.5,3,22.8,33.9,45.3,C,6200,7,19.0,19.0,106,108,6%,11,10,6,29,28,19,33.9,21.3,11.3,31.3,17.9,20.8,3.4,30.5,4.92,34.5,29.0,5.6,32.5,5.26,25.333333333333332,9.0,26.060000000000002,34.0,37.203947368421055
18,7,Al Horford,0.0,PHI,BKN,-7.0,214.0,110.5,18,13.0,23.3,34.0,PF/C,5000,8,18.0,15.0,104,106,-4%,5,10,11,29,30,31,25.9,30.6,21.9,39.2,18.6,18.8,3.8,29.0,5.8,28.5,28.0,5.7,28.75,5.75,30.0,8.666666666666666,29.27,23.433333333333334,26.833333333333336
19,0,Michael Frazier,0.0,HOU,GS,-10.0,233.0,121.5,23,0.0,3.6,7.3,PG/SG,3000,8,0.0,0.0,103,110,7%,0,1,1,10,9,9,2.1,3.0,0.1,5.9,6.1,2.0,0.7,5.8,1.92,0.0,0.0,0.0,2.9,0.96,9.333333333333334,0.6666666666666666,2.8,3.6333333333333333,0.0
19,1,Pat Connaughton,0.0,MIL,DET,-13.0,225.5,119.3,6,8.0,13.8,21.8,SG/SF,3500,7,12.0,11.0,100,109,-6%,6,4,5,28,23,19,13.8,15.0,7.8,22.2,14.3,4.8,1.4,13.8,3.93,12.6,16.0,3.6,13.2,3.765,23.333333333333332,5.0,14.4,14.533333333333333,9.051428571428572
19,2,Giannis Antetokounmpo,0.0,MIL,DET,-13.0,225.5,119.3,3,57.0,67.7,72.5,PF,11100,7,38.0,32.0,100,109,3%,21,21,20,34,33,32,67.9,61.0,50.1,71.8,31.8,67.5,6.1,59.0,5.32,61.3,32.0,5.5,60.15,5.41,33.0,20.666666666666668,62.19,65.73333333333333,58.32727272727273
19,3,Kyle Anderson,0.0,MEM,SAC,1.0,229.5,114.3,27,10.5,20.7,27.3,SG/SF,4300,7,14.0,13.0,101,109,2%,7,5,5,28,25,18,20.7,16.1,8.4,23.8,22.8,25.3,5.9,20.8,4.83,22.7,27.5,5.3,21.75,5.0649999999999995,23.666666666666668,5.666666666666667,18.15,19.5,25.27288732394366
19,4,Joe Harris,0.0,BKN,PHI,7.0,214.0,103.5,17,23.3,29.1,34.0,SG/SF,4900,7,17.0,13.0,101,104,-4%,12,12,11,35,32,32,29.3,24.9,17.1,32.8,34.3,15.3,3.1,25.8,5.26,25.7,33.5,5.2,25.75,5.23,33.0,11.666666666666666,25.97,28.8,26.140151515151516
19,5,Timothe Luwawu-Cabarrot,0.0,BKN,PHI,7.0,214.0,103.5,26,4.0,11.2,22.3,SF/PF,3000,7,14.0,9.0,101,104,-4%,4,5,4,13,14,15,11.2,9.8,2.5,17.1,16.4,11.3,3.8,9.0,3.0,8.5,12.5,2.8,8.75,2.9,14.0,4.333333333333333,9.870000000000001,12.5,7.8125
19,6,Brook Lopez,0.0,MIL,DET,-13.0,225.5,119.3,19,15.5,28.7,34.5,C,5600,7,16.0,14.0,100,109,2%,11,10,9,28,30,27,28.6,26.0,16.9,35.1,24.4,22.0,3.9,26.0,4.64,28.2,28.5,5.0,27.1,4.82,28.333333333333332,10.0,26.74,26.233333333333334,27.259411764705884
19,7,Jimmy Butler,0.0,MIA,ATL,-6.5,229.0,117.8,11,27.3,41.0,56.8,PG/SG,7900,7,26.0,24.0,106,112,4%,18,17,14,33,33,35,42.5,43.0,33.3,52.7,34.4,45.5,5.8,42.8,5.41,43.5,33.5,5.5,43.15,5.455,33.666666666666664,16.333333333333332,42.93,41.699999999999996,42.93638613861386
20,0,James Harden,0.0,HOU,GS,-10.0,233.0,121.5,23,36.3,58.7,79.3,PG/SG,11300,8,37.0,29.0,103,110,6%,21,19,24,39,37,38,59.0,61.5,47.0,76.0,30.2,60.3,5.3,62.3,5.51,62.0,37.5,5.5,62.15,5.505,38.0,21.333333333333332,61.129999999999995,58.1,61.33223684210527
20,1,Ryan Arcidiacono,0.0,CHI,CHA,-4.5,211.5,108.0,6,11.0,16.3,29.0,PG/SG,3100,8,13.0,9.0,99,111,-4%,5,6,4,19,21,15,16.3,10.0,3.7,16.3,28.4,8.8,2.8,13.0,4.19,18.1,26.5,5.8,15.55,4.995,18.333333333333332,5.0,12.370000000000001,18.766666666666666,22.476818181818185
20,2,P.J. Tucker,0.0,HOU,GS,-10.0,233.0,121.5,28,11.5,21.1,38.5,PF/C,4000,8,9.0,9.0,103,110,4%,5,6,6,36,33,36,21.4,22.5,13.1,32.0,30.4,24.8,6.2,22.8,5.69,23.2,35.5,5.8,23.0,5.745,35.0,5.666666666666667,22.4,23.7,23.32857142857143
20,3,Joe Harris,0.0,BKN,PHI,7.0,214.0,103.5,17,23.3,29.1,34.0,SG/SF,4900,7,17.0,13.0,101,104,-4%,12,12,11,35,32,32,29.3,24.9,17.1,32.8,34.3,15.3,3.1,25.8,5.26,25.7,33.5,5.2,25.75,5.23,33.0,11.666666666666666,25.97,28.8,26.140151515151516
20,4,Duncan Robinson,0.0,MIA,ATL,-6.5,229.0,117.8,26,20.8,29.1,35.8,SG/SF,4900,7,15.0,13.0,106,112,-1%,14,12,9,34,36,30,29.2,22.4,13.8,31.0,33.4,15.5,3.2,23.0,4.69,25.6,32.5,5.2,24.3,4.945,33.333333333333336,11.666666666666666,24.139999999999997,28.566666666666666,23.6925
20,5,Giannis Antetokounmpo,0.0,MIL,DET,-13.0,225.5,119.3,3,57.0,67.7,72.5,PF,11100,7,38.0,32.0,100,109,3%,21,21,20,34,33,32,67.9,61.0,50.1,71.8,31.8,67.5,6.1,59.0,5.32,61.3,32.0,5.5,60.15,5.41,33.0,20.666666666666668,62.19,65.73333333333333,58.32727272727273
20,6,John Henson,0.0,DET,MIL,13.0,225.5,106.3,10,3.3,19.6,33.8,C,3300,7,17.0,18.0,107,100,3%,2,5,4,12,18,14,19.6,15.2,7.1,23.4,14.7,13.0,3.9,16.3,4.92,0.0,0.0,0.0,8.15,2.46,14.666666666666666,3.6666666666666665,14.690000000000001,18.900000000000002,0.0
20,7,Furkan Korkmaz,0.0,PHI,BKN,-7.0,214.0,110.5,4,3.3,26.8,52.0,SG,4100,8,18.0,12.0,104,106,0%,11,12,8,28,26,22,26.8,16.6,6.3,26.8,17.9,7.3,1.8,18.3,4.45,16.4,21.5,4.0,17.35,4.225,25.333333333333332,10.333333333333334,18.77,27.366666666666664,14.724671052631582
21,0,Tyus Jones,0.0,MEM,SAC,1.0,229.5,114.3,14,10.0,22.6,29.3,PG,3500,7,18.0,15.0,101,109,-1%,7,9,6,18,19,19,22.6,17.4,9.6,25.1,18.1,29.8,8.5,15.0,4.29,15.5,17.0,4.4,15.25,4.345000000000001,18.666666666666668,7.333333333333333,17.99,20.633333333333336,13.888392857142858
21,1,De'Anthony Melton,0.0,MEM,SAC,1.0,229.5,114.3,14,5.0,18.2,31.8,PG/SG,4000,7,21.0,16.0,101,109,-1%,10,9,7,23,22,20,18.2,21.1,13.1,29.1,23.1,41.5,10.4,21.3,5.31,21.7,23.0,5.4,21.5,5.355,21.666666666666668,8.666666666666666,20.6,18.333333333333332,22.823076923076922
21,2,Brandon Clarke,0.0,MEM,SAC,1.0,229.5,114.3,4,13.8,24.9,42.0,PF/C,5100,7,19.0,22.0,101,109,-8%,12,10,8,22,23,22,24.9,24.7,17.2,32.2,24.7,27.3,5.4,24.3,4.75,23.5,22.5,4.6,23.9,4.675,22.333333333333332,10.0,24.580000000000002,26.900000000000002,24.078358208955223
21,3,Andre Iguodala,0.0,MIA,ATL,-6.5,229.0,117.8,26,10.8,19.6,30.5,SG/SF,3300,7,0.0,0.0,106,112,17%,4,3,3,20,21,21,15.7,15.7,11.3,20.1,23.4,21.8,6.6,18.5,5.61,15.7,19.0,4.8,17.1,5.205,20.666666666666668,3.3333333333333335,15.98,20.3,15.720967741935484
21,4,Josh Richardson,0.0,PHI,BKN,-7.0,214.0,110.5,4,0.0,14.7,33.8,SG/SF,4200,8,22.0,13.0,104,106,-14%,9,10,13,25,29,32,22.8,27.4,18.1,36.8,38.9,27.3,6.5,26.8,6.37,27.0,32.5,6.4,26.9,6.385,28.666666666666668,10.666666666666666,26.4,16.166666666666668,30.49709302325581
21,5,Wilson Chandler,0.0,BKN,PHI,7.0,214.0,103.5,14,4.8,15.9,23.8,PF,3100,7,14.0,9.0,101,104,-4%,5,6,5,21,22,21,15.8,15.4,9.5,21.3,32.6,23.5,7.6,14.8,4.76,15.2,21.5,4.9,15.0,4.83,21.333333333333332,5.333333333333333,15.4,14.833333333333334,15.1171875
21,6,Bismack Biyombo,0.0,CHA,CHI,4.5,211.5,103.5,21,4.5,13.7,32.5,C,4000,7,17.0,16.0,102,107,8%,5,4,5,22,16,19,13.8,17.9,7.9,28.0,15.0,10.8,2.7,12.3,3.06,0.0,0.0,0.0,6.15,1.53,19.0,4.666666666666667,14.750000000000004,16.900000000000002,0.0
21,7,Garrett Temple,0.0,BKN,PHI,7.0,214.0,103.5,1,9.5,18.5,27.5,PG/SG,3600,7,17.0,10.0,101,104,-4%,10,8,10,27,24,28,18.4,21.0,12.6,29.4,32.8,17.0,4.7,17.0,4.72,18.1,26.0,5.0,17.55,4.859999999999999,26.333333333333332,9.333333333333334,19.79,18.5,17.327848101265825
22,0,Alec Burks,0.0,PHI,BKN,-7.0,214.0,110.5,7,5.0,24.8,42.3,PG/SG,3600,8,24.0,16.0,104,106,0%,14,12,13,26,26,29,29.4,29.8,18.6,41.0,29.7,26.5,7.4,20.0,5.56,20.9,21.0,5.8,20.45,5.68,27.0,13.0,27.85,24.03333333333333,15.905555555555555
22,1,Jeff Teague,0.0,ATL,MIA,6.5,229.0,111.3,2,0.8,17.7,31.3,PG/SG,4400,7,19.0,15.0,100,107,-9%,7,7,9,22,25,27,24.6,25.8,15.3,36.2,24.9,18.5,4.2,14.8,3.35,15.2,16.0,3.5,15.0,3.425,24.666666666666668,7.666666666666667,23.380000000000003,16.599999999999998,9.72972972972973
22,2,Thon Maker,0.0,DET,MIL,13.0,225.5,106.3,13,6.8,23.8,34.0,PF/C,4500,7,16.0,14.0,107,100,0%,10,7,3,25,25,13,23.8,10.8,1.7,19.8,18.4,26.0,5.8,22.3,4.94,21.5,24.0,4.8,21.9,4.87,21.0,6.666666666666667,15.6,21.53333333333333,25.028571428571425
22,3,Harrison Barnes,0.0,SAC,MEM,-1.0,229.5,115.3,10,19.3,29.4,40.3,SF/PF,5000,7,17.0,13.0,106,108,2%,10,11,11,33,33,35,29.4,25.7,16.2,35.2,37.9,38.8,7.8,27.8,5.55,25.6,34.5,5.1,26.700000000000003,5.324999999999999,33.666666666666664,10.666666666666666,26.639999999999997,29.666666666666668,27.360891089108915
22,4,Jimmy Butler,0.0,MIA,ATL,-6.5,229.0,117.8,11,27.3,41.0,56.8,PG/SG,7900,7,26.0,24.0,106,112,4%,18,17,14,33,33,35,42.5,43.0,33.3,52.7,34.4,45.5,5.8,42.8,5.41,43.5,33.5,5.5,43.15,5.455,33.666666666666664,16.333333333333332,42.93,41.699999999999996,42.93638613861386
22,5,Caris LeVert,0.0,BKN,PHI,7.0,214.0,103.5,1,21.5,40.1,51.3,PG/SF,6700,7,28.0,12.0,101,104,-4%,17,18,14,35,32,27,40.0,26.7,15.8,37.6,39.0,42.0,6.3,33.8,5.04,33.7,34.5,5.0,33.75,5.02,31.333333333333332,16.333333333333332,30.770000000000003,37.63333333333333,37.16090425531915
22,6,Marquese Chriss,0.0,GS,HOU,10.0,233.0,111.5,3,22.8,33.9,45.3,C,6200,7,19.0,19.0,106,108,6%,11,10,6,29,28,19,33.9,21.3,11.3,31.3,17.9,20.8,3.4,30.5,4.92,34.5,29.0,5.6,32.5,5.26,25.333333333333332,9.0,26.060000000000002,34.0,37.203947368421055
22,7,Coby White,0.0,CHI,CHA,-4.5,211.5,108.0,6,17.5,26.6,39.3,PG/SG,4700,8,23.0,10.0,99,111,-4%,12,12,11,30,28,25,26.6,21.2,12.2,30.2,30.2,17.5,3.7,27.3,5.8,30.4,33.5,6.5,28.85,6.15,27.666666666666668,11.666666666666666,23.810000000000002,27.8,34.93283132530121
23,0,Trae Young,0.0,ATL,MIA,6.5,229.0,111.3,2,43.3,56.9,73.8,PG,10500,7,36.0,24.0,100,107,-9%,18,22,21,35,38,36,56.9,53.1,38.6,67.6,39.5,71.0,6.8,50.5,4.81,51.5,36.0,4.9,51.0,4.855,36.333333333333336,20.333333333333332,53.44,58.0,50.532110091743114
23,1,Cam Reddish,0.0,ATL,MIA,6.5,229.0,111.3,30,5.5,19.8,32.0,SG/SF,4200,7,18.0,8.0,100,107,0%,10,11,9,25,27,27,22.5,19.6,10.9,28.3,36.9,31.0,7.4,14.3,3.39,17.9,24.5,4.3,16.1,3.8449999999999998,26.333333333333332,10.0,19.48,19.099999999999998,14.979113924050633
23,2,Luke Kornet,0.0,CHI,CHA,-4.5,211.5,108.0,21,7.8,21.1,32.0,PF/C,3700,8,16.0,13.0,99,111,6%,11,9,5,27,24,16,21.1,12.6,2.6,22.6,14.7,8.5,2.3,22.5,6.08,20.2,23.5,5.5,21.35,5.79,22.333333333333332,8.333333333333334,16.05,20.3,22.46529850746269
23,3,Khris Middleton,0.0,MIL,DET,-13.0,225.5,119.3,18,32.3,44.9,57.8,SF,8300,7,26.0,22.0,100,109,-3%,19,18,15,34,34,30,44.9,37.5,27.1,47.9,32.4,46.5,5.6,37.3,4.49,38.9,32.0,4.7,38.099999999999994,4.595000000000001,32.666666666666664,17.333333333333332,39.1,45.0,37.32244897959183
23,4,Tyus Jones,0.0,MEM,SAC,1.0,229.5,114.3,14,10.0,22.6,29.3,PG,3500,7,18.0,15.0,101,109,-1%,7,9,6,18,19,19,22.6,17.4,9.6,25.1,18.1,29.8,8.5,15.0,4.29,15.5,17.0,4.4,15.25,4.345000000000001,18.666666666666668,7.333333333333333,17.99,20.633333333333336,13.888392857142858
23,5,Duncan Robinson,0.0,MIA,ATL,-6.5,229.0,117.8,26,20.8,29.1,35.8,SG/SF,4900,7,15.0,13.0,106,112,-1%,14,12,9,34,36,30,29.2,22.4,13.8,31.0,33.4,15.5,3.2,23.0,4.69,25.6,32.5,5.2,24.3,4.945,33.333333333333336,11.666666666666666,24.139999999999997,28.566666666666666,23.6925
23,6,Bismack Biyombo,0.0,CHA,CHI,4.5,211.5,103.5,21,4.5,13.7,32.5,C,4000,7,17.0,16.0,102,107,8%,5,4,5,22,16,19,13.8,17.9,7.9,28.0,15.0,10.8,2.7,12.3,3.06,0.0,0.0,0.0,6.15,1.53,19.0,4.666666666666667,14.750000000000004,16.900000000000002,0.0
23,7,Damion Lee,0.0,GS,HOU,10.0,233.0,111.5,2,14.0,25.4,32.8,SG,5200,7,19.0,12.0,106,108,6%,11,11,10,31,30,29,25.4,25.0,14.9,35.0,28.5,25.3,4.9,28.0,5.38,29.3,31.5,5.6,28.65,5.49,30.0,10.666666666666666,25.790000000000003,24.066666666666663,30.0825
25,0,Donte DiVincenzo,0.0,MIL,DET,-13.0,225.5,119.3,16,13.5,22.4,35.5,PG/SG,4700,7,17.0,15.0,100,109,-6%,11,9,8,28,25,24,22.4,22.7,15.5,30.0,18.0,11.0,2.3,22.3,4.73,18.2,20.5,3.9,20.25,4.315,25.666666666666668,9.333333333333334,22.169999999999998,23.8,16.1737012987013
25,1,Ben McLemore,0.0,HOU,GS,-10.0,233.0,121.5,10,6.0,15.0,26.5,SG/SF,3400,8,16.0,12.0,103,110,7%,5,7,8,23,25,25,15.3,17.8,8.7,26.9,20.6,17.8,5.2,19.5,5.74,16.6,22.5,4.9,18.05,5.32,24.333333333333332,6.666666666666667,17.35,15.833333333333334,16.690068493150687
25,2,Eric Paschall,0.0,GS,HOU,10.0,233.0,111.5,29,13.8,21.8,28.8,SF/PF,4300,7,21.0,14.0,106,108,6%,7,11,11,22,26,28,21.8,23.6,12.8,34.5,31.9,23.8,5.5,24.8,5.76,24.8,26.5,5.8,24.8,5.779999999999999,25.333333333333332,9.666666666666666,23.5,21.46666666666667,25.942105263157895
25,3,Duncan Robinson,0.0,MIA,ATL,-6.5,229.0,117.8,26,20.8,29.1,35.8,SG/SF,4900,7,15.0,13.0,106,112,-1%,14,12,9,34,36,30,29.2,22.4,13.8,31.0,33.4,15.5,3.2,23.0,4.69,25.6,32.5,5.2,24.3,4.945,33.333333333333336,11.666666666666666,24.139999999999997,28.566666666666666,23.6925
25,4,Svi Mykhailiuk,0.0,DET,MIL,13.0,225.5,106.3,24,5.3,16.8,24.3,SG/SF,3200,7,16.0,12.0,107,100,-7%,8,7,7,27,25,22,16.8,15.4,6.2,24.6,28.5,17.3,5.4,16.3,5.08,15.2,21.0,4.8,15.75,4.9399999999999995,24.666666666666668,7.333333333333333,15.75,15.466666666666669,13.408783783783782
25,5,Christian Wood,0.0,DET,MIL,13.0,225.5,106.3,13,20.5,39.5,52.0,PF/C,6900,7,21.0,23.0,107,100,3%,12,14,7,31,33,19,39.5,22.3,9.3,35.3,27.0,37.3,5.4,33.3,4.82,38.3,30.0,5.6,35.8,5.21,27.666666666666668,11.0,28.439999999999998,37.333333333333336,38.819277108433724
25,6,Brandon Clarke,0.0,MEM,SAC,1.0,229.5,114.3,4,13.8,24.9,42.0,PF/C,5100,7,19.0,22.0,101,109,-8%,12,10,8,22,23,22,24.9,24.7,17.2,32.2,24.7,27.3,5.4,24.3,4.75,23.5,22.5,4.6,23.9,4.675,22.333333333333332,10.0,24.580000000000002,26.900000000000002,24.078358208955223
25,7,Al Horford,0.0,PHI,BKN,-7.0,214.0,110.5,18,13.0,23.3,34.0,PF/C,5000,8,18.0,15.0,104,106,-4%,5,10,11,29,30,31,25.9,30.6,21.9,39.2,18.6,18.8,3.8,29.0,5.8,28.5,28.0,5.7,28.75,5.75,30.0,8.666666666666666,29.27,23.433333333333334,26.833333333333336
26,0,Ja Morant,0.0,MEM,SAC,1.0,229.5,114.3,14,24.5,35.7,61.0,PG,7000,7,27.0,18.0,101,109,-1%,20,15,14,34,31,30,36.0,34.6,23.5,45.6,30.3,20.8,3.0,33.3,4.75,35.3,31.0,5.0,34.3,4.875,31.666666666666668,16.333333333333332,34.8,40.4,33.5778947368421
26,1,Buddy Hield,0.0,SAC,MEM,-1.0,229.5,115.3,13,25.0,37.0,53.5,SG/SF,6600,7,27.0,16.0,106,108,4%,17,16,18,32,32,34,39.1,35.4,25.1,45.7,26.8,36.8,5.6,35.5,5.38,35.7,31.5,5.4,35.6,5.390000000000001,32.666666666666664,17.0,36.18,38.5,34.328571428571436
26,2,Jalen McDaniels,0.0,CHA,CHI,4.5,211.5,103.5,22,2.0,10.3,24.0,PF,3100,7,0.0,0.0,102,107,8%,4,3,3,20,13,13,10.2,10.2,1.3,19.1,16.1,4.5,1.5,11.3,3.63,10.5,13.0,3.4,10.9,3.5149999999999997,15.333333333333334,3.3333333333333335,10.34,12.1,9.241304347826087
26,3,Dillon Brooks,0.0,MEM,SAC,1.0,229.5,114.3,27,14.5,20.8,29.5,SG/SF,5000,7,24.0,12.0,101,109,2%,17,15,14,27,29,29,20.8,26.8,17.0,36.7,30.2,17.0,3.4,26.8,5.35,27.0,29.5,5.4,26.9,5.375,28.333333333333332,15.333333333333334,25.640000000000004,21.599999999999998,28.007647058823526
26,4,Garrett Temple,0.0,BKN,PHI,7.0,214.0,103.5,1,9.5,18.5,27.5,PG/SG,3600,7,17.0,10.0,101,104,-4%,10,8,10,27,24,28,18.4,21.0,12.6,29.4,32.8,17.0,4.7,17.0,4.72,18.1,26.0,5.0,17.55,4.859999999999999,26.333333333333332,9.333333333333334,19.79,18.5,17.327848101265825
26,5,P.J. Tucker,0.0,HOU,GS,-10.0,233.0,121.5,28,11.5,21.1,38.5,PF/C,4000,8,9.0,9.0,103,110,4%,5,6,6,36,33,36,21.4,22.5,13.1,32.0,30.4,24.8,6.2,22.8,5.69,23.2,35.5,5.8,23.0,5.745,35.0,5.666666666666667,22.4,23.7,23.32857142857143
26,6,Alen Smailagic,0.0,GS,HOU,10.0,233.0,111.5,5,1.0,7.5,16.8,PF/C,3000,7,0.0,0.0,106,108,6%,1,2,3,6,9,10,7.5,9.0,3.6,14.5,11.7,11.3,3.8,3.8,1.25,0.0,0.0,0.0,1.9,0.625,8.333333333333334,2.0,7.3,8.433333333333334,0.0
26,7,Goran Dragic,0.0,MIA,ATL,-6.5,229.0,117.8,11,22.8,29.7,46.0,PG,5700,7,26.0,16.0,106,112,-1%,13,14,13,31,31,29,29.6,29.6,20.7,38.4,26.8,27.3,4.8,31.8,5.57,30.5,29.0,5.4,31.15,5.485,30.333333333333332,13.333333333333334,29.889999999999997,32.833333333333336,29.780769230769227
27,0,De'Aaron Fox,0.0,SAC,MEM,-1.0,229.5,115.3,3,22.0,35.5,46.5,PG,7400,7,31.0,20.0,106,108,3%,18,15,16,33,32,32,35.5,39.5,28.2,50.7,33.8,37.0,5.0,41.3,5.57,43.3,34.0,5.9,42.3,5.735,32.333333333333336,16.333333333333332,39.239999999999995,34.666666666666664,44.480412371134015
27,1,Joe Harris,0.0,BKN,PHI,7.0,214.0,103.5,17,23.3,29.1,34.0,SG/SF,4900,7,17.0,13.0,101,104,-4%,12,12,11,35,32,32,29.3,24.9,17.1,32.8,34.3,15.3,3.1,25.8,5.26,25.7,33.5,5.2,25.75,5.23,33.0,11.666666666666666,25.97,28.8,26.140151515151516
27,2,Vince Carter,0.0,ATL,MIA,6.5,229.0,111.3,21,3.3,11.0,30.8,SF/PF,3100,7,16.0,8.0,100,107,-2%,4,5,5,12,16,16,12.8,11.5,3.7,19.2,4.3,2.5,0.8,4.3,1.37,0.0,0.0,0.0,2.15,0.685,14.666666666666666,4.666666666666667,9.870000000000001,15.033333333333333,0.0
27,3,Thabo Sefolosha,0.0,HOU,GS,-10.0,233.0,121.5,6,6.3,9.9,16.0,SF/PF,3000,8,10.0,10.0,103,110,4%,2,3,2,10,12,11,9.8,8.0,2.4,13.5,8.6,8.0,2.7,8.0,2.67,0.0,0.0,0.0,4.0,1.335,11.0,2.3333333333333335,7.540000000000001,10.733333333333334,0.0
27,4,Bogdan Bogdanovic,0.0,SAC,MEM,-1.0,229.5,115.3,13,11.0,25.2,41.5,SG/SF,4900,7,23.0,14.0,106,108,4%,13,11,12,29,30,28,25.1,25.9,15.4,36.4,24.5,15.8,3.2,27.5,5.61,26.1,29.0,5.3,26.8,5.455,29.0,12.0,25.920000000000005,25.900000000000002,26.8
27,5,Wilson Chandler,0.0,BKN,PHI,7.0,214.0,103.5,14,4.8,15.9,23.8,PF,3100,7,14.0,9.0,101,104,-4%,5,6,5,21,22,21,15.8,15.4,9.5,21.3,32.6,23.5,7.6,14.8,4.76,15.2,21.5,4.9,15.0,4.83,21.333333333333332,5.333333333333333,15.4,14.833333333333334,15.1171875
27,6,Bismack Biyombo,0.0,CHA,CHI,4.5,211.5,103.5,21,4.5,13.7,32.5,C,4000,7,17.0,16.0,102,107,8%,5,4,5,22,16,19,13.8,17.9,7.9,28.0,15.0,10.8,2.7,12.3,3.06,0.0,0.0,0.0,6.15,1.53,19.0,4.666666666666667,14.750000000000004,16.900000000000002,0.0
27,7,Zach LaVine,0.0,CHI,CHA,-4.5,211.5,108.0,29,33.3,45.6,63.8,SG,9200,8,31.0,20.0,99,111,-4%,21,18,20,39,35,35,45.6,41.2,29.0,53.3,38.9,45.3,4.9,45.3,4.92,48.0,38.0,5.2,46.65,5.0600000000000005,36.333333333333336,19.666666666666668,43.150000000000006,47.56666666666666,48.78990825688073
28,0,Caris LeVert,0.0,BKN,PHI,7.0,214.0,103.5,1,21.5,40.1,51.3,PG/SF,6700,7,28.0,12.0,101,104,-4%,17,18,14,35,32,27,40.0,26.7,15.8,37.6,39.0,42.0,6.3,33.8,5.04,33.7,34.5,5.0,33.75,5.02,31.333333333333332,16.333333333333332,30.770000000000003,37.63333333333333,37.16090425531915
28,1,Coby White,0.0,CHI,CHA,-4.5,211.5,108.0,6,17.5,26.6,39.3,PG/SG,4700,8,23.0,10.0,99,111,-4%,12,12,11,30,28,25,26.6,21.2,12.2,30.2,30.2,17.5,3.7,27.3,5.8,30.4,33.5,6.5,28.85,6.15,27.666666666666668,11.666666666666666,23.810000000000002,27.8,34.93283132530121
28,2,Danuel House Jr.,0.0,HOU,GS,-10.0,233.0,121.5,6,19.5,28.9,45.8,SF/PF,4600,8,13.0,11.0,103,110,1%,11,10,9,38,35,31,28.9,22.5,12.8,32.3,18.6,17.8,3.9,25.5,5.54,26.7,34.5,5.8,26.1,5.67,34.666666666666664,10.0,24.52,31.399999999999995,25.974519230769236
28,3,Dillon Brooks,0.0,MEM,SAC,1.0,229.5,114.3,27,14.5,20.8,29.5,SG/SF,5000,7,24.0,12.0,101,109,2%,17,15,14,27,29,29,20.8,26.8,17.0,36.7,30.2,17.0,3.4,26.8,5.35,27.0,29.5,5.4,26.9,5.375,28.333333333333332,15.333333333333334,25.640000000000004,21.599999999999998,28.007647058823526
28,4,Brandon Goodwin,0.0,ATL,MIA,6.5,229.0,111.3,2,3.5,13.5,31.0,PG,3200,7,23.0,12.0,100,107,-9%,4,7,6,10,15,14,13.5,13.1,2.7,23.5,4.8,5.3,1.7,4.0,1.25,0.0,0.0,0.0,2.0,0.625,13.0,5.666666666666667,10.96,16.0,0.0
28,5,Buddy Hield,0.0,SAC,MEM,-1.0,229.5,115.3,13,25.0,37.0,53.5,SG/SF,6600,7,27.0,16.0,106,108,4%,17,16,18,32,32,34,39.1,35.4,25.1,45.7,26.8,36.8,5.6,35.5,5.38,35.7,31.5,5.4,35.6,5.390000000000001,32.666666666666664,17.0,36.18,38.5,34.328571428571436
28,6,Harry Giles III,0.0,SAC,MEM,-1.0,229.5,115.3,8,6.3,17.3,24.0,C,3400,7,20.0,16.0,106,108,0%,7,6,5,18,18,13,17.3,12.9,5.3,20.6,25.0,14.3,4.2,22.8,6.69,19.4,19.0,5.7,21.1,6.195,16.333333333333332,6.0,15.440000000000001,15.866666666666667,24.544897959183675
28,7,Daniel Gafford,0.0,CHI,CHA,-4.5,211.5,108.0,16,0.8,13.1,28.3,C,3000,8,13.0,17.0,99,111,6%,1,4,3,5,16,13,13.1,11.1,2.2,20.0,16.4,12.5,4.2,15.8,5.25,15.2,16.5,5.1,15.5,5.175,11.333333333333334,2.6666666666666665,12.38,14.066666666666668,22.566176470588236
29,0,Russell Westbrook,0.0,HOU,GS,-10.0,233.0,121.5,23,41.5,54.4,59.5,PG,10200,8,35.0,21.0,103,110,6%,28,27,23,37,38,37,54.4,52.4,41.1,63.8,30.4,44.3,4.3,53.5,5.25,58.8,36.5,5.8,56.15,5.525,37.333333333333336,26.0,53.56999999999999,51.800000000000004,54.89665178571428
29,1,Jordan Poole,0.0,GS,HOU,10.0,233.0,111.5,28,3.0,21.3,29.5,PG/SG,4000,7,20.0,6.0,106,108,0%,12,10,9,32,25,22,21.3,15.0,6.7,23.3,32.0,29.0,7.3,23.8,5.94,25.5,31.5,6.4,24.65,6.17,26.333333333333332,10.333333333333334,18.189999999999998,17.933333333333334,29.48639240506329
29,2,Miles Bridges,0.0,CHA,CHI,4.5,211.5,103.5,2,25.8,33.0,44.8,SF/PF,6000,7,19.0,13.0,102,107,3%,16,16,11,34,35,31,33.0,25.7,15.7,35.7,33.9,39.5,6.6,31.8,5.29,28.4,33.0,4.7,30.1,4.995,33.333333333333336,14.333333333333334,28.040000000000003,34.53333333333333,29.799
29,3,Danuel House Jr.,0.0,HOU,GS,-10.0,233.0,121.5,6,19.5,28.9,45.8,SF/PF,4600,8,13.0,11.0,103,110,1%,11,10,9,38,35,31,28.9,22.5,12.8,32.3,18.6,17.8,3.9,25.5,5.54,26.7,34.5,5.8,26.1,5.67,34.666666666666664,10.0,24.52,31.399999999999995,25.974519230769236
29,4,George Hill,0.0,MIL,DET,-13.0,225.5,119.3,16,6.3,15.2,24.8,PG,3000,7,16.0,18.0,100,109,3%,7,6,7,23,21,21,15.2,20.2,12.9,27.4,20.0,15.8,5.3,15.0,5.0,16.3,18.5,5.4,15.65,5.2,21.666666666666668,6.666666666666667,18.270000000000003,15.433333333333332,13.362692307692308
29,5,Thon Maker,0.0,DET,MIL,13.0,225.5,106.3,13,6.8,23.8,34.0,PF/C,4500,7,16.0,14.0,107,100,0%,10,7,3,25,25,13,23.8,10.8,1.7,19.8,18.4,26.0,5.8,22.3,4.94,21.5,24.0,4.8,21.9,4.87,21.0,6.666666666666667,15.6,21.53333333333333,25.028571428571425
29,6,Christian Wood,0.0,DET,MIL,13.0,225.5,106.3,13,20.5,39.5,52.0,PF/C,6900,7,21.0,23.0,107,100,3%,12,14,7,31,33,19,39.5,22.3,9.3,35.3,27.0,37.3,5.4,33.3,4.82,38.3,30.0,5.6,35.8,5.21,27.666666666666668,11.0,28.439999999999998,37.333333333333336,38.819277108433724
29,7,Josh Jackson,0.0,MEM,SAC,1.0,229.5,114.3,9,9.5,13.7,20.0,SF/PF,3100,7,0.0,0.0,101,109,2%,4,5,6,17,18,18,13.7,13.8,7.0,20.6,18.0,26.8,8.6,17.3,5.56,15.6,19.0,5.0,16.45,5.279999999999999,17.666666666666668,5.0,14.309999999999999,14.4,17.69150943396226
30,0,Ryan Arcidiacono,0.0,CHI,CHA,-4.5,211.5,108.0,6,11.0,16.3,29.0,PG/SG,3100,8,13.0,9.0,99,111,-4%,5,6,4,19,21,15,16.3,10.0,3.7,16.3,28.4,8.8,2.8,13.0,4.19,18.1,26.5,5.8,15.55,4.995,18.333333333333332,5.0,12.370000000000001,18.766666666666666,22.476818181818185
30,1,Tony Snell,0.0,DET,MIL,13.0,225.5,106.3,24,14.0,19.2,31.3,SG/SF,4000,7,12.0,10.0,107,100,-2%,7,8,7,33,34,28,19.2,15.8,9.3,22.2,22.1,15.0,3.8,19.0,4.75,17.2,29.0,4.3,18.1,4.525,31.666666666666668,7.333333333333333,16.919999999999998,21.5,16.57578947368421
30,2,Ersan Ilyasova,0.0,MIL,DET,-13.0,225.5,119.3,3,4.5,11.4,22.5,PF/C,4400,7,17.0,16.0,100,109,3%,10,7,6,22,16,17,13.2,17.2,7.5,26.8,13.7,6.5,1.5,10.8,2.44,0.0,0.0,0.0,5.4,1.22,18.333333333333332,7.666666666666667,14.020000000000001,12.799999999999999,0.0
30,3,Bruce Brown,0.0,DET,MIL,13.0,225.5,106.3,5,16.0,23.6,32.5,PG/SF,5200,7,17.0,12.0,107,100,-2%,8,8,8,32,33,28,23.6,23.5,13.4,33.5,31.7,41.0,7.9,26.8,5.14,26.3,32.0,5.1,26.55,5.119999999999999,31.0,8.0,24.11,24.03333333333333,27.406451612903226
30,4,Damion Lee,0.0,GS,HOU,10.0,233.0,111.5,2,14.0,25.4,32.8,SG,5200,7,19.0,12.0,106,108,6%,11,11,10,31,30,29,25.4,25.0,14.9,35.0,28.5,25.3,4.9,28.0,5.38,29.3,31.5,5.6,28.65,5.49,30.0,10.666666666666666,25.790000000000003,24.066666666666663,30.0825
30,5,Caris LeVert,0.0,BKN,PHI,7.0,214.0,103.5,1,21.5,40.1,51.3,PG/SF,6700,7,28.0,12.0,101,104,-4%,17,18,14,35,32,27,40.0,26.7,15.8,37.6,39.0,42.0,6.3,33.8,5.04,33.7,34.5,5.0,33.75,5.02,31.333333333333332,16.333333333333332,30.770000000000003,37.63333333333333,37.16090425531915
30,6,Jarrett Allen,0.0,BKN,PHI,7.0,214.0,103.5,18,12.0,24.5,34.3,C,5100,7,15.0,21.0,101,104,-10%,8,6,7,20,20,27,24.5,30.0,19.0,40.9,12.7,1.5,0.3,24.5,4.8,22.6,22.5,4.4,23.55,4.6,22.333333333333332,7.0,27.590000000000003,23.599999999999998,23.725746268656717
30,7,Jonas Valanciunas,0.0,MEM,SAC,1.0,229.5,114.3,9,20.5,39.6,59.8,C,7100,7,21.0,22.0,101,109,-4%,10,10,11,29,29,26,39.5,34.8,22.9,46.8,20.3,22.8,3.2,35.0,4.93,35.7,28.0,5.0,35.35,4.965,28.0,10.333333333333334,35.87,39.96666666666667,35.35
32,0,Shake Milton,0.0,PHI,BKN,-7.0,214.0,110.5,7,7.5,15.4,22.5,PG/SG,3200,8,0.0,0.0,104,106,0%,3,6,5,7,18,15,10.8,11.9,0.9,22.9,13.7,7.3,2.3,6.0,1.88,0.0,0.0,0.0,3.0,0.94,13.333333333333334,4.666666666666667,9.9,15.133333333333333,0.0
32,1,Malik Monk,0.0,CHA,CHI,4.5,211.5,103.5,25,25.0,29.3,40.5,PG/SG,5400,7,23.0,13.0,102,107,-2%,15,14,9,30,28,21,29.3,18.5,7.6,29.5,29.5,36.5,6.8,24.0,4.44,24.1,28.0,4.5,24.05,4.470000000000001,26.333333333333332,12.666666666666666,21.79,31.599999999999998,25.57215189873418
32,2,P.J. Tucker,0.0,HOU,GS,-10.0,233.0,121.5,28,11.5,21.1,38.5,PF/C,4000,8,9.0,9.0,103,110,4%,5,6,6,36,33,36,21.4,22.5,13.1,32.0,30.4,24.8,6.2,22.8,5.69,23.2,35.5,5.8,23.0,5.745,35.0,5.666666666666667,22.4,23.7,23.32857142857143
32,3,Khris Middleton,0.0,MIL,DET,-13.0,225.5,119.3,18,32.3,44.9,57.8,SF,8300,7,26.0,22.0,100,109,-3%,19,18,15,34,34,30,44.9,37.5,27.1,47.9,32.4,46.5,5.6,37.3,4.49,38.9,32.0,4.7,38.099999999999994,4.595000000000001,32.666666666666664,17.333333333333332,39.1,45.0,37.32244897959183
32,4,Austin Rivers,0.0,HOU,GS,-10.0,233.0,121.5,23,4.3,13.1,23.5,PG/SG,3100,8,15.0,10.0,103,110,6%,5,7,8,19,23,24,13.1,16.1,7.9,24.4,24.8,22.5,7.3,16.3,5.24,14.8,22.0,4.8,15.55,5.02,22.0,6.666666666666667,15.41,13.633333333333333,15.550000000000002
32,5,Svi Mykhailiuk,0.0,DET,MIL,13.0,225.5,106.3,24,5.3,16.8,24.3,SG/SF,3200,7,16.0,12.0,107,100,-7%,8,7,7,27,25,22,16.8,15.4,6.2,24.6,28.5,17.3,5.4,16.3,5.08,15.2,21.0,4.8,15.75,4.9399999999999995,24.666666666666668,7.333333333333333,15.75,15.466666666666669,13.408783783783782
32,6,Luke Kornet,0.0,CHI,CHA,-4.5,211.5,108.0,21,7.8,21.1,32.0,PF/C,3700,8,16.0,13.0,99,111,6%,11,9,5,27,24,16,21.1,12.6,2.6,22.6,14.7,8.5,2.3,22.5,6.08,20.2,23.5,5.5,21.35,5.79,22.333333333333332,8.333333333333334,16.05,20.3,22.46529850746269
32,7,Kent Bazemore,0.0,SAC,MEM,-1.0,229.5,115.3,13,13.5,21.0,27.8,SG/SF,3500,7,16.0,8.0,106,108,4%,10,9,8,21,23,25,20.9,18.4,11.1,25.7,22.9,24.8,7.1,20.5,5.86,15.3,19.5,4.4,17.9,5.130000000000001,23.0,9.0,18.8,20.766666666666666,15.176086956521738
33,0,Austin Rivers,0.0,HOU,GS,-10.0,233.0,121.5,23,4.3,13.1,23.5,PG/SG,3100,8,15.0,10.0,103,110,6%,5,7,8,19,23,24,13.1,16.1,7.9,24.4,24.8,22.5,7.3,16.3,5.24,14.8,22.0,4.8,15.55,5.02,22.0,6.666666666666667,15.41,13.633333333333333,15.550000000000002
33,1,Kendrick Nunn,0.0,MIA,ATL,-6.5,229.0,117.8,11,7.8,21.0,30.3,PG/SG,4900,7,24.0,13.0,106,112,-1%,15,17,14,25,29,30,21.0,26.5,17.1,36.0,23.5,19.5,4.0,23.0,4.69,23.2,26.5,4.7,23.1,4.695,28.0,15.333333333333334,24.74,19.7,21.8625
33,2,Josh Jackson,0.0,MEM,SAC,1.0,229.5,114.3,9,9.5,13.7,20.0,SF/PF,3100,7,0.0,0.0,101,109,2%,4,5,6,17,18,18,13.7,13.8,7.0,20.6,18.0,26.8,8.6,17.3,5.56,15.6,19.0,5.0,16.45,5.279999999999999,17.666666666666668,5.0,14.309999999999999,14.4,17.69150943396226
33,3,Matisse Thybulle,0.0,PHI,BKN,-7.0,214.0,110.5,4,8.3,12.4,15.8,SF,3000,8,12.0,10.0,104,106,6%,3,3,4,17,21,21,12.4,13.8,5.7,21.9,16.4,2.0,0.7,15.0,5.0,11.8,17.5,3.9,13.4,4.45,19.666666666666668,3.3333333333333335,13.440000000000001,12.166666666666666,11.923728813559322
33,4,Tomas Satoransky,0.0,CHI,CHA,-4.5,211.5,108.0,6,17.3,27.1,34.5,PG,5000,8,18.0,14.0,99,111,-4%,11,10,9,31,29,29,27.1,25.6,16.3,34.9,33.3,33.5,6.7,29.8,5.95,30.1,32.5,6.0,29.950000000000003,5.975,29.666666666666668,10.0,26.77,26.3,32.81039325842697
33,5,Thaddeus Young,0.0,CHI,CHA,-4.5,211.5,108.0,21,21.8,26.1,34.8,PF,5400,8,20.0,12.0,99,111,6%,12,11,9,35,32,24,26.1,20.9,13.1,28.8,35.9,48.3,8.9,30.5,5.65,30.2,33.0,5.6,30.35,5.625,30.333333333333332,10.666666666666666,23.85,27.566666666666666,33.01813186813187
33,6,Jonas Valanciunas,0.0,MEM,SAC,1.0,229.5,114.3,9,20.5,39.6,59.8,C,7100,7,21.0,22.0,101,109,-4%,10,10,11,29,29,26,39.5,34.8,22.9,46.8,20.3,22.8,3.2,35.0,4.93,35.7,28.0,5.0,35.35,4.965,28.0,10.333333333333334,35.87,39.96666666666667,35.35
33,7,P.J. Tucker,0.0,HOU,GS,-10.0,233.0,121.5,28,11.5,21.1,38.5,PF/C,4000,8,9.0,9.0,103,110,4%,5,6,6,36,33,36,21.4,22.5,13.1,32.0,30.4,24.8,6.2,22.8,5.69,23.2,35.5,5.8,23.0,5.745,35.0,5.666666666666667,22.4,23.7,23.32857142857143
37,0,Shake Milton,0.0,PHI,BKN,-7.0,214.0,110.5,7,7.5,15.4,22.5,PG/SG,3200,8,0.0,0.0,104,106,0%,3,6,5,7,18,15,10.8,11.9,0.9,22.9,13.7,7.3,2.3,6.0,1.88,0.0,0.0,0.0,3.0,0.94,13.333333333333334,4.666666666666667,9.9,15.133333333333333,0.0
37,1,Alec Burks,0.0,PHI,BKN,-7.0,214.0,110.5,7,5.0,24.8,42.3,PG/SG,3600,8,24.0,16.0,104,106,0%,14,12,13,26,26,29,29.4,29.8,18.6,41.0,29.7,26.5,7.4,20.0,5.56,20.9,21.0,5.8,20.45,5.68,27.0,13.0,27.85,24.03333333333333,15.905555555555555
37,2,Nemanja Bjelica,0.0,SAC,MEM,-1.0,229.5,115.3,27,19.8,29.5,35.5,PF,5900,7,18.0,16.0,106,108,0%,11,10,10,28,30,29,29.5,28.4,17.9,38.8,32.1,26.0,4.4,30.5,5.17,32.2,31.0,5.5,31.35,5.335,29.0,10.333333333333334,29.189999999999998,28.266666666666666,33.512068965517244
37,3,Sekou Doumbouya,0.0,DET,MIL,13.0,225.5,106.3,20,9.0,10.7,13.5,SF/PF,3200,7,17.0,7.0,107,100,3%,7,6,6,16,17,20,10.7,13.1,2.6,23.6,33.6,19.3,6.0,12.5,3.91,11.5,16.5,3.6,12.0,3.755,17.666666666666668,6.333333333333333,12.4,11.066666666666668,11.20754716981132
37,4,Malik Monk,0.0,CHA,CHI,4.5,211.5,103.5,25,25.0,29.3,40.5,PG/SG,5400,7,23.0,13.0,102,107,-2%,15,14,9,30,28,21,29.3,18.5,7.6,29.5,29.5,36.5,6.8,24.0,4.44,24.1,28.0,4.5,24.05,4.470000000000001,26.333333333333332,12.666666666666666,21.79,31.599999999999998,25.57215189873418
37,5,Timothe Luwawu-Cabarrot,0.0,BKN,PHI,7.0,214.0,103.5,26,4.0,11.2,22.3,SF/PF,3000,7,14.0,9.0,101,104,-4%,4,5,4,13,14,15,11.2,9.8,2.5,17.1,16.4,11.3,3.8,9.0,3.0,8.5,12.5,2.8,8.75,2.9,14.0,4.333333333333333,9.870000000000001,12.5,7.8125
37,6,Joel Embiid,0.0,PHI,BKN,-7.0,214.0,110.5,12,33.5,47.3,64.5,C,9000,8,32.0,25.0,104,106,8%,17,17,16,30,30,31,44.8,48.0,36.2,59.8,41.1,69.5,7.7,54.0,6.0,53.8,31.0,6.0,53.9,6.0,30.333333333333332,16.666666666666668,48.540000000000006,48.43333333333334,55.08461538461539
37,7,Cristiano Felicio,0.0,CHI,CHA,-4.5,211.5,108.0,16,7.0,14.1,22.8,C,3000,8,0.0,0.0,99,111,8%,5,4,3,21,21,19,14.1,12.6,5.3,19.9,23.8,12.3,4.1,14.0,4.67,10.8,13.0,3.6,12.4,4.135,20.333333333333332,4.0,12.86,14.633333333333335,7.927868852459017
38,0,Eric Bledsoe,0.0,MIL,DET,-13.0,225.5,119.3,16,28.0,37.4,52.5,PG,7200,7,25.0,19.0,100,109,3%,14,15,12,30,31,28,37.4,32.6,22.2,43.0,26.6,39.5,5.5,35.0,4.86,35.2,30.5,4.9,35.1,4.880000000000001,29.666666666666668,13.666666666666666,34.059999999999995,39.300000000000004,36.08595505617978
38,1,Ryan Arcidiacono,0.0,CHI,CHA,-4.5,211.5,108.0,6,11.0,16.3,29.0,PG/SG,3100,8,13.0,9.0,99,111,-4%,5,6,4,19,21,15,16.3,10.0,3.7,16.3,28.4,8.8,2.8,13.0,4.19,18.1,26.5,5.8,15.55,4.995,18.333333333333332,5.0,12.370000000000001,18.766666666666666,22.476818181818185
38,2,Al Horford,0.0,PHI,BKN,-7.0,214.0,110.5,18,13.0,23.3,34.0,PF/C,5000,8,18.0,15.0,104,106,-4%,5,10,11,29,30,31,25.9,30.6,21.9,39.2,18.6,18.8,3.8,29.0,5.8,28.5,28.0,5.7,28.75,5.75,30.0,8.666666666666666,29.27,23.433333333333334,26.833333333333336
38,3,Tobias Harris,0.0,PHI,BKN,-7.0,214.0,110.5,4,15.3,33.3,43.8,SF/PF,6400,8,23.0,16.0,104,106,-14%,14,16,16,34,34,35,34.3,35.9,26.8,45.0,46.2,50.0,7.8,34.5,5.39,35.7,34.5,5.6,35.1,5.494999999999999,34.333333333333336,15.333333333333334,35.42,30.799999999999997,35.27038834951456
38,4,Goran Dragic,0.0,MIA,ATL,-6.5,229.0,117.8,11,22.8,29.7,46.0,PG,5700,7,26.0,16.0,106,112,-1%,13,14,13,31,31,29,29.6,29.6,20.7,38.4,26.8,27.3,4.8,31.8,5.57,30.5,29.0,5.4,31.15,5.485,30.333333333333332,13.333333333333334,29.889999999999997,32.833333333333336,29.780769230769227
38,5,Buddy Hield,0.0,SAC,MEM,-1.0,229.5,115.3,13,25.0,37.0,53.5,SG/SF,6600,7,27.0,16.0,106,108,4%,17,16,18,32,32,34,39.1,35.4,25.1,45.7,26.8,36.8,5.6,35.5,5.38,35.7,31.5,5.4,35.6,5.390000000000001,32.666666666666664,17.0,36.18,38.5,34.328571428571436
38,6,DeAndre Jordan,0.0,BKN,PHI,7.0,214.0,103.5,18,16.8,29.9,40.3,C,5300,7,15.0,21.0,101,104,-10%,7,6,5,26,25,22,29.9,26.0,16.7,35.4,37.1,39.8,7.5,25.5,4.81,26.7,24.5,5.0,26.1,4.904999999999999,24.333333333333332,6.0,26.82,29.0,26.278767123287675
38,7,Cory Joseph,0.0,SAC,MEM,-1.0,229.5,115.3,3,6.0,13.4,23.3,PG,3300,7,14.0,10.0,106,108,3%,7,4,6,26,22,25,13.3,16.7,8.7,24.7,22.3,17.0,5.2,19.3,5.83,16.0,23.0,4.8,17.65,5.3149999999999995,24.333333333333332,5.666666666666667,16.21,14.233333333333334,16.682876712328767
39,0,Goran Dragic,0.0,MIA,ATL,-6.5,229.0,117.8,11,22.8,29.7,46.0,PG,5700,7,26.0,16.0,106,112,-1%,13,14,13,31,31,29,29.6,29.6,20.7,38.4,26.8,27.3,4.8,31.8,5.57,30.5,29.0,5.4,31.15,5.485,30.333333333333332,13.333333333333334,29.889999999999997,32.833333333333336,29.780769230769227
39,1,Austin Rivers,0.0,HOU,GS,-10.0,233.0,121.5,23,4.3,13.1,23.5,PG/SG,3100,8,15.0,10.0,103,110,6%,5,7,8,19,23,24,13.1,16.1,7.9,24.4,24.8,22.5,7.3,16.3,5.24,14.8,22.0,4.8,15.55,5.02,22.0,6.666666666666667,15.41,13.633333333333333,15.550000000000002
39,2,Vince Carter,0.0,ATL,MIA,6.5,229.0,111.3,21,3.3,11.0,30.8,SF/PF,3100,7,16.0,8.0,100,107,-2%,4,5,5,12,16,16,12.8,11.5,3.7,19.2,4.3,2.5,0.8,4.3,1.37,0.0,0.0,0.0,2.15,0.685,14.666666666666666,4.666666666666667,9.870000000000001,15.033333333333333,0.0
39,3,Buddy Hield,0.0,SAC,MEM,-1.0,229.5,115.3,13,25.0,37.0,53.5,SG/SF,6600,7,27.0,16.0,106,108,4%,17,16,18,32,32,34,39.1,35.4,25.1,45.7,26.8,36.8,5.6,35.5,5.38,35.7,31.5,5.4,35.6,5.390000000000001,32.666666666666664,17.0,36.18,38.5,34.328571428571436
39,4,Josh Richardson,0.0,PHI,BKN,-7.0,214.0,110.5,4,0.0,14.7,33.8,SG/SF,4200,8,22.0,13.0,104,106,-14%,9,10,13,25,29,32,22.8,27.4,18.1,36.8,38.9,27.3,6.5,26.8,6.37,27.0,32.5,6.4,26.9,6.385,28.666666666666668,10.666666666666666,26.4,16.166666666666668,30.49709302325581
39,5,Andre Iguodala,0.0,MIA,ATL,-6.5,229.0,117.8,26,10.8,19.6,30.5,SG/SF,3300,7,0.0,0.0,106,112,17%,4,3,3,20,21,21,15.7,15.7,11.3,20.1,23.4,21.8,6.6,18.5,5.61,15.7,19.0,4.8,17.1,5.205,20.666666666666668,3.3333333333333335,15.98,20.3,15.720967741935484
39,6,Kelly Olynyk,0.0,MIA,ATL,-6.5,229.0,117.8,7,4.5,18.4,41.5,PF/C,3800,7,16.0,13.0,106,112,6%,6,5,6,16,17,20,18.4,17.9,7.1,28.7,11.7,13.3,3.5,13.8,3.62,11.3,12.0,3.0,12.55,3.31,17.666666666666668,5.666666666666667,16.93,21.46666666666667,8.524528301886793
39,7,Cody Zeller,0.0,CHA,CHI,4.5,211.5,103.5,22,10.8,26.2,48.0,PF/C,4500,7,21.0,18.0,102,107,8%,8,9,9,22,23,23,26.2,24.1,14.3,33.9,25.0,35.0,7.8,22.0,4.89,23.5,22.5,5.2,22.75,5.045,22.666666666666668,8.666666666666666,24.249999999999996,28.333333333333332,22.582720588235293
40,0,Derrick Rose,0.0,DET,MIL,13.0,225.5,106.3,5,5.8,24.9,45.5,PG,5900,7,32.0,21.0,107,100,0%,15,17,15,23,30,27,31.4,32.1,23.3,40.9,23.1,19.0,3.2,33.0,5.59,33.9,28.5,5.7,33.45,5.645,26.666666666666668,15.666666666666666,32.230000000000004,25.400000000000002,35.7496875
40,1,Cody Martin,0.0,CHA,CHI,4.5,211.5,103.5,16,14.3,21.4,34.0,SG/SF,3800,7,14.0,11.0,102,107,8%,8,7,4,32,27,16,21.4,11.7,2.8,20.6,25.2,13.5,3.6,18.5,4.87,18.7,25.0,4.9,18.6,4.885,25.0,6.333333333333333,15.02,23.233333333333334,18.6
40,2,John Collins,0.0,ATL,MIA,6.5,229.0,111.3,10,35.5,46.0,60.5,PF,8700,7,22.0,23.0,100,107,0%,13,17,15,34,39,32,46.0,40.5,30.4,50.7,30.4,31.3,3.6,41.3,4.74,41.9,34.0,4.8,41.599999999999994,4.77,35.0,15.0,41.839999999999996,47.333333333333336,40.411428571428566
40,3,Josh Richardson,0.0,PHI,BKN,-7.0,214.0,110.5,4,0.0,14.7,33.8,SG/SF,4200,8,22.0,13.0,104,106,-14%,9,10,13,25,29,32,22.8,27.4,18.1,36.8,38.9,27.3,6.5,26.8,6.37,27.0,32.5,6.4,26.9,6.385,28.666666666666668,10.666666666666666,26.4,16.166666666666668,30.49709302325581
40,4,Kendrick Nunn,0.0,MIA,ATL,-6.5,229.0,117.8,11,7.8,21.0,30.3,PG/SG,4900,7,24.0,13.0,106,112,-1%,15,17,14,25,29,30,21.0,26.5,17.1,36.0,23.5,19.5,4.0,23.0,4.69,23.2,26.5,4.7,23.1,4.695,28.0,15.333333333333334,24.74,19.7,21.8625
40,5,Kyle Anderson,0.0,MEM,SAC,1.0,229.5,114.3,27,10.5,20.7,27.3,SG/SF,4300,7,14.0,13.0,101,109,2%,7,5,5,28,25,18,20.7,16.1,8.4,23.8,22.8,25.3,5.9,20.8,4.83,22.7,27.5,5.3,21.75,5.0649999999999995,23.666666666666668,5.666666666666667,18.15,19.5,25.27288732394366
40,6,Robin Lopez,0.0,MIL,DET,-13.0,225.5,119.3,19,1.3,5.6,18.8,C,3000,7,16.0,12.0,100,109,2%,4,3,5,9,12,14,7.9,11.4,3.9,18.8,14.9,15.0,5.0,8.3,2.75,0.0,0.0,0.0,4.15,1.375,11.666666666666666,4.0,9.23,8.566666666666666,0.0
40,7,Juan Toscano-Anderson,0.0,GS,HOU,10.0,233.0,111.5,29,7.3,10.3,11.8,SF/PF,3000,7,0.0,0.0,106,108,6%,2,3,3,14,16,16,10.3,10.3,7.7,12.8,24.8,30.0,10.0,10.0,3.33,12.1,15.0,4.0,11.05,3.665,15.333333333333334,2.6666666666666665,10.430000000000001,9.8,10.809782608695652
41,0,Eric Bledsoe,0.0,MIL,DET,-13.0,225.5,119.3,16,28.0,37.4,52.5,PG,7200,7,25.0,19.0,100,109,3%,14,15,12,30,31,28,37.4,32.6,22.2,43.0,26.6,39.5,5.5,35.0,4.86,35.2,30.5,4.9,35.1,4.880000000000001,29.666666666666668,13.666666666666666,34.059999999999995,39.300000000000004,36.08595505617978
41,1,Buddy Hield,0.0,SAC,MEM,-1.0,229.5,115.3,13,25.0,37.0,53.5,SG/SF,6600,7,27.0,16.0,106,108,4%,17,16,18,32,32,34,39.1,35.4,25.1,45.7,26.8,36.8,5.6,35.5,5.38,35.7,31.5,5.4,35.6,5.390000000000001,32.666666666666664,17.0,36.18,38.5,34.328571428571436
41,2,Thabo Sefolosha,0.0,HOU,GS,-10.0,233.0,121.5,6,6.3,9.9,16.0,SF/PF,3000,8,10.0,10.0,103,110,4%,2,3,2,10,12,11,9.8,8.0,2.4,13.5,8.6,8.0,2.7,8.0,2.67,0.0,0.0,0.0,4.0,1.335,11.0,2.3333333333333335,7.540000000000001,10.733333333333334,0.0
41,3,Bruce Brown,0.0,DET,MIL,13.0,225.5,106.3,5,16.0,23.6,32.5,PG/SF,5200,7,17.0,12.0,107,100,-2%,8,8,8,32,33,28,23.6,23.5,13.4,33.5,31.7,41.0,7.9,26.8,5.14,26.3,32.0,5.1,26.55,5.119999999999999,31.0,8.0,24.11,24.03333333333333,27.406451612903226
41,4,James Harden,0.0,HOU,GS,-10.0,233.0,121.5,23,36.3,58.7,79.3,PG/SG,11300,8,37.0,29.0,103,110,6%,21,19,24,39,37,38,59.0,61.5,47.0,76.0,30.2,60.3,5.3,62.3,5.51,62.0,37.5,5.5,62.15,5.505,38.0,21.333333333333332,61.129999999999995,58.1,61.33223684210527
41,5,Timothe Luwawu-Cabarrot,0.0,BKN,PHI,7.0,214.0,103.5,26,4.0,11.2,22.3,SF/PF,3000,7,14.0,9.0,101,104,-4%,4,5,4,13,14,15,11.2,9.8,2.5,17.1,16.4,11.3,3.8,9.0,3.0,8.5,12.5,2.8,8.75,2.9,14.0,4.333333333333333,9.870000000000001,12.5,7.8125
41,6,DeAndre Jordan,0.0,BKN,PHI,7.0,214.0,103.5,18,16.8,29.9,40.3,C,5300,7,15.0,21.0,101,104,-10%,7,6,5,26,25,22,29.9,26.0,16.7,35.4,37.1,39.8,7.5,25.5,4.81,26.7,24.5,5.0,26.1,4.904999999999999,24.333333333333332,6.0,26.82,29.0,26.278767123287675
41,7,Cody Martin,0.0,CHA,CHI,4.5,211.5,103.5,16,14.3,21.4,34.0,SG/SF,3800,7,14.0,11.0,102,107,8%,8,7,4,32,27,16,21.4,11.7,2.8,20.6,25.2,13.5,3.6,18.5,4.87,18.7,25.0,4.9,18.6,4.885,25.0,6.333333333333333,15.02,23.233333333333334,18.6
42,0,Jimmy Butler,0.0,MIA,ATL,-6.5,229.0,117.8,11,27.3,41.0,56.8,PG/SG,7900,7,26.0,24.0,106,112,4%,18,17,14,33,33,35,42.5,43.0,33.3,52.7,34.4,45.5,5.8,42.8,5.41,43.5,33.5,5.5,43.15,5.455,33.666666666666664,16.333333333333332,42.93,41.699999999999996,42.93638613861386
42,1,Malik Monk,0.0,CHA,CHI,4.5,211.5,103.5,25,25.0,29.3,40.5,PG/SG,5400,7,23.0,13.0,102,107,-2%,15,14,9,30,28,21,29.3,18.5,7.6,29.5,29.5,36.5,6.8,24.0,4.44,24.1,28.0,4.5,24.05,4.470000000000001,26.333333333333332,12.666666666666666,21.79,31.599999999999998,25.57215189873418
42,2,Thabo Sefolosha,0.0,HOU,GS,-10.0,233.0,121.5,6,6.3,9.9,16.0,SF/PF,3000,8,10.0,10.0,103,110,4%,2,3,2,10,12,11,9.8,8.0,2.4,13.5,8.6,8.0,2.7,8.0,2.67,0.0,0.0,0.0,4.0,1.335,11.0,2.3333333333333335,7.540000000000001,10.733333333333334,0.0
42,3,Caris LeVert,0.0,BKN,PHI,7.0,214.0,103.5,1,21.5,40.1,51.3,PG/SF,6700,7,28.0,12.0,101,104,-4%,17,18,14,35,32,27,40.0,26.7,15.8,37.6,39.0,42.0,6.3,33.8,5.04,33.7,34.5,5.0,33.75,5.02,31.333333333333332,16.333333333333332,30.770000000000003,37.63333333333333,37.16090425531915
42,4,Ben McLemore,0.0,HOU,GS,-10.0,233.0,121.5,10,6.0,15.0,26.5,SG/SF,3400,8,16.0,12.0,103,110,7%,5,7,8,23,25,25,15.3,17.8,8.7,26.9,20.6,17.8,5.2,19.5,5.74,16.6,22.5,4.9,18.05,5.32,24.333333333333332,6.666666666666667,17.35,15.833333333333334,16.690068493150687
42,5,Sekou Doumbouya,0.0,DET,MIL,13.0,225.5,106.3,20,9.0,10.7,13.5,SF/PF,3200,7,17.0,7.0,107,100,3%,7,6,6,16,17,20,10.7,13.1,2.6,23.6,33.6,19.3,6.0,12.5,3.91,11.5,16.5,3.6,12.0,3.755,17.666666666666668,6.333333333333333,12.4,11.066666666666668,11.20754716981132
42,6,Alen Smailagic,0.0,GS,HOU,10.0,233.0,111.5,5,1.0,7.5,16.8,PF/C,3000,7,0.0,0.0,106,108,6%,1,2,3,6,9,10,7.5,9.0,3.6,14.5,11.7,11.3,3.8,3.8,1.25,0.0,0.0,0.0,1.9,0.625,8.333333333333334,2.0,7.3,8.433333333333334,0.0
42,7,Glenn Robinson III,0.0,PHI,BKN,-7.0,214.0,110.5,4,10.3,23.3,42.0,SF/PF,3400,8,16.0,13.0,104,106,0%,13,11,11,29,31,32,31.8,24.1,15.8,32.4,14.1,8.5,2.5,9.8,2.87,16.2,21.5,4.8,13.0,3.835,30.666666666666668,11.666666666666666,23.42,25.2,9.11413043478261
43,0,Terry Rozier,0.0,CHA,CHI,4.5,211.5,103.5,25,20.3,25.8,32.8,PG/SG,5700,7,24.0,15.0,102,107,-11%,14,13,15,33,34,35,25.8,32.5,21.7,43.2,32.1,23.5,4.1,32.3,5.66,30.5,35.0,5.4,31.4,5.53,34.0,14.0,30.919999999999998,26.3,32.3235294117647
43,1,Ryan Arcidiacono,0.0,CHI,CHA,-4.5,211.5,108.0,6,11.0,16.3,29.0,PG/SG,3100,8,13.0,9.0,99,111,-4%,5,6,4,19,21,15,16.3,10.0,3.7,16.3,28.4,8.8,2.8,13.0,4.19,18.1,26.5,5.8,15.55,4.995,18.333333333333332,5.0,12.370000000000001,18.766666666666666,22.476818181818185
43,2,Christian Wood,0.0,DET,MIL,13.0,225.5,106.3,13,20.5,39.5,52.0,PF/C,6900,7,21.0,23.0,107,100,3%,12,14,7,31,33,19,39.5,22.3,9.3,35.3,27.0,37.3,5.4,33.3,4.82,38.3,30.0,5.6,35.8,5.21,27.666666666666668,11.0,28.439999999999998,37.333333333333336,38.819277108433724
43,3,Bruce Brown,0.0,DET,MIL,13.0,225.5,106.3,5,16.0,23.6,32.5,PG/SF,5200,7,17.0,12.0,107,100,-2%,8,8,8,32,33,28,23.6,23.5,13.4,33.5,31.7,41.0,7.9,26.8,5.14,26.3,32.0,5.1,26.55,5.119999999999999,31.0,8.0,24.11,24.03333333333333,27.406451612903226
43,4,Dillon Brooks,0.0,MEM,SAC,1.0,229.5,114.3,27,14.5,20.8,29.5,SG/SF,5000,7,24.0,12.0,101,109,2%,17,15,14,27,29,29,20.8,26.8,17.0,36.7,30.2,17.0,3.4,26.8,5.35,27.0,29.5,5.4,26.9,5.375,28.333333333333332,15.333333333333334,25.640000000000004,21.599999999999998,28.007647058823526
43,5,Robert Covington,0.0,HOU,GS,-10.0,233.0,121.5,6,15.8,31.7,39.3,SF/PF,5500,8,16.0,14.0,103,110,4%,12,11,11,36,32,30,31.3,28.4,20.0,36.8,27.4,38.3,7.0,34.8,6.32,34.9,34.5,6.3,34.849999999999994,6.3100000000000005,32.666666666666664,11.333333333333334,30.27,28.933333333333334,36.80586734693877
43,6,Cristiano Felicio,0.0,CHI,CHA,-4.5,211.5,108.0,16,7.0,14.1,22.8,C,3000,8,0.0,0.0,99,111,8%,5,4,3,21,21,19,14.1,12.6,5.3,19.9,23.8,12.3,4.1,14.0,4.67,10.8,13.0,3.6,12.4,4.135,20.333333333333332,4.0,12.86,14.633333333333335,7.927868852459017
43,7,Alen Smailagic,0.0,GS,HOU,10.0,233.0,111.5,5,1.0,7.5,16.8,PF/C,3000,7,0.0,0.0,106,108,6%,1,2,3,6,9,10,7.5,9.0,3.6,14.5,11.7,11.3,3.8,3.8,1.25,0.0,0.0,0.0,1.9,0.625,8.333333333333334,2.0,7.3,8.433333333333334,0.0
44,0,Ja Morant,0.0,MEM,SAC,1.0,229.5,114.3,14,24.5,35.7,61.0,PG,7000,7,27.0,18.0,101,109,-1%,20,15,14,34,31,30,36.0,34.6,23.5,45.6,30.3,20.8,3.0,33.3,4.75,35.3,31.0,5.0,34.3,4.875,31.666666666666668,16.333333333333332,34.8,40.4,33.5778947368421
44,1,Ryan Arcidiacono,0.0,CHI,CHA,-4.5,211.5,108.0,6,11.0,16.3,29.0,PG/SG,3100,8,13.0,9.0,99,111,-4%,5,6,4,19,21,15,16.3,10.0,3.7,16.3,28.4,8.8,2.8,13.0,4.19,18.1,26.5,5.8,15.55,4.995,18.333333333333332,5.0,12.370000000000001,18.766666666666666,22.476818181818185
44,2,Tobias Harris,0.0,PHI,BKN,-7.0,214.0,110.5,4,15.3,33.3,43.8,SF/PF,6400,8,23.0,16.0,104,106,-14%,14,16,16,34,34,35,34.3,35.9,26.8,45.0,46.2,50.0,7.8,34.5,5.39,35.7,34.5,5.6,35.1,5.494999999999999,34.333333333333336,15.333333333333334,35.42,30.799999999999997,35.27038834951456
44,3,Bruce Brown,0.0,DET,MIL,13.0,225.5,106.3,5,16.0,23.6,32.5,PG/SF,5200,7,17.0,12.0,107,100,-2%,8,8,8,32,33,28,23.6,23.5,13.4,33.5,31.7,41.0,7.9,26.8,5.14,26.3,32.0,5.1,26.55,5.119999999999999,31.0,8.0,24.11,24.03333333333333,27.406451612903226
44,4,Ky Bowman,0.0,GS,HOU,10.0,233.0,111.5,28,-0.5,9.5,26.0,PG,3600,7,18.0,9.0,106,108,0%,3,3,7,10,17,22,9.5,16.3,5.6,27.1,27.7,21.8,6.1,14.8,4.1,12.8,15.5,3.6,13.8,3.8499999999999996,16.333333333333332,4.333333333333333,14.460000000000003,11.666666666666666,13.095918367346941
44,5,Vince Carter,0.0,ATL,MIA,6.5,229.0,111.3,21,3.3,11.0,30.8,SF/PF,3100,7,16.0,8.0,100,107,-2%,4,5,5,12,16,16,12.8,11.5,3.7,19.2,4.3,2.5,0.8,4.3,1.37,0.0,0.0,0.0,2.15,0.685,14.666666666666666,4.666666666666667,9.870000000000001,15.033333333333333,0.0
44,6,Luke Kornet,0.0,CHI,CHA,-4.5,211.5,108.0,21,7.8,21.1,32.0,PF/C,3700,8,16.0,13.0,99,111,6%,11,9,5,27,24,16,21.1,12.6,2.6,22.6,14.7,8.5,2.3,22.5,6.08,20.2,23.5,5.5,21.35,5.79,22.333333333333332,8.333333333333334,16.05,20.3,22.46529850746269
44,7,Jalen McDaniels,0.0,CHA,CHI,4.5,211.5,103.5,22,2.0,10.3,24.0,PF,3100,7,0.0,0.0,102,107,8%,4,3,3,20,13,13,10.2,10.2,1.3,19.1,16.1,4.5,1.5,11.3,3.63,10.5,13.0,3.4,10.9,3.5149999999999997,15.333333333333334,3.3333333333333335,10.34,12.1,9.241304347826087
46,0,Jordan Poole,0.0,GS,HOU,10.0,233.0,111.5,28,3.0,21.3,29.5,PG/SG,4000,7,20.0,6.0,106,108,0%,12,10,9,32,25,22,21.3,15.0,6.7,23.3,32.0,29.0,7.3,23.8,5.94,25.5,31.5,6.4,24.65,6.17,26.333333333333332,10.333333333333334,18.189999999999998,17.933333333333334,29.48639240506329
46,1,Pat Connaughton,0.0,MIL,DET,-13.0,225.5,119.3,6,8.0,13.8,21.8,SG/SF,3500,7,12.0,11.0,100,109,-6%,6,4,5,28,23,19,13.8,15.0,7.8,22.2,14.3,4.8,1.4,13.8,3.93,12.6,16.0,3.6,13.2,3.765,23.333333333333332,5.0,14.4,14.533333333333333,9.051428571428572
46,2,Thaddeus Young,0.0,CHI,CHA,-4.5,211.5,108.0,21,21.8,26.1,34.8,PF,5400,8,20.0,12.0,99,111,6%,12,11,9,35,32,24,26.1,20.9,13.1,28.8,35.9,48.3,8.9,30.5,5.65,30.2,33.0,5.6,30.35,5.625,30.333333333333332,10.666666666666666,23.85,27.566666666666666,33.01813186813187
46,3,Andrew Wiggins,0.0,GS,HOU,10.0,233.0,111.5,2,26.5,38.3,52.0,SG/SF,7600,7,25.0,17.0,106,108,8%,14,14,19,34,34,35,38.3,38.2,27.5,48.9,28.9,32.3,4.2,37.0,4.87,41.7,34.0,5.5,39.35,5.1850000000000005,34.333333333333336,15.666666666666666,38.45,38.93333333333333,38.96796116504854
46,4,Bruce Brown,0.0,DET,MIL,13.0,225.5,106.3,5,16.0,23.6,32.5,PG/SF,5200,7,17.0,12.0,107,100,-2%,8,8,8,32,33,28,23.6,23.5,13.4,33.5,31.7,41.0,7.9,26.8,5.14,26.3,32.0,5.1,26.55,5.119999999999999,31.0,8.0,24.11,24.03333333333333,27.406451612903226
46,5,Andre Iguodala,0.0,MIA,ATL,-6.5,229.0,117.8,26,10.8,19.6,30.5,SG/SF,3300,7,0.0,0.0,106,112,17%,4,3,3,20,21,21,15.7,15.7,11.3,20.1,23.4,21.8,6.6,18.5,5.61,15.7,19.0,4.8,17.1,5.205,20.666666666666668,3.3333333333333335,15.98,20.3,15.720967741935484
46,6,PJ Washington,0.0,CHA,CHI,4.5,211.5,103.5,22,18.3,20.2,22.8,PF/C,4500,7,18.0,12.0,102,107,8%,9,10,10,33,29,31,20.2,25.4,16.2,34.5,30.4,34.3,7.6,25.3,5.61,25.9,30.5,5.8,25.6,5.705,31.0,9.666666666666666,24.380000000000003,20.433333333333334,25.18709677419355
46,7,Cody Martin,0.0,CHA,CHI,4.5,211.5,103.5,16,14.3,21.4,34.0,SG/SF,3800,7,14.0,11.0,102,107,8%,8,7,4,32,27,16,21.4,11.7,2.8,20.6,25.2,13.5,3.6,18.5,4.87,18.7,25.0,4.9,18.6,4.885,25.0,6.333333333333333,15.02,23.233333333333334,18.6
47,0,Trae Young,0.0,ATL,MIA,6.5,229.0,111.3,2,43.3,56.9,73.8,PG,10500,7,36.0,24.0,100,107,-9%,18,22,21,35,38,36,56.9,53.1,38.6,67.6,39.5,71.0,6.8,50.5,4.81,51.5,36.0,4.9,51.0,4.855,36.333333333333336,20.333333333333332,53.44,58.0,50.532110091743114
47,1,Malik Monk,0.0,CHA,CHI,4.5,211.5,103.5,25,25.0,29.3,40.5,PG/SG,5400,7,23.0,13.0,102,107,-2%,15,14,9,30,28,21,29.3,18.5,7.6,29.5,29.5,36.5,6.8,24.0,4.44,24.1,28.0,4.5,24.05,4.470000000000001,26.333333333333332,12.666666666666666,21.79,31.599999999999998,25.57215189873418
47,2,Jaren Jackson Jr.,0.0,MEM,SAC,1.0,229.5,114.3,4,14.0,27.7,38.0,PF/C,6000,7,23.0,16.0,101,109,-8%,11,11,13,32,29,29,27.6,31.1,21.4,40.7,32.6,21.5,3.6,28.8,4.79,30.6,30.5,5.1,29.700000000000003,4.945,30.0,11.666666666666666,30.1,26.566666666666666,30.195000000000004
47,3,Andrew Wiggins,0.0,GS,HOU,10.0,233.0,111.5,2,26.5,38.3,52.0,SG/SF,7600,7,25.0,17.0,106,108,8%,14,14,19,34,34,35,38.3,38.2,27.5,48.9,28.9,32.3,4.2,37.0,4.87,41.7,34.0,5.5,39.35,5.1850000000000005,34.333333333333336,15.666666666666666,38.45,38.93333333333333,38.96796116504854
47,4,Garrett Temple,0.0,BKN,PHI,7.0,214.0,103.5,1,9.5,18.5,27.5,PG/SG,3600,7,17.0,10.0,101,104,-4%,10,8,10,27,24,28,18.4,21.0,12.6,29.4,32.8,17.0,4.7,17.0,4.72,18.1,26.0,5.0,17.55,4.859999999999999,26.333333333333332,9.333333333333334,19.79,18.5,17.327848101265825
47,5,Caris LeVert,0.0,BKN,PHI,7.0,214.0,103.5,1,21.5,40.1,51.3,PG/SF,6700,7,28.0,12.0,101,104,-4%,17,18,14,35,32,27,40.0,26.7,15.8,37.6,39.0,42.0,6.3,33.8,5.04,33.7,34.5,5.0,33.75,5.02,31.333333333333332,16.333333333333332,30.770000000000003,37.63333333333333,37.16090425531915
47,6,Brandon Clarke,0.0,MEM,SAC,1.0,229.5,114.3,4,13.8,24.9,42.0,PF/C,5100,7,19.0,22.0,101,109,-8%,12,10,8,22,23,22,24.9,24.7,17.2,32.2,24.7,27.3,5.4,24.3,4.75,23.5,22.5,4.6,23.9,4.675,22.333333333333332,10.0,24.580000000000002,26.900000000000002,24.078358208955223
47,7,Alec Burks,0.0,PHI,BKN,-7.0,214.0,110.5,7,5.0,24.8,42.3,PG/SG,3600,8,24.0,16.0,104,106,0%,14,12,13,26,26,29,29.4,29.8,18.6,41.0,29.7,26.5,7.4,20.0,5.56,20.9,21.0,5.8,20.45,5.68,27.0,13.0,27.85,24.03333333333333,15.905555555555555
48,0,Ryan Arcidiacono,0.0,CHI,CHA,-4.5,211.5,108.0,6,11.0,16.3,29.0,PG/SG,3100,8,13.0,9.0,99,111,-4%,5,6,4,19,21,15,16.3,10.0,3.7,16.3,28.4,8.8,2.8,13.0,4.19,18.1,26.5,5.8,15.55,4.995,18.333333333333332,5.0,12.370000000000001,18.766666666666666,22.476818181818185
48,1,Shake Milton,0.0,PHI,BKN,-7.0,214.0,110.5,7,7.5,15.4,22.5,PG/SG,3200,8,0.0,0.0,104,106,0%,3,6,5,7,18,15,10.8,11.9,0.9,22.9,13.7,7.3,2.3,6.0,1.88,0.0,0.0,0.0,3.0,0.94,13.333333333333334,4.666666666666667,9.9,15.133333333333333,0.0
48,2,Tobias Harris,0.0,PHI,BKN,-7.0,214.0,110.5,4,15.3,33.3,43.8,SF/PF,6400,8,23.0,16.0,104,106,-14%,14,16,16,34,34,35,34.3,35.9,26.8,45.0,46.2,50.0,7.8,34.5,5.39,35.7,34.5,5.6,35.1,5.494999999999999,34.333333333333336,15.333333333333334,35.42,30.799999999999997,35.27038834951456
48,3,Bruce Brown,0.0,DET,MIL,13.0,225.5,106.3,5,16.0,23.6,32.5,PG/SF,5200,7,17.0,12.0,107,100,-2%,8,8,8,32,33,28,23.6,23.5,13.4,33.5,31.7,41.0,7.9,26.8,5.14,26.3,32.0,5.1,26.55,5.119999999999999,31.0,8.0,24.11,24.03333333333333,27.406451612903226
48,4,Langston Galloway,0.0,DET,MIL,13.0,225.5,106.3,24,9.0,17.7,26.3,SG,3700,7,15.0,12.0,107,100,-2%,9,8,8,27,29,26,17.6,17.9,10.9,24.9,23.4,14.8,4.0,17.3,4.66,16.5,25.5,4.5,16.9,4.58,27.333333333333332,8.333333333333334,17.639999999999997,17.666666666666668,15.766463414634146
48,5,Josh Richardson,0.0,PHI,BKN,-7.0,214.0,110.5,4,0.0,14.7,33.8,SG/SF,4200,8,22.0,13.0,104,106,-14%,9,10,13,25,29,32,22.8,27.4,18.1,36.8,38.9,27.3,6.5,26.8,6.37,27.0,32.5,6.4,26.9,6.385,28.666666666666668,10.666666666666666,26.4,16.166666666666668,30.49709302325581
48,6,Gorgui Dieng,0.0,MEM,SAC,1.0,229.5,114.3,9,7.0,13.6,19.8,C,3100,7,18.0,18.0,101,109,-4%,5,4,6,11,10,17,13.6,19.9,7.0,32.8,13.2,5.5,1.8,12.8,4.11,12.3,11.0,4.0,12.55,4.055,12.666666666666666,5.0,17.169999999999998,13.466666666666669,10.898684210526318
48,7,Jimmy Butler,0.0,MIA,ATL,-6.5,229.0,117.8,11,27.3,41.0,56.8,PG/SG,7900,7,26.0,24.0,106,112,4%,18,17,14,33,33,35,42.5,43.0,33.3,52.7,34.4,45.5,5.8,42.8,5.41,43.5,33.5,5.5,43.15,5.455,33.666666666666664,16.333333333333332,42.93,41.699999999999996,42.93638613861386
