Lineup Num,,Player Name,injury_status,team,opp,spread,over_under,implied_team_score,L5_dvp_rank,L5_ppg_floor,L5_ppg_avg,L5_ppg_max,Pos,Salary,Rest,USG,PER,Opp Pace,Opp DEff,Opp DvP,L2 FGA,L5 FGA,S FGA,L2 Min,L5 Min,S Min,L5 FP,S FP,Floor FP,Ceil FP,Actual Min,Actual FP,Actual Val,FantasyFuelPPGProj,FantasyFuelValueProj,DFN_PPGProj,DFN_MinProj,DFN_ValueProj,Avg Proj,Avg Value Proj,Avg Skewed Min,Avg Skewed FGA,Avg Skewed FP,Avg L5 PPG,Proj Min Enhanced
0,0,Quinn Cook,0.0,LAL,CLE,-14.5,221.5,118.0,26,0.0,7.3,20.8,PG,3000,1.0,20.0,10.0,101,113,6%,7,4,5,11,9,13,7.3,8.9,0.3,17.4,20.4,16.0,5.3,2.8,0.92,10.9,12.5,3.6,6.85,2.2600000000000002,11.0,5.333333333333333,8.149999999999999,9.366666666666667,7.784090909090908
0,1,CJ McCollum,0.0,POR,CHA,-9.5,215.5,112.5,15,20.5,30.7,40.0,PG/SG,6100,1.0,26.0,17.0,99,111,0%,19,19,20,35,35,37,34.4,36.7,25.6,47.9,36.6,42.0,6.9,36.3,5.94,36.2,36.0,5.9,36.25,5.92,35.666666666666664,19.333333333333332,36.17,30.400000000000002,36.58878504672897
0,2,Robert Covington,0.0,MIN,OKC,1.5,218.0,108.3,21,29.0,35.6,47.0,SF/PF,5700,1.0,17.0,14.0,101,105,-2%,11,12,10,26,29,29,35.5,27.7,18.8,36.6,30.1,35.0,6.1,28.8,5.04,29.8,31.0,5.2,29.3,5.12,28.0,11.0,29.580000000000002,37.199999999999996,32.43928571428572
0,3,Tobias Harris,0.0,PHI,IND,2.0,213.5,105.8,2,15.0,30.2,36.5,SF/PF,6600,1.0,24.0,17.0,101,105,-17%,20,18,16,35,37,35,33.8,36.0,27.0,45.0,39.3,35.8,5.4,33.0,5.0,36.0,35.0,5.5,34.5,5.25,35.666666666666664,18.0,35.260000000000005,27.233333333333334,33.85514018691589
0,4,Shabazz Napier,0.0,MIN,OKC,1.5,218.0,108.3,19,8.0,23.7,39.3,PG/SG,5100,1.0,23.0,13.0,101,105,0%,6,8,8,20,26,21,23.7,20.8,9.4,32.1,26.7,29.8,5.8,22.5,4.41,22.8,23.0,4.5,22.65,4.455,22.333333333333332,7.333333333333333,21.73,23.666666666666668,23.32611940298507
0,5,Dwayne Bacon,0.0,CHA,POR,9.5,215.5,103.0,26,9.3,17.8,34.8,SG/SF,3300,0.0,20.0,7.0,104,109,8%,10,8,7,25,24,18,17.8,12.9,2.5,23.3,21.8,12.3,3.7,15.3,4.62,17.7,24.0,5.4,16.5,5.01,22.333333333333332,8.333333333333334,14.6,20.633333333333333,17.731343283582092
0,6,Jahlil Okafor,0.0,NO,DET,3.5,224.5,110.5,27,2.3,8.1,16.0,C,3000,1.0,20.0,17.0,101,110,-1%,4,2,5,11,9,16,8.1,16.2,6.7,25.7,33.8,57.0,19.0,23.5,7.83,22.6,22.0,7.5,23.05,7.665,12.0,3.6666666666666665,15.95,8.799999999999999,42.25833333333333
0,7,Matisse Thybulle,0.0,PHI,IND,2.0,213.5,105.8,16,2.0,9.3,14.0,SG/SF,3000,1.0,12.0,10.0,101,105,0%,4,4,4,19,17,18,9.3,12.2,3.0,21.4,27.8,17.8,5.9,13.3,4.42,13.8,19.5,4.6,13.55,4.51,18.0,4.0,11.89,8.433333333333334,14.679166666666667
1,0,Damian Lillard,0.0,POR,CHA,-9.5,215.5,112.5,15,37.3,45.3,62.3,PG,8800,1.0,30.0,25.0,99,111,-5%,19,18,19,32,36,37,45.3,46.8,37.1,56.5,35.6,47.8,5.4,47.0,5.34,45.7,37.0,5.2,46.35,5.27,35.0,18.666666666666668,46.41,48.29999999999999,48.99857142857143
1,1,Justin Holiday,0.0,IND,PHI,-2.0,213.5,107.8,1,12.5,21.1,30.5,SG/SF,3900,2.0,13.0,12.0,102,104,-5%,9,7,7,25,24,25,21.1,18.1,10.3,26.0,27.9,21.8,5.6,14.8,3.78,15.8,23.0,4.1,15.3,3.9399999999999995,24.666666666666668,7.666666666666667,18.16,21.366666666666664,14.266216216216216
1,2,T.J. Warren,0.0,IND,PHI,-2.0,213.5,107.8,14,9.0,31.7,50.3,SF/PF,5900,2.0,22.0,16.0,102,104,-3%,10,15,14,26,32,33,31.7,27.9,17.4,38.5,37.3,32.3,5.5,26.3,4.45,26.1,30.5,4.4,26.200000000000003,4.425000000000001,30.333333333333332,13.0,28.339999999999996,30.333333333333332,26.343956043956048
1,3,Sekou Doumbouya,0.0,DET,NO,-3.5,224.5,114.0,27,13.3,22.5,40.0,SF/PF,4900,1.0,0.0,0.0,105,110,6%,8,9,5,24,31,16,22.4,11.9,-0.7,24.6,34.5,32.0,6.5,23.0,4.69,24.5,29.5,5.0,23.75,4.845000000000001,23.666666666666668,7.333333333333333,16.389999999999997,25.266666666666666,29.603873239436616
1,4,Brandon Knight,0.0,CLE,LAL,14.5,221.5,103.5,21,5.0,14.5,25.5,PG/SG,3300,1.0,0.0,0.0,103,102,-2%,7,6,5,21,18,14,13.5,10.7,2.6,18.8,12.3,3.3,1.0,9.0,2.73,12.7,16.0,3.8,10.85,3.2649999999999997,17.666666666666668,6.0,11.290000000000001,15.0,9.826415094339621
1,5,Christian Wood,0.0,DET,NO,-3.5,224.5,114.0,28,7.5,22.2,47.5,PF/C,3700,1.0,20.0,22.0,105,110,6%,9,7,6,20,20,17,22.2,19.3,7.1,31.5,25.8,41.3,11.2,21.5,5.81,20.3,18.0,5.5,20.9,5.654999999999999,19.0,7.333333333333333,20.2,25.733333333333334,19.799999999999997
1,6,Thon Maker,0.0,DET,NO,-3.5,224.5,114.0,28,3.0,10.7,23.5,PF/C,3600,1.0,15.0,12.0,105,110,0%,5,3,3,18,12,11,10.7,8.8,2.1,15.4,4.7,2.0,0.6,6.3,1.74,0.0,0.0,0.0,3.15,0.87,13.666666666666666,3.6666666666666665,8.03,12.4,0.0
1,7,Jaylen Brown,0.0,BOS,CHI,-10.5,216.0,113.3,19,16.8,26.8,40.0,SG/SF,6300,1.0,24.0,18.0,102,105,-3%,14,15,15,32,32,34,26.8,35.2,25.2,45.2,30.3,31.3,5.0,32.8,5.2,34.5,34.0,5.5,33.65,5.35,32.666666666666664,14.666666666666666,33.21,27.866666666666664,35.02346938775511
2,0,Brad Wanamaker,0.0,BOS,CHI,-10.5,216.0,113.3,4,4.8,12.4,18.5,PG/SG,3000,1.0,17.0,12.0,102,105,-13%,5,4,5,18,19,20,12.3,15.9,10.1,21.7,24.2,16.3,5.4,12.3,4.08,11.8,15.5,3.9,12.05,3.99,19.0,4.666666666666667,14.410000000000002,11.9,9.830263157894738
2,1,Nickeil Alexander-Walker,0.0,NO,DET,3.5,224.5,110.5,24,6.8,15.7,25.0,PG/SG,3500,1.0,23.0,8.0,101,110,4%,9,7,6,23,17,14,15.7,12.5,2.1,22.9,14.1,6.5,1.9,21.5,6.14,24.4,26.5,7.0,22.95,6.57,18.0,7.333333333333333,15.229999999999999,15.833333333333334,33.787499999999994
2,2,T.J. Warren,0.0,IND,PHI,-2.0,213.5,107.8,14,9.0,31.7,50.3,SF/PF,5900,2.0,22.0,16.0,102,104,-3%,10,15,14,26,32,33,31.7,27.9,17.4,38.5,37.3,32.3,5.5,26.3,4.45,26.1,30.5,4.4,26.200000000000003,4.425000000000001,30.333333333333332,13.0,28.339999999999996,30.333333333333332,26.343956043956048
2,3,Wes Iwundu,0.0,ORL,SAC,2.0,212.0,105.0,28,10.8,17.1,21.8,SG/SF,3400,2.0,13.0,8.0,100,108,4%,7,6,4,24,26,17,17.1,10.5,4.7,16.3,18.8,14.5,4.3,16.0,4.71,14.6,22.0,4.3,15.3,4.505,22.333333333333332,5.666666666666667,12.780000000000001,16.566666666666666,15.071641791044776
2,4,Terrence Ross,0.0,ORL,SAC,2.0,212.0,105.0,28,13.0,25.1,34.5,SG/SF,5000,2.0,22.0,14.0,100,108,7%,13,13,11,29,27,25,25.1,21.3,14.1,28.6,27.6,23.5,4.7,22.5,4.5,22.6,26.0,4.5,22.55,4.5,27.0,12.333333333333334,22.33,24.2,21.714814814814815
2,5,Kyle Kuzma,0.0,LAL,CLE,-14.5,221.5,118.0,5,11.0,27.3,46.3,SF/PF,5900,1.0,23.0,13.0,101,113,2%,23,15,11,37,27,25,27.3,21.3,11.2,31.5,25.7,18.8,3.2,23.0,3.9,33.7,34.0,5.7,28.35,4.8,29.666666666666668,16.333333333333332,23.93,28.2,32.49101123595506
2,6,Myles Turner,0.0,IND,PHI,-2.0,213.5,107.8,24,24.8,34.8,56.0,C,7000,2.0,18.0,15.0,102,104,-10%,14,12,10,31,33,30,34.8,28.5,18.6,38.5,33.3,35.5,5.1,28.5,4.07,27.9,30.5,4.0,28.2,4.035,31.333333333333332,12.0,29.72,38.53333333333333,27.45
2,7,Kevin Love,0.0,CLE,LAL,14.5,221.5,103.5,10,17.3,36.1,49.3,PF/C,6700,1.0,23.0,18.0,103,102,-7%,16,14,13,37,34,32,36.0,37.8,26.1,49.5,33.1,39.3,5.9,36.5,5.45,37.9,33.0,5.7,37.2,5.575,34.333333333333336,14.333333333333334,37.32000000000001,34.233333333333334,35.755339805825244
3,0,De'Aaron Fox,0.0,SAC,ORL,-2.0,212.0,107.0,3,29.8,45.3,59.5,PG,7400,2.0,30.0,19.0,100,103,-3%,21,18,15,37,34,32,45.3,38.1,27.0,49.2,37.4,60.5,8.2,41.0,5.54,42.4,35.0,5.7,41.7,5.62,34.333333333333336,18.0,40.260000000000005,44.86666666666667,42.509708737864074
3,1,Jaylen Brown,0.0,BOS,CHI,-10.5,216.0,113.3,19,16.8,26.8,40.0,SG/SF,6300,1.0,24.0,18.0,102,105,-3%,14,15,15,32,32,34,26.8,35.2,25.2,45.2,30.3,31.3,5.0,32.8,5.2,34.5,34.0,5.5,33.65,5.35,32.666666666666664,14.666666666666666,33.21,27.866666666666664,35.02346938775511
3,2,Danilo Gallinari,0.0,OKC,MIN,-1.5,218.0,109.8,13,23.3,33.8,47.8,SF/PF,6400,1.0,23.0,19.0,106,107,7%,14,15,13,30,29,31,33.8,31.4,23.9,38.8,33.2,39.5,6.2,31.3,4.88,32.9,30.5,5.1,32.1,4.99,30.0,14.0,31.999999999999993,34.96666666666666,32.635000000000005
3,3,Nicolas Batum,0.0,CHA,POR,9.5,215.5,103.0,26,4.0,11.3,17.8,SG/SF,3000,0.0,11.0,9.0,104,109,-3%,4,4,3,23,22,22,11.3,14.7,7.8,21.6,30.6,26.8,8.9,14.5,4.83,14.0,19.0,4.7,14.25,4.765000000000001,22.333333333333332,3.6666666666666665,13.930000000000001,11.033333333333333,12.123134328358208
3,4,Jeremy Lamb,0.0,IND,PHI,-2.0,213.5,107.8,1,7.3,27.2,45.0,SG/SF,5000,2.0,20.0,15.0,102,104,-5%,11,11,12,30,29,31,31.4,28.3,20.5,36.1,22.6,12.5,2.5,24.5,4.9,24.6,26.5,4.9,24.55,4.9,30.0,11.333333333333334,28.170000000000005,26.5,21.685833333333335
3,5,Justin Holiday,0.0,IND,PHI,-2.0,213.5,107.8,1,12.5,21.1,30.5,SG/SF,3900,2.0,13.0,12.0,102,104,-5%,9,7,7,25,24,25,21.1,18.1,10.3,26.0,27.9,21.8,5.6,14.8,3.78,15.8,23.0,4.1,15.3,3.9399999999999995,24.666666666666668,7.666666666666667,18.16,21.366666666666664,14.266216216216216
3,6,Enes Kanter,0.0,BOS,CHI,-10.5,216.0,113.3,15,11.8,28.7,48.3,C,5400,1.0,20.0,25.0,102,105,11%,10,9,7,20,20,20,28.7,26.0,16.2,35.8,26.4,27.8,5.1,30.3,5.6,34.0,25.5,6.3,32.15,5.949999999999999,20.0,8.666666666666666,27.77,29.599999999999998,40.99125
3,7,Harry Giles III,0.0,SAC,ORL,-2.0,212.0,107.0,2,11.3,15.9,19.5,PF/C,3700,2.0,0.0,0.0,100,103,-1%,8,6,5,16,15,11,15.9,11.6,5.2,18.1,12.7,12.3,3.3,17.3,4.66,14.7,15.0,4.0,16.0,4.33,14.0,6.333333333333333,13.360000000000003,15.566666666666668,17.142857142857142
4,0,Langston Galloway,0.0,DET,NO,-3.5,224.5,114.0,20,3.5,13.9,30.8,PG/SG,3300,1.0,16.0,13.0,105,110,0%,6,6,8,19,20,25,13.9,17.7,10.3,25.0,31.1,16.3,4.9,14.8,4.47,14.0,19.0,4.2,14.4,4.335,21.333333333333332,6.666666666666667,16.26,16.066666666666666,12.825000000000001
4,1,Gary Trent Jr.,0.0,POR,CHA,-9.5,215.5,112.5,4,6.0,10.7,24.5,SG,3200,1.0,14.0,9.0,99,111,0%,7,6,4,21,18,13,10.7,8.0,1.4,14.5,21.6,16.0,5.0,10.0,3.13,10.5,17.5,3.3,10.25,3.215,17.333333333333332,5.666666666666667,8.97,13.733333333333334,10.348557692307692
4,2,Mike Scott,0.0,PHI,IND,2.0,213.5,105.8,2,6.5,12.5,21.0,SF/PF,3600,1.0,13.0,10.0,101,105,-6%,9,7,6,25,19,19,12.4,12.5,5.9,19.0,18.2,12.0,3.3,16.5,4.58,16.8,24.5,4.7,16.65,4.640000000000001,21.0,7.333333333333333,13.289999999999997,13.333333333333334,19.425
4,3,E'Twaun Moore,0.0,NO,DET,3.5,224.5,110.5,27,12.5,19.9,27.3,SG/SF,4500,1.0,21.0,13.0,101,110,-4%,11,10,10,23,23,21,20.2,19.2,10.7,27.8,36.6,28.8,6.4,31.5,7.0,30.7,33.0,6.8,31.1,6.9,22.333333333333332,10.333333333333334,21.8,19.900000000000002,45.95373134328359
4,4,Nicolas Batum,0.0,CHA,POR,9.5,215.5,103.0,26,4.0,11.3,17.8,SG/SF,3000,0.0,11.0,9.0,104,109,-3%,4,4,3,23,22,22,11.3,14.7,7.8,21.6,30.6,26.8,8.9,14.5,4.83,14.0,19.0,4.7,14.25,4.765000000000001,22.333333333333332,3.6666666666666665,13.930000000000001,11.033333333333333,12.123134328358208
4,5,Terrance Ferguson,0.0,OKC,MIN,-1.5,218.0,109.8,9,8.3,11.7,16.8,SG/SF,3200,1.0,9.0,4.0,106,107,2%,3,6,5,23,27,27,11.7,11.0,5.3,16.7,28.2,20.3,6.3,12.5,3.91,12.2,26.5,3.8,12.35,3.855,25.666666666666668,4.666666666666667,11.41,12.266666666666666,12.750974025974026
4,6,Marvin Bagley III,0.0,SAC,ORL,-2.0,212.0,107.0,2,19.5,26.3,32.3,PF/C,5800,2.0,0.0,0.0,100,103,-1%,11,11,12,21,24,24,26.3,25.7,20.8,30.6,23.2,29.0,5.0,21.3,3.66,23.8,21.5,4.1,22.55,3.88,23.0,11.333333333333334,25.189999999999998,26.03333333333333,21.079347826086956
4,7,Danny Green,0.0,LAL,CLE,-14.5,221.5,118.0,5,12.3,22.0,45.8,SG/SF,4100,1.0,14.0,12.0,101,113,10%,6,8,7,24,25,25,22.0,18.9,9.9,28.0,23.4,26.0,6.3,19.5,4.76,20.3,24.0,5.0,19.9,4.88,24.666666666666668,7.0,19.740000000000002,26.7,19.362162162162157
5,0,Collin Sexton,0.0,CLE,LAL,14.5,221.5,103.5,21,27.5,32.9,40.3,PG/SG,5500,1.0,27.0,15.0,103,102,-2%,19,19,16,37,36,32,32.9,27.8,21.1,34.5,34.7,24.8,4.5,27.8,5.05,30.3,34.0,5.5,29.05,5.275,35.0,18.0,29.070000000000004,33.56666666666666,28.220000000000002
5,1,Shai Gilgeous-Alexander,0.0,OKC,MIN,-1.5,218.0,109.8,18,28.3,32.2,38.0,PG/SG,6300,1.0,24.0,17.0,106,107,2%,16,15,16,33,35,36,32.1,34.0,24.3,43.7,36.4,66.5,10.6,34.8,5.52,34.9,35.5,5.5,34.849999999999994,5.51,34.666666666666664,15.666666666666666,33.79,32.833333333333336,35.68774038461538
5,2,Gordon Hayward,0.0,BOS,CHI,-10.5,216.0,113.3,29,12.5,29.4,36.3,SF/PF,6200,1.0,21.0,19.0,102,105,1%,11,12,13,32,33,33,29.4,33.2,22.2,44.3,30.1,27.0,4.4,35.0,5.65,34.6,33.5,5.6,34.8,5.625,32.666666666666664,12.0,32.779999999999994,26.066666666666663,35.68775510204081
5,3,Keita Bates-Diop,0.0,MIN,OKC,1.5,218.0,108.3,21,1.3,14.8,26.5,SF/PF,3400,1.0,15.0,12.0,101,105,-2%,7,6,6,22,19,19,14.8,14.3,5.2,23.5,15.0,12.0,3.5,12.0,3.53,12.7,16.5,3.7,12.35,3.615,20.0,6.333333333333333,14.030000000000001,14.200000000000001,10.188749999999999
5,4,Darius Garland,0.0,CLE,LAL,14.5,221.5,103.5,21,17.0,28.9,33.8,PG,4800,1.0,21.0,9.0,103,102,-2%,15,13,11,40,37,30,28.9,20.8,12.6,29.0,29.4,28.0,5.8,25.8,5.36,25.7,34.5,5.4,25.75,5.380000000000001,35.666666666666664,13.0,23.41,26.566666666666663,24.90771028037383
5,5,Anthony Tolliver,0.0,POR,CHA,-9.5,215.5,112.5,24,3.5,10.3,24.3,PF/C,3000,1.0,11.0,6.0,99,111,11%,8,4,3,24,18,17,10.3,9.9,2.5,17.2,21.3,33.8,11.3,10.8,3.58,10.4,16.5,3.5,10.600000000000001,3.54,19.666666666666668,5.0,10.100000000000001,12.700000000000001,8.89322033898305
5,6,Enes Kanter,0.0,BOS,CHI,-10.5,216.0,113.3,15,11.8,28.7,48.3,C,5400,1.0,20.0,25.0,102,105,11%,10,9,7,20,20,20,28.7,26.0,16.2,35.8,26.4,27.8,5.1,30.3,5.6,34.0,25.5,6.3,32.15,5.949999999999999,20.0,8.666666666666666,27.77,29.599999999999998,40.99125
5,7,Kevin Love,0.0,CLE,LAL,14.5,221.5,103.5,10,17.3,36.1,49.3,PF/C,6700,1.0,23.0,18.0,103,102,-7%,16,14,13,37,34,32,36.0,37.8,26.1,49.5,33.1,39.3,5.9,36.5,5.45,37.9,33.0,5.7,37.2,5.575,34.333333333333336,14.333333333333334,37.32000000000001,34.233333333333334,35.755339805825244
6,0,Devonte' Graham,0.0,CHA,POR,9.5,215.5,103.0,10,13.5,35.5,54.0,PG,7300,0.0,27.0,16.0,104,109,6%,17,15,16,39,39,35,40.1,38.6,28.7,48.6,36.1,52.3,7.2,38.8,5.31,38.0,36.0,5.2,38.4,5.255,37.666666666666664,16.0,38.88,34.333333333333336,36.700884955752215
6,1,Justin James,0.0,SAC,ORL,-2.0,212.0,107.0,17,0.0,8.6,23.8,SG/SF,3000,2.0,0.0,0.0,100,103,-3%,2,1,3,5,3,10,1.7,7.1,-1.0,15.2,3.1,3.3,1.1,2.8,0.92,0.0,0.0,0.0,1.4,0.46,6.0,2.0,4.88,10.799999999999999,0.0
6,2,Treveon Graham,0.0,MIN,OKC,1.5,218.0,108.3,21,7.3,10.6,15.8,SF/PF,3000,1.0,13.0,6.0,101,105,-2%,4,4,6,14,23,21,10.8,12.3,5.5,19.1,12.7,8.0,2.7,7.0,2.33,0.0,0.0,0.0,3.5,1.165,19.333333333333332,4.666666666666667,10.24,11.233333333333334,0.0
6,3,Danilo Gallinari,0.0,OKC,MIN,-1.5,218.0,109.8,13,23.3,33.8,47.8,SF/PF,6400,1.0,23.0,19.0,106,107,7%,14,15,13,30,29,31,33.8,31.4,23.9,38.8,33.2,39.5,6.2,31.3,4.88,32.9,30.5,5.1,32.1,4.99,30.0,14.0,31.999999999999993,34.96666666666666,32.635000000000005
6,4,Markelle Fultz,0.0,ORL,SAC,2.0,212.0,105.0,17,19.8,29.2,40.3,PG/SG,5900,2.0,23.0,14.0,100,108,-5%,11,12,10,31,30,27,29.2,24.7,18.2,31.1,31.4,23.5,4.0,26.0,4.41,27.0,30.0,4.6,26.5,4.505,29.333333333333332,11.0,25.939999999999998,29.766666666666666,27.102272727272727
6,5,Alfonzo McKinnie,0.0,CLE,LAL,14.5,221.5,103.5,3,2.8,11.7,22.0,SF/PF,3000,1.0,14.0,7.0,103,102,-4%,7,5,3,19,20,12,11.7,7.3,0.4,14.2,22.3,9.8,3.3,10.8,3.58,11.6,17.5,3.9,11.2,3.74,17.0,5.0,8.959999999999999,12.166666666666666,11.529411764705882
6,6,Enes Kanter,0.0,BOS,CHI,-10.5,216.0,113.3,15,11.8,28.7,48.3,C,5400,1.0,20.0,25.0,102,105,11%,10,9,7,20,20,20,28.7,26.0,16.2,35.8,26.4,27.8,5.1,30.3,5.6,34.0,25.5,6.3,32.15,5.949999999999999,20.0,8.666666666666666,27.77,29.599999999999998,40.99125
6,7,Luke Kornet,0.0,CHI,BOS,10.5,216.0,102.8,26,3.5,10.7,33.5,PF/C,3000,1.0,0.0,0.0,102,103,-2%,7,3,3,18,9,9,10.7,7.8,0.2,15.3,21.9,7.8,2.6,16.3,5.42,13.9,15.5,4.6,15.100000000000001,5.01,12.0,4.333333333333333,9.82,15.9,19.50416666666667
7,0,Langston Galloway,0.0,DET,NO,-3.5,224.5,114.0,20,3.5,13.9,30.8,PG/SG,3300,1.0,16.0,13.0,105,110,0%,6,6,8,19,20,25,13.9,17.7,10.3,25.0,31.1,16.3,4.9,14.8,4.47,14.0,19.0,4.2,14.4,4.335,21.333333333333332,6.666666666666667,16.26,16.066666666666666,12.825000000000001
7,1,Shai Gilgeous-Alexander,0.0,OKC,MIN,-1.5,218.0,109.8,18,28.3,32.2,38.0,PG/SG,6300,1.0,24.0,17.0,106,107,2%,16,15,16,33,35,36,32.1,34.0,24.3,43.7,36.4,66.5,10.6,34.8,5.52,34.9,35.5,5.5,34.849999999999994,5.51,34.666666666666664,15.666666666666666,33.79,32.833333333333336,35.68774038461538
7,2,Miles Bridges,0.0,CHA,POR,9.5,215.5,103.0,26,23.0,34.0,45.3,SF/PF,5600,0.0,19.0,12.0,104,109,8%,11,11,11,31,33,31,34.0,25.6,16.7,34.5,18.4,5.5,1.0,28.3,5.04,26.5,32.0,4.7,27.4,4.87,31.666666666666668,11.0,27.639999999999997,34.1,27.688421052631575
7,3,Terrence Ross,0.0,ORL,SAC,2.0,212.0,105.0,28,13.0,25.1,34.5,SG/SF,5000,2.0,22.0,14.0,100,108,7%,13,13,11,29,27,25,25.1,21.3,14.1,28.6,27.6,23.5,4.7,22.5,4.5,22.6,26.0,4.5,22.55,4.5,27.0,12.333333333333334,22.33,24.2,21.714814814814815
7,4,Svi Mykhailiuk,0.0,DET,NO,-3.5,224.5,114.0,10,5.5,19.9,24.8,SG/SF,3200,1.0,16.0,10.0,105,110,6%,7,9,6,29,31,20,19.9,13.1,5.0,21.2,34.5,27.0,8.4,19.3,6.02,20.9,29.5,6.5,20.1,6.26,26.666666666666668,7.333333333333333,15.860000000000003,16.733333333333334,22.235625000000002
7,5,Evan Fournier,0.0,ORL,SAC,2.0,212.0,105.0,28,20.3,28.2,39.3,SG/SF,6200,2.0,25.0,18.0,100,108,4%,16,13,14,30,31,31,28.1,30.0,21.9,38.1,36.6,36.0,5.8,29.8,4.8,31.9,33.0,5.1,30.85,4.949999999999999,30.666666666666668,14.333333333333334,29.79,29.266666666666666,33.19728260869566
7,6,Al Horford,0.0,PHI,IND,2.0,213.5,105.8,20,14.3,27.7,42.0,PF/C,6800,1.0,19.0,16.0,101,105,-6%,14,11,12,33,33,31,27.6,30.6,21.6,39.7,35.5,33.0,4.9,32.3,4.74,35.7,32.5,5.3,34.0,5.02,32.333333333333336,12.333333333333334,30.7,28.0,34.17525773195876
7,7,Josh Richardson,0.0,PHI,IND,2.0,213.5,105.8,16,18.0,30.3,42.8,SG/SF,6500,1.0,22.0,13.0,101,105,-17%,15,14,13,34,35,33,30.3,29.0,20.5,37.5,35.5,32.5,5.0,30.0,4.62,31.5,34.5,4.8,30.75,4.71,34.0,14.0,29.610000000000003,30.366666666666664,31.202205882352942
8,0,T.J. McConnell,0.0,IND,PHI,-2.0,213.5,107.8,23,10.5,17.6,25.8,PG,4200,2.0,21.0,17.0,102,104,-7%,5,5,6,23,22,19,17.6,19.1,11.5,26.7,14.3,11.3,2.7,16.5,3.93,18.5,19.0,4.4,17.5,4.165,21.333333333333332,5.333333333333333,18.48,17.96666666666667,15.5859375
8,1,Shai Gilgeous-Alexander,0.0,OKC,MIN,-1.5,218.0,109.8,18,28.3,32.2,38.0,PG/SG,6300,1.0,24.0,17.0,106,107,2%,16,15,16,33,35,36,32.1,34.0,24.3,43.7,36.4,66.5,10.6,34.8,5.52,34.9,35.5,5.5,34.849999999999994,5.51,34.666666666666664,15.666666666666666,33.79,32.833333333333336,35.68774038461538
8,2,Christian Wood,0.0,DET,NO,-3.5,224.5,114.0,28,7.5,22.2,47.5,PF/C,3700,1.0,20.0,22.0,105,110,6%,9,7,6,20,20,17,22.2,19.3,7.1,31.5,25.8,41.3,11.2,21.5,5.81,20.3,18.0,5.5,20.9,5.654999999999999,19.0,7.333333333333333,20.2,25.733333333333334,19.799999999999997
8,3,Wes Iwundu,0.0,ORL,SAC,2.0,212.0,105.0,28,10.8,17.1,21.8,SG/SF,3400,2.0,13.0,8.0,100,108,4%,7,6,4,24,26,17,17.1,10.5,4.7,16.3,18.8,14.5,4.3,16.0,4.71,14.6,22.0,4.3,15.3,4.505,22.333333333333332,5.666666666666667,12.780000000000001,16.566666666666666,15.071641791044776
8,4,Nickeil Alexander-Walker,0.0,NO,DET,3.5,224.5,110.5,24,6.8,15.7,25.0,PG/SG,3500,1.0,23.0,8.0,101,110,4%,9,7,6,23,17,14,15.7,12.5,2.1,22.9,14.1,6.5,1.9,21.5,6.14,24.4,26.5,7.0,22.95,6.57,18.0,7.333333333333333,15.229999999999999,15.833333333333334,33.787499999999994
8,5,Matisse Thybulle,0.0,PHI,IND,2.0,213.5,105.8,16,2.0,9.3,14.0,SG/SF,3000,1.0,12.0,10.0,101,105,0%,4,4,4,19,17,18,9.3,12.2,3.0,21.4,27.8,17.8,5.9,13.3,4.42,13.8,19.5,4.6,13.55,4.51,18.0,4.0,11.89,8.433333333333334,14.679166666666667
8,6,Al Horford,0.0,PHI,IND,2.0,213.5,105.8,20,14.3,27.7,42.0,PF/C,6800,1.0,19.0,16.0,101,105,-6%,14,11,12,33,33,31,27.6,30.6,21.6,39.7,35.5,33.0,4.9,32.3,4.74,35.7,32.5,5.3,34.0,5.02,32.333333333333336,12.333333333333334,30.7,28.0,34.17525773195876
8,7,Enes Kanter,0.0,BOS,CHI,-10.5,216.0,113.3,15,11.8,28.7,48.3,C,5400,1.0,20.0,25.0,102,105,11%,10,9,7,20,20,20,28.7,26.0,16.2,35.8,26.4,27.8,5.1,30.3,5.6,34.0,25.5,6.3,32.15,5.949999999999999,20.0,8.666666666666666,27.77,29.599999999999998,40.99125
9,0,Lonzo Ball,0.0,NO,DET,3.5,224.5,110.5,24,29.8,43.5,55.0,PG,6900,1.0,22.0,14.0,101,110,4%,13,14,11,36,36,30,42.9,30.6,18.5,42.6,45.8,51.0,7.4,37.5,5.43,40.3,38.0,5.8,38.9,5.615,34.0,12.666666666666666,34.7,42.76666666666667,43.476470588235294
9,1,Jaylen Brown,0.0,BOS,CHI,-10.5,216.0,113.3,19,16.8,26.8,40.0,SG/SF,6300,1.0,24.0,18.0,102,105,-3%,14,15,15,32,32,34,26.8,35.2,25.2,45.2,30.3,31.3,5.0,32.8,5.2,34.5,34.0,5.5,33.65,5.35,32.666666666666664,14.666666666666666,33.21,27.866666666666664,35.02346938775511
9,2,Jaylen Hoard,0.0,POR,CHA,-9.5,215.5,112.5,30,0.0,7.4,16.5,SF/PF,3000,1.0,0.0,0.0,99,111,11%,7,4,2,17,9,6,7.4,5.7,0.0,11.4,9.1,4.3,1.4,13.0,4.33,0.0,0.0,0.0,6.5,2.165,10.666666666666666,4.333333333333333,6.2,7.966666666666666,0.0
9,3,Harrison Barnes,0.0,SAC,ORL,-2.0,212.0,107.0,23,6.3,25.7,40.0,SF/PF,5000,2.0,18.0,14.0,100,103,-8%,8,10,12,32,34,35,25.6,26.9,17.7,36.1,36.9,13.3,2.7,24.5,4.9,25.0,34.0,5.0,24.75,4.95,33.666666666666664,10.0,26.21,24.0,24.995049504950497
9,4,Jarrett Culver,0.0,MIN,OKC,1.5,218.0,108.3,19,18.8,28.7,36.8,PG/SG,4800,1.0,20.0,10.0,101,105,0%,14,13,10,32,30,24,29.1,19.9,9.5,30.3,31.9,22.3,4.6,23.5,4.9,25.3,30.0,5.3,24.4,5.1,28.666666666666668,12.333333333333334,22.639999999999997,28.099999999999998,25.534883720930228
9,5,Treveon Graham,0.0,MIN,OKC,1.5,218.0,108.3,21,7.3,10.6,15.8,SF/PF,3000,1.0,13.0,6.0,101,105,-2%,4,4,6,14,23,21,10.8,12.3,5.5,19.1,12.7,8.0,2.7,7.0,2.33,0.0,0.0,0.0,3.5,1.165,19.333333333333332,4.666666666666667,10.24,11.233333333333334,0.0
9,6,Steven Adams,0.0,OKC,MIN,-1.5,218.0,109.8,8,29.0,38.4,49.3,C,6400,1.0,18.0,22.0,106,107,-1%,9,9,8,27,31,29,38.4,32.7,23.5,41.9,28.9,42.8,6.7,37.5,5.86,35.8,31.5,5.6,36.65,5.73,29.0,8.666666666666666,34.63,38.9,39.80948275862069
9,7,E'Twaun Moore,0.0,NO,DET,3.5,224.5,110.5,27,12.5,19.9,27.3,SG/SF,4500,1.0,21.0,13.0,101,110,-4%,11,10,10,23,23,21,20.2,19.2,10.7,27.8,36.6,28.8,6.4,31.5,7.0,30.7,33.0,6.8,31.1,6.9,22.333333333333332,10.333333333333334,21.8,19.900000000000002,45.95373134328359
10,0,Markelle Fultz,0.0,ORL,SAC,2.0,212.0,105.0,17,19.8,29.2,40.3,PG/SG,5900,2.0,23.0,14.0,100,108,-5%,11,12,10,31,30,27,29.2,24.7,18.2,31.1,31.4,23.5,4.0,26.0,4.41,27.0,30.0,4.6,26.5,4.505,29.333333333333332,11.0,25.939999999999998,29.766666666666666,27.102272727272727
10,1,Buddy Hield,0.0,SAC,ORL,-2.0,212.0,107.0,17,23.3,35.1,47.5,SG/SF,6300,2.0,27.0,15.0,100,103,2%,17,17,18,35,36,35,37.4,35.3,25.1,45.5,37.8,35.3,5.6,35.8,5.67,36.1,34.5,5.7,35.95,5.6850000000000005,35.333333333333336,17.333333333333332,35.85,35.300000000000004,35.10212264150943
10,2,Goga Bitadze,0.0,IND,PHI,-2.0,213.5,107.8,5,2.8,6.7,12.3,PF/C,3000,2.0,15.0,12.0,102,104,-10%,2,2,3,9,7,10,6.7,8.5,-0.3,17.3,4.2,4.3,1.4,3.5,1.17,0.0,0.0,0.0,1.75,0.585,8.666666666666666,2.3333333333333335,6.790000000000001,7.266666666666667,0.0
10,3,Wes Iwundu,0.0,ORL,SAC,2.0,212.0,105.0,28,10.8,17.1,21.8,SG/SF,3400,2.0,13.0,8.0,100,108,4%,7,6,4,24,26,17,17.1,10.5,4.7,16.3,18.8,14.5,4.3,16.0,4.71,14.6,22.0,4.3,15.3,4.505,22.333333333333332,5.666666666666667,12.780000000000001,16.566666666666666,15.071641791044776
10,4,CJ McCollum,0.0,POR,CHA,-9.5,215.5,112.5,15,20.5,30.7,40.0,PG/SG,6100,1.0,26.0,17.0,99,111,0%,19,19,20,35,35,37,34.4,36.7,25.6,47.9,36.6,42.0,6.9,36.3,5.94,36.2,36.0,5.9,36.25,5.92,35.666666666666664,19.333333333333332,36.17,30.400000000000002,36.58878504672897
10,5,Sekou Doumbouya,0.0,DET,NO,-3.5,224.5,114.0,27,13.3,22.5,40.0,SF/PF,4900,1.0,0.0,0.0,105,110,6%,8,9,5,24,31,16,22.4,11.9,-0.7,24.6,34.5,32.0,6.5,23.0,4.69,24.5,29.5,5.0,23.75,4.845000000000001,23.666666666666668,7.333333333333333,16.389999999999997,25.266666666666666,29.603873239436616
10,6,Luke Kornet,0.0,CHI,BOS,10.5,216.0,102.8,26,3.5,10.7,33.5,PF/C,3000,1.0,0.0,0.0,102,103,-2%,7,3,3,18,9,9,10.7,7.8,0.2,15.3,21.9,7.8,2.6,16.3,5.42,13.9,15.5,4.6,15.100000000000001,5.01,12.0,4.333333333333333,9.82,15.9,19.50416666666667
10,7,Jeff Teague,0.0,MIN,OKC,1.5,218.0,108.3,19,11.5,20.3,30.5,PG,4900,1.0,22.0,17.0,101,105,0%,9,8,10,23,22,28,20.3,27.9,17.1,38.7,21.3,17.5,3.6,24.0,4.9,24.8,24.5,5.1,24.4,5.0,24.333333333333332,9.0,25.68,20.766666666666666,24.567123287671237
11,0,Ben Simmons,0.0,PHI,IND,2.0,213.5,105.8,27,35.3,48.3,77.3,PG/SF,8200,1.0,22.0,19.0,101,105,0%,13,14,11,38,38,36,48.6,43.1,32.8,53.4,40.3,48.5,5.9,44.0,5.37,44.8,37.0,5.5,44.4,5.4350000000000005,37.333333333333336,12.666666666666666,44.459999999999994,53.633333333333326,44.003571428571426
11,1,Andrew Wiggins,0.0,MIN,OKC,1.5,218.0,108.3,14,15.8,30.9,42.0,SG/SF,6900,1.0,29.0,17.0,101,105,-2%,14,19,20,30,34,35,34.5,39.2,30.3,48.0,31.3,19.3,2.8,33.5,4.86,36.3,33.0,5.3,34.9,5.08,33.0,17.666666666666668,37.38,29.566666666666666,34.9
11,2,Keita Bates-Diop,0.0,MIN,OKC,1.5,218.0,108.3,21,1.3,14.8,26.5,SF/PF,3400,1.0,15.0,12.0,101,105,-2%,7,6,6,22,19,19,14.8,14.3,5.2,23.5,15.0,12.0,3.5,12.0,3.53,12.7,16.5,3.7,12.35,3.615,20.0,6.333333333333333,14.030000000000001,14.200000000000001,10.188749999999999
11,3,Josh Richardson,0.0,PHI,IND,2.0,213.5,105.8,16,18.0,30.3,42.8,SG/SF,6500,1.0,22.0,13.0,101,105,-17%,15,14,13,34,35,33,30.3,29.0,20.5,37.5,35.5,32.5,5.0,30.0,4.62,31.5,34.5,4.8,30.75,4.71,34.0,14.0,29.610000000000003,30.366666666666664,31.202205882352942
11,4,Nicolas Batum,0.0,CHA,POR,9.5,215.5,103.0,26,4.0,11.3,17.8,SG/SF,3000,0.0,11.0,9.0,104,109,-3%,4,4,3,23,22,22,11.3,14.7,7.8,21.6,30.6,26.8,8.9,14.5,4.83,14.0,19.0,4.7,14.25,4.765000000000001,22.333333333333332,3.6666666666666665,13.930000000000001,11.033333333333333,12.123134328358208
11,5,Terrance Ferguson,0.0,OKC,MIN,-1.5,218.0,109.8,9,8.3,11.7,16.8,SG/SF,3200,1.0,9.0,4.0,106,107,2%,3,6,5,23,27,27,11.7,11.0,5.3,16.7,28.2,20.3,6.3,12.5,3.91,12.2,26.5,3.8,12.35,3.855,25.666666666666668,4.666666666666667,11.41,12.266666666666666,12.750974025974026
11,6,Thon Maker,0.0,DET,NO,-3.5,224.5,114.0,28,3.0,10.7,23.5,PF/C,3600,1.0,15.0,12.0,105,110,0%,5,3,3,18,12,11,10.7,8.8,2.1,15.4,4.7,2.0,0.6,6.3,1.74,0.0,0.0,0.0,3.15,0.87,13.666666666666666,3.6666666666666665,8.03,12.4,0.0
11,7,Kris Dunn,0.0,CHI,BOS,10.5,216.0,102.8,28,11.0,24.7,41.0,PG/SF,5100,1.0,16.0,12.0,102,103,-7%,8,8,7,31,31,25,24.7,21.3,12.8,29.8,30.0,16.3,3.2,24.8,4.85,24.5,31.0,4.8,24.65,4.824999999999999,29.0,7.666666666666667,22.65,25.566666666666666,26.349999999999998
12,0,Jeff Teague,0.0,MIN,OKC,1.5,218.0,108.3,19,11.5,20.3,30.5,PG,4900,1.0,22.0,17.0,101,105,0%,9,8,10,23,22,28,20.3,27.9,17.1,38.7,21.3,17.5,3.6,24.0,4.9,24.8,24.5,5.1,24.4,5.0,24.333333333333332,9.0,25.68,20.766666666666666,24.567123287671237
12,1,Shabazz Napier,0.0,MIN,OKC,1.5,218.0,108.3,19,8.0,23.7,39.3,PG/SG,5100,1.0,23.0,13.0,101,105,0%,6,8,8,20,26,21,23.7,20.8,9.4,32.1,26.7,29.8,5.8,22.5,4.41,22.8,23.0,4.5,22.65,4.455,22.333333333333332,7.333333333333333,21.73,23.666666666666668,23.32611940298507
12,2,Doug McDermott,0.0,IND,PHI,-2.0,213.5,107.8,14,5.8,11.4,29.0,SF/PF,3700,2.0,18.0,12.0,102,104,-3%,9,8,8,22,19,21,11.4,15.6,8.0,23.1,13.9,13.5,3.6,13.8,3.72,14.1,20.0,3.8,13.95,3.76,20.666666666666668,8.333333333333334,14.41,15.4,13.499999999999998
12,3,Darius Bazley,0.0,OKC,MIN,-1.5,218.0,109.8,13,3.5,12.2,23.8,SF/PF,3100,1.0,14.0,7.0,106,107,-2%,3,5,4,13,16,17,12.2,11.5,4.6,18.4,15.8,3.8,1.2,11.8,3.79,11.7,15.5,3.8,11.75,3.795,15.333333333333334,4.0,11.69,13.166666666666666,11.877717391304348
12,4,Frank Jackson,0.0,NO,DET,3.5,224.5,110.5,24,0.0,8.2,28.0,PG/SG,3000,1.0,22.0,7.0,101,110,4%,9,5,6,17,10,13,6.7,9.2,-0.1,18.4,32.0,26.0,8.7,19.5,6.5,20.4,26.5,6.8,19.95,6.65,13.333333333333334,6.666666666666667,10.829999999999998,12.066666666666668,39.650625
12,5,Tomas Satoransky,0.0,CHI,BOS,10.5,216.0,102.8,28,12.5,25.0,41.8,PG/SF,5300,1.0,18.0,14.0,102,103,-7%,9,9,8,32,33,29,25.0,25.8,15.8,35.7,25.9,24.8,4.7,26.3,4.95,26.6,32.5,5.0,26.450000000000003,4.975,31.333333333333332,8.666666666666666,25.75,26.433333333333334,27.43484042553192
12,6,Dwight Howard,0.0,LAL,CLE,-14.5,221.5,118.0,30,6.8,26.5,38.5,C,4700,1.0,14.0,18.0,101,113,3%,6,5,4,26,21,20,25.4,20.6,11.8,29.3,24.9,44.3,9.4,21.3,4.52,28.5,24.0,6.1,24.9,5.31,22.333333333333332,5.0,22.4,23.933333333333334,26.75820895522388
12,7,Christian Wood,0.0,DET,NO,-3.5,224.5,114.0,28,7.5,22.2,47.5,PF/C,3700,1.0,20.0,22.0,105,110,6%,9,7,6,20,20,17,22.2,19.3,7.1,31.5,25.8,41.3,11.2,21.5,5.81,20.3,18.0,5.5,20.9,5.654999999999999,19.0,7.333333333333333,20.2,25.733333333333334,19.799999999999997
13,0,Collin Sexton,0.0,CLE,LAL,14.5,221.5,103.5,21,27.5,32.9,40.3,PG/SG,5500,1.0,27.0,15.0,103,102,-2%,19,19,16,37,36,32,32.9,27.8,21.1,34.5,34.7,24.8,4.5,27.8,5.05,30.3,34.0,5.5,29.05,5.275,35.0,18.0,29.070000000000004,33.56666666666666,28.220000000000002
13,1,Coby White,0.0,CHI,BOS,10.5,216.0,102.8,28,11.5,20.4,34.3,PG/SG,4600,1.0,24.0,11.0,102,103,-7%,13,11,11,25,24,25,20.4,21.5,12.0,31.1,23.4,15.3,3.3,21.5,4.67,21.0,25.0,4.6,21.25,4.635,24.666666666666668,11.666666666666666,21.25,22.066666666666663,21.53716216216216
13,2,Semi Ojeleye,0.0,BOS,CHI,-10.5,216.0,113.3,29,0.0,4.5,11.5,SF/PF,3000,1.0,8.0,6.0,102,105,10%,3,2,2,16,10,14,4.5,6.6,1.3,11.9,12.9,1.3,0.4,8.3,2.75,0.0,0.0,0.0,4.15,1.375,13.333333333333334,2.3333333333333335,5.69,5.333333333333333,0.0
13,3,Terrance Ferguson,0.0,OKC,MIN,-1.5,218.0,109.8,9,8.3,11.7,16.8,SG/SF,3200,1.0,9.0,4.0,106,107,2%,3,6,5,23,27,27,11.7,11.0,5.3,16.7,28.2,20.3,6.3,12.5,3.91,12.2,26.5,3.8,12.35,3.855,25.666666666666668,4.666666666666667,11.41,12.266666666666666,12.750974025974026
13,4,Buddy Hield,0.0,SAC,ORL,-2.0,212.0,107.0,17,23.3,35.1,47.5,SG/SF,6300,2.0,27.0,15.0,100,103,2%,17,17,18,35,36,35,37.4,35.3,25.1,45.5,37.8,35.3,5.6,35.8,5.67,36.1,34.5,5.7,35.95,5.6850000000000005,35.333333333333336,17.333333333333332,35.85,35.300000000000004,35.10212264150943
13,5,Jayson Tatum,0.0,BOS,CHI,-10.5,216.0,113.3,29,25.8,40.5,63.5,SF/PF,7700,1.0,27.0,18.0,102,105,1%,18,17,18,33,33,35,40.9,38.6,27.6,49.7,29.7,38.0,4.9,39.0,5.06,41.5,35.0,5.4,40.25,5.23,33.666666666666664,17.666666666666668,39.41,43.26666666666667,41.8440594059406
13,6,Jaxson Hayes,0.0,NO,DET,3.5,224.5,110.5,27,4.3,25.3,39.0,C,4600,1.0,15.0,18.0,101,110,6%,11,7,5,28,22,21,25.3,20.1,11.4,28.8,18.6,15.5,3.4,26.5,5.76,24.6,26.0,5.3,25.55,5.529999999999999,23.666666666666668,7.666666666666667,22.23,22.866666666666664,28.069014084507042
13,7,Anthony Tolliver,0.0,POR,CHA,-9.5,215.5,112.5,24,3.5,10.3,24.3,PF/C,3000,1.0,11.0,6.0,99,111,11%,8,4,3,24,18,17,10.3,9.9,2.5,17.2,21.3,33.8,11.3,10.8,3.58,10.4,16.5,3.5,10.600000000000001,3.54,19.666666666666668,5.0,10.100000000000001,12.700000000000001,8.89322033898305
14,0,Bruce Brown,0.0,DET,NO,-3.5,224.5,114.0,20,19.8,28.9,46.5,PG/SF,6100,1.0,17.0,12.0,105,110,0%,11,10,8,36,31,28,28.9,23.7,13.3,34.1,20.8,27.3,4.5,25.3,4.14,26.9,31.5,4.4,26.1,4.27,31.666666666666668,9.666666666666666,25.22,31.733333333333334,25.96263157894737
14,1,Brad Wanamaker,0.0,BOS,CHI,-10.5,216.0,113.3,4,4.8,12.4,18.5,PG/SG,3000,1.0,17.0,12.0,102,105,-13%,5,4,5,18,19,20,12.3,15.9,10.1,21.7,24.2,16.3,5.4,12.3,4.08,11.8,15.5,3.9,12.05,3.99,19.0,4.666666666666667,14.410000000000002,11.9,9.830263157894738
14,2,Cody Zeller,0.0,CHA,POR,9.5,215.5,103.0,12,6.8,21.4,34.0,PF/C,3800,0.0,21.0,19.0,104,109,6%,10,9,8,23,21,23,21.4,24.3,14.5,34.1,22.9,14.3,3.8,21.0,5.53,23.3,22.5,6.1,22.15,5.8149999999999995,22.333333333333332,9.0,23.290000000000003,20.733333333333334,22.315298507462686
14,3,Treveon Graham,0.0,MIN,OKC,1.5,218.0,108.3,21,7.3,10.6,15.8,SF/PF,3000,1.0,13.0,6.0,101,105,-2%,4,4,6,14,23,21,10.8,12.3,5.5,19.1,12.7,8.0,2.7,7.0,2.33,0.0,0.0,0.0,3.5,1.165,19.333333333333332,4.666666666666667,10.24,11.233333333333334,0.0
14,4,De'Aaron Fox,0.0,SAC,ORL,-2.0,212.0,107.0,3,29.8,45.3,59.5,PG,7400,2.0,30.0,19.0,100,103,-3%,21,18,15,37,34,32,45.3,38.1,27.0,49.2,37.4,60.5,8.2,41.0,5.54,42.4,35.0,5.7,41.7,5.62,34.333333333333336,18.0,40.260000000000005,44.86666666666667,42.509708737864074
14,5,Marvin Bagley III,0.0,SAC,ORL,-2.0,212.0,107.0,2,19.5,26.3,32.3,PF/C,5800,2.0,0.0,0.0,100,103,-1%,11,11,12,21,24,24,26.3,25.7,20.8,30.6,23.2,29.0,5.0,21.3,3.66,23.8,21.5,4.1,22.55,3.88,23.0,11.333333333333334,25.189999999999998,26.03333333333333,21.079347826086956
14,6,Steven Adams,0.0,OKC,MIN,-1.5,218.0,109.8,8,29.0,38.4,49.3,C,6400,1.0,18.0,22.0,106,107,-1%,9,9,8,27,31,29,38.4,32.7,23.5,41.9,28.9,42.8,6.7,37.5,5.86,35.8,31.5,5.6,36.65,5.73,29.0,8.666666666666666,34.63,38.9,39.80948275862069
14,7,Khem Birch,0.0,ORL,SAC,2.0,212.0,105.0,14,0.8,14.0,32.8,PF/C,4300,2.0,9.0,11.0,100,108,-6%,4,2,3,29,22,24,13.9,15.9,7.3,24.4,23.1,6.8,1.6,14.5,3.37,17.4,23.0,4.0,15.95,3.685,25.0,3.0,15.49,15.866666666666665,14.674
15,0,Raul Neto,0.0,PHI,IND,2.0,213.5,105.8,27,3.5,5.5,8.8,PG,3000,1.0,17.0,12.0,101,105,0%,2,2,3,3,4,11,4.1,8.2,0.9,15.5,3.6,7.0,2.3,5.0,1.67,0.0,0.0,0.0,2.5,0.835,6.0,2.3333333333333335,6.239999999999999,5.933333333333334,0.0
15,1,Danny Green,0.0,LAL,CLE,-14.5,221.5,118.0,5,12.3,22.0,45.8,SG/SF,4100,1.0,14.0,12.0,101,113,10%,6,8,7,24,25,25,22.0,18.9,9.9,28.0,23.4,26.0,6.3,19.5,4.76,20.3,24.0,5.0,19.9,4.88,24.666666666666668,7.0,19.740000000000002,26.7,19.362162162162157
15,2,Kevin Love,0.0,CLE,LAL,14.5,221.5,103.5,10,17.3,36.1,49.3,PF/C,6700,1.0,23.0,18.0,103,102,-7%,16,14,13,37,34,32,36.0,37.8,26.1,49.5,33.1,39.3,5.9,36.5,5.45,37.9,33.0,5.7,37.2,5.575,34.333333333333336,14.333333333333334,37.32000000000001,34.233333333333334,35.755339805825244
15,3,Terrance Ferguson,0.0,OKC,MIN,-1.5,218.0,109.8,9,8.3,11.7,16.8,SG/SF,3200,1.0,9.0,4.0,106,107,2%,3,6,5,23,27,27,11.7,11.0,5.3,16.7,28.2,20.3,6.3,12.5,3.91,12.2,26.5,3.8,12.35,3.855,25.666666666666668,4.666666666666667,11.41,12.266666666666666,12.750974025974026
15,4,Brandon Knight,0.0,CLE,LAL,14.5,221.5,103.5,21,5.0,14.5,25.5,PG/SG,3300,1.0,0.0,0.0,103,102,-2%,7,6,5,21,18,14,13.5,10.7,2.6,18.8,12.3,3.3,1.0,9.0,2.73,12.7,16.0,3.8,10.85,3.2649999999999997,17.666666666666668,6.0,11.290000000000001,15.0,9.826415094339621
15,5,Tony Snell,0.0,DET,NO,-3.5,224.5,114.0,27,2.8,15.0,28.0,SF/PF,3800,1.0,12.0,10.0,105,110,0%,8,8,7,33,29,27,17.9,15.1,8.6,21.6,28.4,7.5,2.0,17.8,4.67,17.3,29.5,4.6,17.55,4.635,29.666666666666668,7.666666666666667,16.15,15.266666666666666,17.45140449438202
15,6,Tristan Thompson,0.0,CLE,LAL,14.5,221.5,103.5,7,21.8,37.1,65.5,C,7500,1.0,19.0,18.0,103,102,-12%,16,10,11,42,36,32,37.0,33.8,23.5,44.1,33.6,33.5,4.5,31.3,4.17,32.3,33.5,4.3,31.799999999999997,4.234999999999999,36.666666666666664,12.333333333333334,34.04,41.46666666666667,29.053636363636365
15,7,Andre Drummond,0.0,DET,NO,-3.5,224.5,114.0,5,19.0,47.7,62.3,C,10300,1.0,24.0,22.0,105,110,0%,18,15,14,44,37,34,50.4,49.1,36.9,61.4,22.5,36.5,3.5,52.8,5.12,55.8,35.5,5.4,54.3,5.26,38.333333333333336,15.666666666666666,50.42,43.0,50.28652173913043
16,0,Chris Paul,0.0,OKC,MIN,-1.5,218.0,109.8,18,25.0,37.4,44.5,PG,6600,1.0,23.0,21.0,106,107,3%,14,13,12,30,32,32,37.4,36.6,27.6,45.6,30.5,20.5,3.1,38.5,5.83,37.4,32.0,5.7,37.95,5.765000000000001,31.333333333333332,13.0,37.029999999999994,35.63333333333333,38.75744680851064
16,1,Dennis Schroder,0.0,OKC,MIN,-1.5,218.0,109.8,18,23.3,27.0,31.0,PG/SG,5400,1.0,27.0,16.0,106,107,3%,13,14,15,31,33,31,27.4,29.9,20.6,39.2,29.1,19.3,3.6,31.5,5.83,30.9,31.0,5.7,31.2,5.765000000000001,31.666666666666668,14.0,29.659999999999997,27.099999999999998,30.54315789473684
16,2,Mike Muscala,0.0,OKC,MIN,-1.5,218.0,109.8,19,6.3,12.3,19.5,PF/C,3000,1.0,16.0,8.0,106,107,-2%,4,4,4,16,14,11,12.3,8.3,1.7,14.9,19.1,21.8,7.3,11.8,3.92,11.6,13.5,3.9,11.7,3.91,13.666666666666666,4.0,9.780000000000001,12.700000000000001,11.557317073170731
16,3,Tobias Harris,0.0,PHI,IND,2.0,213.5,105.8,2,15.0,30.2,36.5,SF/PF,6600,1.0,24.0,17.0,101,105,-17%,20,18,16,35,37,35,33.8,36.0,27.0,45.0,39.3,35.8,5.4,33.0,5.0,36.0,35.0,5.5,34.5,5.25,35.666666666666664,18.0,35.260000000000005,27.233333333333334,33.85514018691589
16,4,Marcus Smart,0.0,BOS,CHI,-10.5,216.0,113.3,4,16.5,24.2,34.8,PG/SG,5200,1.0,19.0,13.0,102,105,-13%,9,10,11,26,29,31,23.8,27.5,19.1,35.9,33.4,36.8,7.1,25.0,4.81,24.5,29.5,4.7,24.75,4.755,28.666666666666668,10.0,26.209999999999997,25.166666666666668,25.469476744186046
16,5,Darius Bazley,0.0,OKC,MIN,-1.5,218.0,109.8,13,3.5,12.2,23.8,SF/PF,3100,1.0,14.0,7.0,106,107,-2%,3,5,4,13,16,17,12.2,11.5,4.6,18.4,15.8,3.8,1.2,11.8,3.79,11.7,15.5,3.8,11.75,3.795,15.333333333333334,4.0,11.69,13.166666666666666,11.877717391304348
16,6,Norvel Pelle,0.0,PHI,IND,2.0,213.5,105.8,6,0.0,8.3,16.5,C,3200,1.0,0.0,0.0,101,105,2%,4,2,2,14,9,10,7.8,10.0,2.4,17.6,12.5,8.5,2.7,11.8,3.67,12.8,13.0,4.0,12.3,3.835,11.0,2.6666666666666665,10.020000000000001,8.266666666666667,14.536363636363635
16,7,Alfonzo McKinnie,0.0,CLE,LAL,14.5,221.5,103.5,3,2.8,11.7,22.0,SF/PF,3000,1.0,14.0,7.0,103,102,-4%,7,5,3,19,20,12,11.7,7.3,0.4,14.2,22.3,9.8,3.3,10.8,3.58,11.6,17.5,3.9,11.2,3.74,17.0,5.0,8.959999999999999,12.166666666666666,11.529411764705882
17,0,Raul Neto,0.0,PHI,IND,2.0,213.5,105.8,27,3.5,5.5,8.8,PG,3000,1.0,17.0,12.0,101,105,0%,2,2,3,3,4,11,4.1,8.2,0.9,15.5,3.6,7.0,2.3,5.0,1.67,0.0,0.0,0.0,2.5,0.835,6.0,2.3333333333333335,6.239999999999999,5.933333333333334,0.0
17,1,Jarrett Culver,0.0,MIN,OKC,1.5,218.0,108.3,19,18.8,28.7,36.8,PG/SG,4800,1.0,20.0,10.0,101,105,0%,14,13,10,32,30,24,29.1,19.9,9.5,30.3,31.9,22.3,4.6,23.5,4.9,25.3,30.0,5.3,24.4,5.1,28.666666666666668,12.333333333333334,22.639999999999997,28.099999999999998,25.534883720930228
17,2,Danilo Gallinari,0.0,OKC,MIN,-1.5,218.0,109.8,13,23.3,33.8,47.8,SF/PF,6400,1.0,23.0,19.0,106,107,7%,14,15,13,30,29,31,33.8,31.4,23.9,38.8,33.2,39.5,6.2,31.3,4.88,32.9,30.5,5.1,32.1,4.99,30.0,14.0,31.999999999999993,34.96666666666666,32.635000000000005
17,3,Jayson Tatum,0.0,BOS,CHI,-10.5,216.0,113.3,29,25.8,40.5,63.5,SF/PF,7700,1.0,27.0,18.0,102,105,1%,18,17,18,33,33,35,40.9,38.6,27.6,49.7,29.7,38.0,4.9,39.0,5.06,41.5,35.0,5.4,40.25,5.23,33.666666666666664,17.666666666666668,39.41,43.26666666666667,41.8440594059406
17,4,Evan Fournier,0.0,ORL,SAC,2.0,212.0,105.0,28,20.3,28.2,39.3,SG/SF,6200,2.0,25.0,18.0,100,108,4%,16,13,14,30,31,31,28.1,30.0,21.9,38.1,36.6,36.0,5.8,29.8,4.8,31.9,33.0,5.1,30.85,4.949999999999999,30.666666666666668,14.333333333333334,29.79,29.266666666666666,33.19728260869566
17,5,PJ Washington,0.0,CHA,POR,9.5,215.5,103.0,12,10.8,23.6,39.5,PF/C,5000,0.0,18.0,13.0,104,109,2%,6,8,10,26,32,31,24.0,25.8,17.1,34.6,32.6,48.8,9.8,26.0,5.2,26.1,32.0,5.2,26.05,5.2,29.666666666666668,8.0,25.509999999999998,24.633333333333336,28.09887640449438
17,6,Thon Maker,0.0,DET,NO,-3.5,224.5,114.0,28,3.0,10.7,23.5,PF/C,3600,1.0,15.0,12.0,105,110,0%,5,3,3,18,12,11,10.7,8.8,2.1,15.4,4.7,2.0,0.6,6.3,1.74,0.0,0.0,0.0,3.15,0.87,13.666666666666666,3.6666666666666665,8.03,12.4,0.0
17,7,Luke Kornet,0.0,CHI,BOS,10.5,216.0,102.8,26,3.5,10.7,33.5,PF/C,3000,1.0,0.0,0.0,102,103,-2%,7,3,3,18,9,9,10.7,7.8,0.2,15.3,21.9,7.8,2.6,16.3,5.42,13.9,15.5,4.6,15.100000000000001,5.01,12.0,4.333333333333333,9.82,15.9,19.50416666666667
18,0,Brandon Knight,0.0,CLE,LAL,14.5,221.5,103.5,21,5.0,14.5,25.5,PG/SG,3300,1.0,0.0,0.0,103,102,-2%,7,6,5,21,18,14,13.5,10.7,2.6,18.8,12.3,3.3,1.0,9.0,2.73,12.7,16.0,3.8,10.85,3.2649999999999997,17.666666666666668,6.0,11.290000000000001,15.0,9.826415094339621
18,1,Langston Galloway,0.0,DET,NO,-3.5,224.5,114.0,20,3.5,13.9,30.8,PG/SG,3300,1.0,16.0,13.0,105,110,0%,6,6,8,19,20,25,13.9,17.7,10.3,25.0,31.1,16.3,4.9,14.8,4.47,14.0,19.0,4.2,14.4,4.335,21.333333333333332,6.666666666666667,16.26,16.066666666666666,12.825000000000001
18,2,Marvin Bagley III,0.0,SAC,ORL,-2.0,212.0,107.0,2,19.5,26.3,32.3,PF/C,5800,2.0,0.0,0.0,100,103,-1%,11,11,12,21,24,24,26.3,25.7,20.8,30.6,23.2,29.0,5.0,21.3,3.66,23.8,21.5,4.1,22.55,3.88,23.0,11.333333333333334,25.189999999999998,26.03333333333333,21.079347826086956
18,3,Robert Covington,0.0,MIN,OKC,1.5,218.0,108.3,21,29.0,35.6,47.0,SF/PF,5700,1.0,17.0,14.0,101,105,-2%,11,12,10,26,29,29,35.5,27.7,18.8,36.6,30.1,35.0,6.1,28.8,5.04,29.8,31.0,5.2,29.3,5.12,28.0,11.0,29.580000000000002,37.199999999999996,32.43928571428572
18,4,Dennis Schroder,0.0,OKC,MIN,-1.5,218.0,109.8,18,23.3,27.0,31.0,PG/SG,5400,1.0,27.0,16.0,106,107,3%,13,14,15,31,33,31,27.4,29.9,20.6,39.2,29.1,19.3,3.6,31.5,5.83,30.9,31.0,5.7,31.2,5.765000000000001,31.666666666666668,14.0,29.659999999999997,27.099999999999998,30.54315789473684
18,5,Al Horford,0.0,PHI,IND,2.0,213.5,105.8,20,14.3,27.7,42.0,PF/C,6800,1.0,19.0,16.0,101,105,-6%,14,11,12,33,33,31,27.6,30.6,21.6,39.7,35.5,33.0,4.9,32.3,4.74,35.7,32.5,5.3,34.0,5.02,32.333333333333336,12.333333333333334,30.7,28.0,34.17525773195876
18,6,PJ Washington,0.0,CHA,POR,9.5,215.5,103.0,12,10.8,23.6,39.5,PF/C,5000,0.0,18.0,13.0,104,109,2%,6,8,10,26,32,31,24.0,25.8,17.1,34.6,32.6,48.8,9.8,26.0,5.2,26.1,32.0,5.2,26.05,5.2,29.666666666666668,8.0,25.509999999999998,24.633333333333336,28.09887640449438
18,7,Miles Bridges,0.0,CHA,POR,9.5,215.5,103.0,26,23.0,34.0,45.3,SF/PF,5600,0.0,19.0,12.0,104,109,8%,11,11,11,31,33,31,34.0,25.6,16.7,34.5,18.4,5.5,1.0,28.3,5.04,26.5,32.0,4.7,27.4,4.87,31.666666666666668,11.0,27.639999999999997,34.1,27.688421052631575
19,0,Brad Wanamaker,0.0,BOS,CHI,-10.5,216.0,113.3,4,4.8,12.4,18.5,PG/SG,3000,1.0,17.0,12.0,102,105,-13%,5,4,5,18,19,20,12.3,15.9,10.1,21.7,24.2,16.3,5.4,12.3,4.08,11.8,15.5,3.9,12.05,3.99,19.0,4.666666666666667,14.410000000000002,11.9,9.830263157894738
19,1,Shai Gilgeous-Alexander,0.0,OKC,MIN,-1.5,218.0,109.8,18,28.3,32.2,38.0,PG/SG,6300,1.0,24.0,17.0,106,107,2%,16,15,16,33,35,36,32.1,34.0,24.3,43.7,36.4,66.5,10.6,34.8,5.52,34.9,35.5,5.5,34.849999999999994,5.51,34.666666666666664,15.666666666666666,33.79,32.833333333333336,35.68774038461538
19,2,Tobias Harris,0.0,PHI,IND,2.0,213.5,105.8,2,15.0,30.2,36.5,SF/PF,6600,1.0,24.0,17.0,101,105,-17%,20,18,16,35,37,35,33.8,36.0,27.0,45.0,39.3,35.8,5.4,33.0,5.0,36.0,35.0,5.5,34.5,5.25,35.666666666666664,18.0,35.260000000000005,27.233333333333334,33.85514018691589
19,3,Danny Green,0.0,LAL,CLE,-14.5,221.5,118.0,5,12.3,22.0,45.8,SG/SF,4100,1.0,14.0,12.0,101,113,10%,6,8,7,24,25,25,22.0,18.9,9.9,28.0,23.4,26.0,6.3,19.5,4.76,20.3,24.0,5.0,19.9,4.88,24.666666666666668,7.0,19.740000000000002,26.7,19.362162162162157
19,4,Devonte' Graham,0.0,CHA,POR,9.5,215.5,103.0,10,13.5,35.5,54.0,PG,7300,0.0,27.0,16.0,104,109,6%,17,15,16,39,39,35,40.1,38.6,28.7,48.6,36.1,52.3,7.2,38.8,5.31,38.0,36.0,5.2,38.4,5.255,37.666666666666664,16.0,38.88,34.333333333333336,36.700884955752215
19,5,Jayson Tatum,0.0,BOS,CHI,-10.5,216.0,113.3,29,25.8,40.5,63.5,SF/PF,7700,1.0,27.0,18.0,102,105,1%,18,17,18,33,33,35,40.9,38.6,27.6,49.7,29.7,38.0,4.9,39.0,5.06,41.5,35.0,5.4,40.25,5.23,33.666666666666664,17.666666666666668,39.41,43.26666666666667,41.8440594059406
19,6,Jahlil Okafor,0.0,NO,DET,3.5,224.5,110.5,27,2.3,8.1,16.0,C,3000,1.0,20.0,17.0,101,110,-1%,4,2,5,11,9,16,8.1,16.2,6.7,25.7,33.8,57.0,19.0,23.5,7.83,22.6,22.0,7.5,23.05,7.665,12.0,3.6666666666666665,15.95,8.799999999999999,42.25833333333333
19,7,Miles Bridges,0.0,CHA,POR,9.5,215.5,103.0,26,23.0,34.0,45.3,SF/PF,5600,0.0,19.0,12.0,104,109,8%,11,11,11,31,33,31,34.0,25.6,16.7,34.5,18.4,5.5,1.0,28.3,5.04,26.5,32.0,4.7,27.4,4.87,31.666666666666668,11.0,27.639999999999997,34.1,27.688421052631575
21,0,Shai Gilgeous-Alexander,0.0,OKC,MIN,-1.5,218.0,109.8,18,28.3,32.2,38.0,PG/SG,6300,1.0,24.0,17.0,106,107,2%,16,15,16,33,35,36,32.1,34.0,24.3,43.7,36.4,66.5,10.6,34.8,5.52,34.9,35.5,5.5,34.849999999999994,5.51,34.666666666666664,15.666666666666666,33.79,32.833333333333336,35.68774038461538
21,1,Danny Green,0.0,LAL,CLE,-14.5,221.5,118.0,5,12.3,22.0,45.8,SG/SF,4100,1.0,14.0,12.0,101,113,10%,6,8,7,24,25,25,22.0,18.9,9.9,28.0,23.4,26.0,6.3,19.5,4.76,20.3,24.0,5.0,19.9,4.88,24.666666666666668,7.0,19.740000000000002,26.7,19.362162162162157
21,2,Jaylen Hoard,0.0,POR,CHA,-9.5,215.5,112.5,30,0.0,7.4,16.5,SF/PF,3000,1.0,0.0,0.0,99,111,11%,7,4,2,17,9,6,7.4,5.7,0.0,11.4,9.1,4.3,1.4,13.0,4.33,0.0,0.0,0.0,6.5,2.165,10.666666666666666,4.333333333333333,6.2,7.966666666666666,0.0
21,3,Tony Snell,0.0,DET,NO,-3.5,224.5,114.0,27,2.8,15.0,28.0,SF/PF,3800,1.0,12.0,10.0,105,110,0%,8,8,7,33,29,27,17.9,15.1,8.6,21.6,28.4,7.5,2.0,17.8,4.67,17.3,29.5,4.6,17.55,4.635,29.666666666666668,7.666666666666667,16.15,15.266666666666666,17.45140449438202
21,4,Damian Lillard,0.0,POR,CHA,-9.5,215.5,112.5,15,37.3,45.3,62.3,PG,8800,1.0,30.0,25.0,99,111,-5%,19,18,19,32,36,37,45.3,46.8,37.1,56.5,35.6,47.8,5.4,47.0,5.34,45.7,37.0,5.2,46.35,5.27,35.0,18.666666666666668,46.41,48.29999999999999,48.99857142857143
21,5,Jaylen Brown,0.0,BOS,CHI,-10.5,216.0,113.3,19,16.8,26.8,40.0,SG/SF,6300,1.0,24.0,18.0,102,105,-3%,14,15,15,32,32,34,26.8,35.2,25.2,45.2,30.3,31.3,5.0,32.8,5.2,34.5,34.0,5.5,33.65,5.35,32.666666666666664,14.666666666666666,33.21,27.866666666666664,35.02346938775511
21,6,Al Horford,0.0,PHI,IND,2.0,213.5,105.8,20,14.3,27.7,42.0,PF/C,6800,1.0,19.0,16.0,101,105,-6%,14,11,12,33,33,31,27.6,30.6,21.6,39.7,35.5,33.0,4.9,32.3,4.74,35.7,32.5,5.3,34.0,5.02,32.333333333333336,12.333333333333334,30.7,28.0,34.17525773195876
21,7,Vincent Poirier,0.0,BOS,CHI,-10.5,216.0,113.3,15,0.0,6.6,14.0,C,3000,1.0,0.0,0.0,102,105,11%,3,1,2,6,5,5,6.5,5.0,-0.2,10.1,5.0,1.5,0.5,8.0,2.67,0.0,0.0,0.0,4.0,1.335,5.333333333333333,2.0,5.08,6.866666666666667,0.0
22,0,Brad Wanamaker,0.0,BOS,CHI,-10.5,216.0,113.3,4,4.8,12.4,18.5,PG/SG,3000,1.0,17.0,12.0,102,105,-13%,5,4,5,18,19,20,12.3,15.9,10.1,21.7,24.2,16.3,5.4,12.3,4.08,11.8,15.5,3.9,12.05,3.99,19.0,4.666666666666667,14.410000000000002,11.9,9.830263157894738
22,1,E'Twaun Moore,0.0,NO,DET,3.5,224.5,110.5,27,12.5,19.9,27.3,SG/SF,4500,1.0,21.0,13.0,101,110,-4%,11,10,10,23,23,21,20.2,19.2,10.7,27.8,36.6,28.8,6.4,31.5,7.0,30.7,33.0,6.8,31.1,6.9,22.333333333333332,10.333333333333334,21.8,19.900000000000002,45.95373134328359
22,2,Anthony Tolliver,0.0,POR,CHA,-9.5,215.5,112.5,24,3.5,10.3,24.3,PF/C,3000,1.0,11.0,6.0,99,111,11%,8,4,3,24,18,17,10.3,9.9,2.5,17.2,21.3,33.8,11.3,10.8,3.58,10.4,16.5,3.5,10.600000000000001,3.54,19.666666666666668,5.0,10.100000000000001,12.700000000000001,8.89322033898305
22,3,Miles Bridges,0.0,CHA,POR,9.5,215.5,103.0,26,23.0,34.0,45.3,SF/PF,5600,0.0,19.0,12.0,104,109,8%,11,11,11,31,33,31,34.0,25.6,16.7,34.5,18.4,5.5,1.0,28.3,5.04,26.5,32.0,4.7,27.4,4.87,31.666666666666668,11.0,27.639999999999997,34.1,27.688421052631575
22,4,Jeff Teague,0.0,MIN,OKC,1.5,218.0,108.3,19,11.5,20.3,30.5,PG,4900,1.0,22.0,17.0,101,105,0%,9,8,10,23,22,28,20.3,27.9,17.1,38.7,21.3,17.5,3.6,24.0,4.9,24.8,24.5,5.1,24.4,5.0,24.333333333333332,9.0,25.68,20.766666666666666,24.567123287671237
22,5,Abdel Nader,0.0,OKC,MIN,-1.5,218.0,109.8,13,0.0,7.3,12.8,SF,3000,1.0,16.0,11.0,106,107,7%,5,3,5,14,9,16,7.3,10.5,3.3,17.7,6.5,4.3,1.4,8.0,2.67,0.0,0.0,0.0,4.0,1.335,13.0,4.333333333333333,8.559999999999999,6.7,0.0
22,6,Jaxson Hayes,0.0,NO,DET,3.5,224.5,110.5,27,4.3,25.3,39.0,C,4600,1.0,15.0,18.0,101,110,6%,11,7,5,28,22,21,25.3,20.1,11.4,28.8,18.6,15.5,3.4,26.5,5.76,24.6,26.0,5.3,25.55,5.529999999999999,23.666666666666668,7.666666666666667,22.23,22.866666666666664,28.069014084507042
22,7,Sekou Doumbouya,0.0,DET,NO,-3.5,224.5,114.0,27,13.3,22.5,40.0,SF/PF,4900,1.0,0.0,0.0,105,110,6%,8,9,5,24,31,16,22.4,11.9,-0.7,24.6,34.5,32.0,6.5,23.0,4.69,24.5,29.5,5.0,23.75,4.845000000000001,23.666666666666668,7.333333333333333,16.389999999999997,25.266666666666666,29.603873239436616
23,0,Jeff Teague,0.0,MIN,OKC,1.5,218.0,108.3,19,11.5,20.3,30.5,PG,4900,1.0,22.0,17.0,101,105,0%,9,8,10,23,22,28,20.3,27.9,17.1,38.7,21.3,17.5,3.6,24.0,4.9,24.8,24.5,5.1,24.4,5.0,24.333333333333332,9.0,25.68,20.766666666666666,24.567123287671237
23,1,Buddy Hield,0.0,SAC,ORL,-2.0,212.0,107.0,17,23.3,35.1,47.5,SG/SF,6300,2.0,27.0,15.0,100,103,2%,17,17,18,35,36,35,37.4,35.3,25.1,45.5,37.8,35.3,5.6,35.8,5.67,36.1,34.5,5.7,35.95,5.6850000000000005,35.333333333333336,17.333333333333332,35.85,35.300000000000004,35.10212264150943
23,2,Harrison Barnes,0.0,SAC,ORL,-2.0,212.0,107.0,23,6.3,25.7,40.0,SF/PF,5000,2.0,18.0,14.0,100,103,-8%,8,10,12,32,34,35,25.6,26.9,17.7,36.1,36.9,13.3,2.7,24.5,4.9,25.0,34.0,5.0,24.75,4.95,33.666666666666664,10.0,26.21,24.0,24.995049504950497
23,3,Doug McDermott,0.0,IND,PHI,-2.0,213.5,107.8,14,5.8,11.4,29.0,SF/PF,3700,2.0,18.0,12.0,102,104,-3%,9,8,8,22,19,21,11.4,15.6,8.0,23.1,13.9,13.5,3.6,13.8,3.72,14.1,20.0,3.8,13.95,3.76,20.666666666666668,8.333333333333334,14.41,15.4,13.499999999999998
23,4,Quinn Cook,0.0,LAL,CLE,-14.5,221.5,118.0,26,0.0,7.3,20.8,PG,3000,1.0,20.0,10.0,101,113,6%,7,4,5,11,9,13,7.3,8.9,0.3,17.4,20.4,16.0,5.3,2.8,0.92,10.9,12.5,3.6,6.85,2.2600000000000002,11.0,5.333333333333333,8.149999999999999,9.366666666666667,7.784090909090908
23,5,Tomas Satoransky,0.0,CHI,BOS,10.5,216.0,102.8,28,12.5,25.0,41.8,PG/SF,5300,1.0,18.0,14.0,102,103,-7%,9,9,8,32,33,29,25.0,25.8,15.8,35.7,25.9,24.8,4.7,26.3,4.95,26.6,32.5,5.0,26.450000000000003,4.975,31.333333333333332,8.666666666666666,25.75,26.433333333333334,27.43484042553192
23,6,Thon Maker,0.0,DET,NO,-3.5,224.5,114.0,28,3.0,10.7,23.5,PF/C,3600,1.0,15.0,12.0,105,110,0%,5,3,3,18,12,11,10.7,8.8,2.1,15.4,4.7,2.0,0.6,6.3,1.74,0.0,0.0,0.0,3.15,0.87,13.666666666666666,3.6666666666666665,8.03,12.4,0.0
23,7,Carmelo Anthony,0.0,POR,CHA,-9.5,215.5,112.5,30,10.5,27.8,44.3,SF/PF,5400,1.0,22.0,14.0,99,111,11%,14,13,15,28,32,33,27.8,29.3,19.0,39.7,36.6,38.0,7.0,31.0,5.74,32.3,34.5,6.0,31.65,5.87,31.0,14.0,29.490000000000002,27.53333333333333,35.223387096774196
24,0,Shabazz Napier,0.0,MIN,OKC,1.5,218.0,108.3,19,8.0,23.7,39.3,PG/SG,5100,1.0,23.0,13.0,101,105,0%,6,8,8,20,26,21,23.7,20.8,9.4,32.1,26.7,29.8,5.8,22.5,4.41,22.8,23.0,4.5,22.65,4.455,22.333333333333332,7.333333333333333,21.73,23.666666666666668,23.32611940298507
24,1,Buddy Hield,0.0,SAC,ORL,-2.0,212.0,107.0,17,23.3,35.1,47.5,SG/SF,6300,2.0,27.0,15.0,100,103,2%,17,17,18,35,36,35,37.4,35.3,25.1,45.5,37.8,35.3,5.6,35.8,5.67,36.1,34.5,5.7,35.95,5.6850000000000005,35.333333333333336,17.333333333333332,35.85,35.300000000000004,35.10212264150943
24,2,Jared Dudley,0.0,LAL,CLE,-14.5,221.5,118.0,5,0.0,3.9,12.5,SF/PF,3000,1.0,0.0,0.0,101,113,0%,2,1,1,15,7,8,3.3,4.4,-0.7,9.5,17.0,12.5,4.2,12.3,4.08,8.9,13.5,3.0,10.600000000000001,3.54,10.0,1.3333333333333333,5.42,5.466666666666666,14.31
24,3,Harrison Barnes,0.0,SAC,ORL,-2.0,212.0,107.0,23,6.3,25.7,40.0,SF/PF,5000,2.0,18.0,14.0,100,103,-8%,8,10,12,32,34,35,25.6,26.9,17.7,36.1,36.9,13.3,2.7,24.5,4.9,25.0,34.0,5.0,24.75,4.95,33.666666666666664,10.0,26.21,24.0,24.995049504950497
24,4,Josh Hart,0.0,NO,DET,3.5,224.5,110.5,27,14.3,25.5,32.5,SG/SF,5300,1.0,16.0,11.0,101,110,-4%,11,9,9,35,32,29,25.4,24.9,16.6,33.2,35.9,23.5,4.4,29.8,5.61,30.5,35.5,5.8,30.15,5.705,32.0,9.666666666666666,26.05,24.099999999999998,33.44765625
24,5,Sekou Doumbouya,0.0,DET,NO,-3.5,224.5,114.0,27,13.3,22.5,40.0,SF/PF,4900,1.0,0.0,0.0,105,110,6%,8,9,5,24,31,16,22.4,11.9,-0.7,24.6,34.5,32.0,6.5,23.0,4.69,24.5,29.5,5.0,23.75,4.845000000000001,23.666666666666668,7.333333333333333,16.389999999999997,25.266666666666666,29.603873239436616
24,6,Dewayne Dedmon,0.0,SAC,ORL,-2.0,212.0,107.0,13,0.3,8.7,26.5,C,4000,2.0,19.0,8.0,100,103,-8%,7,4,5,22,12,14,8.7,11.9,4.6,19.1,4.3,5.8,1.4,17.8,4.44,10.3,11.0,2.6,14.05,3.5200000000000005,16.0,5.333333333333333,11.670000000000002,11.833333333333334,9.659375
24,7,Josh Richardson,0.0,PHI,IND,2.0,213.5,105.8,16,18.0,30.3,42.8,SG/SF,6500,1.0,22.0,13.0,101,105,-17%,15,14,13,34,35,33,30.3,29.0,20.5,37.5,35.5,32.5,5.0,30.0,4.62,31.5,34.5,4.8,30.75,4.71,34.0,14.0,29.610000000000003,30.366666666666664,31.202205882352942
26,0,Lonzo Ball,0.0,NO,DET,3.5,224.5,110.5,24,29.8,43.5,55.0,PG,6900,1.0,22.0,14.0,101,110,4%,13,14,11,36,36,30,42.9,30.6,18.5,42.6,45.8,51.0,7.4,37.5,5.43,40.3,38.0,5.8,38.9,5.615,34.0,12.666666666666666,34.7,42.76666666666667,43.476470588235294
26,1,Brad Wanamaker,0.0,BOS,CHI,-10.5,216.0,113.3,4,4.8,12.4,18.5,PG/SG,3000,1.0,17.0,12.0,102,105,-13%,5,4,5,18,19,20,12.3,15.9,10.1,21.7,24.2,16.3,5.4,12.3,4.08,11.8,15.5,3.9,12.05,3.99,19.0,4.666666666666667,14.410000000000002,11.9,9.830263157894738
26,2,Treveon Graham,0.0,MIN,OKC,1.5,218.0,108.3,21,7.3,10.6,15.8,SF/PF,3000,1.0,13.0,6.0,101,105,-2%,4,4,6,14,23,21,10.8,12.3,5.5,19.1,12.7,8.0,2.7,7.0,2.33,0.0,0.0,0.0,3.5,1.165,19.333333333333332,4.666666666666667,10.24,11.233333333333334,0.0
26,3,Alfonzo McKinnie,0.0,CLE,LAL,14.5,221.5,103.5,3,2.8,11.7,22.0,SF/PF,3000,1.0,14.0,7.0,103,102,-4%,7,5,3,19,20,12,11.7,7.3,0.4,14.2,22.3,9.8,3.3,10.8,3.58,11.6,17.5,3.9,11.2,3.74,17.0,5.0,8.959999999999999,12.166666666666666,11.529411764705882
26,4,Troy Daniels,0.0,LAL,CLE,-14.5,221.5,118.0,5,0.0,5.4,20.5,SG,3000,1.0,15.0,8.0,101,113,10%,6,3,4,12,9,12,5.4,7.1,1.0,13.2,3.3,13.0,4.3,2.3,0.75,0.0,0.0,0.0,1.15,0.375,11.0,4.333333333333333,5.569999999999999,8.633333333333333,0.0
26,5,Keita Bates-Diop,0.0,MIN,OKC,1.5,218.0,108.3,21,1.3,14.8,26.5,SF/PF,3400,1.0,15.0,12.0,101,105,-2%,7,6,6,22,19,19,14.8,14.3,5.2,23.5,15.0,12.0,3.5,12.0,3.53,12.7,16.5,3.7,12.35,3.615,20.0,6.333333333333333,14.030000000000001,14.200000000000001,10.188749999999999
26,6,Christian Wood,0.0,DET,NO,-3.5,224.5,114.0,28,7.5,22.2,47.5,PF/C,3700,1.0,20.0,22.0,105,110,6%,9,7,6,20,20,17,22.2,19.3,7.1,31.5,25.8,41.3,11.2,21.5,5.81,20.3,18.0,5.5,20.9,5.654999999999999,19.0,7.333333333333333,20.2,25.733333333333334,19.799999999999997
26,7,John Henson,0.0,CLE,LAL,14.5,221.5,103.5,7,5.5,17.2,26.8,C,3500,1.0,0.0,0.0,103,102,-7%,5,4,4,19,14,13,17.2,14.5,6.5,22.4,9.0,7.8,2.2,14.0,4.0,0.0,0.0,0.0,7.0,2.0,15.333333333333334,4.333333333333333,13.52,16.5,0.0
28,0,Dennis Schroder,0.0,OKC,MIN,-1.5,218.0,109.8,18,23.3,27.0,31.0,PG/SG,5400,1.0,27.0,16.0,106,107,3%,13,14,15,31,33,31,27.4,29.9,20.6,39.2,29.1,19.3,3.6,31.5,5.83,30.9,31.0,5.7,31.2,5.765000000000001,31.666666666666668,14.0,29.659999999999997,27.099999999999998,30.54315789473684
28,1,Shai Gilgeous-Alexander,0.0,OKC,MIN,-1.5,218.0,109.8,18,28.3,32.2,38.0,PG/SG,6300,1.0,24.0,17.0,106,107,2%,16,15,16,33,35,36,32.1,34.0,24.3,43.7,36.4,66.5,10.6,34.8,5.52,34.9,35.5,5.5,34.849999999999994,5.51,34.666666666666664,15.666666666666666,33.79,32.833333333333336,35.68774038461538
28,2,Trevor Ariza,0.0,SAC,ORL,-2.0,212.0,107.0,23,16.8,27.4,36.0,SF/PF,4400,2.0,12.0,10.0,100,103,-8%,8,7,5,31,31,26,27.4,17.9,8.3,27.5,28.8,8.3,1.9,21.5,4.89,21.2,31.0,4.8,21.35,4.845,29.333333333333332,6.666666666666667,20.49,26.733333333333334,22.563068181818185
28,3,Jaylen Brown,0.0,BOS,CHI,-10.5,216.0,113.3,19,16.8,26.8,40.0,SG/SF,6300,1.0,24.0,18.0,102,105,-3%,14,15,15,32,32,34,26.8,35.2,25.2,45.2,30.3,31.3,5.0,32.8,5.2,34.5,34.0,5.5,33.65,5.35,32.666666666666664,14.666666666666666,33.21,27.866666666666664,35.02346938775511
28,4,Brandon Knight,0.0,CLE,LAL,14.5,221.5,103.5,21,5.0,14.5,25.5,PG/SG,3300,1.0,0.0,0.0,103,102,-2%,7,6,5,21,18,14,13.5,10.7,2.6,18.8,12.3,3.3,1.0,9.0,2.73,12.7,16.0,3.8,10.85,3.2649999999999997,17.666666666666668,6.0,11.290000000000001,15.0,9.826415094339621
28,5,Kris Dunn,0.0,CHI,BOS,10.5,216.0,102.8,28,11.0,24.7,41.0,PG/SF,5100,1.0,16.0,12.0,102,103,-7%,8,8,7,31,31,25,24.7,21.3,12.8,29.8,30.0,16.3,3.2,24.8,4.85,24.5,31.0,4.8,24.65,4.824999999999999,29.0,7.666666666666667,22.65,25.566666666666666,26.349999999999998
28,6,Markieff Morris,0.0,DET,NO,-3.5,224.5,114.0,28,7.8,19.6,37.5,PF/C,4100,1.0,21.0,13.0,105,110,6%,6,9,9,11,23,23,19.4,19.8,11.4,28.2,18.2,10.0,2.4,19.3,4.7,15.7,17.0,3.8,17.5,4.25,19.0,8.0,19.26,21.633333333333336,15.657894736842104
28,7,Tobias Harris,0.0,PHI,IND,2.0,213.5,105.8,2,15.0,30.2,36.5,SF/PF,6600,1.0,24.0,17.0,101,105,-17%,20,18,16,35,37,35,33.8,36.0,27.0,45.0,39.3,35.8,5.4,33.0,5.0,36.0,35.0,5.5,34.5,5.25,35.666666666666664,18.0,35.260000000000005,27.233333333333334,33.85514018691589
30,0,Marcus Smart,0.0,BOS,CHI,-10.5,216.0,113.3,4,16.5,24.2,34.8,PG/SG,5200,1.0,19.0,13.0,102,105,-13%,9,10,11,26,29,31,23.8,27.5,19.1,35.9,33.4,36.8,7.1,25.0,4.81,24.5,29.5,4.7,24.75,4.755,28.666666666666668,10.0,26.209999999999997,25.166666666666668,25.469476744186046
30,1,Gary Trent Jr.,0.0,POR,CHA,-9.5,215.5,112.5,4,6.0,10.7,24.5,SG,3200,1.0,14.0,9.0,99,111,0%,7,6,4,21,18,13,10.7,8.0,1.4,14.5,21.6,16.0,5.0,10.0,3.13,10.5,17.5,3.3,10.25,3.215,17.333333333333332,5.666666666666667,8.97,13.733333333333334,10.348557692307692
30,2,Goga Bitadze,0.0,IND,PHI,-2.0,213.5,107.8,5,2.8,6.7,12.3,PF/C,3000,2.0,15.0,12.0,102,104,-10%,2,2,3,9,7,10,6.7,8.5,-0.3,17.3,4.2,4.3,1.4,3.5,1.17,0.0,0.0,0.0,1.75,0.585,8.666666666666666,2.3333333333333335,6.790000000000001,7.266666666666667,0.0
30,3,Jeremy Lamb,0.0,IND,PHI,-2.0,213.5,107.8,1,7.3,27.2,45.0,SG/SF,5000,2.0,20.0,15.0,102,104,-5%,11,11,12,30,29,31,31.4,28.3,20.5,36.1,22.6,12.5,2.5,24.5,4.9,24.6,26.5,4.9,24.55,4.9,30.0,11.333333333333334,28.170000000000005,26.5,21.685833333333335
30,4,Quinn Cook,0.0,LAL,CLE,-14.5,221.5,118.0,26,0.0,7.3,20.8,PG,3000,1.0,20.0,10.0,101,113,6%,7,4,5,11,9,13,7.3,8.9,0.3,17.4,20.4,16.0,5.3,2.8,0.92,10.9,12.5,3.6,6.85,2.2600000000000002,11.0,5.333333333333333,8.149999999999999,9.366666666666667,7.784090909090908
30,5,Sekou Doumbouya,0.0,DET,NO,-3.5,224.5,114.0,27,13.3,22.5,40.0,SF/PF,4900,1.0,0.0,0.0,105,110,6%,8,9,5,24,31,16,22.4,11.9,-0.7,24.6,34.5,32.0,6.5,23.0,4.69,24.5,29.5,5.0,23.75,4.845000000000001,23.666666666666668,7.333333333333333,16.389999999999997,25.266666666666666,29.603873239436616
30,6,Noah Vonleh,0.0,MIN,OKC,1.5,218.0,108.3,11,7.0,15.1,29.3,PF/C,3100,1.0,14.0,16.0,101,105,-12%,3,3,3,9,13,13,15.1,12.1,5.7,18.6,11.6,8.5,2.7,7.3,2.34,9.9,10.0,3.2,8.6,2.77,11.666666666666666,3.0,12.02,17.133333333333336,7.371428571428571
30,7,Evan Fournier,0.0,ORL,SAC,2.0,212.0,105.0,28,20.3,28.2,39.3,SG/SF,6200,2.0,25.0,18.0,100,108,4%,16,13,14,30,31,31,28.1,30.0,21.9,38.1,36.6,36.0,5.8,29.8,4.8,31.9,33.0,5.1,30.85,4.949999999999999,30.666666666666668,14.333333333333334,29.79,29.266666666666666,33.19728260869566
31,0,Brandon Knight,0.0,CLE,LAL,14.5,221.5,103.5,21,5.0,14.5,25.5,PG/SG,3300,1.0,0.0,0.0,103,102,-2%,7,6,5,21,18,14,13.5,10.7,2.6,18.8,12.3,3.3,1.0,9.0,2.73,12.7,16.0,3.8,10.85,3.2649999999999997,17.666666666666668,6.0,11.290000000000001,15.0,9.826415094339621
31,1,Svi Mykhailiuk,0.0,DET,NO,-3.5,224.5,114.0,10,5.5,19.9,24.8,SG/SF,3200,1.0,16.0,10.0,105,110,6%,7,9,6,29,31,20,19.9,13.1,5.0,21.2,34.5,27.0,8.4,19.3,6.02,20.9,29.5,6.5,20.1,6.26,26.666666666666668,7.333333333333333,15.860000000000003,16.733333333333334,22.235625000000002
31,2,Gordon Hayward,0.0,BOS,CHI,-10.5,216.0,113.3,29,12.5,29.4,36.3,SF/PF,6200,1.0,21.0,19.0,102,105,1%,11,12,13,32,33,33,29.4,33.2,22.2,44.3,30.1,27.0,4.4,35.0,5.65,34.6,33.5,5.6,34.8,5.625,32.666666666666664,12.0,32.779999999999994,26.066666666666663,35.68775510204081
31,3,Robert Covington,0.0,MIN,OKC,1.5,218.0,108.3,21,29.0,35.6,47.0,SF/PF,5700,1.0,17.0,14.0,101,105,-2%,11,12,10,26,29,29,35.5,27.7,18.8,36.6,30.1,35.0,6.1,28.8,5.04,29.8,31.0,5.2,29.3,5.12,28.0,11.0,29.580000000000002,37.199999999999996,32.43928571428572
31,4,Derrick Rose,0.0,DET,NO,-3.5,224.5,114.0,20,28.0,36.6,43.3,PG/SG,6700,1.0,33.0,22.0,105,110,6%,18,18,15,32,31,26,36.5,31.4,23.5,39.3,36.5,40.5,6.0,33.3,4.96,38.0,29.0,5.7,35.65,5.33,29.666666666666668,17.0,33.269999999999996,35.96666666666666,34.848876404494376
31,5,Kent Bazemore,0.0,POR,CHA,-9.5,215.5,112.5,4,8.3,16.3,22.0,SG/SF,3600,1.0,16.0,7.0,99,111,0%,8,8,8,29,31,26,16.3,18.4,11.2,25.6,30.1,19.3,5.4,22.8,6.32,20.9,30.0,5.8,21.85,6.0600000000000005,28.666666666666668,8.0,18.669999999999998,15.533333333333333,22.86627906976744
31,6,Al Horford,0.0,PHI,IND,2.0,213.5,105.8,20,14.3,27.7,42.0,PF/C,6800,1.0,19.0,16.0,101,105,-6%,14,11,12,33,33,31,27.6,30.6,21.6,39.7,35.5,33.0,4.9,32.3,4.74,35.7,32.5,5.3,34.0,5.02,32.333333333333336,12.333333333333334,30.7,28.0,34.17525773195876
31,7,Dewayne Dedmon,0.0,SAC,ORL,-2.0,212.0,107.0,13,0.3,8.7,26.5,C,4000,2.0,19.0,8.0,100,103,-8%,7,4,5,22,12,14,8.7,11.9,4.6,19.1,4.3,5.8,1.4,17.8,4.44,10.3,11.0,2.6,14.05,3.5200000000000005,16.0,5.333333333333333,11.670000000000002,11.833333333333334,9.659375
32,0,Dennis Schroder,0.0,OKC,MIN,-1.5,218.0,109.8,18,23.3,27.0,31.0,PG/SG,5400,1.0,27.0,16.0,106,107,3%,13,14,15,31,33,31,27.4,29.9,20.6,39.2,29.1,19.3,3.6,31.5,5.83,30.9,31.0,5.7,31.2,5.765000000000001,31.666666666666668,14.0,29.659999999999997,27.099999999999998,30.54315789473684
32,1,Josh Richardson,0.0,PHI,IND,2.0,213.5,105.8,16,18.0,30.3,42.8,SG/SF,6500,1.0,22.0,13.0,101,105,-17%,15,14,13,34,35,33,30.3,29.0,20.5,37.5,35.5,32.5,5.0,30.0,4.62,31.5,34.5,4.8,30.75,4.71,34.0,14.0,29.610000000000003,30.366666666666664,31.202205882352942
32,2,Luke Kornet,0.0,CHI,BOS,10.5,216.0,102.8,26,3.5,10.7,33.5,PF/C,3000,1.0,0.0,0.0,102,103,-2%,7,3,3,18,9,9,10.7,7.8,0.2,15.3,21.9,7.8,2.6,16.3,5.42,13.9,15.5,4.6,15.100000000000001,5.01,12.0,4.333333333333333,9.82,15.9,19.50416666666667
32,3,Gordon Hayward,0.0,BOS,CHI,-10.5,216.0,113.3,29,12.5,29.4,36.3,SF/PF,6200,1.0,21.0,19.0,102,105,1%,11,12,13,32,33,33,29.4,33.2,22.2,44.3,30.1,27.0,4.4,35.0,5.65,34.6,33.5,5.6,34.8,5.625,32.666666666666664,12.0,32.779999999999994,26.066666666666663,35.68775510204081
32,4,Kemba Walker,0.0,BOS,CHI,-10.5,216.0,113.3,4,14.8,34.9,46.5,PG,7200,1.0,29.0,22.0,102,105,-13%,16,18,18,31,32,33,37.5,39.7,28.9,50.6,27.6,26.5,3.7,37.5,5.21,36.8,33.0,5.1,37.15,5.154999999999999,32.0,17.333333333333332,38.77,32.06666666666667,38.3109375
32,5,Jaylen Brown,0.0,BOS,CHI,-10.5,216.0,113.3,19,16.8,26.8,40.0,SG/SF,6300,1.0,24.0,18.0,102,105,-3%,14,15,15,32,32,34,26.8,35.2,25.2,45.2,30.3,31.3,5.0,32.8,5.2,34.5,34.0,5.5,33.65,5.35,32.666666666666664,14.666666666666666,33.21,27.866666666666664,35.02346938775511
32,6,PJ Washington,0.0,CHA,POR,9.5,215.5,103.0,12,10.8,23.6,39.5,PF/C,5000,0.0,18.0,13.0,104,109,2%,6,8,10,26,32,31,24.0,25.8,17.1,34.6,32.6,48.8,9.8,26.0,5.2,26.1,32.0,5.2,26.05,5.2,29.666666666666668,8.0,25.509999999999998,24.633333333333336,28.09887640449438
32,7,De'Aaron Fox,0.0,SAC,ORL,-2.0,212.0,107.0,3,29.8,45.3,59.5,PG,7400,2.0,30.0,19.0,100,103,-3%,21,18,15,37,34,32,45.3,38.1,27.0,49.2,37.4,60.5,8.2,41.0,5.54,42.4,35.0,5.7,41.7,5.62,34.333333333333336,18.0,40.260000000000005,44.86666666666667,42.509708737864074
33,0,Malik Monk,0.0,CHA,POR,9.5,215.5,103.0,10,3.0,9.2,24.8,PG/SG,3500,0.0,22.0,11.0,104,109,-3%,6,5,8,19,17,20,9.8,16.4,6.4,26.5,7.8,0.8,0.2,14.8,4.21,12.6,14.5,3.6,13.7,3.9050000000000002,18.666666666666668,6.333333333333333,14.559999999999999,12.333333333333334,10.641964285714286
33,1,CJ McCollum,0.0,POR,CHA,-9.5,215.5,112.5,15,20.5,30.7,40.0,PG/SG,6100,1.0,26.0,17.0,99,111,0%,19,19,20,35,35,37,34.4,36.7,25.6,47.9,36.6,42.0,6.9,36.3,5.94,36.2,36.0,5.9,36.25,5.92,35.666666666666664,19.333333333333332,36.17,30.400000000000002,36.58878504672897
33,2,Khem Birch,0.0,ORL,SAC,2.0,212.0,105.0,14,0.8,14.0,32.8,PF/C,4300,2.0,9.0,11.0,100,108,-6%,4,2,3,29,22,24,13.9,15.9,7.3,24.4,23.1,6.8,1.6,14.5,3.37,17.4,23.0,4.0,15.95,3.685,25.0,3.0,15.49,15.866666666666665,14.674
33,3,Jayson Tatum,0.0,BOS,CHI,-10.5,216.0,113.3,29,25.8,40.5,63.5,SF/PF,7700,1.0,27.0,18.0,102,105,1%,18,17,18,33,33,35,40.9,38.6,27.6,49.7,29.7,38.0,4.9,39.0,5.06,41.5,35.0,5.4,40.25,5.23,33.666666666666664,17.666666666666668,39.41,43.26666666666667,41.8440594059406
33,4,Andrew Wiggins,0.0,MIN,OKC,1.5,218.0,108.3,14,15.8,30.9,42.0,SG/SF,6900,1.0,29.0,17.0,101,105,-2%,14,19,20,30,34,35,34.5,39.2,30.3,48.0,31.3,19.3,2.8,33.5,4.86,36.3,33.0,5.3,34.9,5.08,33.0,17.666666666666668,37.38,29.566666666666666,34.9
33,5,Jared Dudley,0.0,LAL,CLE,-14.5,221.5,118.0,5,0.0,3.9,12.5,SF/PF,3000,1.0,0.0,0.0,101,113,0%,2,1,1,15,7,8,3.3,4.4,-0.7,9.5,17.0,12.5,4.2,12.3,4.08,8.9,13.5,3.0,10.600000000000001,3.54,10.0,1.3333333333333333,5.42,5.466666666666666,14.31
33,6,Marvin Bagley III,0.0,SAC,ORL,-2.0,212.0,107.0,2,19.5,26.3,32.3,PF/C,5800,2.0,0.0,0.0,100,103,-1%,11,11,12,21,24,24,26.3,25.7,20.8,30.6,23.2,29.0,5.0,21.3,3.66,23.8,21.5,4.1,22.55,3.88,23.0,11.333333333333334,25.189999999999998,26.03333333333333,21.079347826086956
33,7,Dwight Howard,0.0,LAL,CLE,-14.5,221.5,118.0,30,6.8,26.5,38.5,C,4700,1.0,14.0,18.0,101,113,3%,6,5,4,26,21,20,25.4,20.6,11.8,29.3,24.9,44.3,9.4,21.3,4.52,28.5,24.0,6.1,24.9,5.31,22.333333333333332,5.0,22.4,23.933333333333334,26.75820895522388
34,0,Kemba Walker,0.0,BOS,CHI,-10.5,216.0,113.3,4,14.8,34.9,46.5,PG,7200,1.0,29.0,22.0,102,105,-13%,16,18,18,31,32,33,37.5,39.7,28.9,50.6,27.6,26.5,3.7,37.5,5.21,36.8,33.0,5.1,37.15,5.154999999999999,32.0,17.333333333333332,38.77,32.06666666666667,38.3109375
34,1,Furkan Korkmaz,0.0,PHI,IND,2.0,213.5,105.8,16,8.3,11.9,13.8,SG/SF,3100,1.0,16.0,11.0,101,105,-1%,6,6,7,15,16,20,11.8,14.0,6.3,21.7,23.2,11.5,3.7,12.0,3.87,11.6,15.0,3.7,11.8,3.785,17.0,6.333333333333333,13.12,11.333333333333334,10.411764705882355
34,2,Khem Birch,0.0,ORL,SAC,2.0,212.0,105.0,14,0.8,14.0,32.8,PF/C,4300,2.0,9.0,11.0,100,108,-6%,4,2,3,29,22,24,13.9,15.9,7.3,24.4,23.1,6.8,1.6,14.5,3.37,17.4,23.0,4.0,15.95,3.685,25.0,3.0,15.49,15.866666666666665,14.674
34,3,T.J. Warren,0.0,IND,PHI,-2.0,213.5,107.8,14,9.0,31.7,50.3,SF/PF,5900,2.0,22.0,16.0,102,104,-3%,10,15,14,26,32,33,31.7,27.9,17.4,38.5,37.3,32.3,5.5,26.3,4.45,26.1,30.5,4.4,26.200000000000003,4.425000000000001,30.333333333333332,13.0,28.339999999999996,30.333333333333332,26.343956043956048
34,4,Ben Simmons,0.0,PHI,IND,2.0,213.5,105.8,27,35.3,48.3,77.3,PG/SF,8200,1.0,22.0,19.0,101,105,0%,13,14,11,38,38,36,48.6,43.1,32.8,53.4,40.3,48.5,5.9,44.0,5.37,44.8,37.0,5.5,44.4,5.4350000000000005,37.333333333333336,12.666666666666666,44.459999999999994,53.633333333333326,44.003571428571426
34,5,Svi Mykhailiuk,0.0,DET,NO,-3.5,224.5,114.0,10,5.5,19.9,24.8,SG/SF,3200,1.0,16.0,10.0,105,110,6%,7,9,6,29,31,20,19.9,13.1,5.0,21.2,34.5,27.0,8.4,19.3,6.02,20.9,29.5,6.5,20.1,6.26,26.666666666666668,7.333333333333333,15.860000000000003,16.733333333333334,22.235625000000002
34,6,Norvel Pelle,0.0,PHI,IND,2.0,213.5,105.8,6,0.0,8.3,16.5,C,3200,1.0,0.0,0.0,101,105,2%,4,2,2,14,9,10,7.8,10.0,2.4,17.6,12.5,8.5,2.7,11.8,3.67,12.8,13.0,4.0,12.3,3.835,11.0,2.6666666666666665,10.020000000000001,8.266666666666667,14.536363636363635
34,7,Jaxson Hayes,0.0,NO,DET,3.5,224.5,110.5,27,4.3,25.3,39.0,C,4600,1.0,15.0,18.0,101,110,6%,11,7,5,28,22,21,25.3,20.1,11.4,28.8,18.6,15.5,3.4,26.5,5.76,24.6,26.0,5.3,25.55,5.529999999999999,23.666666666666668,7.666666666666667,22.23,22.866666666666664,28.069014084507042
35,0,Marcus Smart,0.0,BOS,CHI,-10.5,216.0,113.3,4,16.5,24.2,34.8,PG/SG,5200,1.0,19.0,13.0,102,105,-13%,9,10,11,26,29,31,23.8,27.5,19.1,35.9,33.4,36.8,7.1,25.0,4.81,24.5,29.5,4.7,24.75,4.755,28.666666666666668,10.0,26.209999999999997,25.166666666666668,25.469476744186046
35,1,Langston Galloway,0.0,DET,NO,-3.5,224.5,114.0,20,3.5,13.9,30.8,PG/SG,3300,1.0,16.0,13.0,105,110,0%,6,6,8,19,20,25,13.9,17.7,10.3,25.0,31.1,16.3,4.9,14.8,4.47,14.0,19.0,4.2,14.4,4.335,21.333333333333332,6.666666666666667,16.26,16.066666666666666,12.825000000000001
35,2,Sekou Doumbouya,0.0,DET,NO,-3.5,224.5,114.0,27,13.3,22.5,40.0,SF/PF,4900,1.0,0.0,0.0,105,110,6%,8,9,5,24,31,16,22.4,11.9,-0.7,24.6,34.5,32.0,6.5,23.0,4.69,24.5,29.5,5.0,23.75,4.845000000000001,23.666666666666668,7.333333333333333,16.389999999999997,25.266666666666666,29.603873239436616
35,3,Jaylen Hoard,0.0,POR,CHA,-9.5,215.5,112.5,30,0.0,7.4,16.5,SF/PF,3000,1.0,0.0,0.0,99,111,11%,7,4,2,17,9,6,7.4,5.7,0.0,11.4,9.1,4.3,1.4,13.0,4.33,0.0,0.0,0.0,6.5,2.165,10.666666666666666,4.333333333333333,6.2,7.966666666666666,0.0
35,4,Kris Dunn,0.0,CHI,BOS,10.5,216.0,102.8,28,11.0,24.7,41.0,PG/SF,5100,1.0,16.0,12.0,102,103,-7%,8,8,7,31,31,25,24.7,21.3,12.8,29.8,30.0,16.3,3.2,24.8,4.85,24.5,31.0,4.8,24.65,4.824999999999999,29.0,7.666666666666667,22.65,25.566666666666666,26.349999999999998
35,5,Zylan Cheatham,0.0,NO,DET,3.5,224.5,110.5,1,0.0,3.4,6.8,SF/PF,3000,1.0,0.0,0.0,101,110,6%,2,2,2,10,10,10,3.4,3.4,-1.4,8.1,10.9,8.3,2.8,2.0,0.67,0.0,0.0,0.0,1.0,0.335,10.0,2.0,2.8999999999999995,3.4,0.0
35,6,Enes Kanter,0.0,BOS,CHI,-10.5,216.0,113.3,15,11.8,28.7,48.3,C,5400,1.0,20.0,25.0,102,105,11%,10,9,7,20,20,20,28.7,26.0,16.2,35.8,26.4,27.8,5.1,30.3,5.6,34.0,25.5,6.3,32.15,5.949999999999999,20.0,8.666666666666666,27.77,29.599999999999998,40.99125
35,7,Aaron Holiday,0.0,IND,PHI,-2.0,213.5,107.8,23,17.5,25.8,35.3,PG/SG,5200,2.0,22.0,14.0,102,104,-7%,12,11,10,29,28,25,25.8,22.8,11.7,33.8,20.7,14.3,2.8,18.5,3.56,20.1,24.0,3.9,19.3,3.73,27.333333333333332,11.0,22.68,26.2,16.946341463414637
36,0,Brad Wanamaker,0.0,BOS,CHI,-10.5,216.0,113.3,4,4.8,12.4,18.5,PG/SG,3000,1.0,17.0,12.0,102,105,-13%,5,4,5,18,19,20,12.3,15.9,10.1,21.7,24.2,16.3,5.4,12.3,4.08,11.8,15.5,3.9,12.05,3.99,19.0,4.666666666666667,14.410000000000002,11.9,9.830263157894738
36,1,Evan Fournier,0.0,ORL,SAC,2.0,212.0,105.0,28,20.3,28.2,39.3,SG/SF,6200,2.0,25.0,18.0,100,108,4%,16,13,14,30,31,31,28.1,30.0,21.9,38.1,36.6,36.0,5.8,29.8,4.8,31.9,33.0,5.1,30.85,4.949999999999999,30.666666666666668,14.333333333333334,29.79,29.266666666666666,33.19728260869566
36,2,Thon Maker,0.0,DET,NO,-3.5,224.5,114.0,28,3.0,10.7,23.5,PF/C,3600,1.0,15.0,12.0,105,110,0%,5,3,3,18,12,11,10.7,8.8,2.1,15.4,4.7,2.0,0.6,6.3,1.74,0.0,0.0,0.0,3.15,0.87,13.666666666666666,3.6666666666666665,8.03,12.4,0.0
36,3,Carmelo Anthony,0.0,POR,CHA,-9.5,215.5,112.5,30,10.5,27.8,44.3,SF/PF,5400,1.0,22.0,14.0,99,111,11%,14,13,15,28,32,33,27.8,29.3,19.0,39.7,36.6,38.0,7.0,31.0,5.74,32.3,34.5,6.0,31.65,5.87,31.0,14.0,29.490000000000002,27.53333333333333,35.223387096774196
36,4,Bruce Brown,0.0,DET,NO,-3.5,224.5,114.0,20,19.8,28.9,46.5,PG/SF,6100,1.0,17.0,12.0,105,110,0%,11,10,8,36,31,28,28.9,23.7,13.3,34.1,20.8,27.3,4.5,25.3,4.14,26.9,31.5,4.4,26.1,4.27,31.666666666666668,9.666666666666666,25.22,31.733333333333334,25.96263157894737
36,5,Jeremy Lamb,0.0,IND,PHI,-2.0,213.5,107.8,1,7.3,27.2,45.0,SG/SF,5000,2.0,20.0,15.0,102,104,-5%,11,11,12,30,29,31,31.4,28.3,20.5,36.1,22.6,12.5,2.5,24.5,4.9,24.6,26.5,4.9,24.55,4.9,30.0,11.333333333333334,28.170000000000005,26.5,21.685833333333335
36,6,Steven Adams,0.0,OKC,MIN,-1.5,218.0,109.8,8,29.0,38.4,49.3,C,6400,1.0,18.0,22.0,106,107,-1%,9,9,8,27,31,29,38.4,32.7,23.5,41.9,28.9,42.8,6.7,37.5,5.86,35.8,31.5,5.6,36.65,5.73,29.0,8.666666666666666,34.63,38.9,39.80948275862069
36,7,Thaddeus Young,0.0,CHI,BOS,10.5,216.0,102.8,4,8.0,23.2,35.0,SF/PF,5100,1.0,20.0,12.0,102,103,-2%,5,9,9,22,27,22,23.2,19.7,12.1,27.4,24.4,21.0,4.1,22.0,4.31,21.6,23.5,4.2,21.8,4.255,23.666666666666668,7.666666666666667,20.839999999999996,22.066666666666666,21.646478873239438
37,0,Raul Neto,0.0,PHI,IND,2.0,213.5,105.8,27,3.5,5.5,8.8,PG,3000,1.0,17.0,12.0,101,105,0%,2,2,3,3,4,11,4.1,8.2,0.9,15.5,3.6,7.0,2.3,5.0,1.67,0.0,0.0,0.0,2.5,0.835,6.0,2.3333333333333335,6.239999999999999,5.933333333333334,0.0
37,1,Evan Fournier,0.0,ORL,SAC,2.0,212.0,105.0,28,20.3,28.2,39.3,SG/SF,6200,2.0,25.0,18.0,100,108,4%,16,13,14,30,31,31,28.1,30.0,21.9,38.1,36.6,36.0,5.8,29.8,4.8,31.9,33.0,5.1,30.85,4.949999999999999,30.666666666666668,14.333333333333334,29.79,29.266666666666666,33.19728260869566
37,2,Naz Reid,0.0,MIN,OKC,1.5,218.0,108.3,11,11.0,18.9,25.0,PF/C,3100,1.0,0.0,0.0,101,105,2%,10,9,8,17,15,13,18.9,15.6,7.1,24.2,18.4,26.8,8.6,15.0,4.84,13.9,13.0,4.5,14.45,4.67,15.0,9.0,16.05,18.3,12.523333333333332
37,3,Tobias Harris,0.0,PHI,IND,2.0,213.5,105.8,2,15.0,30.2,36.5,SF/PF,6600,1.0,24.0,17.0,101,105,-17%,20,18,16,35,37,35,33.8,36.0,27.0,45.0,39.3,35.8,5.4,33.0,5.0,36.0,35.0,5.5,34.5,5.25,35.666666666666664,18.0,35.260000000000005,27.233333333333334,33.85514018691589
37,4,E'Twaun Moore,0.0,NO,DET,3.5,224.5,110.5,27,12.5,19.9,27.3,SG/SF,4500,1.0,21.0,13.0,101,110,-4%,11,10,10,23,23,21,20.2,19.2,10.7,27.8,36.6,28.8,6.4,31.5,7.0,30.7,33.0,6.8,31.1,6.9,22.333333333333332,10.333333333333334,21.8,19.900000000000002,45.95373134328359
37,5,Mike Muscala,0.0,OKC,MIN,-1.5,218.0,109.8,19,6.3,12.3,19.5,PF/C,3000,1.0,16.0,8.0,106,107,-2%,4,4,4,16,14,11,12.3,8.3,1.7,14.9,19.1,21.8,7.3,11.8,3.92,11.6,13.5,3.9,11.7,3.91,13.666666666666666,4.0,9.780000000000001,12.700000000000001,11.557317073170731
37,6,Noah Vonleh,0.0,MIN,OKC,1.5,218.0,108.3,11,7.0,15.1,29.3,PF/C,3100,1.0,14.0,16.0,101,105,-12%,3,3,3,9,13,13,15.1,12.1,5.7,18.6,11.6,8.5,2.7,7.3,2.34,9.9,10.0,3.2,8.6,2.77,11.666666666666666,3.0,12.02,17.133333333333336,7.371428571428571
37,7,Robert Covington,0.0,MIN,OKC,1.5,218.0,108.3,21,29.0,35.6,47.0,SF/PF,5700,1.0,17.0,14.0,101,105,-2%,11,12,10,26,29,29,35.5,27.7,18.8,36.6,30.1,35.0,6.1,28.8,5.04,29.8,31.0,5.2,29.3,5.12,28.0,11.0,29.580000000000002,37.199999999999996,32.43928571428572
39,0,Dennis Schroder,0.0,OKC,MIN,-1.5,218.0,109.8,18,23.3,27.0,31.0,PG/SG,5400,1.0,27.0,16.0,106,107,3%,13,14,15,31,33,31,27.4,29.9,20.6,39.2,29.1,19.3,3.6,31.5,5.83,30.9,31.0,5.7,31.2,5.765000000000001,31.666666666666668,14.0,29.659999999999997,27.099999999999998,30.54315789473684
39,1,Terrance Ferguson,0.0,OKC,MIN,-1.5,218.0,109.8,9,8.3,11.7,16.8,SG/SF,3200,1.0,9.0,4.0,106,107,2%,3,6,5,23,27,27,11.7,11.0,5.3,16.7,28.2,20.3,6.3,12.5,3.91,12.2,26.5,3.8,12.35,3.855,25.666666666666668,4.666666666666667,11.41,12.266666666666666,12.750974025974026
39,2,Mike Scott,0.0,PHI,IND,2.0,213.5,105.8,2,6.5,12.5,21.0,SF/PF,3600,1.0,13.0,10.0,101,105,-6%,9,7,6,25,19,19,12.4,12.5,5.9,19.0,18.2,12.0,3.3,16.5,4.58,16.8,24.5,4.7,16.65,4.640000000000001,21.0,7.333333333333333,13.289999999999997,13.333333333333334,19.425
39,3,Zylan Cheatham,0.0,NO,DET,3.5,224.5,110.5,1,0.0,3.4,6.8,SF/PF,3000,1.0,0.0,0.0,101,110,6%,2,2,2,10,10,10,3.4,3.4,-1.4,8.1,10.9,8.3,2.8,2.0,0.67,0.0,0.0,0.0,1.0,0.335,10.0,2.0,2.8999999999999995,3.4,0.0
39,4,Terry Rozier,0.0,CHA,POR,9.5,215.5,103.0,10,12.0,36.2,50.5,PG/SG,7100,0.0,25.0,16.0,104,109,6%,12,16,16,30,37,35,35.8,32.8,21.7,43.9,38.6,39.8,5.6,35.0,4.93,33.5,36.0,4.7,34.25,4.8149999999999995,34.0,14.666666666666666,33.69,32.9,36.26470588235294
39,5,Buddy Hield,0.0,SAC,ORL,-2.0,212.0,107.0,17,23.3,35.1,47.5,SG/SF,6300,2.0,27.0,15.0,100,103,2%,17,17,18,35,36,35,37.4,35.3,25.1,45.5,37.8,35.3,5.6,35.8,5.67,36.1,34.5,5.7,35.95,5.6850000000000005,35.333333333333336,17.333333333333332,35.85,35.300000000000004,35.10212264150943
39,6,Dwight Howard,0.0,LAL,CLE,-14.5,221.5,118.0,30,6.8,26.5,38.5,C,4700,1.0,14.0,18.0,101,113,3%,6,5,4,26,21,20,25.4,20.6,11.8,29.3,24.9,44.3,9.4,21.3,4.52,28.5,24.0,6.1,24.9,5.31,22.333333333333332,5.0,22.4,23.933333333333334,26.75820895522388
39,7,Matisse Thybulle,0.0,PHI,IND,2.0,213.5,105.8,16,2.0,9.3,14.0,SG/SF,3000,1.0,12.0,10.0,101,105,0%,4,4,4,19,17,18,9.3,12.2,3.0,21.4,27.8,17.8,5.9,13.3,4.42,13.8,19.5,4.6,13.55,4.51,18.0,4.0,11.89,8.433333333333334,14.679166666666667
40,0,Devonte' Graham,0.0,CHA,POR,9.5,215.5,103.0,10,13.5,35.5,54.0,PG,7300,0.0,27.0,16.0,104,109,6%,17,15,16,39,39,35,40.1,38.6,28.7,48.6,36.1,52.3,7.2,38.8,5.31,38.0,36.0,5.2,38.4,5.255,37.666666666666664,16.0,38.88,34.333333333333336,36.700884955752215
40,1,Terrance Ferguson,0.0,OKC,MIN,-1.5,218.0,109.8,9,8.3,11.7,16.8,SG/SF,3200,1.0,9.0,4.0,106,107,2%,3,6,5,23,27,27,11.7,11.0,5.3,16.7,28.2,20.3,6.3,12.5,3.91,12.2,26.5,3.8,12.35,3.855,25.666666666666668,4.666666666666667,11.41,12.266666666666666,12.750974025974026
40,2,Noah Vonleh,0.0,MIN,OKC,1.5,218.0,108.3,11,7.0,15.1,29.3,PF/C,3100,1.0,14.0,16.0,101,105,-12%,3,3,3,9,13,13,15.1,12.1,5.7,18.6,11.6,8.5,2.7,7.3,2.34,9.9,10.0,3.2,8.6,2.77,11.666666666666666,3.0,12.02,17.133333333333336,7.371428571428571
40,3,Kyle Kuzma,0.0,LAL,CLE,-14.5,221.5,118.0,5,11.0,27.3,46.3,SF/PF,5900,1.0,23.0,13.0,101,113,2%,23,15,11,37,27,25,27.3,21.3,11.2,31.5,25.7,18.8,3.2,23.0,3.9,33.7,34.0,5.7,28.35,4.8,29.666666666666668,16.333333333333332,23.93,28.2,32.49101123595506
40,4,Tomas Satoransky,0.0,CHI,BOS,10.5,216.0,102.8,28,12.5,25.0,41.8,PG/SF,5300,1.0,18.0,14.0,102,103,-7%,9,9,8,32,33,29,25.0,25.8,15.8,35.7,25.9,24.8,4.7,26.3,4.95,26.6,32.5,5.0,26.450000000000003,4.975,31.333333333333332,8.666666666666666,25.75,26.433333333333334,27.43484042553192
40,5,Danny Green,0.0,LAL,CLE,-14.5,221.5,118.0,5,12.3,22.0,45.8,SG/SF,4100,1.0,14.0,12.0,101,113,10%,6,8,7,24,25,25,22.0,18.9,9.9,28.0,23.4,26.0,6.3,19.5,4.76,20.3,24.0,5.0,19.9,4.88,24.666666666666668,7.0,19.740000000000002,26.7,19.362162162162157
40,6,Myles Turner,0.0,IND,PHI,-2.0,213.5,107.8,24,24.8,34.8,56.0,C,7000,2.0,18.0,15.0,102,104,-10%,14,12,10,31,33,30,34.8,28.5,18.6,38.5,33.3,35.5,5.1,28.5,4.07,27.9,30.5,4.0,28.2,4.035,31.333333333333332,12.0,29.72,38.53333333333333,27.45
40,7,Marcus Smart,0.0,BOS,CHI,-10.5,216.0,113.3,4,16.5,24.2,34.8,PG/SG,5200,1.0,19.0,13.0,102,105,-13%,9,10,11,26,29,31,23.8,27.5,19.1,35.9,33.4,36.8,7.1,25.0,4.81,24.5,29.5,4.7,24.75,4.755,28.666666666666668,10.0,26.209999999999997,25.166666666666668,25.469476744186046
41,0,Devonte' Graham,0.0,CHA,POR,9.5,215.5,103.0,10,13.5,35.5,54.0,PG,7300,0.0,27.0,16.0,104,109,6%,17,15,16,39,39,35,40.1,38.6,28.7,48.6,36.1,52.3,7.2,38.8,5.31,38.0,36.0,5.2,38.4,5.255,37.666666666666664,16.0,38.88,34.333333333333336,36.700884955752215
41,1,Anfernee Simons,0.0,POR,CHA,-9.5,215.5,112.5,15,5.5,15.6,29.5,PG/SG,3400,1.0,19.0,10.0,99,111,0%,7,9,9,21,25,22,15.6,15.9,8.2,23.7,20.1,7.5,2.2,16.5,4.85,17.7,25.0,5.2,17.1,5.025,22.666666666666668,8.333333333333334,16.1,16.866666666666667,18.860294117647058
41,2,Cedi Osman,0.0,CLE,LAL,14.5,221.5,103.5,3,11.5,23.1,33.0,SF/PF,4000,1.0,16.0,11.0,103,102,-4%,9,11,9,38,35,29,23.1,20.8,12.5,29.0,35.0,23.0,5.8,24.0,6.0,23.7,33.5,5.9,23.85,5.95,34.0,9.666666666666666,21.85,22.53333333333333,23.499264705882354
41,3,Jared Dudley,0.0,LAL,CLE,-14.5,221.5,118.0,5,0.0,3.9,12.5,SF/PF,3000,1.0,0.0,0.0,101,113,0%,2,1,1,15,7,8,3.3,4.4,-0.7,9.5,17.0,12.5,4.2,12.3,4.08,8.9,13.5,3.0,10.600000000000001,3.54,10.0,1.3333333333333333,5.42,5.466666666666666,14.31
41,4,Danny Green,0.0,LAL,CLE,-14.5,221.5,118.0,5,12.3,22.0,45.8,SG/SF,4100,1.0,14.0,12.0,101,113,10%,6,8,7,24,25,25,22.0,18.9,9.9,28.0,23.4,26.0,6.3,19.5,4.76,20.3,24.0,5.0,19.9,4.88,24.666666666666668,7.0,19.740000000000002,26.7,19.362162162162157
41,5,Harry Giles III,0.0,SAC,ORL,-2.0,212.0,107.0,2,11.3,15.9,19.5,PF/C,3700,2.0,0.0,0.0,100,103,-1%,8,6,5,16,15,11,15.9,11.6,5.2,18.1,12.7,12.3,3.3,17.3,4.66,14.7,15.0,4.0,16.0,4.33,14.0,6.333333333333333,13.360000000000003,15.566666666666668,17.142857142857142
41,6,Daniel Gafford,0.0,CHI,BOS,10.5,216.0,102.8,4,10.0,17.9,28.3,C,4000,1.0,13.0,17.0,102,103,-2%,6,4,3,25,21,13,17.9,11.3,2.4,20.3,20.4,19.3,4.8,21.3,5.31,21.1,25.0,5.3,21.200000000000003,5.305,19.666666666666668,4.333333333333333,14.62,18.733333333333334,26.949152542372882
41,7,Frank Jackson,0.0,NO,DET,3.5,224.5,110.5,24,0.0,8.2,28.0,PG/SG,3000,1.0,22.0,7.0,101,110,4%,9,5,6,17,10,13,6.7,9.2,-0.1,18.4,32.0,26.0,8.7,19.5,6.5,20.4,26.5,6.8,19.95,6.65,13.333333333333334,6.666666666666667,10.829999999999998,12.066666666666668,39.650625
42,0,Devonte' Graham,0.0,CHA,POR,9.5,215.5,103.0,10,13.5,35.5,54.0,PG,7300,0.0,27.0,16.0,104,109,6%,17,15,16,39,39,35,40.1,38.6,28.7,48.6,36.1,52.3,7.2,38.8,5.31,38.0,36.0,5.2,38.4,5.255,37.666666666666664,16.0,38.88,34.333333333333336,36.700884955752215
42,1,Kentavious Caldwell-Pope,0.0,LAL,CLE,-14.5,221.5,118.0,5,8.5,15.0,17.8,SG/SF,3800,1.0,15.0,12.0,101,113,10%,6,7,8,26,25,26,15.3,17.6,11.5,23.7,26.1,19.8,5.2,17.5,4.61,19.7,25.0,5.2,18.6,4.905,25.666666666666668,7.0,17.340000000000003,13.766666666666666,18.116883116883116
42,2,Doug McDermott,0.0,IND,PHI,-2.0,213.5,107.8,14,5.8,11.4,29.0,SF/PF,3700,2.0,18.0,12.0,102,104,-3%,9,8,8,22,19,21,11.4,15.6,8.0,23.1,13.9,13.5,3.6,13.8,3.72,14.1,20.0,3.8,13.95,3.76,20.666666666666668,8.333333333333334,14.41,15.4,13.499999999999998
42,3,Darius Bazley,0.0,OKC,MIN,-1.5,218.0,109.8,13,3.5,12.2,23.8,SF/PF,3100,1.0,14.0,7.0,106,107,-2%,3,5,4,13,16,17,12.2,11.5,4.6,18.4,15.8,3.8,1.2,11.8,3.79,11.7,15.5,3.8,11.75,3.795,15.333333333333334,4.0,11.69,13.166666666666666,11.877717391304348
42,4,Gary Trent Jr.,0.0,POR,CHA,-9.5,215.5,112.5,4,6.0,10.7,24.5,SG,3200,1.0,14.0,9.0,99,111,0%,7,6,4,21,18,13,10.7,8.0,1.4,14.5,21.6,16.0,5.0,10.0,3.13,10.5,17.5,3.3,10.25,3.215,17.333333333333332,5.666666666666667,8.97,13.733333333333334,10.348557692307692
42,5,Jaylen Brown,0.0,BOS,CHI,-10.5,216.0,113.3,19,16.8,26.8,40.0,SG/SF,6300,1.0,24.0,18.0,102,105,-3%,14,15,15,32,32,34,26.8,35.2,25.2,45.2,30.3,31.3,5.0,32.8,5.2,34.5,34.0,5.5,33.65,5.35,32.666666666666664,14.666666666666666,33.21,27.866666666666664,35.02346938775511
42,6,Jahlil Okafor,0.0,NO,DET,3.5,224.5,110.5,27,2.3,8.1,16.0,C,3000,1.0,20.0,17.0,101,110,-1%,4,2,5,11,9,16,8.1,16.2,6.7,25.7,33.8,57.0,19.0,23.5,7.83,22.6,22.0,7.5,23.05,7.665,12.0,3.6666666666666665,15.95,8.799999999999999,42.25833333333333
42,7,Darius Garland,0.0,CLE,LAL,14.5,221.5,103.5,21,17.0,28.9,33.8,PG,4800,1.0,21.0,9.0,103,102,-2%,15,13,11,40,37,30,28.9,20.8,12.6,29.0,29.4,28.0,5.8,25.8,5.36,25.7,34.5,5.4,25.75,5.380000000000001,35.666666666666664,13.0,23.41,26.566666666666663,24.90771028037383
44,0,Kemba Walker,0.0,BOS,CHI,-10.5,216.0,113.3,4,14.8,34.9,46.5,PG,7200,1.0,29.0,22.0,102,105,-13%,16,18,18,31,32,33,37.5,39.7,28.9,50.6,27.6,26.5,3.7,37.5,5.21,36.8,33.0,5.1,37.15,5.154999999999999,32.0,17.333333333333332,38.77,32.06666666666667,38.3109375
44,1,Aaron Holiday,0.0,IND,PHI,-2.0,213.5,107.8,23,17.5,25.8,35.3,PG/SG,5200,2.0,22.0,14.0,102,104,-7%,12,11,10,29,28,25,25.8,22.8,11.7,33.8,20.7,14.3,2.8,18.5,3.56,20.1,24.0,3.9,19.3,3.73,27.333333333333332,11.0,22.68,26.2,16.946341463414637
44,2,Jared Dudley,0.0,LAL,CLE,-14.5,221.5,118.0,5,0.0,3.9,12.5,SF/PF,3000,1.0,0.0,0.0,101,113,0%,2,1,1,15,7,8,3.3,4.4,-0.7,9.5,17.0,12.5,4.2,12.3,4.08,8.9,13.5,3.0,10.600000000000001,3.54,10.0,1.3333333333333333,5.42,5.466666666666666,14.31
44,3,Kent Bazemore,0.0,POR,CHA,-9.5,215.5,112.5,4,8.3,16.3,22.0,SG/SF,3600,1.0,16.0,7.0,99,111,0%,8,8,8,29,31,26,16.3,18.4,11.2,25.6,30.1,19.3,5.4,22.8,6.32,20.9,30.0,5.8,21.85,6.0600000000000005,28.666666666666668,8.0,18.669999999999998,15.533333333333333,22.86627906976744
44,4,Javonte Green,0.0,BOS,CHI,-10.5,216.0,113.3,19,2.8,10.8,17.3,SG,3000,1.0,15.0,14.0,102,105,10%,3,3,2,11,9,8,10.8,6.2,1.0,11.5,2.0,1.3,0.4,7.5,2.5,0.0,0.0,0.0,3.75,1.25,9.333333333333334,2.6666666666666665,6.65,10.3,0.0
44,5,Evan Fournier,0.0,ORL,SAC,2.0,212.0,105.0,28,20.3,28.2,39.3,SG/SF,6200,2.0,25.0,18.0,100,108,4%,16,13,14,30,31,31,28.1,30.0,21.9,38.1,36.6,36.0,5.8,29.8,4.8,31.9,33.0,5.1,30.85,4.949999999999999,30.666666666666668,14.333333333333334,29.79,29.266666666666666,33.19728260869566
44,6,Enes Kanter,0.0,BOS,CHI,-10.5,216.0,113.3,15,11.8,28.7,48.3,C,5400,1.0,20.0,25.0,102,105,11%,10,9,7,20,20,20,28.7,26.0,16.2,35.8,26.4,27.8,5.1,30.3,5.6,34.0,25.5,6.3,32.15,5.949999999999999,20.0,8.666666666666666,27.77,29.599999999999998,40.99125
44,7,Devonte' Graham,0.0,CHA,POR,9.5,215.5,103.0,10,13.5,35.5,54.0,PG,7300,0.0,27.0,16.0,104,109,6%,17,15,16,39,39,35,40.1,38.6,28.7,48.6,36.1,52.3,7.2,38.8,5.31,38.0,36.0,5.2,38.4,5.255,37.666666666666664,16.0,38.88,34.333333333333336,36.700884955752215
45,0,Terry Rozier,0.0,CHA,POR,9.5,215.5,103.0,10,12.0,36.2,50.5,PG/SG,7100,0.0,25.0,16.0,104,109,6%,12,16,16,30,37,35,35.8,32.8,21.7,43.9,38.6,39.8,5.6,35.0,4.93,33.5,36.0,4.7,34.25,4.8149999999999995,34.0,14.666666666666666,33.69,32.9,36.26470588235294
45,1,Hamidou Diallo,0.0,OKC,MIN,-1.5,218.0,109.8,9,3.3,10.8,18.5,SG/SF,3000,1.0,18.0,11.0,106,107,2%,6,6,7,19,18,20,10.8,15.1,8.3,21.9,12.2,4.3,1.4,13.5,4.5,12.6,17.5,4.2,13.05,4.35,19.0,6.333333333333333,13.829999999999998,10.866666666666667,12.019736842105264
45,2,Luke Kornet,0.0,CHI,BOS,10.5,216.0,102.8,26,3.5,10.7,33.5,PF/C,3000,1.0,0.0,0.0,102,103,-2%,7,3,3,18,9,9,10.7,7.8,0.2,15.3,21.9,7.8,2.6,16.3,5.42,13.9,15.5,4.6,15.100000000000001,5.01,12.0,4.333333333333333,9.82,15.9,19.50416666666667
45,3,Josh Hart,0.0,NO,DET,3.5,224.5,110.5,27,14.3,25.5,32.5,SG/SF,5300,1.0,16.0,11.0,101,110,-4%,11,9,9,35,32,29,25.4,24.9,16.6,33.2,35.9,23.5,4.4,29.8,5.61,30.5,35.5,5.8,30.15,5.705,32.0,9.666666666666666,26.05,24.099999999999998,33.44765625
45,4,Danny Green,0.0,LAL,CLE,-14.5,221.5,118.0,5,12.3,22.0,45.8,SG/SF,4100,1.0,14.0,12.0,101,113,10%,6,8,7,24,25,25,22.0,18.9,9.9,28.0,23.4,26.0,6.3,19.5,4.76,20.3,24.0,5.0,19.9,4.88,24.666666666666668,7.0,19.740000000000002,26.7,19.362162162162157
45,5,Justin James,0.0,SAC,ORL,-2.0,212.0,107.0,17,0.0,8.6,23.8,SG/SF,3000,2.0,0.0,0.0,100,103,-3%,2,1,3,5,3,10,1.7,7.1,-1.0,15.2,3.1,3.3,1.1,2.8,0.92,0.0,0.0,0.0,1.4,0.46,6.0,2.0,4.88,10.799999999999999,0.0
45,6,Nikola Vucevic,0.0,ORL,SAC,2.0,212.0,105.0,3,43.8,47.4,49.8,C,8300,2.0,26.0,23.0,100,108,-6%,21,18,17,30,31,32,47.4,43.3,34.2,52.4,36.9,54.8,6.6,42.0,5.06,43.6,32.0,5.3,42.8,5.18,31.0,18.666666666666668,44.02,47.0,44.18064516129032
45,7,Chris Paul,0.0,OKC,MIN,-1.5,218.0,109.8,18,25.0,37.4,44.5,PG,6600,1.0,23.0,21.0,106,107,3%,14,13,12,30,32,32,37.4,36.6,27.6,45.6,30.5,20.5,3.1,38.5,5.83,37.4,32.0,5.7,37.95,5.765000000000001,31.333333333333332,13.0,37.029999999999994,35.63333333333333,38.75744680851064
46,0,De'Aaron Fox,0.0,SAC,ORL,-2.0,212.0,107.0,3,29.8,45.3,59.5,PG,7400,2.0,30.0,19.0,100,103,-3%,21,18,15,37,34,32,45.3,38.1,27.0,49.2,37.4,60.5,8.2,41.0,5.54,42.4,35.0,5.7,41.7,5.62,34.333333333333336,18.0,40.260000000000005,44.86666666666667,42.509708737864074
46,1,Andrew Wiggins,0.0,MIN,OKC,1.5,218.0,108.3,14,15.8,30.9,42.0,SG/SF,6900,1.0,29.0,17.0,101,105,-2%,14,19,20,30,34,35,34.5,39.2,30.3,48.0,31.3,19.3,2.8,33.5,4.86,36.3,33.0,5.3,34.9,5.08,33.0,17.666666666666668,37.38,29.566666666666666,34.9
46,2,Alfonzo McKinnie,0.0,CLE,LAL,14.5,221.5,103.5,3,2.8,11.7,22.0,SF/PF,3000,1.0,14.0,7.0,103,102,-4%,7,5,3,19,20,12,11.7,7.3,0.4,14.2,22.3,9.8,3.3,10.8,3.58,11.6,17.5,3.9,11.2,3.74,17.0,5.0,8.959999999999999,12.166666666666666,11.529411764705882
46,3,Sekou Doumbouya,0.0,DET,NO,-3.5,224.5,114.0,27,13.3,22.5,40.0,SF/PF,4900,1.0,0.0,0.0,105,110,6%,8,9,5,24,31,16,22.4,11.9,-0.7,24.6,34.5,32.0,6.5,23.0,4.69,24.5,29.5,5.0,23.75,4.845000000000001,23.666666666666668,7.333333333333333,16.389999999999997,25.266666666666666,29.603873239436616
46,4,Chris Paul,0.0,OKC,MIN,-1.5,218.0,109.8,18,25.0,37.4,44.5,PG,6600,1.0,23.0,21.0,106,107,3%,14,13,12,30,32,32,37.4,36.6,27.6,45.6,30.5,20.5,3.1,38.5,5.83,37.4,32.0,5.7,37.95,5.765000000000001,31.333333333333332,13.0,37.029999999999994,35.63333333333333,38.75744680851064
46,5,Kentavious Caldwell-Pope,0.0,LAL,CLE,-14.5,221.5,118.0,5,8.5,15.0,17.8,SG/SF,3800,1.0,15.0,12.0,101,113,10%,6,7,8,26,25,26,15.3,17.6,11.5,23.7,26.1,19.8,5.2,17.5,4.61,19.7,25.0,5.2,18.6,4.905,25.666666666666668,7.0,17.340000000000003,13.766666666666666,18.116883116883116
46,6,Enes Kanter,0.0,BOS,CHI,-10.5,216.0,113.3,15,11.8,28.7,48.3,C,5400,1.0,20.0,25.0,102,105,11%,10,9,7,20,20,20,28.7,26.0,16.2,35.8,26.4,27.8,5.1,30.3,5.6,34.0,25.5,6.3,32.15,5.949999999999999,20.0,8.666666666666666,27.77,29.599999999999998,40.99125
46,7,Grant Williams,0.0,BOS,CHI,-10.5,216.0,113.3,7,1.8,9.9,20.0,PF,3000,1.0,12.0,6.0,102,105,10%,2,2,3,10,16,15,9.8,8.9,2.4,15.4,16.3,23.8,7.9,10.5,3.5,11.9,17.0,4.0,11.2,3.75,13.666666666666666,2.3333333333333335,9.540000000000001,10.566666666666668,13.93170731707317
