Lineup Num,,Player Name,injury_status,team,opp,spread,over_under,implied_team_score,L5_dvp_rank,L5_ppg_floor,L5_ppg_avg,L5_ppg_max,Pos,Salary,Rest,USG,PER,Opp Pace,Opp DEff,Opp DvP,L2 FGA,L5 FGA,S FGA,L2 Min,L5 Min,S Min,L5 FP,S FP,Floor FP,Ceil FP,Actual Min,Actual FP,Actual Val,FantasyFuelPPGProj,FantasyFuelValueProj,DFN_PPGProj,DFN_MinProj,DFN_ValueProj,Avg Proj,Avg Value Proj,Avg Skewed Min,Avg Skewed FGA,Avg Skewed FP,Avg L5 PPG,Proj Min Enhanced
0,0,Dennis Smith Jr.,0.0,NY,MEM,2.5,221.0,109.3,26,0.8,9.0,17.0,PG,3000,0,23.0,6.0,106,109,4%,4,4,6,9,10,16,9.0,12.5,3.4,21.7,13.1,19.0,6.3,11.8,3.92,0.0,0.0,0.0,5.9,1.96,11.666666666666666,4.666666666666667,10.5,8.933333333333334,0.0
0,1,Joe Harris,0.0,BKN,DET,-6.5,227.0,116.8,14,15.0,19.0,28.0,SG/SF,4500,2,17.0,12.0,101,109,1%,11,9,11,34,31,32,18.9,24.9,16.9,32.8,28.2,15.8,3.5,23.0,5.11,23.7,31.5,5.3,23.35,5.205,32.333333333333336,10.333333333333334,23.369999999999997,20.666666666666668,22.74819587628866
0,2,Bobby Portis,0.0,NY,MEM,2.5,221.0,109.3,29,8.8,17.4,24.8,PF/C,4100,0,21.0,15.0,106,109,-1%,7,8,9,18,21,22,17.4,21.1,11.0,31.1,14.3,5.8,1.4,19.3,4.7,19.0,18.5,4.6,19.15,4.65,20.333333333333332,8.0,19.95,17.0,17.423360655737703
0,3,Lonnie Walker IV,0.0,SA,UTA,5.5,220.5,107.5,27,6.8,10.8,14.8,SG/SF,3000,1,20.0,12.0,101,105,-9%,4,4,5,15,16,13,10.8,10.4,1.1,19.6,15.4,7.5,2.5,13.5,4.5,12.5,15.5,4.2,13.0,4.35,14.666666666666666,4.333333333333333,10.98,10.800000000000002,13.738636363636363
0,4,Dennis Schroder,0.0,OKC,SAC,-2.5,219.0,110.8,16,35.8,40.6,49.3,PG/SG,7000,1,27.0,16.0,100,109,-4%,18,17,15,36,34,31,40.6,31.1,21.6,40.7,30.4,45.0,6.4,29.8,4.25,30.2,31.5,4.3,30.0,4.275,33.666666666666664,16.666666666666668,32.8,41.9,28.06930693069307
0,5,Bogdan Bogdanovic,0.0,SAC,OKC,2.5,219.0,108.3,12,17.8,22.1,26.5,SG/SF,5000,1,24.0,14.0,101,106,-7%,11,13,12,30,29,28,22.1,26.0,15.5,36.5,27.3,35.8,7.2,25.3,5.05,25.9,29.5,5.2,25.6,5.125,29.0,12.0,25.139999999999997,22.133333333333336,26.04137931034483
0,6,Jonas Valanciunas,0.0,MEM,NY,-2.5,221.0,111.8,18,23.0,34.7,48.0,C,6400,0,22.0,22.0,101,111,-5%,12,11,11,29,27,26,34.6,34.2,22.2,46.1,30.7,37.3,5.8,31.3,4.88,34.8,27.5,5.4,33.05,5.140000000000001,27.333333333333332,11.333333333333334,34.029999999999994,35.233333333333334,33.2515243902439
0,7,Dewayne Dedmon,0.0,SAC,OKC,2.5,219.0,108.3,17,10.8,16.3,30.0,C,4000,1,19.0,8.0,101,106,0%,3,6,5,17,18,15,16.3,12.4,5.0,19.8,23.5,14.8,3.7,18.3,4.56,18.4,20.0,4.6,18.35,4.58,16.666666666666668,4.666666666666667,14.37,19.033333333333335,22.02
1,0,Bruce Brown,0.0,DET,BKN,6.5,227.0,110.3,13,8.8,19.3,31.8,PG/SF,4600,1,17.0,12.0,104,106,-1%,8,6,8,31,27,28,19.3,23.3,13.2,33.4,17.7,14.8,3.2,17.5,3.8,20.0,25.5,4.3,18.75,4.05,28.666666666666668,7.333333333333333,21.59,19.96666666666667,16.67877906976744
1,1,Joe Harris,0.0,BKN,DET,-6.5,227.0,116.8,14,15.0,19.0,28.0,SG/SF,4500,2,17.0,12.0,101,109,1%,11,9,11,34,31,32,18.9,24.9,16.9,32.8,28.2,15.8,3.5,23.0,5.11,23.7,31.5,5.3,23.35,5.205,32.333333333333336,10.333333333333334,23.369999999999997,20.666666666666668,22.74819587628866
1,2,Markieff Morris,0.0,DET,BKN,6.5,227.0,110.3,27,13.5,18.9,30.3,PF/C,4400,1,21.0,13.0,104,106,-4%,7,10,9,25,25,23,18.9,20.1,11.6,28.6,31.9,25.8,5.9,20.8,4.72,16.2,18.5,3.7,18.5,4.21,24.333333333333332,8.666666666666666,19.54,20.900000000000002,14.065068493150685
1,3,Caris LeVert,0.0,BKN,DET,-6.5,227.0,116.8,8,13.8,21.2,32.0,PG/SF,4500,2,28.0,10.0,101,109,-5%,11,13,14,23,24,27,21.2,25.1,16.7,33.5,22.0,14.5,3.2,21.5,4.78,22.7,23.0,5.0,22.1,4.890000000000001,24.666666666666668,12.666666666666666,23.72,22.333333333333332,20.60675675675676
1,4,Donovan Mitchell,0.0,UTA,SA,-5.5,220.5,113.0,27,30.5,40.5,51.8,PG/SG,8000,1,31.0,21.0,102,110,0%,25,24,21,37,36,35,45.8,40.7,31.9,49.6,33.6,40.3,5.0,39.0,4.88,39.6,35.0,5.0,39.3,4.9399999999999995,36.0,23.333333333333332,41.46,40.93333333333333,38.20833333333333
1,5,Joe Ingles,0.0,UTA,SA,-5.5,220.5,113.0,3,17.5,24.5,29.8,SG/SF,5100,1,17.0,14.0,102,110,2%,8,6,9,31,29,30,24.5,26.0,16.3,35.8,29.9,16.0,3.1,27.5,5.39,26.4,30.0,5.2,26.95,5.295,30.0,7.666666666666667,25.909999999999997,23.933333333333334,26.95
1,6,Jarrett Allen,0.0,BKN,DET,-6.5,227.0,116.8,27,14.3,30.1,50.8,C,6100,2,15.0,20.0,101,109,-1%,8,7,7,36,32,28,30.1,30.2,18.9,41.5,27.5,30.5,5.0,29.8,4.88,30.3,27.5,5.0,30.05,4.9399999999999995,32.0,7.333333333333333,30.15,31.733333333333334,25.82421875
1,7,Austin Rivers,0.0,HOU,POR,-4.0,242.5,123.3,30,5.3,22.4,33.5,PG/SG,5000,1,15.0,10.0,103,110,9%,15,10,7,37,27,24,22.4,16.2,7.8,24.5,28.3,25.3,5.1,11.5,2.3,11.9,18.0,2.4,11.7,2.3499999999999996,29.333333333333332,10.666666666666666,16.52,20.400000000000002,7.179545454545455
2,0,Spencer Dinwiddie,0.0,BKN,DET,-6.5,227.0,116.8,8,19.8,31.5,39.8,PG/SG,7500,2,31.0,18.0,101,109,2%,13,13,17,35,32,32,31.4,38.4,28.4,48.5,29.2,42.3,5.6,36.0,4.8,35.7,31.5,4.8,35.85,4.8,33.0,14.333333333333334,36.51,30.366666666666664,34.220454545454544
2,1,Marko Guduric,0.0,MEM,NY,-2.5,221.0,111.8,9,-1.0,5.2,16.5,SG/SF,3000,0,18.0,7.0,101,111,1%,3,1,4,10,7,14,5.2,9.6,2.6,16.6,12.7,7.5,2.5,8.3,2.75,8.7,12.0,2.9,8.5,2.825,10.333333333333334,2.6666666666666665,8.5,6.8999999999999995,9.870967741935484
2,2,Harry Giles III,0.0,SAC,OKC,2.5,219.0,108.3,4,1.5,9.0,19.5,PF/C,3200,1,0.0,0.0,101,106,-11%,2,2,4,14,10,11,8.9,11.0,4.5,17.5,17.3,24.5,7.7,9.3,2.89,0.0,0.0,0.0,4.65,1.445,11.666666666666666,2.6666666666666665,9.309999999999999,10.0,0.0
2,3,Kris Dunn,0.0,CHI,IND,9.5,213.5,102.0,29,28.3,31.4,35.5,PG/SF,5500,1,16.0,12.0,101,105,0%,8,7,7,34,32,26,31.6,22.1,13.4,30.8,16.4,17.0,3.1,25.0,4.55,26.3,32.0,4.8,25.65,4.675,30.666666666666668,7.333333333333333,24.71,31.733333333333334,26.765217391304347
2,4,Caris LeVert,0.0,BKN,DET,-6.5,227.0,116.8,8,13.8,21.2,32.0,PG/SF,4500,2,28.0,10.0,101,109,-5%,11,13,14,23,24,27,21.2,25.1,16.7,33.5,22.0,14.5,3.2,21.5,4.78,22.7,23.0,5.0,22.1,4.890000000000001,24.666666666666668,12.666666666666666,23.72,22.333333333333332,20.60675675675676
2,5,Domantas Sabonis,0.0,IND,CHI,-9.5,213.5,111.5,30,21.0,47.3,64.5,PF/C,9400,2,24.0,21.0,102,105,9%,15,14,14,39,36,35,47.9,44.3,35.0,53.5,37.9,37.3,4.0,50.5,5.37,48.6,36.0,5.2,49.55,5.285,36.666666666666664,14.333333333333334,46.05,44.26666666666667,48.64909090909091
2,6,Hassan Whiteside,0.0,POR,HOU,4.0,242.5,119.3,23,25.8,44.5,57.8,C,8500,2,19.0,25.0,106,107,-1%,10,10,11,35,36,31,44.5,42.0,30.4,53.7,28.2,38.5,4.5,45.5,5.35,46.3,33.5,5.4,45.9,5.375,34.0,10.333333333333334,43.3,42.699999999999996,45.224999999999994
2,7,Solomon Hill,0.0,MEM,NY,-2.5,221.0,111.8,3,7.8,14.0,22.0,SF/PF,3400,0,14.0,11.0,101,111,2%,3,4,5,20,18,19,13.9,14.5,8.1,20.9,17.6,10.0,2.9,12.0,3.53,12.1,16.0,3.6,12.05,3.565,19.0,4.0,13.89,14.6,10.147368421052633
4,0,CJ McCollum,0.0,POR,HOU,4.0,242.5,119.3,17,8.3,33.3,42.0,PG/SG,6900,2,26.0,17.0,106,107,7%,20,20,19,37,36,37,37.1,36.7,26.2,47.3,38.4,39.8,5.8,37.0,5.36,38.1,35.5,5.5,37.55,5.43,36.666666666666664,19.666666666666668,36.970000000000006,27.866666666666664,36.35522727272728
4,1,Hamidou Diallo,0.0,OKC,SAC,-2.5,219.0,110.8,17,8.8,16.5,25.5,SG/SF,3300,1,17.0,10.0,100,109,6%,6,5,7,20,20,20,16.5,14.8,7.6,22.0,18.3,5.3,1.6,12.5,3.79,12.2,17.5,3.7,12.35,3.745,20.0,6.0,14.65,16.933333333333334,10.806249999999999
4,2,Marcus Morris Sr.,0.0,NY,MEM,2.5,221.0,109.3,21,25.8,31.1,39.0,SF/PF,6500,0,23.0,17.0,106,109,-1%,19,17,15,35,35,33,31.1,31.8,20.4,43.2,26.1,28.0,4.3,31.5,4.85,32.6,34.0,5.0,32.05,4.925,34.333333333333336,17.0,31.71,31.96666666666667,31.738834951456305
4,3,Ben McLemore,0.0,HOU,POR,-4.0,242.5,123.3,23,3.8,10.0,16.0,SG/SF,4700,1,15.0,11.0,103,110,-2%,7,5,8,23,20,25,10.0,17.5,8.0,26.9,22.0,21.0,4.5,13.3,2.82,13.6,19.5,2.9,13.45,2.86,22.666666666666668,6.666666666666667,15.169999999999998,9.933333333333334,11.570955882352939
4,4,Joe Ingles,0.0,UTA,SA,-5.5,220.5,113.0,3,17.5,24.5,29.8,SG/SF,5100,1,17.0,14.0,102,110,2%,8,6,9,31,29,30,24.5,26.0,16.3,35.8,29.9,16.0,3.1,27.5,5.39,26.4,30.0,5.2,26.95,5.295,30.0,7.666666666666667,25.909999999999997,23.933333333333334,26.95
4,5,Lonnie Walker IV,0.0,SA,UTA,5.5,220.5,107.5,27,6.8,10.8,14.8,SG/SF,3000,1,20.0,12.0,101,105,-9%,4,4,5,15,16,13,10.8,10.4,1.1,19.6,15.4,7.5,2.5,13.5,4.5,12.5,15.5,4.2,13.0,4.35,14.666666666666666,4.333333333333333,10.98,10.800000000000002,13.738636363636363
4,6,Mitchell Robinson,0.0,NY,MEM,2.5,221.0,109.3,8,13.3,21.2,28.5,C,5000,0,14.0,22.0,106,109,5%,4,3,6,22,23,23,21.2,23.9,15.8,31.9,30.8,38.3,7.7,25.3,5.05,24.2,23.5,4.8,24.75,4.925,22.666666666666668,4.333333333333333,23.509999999999998,21.0,25.659926470588232
4,7,Damian Lillard,0.0,POR,HOU,4.0,242.5,119.3,17,45.5,69.4,92.0,PG,10500,2,31.0,26.0,106,107,1%,26,27,20,40,40,38,70.0,49.9,36.5,63.3,39.2,70.5,6.7,52.8,5.02,52.9,37.5,5.0,52.849999999999994,5.01,39.333333333333336,24.333333333333332,54.50999999999999,68.96666666666667,50.38665254237287
5,0,Elfrid Payton,0.0,NY,MEM,2.5,221.0,109.3,26,32.5,34.2,39.0,PG,6300,0,21.0,14.0,106,109,4%,11,10,10,32,32,27,34.0,27.8,19.3,36.4,34.9,44.8,7.1,31.3,4.96,31.9,31.5,5.1,31.6,5.029999999999999,30.333333333333332,10.333333333333334,29.82,35.233333333333334,32.815384615384616
5,1,Shai Gilgeous-Alexander,0.0,OKC,SAC,-2.5,219.0,110.8,16,27.3,38.5,46.5,PG/SG,7300,1,24.0,17.0,100,109,6%,17,14,16,33,36,36,38.5,35.9,25.6,46.3,38.6,42.8,5.9,36.3,4.97,36.5,35.0,5.0,36.4,4.984999999999999,35.0,15.666666666666666,36.540000000000006,37.43333333333333,36.4
5,2,Brandon Clarke,0.0,MEM,NY,-2.5,221.0,111.8,15,12.0,22.2,35.8,PF/C,4900,0,19.0,22.0,101,111,9%,9,7,8,22,23,22,22.2,24.5,17.5,31.5,26.9,31.8,6.5,23.3,4.74,24.9,23.5,5.1,24.1,4.92,22.333333333333332,8.0,23.96,23.333333333333332,25.358955223880603
5,3,Trevor Ariza,0.0,POR,HOU,4.0,242.5,119.3,26,8.3,20.4,38.3,SF/PF,4900,2,15.0,10.0,106,107,7%,9,7,6,34,30,26,20.4,17.8,7.9,27.8,38.3,33.0,6.7,23.3,4.74,22.5,31.5,4.6,22.9,4.67,30.0,7.333333333333333,19.360000000000003,22.333333333333332,24.044999999999998
5,4,Eric Gordon,0.0,HOU,POR,-4.0,242.5,123.3,23,8.3,35.9,70.0,SG/SF,7300,1,22.0,11.0,103,110,-2%,18,16,14,37,34,30,35.9,23.6,10.1,37.0,29.6,17.5,2.4,22.8,3.12,25.5,31.5,3.5,24.15,3.31,33.666666666666664,16.0,26.15,38.06666666666667,22.59579207920792
5,5,Doug McDermott,0.0,IND,CHI,-9.5,213.5,111.5,11,12.8,24.4,32.5,SF/PF,4400,2,18.0,14.0,102,105,2%,11,10,8,27,25,21,24.4,16.8,8.8,24.7,16.9,12.3,2.8,16.0,3.64,18.9,23.5,4.3,17.45,3.9699999999999998,24.333333333333332,9.666666666666666,18.43,23.233333333333334,16.852397260273975
5,6,Mitchell Robinson,0.0,NY,MEM,2.5,221.0,109.3,8,13.3,21.2,28.5,C,5000,0,14.0,22.0,106,109,5%,4,3,6,22,23,23,21.2,23.9,15.8,31.9,30.8,38.3,7.7,25.3,5.05,24.2,23.5,4.8,24.75,4.925,22.666666666666668,4.333333333333333,23.509999999999998,21.0,25.659926470588232
5,7,Reggie Bullock,0.0,NY,MEM,2.5,221.0,109.3,5,8.8,15.2,20.8,SG/SF,4000,0,17.0,12.0,106,109,6%,8,8,9,30,27,25,15.2,17.5,11.1,24.0,19.7,11.8,3.0,20.3,5.06,20.2,27.0,5.0,20.25,5.029999999999999,27.333333333333332,8.333333333333334,17.61,14.933333333333332,20.003048780487806
7,0,Elfrid Payton,0.0,NY,MEM,2.5,221.0,109.3,26,32.5,34.2,39.0,PG,6300,0,21.0,14.0,106,109,4%,11,10,10,32,32,27,34.0,27.8,19.3,36.4,34.9,44.8,7.1,31.3,4.96,31.9,31.5,5.1,31.6,5.029999999999999,30.333333333333332,10.333333333333334,29.82,35.233333333333334,32.815384615384616
7,1,Joe Ingles,0.0,UTA,SA,-5.5,220.5,113.0,3,17.5,24.5,29.8,SG/SF,5100,1,17.0,14.0,102,110,2%,8,6,9,31,29,30,24.5,26.0,16.3,35.8,29.9,16.0,3.1,27.5,5.39,26.4,30.0,5.2,26.95,5.295,30.0,7.666666666666667,25.909999999999997,23.933333333333334,26.95
7,2,Danilo Gallinari,0.0,OKC,SAC,-2.5,219.0,110.8,16,23.5,37.2,45.0,SF/PF,6800,1,23.0,20.0,100,109,1%,11,13,14,30,32,31,37.2,32.7,25.1,40.2,29.1,31.0,4.6,33.5,4.93,33.7,31.5,5.0,33.6,4.965,31.0,12.666666666666666,33.760000000000005,35.233333333333334,34.141935483870974
7,3,Georges Niang,0.0,UTA,SA,-5.5,220.5,113.0,19,7.0,16.3,22.0,SF/PF,3300,1,16.0,13.0,102,110,2%,4,6,5,13,17,14,16.3,10.9,3.7,18.1,15.6,9.5,2.9,12.5,3.79,11.6,15.5,3.5,12.05,3.645,14.666666666666666,5.0,12.210000000000003,15.1,12.734659090909092
7,4,Dennis Smith Jr.,0.0,NY,MEM,2.5,221.0,109.3,26,0.8,9.0,17.0,PG,3000,0,23.0,6.0,106,109,4%,4,4,6,9,10,16,9.0,12.5,3.4,21.7,13.1,19.0,6.3,11.8,3.92,0.0,0.0,0.0,5.9,1.96,11.666666666666666,4.666666666666667,10.5,8.933333333333334,0.0
7,5,Brandon Clarke,0.0,MEM,NY,-2.5,221.0,111.8,15,12.0,22.2,35.8,PF/C,4900,0,19.0,22.0,101,111,9%,9,7,8,22,23,22,22.2,24.5,17.5,31.5,26.9,31.8,6.5,23.3,4.74,24.9,23.5,5.1,24.1,4.92,22.333333333333332,8.0,23.96,23.333333333333332,25.358955223880603
7,6,Tony Bradley,0.0,UTA,SA,-5.5,220.5,113.0,13,6.5,14.1,24.0,C,3200,1,16.0,20.0,102,110,0%,3,3,3,11,12,10,14.1,11.4,3.6,19.1,10.4,4.0,1.3,14.0,4.38,12.7,12.5,4.0,13.35,4.1899999999999995,11.0,3.0,12.31,14.866666666666667,15.170454545454545
7,7,Marco Belinelli,0.0,SA,UTA,5.5,220.5,107.5,9,0.0,15.1,24.8,SF,3000,1,17.0,10.0,101,105,-9%,5,6,6,11,17,16,15.1,11.1,4.8,17.3,23.8,14.5,4.8,4.0,1.33,0.0,0.0,0.0,2.0,0.665,14.666666666666666,5.666666666666667,10.059999999999999,13.299999999999999,0.0
8,0,Dennis Schroder,0.0,OKC,SAC,-2.5,219.0,110.8,16,35.8,40.6,49.3,PG/SG,7000,1,27.0,16.0,100,109,-4%,18,17,15,36,34,31,40.6,31.1,21.6,40.7,30.4,45.0,6.4,29.8,4.25,30.2,31.5,4.3,30.0,4.275,33.666666666666664,16.666666666666668,32.8,41.9,28.06930693069307
8,1,Marko Guduric,0.0,MEM,NY,-2.5,221.0,111.8,9,-1.0,5.2,16.5,SG/SF,3000,0,18.0,7.0,101,111,1%,3,1,4,10,7,14,5.2,9.6,2.6,16.6,12.7,7.5,2.5,8.3,2.75,8.7,12.0,2.9,8.5,2.825,10.333333333333334,2.6666666666666665,8.5,6.8999999999999995,9.870967741935484
8,2,Thabo Sefolosha,0.0,HOU,POR,-4.0,242.5,123.3,18,3.3,10.4,18.3,SF/PF,3700,1,11.0,9.0,103,110,7%,6,3,2,21,13,10,10.4,7.4,1.9,13.0,3.9,1.3,0.4,8.3,2.23,0.0,0.0,0.0,4.15,1.115,14.666666666666666,3.6666666666666665,7.37,10.666666666666666,0.0
8,3,Kevin Knox II,0.0,NY,MEM,2.5,221.0,109.3,21,5.3,7.7,12.5,SF/PF,3000,0,18.0,10.0,106,109,6%,4,4,7,13,13,19,7.7,14.6,7.3,21.8,22.4,11.8,3.9,9.5,3.17,10.5,14.5,3.5,10.0,3.335,15.0,5.0,12.28,8.5,9.666666666666666
8,4,De'Aaron Fox,0.0,SAC,OKC,2.5,219.0,108.3,25,32.5,38.9,46.8,PG,8100,1,31.0,20.0,101,106,2%,16,17,15,31,32,32,38.8,39.7,28.6,50.9,27.6,31.3,3.9,39.3,4.85,42.5,33.0,5.2,40.9,5.025,31.666666666666668,16.0,39.78,39.4,42.62210526315789
8,5,Wilson Chandler,0.0,BKN,DET,-6.5,227.0,116.8,22,10.3,18.1,23.8,PF,3500,2,14.0,10.0,101,109,1%,6,6,6,24,21,21,18.1,16.4,10.8,21.9,19.5,10.8,3.1,11.5,3.29,14.9,20.5,4.3,13.2,3.795,22.0,6.0,16.080000000000002,17.400000000000002,12.299999999999999
8,6,Brandon Clarke,0.0,MEM,NY,-2.5,221.0,111.8,15,12.0,22.2,35.8,PF/C,4900,0,19.0,22.0,101,111,9%,9,7,8,22,23,22,22.2,24.5,17.5,31.5,26.9,31.8,6.5,23.3,4.74,24.9,23.5,5.1,24.1,4.92,22.333333333333332,8.0,23.96,23.333333333333332,25.358955223880603
8,7,Timothe Luwawu-Cabarrot,0.0,BKN,DET,-6.5,227.0,116.8,14,1.3,8.8,17.0,SG/SF,3000,2,14.0,7.0,101,109,-5%,2,3,4,4,11,16,8.8,9.5,2.1,17.0,6.6,8.3,2.8,6.8,2.25,0.0,0.0,0.0,3.4,1.125,10.333333333333334,3.0,8.16,9.033333333333333,0.0
9,0,Derrick Rose,0.0,DET,BKN,6.5,227.0,110.3,13,32.5,41.7,47.0,PG/SG,7600,1,32.0,22.0,104,106,10%,22,20,15,35,32,27,41.6,32.7,24.3,41.1,30.8,36.5,4.8,38.0,5.0,38.5,31.5,5.1,38.25,5.05,31.333333333333332,19.0,35.59,40.4,38.45345744680851
9,1,Reggie Bullock,0.0,NY,MEM,2.5,221.0,109.3,5,8.8,15.2,20.8,SG/SF,4000,0,17.0,12.0,106,109,6%,8,8,9,30,27,25,15.2,17.5,11.1,24.0,19.7,11.8,3.0,20.3,5.06,20.2,27.0,5.0,20.25,5.029999999999999,27.333333333333332,8.333333333333334,17.61,14.933333333333332,20.003048780487806
9,2,Jaren Jackson Jr.,0.0,MEM,NY,-2.5,221.0,111.8,15,27.5,33.0,44.5,PF/C,6400,0,24.0,18.0,101,111,9%,11,13,14,32,30,29,32.6,31.8,22.2,41.3,19.3,16.5,2.6,32.8,5.12,33.1,31.0,5.2,32.95,5.16,30.333333333333332,12.666666666666666,32.17,35.0,33.674175824175826
9,3,Justin Holiday,0.0,IND,CHI,-9.5,213.5,111.5,11,17.3,22.9,29.3,SF,3800,2,13.0,12.0,102,105,-3%,8,7,7,22,24,26,22.9,19.0,11.6,26.4,28.6,25.5,6.7,14.8,3.88,14.3,20.0,3.8,14.55,3.84,24.0,7.333333333333333,18.889999999999997,23.166666666666668,12.125000000000002
9,4,Reggie Jackson,0.0,DET,BKN,6.5,227.0,110.3,13,13.8,24.0,36.8,PG,4500,1,0.0,0.0,104,106,10%,14,10,10,24,21,21,23.9,23.9,13.9,34.0,26.4,37.3,8.3,23.5,5.22,23.4,23.0,5.2,23.45,5.21,22.0,11.333333333333334,23.830000000000002,24.866666666666664,24.51590909090909
9,5,Chimezie Metu,0.0,SA,UTA,5.5,220.5,107.5,11,3.3,6.3,9.3,PF/C,3000,1,0.0,0.0,101,105,-5%,3,3,2,7,6,4,6.3,6.0,-0.4,12.5,6.0,4.5,1.5,10.3,3.42,0.0,0.0,0.0,5.15,1.71,5.666666666666667,2.6666666666666665,5.910000000000001,6.3,0.0
9,6,Dewayne Dedmon,0.0,SAC,OKC,2.5,219.0,108.3,17,10.8,16.3,30.0,C,4000,1,19.0,8.0,101,106,0%,3,6,5,17,18,15,16.3,12.4,5.0,19.8,23.5,14.8,3.7,18.3,4.56,18.4,20.0,4.6,18.35,4.58,16.666666666666668,4.666666666666667,14.37,19.033333333333335,22.02
9,7,Kris Dunn,0.0,CHI,IND,9.5,213.5,102.0,29,28.3,31.4,35.5,PG/SF,5500,1,16.0,12.0,101,105,0%,8,7,7,34,32,26,31.6,22.1,13.4,30.8,16.4,17.0,3.1,25.0,4.55,26.3,32.0,4.8,25.65,4.675,30.666666666666668,7.333333333333333,24.71,31.733333333333334,26.765217391304347
10,0,Coby White,0.0,CHI,IND,9.5,213.5,102.0,29,12.8,16.4,22.0,PG/SG,3900,1,23.0,10.0,101,105,0%,10,10,11,20,24,24,16.4,20.8,12.0,29.7,19.6,11.3,2.9,18.3,4.68,18.3,22.5,4.7,18.3,4.6899999999999995,22.666666666666668,10.333333333333334,19.44,17.066666666666666,18.165441176470587
10,1,Ben McLemore,0.0,HOU,POR,-4.0,242.5,123.3,23,3.8,10.0,16.0,SG/SF,4700,1,15.0,11.0,103,110,-2%,7,5,8,23,20,25,10.0,17.5,8.0,26.9,22.0,21.0,4.5,13.3,2.82,13.6,19.5,2.9,13.45,2.86,22.666666666666668,6.666666666666667,15.169999999999998,9.933333333333334,11.570955882352939
10,2,Julius Randle,0.0,NY,MEM,2.5,221.0,109.3,29,33.3,38.0,45.3,PF/C,8300,0,28.0,17.0,106,109,-1%,21,18,16,35,33,33,38.0,37.7,28.9,46.5,35.6,42.5,5.1,42.0,5.06,41.5,34.0,5.0,41.75,5.029999999999999,33.666666666666664,18.333333333333332,38.57,38.86666666666667,42.163366336633665
10,3,Justin Holiday,0.0,IND,CHI,-9.5,213.5,111.5,11,17.3,22.9,29.3,SF,3800,2,13.0,12.0,102,105,-3%,8,7,7,22,24,26,22.9,19.0,11.6,26.4,28.6,25.5,6.7,14.8,3.88,14.3,20.0,3.8,14.55,3.84,24.0,7.333333333333333,18.889999999999997,23.166666666666668,12.125000000000002
10,4,Kent Bazemore,0.0,SAC,OKC,2.5,219.0,108.3,12,10.3,20.8,32.3,SG/SF,3400,1,16.0,8.0,101,106,-7%,7,8,8,20,24,26,20.8,18.7,11.4,26.0,18.1,8.8,2.6,16.8,4.93,13.0,19.0,3.8,14.9,4.365,23.333333333333332,7.666666666666667,18.360000000000003,21.133333333333333,12.132857142857143
10,5,Doug McDermott,0.0,IND,CHI,-9.5,213.5,111.5,11,12.8,24.4,32.5,SF/PF,4400,2,18.0,14.0,102,105,2%,11,10,8,27,25,21,24.4,16.8,8.8,24.7,16.9,12.3,2.8,16.0,3.64,18.9,23.5,4.3,17.45,3.9699999999999998,24.333333333333332,9.666666666666666,18.43,23.233333333333334,16.852397260273975
10,6,Steven Adams,0.0,OKC,SAC,-2.5,219.0,110.8,19,0.0,12.0,21.3,C,5500,1,17.0,21.0,100,109,-5%,4,6,8,24,26,28,24.8,31.4,21.4,41.4,25.9,23.5,4.3,26.5,4.82,26.7,25.5,4.9,26.6,4.86,26.0,6.0,29.119999999999997,11.1,26.08846153846154
10,7,Wilson Chandler,0.0,BKN,DET,-6.5,227.0,116.8,22,10.3,18.1,23.8,PF,3500,2,14.0,10.0,101,109,1%,6,6,6,24,21,21,18.1,16.4,10.8,21.9,19.5,10.8,3.1,11.5,3.29,14.9,20.5,4.3,13.2,3.795,22.0,6.0,16.080000000000002,17.400000000000002,12.299999999999999
11,0,Russell Westbrook,0.0,HOU,POR,-4.0,242.5,123.3,30,52.3,64.1,69.5,PG,10400,1,34.0,21.0,103,110,9%,28,26,23,38,38,36,64.3,51.8,40.0,63.6,41.7,65.5,6.3,50.0,4.81,55.1,36.5,5.3,52.55,5.055,37.333333333333336,25.666666666666668,54.45,61.96666666666666,51.37700892857142
11,1,Joe Ingles,0.0,UTA,SA,-5.5,220.5,113.0,3,17.5,24.5,29.8,SG/SF,5100,1,17.0,14.0,102,110,2%,8,6,9,31,29,30,24.5,26.0,16.3,35.8,29.9,16.0,3.1,27.5,5.39,26.4,30.0,5.2,26.95,5.295,30.0,7.666666666666667,25.909999999999997,23.933333333333334,26.95
11,2,Bobby Portis,0.0,NY,MEM,2.5,221.0,109.3,29,8.8,17.4,24.8,PF/C,4100,0,21.0,15.0,106,109,-1%,7,8,9,18,21,22,17.4,21.1,11.0,31.1,14.3,5.8,1.4,19.3,4.7,19.0,18.5,4.6,19.15,4.65,20.333333333333332,8.0,19.95,17.0,17.423360655737703
11,3,Georges Niang,0.0,UTA,SA,-5.5,220.5,113.0,19,7.0,16.3,22.0,SF/PF,3300,1,16.0,13.0,102,110,2%,4,6,5,13,17,14,16.3,10.9,3.7,18.1,15.6,9.5,2.9,12.5,3.79,11.6,15.5,3.5,12.05,3.645,14.666666666666666,5.0,12.210000000000003,15.1,12.734659090909092
11,4,Lonnie Walker IV,0.0,SA,UTA,5.5,220.5,107.5,27,6.8,10.8,14.8,SG/SF,3000,1,20.0,12.0,101,105,-9%,4,4,5,15,16,13,10.8,10.4,1.1,19.6,15.4,7.5,2.5,13.5,4.5,12.5,15.5,4.2,13.0,4.35,14.666666666666666,4.333333333333333,10.98,10.800000000000002,13.738636363636363
11,5,Bruce Brown,0.0,DET,BKN,6.5,227.0,110.3,13,8.8,19.3,31.8,PG/SF,4600,1,17.0,12.0,104,106,-1%,8,6,8,31,27,28,19.3,23.3,13.2,33.4,17.7,14.8,3.2,17.5,3.8,20.0,25.5,4.3,18.75,4.05,28.666666666666668,7.333333333333333,21.59,19.96666666666667,16.67877906976744
11,6,Chimezie Metu,0.0,SA,UTA,5.5,220.5,107.5,11,3.3,6.3,9.3,PF/C,3000,1,0.0,0.0,101,105,-5%,3,3,2,7,6,4,6.3,6.0,-0.4,12.5,6.0,4.5,1.5,10.3,3.42,0.0,0.0,0.0,5.15,1.71,5.666666666666667,2.6666666666666665,5.910000000000001,6.3,0.0
11,7,De'Aaron Fox,0.0,SAC,OKC,2.5,219.0,108.3,25,32.5,38.9,46.8,PG,8100,1,31.0,20.0,101,106,2%,16,17,15,31,32,32,38.8,39.7,28.6,50.9,27.6,31.3,3.9,39.3,4.85,42.5,33.0,5.2,40.9,5.025,31.666666666666668,16.0,39.78,39.4,42.62210526315789
12,0,Derrick Rose,0.0,DET,BKN,6.5,227.0,110.3,13,32.5,41.7,47.0,PG/SG,7600,1,32.0,22.0,104,106,10%,22,20,15,35,32,27,41.6,32.7,24.3,41.1,30.8,36.5,4.8,38.0,5.0,38.5,31.5,5.1,38.25,5.05,31.333333333333332,19.0,35.59,40.4,38.45345744680851
12,1,Lonnie Walker IV,0.0,SA,UTA,5.5,220.5,107.5,27,6.8,10.8,14.8,SG/SF,3000,1,20.0,12.0,101,105,-9%,4,4,5,15,16,13,10.8,10.4,1.1,19.6,15.4,7.5,2.5,13.5,4.5,12.5,15.5,4.2,13.0,4.35,14.666666666666666,4.333333333333333,10.98,10.800000000000002,13.738636363636363
12,2,Kyle Anderson,0.0,MEM,NY,-2.5,221.0,111.8,3,14.0,18.7,27.0,SF/PF,4600,0,14.0,13.0,101,111,2%,5,5,4,28,20,17,18.6,15.0,7.5,22.6,17.0,9.0,2.0,12.3,2.66,13.3,16.5,2.9,12.8,2.7800000000000002,21.666666666666668,4.666666666666667,15.3,19.900000000000002,9.747692307692308
12,3,Justin Holiday,0.0,IND,CHI,-9.5,213.5,111.5,11,17.3,22.9,29.3,SF,3800,2,13.0,12.0,102,105,-3%,8,7,7,22,24,26,22.9,19.0,11.6,26.4,28.6,25.5,6.7,14.8,3.88,14.3,20.0,3.8,14.55,3.84,24.0,7.333333333333333,18.889999999999997,23.166666666666668,12.125000000000002
12,4,Damian Lillard,0.0,POR,HOU,4.0,242.5,119.3,17,45.5,69.4,92.0,PG,10500,2,31.0,26.0,106,107,1%,26,27,20,40,40,38,70.0,49.9,36.5,63.3,39.2,70.5,6.7,52.8,5.02,52.9,37.5,5.0,52.849999999999994,5.01,39.333333333333336,24.333333333333332,54.50999999999999,68.96666666666667,50.38665254237287
12,5,Eric Gordon,0.0,HOU,POR,-4.0,242.5,123.3,23,8.3,35.9,70.0,SG/SF,7300,1,22.0,11.0,103,110,-2%,18,16,14,37,34,30,35.9,23.6,10.1,37.0,29.6,17.5,2.4,22.8,3.12,25.5,31.5,3.5,24.15,3.31,33.666666666666664,16.0,26.15,38.06666666666667,22.59579207920792
12,6,Chimezie Metu,0.0,SA,UTA,5.5,220.5,107.5,11,3.3,6.3,9.3,PF/C,3000,1,0.0,0.0,101,105,-5%,3,3,2,7,6,4,6.3,6.0,-0.4,12.5,6.0,4.5,1.5,10.3,3.42,0.0,0.0,0.0,5.15,1.71,5.666666666666667,2.6666666666666665,5.910000000000001,6.3,0.0
12,7,Gary Trent Jr.,0.0,POR,HOU,4.0,242.5,119.3,18,9.8,23.7,48.3,SG/SF,3900,2,14.0,11.0,106,107,7%,8,10,5,29,31,16,23.7,10.5,0.8,20.2,26.1,25.8,6.6,15.3,3.91,15.4,22.0,3.9,15.350000000000001,3.9050000000000002,25.333333333333332,7.666666666666667,14.110000000000003,27.266666666666666,13.330263157894738
13,0,Cory Joseph,0.0,SAC,OKC,2.5,219.0,108.3,25,8.5,12.4,19.5,PG,3000,1,14.0,9.0,101,106,2%,4,4,6,22,21,25,12.3,16.5,8.9,24.2,20.4,14.3,4.8,12.5,4.17,11.2,16.5,3.7,11.85,3.935,22.666666666666668,4.666666666666667,14.75,13.466666666666667,8.62610294117647
13,1,Langston Galloway,0.0,DET,BKN,6.5,227.0,110.3,15,15.8,21.4,23.8,SG,3900,1,16.0,13.0,104,106,-1%,10,10,8,28,29,26,21.4,18.2,11.2,25.3,25.0,10.3,2.6,11.5,2.95,12.7,18.5,3.3,12.1,3.125,27.666666666666668,9.333333333333334,17.639999999999997,20.333333333333332,8.090963855421686
13,2,Jaren Jackson Jr.,0.0,MEM,NY,-2.5,221.0,111.8,15,27.5,33.0,44.5,PF/C,6400,0,24.0,18.0,101,111,9%,11,13,14,32,30,29,32.6,31.8,22.2,41.3,19.3,16.5,2.6,32.8,5.12,33.1,31.0,5.2,32.95,5.16,30.333333333333332,12.666666666666666,32.17,35.0,33.674175824175826
13,3,Trevor Ariza,0.0,POR,HOU,4.0,242.5,119.3,26,8.3,20.4,38.3,SF/PF,4900,2,15.0,10.0,106,107,7%,9,7,6,34,30,26,20.4,17.8,7.9,27.8,38.3,33.0,6.7,23.3,4.74,22.5,31.5,4.6,22.9,4.67,30.0,7.333333333333333,19.360000000000003,22.333333333333332,24.044999999999998
13,4,CJ McCollum,0.0,POR,HOU,4.0,242.5,119.3,17,8.3,33.3,42.0,PG/SG,6900,2,26.0,17.0,106,107,7%,20,20,19,37,36,37,37.1,36.7,26.2,47.3,38.4,39.8,5.8,37.0,5.36,38.1,35.5,5.5,37.55,5.43,36.666666666666664,19.666666666666668,36.970000000000006,27.866666666666664,36.35522727272728
13,5,Harry Giles III,0.0,SAC,OKC,2.5,219.0,108.3,4,1.5,9.0,19.5,PF/C,3200,1,0.0,0.0,101,106,-11%,2,2,4,14,10,11,8.9,11.0,4.5,17.5,17.3,24.5,7.7,9.3,2.89,0.0,0.0,0.0,4.65,1.445,11.666666666666666,2.6666666666666665,9.309999999999999,10.0,0.0
13,6,Trey Lyles,0.0,SA,UTA,5.5,220.5,107.5,11,0.0,12.3,24.5,PF/C,3700,1,13.0,11.0,101,105,-5%,5,4,5,16,17,18,12.3,15.4,7.8,23.1,11.9,11.0,3.0,21.0,5.68,19.1,22.5,5.2,20.05,5.4399999999999995,17.0,4.666666666666667,15.73,12.266666666666666,26.536764705882355
13,7,T.J. McConnell,0.0,IND,CHI,-9.5,213.5,111.5,2,20.3,28.8,40.5,PG,4900,2,20.0,17.0,102,105,-14%,10,7,6,29,26,20,28.8,19.8,11.6,27.9,17.1,7.5,1.5,10.5,2.14,12.7,13.5,2.6,11.6,2.37,25.0,7.666666666666667,19.939999999999998,29.866666666666664,6.263999999999999
15,0,Coby White,0.0,CHI,IND,9.5,213.5,102.0,29,12.8,16.4,22.0,PG/SG,3900,1,23.0,10.0,101,105,0%,10,10,11,20,24,24,16.4,20.8,12.0,29.7,19.6,11.3,2.9,18.3,4.68,18.3,22.5,4.7,18.3,4.6899999999999995,22.666666666666668,10.333333333333334,19.44,17.066666666666666,18.165441176470587
15,1,Derrick White,0.0,SA,UTA,5.5,220.5,107.5,5,7.0,29.7,41.3,PG/SG,4700,1,18.0,15.0,101,105,-3%,7,8,8,25,27,24,29.6,21.8,13.4,30.3,22.9,16.5,3.5,21.3,4.52,24.0,26.0,5.1,22.65,4.81,25.333333333333332,7.666666666666667,23.55,26.0,23.246052631578948
15,2,Doug McDermott,0.0,IND,CHI,-9.5,213.5,111.5,11,12.8,24.4,32.5,SF/PF,4400,2,18.0,14.0,102,105,2%,11,10,8,27,25,21,24.4,16.8,8.8,24.7,16.9,12.3,2.8,16.0,3.64,18.9,23.5,4.3,17.45,3.9699999999999998,24.333333333333332,9.666666666666666,18.43,23.233333333333334,16.852397260273975
15,3,Buddy Hield,0.0,SAC,OKC,2.5,219.0,108.3,12,22.3,39.3,56.3,SG/SF,7100,1,27.0,15.0,101,106,-7%,20,19,18,33,36,35,38.4,35.4,24.9,45.9,23.3,19.0,2.7,32.8,4.61,33.9,32.5,4.8,33.349999999999994,4.705,34.666666666666664,19.0,35.589999999999996,39.3,31.265624999999996
15,4,Joe Harris,0.0,BKN,DET,-6.5,227.0,116.8,14,15.0,19.0,28.0,SG/SF,4500,2,17.0,12.0,101,109,1%,11,9,11,34,31,32,18.9,24.9,16.9,32.8,28.2,15.8,3.5,23.0,5.11,23.7,31.5,5.3,23.35,5.205,32.333333333333336,10.333333333333334,23.369999999999997,20.666666666666668,22.74819587628866
15,5,Bojan Bogdanovic,0.0,UTA,SA,-5.5,220.5,113.0,19,19.0,30.8,38.5,SF/PF,6000,1,25.0,17.0,102,110,2%,17,15,16,35,32,34,30.8,31.2,22.4,40.0,33.8,34.8,5.8,29.3,4.88,31.1,33.5,5.2,30.200000000000003,5.04,33.666666666666664,16.0,30.920000000000005,29.433333333333334,30.050495049504956
15,6,Christian Wood,0.0,DET,BKN,6.5,227.0,110.3,27,14.8,22.5,32.5,PF/C,4500,1,21.0,22.0,104,106,-4%,8,7,6,21,22,17,22.5,20.0,8.0,32.0,21.0,34.5,7.7,17.3,3.83,15.7,14.0,3.5,16.5,3.665,20.0,7.0,19.8,23.266666666666666,11.549999999999999
15,7,Rudy Gobert,0.0,UTA,SA,-5.5,220.5,113.0,13,36.5,49.3,57.8,C,8700,1,16.0,23.0,102,110,0%,7,10,9,37,34,35,49.3,42.7,33.3,52.1,32.3,40.3,4.6,43.3,4.97,45.6,35.5,5.2,44.45,5.085,35.333333333333336,8.666666666666666,44.36999999999999,47.86666666666667,44.659669811320754
16,0,Yogi Ferrell,0.0,SAC,OKC,2.5,219.0,108.3,25,0.0,6.3,16.0,PG/SG,3000,1,19.0,12.0,101,106,2%,2,3,4,6,7,12,6.3,9.1,2.8,15.5,5.6,8.3,2.8,6.0,2.0,0.0,0.0,0.0,3.0,1.0,8.333333333333334,3.0,7.339999999999999,7.433333333333334,0.0
16,1,Dennis Schroder,0.0,OKC,SAC,-2.5,219.0,110.8,16,35.8,40.6,49.3,PG/SG,7000,1,27.0,16.0,100,109,-4%,18,17,15,36,34,31,40.6,31.1,21.6,40.7,30.4,45.0,6.4,29.8,4.25,30.2,31.5,4.3,30.0,4.275,33.666666666666664,16.666666666666668,32.8,41.9,28.06930693069307
16,2,Kevin Knox II,0.0,NY,MEM,2.5,221.0,109.3,21,5.3,7.7,12.5,SF/PF,3000,0,18.0,10.0,106,109,6%,4,4,7,13,13,19,7.7,14.6,7.3,21.8,22.4,11.8,3.9,9.5,3.17,10.5,14.5,3.5,10.0,3.335,15.0,5.0,12.28,8.5,9.666666666666666
16,3,Rudy Gay,0.0,SA,UTA,5.5,220.5,107.5,9,2.0,12.1,17.5,SF/PF,3600,1,21.0,15.0,101,105,-8%,6,7,9,20,19,22,16.1,22.3,13.9,30.7,22.3,24.3,6.8,21.0,5.83,19.7,20.5,5.5,20.35,5.665,20.333333333333332,7.333333333333333,20.670000000000005,10.533333333333333,20.516803278688528
16,4,Tony Snell,0.0,DET,BKN,6.5,227.0,110.3,15,7.5,14.8,19.3,SG/SF,3500,1,11.0,10.0,104,106,-1%,6,5,6,31,28,27,14.8,15.1,8.8,21.3,24.9,17.3,4.9,16.3,4.64,14.3,26.5,4.1,15.3,4.369999999999999,28.666666666666668,5.666666666666667,15.059999999999999,13.866666666666667,14.143604651162791
16,5,Taurean Prince,0.0,BKN,DET,-6.5,227.0,116.8,22,15.0,24.8,33.8,PF,5000,2,20.0,10.0,101,109,1%,9,11,12,25,27,30,24.8,26.9,17.8,36.1,28.4,42.3,8.5,24.0,4.8,26.0,28.5,5.2,25.0,5.0,27.333333333333332,10.666666666666666,26.120000000000005,24.53333333333333,26.067073170731707
16,6,Bobby Portis,0.0,NY,MEM,2.5,221.0,109.3,29,8.8,17.4,24.8,PF/C,4100,0,21.0,15.0,106,109,-1%,7,8,9,18,21,22,17.4,21.1,11.0,31.1,14.3,5.8,1.4,19.3,4.7,19.0,18.5,4.6,19.15,4.65,20.333333333333332,8.0,19.95,17.0,17.423360655737703
16,7,Russell Westbrook,0.0,HOU,POR,-4.0,242.5,123.3,30,52.3,64.1,69.5,PG,10400,1,34.0,21.0,103,110,9%,28,26,23,38,38,36,64.3,51.8,40.0,63.6,41.7,65.5,6.3,50.0,4.81,55.1,36.5,5.3,52.55,5.055,37.333333333333336,25.666666666666668,54.45,61.96666666666666,51.37700892857142
19,0,Shai Gilgeous-Alexander,0.0,OKC,SAC,-2.5,219.0,110.8,16,27.3,38.5,46.5,PG/SG,7300,1,24.0,17.0,100,109,6%,17,14,16,33,36,36,38.5,35.9,25.6,46.3,38.6,42.8,5.9,36.3,4.97,36.5,35.0,5.0,36.4,4.984999999999999,35.0,15.666666666666666,36.540000000000006,37.43333333333333,36.4
19,1,DeMar DeRozan,0.0,SA,UTA,5.5,220.5,107.5,27,29.3,40.9,53.0,SG/SF,8400,1,27.0,22.0,101,105,-9%,15,15,16,35,36,35,40.9,39.6,31.2,48.0,37.3,51.3,6.1,39.5,4.7,41.0,35.5,4.9,40.25,4.800000000000001,35.333333333333336,15.333333333333334,39.989999999999995,41.06666666666667,40.43985849056604
19,2,Domantas Sabonis,0.0,IND,CHI,-9.5,213.5,111.5,30,21.0,47.3,64.5,PF/C,9400,2,24.0,21.0,102,105,9%,15,14,14,39,36,35,47.9,44.3,35.0,53.5,37.9,37.3,4.0,50.5,5.37,48.6,36.0,5.2,49.55,5.285,36.666666666666664,14.333333333333334,46.05,44.26666666666667,48.64909090909091
19,3,Svi Mykhailiuk,0.0,DET,BKN,6.5,227.0,110.3,15,13.5,20.6,32.8,SG/SF,4400,1,16.0,12.0,104,106,-11%,14,11,7,32,30,22,20.6,15.3,5.9,24.6,19.3,5.3,1.2,20.8,4.72,17.1,25.5,3.9,18.950000000000003,4.31,28.0,10.666666666666666,17.07,22.3,17.258035714285718
19,4,Ja Morant,0.0,MEM,NY,-2.5,221.0,111.8,12,9.8,32.1,41.8,PG,7200,0,28.0,18.0,101,111,1%,15,12,14,32,31,30,32.0,34.5,24.0,45.0,27.5,44.3,6.2,35.0,4.86,36.1,32.0,5.0,35.55,4.93,31.0,13.666666666666666,34.21,27.900000000000002,36.696774193548386
19,5,Tony Snell,0.0,DET,BKN,6.5,227.0,110.3,15,7.5,14.8,19.3,SG/SF,3500,1,11.0,10.0,104,106,-1%,6,5,6,31,28,27,14.8,15.1,8.8,21.3,24.9,17.3,4.9,16.3,4.64,14.3,26.5,4.1,15.3,4.369999999999999,28.666666666666668,5.666666666666667,15.059999999999999,13.866666666666667,14.143604651162791
19,6,Cristiano Felicio,0.0,CHI,IND,9.5,213.5,102.0,29,8.5,13.4,24.8,C,3300,1,0.0,0.0,101,105,2%,2,2,2,18,19,15,13.9,9.3,1.3,17.4,29.9,22.0,6.7,15.0,4.55,13.7,18.0,4.2,14.35,4.375,17.333333333333332,2.0,11.25,15.566666666666668,14.901923076923078
19,7,Darius Bazley,0.0,OKC,SAC,-2.5,219.0,110.8,17,8.8,17.0,28.5,PF,3500,1,13.0,8.0,100,109,-8%,5,5,4,25,21,18,16.9,12.2,4.8,19.6,17.4,13.8,3.9,14.0,4.0,12.7,17.5,3.6,13.35,3.8,21.333333333333332,4.666666666666667,13.37,18.099999999999998,10.951171875000002
20,0,Yogi Ferrell,0.0,SAC,OKC,2.5,219.0,108.3,25,0.0,6.3,16.0,PG/SG,3000,1,19.0,12.0,101,106,2%,2,3,4,6,7,12,6.3,9.1,2.8,15.5,5.6,8.3,2.8,6.0,2.0,0.0,0.0,0.0,3.0,1.0,8.333333333333334,3.0,7.339999999999999,7.433333333333334,0.0
20,1,Langston Galloway,0.0,DET,BKN,6.5,227.0,110.3,15,15.8,21.4,23.8,SG,3900,1,16.0,13.0,104,106,-1%,10,10,8,28,29,26,21.4,18.2,11.2,25.3,25.0,10.3,2.6,11.5,2.95,12.7,18.5,3.3,12.1,3.125,27.666666666666668,9.333333333333334,17.639999999999997,20.333333333333332,8.090963855421686
20,2,Bojan Bogdanovic,0.0,UTA,SA,-5.5,220.5,113.0,19,19.0,30.8,38.5,SF/PF,6000,1,25.0,17.0,102,110,2%,17,15,16,35,32,34,30.8,31.2,22.4,40.0,33.8,34.8,5.8,29.3,4.88,31.1,33.5,5.2,30.200000000000003,5.04,33.666666666666664,16.0,30.920000000000005,29.433333333333334,30.050495049504956
20,3,Jakarr Sampson,0.0,IND,CHI,-9.5,213.5,111.5,11,2.0,6.7,18.3,SF/PF,3000,2,0.0,0.0,102,105,2%,3,2,3,10,10,14,6.7,9.1,1.7,16.6,19.5,14.3,4.8,13.0,4.33,12.7,17.0,4.2,12.85,4.265000000000001,11.333333333333334,2.6666666666666665,9.390000000000002,9.0,19.275
20,4,Reggie Jackson,0.0,DET,BKN,6.5,227.0,110.3,13,13.8,24.0,36.8,PG,4500,1,0.0,0.0,104,106,10%,14,10,10,24,21,21,23.9,23.9,13.9,34.0,26.4,37.3,8.3,23.5,5.22,23.4,23.0,5.2,23.45,5.21,22.0,11.333333333333334,23.830000000000002,24.866666666666664,24.51590909090909
20,5,Trey Lyles,0.0,SA,UTA,5.5,220.5,107.5,11,0.0,12.3,24.5,PF/C,3700,1,13.0,11.0,101,105,-5%,5,4,5,16,17,18,12.3,15.4,7.8,23.1,11.9,11.0,3.0,21.0,5.68,19.1,22.5,5.2,20.05,5.4399999999999995,17.0,4.666666666666667,15.73,12.266666666666666,26.536764705882355
20,6,Rudy Gobert,0.0,UTA,SA,-5.5,220.5,113.0,13,36.5,49.3,57.8,C,8700,1,16.0,23.0,102,110,0%,7,10,9,37,34,35,49.3,42.7,33.3,52.1,32.3,40.3,4.6,43.3,4.97,45.6,35.5,5.2,44.45,5.085,35.333333333333336,8.666666666666666,44.36999999999999,47.86666666666667,44.659669811320754
20,7,Cory Joseph,0.0,SAC,OKC,2.5,219.0,108.3,25,8.5,12.4,19.5,PG,3000,1,14.0,9.0,101,106,2%,4,4,6,22,21,25,12.3,16.5,8.9,24.2,20.4,14.3,4.8,12.5,4.17,11.2,16.5,3.7,11.85,3.935,22.666666666666668,4.666666666666667,14.75,13.466666666666667,8.62610294117647
21,0,De'Aaron Fox,0.0,SAC,OKC,2.5,219.0,108.3,25,32.5,38.9,46.8,PG,8100,1,31.0,20.0,101,106,2%,16,17,15,31,32,32,38.8,39.7,28.6,50.9,27.6,31.3,3.9,39.3,4.85,42.5,33.0,5.2,40.9,5.025,31.666666666666668,16.0,39.78,39.4,42.62210526315789
21,1,Yogi Ferrell,0.0,SAC,OKC,2.5,219.0,108.3,25,0.0,6.3,16.0,PG/SG,3000,1,19.0,12.0,101,106,2%,2,3,4,6,7,12,6.3,9.1,2.8,15.5,5.6,8.3,2.8,6.0,2.0,0.0,0.0,0.0,3.0,1.0,8.333333333333334,3.0,7.339999999999999,7.433333333333334,0.0
21,2,T.J. Warren,0.0,IND,CHI,-9.5,213.5,111.5,11,10.3,30.3,53.3,SF/PF,5800,2,22.0,17.0,102,105,2%,18,14,15,32,30,33,30.3,29.0,18.3,39.6,41.0,35.5,6.1,28.3,4.87,28.9,31.0,5.0,28.6,4.9350000000000005,31.666666666666668,15.666666666666666,29.160000000000004,31.3,27.997894736842106
21,3,Caris LeVert,0.0,BKN,DET,-6.5,227.0,116.8,8,13.8,21.2,32.0,PG/SF,4500,2,28.0,10.0,101,109,-5%,11,13,14,23,24,27,21.2,25.1,16.7,33.5,22.0,14.5,3.2,21.5,4.78,22.7,23.0,5.0,22.1,4.890000000000001,24.666666666666668,12.666666666666666,23.72,22.333333333333332,20.60675675675676
21,4,Svi Mykhailiuk,0.0,DET,BKN,6.5,227.0,110.3,15,13.5,20.6,32.8,SG/SF,4400,1,16.0,12.0,104,106,-11%,14,11,7,32,30,22,20.6,15.3,5.9,24.6,19.3,5.3,1.2,20.8,4.72,17.1,25.5,3.9,18.950000000000003,4.31,28.0,10.666666666666666,17.07,22.3,17.258035714285718
21,5,Luguentz Dort,0.0,OKC,SAC,-2.5,219.0,110.8,16,6.8,12.3,19.0,SF,3300,1,0.0,0.0,100,109,-4%,6,6,4,28,26,20,12.3,9.1,4.2,14.0,26.5,31.0,9.4,15.0,4.55,13.8,24.5,4.2,14.4,4.375,24.666666666666668,5.333333333333333,10.8,12.700000000000001,14.302702702702703
21,6,DeAndre Jordan,0.0,BKN,DET,-6.5,227.0,116.8,27,13.8,21.9,27.0,C,5200,2,15.0,21.0,101,109,-1%,6,5,5,24,22,21,22.3,25.8,16.3,35.2,20.5,23.0,4.4,23.5,4.52,23.7,19.5,4.6,23.6,4.56,22.333333333333332,5.333333333333333,24.640000000000004,20.900000000000002,20.605970149253732
21,7,Bogdan Bogdanovic,0.0,SAC,OKC,2.5,219.0,108.3,12,17.8,22.1,26.5,SG/SF,5000,1,24.0,14.0,101,106,-7%,11,13,12,30,29,28,22.1,26.0,15.5,36.5,27.3,35.8,7.2,25.3,5.05,25.9,29.5,5.2,25.6,5.125,29.0,12.0,25.139999999999997,22.133333333333336,26.04137931034483
23,0,Coby White,0.0,CHI,IND,9.5,213.5,102.0,29,12.8,16.4,22.0,PG/SG,3900,1,23.0,10.0,101,105,0%,10,10,11,20,24,24,16.4,20.8,12.0,29.7,19.6,11.3,2.9,18.3,4.68,18.3,22.5,4.7,18.3,4.6899999999999995,22.666666666666668,10.333333333333334,19.44,17.066666666666666,18.165441176470587
23,1,Tony Snell,0.0,DET,BKN,6.5,227.0,110.3,15,7.5,14.8,19.3,SG/SF,3500,1,11.0,10.0,104,106,-1%,6,5,6,31,28,27,14.8,15.1,8.8,21.3,24.9,17.3,4.9,16.3,4.64,14.3,26.5,4.1,15.3,4.369999999999999,28.666666666666668,5.666666666666667,15.059999999999999,13.866666666666667,14.143604651162791
23,2,Kyle Anderson,0.0,MEM,NY,-2.5,221.0,111.8,3,14.0,18.7,27.0,SF/PF,4600,0,14.0,13.0,101,111,2%,5,5,4,28,20,17,18.6,15.0,7.5,22.6,17.0,9.0,2.0,12.3,2.66,13.3,16.5,2.9,12.8,2.7800000000000002,21.666666666666668,4.666666666666667,15.3,19.900000000000002,9.747692307692308
23,3,Jae Crowder,0.0,MEM,NY,-2.5,221.0,111.8,3,10.5,17.8,30.0,SF,4400,0,16.0,11.0,101,111,9%,5,5,9,28,27,30,21.8,25.8,14.7,36.8,29.8,33.3,7.6,20.3,4.6,21.5,25.0,4.9,20.9,4.75,28.333333333333332,6.333333333333333,24.0,19.433333333333334,18.441176470588236
23,4,Patty Mills,0.0,SA,UTA,5.5,220.5,107.5,5,2.0,18.3,36.3,PG/SG,4000,1,20.0,15.0,101,105,-3%,11,10,9,24,26,24,23.9,19.8,10.9,28.7,24.6,22.0,5.5,21.5,5.38,19.4,24.0,4.8,20.45,5.09,24.666666666666668,10.0,20.750000000000004,18.866666666666664,19.897297297297296
23,5,Bruce Brown,0.0,DET,BKN,6.5,227.0,110.3,13,8.8,19.3,31.8,PG/SF,4600,1,17.0,12.0,104,106,-1%,8,6,8,31,27,28,19.3,23.3,13.2,33.4,17.7,14.8,3.2,17.5,3.8,20.0,25.5,4.3,18.75,4.05,28.666666666666668,7.333333333333333,21.59,19.96666666666667,16.67877906976744
23,6,Jaren Jackson Jr.,0.0,MEM,NY,-2.5,221.0,111.8,15,27.5,33.0,44.5,PF/C,6400,0,24.0,18.0,101,111,9%,11,13,14,32,30,29,32.6,31.8,22.2,41.3,19.3,16.5,2.6,32.8,5.12,33.1,31.0,5.2,32.95,5.16,30.333333333333332,12.666666666666666,32.17,35.0,33.674175824175826
23,7,Chris Paul,0.0,OKC,SAC,-2.5,219.0,110.8,16,34.0,43.2,50.0,PG,7400,1,24.0,21.0,100,109,-4%,16,15,13,30,30,32,43.1,37.0,27.7,46.3,26.3,33.8,4.6,37.3,5.03,36.6,32.0,4.9,36.95,4.965,30.666666666666668,14.666666666666666,38.21,42.4,38.55652173913044
25,0,CJ McCollum,0.0,POR,HOU,4.0,242.5,119.3,17,8.3,33.3,42.0,PG/SG,6900,2,26.0,17.0,106,107,7%,20,20,19,37,36,37,37.1,36.7,26.2,47.3,38.4,39.8,5.8,37.0,5.36,38.1,35.5,5.5,37.55,5.43,36.666666666666664,19.666666666666668,36.970000000000006,27.866666666666664,36.35522727272728
25,1,Svi Mykhailiuk,0.0,DET,BKN,6.5,227.0,110.3,15,13.5,20.6,32.8,SG/SF,4400,1,16.0,12.0,104,106,-11%,14,11,7,32,30,22,20.6,15.3,5.9,24.6,19.3,5.3,1.2,20.8,4.72,17.1,25.5,3.9,18.950000000000003,4.31,28.0,10.666666666666666,17.07,22.3,17.258035714285718
25,2,Anthony Tolliver,0.0,SAC,OKC,2.5,219.0,108.3,4,1.3,5.6,12.8,PF,3000,1,11.0,7.0,101,106,-11%,2,3,3,7,10,16,5.5,9.9,1.8,18.1,22.6,11.5,3.8,3.8,1.25,0.0,0.0,0.0,1.9,0.625,11.0,2.6666666666666665,7.4399999999999995,6.566666666666666,0.0
25,3,Reggie Bullock,0.0,NY,MEM,2.5,221.0,109.3,5,8.8,15.2,20.8,SG/SF,4000,0,17.0,12.0,106,109,6%,8,8,9,30,27,25,15.2,17.5,11.1,24.0,19.7,11.8,3.0,20.3,5.06,20.2,27.0,5.0,20.25,5.029999999999999,27.333333333333332,8.333333333333334,17.61,14.933333333333332,20.003048780487806
25,4,Shai Gilgeous-Alexander,0.0,OKC,SAC,-2.5,219.0,110.8,16,27.3,38.5,46.5,PG/SG,7300,1,24.0,17.0,100,109,6%,17,14,16,33,36,36,38.5,35.9,25.6,46.3,38.6,42.8,5.9,36.3,4.97,36.5,35.0,5.0,36.4,4.984999999999999,35.0,15.666666666666666,36.540000000000006,37.43333333333333,36.4
25,5,Solomon Hill,0.0,MEM,NY,-2.5,221.0,111.8,3,7.8,14.0,22.0,SF/PF,3400,0,14.0,11.0,101,111,2%,3,4,5,20,18,19,13.9,14.5,8.1,20.9,17.6,10.0,2.9,12.0,3.53,12.1,16.0,3.6,12.05,3.565,19.0,4.0,13.89,14.6,10.147368421052633
25,6,Bobby Portis,0.0,NY,MEM,2.5,221.0,109.3,29,8.8,17.4,24.8,PF/C,4100,0,21.0,15.0,106,109,-1%,7,8,9,18,21,22,17.4,21.1,11.0,31.1,14.3,5.8,1.4,19.3,4.7,19.0,18.5,4.6,19.15,4.65,20.333333333333332,8.0,19.95,17.0,17.423360655737703
25,7,Elfrid Payton,0.0,NY,MEM,2.5,221.0,109.3,26,32.5,34.2,39.0,PG,6300,0,21.0,14.0,106,109,4%,11,10,10,32,32,27,34.0,27.8,19.3,36.4,34.9,44.8,7.1,31.3,4.96,31.9,31.5,5.1,31.6,5.029999999999999,30.333333333333332,10.333333333333334,29.82,35.233333333333334,32.815384615384616
26,0,Austin Rivers,0.0,HOU,POR,-4.0,242.5,123.3,30,5.3,22.4,33.5,PG/SG,5000,1,15.0,10.0,103,110,9%,15,10,7,37,27,24,22.4,16.2,7.8,24.5,28.3,25.3,5.1,11.5,2.3,11.9,18.0,2.4,11.7,2.3499999999999996,29.333333333333332,10.666666666666666,16.52,20.400000000000002,7.179545454545455
26,1,Kent Bazemore,0.0,SAC,OKC,2.5,219.0,108.3,12,10.3,20.8,32.3,SG/SF,3400,1,16.0,8.0,101,106,-7%,7,8,8,20,24,26,20.8,18.7,11.4,26.0,18.1,8.8,2.6,16.8,4.93,13.0,19.0,3.8,14.9,4.365,23.333333333333332,7.666666666666667,18.360000000000003,21.133333333333333,12.132857142857143
26,2,Carmelo Anthony,0.0,POR,HOU,4.0,242.5,119.3,7,15.0,29.2,42.3,PF,5900,2,22.0,13.0,106,107,6%,17,15,15,35,36,33,29.1,29.8,19.9,39.7,34.5,29.8,5.1,32.3,5.47,32.1,34.0,5.4,32.2,5.4350000000000005,34.666666666666664,15.666666666666666,30.139999999999997,28.833333333333332,31.580769230769235
26,3,Royce O'Neale,0.0,UTA,SA,-5.5,220.5,113.0,19,17.5,21.3,25.8,SF,4100,1,9.0,9.0,102,110,2%,8,6,5,31,30,30,21.3,19.1,12.5,25.7,29.6,23.8,5.8,20.0,4.88,18.3,29.0,4.5,19.15,4.6899999999999995,30.333333333333332,6.333333333333333,19.55,21.53333333333333,18.308241758241756
26,4,Chris Paul,0.0,OKC,SAC,-2.5,219.0,110.8,16,34.0,43.2,50.0,PG,7400,1,24.0,21.0,100,109,-4%,16,15,13,30,30,32,43.1,37.0,27.7,46.3,26.3,33.8,4.6,37.3,5.03,36.6,32.0,4.9,36.95,4.965,30.666666666666668,14.666666666666666,38.21,42.4,38.55652173913044
26,5,Markieff Morris,0.0,DET,BKN,6.5,227.0,110.3,27,13.5,18.9,30.3,PF/C,4400,1,21.0,13.0,104,106,-4%,7,10,9,25,25,23,18.9,20.1,11.6,28.6,31.9,25.8,5.9,20.8,4.72,16.2,18.5,3.7,18.5,4.21,24.333333333333332,8.666666666666666,19.54,20.900000000000002,14.065068493150685
26,6,Domantas Sabonis,0.0,IND,CHI,-9.5,213.5,111.5,30,21.0,47.3,64.5,PF/C,9400,2,24.0,21.0,102,105,9%,15,14,14,39,36,35,47.9,44.3,35.0,53.5,37.9,37.3,4.0,50.5,5.37,48.6,36.0,5.2,49.55,5.285,36.666666666666664,14.333333333333334,46.05,44.26666666666667,48.64909090909091
26,7,Marco Belinelli,0.0,SA,UTA,5.5,220.5,107.5,9,0.0,15.1,24.8,SF,3000,1,17.0,10.0,101,105,-9%,5,6,6,11,17,16,15.1,11.1,4.8,17.3,23.8,14.5,4.8,4.0,1.33,0.0,0.0,0.0,2.0,0.665,14.666666666666666,5.666666666666667,10.059999999999999,13.299999999999999,0.0
27,0,Jordan Clarkson,0.0,UTA,SA,-5.5,220.5,113.0,27,10.8,20.1,30.3,PG/SG,4200,1,26.0,17.0,102,110,5%,10,10,12,23,25,24,20.1,23.0,14.7,31.4,28.9,27.5,6.5,20.3,4.82,20.3,23.0,4.8,20.3,4.8100000000000005,24.0,10.666666666666666,21.9,20.400000000000002,19.454166666666666
27,1,Dennis Schroder,0.0,OKC,SAC,-2.5,219.0,110.8,16,35.8,40.6,49.3,PG/SG,7000,1,27.0,16.0,100,109,-4%,18,17,15,36,34,31,40.6,31.1,21.6,40.7,30.4,45.0,6.4,29.8,4.25,30.2,31.5,4.3,30.0,4.275,33.666666666666664,16.666666666666668,32.8,41.9,28.06930693069307
27,2,Trevor Ariza,0.0,POR,HOU,4.0,242.5,119.3,26,8.3,20.4,38.3,SF/PF,4900,2,15.0,10.0,106,107,7%,9,7,6,34,30,26,20.4,17.8,7.9,27.8,38.3,33.0,6.7,23.3,4.74,22.5,31.5,4.6,22.9,4.67,30.0,7.333333333333333,19.360000000000003,22.333333333333332,24.044999999999998
27,3,Buddy Hield,0.0,SAC,OKC,2.5,219.0,108.3,12,22.3,39.3,56.3,SG/SF,7100,1,27.0,15.0,101,106,-7%,20,19,18,33,36,35,38.4,35.4,24.9,45.9,23.3,19.0,2.7,32.8,4.61,33.9,32.5,4.8,33.349999999999994,4.705,34.666666666666664,19.0,35.589999999999996,39.3,31.265624999999996
27,4,Timothe Luwawu-Cabarrot,0.0,BKN,DET,-6.5,227.0,116.8,14,1.3,8.8,17.0,SG/SF,3000,2,14.0,7.0,101,109,-5%,2,3,4,4,11,16,8.8,9.5,2.1,17.0,6.6,8.3,2.8,6.8,2.25,0.0,0.0,0.0,3.4,1.125,10.333333333333334,3.0,8.16,9.033333333333333,0.0
27,5,Caris LeVert,0.0,BKN,DET,-6.5,227.0,116.8,8,13.8,21.2,32.0,PG/SF,4500,2,28.0,10.0,101,109,-5%,11,13,14,23,24,27,21.2,25.1,16.7,33.5,22.0,14.5,3.2,21.5,4.78,22.7,23.0,5.0,22.1,4.890000000000001,24.666666666666668,12.666666666666666,23.72,22.333333333333332,20.60675675675676
27,6,Mitchell Robinson,0.0,NY,MEM,2.5,221.0,109.3,8,13.3,21.2,28.5,C,5000,0,14.0,22.0,106,109,5%,4,3,6,22,23,23,21.2,23.9,15.8,31.9,30.8,38.3,7.7,25.3,5.05,24.2,23.5,4.8,24.75,4.925,22.666666666666668,4.333333333333333,23.509999999999998,21.0,25.659926470588232
27,7,Elfrid Payton,0.0,NY,MEM,2.5,221.0,109.3,26,32.5,34.2,39.0,PG,6300,0,21.0,14.0,106,109,4%,11,10,10,32,32,27,34.0,27.8,19.3,36.4,34.9,44.8,7.1,31.3,4.96,31.9,31.5,5.1,31.6,5.029999999999999,30.333333333333332,10.333333333333334,29.82,35.233333333333334,32.815384615384616
28,0,Mike Conley,0.0,UTA,SA,-5.5,220.5,113.0,27,12.5,14.8,18.3,PG,3800,1,24.0,12.0,102,110,5%,9,9,12,22,20,28,15.7,24.8,14.8,34.7,20.9,13.5,3.6,23.0,6.05,22.2,24.5,5.8,22.6,5.925,23.333333333333332,10.0,22.52,15.200000000000001,23.73
28,1,Bryn Forbes,0.0,SA,UTA,5.5,220.5,107.5,5,12.0,19.0,31.8,PG/SG,3300,1,19.0,10.0,101,105,-9%,9,9,10,24,26,26,19.0,18.6,10.1,27.1,23.1,11.0,3.3,15.8,4.77,17.8,24.5,5.4,16.8,5.085,25.333333333333332,9.333333333333334,18.32,20.933333333333334,16.247368421052634
28,2,T.J. Warren,0.0,IND,CHI,-9.5,213.5,111.5,11,10.3,30.3,53.3,SF/PF,5800,2,22.0,17.0,102,105,2%,18,14,15,32,30,33,30.3,29.0,18.3,39.6,41.0,35.5,6.1,28.3,4.87,28.9,31.0,5.0,28.6,4.9350000000000005,31.666666666666668,15.666666666666666,29.160000000000004,31.3,27.997894736842106
28,3,Luguentz Dort,0.0,OKC,SAC,-2.5,219.0,110.8,16,6.8,12.3,19.0,SF,3300,1,0.0,0.0,100,109,-4%,6,6,4,28,26,20,12.3,9.1,4.2,14.0,26.5,31.0,9.4,15.0,4.55,13.8,24.5,4.2,14.4,4.375,24.666666666666668,5.333333333333333,10.8,12.700000000000001,14.302702702702703
28,4,CJ McCollum,0.0,POR,HOU,4.0,242.5,119.3,17,8.3,33.3,42.0,PG/SG,6900,2,26.0,17.0,106,107,7%,20,20,19,37,36,37,37.1,36.7,26.2,47.3,38.4,39.8,5.8,37.0,5.36,38.1,35.5,5.5,37.55,5.43,36.666666666666664,19.666666666666668,36.970000000000006,27.866666666666664,36.35522727272728
28,5,Julius Randle,0.0,NY,MEM,2.5,221.0,109.3,29,33.3,38.0,45.3,PF/C,8300,0,28.0,17.0,106,109,-1%,21,18,16,35,33,33,38.0,37.7,28.9,46.5,35.6,42.5,5.1,42.0,5.06,41.5,34.0,5.0,41.75,5.029999999999999,33.666666666666664,18.333333333333332,38.57,38.86666666666667,42.163366336633665
28,6,Dewayne Dedmon,0.0,SAC,OKC,2.5,219.0,108.3,17,10.8,16.3,30.0,C,4000,1,19.0,8.0,101,106,0%,3,6,5,17,18,15,16.3,12.4,5.0,19.8,23.5,14.8,3.7,18.3,4.56,18.4,20.0,4.6,18.35,4.58,16.666666666666668,4.666666666666667,14.37,19.033333333333335,22.02
28,7,Doug McDermott,0.0,IND,CHI,-9.5,213.5,111.5,11,12.8,24.4,32.5,SF/PF,4400,2,18.0,14.0,102,105,2%,11,10,8,27,25,21,24.4,16.8,8.8,24.7,16.9,12.3,2.8,16.0,3.64,18.9,23.5,4.3,17.45,3.9699999999999998,24.333333333333332,9.666666666666666,18.43,23.233333333333334,16.852397260273975
29,0,Caris LeVert,0.0,BKN,DET,-6.5,227.0,116.8,8,13.8,21.2,32.0,PG/SF,4500,2,28.0,10.0,101,109,-5%,11,13,14,23,24,27,21.2,25.1,16.7,33.5,22.0,14.5,3.2,21.5,4.78,22.7,23.0,5.0,22.1,4.890000000000001,24.666666666666668,12.666666666666666,23.72,22.333333333333332,20.60675675675676
29,1,Coby White,0.0,CHI,IND,9.5,213.5,102.0,29,12.8,16.4,22.0,PG/SG,3900,1,23.0,10.0,101,105,0%,10,10,11,20,24,24,16.4,20.8,12.0,29.7,19.6,11.3,2.9,18.3,4.68,18.3,22.5,4.7,18.3,4.6899999999999995,22.666666666666668,10.333333333333334,19.44,17.066666666666666,18.165441176470587
29,2,Jaren Jackson Jr.,0.0,MEM,NY,-2.5,221.0,111.8,15,27.5,33.0,44.5,PF/C,6400,0,24.0,18.0,101,111,9%,11,13,14,32,30,29,32.6,31.8,22.2,41.3,19.3,16.5,2.6,32.8,5.12,33.1,31.0,5.2,32.95,5.16,30.333333333333332,12.666666666666666,32.17,35.0,33.674175824175826
29,3,Tony Snell,0.0,DET,BKN,6.5,227.0,110.3,15,7.5,14.8,19.3,SG/SF,3500,1,11.0,10.0,104,106,-1%,6,5,6,31,28,27,14.8,15.1,8.8,21.3,24.9,17.3,4.9,16.3,4.64,14.3,26.5,4.1,15.3,4.369999999999999,28.666666666666668,5.666666666666667,15.059999999999999,13.866666666666667,14.143604651162791
29,4,Ja Morant,0.0,MEM,NY,-2.5,221.0,111.8,12,9.8,32.1,41.8,PG,7200,0,28.0,18.0,101,111,1%,15,12,14,32,31,30,32.0,34.5,24.0,45.0,27.5,44.3,6.2,35.0,4.86,36.1,32.0,5.0,35.55,4.93,31.0,13.666666666666666,34.21,27.900000000000002,36.696774193548386
29,5,Domantas Sabonis,0.0,IND,CHI,-9.5,213.5,111.5,30,21.0,47.3,64.5,PF/C,9400,2,24.0,21.0,102,105,9%,15,14,14,39,36,35,47.9,44.3,35.0,53.5,37.9,37.3,4.0,50.5,5.37,48.6,36.0,5.2,49.55,5.285,36.666666666666664,14.333333333333334,46.05,44.26666666666667,48.64909090909091
29,6,Caleb Swanigan,0.0,POR,HOU,4.0,242.5,119.3,23,0.8,6.8,14.0,C,3000,2,0.0,0.0,106,107,6%,3,2,1,18,9,7,6.8,5.2,0.2,10.2,7.2,4.3,1.4,11.8,3.92,10.7,11.5,3.6,11.25,3.76,11.333333333333334,2.0,6.7299999999999995,7.2,11.415441176470587
29,7,Darius Bazley,0.0,OKC,SAC,-2.5,219.0,110.8,17,8.8,17.0,28.5,PF,3500,1,13.0,8.0,100,109,-8%,5,5,4,25,21,18,16.9,12.2,4.8,19.6,17.4,13.8,3.9,14.0,4.0,12.7,17.5,3.6,13.35,3.8,21.333333333333332,4.666666666666667,13.37,18.099999999999998,10.951171875000002
30,0,CJ McCollum,0.0,POR,HOU,4.0,242.5,119.3,17,8.3,33.3,42.0,PG/SG,6900,2,26.0,17.0,106,107,7%,20,20,19,37,36,37,37.1,36.7,26.2,47.3,38.4,39.8,5.8,37.0,5.36,38.1,35.5,5.5,37.55,5.43,36.666666666666664,19.666666666666668,36.970000000000006,27.866666666666664,36.35522727272728
30,1,Tony Snell,0.0,DET,BKN,6.5,227.0,110.3,15,7.5,14.8,19.3,SG/SF,3500,1,11.0,10.0,104,106,-1%,6,5,6,31,28,27,14.8,15.1,8.8,21.3,24.9,17.3,4.9,16.3,4.64,14.3,26.5,4.1,15.3,4.369999999999999,28.666666666666668,5.666666666666667,15.059999999999999,13.866666666666667,14.143604651162791
30,2,Anthony Tolliver,0.0,SAC,OKC,2.5,219.0,108.3,4,1.3,5.6,12.8,PF,3000,1,11.0,7.0,101,106,-11%,2,3,3,7,10,16,5.5,9.9,1.8,18.1,22.6,11.5,3.8,3.8,1.25,0.0,0.0,0.0,1.9,0.625,11.0,2.6666666666666665,7.4399999999999995,6.566666666666666,0.0
30,3,Harrison Barnes,0.0,SAC,OKC,2.5,219.0,108.3,17,15.3,20.4,25.8,SF/PF,4900,1,18.0,13.0,101,106,-3%,11,10,12,37,36,36,20.4,26.6,17.7,35.6,26.4,12.3,2.5,23.0,4.69,23.9,35.0,4.9,23.45,4.795,36.333333333333336,11.0,24.75,20.5,22.589449541284402
30,4,Jordan Clarkson,0.0,UTA,SA,-5.5,220.5,113.0,27,10.8,20.1,30.3,PG/SG,4200,1,26.0,17.0,102,110,5%,10,10,12,23,25,24,20.1,23.0,14.7,31.4,28.9,27.5,6.5,20.3,4.82,20.3,23.0,4.8,20.3,4.8100000000000005,24.0,10.666666666666666,21.9,20.400000000000002,19.454166666666666
30,5,Bogdan Bogdanovic,0.0,SAC,OKC,2.5,219.0,108.3,12,17.8,22.1,26.5,SG/SF,5000,1,24.0,14.0,101,106,-7%,11,13,12,30,29,28,22.1,26.0,15.5,36.5,27.3,35.8,7.2,25.3,5.05,25.9,29.5,5.2,25.6,5.125,29.0,12.0,25.139999999999997,22.133333333333336,26.04137931034483
30,6,DeAndre Jordan,0.0,BKN,DET,-6.5,227.0,116.8,27,13.8,21.9,27.0,C,5200,2,15.0,21.0,101,109,-1%,6,5,5,24,22,21,22.3,25.8,16.3,35.2,20.5,23.0,4.4,23.5,4.52,23.7,19.5,4.6,23.6,4.56,22.333333333333332,5.333333333333333,24.640000000000004,20.900000000000002,20.605970149253732
30,7,Darius Bazley,0.0,OKC,SAC,-2.5,219.0,110.8,17,8.8,17.0,28.5,PF,3500,1,13.0,8.0,100,109,-8%,5,5,4,25,21,18,16.9,12.2,4.8,19.6,17.4,13.8,3.9,14.0,4.0,12.7,17.5,3.6,13.35,3.8,21.333333333333332,4.666666666666667,13.37,18.099999999999998,10.951171875000002
31,0,Bruce Brown,0.0,DET,BKN,6.5,227.0,110.3,13,8.8,19.3,31.8,PG/SF,4600,1,17.0,12.0,104,106,-1%,8,6,8,31,27,28,19.3,23.3,13.2,33.4,17.7,14.8,3.2,17.5,3.8,20.0,25.5,4.3,18.75,4.05,28.666666666666668,7.333333333333333,21.59,19.96666666666667,16.67877906976744
31,1,Kent Bazemore,0.0,SAC,OKC,2.5,219.0,108.3,12,10.3,20.8,32.3,SG/SF,3400,1,16.0,8.0,101,106,-7%,7,8,8,20,24,26,20.8,18.7,11.4,26.0,18.1,8.8,2.6,16.8,4.93,13.0,19.0,3.8,14.9,4.365,23.333333333333332,7.666666666666667,18.360000000000003,21.133333333333333,12.132857142857143
31,2,Georges Niang,0.0,UTA,SA,-5.5,220.5,113.0,19,7.0,16.3,22.0,SF/PF,3300,1,16.0,13.0,102,110,2%,4,6,5,13,17,14,16.3,10.9,3.7,18.1,15.6,9.5,2.9,12.5,3.79,11.6,15.5,3.5,12.05,3.645,14.666666666666666,5.0,12.210000000000003,15.1,12.734659090909092
31,3,Joe Ingles,0.0,UTA,SA,-5.5,220.5,113.0,3,17.5,24.5,29.8,SG/SF,5100,1,17.0,14.0,102,110,2%,8,6,9,31,29,30,24.5,26.0,16.3,35.8,29.9,16.0,3.1,27.5,5.39,26.4,30.0,5.2,26.95,5.295,30.0,7.666666666666667,25.909999999999997,23.933333333333334,26.95
31,4,CJ McCollum,0.0,POR,HOU,4.0,242.5,119.3,17,8.3,33.3,42.0,PG/SG,6900,2,26.0,17.0,106,107,7%,20,20,19,37,36,37,37.1,36.7,26.2,47.3,38.4,39.8,5.8,37.0,5.36,38.1,35.5,5.5,37.55,5.43,36.666666666666664,19.666666666666668,36.970000000000006,27.866666666666664,36.35522727272728
31,5,Joe Harris,0.0,BKN,DET,-6.5,227.0,116.8,14,15.0,19.0,28.0,SG/SF,4500,2,17.0,12.0,101,109,1%,11,9,11,34,31,32,18.9,24.9,16.9,32.8,28.2,15.8,3.5,23.0,5.11,23.7,31.5,5.3,23.35,5.205,32.333333333333336,10.333333333333334,23.369999999999997,20.666666666666668,22.74819587628866
31,6,Nerlens Noel,0.0,OKC,SAC,-2.5,219.0,110.8,19,21.0,25.7,32.3,C,4400,1,15.0,23.0,100,109,-5%,5,7,5,22,23,20,25.7,22.7,15.6,29.8,20.6,27.3,6.2,22.0,5.0,20.9,20.0,4.8,21.45,4.9,21.666666666666668,5.666666666666667,23.05,26.333333333333332,19.799999999999997
31,7,Tony Snell,0.0,DET,BKN,6.5,227.0,110.3,15,7.5,14.8,19.3,SG/SF,3500,1,11.0,10.0,104,106,-1%,6,5,6,31,28,27,14.8,15.1,8.8,21.3,24.9,17.3,4.9,16.3,4.64,14.3,26.5,4.1,15.3,4.369999999999999,28.666666666666668,5.666666666666667,15.059999999999999,13.866666666666667,14.143604651162791
32,0,Tyus Jones,0.0,MEM,NY,-2.5,221.0,111.8,12,3.3,14.7,21.0,PG,3400,0,18.0,14.0,101,111,1%,5,5,6,18,16,19,14.6,16.7,8.9,24.5,20.5,19.8,5.8,15.8,4.63,14.1,17.0,4.1,14.95,4.365,17.666666666666668,5.333333333333333,15.930000000000001,13.0,14.385849056603771
32,1,Shai Gilgeous-Alexander,0.0,OKC,SAC,-2.5,219.0,110.8,16,27.3,38.5,46.5,PG/SG,7300,1,24.0,17.0,100,109,6%,17,14,16,33,36,36,38.5,35.9,25.6,46.3,38.6,42.8,5.9,36.3,4.97,36.5,35.0,5.0,36.4,4.984999999999999,35.0,15.666666666666666,36.540000000000006,37.43333333333333,36.4
32,2,Jakarr Sampson,0.0,IND,CHI,-9.5,213.5,111.5,11,2.0,6.7,18.3,SF/PF,3000,2,0.0,0.0,102,105,2%,3,2,3,10,10,14,6.7,9.1,1.7,16.6,19.5,14.3,4.8,13.0,4.33,12.7,17.0,4.2,12.85,4.265000000000001,11.333333333333334,2.6666666666666665,9.390000000000002,9.0,19.275
32,3,Rudy Gay,0.0,SA,UTA,5.5,220.5,107.5,9,2.0,12.1,17.5,SF/PF,3600,1,21.0,15.0,101,105,-8%,6,7,9,20,19,22,16.1,22.3,13.9,30.7,22.3,24.3,6.8,21.0,5.83,19.7,20.5,5.5,20.35,5.665,20.333333333333332,7.333333333333333,20.670000000000005,10.533333333333333,20.516803278688528
32,4,Kent Bazemore,0.0,SAC,OKC,2.5,219.0,108.3,12,10.3,20.8,32.3,SG/SF,3400,1,16.0,8.0,101,106,-7%,7,8,8,20,24,26,20.8,18.7,11.4,26.0,18.1,8.8,2.6,16.8,4.93,13.0,19.0,3.8,14.9,4.365,23.333333333333332,7.666666666666667,18.360000000000003,21.133333333333333,12.132857142857143
32,5,Georges Niang,0.0,UTA,SA,-5.5,220.5,113.0,19,7.0,16.3,22.0,SF/PF,3300,1,16.0,13.0,102,110,2%,4,6,5,13,17,14,16.3,10.9,3.7,18.1,15.6,9.5,2.9,12.5,3.79,11.6,15.5,3.5,12.05,3.645,14.666666666666666,5.0,12.210000000000003,15.1,12.734659090909092
32,6,Christian Wood,0.0,DET,BKN,6.5,227.0,110.3,27,14.8,22.5,32.5,PF/C,4500,1,21.0,22.0,104,106,-4%,8,7,6,21,22,17,22.5,20.0,8.0,32.0,21.0,34.5,7.7,17.3,3.83,15.7,14.0,3.5,16.5,3.665,20.0,7.0,19.8,23.266666666666666,11.549999999999999
32,7,Caleb Swanigan,0.0,POR,HOU,4.0,242.5,119.3,23,0.8,6.8,14.0,C,3000,2,0.0,0.0,106,107,6%,3,2,1,18,9,7,6.8,5.2,0.2,10.2,7.2,4.3,1.4,11.8,3.92,10.7,11.5,3.6,11.25,3.76,11.333333333333334,2.0,6.7299999999999995,7.2,11.415441176470587
33,0,Kris Dunn,0.0,CHI,IND,9.5,213.5,102.0,29,28.3,31.4,35.5,PG/SF,5500,1,16.0,12.0,101,105,0%,8,7,7,34,32,26,31.6,22.1,13.4,30.8,16.4,17.0,3.1,25.0,4.55,26.3,32.0,4.8,25.65,4.675,30.666666666666668,7.333333333333333,24.71,31.733333333333334,26.765217391304347
33,1,Timothe Luwawu-Cabarrot,0.0,BKN,DET,-6.5,227.0,116.8,14,1.3,8.8,17.0,SG/SF,3000,2,14.0,7.0,101,109,-5%,2,3,4,4,11,16,8.8,9.5,2.1,17.0,6.6,8.3,2.8,6.8,2.25,0.0,0.0,0.0,3.4,1.125,10.333333333333334,3.0,8.16,9.033333333333333,0.0
33,2,P.J. Tucker,0.0,HOU,POR,-4.0,242.5,123.3,20,11.8,23.9,32.0,PF/C,4600,1,9.0,9.0,103,110,7%,4,4,6,35,36,36,23.9,23.0,13.5,32.6,34.7,24.8,5.4,22.5,4.89,22.0,35.0,4.8,22.25,4.845,35.666666666666664,4.666666666666667,23.05,22.566666666666666,21.83411214953271
33,3,Bruce Brown,0.0,DET,BKN,6.5,227.0,110.3,13,8.8,19.3,31.8,PG/SF,4600,1,17.0,12.0,104,106,-1%,8,6,8,31,27,28,19.3,23.3,13.2,33.4,17.7,14.8,3.2,17.5,3.8,20.0,25.5,4.3,18.75,4.05,28.666666666666668,7.333333333333333,21.59,19.96666666666667,16.67877906976744
33,4,Damian Lillard,0.0,POR,HOU,4.0,242.5,119.3,17,45.5,69.4,92.0,PG,10500,2,31.0,26.0,106,107,1%,26,27,20,40,40,38,70.0,49.9,36.5,63.3,39.2,70.5,6.7,52.8,5.02,52.9,37.5,5.0,52.849999999999994,5.01,39.333333333333336,24.333333333333332,54.50999999999999,68.96666666666667,50.38665254237287
33,5,Gary Trent Jr.,0.0,POR,HOU,4.0,242.5,119.3,18,9.8,23.7,48.3,SG/SF,3900,2,14.0,11.0,106,107,7%,8,10,5,29,31,16,23.7,10.5,0.8,20.2,26.1,25.8,6.6,15.3,3.91,15.4,22.0,3.9,15.350000000000001,3.9050000000000002,25.333333333333332,7.666666666666667,14.110000000000003,27.266666666666666,13.330263157894738
33,6,Steven Adams,0.0,OKC,SAC,-2.5,219.0,110.8,19,0.0,12.0,21.3,C,5500,1,17.0,21.0,100,109,-5%,4,6,8,24,26,28,24.8,31.4,21.4,41.4,25.9,23.5,4.3,26.5,4.82,26.7,25.5,4.9,26.6,4.86,26.0,6.0,29.119999999999997,11.1,26.08846153846154
33,7,Tyus Jones,0.0,MEM,NY,-2.5,221.0,111.8,12,3.3,14.7,21.0,PG,3400,0,18.0,14.0,101,111,1%,5,5,6,18,16,19,14.6,16.7,8.9,24.5,20.5,19.8,5.8,15.8,4.63,14.1,17.0,4.1,14.95,4.365,17.666666666666668,5.333333333333333,15.930000000000001,13.0,14.385849056603771
34,0,T.J. McConnell,0.0,IND,CHI,-9.5,213.5,111.5,2,20.3,28.8,40.5,PG,4900,2,20.0,17.0,102,105,-14%,10,7,6,29,26,20,28.8,19.8,11.6,27.9,17.1,7.5,1.5,10.5,2.14,12.7,13.5,2.6,11.6,2.37,25.0,7.666666666666667,19.939999999999998,29.866666666666664,6.263999999999999
34,1,Dennis Schroder,0.0,OKC,SAC,-2.5,219.0,110.8,16,35.8,40.6,49.3,PG/SG,7000,1,27.0,16.0,100,109,-4%,18,17,15,36,34,31,40.6,31.1,21.6,40.7,30.4,45.0,6.4,29.8,4.25,30.2,31.5,4.3,30.0,4.275,33.666666666666664,16.666666666666668,32.8,41.9,28.06930693069307
34,2,Danuel House Jr.,0.0,HOU,POR,-4.0,242.5,123.3,18,8.5,27.6,47.8,SF/PF,5500,1,13.0,11.0,103,110,0%,12,9,9,37,32,31,27.4,21.4,11.8,31.1,24.3,18.5,3.4,19.3,3.5,17.7,25.0,3.2,18.5,3.35,33.333333333333336,10.0,22.04,27.96666666666667,13.874999999999998
34,3,Reggie Bullock,0.0,NY,MEM,2.5,221.0,109.3,5,8.8,15.2,20.8,SG/SF,4000,0,17.0,12.0,106,109,6%,8,8,9,30,27,25,15.2,17.5,11.1,24.0,19.7,11.8,3.0,20.3,5.06,20.2,27.0,5.0,20.25,5.029999999999999,27.333333333333332,8.333333333333334,17.61,14.933333333333332,20.003048780487806
34,4,Garrett Temple,0.0,BKN,DET,-6.5,227.0,116.8,8,8.8,16.3,24.8,PG/SG,3500,2,17.0,10.0,101,109,-5%,9,7,10,28,23,29,16.3,21.2,12.5,30.0,24.3,19.3,5.5,16.3,4.64,15.6,22.0,4.5,15.95,4.57,26.666666666666668,8.666666666666666,19.19,16.633333333333336,13.158749999999998
34,5,Gary Trent Jr.,0.0,POR,HOU,4.0,242.5,119.3,18,9.8,23.7,48.3,SG/SF,3900,2,14.0,11.0,106,107,7%,8,10,5,29,31,16,23.7,10.5,0.8,20.2,26.1,25.8,6.6,15.3,3.91,15.4,22.0,3.9,15.350000000000001,3.9050000000000002,25.333333333333332,7.666666666666667,14.110000000000003,27.266666666666666,13.330263157894738
34,6,Harry Giles III,0.0,SAC,OKC,2.5,219.0,108.3,4,1.5,9.0,19.5,PF/C,3200,1,0.0,0.0,101,106,-11%,2,2,4,14,10,11,8.9,11.0,4.5,17.5,17.3,24.5,7.7,9.3,2.89,0.0,0.0,0.0,4.65,1.445,11.666666666666666,2.6666666666666665,9.309999999999999,10.0,0.0
34,7,Damyean Dotson,0.0,NY,MEM,2.5,221.0,109.3,5,9.5,18.6,25.3,SG/SF,3300,0,17.0,11.0,106,109,6%,5,8,6,19,23,17,18.6,12.2,4.7,19.7,24.3,18.5,5.6,15.5,4.7,14.7,20.0,4.5,15.1,4.6,19.666666666666668,6.333333333333333,14.059999999999999,17.8,15.355932203389829
35,0,Donovan Mitchell,0.0,UTA,SA,-5.5,220.5,113.0,27,30.5,40.5,51.8,PG/SG,8000,1,31.0,21.0,102,110,0%,25,24,21,37,36,35,45.8,40.7,31.9,49.6,33.6,40.3,5.0,39.0,4.88,39.6,35.0,5.0,39.3,4.9399999999999995,36.0,23.333333333333332,41.46,40.93333333333333,38.20833333333333
35,1,Derrick White,0.0,SA,UTA,5.5,220.5,107.5,5,7.0,29.7,41.3,PG/SG,4700,1,18.0,15.0,101,105,-3%,7,8,8,25,27,24,29.6,21.8,13.4,30.3,22.9,16.5,3.5,21.3,4.52,24.0,26.0,5.1,22.65,4.81,25.333333333333332,7.666666666666667,23.55,26.0,23.246052631578948
35,2,Chimezie Metu,0.0,SA,UTA,5.5,220.5,107.5,11,3.3,6.3,9.3,PF/C,3000,1,0.0,0.0,101,105,-5%,3,3,2,7,6,4,6.3,6.0,-0.4,12.5,6.0,4.5,1.5,10.3,3.42,0.0,0.0,0.0,5.15,1.71,5.666666666666667,2.6666666666666665,5.910000000000001,6.3,0.0
35,3,Joe Ingles,0.0,UTA,SA,-5.5,220.5,113.0,3,17.5,24.5,29.8,SG/SF,5100,1,17.0,14.0,102,110,2%,8,6,9,31,29,30,24.5,26.0,16.3,35.8,29.9,16.0,3.1,27.5,5.39,26.4,30.0,5.2,26.95,5.295,30.0,7.666666666666667,25.909999999999997,23.933333333333334,26.95
35,4,Mike Conley,0.0,UTA,SA,-5.5,220.5,113.0,27,12.5,14.8,18.3,PG,3800,1,24.0,12.0,102,110,5%,9,9,12,22,20,28,15.7,24.8,14.8,34.7,20.9,13.5,3.6,23.0,6.05,22.2,24.5,5.8,22.6,5.925,23.333333333333332,10.0,22.52,15.200000000000001,23.73
35,5,Marcus Morris Sr.,0.0,NY,MEM,2.5,221.0,109.3,21,25.8,31.1,39.0,SF/PF,6500,0,23.0,17.0,106,109,-1%,19,17,15,35,35,33,31.1,31.8,20.4,43.2,26.1,28.0,4.3,31.5,4.85,32.6,34.0,5.0,32.05,4.925,34.333333333333336,17.0,31.71,31.96666666666667,31.738834951456305
35,6,Nerlens Noel,0.0,OKC,SAC,-2.5,219.0,110.8,19,21.0,25.7,32.3,C,4400,1,15.0,23.0,100,109,-5%,5,7,5,22,23,20,25.7,22.7,15.6,29.8,20.6,27.3,6.2,22.0,5.0,20.9,20.0,4.8,21.45,4.9,21.666666666666668,5.666666666666667,23.05,26.333333333333332,19.799999999999997
35,7,Danilo Gallinari,0.0,OKC,SAC,-2.5,219.0,110.8,16,23.5,37.2,45.0,SF/PF,6800,1,23.0,20.0,100,109,1%,11,13,14,30,32,31,37.2,32.7,25.1,40.2,29.1,31.0,4.6,33.5,4.93,33.7,31.5,5.0,33.6,4.965,31.0,12.666666666666666,33.760000000000005,35.233333333333334,34.141935483870974
36,0,De'Aaron Fox,0.0,SAC,OKC,2.5,219.0,108.3,25,32.5,38.9,46.8,PG,8100,1,31.0,20.0,101,106,2%,16,17,15,31,32,32,38.8,39.7,28.6,50.9,27.6,31.3,3.9,39.3,4.85,42.5,33.0,5.2,40.9,5.025,31.666666666666668,16.0,39.78,39.4,42.62210526315789
36,1,Hamidou Diallo,0.0,OKC,SAC,-2.5,219.0,110.8,17,8.8,16.5,25.5,SG/SF,3300,1,17.0,10.0,100,109,6%,6,5,7,20,20,20,16.5,14.8,7.6,22.0,18.3,5.3,1.6,12.5,3.79,12.2,17.5,3.7,12.35,3.745,20.0,6.0,14.65,16.933333333333334,10.806249999999999
36,2,Georges Niang,0.0,UTA,SA,-5.5,220.5,113.0,19,7.0,16.3,22.0,SF/PF,3300,1,16.0,13.0,102,110,2%,4,6,5,13,17,14,16.3,10.9,3.7,18.1,15.6,9.5,2.9,12.5,3.79,11.6,15.5,3.5,12.05,3.645,14.666666666666666,5.0,12.210000000000003,15.1,12.734659090909092
36,3,Kyle Anderson,0.0,MEM,NY,-2.5,221.0,111.8,3,14.0,18.7,27.0,SF/PF,4600,0,14.0,13.0,101,111,2%,5,5,4,28,20,17,18.6,15.0,7.5,22.6,17.0,9.0,2.0,12.3,2.66,13.3,16.5,2.9,12.8,2.7800000000000002,21.666666666666668,4.666666666666667,15.3,19.900000000000002,9.747692307692308
36,4,Chris Paul,0.0,OKC,SAC,-2.5,219.0,110.8,16,34.0,43.2,50.0,PG,7400,1,24.0,21.0,100,109,-4%,16,15,13,30,30,32,43.1,37.0,27.7,46.3,26.3,33.8,4.6,37.3,5.03,36.6,32.0,4.9,36.95,4.965,30.666666666666668,14.666666666666666,38.21,42.4,38.55652173913044
36,5,DeMar DeRozan,0.0,SA,UTA,5.5,220.5,107.5,27,29.3,40.9,53.0,SG/SF,8400,1,27.0,22.0,101,105,-9%,15,15,16,35,36,35,40.9,39.6,31.2,48.0,37.3,51.3,6.1,39.5,4.7,41.0,35.5,4.9,40.25,4.800000000000001,35.333333333333336,15.333333333333334,39.989999999999995,41.06666666666667,40.43985849056604
36,6,Caleb Swanigan,0.0,POR,HOU,4.0,242.5,119.3,23,0.8,6.8,14.0,C,3000,2,0.0,0.0,106,107,6%,3,2,1,18,9,7,6.8,5.2,0.2,10.2,7.2,4.3,1.4,11.8,3.92,10.7,11.5,3.6,11.25,3.76,11.333333333333334,2.0,6.7299999999999995,7.2,11.415441176470587
36,7,Jae Crowder,0.0,MEM,NY,-2.5,221.0,111.8,3,10.5,17.8,30.0,SF,4400,0,16.0,11.0,101,111,9%,5,5,9,28,27,30,21.8,25.8,14.7,36.8,29.8,33.3,7.6,20.3,4.6,21.5,25.0,4.9,20.9,4.75,28.333333333333332,6.333333333333333,24.0,19.433333333333334,18.441176470588236
37,0,Derrick Rose,0.0,DET,BKN,6.5,227.0,110.3,13,32.5,41.7,47.0,PG/SG,7600,1,32.0,22.0,104,106,10%,22,20,15,35,32,27,41.6,32.7,24.3,41.1,30.8,36.5,4.8,38.0,5.0,38.5,31.5,5.1,38.25,5.05,31.333333333333332,19.0,35.59,40.4,38.45345744680851
37,1,Joe Harris,0.0,BKN,DET,-6.5,227.0,116.8,14,15.0,19.0,28.0,SG/SF,4500,2,17.0,12.0,101,109,1%,11,9,11,34,31,32,18.9,24.9,16.9,32.8,28.2,15.8,3.5,23.0,5.11,23.7,31.5,5.3,23.35,5.205,32.333333333333336,10.333333333333334,23.369999999999997,20.666666666666668,22.74819587628866
37,2,Thaddeus Young,0.0,CHI,IND,9.5,213.5,102.0,5,13.3,25.8,36.0,PF,5300,1,20.0,13.0,101,105,-6%,10,9,9,32,28,23,25.8,20.4,12.4,28.3,35.9,22.5,4.2,25.8,4.86,27.1,31.5,5.1,26.450000000000003,4.98,27.666666666666668,9.333333333333334,22.67,25.03333333333333,30.11475903614458
37,3,Svi Mykhailiuk,0.0,DET,BKN,6.5,227.0,110.3,15,13.5,20.6,32.8,SG/SF,4400,1,16.0,12.0,104,106,-11%,14,11,7,32,30,22,20.6,15.3,5.9,24.6,19.3,5.3,1.2,20.8,4.72,17.1,25.5,3.9,18.950000000000003,4.31,28.0,10.666666666666666,17.07,22.3,17.258035714285718
37,4,Bruce Brown,0.0,DET,BKN,6.5,227.0,110.3,13,8.8,19.3,31.8,PG/SF,4600,1,17.0,12.0,104,106,-1%,8,6,8,31,27,28,19.3,23.3,13.2,33.4,17.7,14.8,3.2,17.5,3.8,20.0,25.5,4.3,18.75,4.05,28.666666666666668,7.333333333333333,21.59,19.96666666666667,16.67877906976744
37,5,Kevin Knox II,0.0,NY,MEM,2.5,221.0,109.3,21,5.3,7.7,12.5,SF/PF,3000,0,18.0,10.0,106,109,6%,4,4,7,13,13,19,7.7,14.6,7.3,21.8,22.4,11.8,3.9,9.5,3.17,10.5,14.5,3.5,10.0,3.335,15.0,5.0,12.28,8.5,9.666666666666666
37,6,Harry Giles III,0.0,SAC,OKC,2.5,219.0,108.3,4,1.5,9.0,19.5,PF/C,3200,1,0.0,0.0,101,106,-11%,2,2,4,14,10,11,8.9,11.0,4.5,17.5,17.3,24.5,7.7,9.3,2.89,0.0,0.0,0.0,4.65,1.445,11.666666666666666,2.6666666666666665,9.309999999999999,10.0,0.0
37,7,Bojan Bogdanovic,0.0,UTA,SA,-5.5,220.5,113.0,19,19.0,30.8,38.5,SF/PF,6000,1,25.0,17.0,102,110,2%,17,15,16,35,32,34,30.8,31.2,22.4,40.0,33.8,34.8,5.8,29.3,4.88,31.1,33.5,5.2,30.200000000000003,5.04,33.666666666666664,16.0,30.920000000000005,29.433333333333334,30.050495049504956
38,0,Elfrid Payton,0.0,NY,MEM,2.5,221.0,109.3,26,32.5,34.2,39.0,PG,6300,0,21.0,14.0,106,109,4%,11,10,10,32,32,27,34.0,27.8,19.3,36.4,34.9,44.8,7.1,31.3,4.96,31.9,31.5,5.1,31.6,5.029999999999999,30.333333333333332,10.333333333333334,29.82,35.233333333333334,32.815384615384616
38,1,Joe Ingles,0.0,UTA,SA,-5.5,220.5,113.0,3,17.5,24.5,29.8,SG/SF,5100,1,17.0,14.0,102,110,2%,8,6,9,31,29,30,24.5,26.0,16.3,35.8,29.9,16.0,3.1,27.5,5.39,26.4,30.0,5.2,26.95,5.295,30.0,7.666666666666667,25.909999999999997,23.933333333333334,26.95
38,2,Trevor Ariza,0.0,POR,HOU,4.0,242.5,119.3,26,8.3,20.4,38.3,SF/PF,4900,2,15.0,10.0,106,107,7%,9,7,6,34,30,26,20.4,17.8,7.9,27.8,38.3,33.0,6.7,23.3,4.74,22.5,31.5,4.6,22.9,4.67,30.0,7.333333333333333,19.360000000000003,22.333333333333332,24.044999999999998
38,3,Joe Harris,0.0,BKN,DET,-6.5,227.0,116.8,14,15.0,19.0,28.0,SG/SF,4500,2,17.0,12.0,101,109,1%,11,9,11,34,31,32,18.9,24.9,16.9,32.8,28.2,15.8,3.5,23.0,5.11,23.7,31.5,5.3,23.35,5.205,32.333333333333336,10.333333333333334,23.369999999999997,20.666666666666668,22.74819587628866
38,4,Jeremy Lamb,0.0,IND,CHI,-9.5,213.5,111.5,29,4.3,21.9,38.5,SG/SF,5200,2,20.0,15.0,102,105,-3%,12,10,11,31,26,30,22.1,26.9,17.8,36.0,32.0,19.8,3.8,21.5,4.13,22.1,24.5,4.3,21.8,4.215,29.0,11.0,24.919999999999998,21.566666666666666,18.417241379310347
38,5,Luguentz Dort,0.0,OKC,SAC,-2.5,219.0,110.8,16,6.8,12.3,19.0,SF,3300,1,0.0,0.0,100,109,-4%,6,6,4,28,26,20,12.3,9.1,4.2,14.0,26.5,31.0,9.4,15.0,4.55,13.8,24.5,4.2,14.4,4.375,24.666666666666668,5.333333333333333,10.8,12.700000000000001,14.302702702702703
38,6,Trey Lyles,0.0,SA,UTA,5.5,220.5,107.5,11,0.0,12.3,24.5,PF/C,3700,1,13.0,11.0,101,105,-5%,5,4,5,16,17,18,12.3,15.4,7.8,23.1,11.9,11.0,3.0,21.0,5.68,19.1,22.5,5.2,20.05,5.4399999999999995,17.0,4.666666666666667,15.73,12.266666666666666,26.536764705882355
38,7,Thabo Sefolosha,0.0,HOU,POR,-4.0,242.5,123.3,18,3.3,10.4,18.3,SF/PF,3700,1,11.0,9.0,103,110,7%,6,3,2,21,13,10,10.4,7.4,1.9,13.0,3.9,1.3,0.4,8.3,2.23,0.0,0.0,0.0,4.15,1.115,14.666666666666666,3.6666666666666665,7.37,10.666666666666666,0.0
39,0,Spencer Dinwiddie,0.0,BKN,DET,-6.5,227.0,116.8,8,19.8,31.5,39.8,PG/SG,7500,2,31.0,18.0,101,109,2%,13,13,17,35,32,32,31.4,38.4,28.4,48.5,29.2,42.3,5.6,36.0,4.8,35.7,31.5,4.8,35.85,4.8,33.0,14.333333333333334,36.51,30.366666666666664,34.220454545454544
39,1,Garrett Temple,0.0,BKN,DET,-6.5,227.0,116.8,8,8.8,16.3,24.8,PG/SG,3500,2,17.0,10.0,101,109,-5%,9,7,10,28,23,29,16.3,21.2,12.5,30.0,24.3,19.3,5.5,16.3,4.64,15.6,22.0,4.5,15.95,4.57,26.666666666666668,8.666666666666666,19.19,16.633333333333336,13.158749999999998
39,2,Markieff Morris,0.0,DET,BKN,6.5,227.0,110.3,27,13.5,18.9,30.3,PF/C,4400,1,21.0,13.0,104,106,-4%,7,10,9,25,25,23,18.9,20.1,11.6,28.6,31.9,25.8,5.9,20.8,4.72,16.2,18.5,3.7,18.5,4.21,24.333333333333332,8.666666666666666,19.54,20.900000000000002,14.065068493150685
39,3,Danilo Gallinari,0.0,OKC,SAC,-2.5,219.0,110.8,16,23.5,37.2,45.0,SF/PF,6800,1,23.0,20.0,100,109,1%,11,13,14,30,32,31,37.2,32.7,25.1,40.2,29.1,31.0,4.6,33.5,4.93,33.7,31.5,5.0,33.6,4.965,31.0,12.666666666666666,33.760000000000005,35.233333333333334,34.141935483870974
39,4,Damian Lillard,0.0,POR,HOU,4.0,242.5,119.3,17,45.5,69.4,92.0,PG,10500,2,31.0,26.0,106,107,1%,26,27,20,40,40,38,70.0,49.9,36.5,63.3,39.2,70.5,6.7,52.8,5.02,52.9,37.5,5.0,52.849999999999994,5.01,39.333333333333336,24.333333333333332,54.50999999999999,68.96666666666667,50.38665254237287
39,5,Carmelo Anthony,0.0,POR,HOU,4.0,242.5,119.3,7,15.0,29.2,42.3,PF,5900,2,22.0,13.0,106,107,6%,17,15,15,35,36,33,29.1,29.8,19.9,39.7,34.5,29.8,5.1,32.3,5.47,32.1,34.0,5.4,32.2,5.4350000000000005,34.666666666666664,15.666666666666666,30.139999999999997,28.833333333333332,31.580769230769235
39,6,DeAndre Jordan,0.0,BKN,DET,-6.5,227.0,116.8,27,13.8,21.9,27.0,C,5200,2,15.0,21.0,101,109,-1%,6,5,5,24,22,21,22.3,25.8,16.3,35.2,20.5,23.0,4.4,23.5,4.52,23.7,19.5,4.6,23.6,4.56,22.333333333333332,5.333333333333333,24.640000000000004,20.900000000000002,20.605970149253732
39,7,Anfernee Simons,0.0,POR,HOU,4.0,242.5,119.3,17,3.5,16.3,26.0,PG/SG,3800,2,19.0,9.0,106,107,7%,6,10,9,19,30,23,16.3,15.8,8.1,23.5,9.7,3.5,0.9,14.3,3.75,14.3,19.5,3.8,14.3,3.775,24.0,8.333333333333334,15.6,15.266666666666666,11.61875
40,0,Shai Gilgeous-Alexander,0.0,OKC,SAC,-2.5,219.0,110.8,16,27.3,38.5,46.5,PG/SG,7300,1,24.0,17.0,100,109,6%,17,14,16,33,36,36,38.5,35.9,25.6,46.3,38.6,42.8,5.9,36.3,4.97,36.5,35.0,5.0,36.4,4.984999999999999,35.0,15.666666666666666,36.540000000000006,37.43333333333333,36.4
40,1,Jeremy Lamb,0.0,IND,CHI,-9.5,213.5,111.5,29,4.3,21.9,38.5,SG/SF,5200,2,20.0,15.0,102,105,-3%,12,10,11,31,26,30,22.1,26.9,17.8,36.0,32.0,19.8,3.8,21.5,4.13,22.1,24.5,4.3,21.8,4.215,29.0,11.0,24.919999999999998,21.566666666666666,18.417241379310347
40,2,Chimezie Metu,0.0,SA,UTA,5.5,220.5,107.5,11,3.3,6.3,9.3,PF/C,3000,1,0.0,0.0,101,105,-5%,3,3,2,7,6,4,6.3,6.0,-0.4,12.5,6.0,4.5,1.5,10.3,3.42,0.0,0.0,0.0,5.15,1.71,5.666666666666667,2.6666666666666665,5.910000000000001,6.3,0.0
40,3,Gary Trent Jr.,0.0,POR,HOU,4.0,242.5,119.3,18,9.8,23.7,48.3,SG/SF,3900,2,14.0,11.0,106,107,7%,8,10,5,29,31,16,23.7,10.5,0.8,20.2,26.1,25.8,6.6,15.3,3.91,15.4,22.0,3.9,15.350000000000001,3.9050000000000002,25.333333333333332,7.666666666666667,14.110000000000003,27.266666666666666,13.330263157894738
40,4,Marko Guduric,0.0,MEM,NY,-2.5,221.0,111.8,9,-1.0,5.2,16.5,SG/SF,3000,0,18.0,7.0,101,111,1%,3,1,4,10,7,14,5.2,9.6,2.6,16.6,12.7,7.5,2.5,8.3,2.75,8.7,12.0,2.9,8.5,2.825,10.333333333333334,2.6666666666666665,8.5,6.8999999999999995,9.870967741935484
40,5,Jae Crowder,0.0,MEM,NY,-2.5,221.0,111.8,3,10.5,17.8,30.0,SF,4400,0,16.0,11.0,101,111,9%,5,5,9,28,27,30,21.8,25.8,14.7,36.8,29.8,33.3,7.6,20.3,4.6,21.5,25.0,4.9,20.9,4.75,28.333333333333332,6.333333333333333,24.0,19.433333333333334,18.441176470588236
40,6,Jarrett Allen,0.0,BKN,DET,-6.5,227.0,116.8,27,14.3,30.1,50.8,C,6100,2,15.0,20.0,101,109,-1%,8,7,7,36,32,28,30.1,30.2,18.9,41.5,27.5,30.5,5.0,29.8,4.88,30.3,27.5,5.0,30.05,4.9399999999999995,32.0,7.333333333333333,30.15,31.733333333333334,25.82421875
40,7,Joe Harris,0.0,BKN,DET,-6.5,227.0,116.8,14,15.0,19.0,28.0,SG/SF,4500,2,17.0,12.0,101,109,1%,11,9,11,34,31,32,18.9,24.9,16.9,32.8,28.2,15.8,3.5,23.0,5.11,23.7,31.5,5.3,23.35,5.205,32.333333333333336,10.333333333333334,23.369999999999997,20.666666666666668,22.74819587628866
41,0,Garrett Temple,0.0,BKN,DET,-6.5,227.0,116.8,8,8.8,16.3,24.8,PG/SG,3500,2,17.0,10.0,101,109,-5%,9,7,10,28,23,29,16.3,21.2,12.5,30.0,24.3,19.3,5.5,16.3,4.64,15.6,22.0,4.5,15.95,4.57,26.666666666666668,8.666666666666666,19.19,16.633333333333336,13.158749999999998
41,1,Eric Gordon,0.0,HOU,POR,-4.0,242.5,123.3,23,8.3,35.9,70.0,SG/SF,7300,1,22.0,11.0,103,110,-2%,18,16,14,37,34,30,35.9,23.6,10.1,37.0,29.6,17.5,2.4,22.8,3.12,25.5,31.5,3.5,24.15,3.31,33.666666666666664,16.0,26.15,38.06666666666667,22.59579207920792
41,2,Bojan Bogdanovic,0.0,UTA,SA,-5.5,220.5,113.0,19,19.0,30.8,38.5,SF/PF,6000,1,25.0,17.0,102,110,2%,17,15,16,35,32,34,30.8,31.2,22.4,40.0,33.8,34.8,5.8,29.3,4.88,31.1,33.5,5.2,30.200000000000003,5.04,33.666666666666664,16.0,30.920000000000005,29.433333333333334,30.050495049504956
41,3,Doug McDermott,0.0,IND,CHI,-9.5,213.5,111.5,11,12.8,24.4,32.5,SF/PF,4400,2,18.0,14.0,102,105,2%,11,10,8,27,25,21,24.4,16.8,8.8,24.7,16.9,12.3,2.8,16.0,3.64,18.9,23.5,4.3,17.45,3.9699999999999998,24.333333333333332,9.666666666666666,18.43,23.233333333333334,16.852397260273975
41,4,Bogdan Bogdanovic,0.0,SAC,OKC,2.5,219.0,108.3,12,17.8,22.1,26.5,SG/SF,5000,1,24.0,14.0,101,106,-7%,11,13,12,30,29,28,22.1,26.0,15.5,36.5,27.3,35.8,7.2,25.3,5.05,25.9,29.5,5.2,25.6,5.125,29.0,12.0,25.139999999999997,22.133333333333336,26.04137931034483
41,5,DeMar DeRozan,0.0,SA,UTA,5.5,220.5,107.5,27,29.3,40.9,53.0,SG/SF,8400,1,27.0,22.0,101,105,-9%,15,15,16,35,36,35,40.9,39.6,31.2,48.0,37.3,51.3,6.1,39.5,4.7,41.0,35.5,4.9,40.25,4.800000000000001,35.333333333333336,15.333333333333334,39.989999999999995,41.06666666666667,40.43985849056604
41,6,Jaren Jackson Jr.,0.0,MEM,NY,-2.5,221.0,111.8,15,27.5,33.0,44.5,PF/C,6400,0,24.0,18.0,101,111,9%,11,13,14,32,30,29,32.6,31.8,22.2,41.3,19.3,16.5,2.6,32.8,5.12,33.1,31.0,5.2,32.95,5.16,30.333333333333332,12.666666666666666,32.17,35.0,33.674175824175826
41,7,Kevin Knox II,0.0,NY,MEM,2.5,221.0,109.3,21,5.3,7.7,12.5,SF/PF,3000,0,18.0,10.0,106,109,6%,4,4,7,13,13,19,7.7,14.6,7.3,21.8,22.4,11.8,3.9,9.5,3.17,10.5,14.5,3.5,10.0,3.335,15.0,5.0,12.28,8.5,9.666666666666666
43,0,Derrick Rose,0.0,DET,BKN,6.5,227.0,110.3,13,32.5,41.7,47.0,PG/SG,7600,1,32.0,22.0,104,106,10%,22,20,15,35,32,27,41.6,32.7,24.3,41.1,30.8,36.5,4.8,38.0,5.0,38.5,31.5,5.1,38.25,5.05,31.333333333333332,19.0,35.59,40.4,38.45345744680851
43,1,Garrett Temple,0.0,BKN,DET,-6.5,227.0,116.8,8,8.8,16.3,24.8,PG/SG,3500,2,17.0,10.0,101,109,-5%,9,7,10,28,23,29,16.3,21.2,12.5,30.0,24.3,19.3,5.5,16.3,4.64,15.6,22.0,4.5,15.95,4.57,26.666666666666668,8.666666666666666,19.19,16.633333333333336,13.158749999999998
43,2,Danuel House Jr.,0.0,HOU,POR,-4.0,242.5,123.3,18,8.5,27.6,47.8,SF/PF,5500,1,13.0,11.0,103,110,0%,12,9,9,37,32,31,27.4,21.4,11.8,31.1,24.3,18.5,3.4,19.3,3.5,17.7,25.0,3.2,18.5,3.35,33.333333333333336,10.0,22.04,27.96666666666667,13.874999999999998
43,3,Tony Snell,0.0,DET,BKN,6.5,227.0,110.3,15,7.5,14.8,19.3,SG/SF,3500,1,11.0,10.0,104,106,-1%,6,5,6,31,28,27,14.8,15.1,8.8,21.3,24.9,17.3,4.9,16.3,4.64,14.3,26.5,4.1,15.3,4.369999999999999,28.666666666666668,5.666666666666667,15.059999999999999,13.866666666666667,14.143604651162791
43,4,Jordan Clarkson,0.0,UTA,SA,-5.5,220.5,113.0,27,10.8,20.1,30.3,PG/SG,4200,1,26.0,17.0,102,110,5%,10,10,12,23,25,24,20.1,23.0,14.7,31.4,28.9,27.5,6.5,20.3,4.82,20.3,23.0,4.8,20.3,4.8100000000000005,24.0,10.666666666666666,21.9,20.400000000000002,19.454166666666666
43,5,Christian Wood,0.0,DET,BKN,6.5,227.0,110.3,27,14.8,22.5,32.5,PF/C,4500,1,21.0,22.0,104,106,-4%,8,7,6,21,22,17,22.5,20.0,8.0,32.0,21.0,34.5,7.7,17.3,3.83,15.7,14.0,3.5,16.5,3.665,20.0,7.0,19.8,23.266666666666666,11.549999999999999
43,6,Cristiano Felicio,0.0,CHI,IND,9.5,213.5,102.0,29,8.5,13.4,24.8,C,3300,1,0.0,0.0,101,105,2%,2,2,2,18,19,15,13.9,9.3,1.3,17.4,29.9,22.0,6.7,15.0,4.55,13.7,18.0,4.2,14.35,4.375,17.333333333333332,2.0,11.25,15.566666666666668,14.901923076923078
43,7,Tyus Jones,0.0,MEM,NY,-2.5,221.0,111.8,12,3.3,14.7,21.0,PG,3400,0,18.0,14.0,101,111,1%,5,5,6,18,16,19,14.6,16.7,8.9,24.5,20.5,19.8,5.8,15.8,4.63,14.1,17.0,4.1,14.95,4.365,17.666666666666668,5.333333333333333,15.930000000000001,13.0,14.385849056603771
44,0,CJ McCollum,0.0,POR,HOU,4.0,242.5,119.3,17,8.3,33.3,42.0,PG/SG,6900,2,26.0,17.0,106,107,7%,20,20,19,37,36,37,37.1,36.7,26.2,47.3,38.4,39.8,5.8,37.0,5.36,38.1,35.5,5.5,37.55,5.43,36.666666666666664,19.666666666666668,36.970000000000006,27.866666666666664,36.35522727272728
44,1,Dennis Schroder,0.0,OKC,SAC,-2.5,219.0,110.8,16,35.8,40.6,49.3,PG/SG,7000,1,27.0,16.0,100,109,-4%,18,17,15,36,34,31,40.6,31.1,21.6,40.7,30.4,45.0,6.4,29.8,4.25,30.2,31.5,4.3,30.0,4.275,33.666666666666664,16.666666666666668,32.8,41.9,28.06930693069307
44,2,Harry Giles III,0.0,SAC,OKC,2.5,219.0,108.3,4,1.5,9.0,19.5,PF/C,3200,1,0.0,0.0,101,106,-11%,2,2,4,14,10,11,8.9,11.0,4.5,17.5,17.3,24.5,7.7,9.3,2.89,0.0,0.0,0.0,4.65,1.445,11.666666666666666,2.6666666666666665,9.309999999999999,10.0,0.0
44,3,Rudy Gay,0.0,SA,UTA,5.5,220.5,107.5,9,2.0,12.1,17.5,SF/PF,3600,1,21.0,15.0,101,105,-8%,6,7,9,20,19,22,16.1,22.3,13.9,30.7,22.3,24.3,6.8,21.0,5.83,19.7,20.5,5.5,20.35,5.665,20.333333333333332,7.333333333333333,20.670000000000005,10.533333333333333,20.516803278688528
44,4,Chris Paul,0.0,OKC,SAC,-2.5,219.0,110.8,16,34.0,43.2,50.0,PG,7400,1,24.0,21.0,100,109,-4%,16,15,13,30,30,32,43.1,37.0,27.7,46.3,26.3,33.8,4.6,37.3,5.03,36.6,32.0,4.9,36.95,4.965,30.666666666666668,14.666666666666666,38.21,42.4,38.55652173913044
44,5,Thaddeus Young,0.0,CHI,IND,9.5,213.5,102.0,5,13.3,25.8,36.0,PF,5300,1,20.0,13.0,101,105,-6%,10,9,9,32,28,23,25.8,20.4,12.4,28.3,35.9,22.5,4.2,25.8,4.86,27.1,31.5,5.1,26.450000000000003,4.98,27.666666666666668,9.333333333333334,22.67,25.03333333333333,30.11475903614458
44,6,Mitchell Robinson,0.0,NY,MEM,2.5,221.0,109.3,8,13.3,21.2,28.5,C,5000,0,14.0,22.0,106,109,5%,4,3,6,22,23,23,21.2,23.9,15.8,31.9,30.8,38.3,7.7,25.3,5.05,24.2,23.5,4.8,24.75,4.925,22.666666666666668,4.333333333333333,23.509999999999998,21.0,25.659926470588232
44,7,Marcus Morris Sr.,0.0,NY,MEM,2.5,221.0,109.3,21,25.8,31.1,39.0,SF/PF,6500,0,23.0,17.0,106,109,-1%,19,17,15,35,35,33,31.1,31.8,20.4,43.2,26.1,28.0,4.3,31.5,4.85,32.6,34.0,5.0,32.05,4.925,34.333333333333336,17.0,31.71,31.96666666666667,31.738834951456305
45,0,Elfrid Payton,0.0,NY,MEM,2.5,221.0,109.3,26,32.5,34.2,39.0,PG,6300,0,21.0,14.0,106,109,4%,11,10,10,32,32,27,34.0,27.8,19.3,36.4,34.9,44.8,7.1,31.3,4.96,31.9,31.5,5.1,31.6,5.029999999999999,30.333333333333332,10.333333333333334,29.82,35.233333333333334,32.815384615384616
45,1,Reggie Bullock,0.0,NY,MEM,2.5,221.0,109.3,5,8.8,15.2,20.8,SG/SF,4000,0,17.0,12.0,106,109,6%,8,8,9,30,27,25,15.2,17.5,11.1,24.0,19.7,11.8,3.0,20.3,5.06,20.2,27.0,5.0,20.25,5.029999999999999,27.333333333333332,8.333333333333334,17.61,14.933333333333332,20.003048780487806
45,2,Domantas Sabonis,0.0,IND,CHI,-9.5,213.5,111.5,30,21.0,47.3,64.5,PF/C,9400,2,24.0,21.0,102,105,9%,15,14,14,39,36,35,47.9,44.3,35.0,53.5,37.9,37.3,4.0,50.5,5.37,48.6,36.0,5.2,49.55,5.285,36.666666666666664,14.333333333333334,46.05,44.26666666666667,48.64909090909091
45,3,Caris LeVert,0.0,BKN,DET,-6.5,227.0,116.8,8,13.8,21.2,32.0,PG/SF,4500,2,28.0,10.0,101,109,-5%,11,13,14,23,24,27,21.2,25.1,16.7,33.5,22.0,14.5,3.2,21.5,4.78,22.7,23.0,5.0,22.1,4.890000000000001,24.666666666666668,12.666666666666666,23.72,22.333333333333332,20.60675675675676
45,4,Bryn Forbes,0.0,SA,UTA,5.5,220.5,107.5,5,12.0,19.0,31.8,PG/SG,3300,1,19.0,10.0,101,105,-9%,9,9,10,24,26,26,19.0,18.6,10.1,27.1,23.1,11.0,3.3,15.8,4.77,17.8,24.5,5.4,16.8,5.085,25.333333333333332,9.333333333333334,18.32,20.933333333333334,16.247368421052634
45,5,Danilo Gallinari,0.0,OKC,SAC,-2.5,219.0,110.8,16,23.5,37.2,45.0,SF/PF,6800,1,23.0,20.0,100,109,1%,11,13,14,30,32,31,37.2,32.7,25.1,40.2,29.1,31.0,4.6,33.5,4.93,33.7,31.5,5.0,33.6,4.965,31.0,12.666666666666666,33.760000000000005,35.233333333333334,34.141935483870974
45,6,Bobby Portis,0.0,NY,MEM,2.5,221.0,109.3,29,8.8,17.4,24.8,PF/C,4100,0,21.0,15.0,106,109,-1%,7,8,9,18,21,22,17.4,21.1,11.0,31.1,14.3,5.8,1.4,19.3,4.7,19.0,18.5,4.6,19.15,4.65,20.333333333333332,8.0,19.95,17.0,17.423360655737703
45,7,CJ McCollum,0.0,POR,HOU,4.0,242.5,119.3,17,8.3,33.3,42.0,PG/SG,6900,2,26.0,17.0,106,107,7%,20,20,19,37,36,37,37.1,36.7,26.2,47.3,38.4,39.8,5.8,37.0,5.36,38.1,35.5,5.5,37.55,5.43,36.666666666666664,19.666666666666668,36.970000000000006,27.866666666666664,36.35522727272728
46,0,Donovan Mitchell,0.0,UTA,SA,-5.5,220.5,113.0,27,30.5,40.5,51.8,PG/SG,8000,1,31.0,21.0,102,110,0%,25,24,21,37,36,35,45.8,40.7,31.9,49.6,33.6,40.3,5.0,39.0,4.88,39.6,35.0,5.0,39.3,4.9399999999999995,36.0,23.333333333333332,41.46,40.93333333333333,38.20833333333333
46,1,Bryn Forbes,0.0,SA,UTA,5.5,220.5,107.5,5,12.0,19.0,31.8,PG/SG,3300,1,19.0,10.0,101,105,-9%,9,9,10,24,26,26,19.0,18.6,10.1,27.1,23.1,11.0,3.3,15.8,4.77,17.8,24.5,5.4,16.8,5.085,25.333333333333332,9.333333333333334,18.32,20.933333333333334,16.247368421052634
46,2,Domantas Sabonis,0.0,IND,CHI,-9.5,213.5,111.5,30,21.0,47.3,64.5,PF/C,9400,2,24.0,21.0,102,105,9%,15,14,14,39,36,35,47.9,44.3,35.0,53.5,37.9,37.3,4.0,50.5,5.37,48.6,36.0,5.2,49.55,5.285,36.666666666666664,14.333333333333334,46.05,44.26666666666667,48.64909090909091
46,3,Marko Guduric,0.0,MEM,NY,-2.5,221.0,111.8,9,-1.0,5.2,16.5,SG/SF,3000,0,18.0,7.0,101,111,1%,3,1,4,10,7,14,5.2,9.6,2.6,16.6,12.7,7.5,2.5,8.3,2.75,8.7,12.0,2.9,8.5,2.825,10.333333333333334,2.6666666666666665,8.5,6.8999999999999995,9.870967741935484
46,4,Caris LeVert,0.0,BKN,DET,-6.5,227.0,116.8,8,13.8,21.2,32.0,PG/SF,4500,2,28.0,10.0,101,109,-5%,11,13,14,23,24,27,21.2,25.1,16.7,33.5,22.0,14.5,3.2,21.5,4.78,22.7,23.0,5.0,22.1,4.890000000000001,24.666666666666668,12.666666666666666,23.72,22.333333333333332,20.60675675675676
46,5,Taurean Prince,0.0,BKN,DET,-6.5,227.0,116.8,22,15.0,24.8,33.8,PF,5000,2,20.0,10.0,101,109,1%,9,11,12,25,27,30,24.8,26.9,17.8,36.1,28.4,42.3,8.5,24.0,4.8,26.0,28.5,5.2,25.0,5.0,27.333333333333332,10.666666666666666,26.120000000000005,24.53333333333333,26.067073170731707
46,6,Rudy Gobert,0.0,UTA,SA,-5.5,220.5,113.0,13,36.5,49.3,57.8,C,8700,1,16.0,23.0,102,110,0%,7,10,9,37,34,35,49.3,42.7,33.3,52.1,32.3,40.3,4.6,43.3,4.97,45.6,35.5,5.2,44.45,5.085,35.333333333333336,8.666666666666666,44.36999999999999,47.86666666666667,44.659669811320754
46,7,Anthony Tolliver,0.0,SAC,OKC,2.5,219.0,108.3,4,1.3,5.6,12.8,PF,3000,1,11.0,7.0,101,106,-11%,2,3,3,7,10,16,5.5,9.9,1.8,18.1,22.6,11.5,3.8,3.8,1.25,0.0,0.0,0.0,1.9,0.625,11.0,2.6666666666666665,7.4399999999999995,6.566666666666666,0.0
47,0,Russell Westbrook,0.0,HOU,POR,-4.0,242.5,123.3,30,52.3,64.1,69.5,PG,10400,1,34.0,21.0,103,110,9%,28,26,23,38,38,36,64.3,51.8,40.0,63.6,41.7,65.5,6.3,50.0,4.81,55.1,36.5,5.3,52.55,5.055,37.333333333333336,25.666666666666668,54.45,61.96666666666666,51.37700892857142
47,1,DeMar DeRozan,0.0,SA,UTA,5.5,220.5,107.5,27,29.3,40.9,53.0,SG/SF,8400,1,27.0,22.0,101,105,-9%,15,15,16,35,36,35,40.9,39.6,31.2,48.0,37.3,51.3,6.1,39.5,4.7,41.0,35.5,4.9,40.25,4.800000000000001,35.333333333333336,15.333333333333334,39.989999999999995,41.06666666666667,40.43985849056604
47,2,Darius Bazley,0.0,OKC,SAC,-2.5,219.0,110.8,17,8.8,17.0,28.5,PF,3500,1,13.0,8.0,100,109,-8%,5,5,4,25,21,18,16.9,12.2,4.8,19.6,17.4,13.8,3.9,14.0,4.0,12.7,17.5,3.6,13.35,3.8,21.333333333333332,4.666666666666667,13.37,18.099999999999998,10.951171875000002
47,3,Timothe Luwawu-Cabarrot,0.0,BKN,DET,-6.5,227.0,116.8,14,1.3,8.8,17.0,SG/SF,3000,2,14.0,7.0,101,109,-5%,2,3,4,4,11,16,8.8,9.5,2.1,17.0,6.6,8.3,2.8,6.8,2.25,0.0,0.0,0.0,3.4,1.125,10.333333333333334,3.0,8.16,9.033333333333333,0.0
47,4,Gary Trent Jr.,0.0,POR,HOU,4.0,242.5,119.3,18,9.8,23.7,48.3,SG/SF,3900,2,14.0,11.0,106,107,7%,8,10,5,29,31,16,23.7,10.5,0.8,20.2,26.1,25.8,6.6,15.3,3.91,15.4,22.0,3.9,15.350000000000001,3.9050000000000002,25.333333333333332,7.666666666666667,14.110000000000003,27.266666666666666,13.330263157894738
47,5,Markieff Morris,0.0,DET,BKN,6.5,227.0,110.3,27,13.5,18.9,30.3,PF/C,4400,1,21.0,13.0,104,106,-4%,7,10,9,25,25,23,18.9,20.1,11.6,28.6,31.9,25.8,5.9,20.8,4.72,16.2,18.5,3.7,18.5,4.21,24.333333333333332,8.666666666666666,19.54,20.900000000000002,14.065068493150685
47,6,Hassan Whiteside,0.0,POR,HOU,4.0,242.5,119.3,23,25.8,44.5,57.8,C,8500,2,19.0,25.0,106,107,-1%,10,10,11,35,36,31,44.5,42.0,30.4,53.7,28.2,38.5,4.5,45.5,5.35,46.3,33.5,5.4,45.9,5.375,34.0,10.333333333333334,43.3,42.699999999999996,45.224999999999994
47,7,Patty Mills,0.0,SA,UTA,5.5,220.5,107.5,5,2.0,18.3,36.3,PG/SG,4000,1,20.0,15.0,101,105,-3%,11,10,9,24,26,24,23.9,19.8,10.9,28.7,24.6,22.0,5.5,21.5,5.38,19.4,24.0,4.8,20.45,5.09,24.666666666666668,10.0,20.750000000000004,18.866666666666664,19.897297297297296
48,0,Derrick Rose,0.0,DET,BKN,6.5,227.0,110.3,13,32.5,41.7,47.0,PG/SG,7600,1,32.0,22.0,104,106,10%,22,20,15,35,32,27,41.6,32.7,24.3,41.1,30.8,36.5,4.8,38.0,5.0,38.5,31.5,5.1,38.25,5.05,31.333333333333332,19.0,35.59,40.4,38.45345744680851
48,1,Jordan Clarkson,0.0,UTA,SA,-5.5,220.5,113.0,27,10.8,20.1,30.3,PG/SG,4200,1,26.0,17.0,102,110,5%,10,10,12,23,25,24,20.1,23.0,14.7,31.4,28.9,27.5,6.5,20.3,4.82,20.3,23.0,4.8,20.3,4.8100000000000005,24.0,10.666666666666666,21.9,20.400000000000002,19.454166666666666
48,2,Harry Giles III,0.0,SAC,OKC,2.5,219.0,108.3,4,1.5,9.0,19.5,PF/C,3200,1,0.0,0.0,101,106,-11%,2,2,4,14,10,11,8.9,11.0,4.5,17.5,17.3,24.5,7.7,9.3,2.89,0.0,0.0,0.0,4.65,1.445,11.666666666666666,2.6666666666666665,9.309999999999999,10.0,0.0
48,3,Rudy Gay,0.0,SA,UTA,5.5,220.5,107.5,9,2.0,12.1,17.5,SF/PF,3600,1,21.0,15.0,101,105,-8%,6,7,9,20,19,22,16.1,22.3,13.9,30.7,22.3,24.3,6.8,21.0,5.83,19.7,20.5,5.5,20.35,5.665,20.333333333333332,7.333333333333333,20.670000000000005,10.533333333333333,20.516803278688528
48,4,De'Aaron Fox,0.0,SAC,OKC,2.5,219.0,108.3,25,32.5,38.9,46.8,PG,8100,1,31.0,20.0,101,106,2%,16,17,15,31,32,32,38.8,39.7,28.6,50.9,27.6,31.3,3.9,39.3,4.85,42.5,33.0,5.2,40.9,5.025,31.666666666666668,16.0,39.78,39.4,42.62210526315789
48,5,Bobby Portis,0.0,NY,MEM,2.5,221.0,109.3,29,8.8,17.4,24.8,PF/C,4100,0,21.0,15.0,106,109,-1%,7,8,9,18,21,22,17.4,21.1,11.0,31.1,14.3,5.8,1.4,19.3,4.7,19.0,18.5,4.6,19.15,4.65,20.333333333333332,8.0,19.95,17.0,17.423360655737703
48,6,Tony Bradley,0.0,UTA,SA,-5.5,220.5,113.0,13,6.5,14.1,24.0,C,3200,1,16.0,20.0,102,110,0%,3,3,3,11,12,10,14.1,11.4,3.6,19.1,10.4,4.0,1.3,14.0,4.38,12.7,12.5,4.0,13.35,4.1899999999999995,11.0,3.0,12.31,14.866666666666667,15.170454545454545
48,7,T.J. Warren,0.0,IND,CHI,-9.5,213.5,111.5,11,10.3,30.3,53.3,SF/PF,5800,2,22.0,17.0,102,105,2%,18,14,15,32,30,33,30.3,29.0,18.3,39.6,41.0,35.5,6.1,28.3,4.87,28.9,31.0,5.0,28.6,4.9350000000000005,31.666666666666668,15.666666666666666,29.160000000000004,31.3,27.997894736842106
49,0,Shai Gilgeous-Alexander,0.0,OKC,SAC,-2.5,219.0,110.8,16,27.3,38.5,46.5,PG/SG,7300,1,24.0,17.0,100,109,6%,17,14,16,33,36,36,38.5,35.9,25.6,46.3,38.6,42.8,5.9,36.3,4.97,36.5,35.0,5.0,36.4,4.984999999999999,35.0,15.666666666666666,36.540000000000006,37.43333333333333,36.4
49,1,Gary Trent Jr.,0.0,POR,HOU,4.0,242.5,119.3,18,9.8,23.7,48.3,SG/SF,3900,2,14.0,11.0,106,107,7%,8,10,5,29,31,16,23.7,10.5,0.8,20.2,26.1,25.8,6.6,15.3,3.91,15.4,22.0,3.9,15.350000000000001,3.9050000000000002,25.333333333333332,7.666666666666667,14.110000000000003,27.266666666666666,13.330263157894738
49,2,Kevin Knox II,0.0,NY,MEM,2.5,221.0,109.3,21,5.3,7.7,12.5,SF/PF,3000,0,18.0,10.0,106,109,6%,4,4,7,13,13,19,7.7,14.6,7.3,21.8,22.4,11.8,3.9,9.5,3.17,10.5,14.5,3.5,10.0,3.335,15.0,5.0,12.28,8.5,9.666666666666666
49,3,Buddy Hield,0.0,SAC,OKC,2.5,219.0,108.3,12,22.3,39.3,56.3,SG/SF,7100,1,27.0,15.0,101,106,-7%,20,19,18,33,36,35,38.4,35.4,24.9,45.9,23.3,19.0,2.7,32.8,4.61,33.9,32.5,4.8,33.349999999999994,4.705,34.666666666666664,19.0,35.589999999999996,39.3,31.265624999999996
49,4,Cory Joseph,0.0,SAC,OKC,2.5,219.0,108.3,25,8.5,12.4,19.5,PG,3000,1,14.0,9.0,101,106,2%,4,4,6,22,21,25,12.3,16.5,8.9,24.2,20.4,14.3,4.8,12.5,4.17,11.2,16.5,3.7,11.85,3.935,22.666666666666668,4.666666666666667,14.75,13.466666666666667,8.62610294117647
49,5,Lonnie Walker IV,0.0,SA,UTA,5.5,220.5,107.5,27,6.8,10.8,14.8,SG/SF,3000,1,20.0,12.0,101,105,-9%,4,4,5,15,16,13,10.8,10.4,1.1,19.6,15.4,7.5,2.5,13.5,4.5,12.5,15.5,4.2,13.0,4.35,14.666666666666666,4.333333333333333,10.98,10.800000000000002,13.738636363636363
49,6,Jarrett Allen,0.0,BKN,DET,-6.5,227.0,116.8,27,14.3,30.1,50.8,C,6100,2,15.0,20.0,101,109,-1%,8,7,7,36,32,28,30.1,30.2,18.9,41.5,27.5,30.5,5.0,29.8,4.88,30.3,27.5,5.0,30.05,4.9399999999999995,32.0,7.333333333333333,30.15,31.733333333333334,25.82421875
49,7,Hamidou Diallo,0.0,OKC,SAC,-2.5,219.0,110.8,17,8.8,16.5,25.5,SG/SF,3300,1,17.0,10.0,100,109,6%,6,5,7,20,20,20,16.5,14.8,7.6,22.0,18.3,5.3,1.6,12.5,3.79,12.2,17.5,3.7,12.35,3.745,20.0,6.0,14.65,16.933333333333334,10.806249999999999
