Lineup Num,,Player Name,injury_status,team,opp,spread,over_under,implied_team_score,L5_dvp_rank,L5_ppg_floor,L5_ppg_avg,L5_ppg_max,Pos,Salary,Rest,USG,PER,Opp Pace,Opp DEff,Opp DvP,L2 FGA,L5 FGA,S FGA,L2 Min,L5 Min,S Min,L5 FP,S FP,Floor FP,Ceil FP,Actual Min,Actual FP,Actual Val,FantasyFuelPPGProj,FantasyFuelValueProj,DFN_PPGProj,DFN_MinProj,DFN_ValueProj,Avg Proj,Avg Value Proj,Avg Skewed Min,Avg Skewed FGA,Avg Skewed FP,Avg L5 PPG,Proj Min Enhanced
0,0,Reggie Jackson,0.0,LAC,PHO,-7.5,233.0,120.3,13,13.8,24.2,38.5,PG,5200,1,28.0,14.0,104,108,2%,8,12,13,22,28,27,24.1,26.7,15.4,38.1,16.3,18.5,3.6,12.8,2.45,14.3,15.0,2.8,13.55,2.625,25.666666666666668,11.0,23.57,25.5,7.9188311688311686
0,1,DeMar DeRozan,0.0,SA,DAL,4.0,233.0,114.5,29,20.8,35.0,49.5,SG/SF,7000,2,27.0,22.0,101,109,-2%,14,17,16,33,34,35,38.3,39.6,31.3,48.0,33.9,51.5,7.4,41.8,5.96,43.5,34.5,6.2,42.65,6.08,34.0,15.666666666666666,39.970000000000006,35.1,43.27720588235294
0,2,Michael Kidd-Gilchrist,0.0,DAL,SA,-4.0,233.0,118.5,4,0.0,4.9,13.5,PF,3100,1,0.0,0.0,102,111,3%,2,1,4,13,9,13,4.8,8.4,1.9,14.9,11.1,9.8,3.2,8.0,2.58,0.0,0.0,0.0,4.0,1.29,11.666666666666666,2.3333333333333335,6.8,6.133333333333333,0.0
0,3,Kawhi Leonard,0.0,LAC,PHO,-7.5,233.0,120.3,6,41.5,49.2,55.0,SF,9800,1,34.0,27.0,104,108,1%,20,21,21,31,34,33,49.1,49.7,39.7,59.6,35.6,55.5,5.7,47.8,4.87,48.3,33.5,4.9,48.05,4.885,32.666666666666664,20.666666666666668,49.230000000000004,48.56666666666666,49.27576530612245
0,4,Devin Booker,0.0,PHO,LAC,7.5,233.0,112.8,2,21.0,40.0,49.8,PG/SG,7900,1,30.0,21.0,105,105,0%,20,18,18,36,35,36,40.0,42.6,30.7,54.6,39.2,29.0,3.7,44.0,5.57,45.9,36.0,5.8,44.95,5.6850000000000005,35.666666666666664,18.666666666666668,42.56999999999999,36.93333333333333,45.37009345794393
0,5,Moritz Wagner,0.0,WAS,BKN,2.5,234.0,115.8,25,11.3,17.3,28.0,PF/C,4500,1,20.0,17.0,104,106,-3%,3,5,7,22,20,20,17.3,22.0,12.4,31.5,13.1,7.8,1.7,17.0,3.78,17.2,16.5,3.8,17.1,3.79,20.666666666666668,5.0,20.060000000000002,18.866666666666667,13.65241935483871
0,6,Gorgui Dieng,0.0,MEM,HOU,12.0,237.0,112.5,9,5.5,21.2,38.5,C,5200,1,18.0,18.0,106,107,-1%,8,5,6,25,17,17,21.1,20.2,7.2,33.3,19.2,18.0,3.5,32.3,6.2,29.7,25.5,5.7,31.0,5.95,19.666666666666668,6.333333333333333,22.56,21.733333333333334,40.19491525423728
0,7,Terry Rozier,0.0,CHA,NY,2.0,207.0,102.5,8,19.3,22.6,28.5,PG/SG,5800,0,24.0,15.0,101,110,1%,12,12,15,30,32,35,22.6,31.8,21.0,42.6,35.1,38.3,6.6,31.5,5.43,31.0,34.0,5.3,31.25,5.365,32.333333333333336,13.0,29.85,23.46666666666667,32.860824742268036
1,0,Alec Burks,0.0,PHI,CLE,-7.5,216.5,112.0,5,5.0,20.7,42.3,PG/SG,4400,1,24.0,16.0,101,114,9%,12,12,13,26,26,29,28.1,29.5,18.4,40.6,17.3,22.5,5.1,20.8,4.72,19.4,19.5,4.4,20.1,4.5600000000000005,27.0,12.333333333333334,27.339999999999996,22.666666666666668,14.516666666666667
1,1,Jevon Carter,0.0,PHO,LAC,7.5,233.0,112.8,2,2.5,13.9,20.0,PG/SG,3100,1,14.0,11.0,105,105,-1%,4,5,4,12,15,14,13.4,10.8,3.3,18.4,13.8,6.0,1.9,14.8,4.76,13.2,17.5,4.3,14.0,4.529999999999999,13.666666666666666,4.333333333333333,11.98,12.133333333333333,17.926829268292682
1,2,James Johnson,0.0,MIN,MIA,11.0,233.5,111.3,12,20.8,27.8,31.8,PF/C,5300,1,17.0,13.0,100,107,0%,10,8,6,26,26,19,27.4,17.6,6.6,28.7,23.4,27.3,5.2,22.3,4.2,21.7,23.5,4.1,22.0,4.15,23.666666666666668,8.0,20.46,26.8,21.845070422535212
1,3,Cameron Johnson,0.0,PHO,LAC,7.5,233.0,112.8,29,12.5,16.0,20.5,SF/PF,3300,1,16.0,12.0,105,105,-1%,6,6,6,20,20,20,16.0,15.2,7.0,23.3,26.9,18.3,5.5,19.5,5.91,17.6,24.5,5.3,18.55,5.605,20.0,6.0,16.009999999999998,16.333333333333332,22.72375
1,4,Kendrick Nunn,0.0,MIA,MIN,-11.0,233.5,122.3,22,7.8,26.2,46.0,PG/SG,6100,1,24.0,14.0,105,110,4%,15,13,14,35,28,30,26.2,26.9,17.2,36.6,31.1,36.0,5.9,25.8,4.22,25.2,26.5,4.1,25.5,4.16,31.0,14.0,26.479999999999997,26.666666666666668,21.798387096774196
1,5,Timothe Luwawu-Cabarrot,0.0,BKN,WAS,-2.5,234.0,118.3,8,5.3,14.6,27.5,SF/PF,3100,1,15.0,9.0,106,113,5%,8,6,4,19,16,15,14.6,10.5,2.9,18.1,18.9,6.8,2.2,14.3,4.6,12.7,17.5,4.1,13.5,4.35,16.666666666666668,6.0,11.92,15.799999999999999,14.174999999999999
1,6,DeAndre Jordan,0.0,BKN,WAS,-2.5,234.0,118.3,7,16.3,28.8,40.3,C,5400,1,15.0,20.0,106,113,4%,5,7,5,21,26,22,28.8,26.0,16.6,35.4,29.6,37.0,6.9,28.3,5.23,27.3,22.0,5.1,27.8,5.165,23.0,5.666666666666667,26.919999999999998,28.46666666666667,26.59130434782609
1,7,PJ Washington,0.0,CHA,NY,2.0,207.0,102.5,23,16.3,25.1,34.3,PF/C,5000,0,18.0,13.0,101,110,8%,11,10,10,31,32,31,25.1,25.9,17.1,34.8,36.7,26.8,5.4,27.0,5.4,26.7,31.5,5.3,26.85,5.35,31.333333333333332,10.333333333333334,25.95,25.233333333333334,26.99281914893617
2,0,James Harden,0.0,HOU,MEM,-12.0,237.0,124.5,11,60.3,63.1,67.0,PG/SG,11300,1,37.0,29.0,106,108,2%,24,21,24,36,36,38,63.4,61.5,47.4,75.6,28.0,46.3,4.1,62.8,5.55,64.5,37.0,5.7,63.65,5.625,36.666666666666664,23.0,62.31,63.46666666666667,64.22863636363637
2,1,Garrett Temple,0.0,BKN,WAS,-2.5,234.0,118.3,9,17.0,25.3,38.3,SG/SF,4400,1,17.0,10.0,106,113,5%,11,10,10,27,28,29,25.3,21.7,13.3,30.2,33.6,16.0,3.6,21.5,4.89,21.6,28.0,4.9,21.55,4.895,28.0,10.333333333333334,22.41,26.866666666666664,21.55
2,2,PJ Washington,0.0,CHA,NY,2.0,207.0,102.5,23,16.3,25.1,34.3,PF/C,5000,0,18.0,13.0,101,110,8%,11,10,10,31,32,31,25.1,25.9,17.1,34.8,36.7,26.8,5.4,27.0,5.4,26.7,31.5,5.3,26.85,5.35,31.333333333333332,10.333333333333334,25.95,25.233333333333334,26.99281914893617
2,3,Royce O'Neale,0.0,UTA,BOS,-5.5,217.5,111.5,26,11.5,19.7,30.0,SF,3600,1,10.0,9.0,102,104,-4%,5,5,5,23,28,29,19.4,18.9,12.4,25.5,29.0,27.5,7.6,18.5,5.14,17.5,27.5,4.9,18.0,5.02,26.666666666666668,5.0,18.84,20.400000000000002,18.562499999999996
2,4,Andre Iguodala,0.0,MIA,MIN,-11.0,233.5,122.3,12,5.3,15.6,22.3,SG/SF,3700,1,0.0,0.0,105,110,6%,4,4,4,18,20,20,15.4,15.7,9.3,22.1,19.9,10.8,2.9,15.8,4.26,15.3,17.5,4.1,15.55,4.18,19.333333333333332,4.0,15.61,14.4,14.075431034482762
2,5,Jayson Tatum,0.0,BOS,UTA,5.5,217.5,106.0,9,41.8,51.5,57.3,SF/PF,8800,0,28.0,20.0,101,107,-7%,21,20,19,36,38,34,51.8,41.4,30.7,52.1,38.4,53.3,6.1,41.0,4.66,42.4,36.0,4.8,41.7,4.73,36.0,20.0,43.54,50.199999999999996,41.7
2,6,Rui Hachimura,0.0,WAS,BKN,2.5,234.0,115.8,25,15.3,26.9,36.5,PF/C,5900,1,19.0,14.0,104,106,-3%,10,10,12,37,32,29,26.9,25.5,15.8,35.3,27.0,22.0,3.7,25.0,4.24,26.3,30.0,4.5,25.65,4.37,32.666666666666664,10.666666666666666,25.829999999999995,26.233333333333334,23.556122448979593
2,7,Reggie Jackson,0.0,LAC,PHO,-7.5,233.0,120.3,13,13.8,24.2,38.5,PG,5200,1,28.0,14.0,104,108,2%,8,12,13,22,28,27,24.1,26.7,15.4,38.1,16.3,18.5,3.6,12.8,2.45,14.3,15.0,2.8,13.55,2.625,25.666666666666668,11.0,23.57,25.5,7.9188311688311686
3,0,RJ Barrett,0.0,NY,CHA,-2.0,207.0,104.5,16,8.0,20.6,33.5,PG/SG,6000,1,24.0,10.0,99,111,5%,18,13,13,30,27,31,20.6,26.2,15.1,37.3,21.4,10.8,1.8,26.5,4.42,26.8,32.0,4.5,26.65,4.46,29.333333333333332,14.666666666666666,25.169999999999998,20.7,29.072727272727274
3,1,Matisse Thybulle,0.0,PHI,CLE,-7.5,216.5,112.0,18,2.0,6.9,14.0,SG/SF,3200,1,11.0,9.0,101,114,7%,1,2,4,11,15,20,6.8,13.0,4.8,21.3,14.6,10.3,3.2,10.5,3.28,10.2,15.5,3.2,10.35,3.24,15.333333333333334,2.3333333333333335,11.25,7.633333333333333,10.462499999999999
3,2,Dario Saric,0.0,PHO,LAC,7.5,233.0,112.8,29,1.8,12.5,20.8,SF/PF,3200,1,17.0,13.0,105,105,-4%,6,7,9,18,23,26,20.2,23.0,11.7,34.4,31.0,20.8,6.5,20.8,6.48,20.7,25.0,6.5,20.75,6.49,22.333333333333332,7.333333333333333,22.009999999999998,11.700000000000001,23.22761194029851
3,3,Jarrett Culver,0.0,MIN,MIA,11.0,233.5,111.3,15,5.5,17.1,27.3,PG/SF,3600,1,19.0,9.0,100,107,-9%,8,7,9,24,21,24,17.1,19.1,9.3,29.0,21.1,21.3,5.9,16.8,4.65,17.3,22.5,4.8,17.05,4.725,23.0,8.0,18.31,16.633333333333336,16.679347826086957
3,4,Josh Richardson,0.0,PHI,CLE,-7.5,216.5,112.0,18,7.5,22.0,33.8,SG,5200,1,22.0,12.0,101,114,5%,11,10,13,33,31,32,21.9,27.1,17.9,36.4,32.2,33.0,6.3,30.8,5.91,30.3,36.0,5.8,30.55,5.855,32.0,11.333333333333334,26.770000000000003,21.099999999999998,34.36875
3,5,John Collins,0.0,ATL,ORL,3.5,225.5,111.0,29,31.3,41.8,67.8,PF,8700,1,22.0,23.0,100,106,-2%,17,14,15,38,35,33,41.8,41.0,30.0,51.9,35.2,46.3,5.3,42.8,4.91,44.5,35.5,5.1,43.65,5.005,35.333333333333336,15.333333333333334,41.67,46.96666666666666,43.85589622641509
3,6,Moritz Wagner,0.0,WAS,BKN,2.5,234.0,115.8,25,11.3,17.3,28.0,PF/C,4500,1,20.0,17.0,104,106,-3%,3,5,7,22,20,20,17.3,22.0,12.4,31.5,13.1,7.8,1.7,17.0,3.78,17.2,16.5,3.8,17.1,3.79,20.666666666666668,5.0,20.060000000000002,18.866666666666667,13.65241935483871
3,7,Lou Williams,0.0,LAC,PHO,-7.5,233.0,120.3,13,22.0,36.0,60.5,PG/SG,6300,1,30.0,17.0,104,108,0%,12,17,16,26,32,30,36.0,33.5,23.5,43.6,22.0,14.3,2.3,28.5,4.52,28.3,26.5,4.5,28.4,4.51,29.333333333333332,15.0,33.0,39.5,25.65681818181818
4,0,J.J. Barea,0.0,DAL,SA,-4.0,233.0,118.5,20,3.0,21.4,29.8,PG/SG,3900,1,0.0,0.0,102,111,2%,10,8,8,20,17,16,21.4,18.4,10.3,26.5,9.6,10.8,2.8,21.8,5.58,18.9,17.0,4.8,20.35,5.1899999999999995,17.666666666666668,8.666666666666666,19.389999999999997,18.066666666666666,19.582075471698115
4,1,De'Anthony Melton,0.0,MEM,HOU,12.0,237.0,112.5,28,6.8,18.2,41.5,PG/SG,4000,1,21.0,15.0,106,107,1%,7,9,7,21,22,20,18.1,21.5,13.0,29.9,23.9,23.3,5.8,23.5,5.88,24.0,25.5,6.0,23.75,5.9399999999999995,21.0,7.666666666666667,21.25,22.166666666666668,28.839285714285715
4,2,Jordan Bell,0.0,MEM,HOU,12.0,237.0,112.5,7,3.3,6.6,11.5,PF/C,3400,1,0.0,0.0,106,107,6%,3,2,2,12,8,9,6.5,8.2,2.0,14.5,6.0,6.8,2.0,14.3,4.19,11.9,13.5,3.5,13.100000000000001,3.845,9.666666666666666,2.3333333333333335,8.86,7.133333333333333,18.2948275862069
4,3,Bradley Beal,0.0,WAS,BKN,2.5,234.0,115.8,4,34.8,51.1,70.3,SG/SF,9700,1,34.0,23.0,104,106,-1%,30,27,23,40,37,36,51.1,48.3,36.9,59.8,38.8,50.8,5.2,50.0,5.15,49.6,36.0,5.1,49.8,5.125,37.666666666666664,26.666666666666668,49.17999999999999,52.06666666666666,47.59646017699115
4,4,Devin Booker,0.0,PHO,LAC,7.5,233.0,112.8,2,21.0,40.0,49.8,PG/SG,7900,1,30.0,21.0,105,105,0%,20,18,18,36,35,36,40.0,42.6,30.7,54.6,39.2,29.0,3.7,44.0,5.57,45.9,36.0,5.8,44.95,5.6850000000000005,35.666666666666664,18.666666666666668,42.56999999999999,36.93333333333333,45.37009345794393
4,5,Aaron Gordon,0.0,ORL,ATL,-3.5,225.5,114.5,1,27.8,44.7,54.8,PF,7800,1,21.0,15.0,106,112,8%,15,15,13,38,38,33,44.6,32.4,22.7,42.2,40.9,57.0,7.3,38.5,4.94,37.8,36.0,4.8,38.15,4.87,36.333333333333336,14.333333333333334,36.010000000000005,42.43333333333333,37.8
4,6,Moritz Wagner,0.0,WAS,BKN,2.5,234.0,115.8,25,11.3,17.3,28.0,PF/C,4500,1,20.0,17.0,104,106,-3%,3,5,7,22,20,20,17.3,22.0,12.4,31.5,13.1,7.8,1.7,17.0,3.78,17.2,16.5,3.8,17.1,3.79,20.666666666666668,5.0,20.060000000000002,18.866666666666667,13.65241935483871
4,7,Mitchell Robinson,0.0,NY,CHA,-2.0,207.0,104.5,22,20.3,29.8,42.3,C,5100,1,13.0,23.0,99,111,6%,5,6,5,22,23,23,29.8,24.1,15.5,32.7,29.9,44.0,8.6,25.0,4.9,23.1,21.0,4.5,24.05,4.7,22.666666666666668,5.333333333333333,25.23,30.8,22.281617647058823
5,0,D'Angelo Russell,0.0,MIN,MIA,11.0,233.5,111.3,15,30.5,41.5,58.0,PG,8600,1,33.0,20.0,100,107,-9%,18,18,19,33,33,33,41.5,41.6,29.3,54.0,31.5,52.3,6.1,41.5,4.83,45.0,33.5,5.2,43.25,5.015000000000001,33.0,18.333333333333332,41.93,43.333333333333336,43.90530303030303
5,1,Derrick White,0.0,SA,DAL,4.0,233.0,114.5,7,10.3,23.4,37.0,PG/SG,4100,2,19.0,16.0,101,109,-4%,6,9,8,23,24,24,23.4,21.9,13.7,30.0,28.5,24.8,6.0,22.0,5.37,21.8,23.0,5.3,21.9,5.335,23.666666666666668,7.666666666666667,22.18,23.566666666666666,21.283098591549294
5,2,Moritz Wagner,0.0,WAS,BKN,2.5,234.0,115.8,25,11.3,17.3,28.0,PF/C,4500,1,20.0,17.0,104,106,-3%,3,5,7,22,20,20,17.3,22.0,12.4,31.5,13.1,7.8,1.7,17.0,3.78,17.2,16.5,3.8,17.1,3.79,20.666666666666668,5.0,20.060000000000002,18.866666666666667,13.65241935483871
5,3,Kyle Anderson,0.0,MEM,HOU,12.0,237.0,112.5,24,20.0,23.6,27.3,SF/PF,5000,1,14.0,13.0,106,107,7%,7,6,5,22,25,19,23.6,16.5,8.9,24.1,18.4,28.3,5.7,24.0,4.8,23.1,26.5,4.6,23.55,4.699999999999999,22.0,6.0,19.330000000000002,23.633333333333336,28.36704545454546
5,4,Goran Dragic,0.0,MIA,MIN,-11.0,233.5,122.3,22,22.8,28.5,36.5,PG,6300,1,26.0,16.0,105,110,4%,14,12,13,30,30,29,28.5,29.7,21.1,38.3,26.3,28.0,4.4,30.0,4.76,30.3,27.5,4.8,30.15,4.779999999999999,29.666666666666668,13.0,29.55,29.266666666666666,27.948033707865168
5,5,DeMarre Carroll,0.0,HOU,MEM,-12.0,237.0,124.5,19,1.5,6.3,14.5,SF,3000,1,0.0,0.0,106,108,4%,3,1,2,14,7,10,6.3,6.9,2.5,11.3,18.4,15.0,5.0,8.0,2.67,0.0,0.0,0.0,4.0,1.335,10.333333333333334,2.0,6.2,7.433333333333334,0.0
5,6,Nikola Vucevic,0.0,ORL,ATL,-3.5,225.5,114.5,30,40.0,50.5,55.5,C,9500,1,26.0,22.0,106,112,8%,21,20,17,35,36,33,50.5,43.4,34.3,52.4,31.0,40.0,4.2,52.3,5.5,49.2,33.5,5.2,50.75,5.35,34.666666666666664,19.333333333333332,46.27,48.666666666666664,49.04206730769231
5,7,Deandre Ayton,0.0,PHO,LAC,7.5,233.0,112.8,25,24.8,41.2,61.8,C,8100,1,23.0,21.0,105,105,4%,15,14,16,28,32,33,41.1,42.2,31.1,53.4,36.3,51.8,6.4,44.0,5.43,45.2,34.5,5.6,44.6,5.515,31.0,15.0,42.480000000000004,42.6,49.63548387096774
6,0,Ja Morant,0.0,MEM,HOU,12.0,237.0,112.5,28,16.5,31.9,61.0,PG,7100,1,27.0,18.0,106,107,1%,14,16,14,29,31,30,32.1,33.7,22.3,45.0,28.0,30.3,4.3,36.0,5.07,34.7,31.0,4.9,35.35,4.985,30.0,14.666666666666666,33.690000000000005,36.46666666666667,36.528333333333336
6,1,RJ Barrett,0.0,NY,CHA,-2.0,207.0,104.5,16,8.0,20.6,33.5,PG/SG,6000,1,24.0,10.0,99,111,5%,18,13,13,30,27,31,20.6,26.2,15.1,37.3,21.4,10.8,1.8,26.5,4.42,26.8,32.0,4.5,26.65,4.46,29.333333333333332,14.666666666666666,25.169999999999998,20.7,29.072727272727274
6,2,Dorian Finney-Smith,0.0,DAL,SA,-4.0,233.0,118.5,21,13.8,18.1,24.8,SF/PF,4700,1,13.0,12.0,102,111,3%,6,6,7,28,30,30,18.1,21.5,13.9,29.0,35.1,31.0,6.6,22.5,4.79,22.4,31.0,4.8,22.45,4.795,29.333333333333332,6.333333333333333,20.990000000000002,18.900000000000002,23.725568181818183
6,3,Cody Martin,0.0,CHA,NY,2.0,207.0,102.5,11,10.0,20.3,34.0,SG/SF,3100,0,14.0,10.0,101,110,8%,9,7,4,23,27,17,20.3,12.0,3.2,20.8,24.7,22.8,7.4,21.3,6.85,19.4,26.0,6.3,20.35,6.574999999999999,22.333333333333332,6.666666666666667,15.330000000000002,21.433333333333334,23.691044776119405
6,4,Dennis Smith Jr.,0.0,NY,CHA,-2.0,207.0,104.5,16,6.3,17.0,44.3,PG,4200,1,24.0,8.0,99,111,-4%,9,6,6,23,16,16,17.0,14.5,4.0,25.1,20.7,13.0,3.1,16.5,3.93,16.3,17.5,3.9,16.4,3.915,18.333333333333332,7.0,15.4,22.53333333333333,15.654545454545454
6,5,Derrick Jones Jr.,0.0,MIA,MIN,-11.0,233.5,122.3,23,8.5,18.1,32.5,SF/PF,4500,1,14.0,14.0,105,110,6%,7,5,7,32,24,26,18.1,19.9,11.0,28.8,19.8,22.3,5.0,19.5,4.33,18.1,21.5,4.0,18.8,4.165,27.333333333333332,6.333333333333333,19.32,19.7,14.787804878048782
6,6,Ivica Zubac,0.0,LAC,PHO,-7.5,233.0,120.3,12,15.0,23.3,31.3,C,4300,1,17.0,21.0,104,108,1%,8,5,6,21,18,18,23.3,21.2,13.6,28.8,20.0,13.3,3.1,21.0,4.88,20.9,19.0,4.9,20.95,4.890000000000001,19.0,6.333333333333333,21.57,23.2,20.95
6,7,Royce O'Neale,0.0,UTA,BOS,-5.5,217.5,111.5,26,11.5,19.7,30.0,SF,3600,1,10.0,9.0,102,104,-4%,5,5,5,23,28,29,19.4,18.9,12.4,25.5,29.0,27.5,7.6,18.5,5.14,17.5,27.5,4.9,18.0,5.02,26.666666666666668,5.0,18.84,20.400000000000002,18.562499999999996
7,0,Devin Booker,0.0,PHO,LAC,7.5,233.0,112.8,2,21.0,40.0,49.8,PG/SG,7900,1,30.0,21.0,105,105,0%,20,18,18,36,35,36,40.0,42.6,30.7,54.6,39.2,29.0,3.7,44.0,5.57,45.9,36.0,5.8,44.95,5.6850000000000005,35.666666666666664,18.666666666666668,42.56999999999999,36.93333333333333,45.37009345794393
7,1,RJ Barrett,0.0,NY,CHA,-2.0,207.0,104.5,16,8.0,20.6,33.5,PG/SG,6000,1,24.0,10.0,99,111,5%,18,13,13,30,27,31,20.6,26.2,15.1,37.3,21.4,10.8,1.8,26.5,4.42,26.8,32.0,4.5,26.65,4.46,29.333333333333332,14.666666666666666,25.169999999999998,20.7,29.072727272727274
7,2,Jayson Tatum,0.0,BOS,UTA,5.5,217.5,106.0,9,41.8,51.5,57.3,SF/PF,8800,0,28.0,20.0,101,107,-7%,21,20,19,36,38,34,51.8,41.4,30.7,52.1,38.4,53.3,6.1,41.0,4.66,42.4,36.0,4.8,41.7,4.73,36.0,20.0,43.54,50.199999999999996,41.7
7,3,Josh Okogie,0.0,MIN,MIA,11.0,233.5,111.3,25,13.8,19.7,25.0,SG/SF,4200,1,16.0,12.0,100,107,-2%,7,6,7,26,26,25,20.1,19.1,11.2,27.0,27.8,11.5,2.7,20.0,4.76,20.9,26.0,5.0,20.45,4.88,25.666666666666668,6.666666666666667,19.57,19.5,20.715584415584413
7,4,Reggie Jackson,0.0,LAC,PHO,-7.5,233.0,120.3,13,13.8,24.2,38.5,PG,5200,1,28.0,14.0,104,108,2%,8,12,13,22,28,27,24.1,26.7,15.4,38.1,16.3,18.5,3.6,12.8,2.45,14.3,15.0,2.8,13.55,2.625,25.666666666666668,11.0,23.57,25.5,7.9188311688311686
7,5,Bobby Portis,0.0,NY,CHA,-2.0,207.0,104.5,30,19.3,23.7,29.5,PF/C,4200,1,21.0,14.0,99,111,5%,11,10,9,26,21,21,23.6,20.6,11.0,30.3,22.8,22.8,5.4,20.8,4.94,18.8,20.0,4.5,19.8,4.720000000000001,22.666666666666668,10.0,21.06,24.166666666666668,17.470588235294116
7,6,Kelly Olynyk,0.0,MIA,MIN,-11.0,233.5,122.3,20,4.5,21.9,41.5,PF/C,4900,1,17.0,14.0,105,110,2%,6,6,6,21,17,20,21.9,18.1,7.5,28.7,16.4,29.5,6.0,15.5,3.16,14.4,15.0,2.9,14.95,3.0300000000000002,19.333333333333332,6.0,18.23,22.633333333333336,11.599137931034482
7,7,Ish Smith,0.0,WAS,BKN,2.5,234.0,115.8,1,21.0,27.7,34.8,PG,5000,1,20.0,14.0,104,106,3%,8,9,10,27,28,27,27.6,24.6,14.9,34.3,23.2,13.3,2.7,22.0,4.4,21.8,22.5,4.4,21.9,4.4,27.333333333333332,9.0,24.660000000000004,27.833333333333332,18.027439024390244
8,0,Lou Williams,0.0,LAC,PHO,-7.5,233.0,120.3,13,22.0,36.0,60.5,PG/SG,6300,1,30.0,17.0,104,108,0%,12,17,16,26,32,30,36.0,33.5,23.5,43.6,22.0,14.3,2.3,28.5,4.52,28.3,26.5,4.5,28.4,4.51,29.333333333333332,15.0,33.0,39.5,25.65681818181818
8,1,Evan Fournier,0.0,ORL,ATL,-3.5,225.5,114.5,28,28.3,31.9,38.0,SG/SF,6000,1,25.0,17.0,106,112,17%,18,16,15,32,34,32,31.9,29.7,22.0,37.5,34.9,46.5,7.8,29.5,4.92,31.3,33.0,5.2,30.4,5.0600000000000005,32.666666666666664,16.333333333333332,30.3,32.733333333333334,30.710204081632654
8,2,Bojan Bogdanovic,0.0,UTA,BOS,-5.5,217.5,111.5,26,19.0,27.5,36.8,SF/PF,6300,1,25.0,16.0,102,104,-4%,10,13,15,35,34,34,27.4,30.7,22.2,39.2,33.5,9.0,1.4,30.0,4.76,30.7,34.0,4.9,30.35,4.83,34.333333333333336,12.666666666666666,29.97,27.766666666666666,30.05533980582524
8,3,Paul George,0.0,LAC,PHO,-7.5,233.0,120.3,6,8.3,28.8,40.5,SF,8000,1,31.0,20.0,104,108,1%,13,14,17,28,27,30,36.9,40.2,27.6,52.8,28.4,24.3,3.0,35.8,4.47,35.2,27.5,4.4,35.5,4.4350000000000005,28.333333333333332,14.666666666666666,38.599999999999994,25.866666666666664,34.455882352941174
8,4,Landry Shamet,0.0,LAC,PHO,-7.5,233.0,120.3,24,12.5,21.4,25.8,SG/SF,4100,1,13.0,10.0,104,108,0%,6,8,8,29,34,30,21.4,18.6,11.0,26.2,20.3,8.3,2.0,20.0,4.88,14.8,24.5,3.6,17.4,4.24,31.0,7.333333333333333,18.919999999999998,19.900000000000002,13.751612903225807
8,5,De'Andre Hunter,0.0,ATL,ORL,3.5,225.5,111.0,2,20.3,31.6,43.3,SF/PF,4900,1,17.0,9.0,100,106,-1%,14,13,11,35,37,32,31.6,22.7,13.0,32.5,35.5,15.8,3.2,21.5,4.39,24.3,35.0,5.0,22.9,4.695,34.666666666666664,12.666666666666666,24.54,31.733333333333334,23.120192307692307
8,6,Moritz Wagner,0.0,WAS,BKN,2.5,234.0,115.8,25,11.3,17.3,28.0,PF/C,4500,1,20.0,17.0,104,106,-3%,3,5,7,22,20,20,17.3,22.0,12.4,31.5,13.1,7.8,1.7,17.0,3.78,17.2,16.5,3.8,17.1,3.79,20.666666666666668,5.0,20.060000000000002,18.866666666666667,13.65241935483871
8,7,Marcus Morris Sr.,0.0,LAC,PHO,-7.5,233.0,120.3,6,9.5,21.0,27.0,SF/PF,5000,1,17.0,16.0,104,108,0%,10,10,15,28,31,33,21.0,30.7,19.6,41.7,29.7,32.3,6.5,23.8,4.75,24.0,29.5,4.8,23.9,4.775,30.666666666666668,11.666666666666666,27.380000000000003,19.166666666666668,22.990760869565214
9,0,Markelle Fultz,0.0,ORL,ATL,-3.5,225.5,114.5,3,19.3,31.5,49.3,PG/SG,5900,1,22.0,14.0,106,112,-2%,11,12,11,29,32,29,31.4,26.5,18.5,34.5,31.5,28.8,4.9,30.0,5.08,29.2,31.0,4.9,29.6,4.99,30.0,11.333333333333334,28.1,33.36666666666667,30.586666666666666
9,1,Michael Carter-Williams,0.0,ORL,ATL,-3.5,225.5,114.5,3,11.5,18.6,26.0,PG/SG,4000,1,19.0,15.0,106,112,-2%,4,4,6,21,20,18,18.6,17.7,9.9,25.4,13.1,8.0,2.0,19.0,4.75,18.9,19.0,4.7,18.95,4.725,19.666666666666668,4.666666666666667,18.11,18.7,18.307627118644064
9,2,Miles Bridges,0.0,CHA,NY,2.0,207.0,102.5,30,27.8,31.4,39.5,SF/PF,6000,0,20.0,13.0,101,110,2%,13,16,12,30,32,31,31.4,26.4,16.9,36.0,27.2,16.3,2.7,29.3,4.88,30.4,34.0,5.1,29.85,4.99,31.0,13.666666666666666,28.109999999999996,32.9,32.73870967741936
9,3,Duncan Robinson,0.0,MIA,MIN,-11.0,233.5,122.3,12,15.5,23.0,28.3,SG/SF,5200,1,15.0,12.0,105,110,4%,13,13,10,35,34,30,23.0,22.3,13.9,30.7,26.5,17.5,3.4,24.8,4.76,26.3,32.5,5.1,25.55,4.93,33.0,12.0,23.09,22.266666666666666,25.16287878787879
9,4,Jordan McLaughlin,0.0,MIN,MIA,11.0,233.5,111.3,15,10.3,21.2,38.0,PG,4000,1,17.0,16.0,100,107,-9%,7,5,6,24,18,19,21.1,18.0,6.7,29.2,21.5,28.8,7.2,14.0,3.5,12.8,14.0,3.2,13.4,3.35,20.333333333333332,6.0,17.68,23.166666666666668,9.226229508196722
9,5,Garrett Temple,0.0,BKN,WAS,-2.5,234.0,118.3,9,17.0,25.3,38.3,SG/SF,4400,1,17.0,10.0,106,113,5%,11,10,10,27,28,29,25.3,21.7,13.3,30.2,33.6,16.0,3.6,21.5,4.89,21.6,28.0,4.9,21.55,4.895,28.0,10.333333333333334,22.41,26.866666666666664,21.55
9,6,Taj Gibson,0.0,NY,CHA,-2.0,207.0,104.5,22,7.3,11.7,15.0,C,3000,1,15.0,15.0,99,111,5%,5,4,5,14,13,16,11.7,13.9,6.6,21.3,18.1,13.3,4.4,12.3,4.08,11.6,13.5,3.9,11.95,3.99,14.333333333333334,4.666666666666667,13.09,11.333333333333334,11.255232558139534
9,7,Enes Kanter,0.0,BOS,UTA,5.5,217.5,106.0,3,2.0,9.8,22.0,C,3200,0,19.0,22.0,101,107,0%,4,4,7,13,14,19,12.6,23.4,12.9,33.9,21.0,22.3,7.0,12.3,3.83,14.4,12.0,4.5,13.350000000000001,4.165,15.333333333333334,5.0,19.23,11.266666666666666,10.447826086956521
10,0,Patty Mills,0.0,SA,DAL,4.0,233.0,114.5,7,3.3,14.1,21.0,PG/SG,3300,2,20.0,15.0,101,109,-4%,11,9,9,18,20,23,14.1,19.3,10.6,28.1,28.1,19.3,5.8,15.5,4.7,18.3,21.5,5.5,16.9,5.1,20.333333333333332,9.666666666666666,17.8,12.799999999999999,17.869672131147542
10,1,Caleb Martin,0.0,CHA,NY,2.0,207.0,102.5,11,3.8,10.9,20.3,SG/SF,3000,0,0.0,0.0,101,110,1%,5,5,4,17,20,13,10.9,7.9,0.8,15.0,13.8,7.5,2.5,12.5,4.17,14.4,19.0,4.8,13.45,4.484999999999999,16.666666666666668,4.666666666666667,9.61,11.666666666666666,15.332999999999998
10,2,Kyle Anderson,0.0,MEM,HOU,12.0,237.0,112.5,24,20.0,23.6,27.3,SF/PF,5000,1,14.0,13.0,106,107,7%,7,6,5,22,25,19,23.6,16.5,8.9,24.1,18.4,28.3,5.7,24.0,4.8,23.1,26.5,4.6,23.55,4.699999999999999,22.0,6.0,19.330000000000002,23.633333333333336,28.36704545454546
10,3,Kevin Huerter,0.0,ATL,ORL,3.5,225.5,111.0,22,16.8,24.5,32.3,SG/SF,5500,1,18.0,11.0,100,106,-1%,11,12,11,38,36,32,24.5,26.2,16.5,35.9,27.8,21.8,4.0,29.0,5.27,28.2,36.5,5.1,28.6,5.185,35.333333333333336,11.333333333333334,26.339999999999996,24.53333333333333,29.544339622641505
10,4,Bryn Forbes,0.0,SA,DAL,4.0,233.0,114.5,7,13.5,22.1,29.3,PG/SG,3400,2,18.0,11.0,101,109,-2%,6,8,9,23,25,25,22.1,18.6,10.3,26.8,22.1,11.5,3.4,16.5,4.85,19.3,24.5,5.7,17.9,5.275,24.333333333333332,7.666666666666667,19.139999999999997,21.633333333333336,18.02260273972603
10,5,Evan Fournier,0.0,ORL,ATL,-3.5,225.5,114.5,28,28.3,31.9,38.0,SG/SF,6000,1,25.0,17.0,106,112,17%,18,16,15,32,34,32,31.9,29.7,22.0,37.5,34.9,46.5,7.8,29.5,4.92,31.3,33.0,5.2,30.4,5.0600000000000005,32.666666666666664,16.333333333333332,30.3,32.733333333333334,30.710204081632654
10,6,Joel Embiid,0.0,PHI,CLE,-7.5,216.5,112.0,29,40.8,59.3,79.0,C,10500,1,32.0,26.0,101,114,0%,21,19,17,33,33,32,59.3,49.1,36.3,62.0,7.6,4.5,0.4,53.8,5.12,53.4,33.5,5.1,53.599999999999994,5.109999999999999,32.666666666666664,19.0,52.05999999999999,59.699999999999996,54.967346938775506
10,7,Seth Curry,0.0,DAL,SA,-4.0,233.0,118.5,19,16.0,28.0,41.0,SG,5600,1,19.0,15.0,102,111,1%,14,11,9,32,32,24,28.0,20.0,8.9,31.0,34.9,18.8,3.4,22.5,4.02,23.8,27.5,4.3,23.15,4.16,29.333333333333332,11.333333333333334,22.21,28.333333333333332,21.703125
12,0,Devin Booker,0.0,PHO,LAC,7.5,233.0,112.8,2,21.0,40.0,49.8,PG/SG,7900,1,30.0,21.0,105,105,0%,20,18,18,36,35,36,40.0,42.6,30.7,54.6,39.2,29.0,3.7,44.0,5.57,45.9,36.0,5.8,44.95,5.6850000000000005,35.666666666666664,18.666666666666668,42.56999999999999,36.93333333333333,45.37009345794393
12,1,Ben McLemore,0.0,HOU,MEM,-12.0,237.0,124.5,21,6.0,16.5,21.8,SG/SF,3500,1,15.0,12.0,106,108,5%,8,6,8,21,22,25,16.9,17.9,9.0,26.8,25.7,15.8,4.5,16.0,4.57,17.0,22.5,4.9,16.5,4.735,22.666666666666668,7.333333333333333,17.419999999999998,14.766666666666666,16.378676470588236
12,2,Maxi Kleber,0.0,DAL,SA,-4.0,233.0,118.5,4,9.5,22.4,34.3,PF/C,4600,1,14.0,15.0,102,111,1%,10,9,7,26,23,25,22.4,20.8,12.8,28.7,22.6,21.3,4.6,19.8,4.29,18.8,22.5,4.1,19.3,4.195,24.666666666666668,8.666666666666666,20.8,22.066666666666663,17.60472972972973
12,3,Evan Fournier,0.0,ORL,ATL,-3.5,225.5,114.5,28,28.3,31.9,38.0,SG/SF,6000,1,25.0,17.0,106,112,17%,18,16,15,32,34,32,31.9,29.7,22.0,37.5,34.9,46.5,7.8,29.5,4.92,31.3,33.0,5.2,30.4,5.0600000000000005,32.666666666666664,16.333333333333332,30.3,32.733333333333334,30.710204081632654
12,4,Jordan McLaughlin,0.0,MIN,MIA,11.0,233.5,111.3,15,10.3,21.2,38.0,PG,4000,1,17.0,16.0,100,107,-9%,7,5,6,24,18,19,21.1,18.0,6.7,29.2,21.5,28.8,7.2,14.0,3.5,12.8,14.0,3.2,13.4,3.35,20.333333333333332,6.0,17.68,23.166666666666668,9.226229508196722
12,5,Kyle Anderson,0.0,MEM,HOU,12.0,237.0,112.5,24,20.0,23.6,27.3,SF/PF,5000,1,14.0,13.0,106,107,7%,7,6,5,22,25,19,23.6,16.5,8.9,24.1,18.4,28.3,5.7,24.0,4.8,23.1,26.5,4.6,23.55,4.699999999999999,22.0,6.0,19.330000000000002,23.633333333333336,28.36704545454546
12,6,Mitchell Robinson,0.0,NY,CHA,-2.0,207.0,104.5,22,20.3,29.8,42.3,C,5100,1,13.0,23.0,99,111,6%,5,6,5,22,23,23,29.8,24.1,15.5,32.7,29.9,44.0,8.6,25.0,4.9,23.1,21.0,4.5,24.05,4.7,22.666666666666668,5.333333333333333,25.23,30.8,22.281617647058823
12,7,Dario Saric,0.0,PHO,LAC,7.5,233.0,112.8,29,1.8,12.5,20.8,SF/PF,3200,1,17.0,13.0,105,105,-4%,6,7,9,18,23,26,20.2,23.0,11.7,34.4,31.0,20.8,6.5,20.8,6.48,20.7,25.0,6.5,20.75,6.49,22.333333333333332,7.333333333333333,22.009999999999998,11.700000000000001,23.22761194029851
13,0,Jeff Teague,0.0,ATL,ORL,3.5,225.5,111.0,18,0.8,13.7,31.3,PG/SG,3300,1,19.0,15.0,100,106,-1%,7,6,9,15,20,26,18.1,24.9,14.3,35.6,22.7,29.3,8.9,17.3,5.23,16.2,17.5,4.9,16.75,5.065,20.333333333333332,7.333333333333333,21.93,15.266666666666666,14.41598360655738
13,1,Derrick White,0.0,SA,DAL,4.0,233.0,114.5,7,10.3,23.4,37.0,PG/SG,4100,2,19.0,16.0,101,109,-4%,6,9,8,23,24,24,23.4,21.9,13.7,30.0,28.5,24.8,6.0,22.0,5.37,21.8,23.0,5.3,21.9,5.335,23.666666666666668,7.666666666666667,22.18,23.566666666666666,21.283098591549294
13,2,PJ Washington,0.0,CHA,NY,2.0,207.0,102.5,23,16.3,25.1,34.3,PF/C,5000,0,18.0,13.0,101,110,8%,11,10,10,31,32,31,25.1,25.9,17.1,34.8,36.7,26.8,5.4,27.0,5.4,26.7,31.5,5.3,26.85,5.35,31.333333333333332,10.333333333333334,25.95,25.233333333333334,26.99281914893617
13,3,Landry Shamet,0.0,LAC,PHO,-7.5,233.0,120.3,24,12.5,21.4,25.8,SG/SF,4100,1,13.0,10.0,104,108,0%,6,8,8,29,34,30,21.4,18.6,11.0,26.2,20.3,8.3,2.0,20.0,4.88,14.8,24.5,3.6,17.4,4.24,31.0,7.333333333333333,18.919999999999998,19.900000000000002,13.751612903225807
13,4,D'Angelo Russell,0.0,MIN,MIA,11.0,233.5,111.3,15,30.5,41.5,58.0,PG,8600,1,33.0,20.0,100,107,-9%,18,18,19,33,33,33,41.5,41.6,29.3,54.0,31.5,52.3,6.1,41.5,4.83,45.0,33.5,5.2,43.25,5.015000000000001,33.0,18.333333333333332,41.93,43.333333333333336,43.90530303030303
13,5,Cedi Osman,0.0,CLE,PHI,7.5,216.5,104.5,20,11.3,23.3,40.3,SF/PF,4400,1,17.0,11.0,102,104,-4%,12,10,9,31,30,29,23.3,21.4,13.3,29.6,16.6,9.3,2.1,20.8,4.72,21.2,29.5,4.8,21.0,4.76,30.0,10.333333333333334,21.720000000000002,24.96666666666667,20.65
13,6,Guillermo Hernangomez,0.0,CHA,NY,2.0,207.0,102.5,1,6.5,15.1,21.5,C,3000,0,0.0,0.0,101,110,-6%,5,6,4,14,16,11,15.4,11.8,3.4,20.2,19.0,18.8,6.3,9.5,3.17,16.6,15.0,5.5,13.05,4.335,13.666666666666666,5.0,12.770000000000001,14.366666666666667,14.323170731707318
13,7,Bismack Biyombo,0.0,CHA,NY,2.0,207.0,102.5,1,5.3,13.6,32.5,C,3100,0,17.0,16.0,101,110,-6%,2,3,5,11,16,19,13.7,17.5,7.5,27.4,27.1,33.8,10.9,23.5,7.58,22.6,25.0,7.3,23.05,7.4399999999999995,15.333333333333334,3.3333333333333335,17.83,17.133333333333333,37.58152173913044
14,0,Russell Westbrook,0.0,HOU,MEM,-12.0,237.0,124.5,11,44.3,53.2,59.5,PG,10100,1,35.0,21.0,106,108,2%,23,26,23,35,36,36,53.1,52.2,41.0,63.4,33.8,62.3,6.2,54.5,5.4,56.7,37.0,5.6,55.6,5.5,35.666666666666664,24.0,53.06,52.333333333333336,57.6785046728972
14,1,Terry Rozier,0.0,CHA,NY,2.0,207.0,102.5,8,19.3,22.6,28.5,PG/SG,5800,0,24.0,15.0,101,110,1%,12,12,15,30,32,35,22.6,31.8,21.0,42.6,35.1,38.3,6.6,31.5,5.43,31.0,34.0,5.3,31.25,5.365,32.333333333333336,13.0,29.85,23.46666666666667,32.860824742268036
14,2,Marcus Morris Sr.,0.0,LAC,PHO,-7.5,233.0,120.3,6,9.5,21.0,27.0,SF/PF,5000,1,17.0,16.0,104,108,0%,10,10,15,28,31,33,21.0,30.7,19.6,41.7,29.7,32.3,6.5,23.8,4.75,24.0,29.5,4.8,23.9,4.775,30.666666666666668,11.666666666666666,27.380000000000003,19.166666666666668,22.990760869565214
14,3,Robert Covington,0.0,HOU,MEM,-12.0,237.0,124.5,19,27.8,34.1,39.3,SF/PF,6200,1,16.0,14.0,106,108,4%,12,12,11,34,33,30,33.7,28.7,20.4,37.0,29.1,27.0,4.4,34.0,5.48,36.7,34.5,5.9,35.35,5.69,32.333333333333336,11.666666666666666,31.03,33.733333333333334,37.71881443298969
14,4,Mike Conley,0.0,UTA,BOS,-5.5,217.5,111.5,25,8.0,30.0,42.0,PG,5000,1,24.0,13.0,102,104,-6%,11,13,12,28,31,28,29.9,25.5,15.0,35.9,33.0,28.0,5.6,28.5,5.7,29.4,31.0,5.9,28.95,5.800000000000001,29.0,12.0,27.05,26.666666666666668,30.94655172413793
14,5,Gordon Hayward,0.0,BOS,UTA,5.5,217.5,106.0,9,19.3,38.2,50.3,SF/PF,7400,0,21.0,19.0,101,107,-7%,11,15,13,35,38,34,38.1,34.8,23.8,45.8,35.7,20.8,2.8,35.8,4.83,33.8,35.0,4.6,34.8,4.715,35.666666666666664,13.0,35.46,35.93333333333333,34.14953271028037
14,6,Tristan Thompson,0.0,CLE,PHI,7.5,216.5,104.5,8,17.5,31.3,47.3,C,5300,1,18.0,17.0,102,104,-10%,11,11,10,28,27,31,33.3,31.1,19.7,42.5,31.7,38.3,7.2,27.0,5.09,28.4,31.0,5.4,27.7,5.245,28.666666666666668,10.666666666666666,30.860000000000003,32.03333333333333,29.954651162790697
14,7,Mitchell Robinson,0.0,NY,CHA,-2.0,207.0,104.5,22,20.3,29.8,42.3,C,5100,1,13.0,23.0,99,111,6%,5,6,5,22,23,23,29.8,24.1,15.5,32.7,29.9,44.0,8.6,25.0,4.9,23.1,21.0,4.5,24.05,4.7,22.666666666666668,5.333333333333333,25.23,30.8,22.281617647058823
15,0,Darius Garland,0.0,CLE,PHI,7.5,216.5,104.5,4,16.0,25.1,36.8,PG,4700,1,21.0,9.0,102,104,-5%,12,11,12,37,34,31,25.1,21.8,13.9,29.7,33.5,13.5,2.9,22.8,4.84,23.2,33.5,4.9,23.0,4.87,34.0,11.666666666666666,22.700000000000003,25.96666666666667,22.661764705882355
15,1,Donovan Mitchell,0.0,UTA,BOS,-5.5,217.5,111.5,25,19.8,37.1,52.0,PG/SG,7600,1,31.0,19.0,102,104,-3%,22,17,20,35,35,35,37.0,39.5,30.2,48.9,35.7,50.8,6.7,38.5,5.07,37.6,35.0,4.9,38.05,4.985,35.0,19.666666666666668,38.73,36.300000000000004,38.05
15,2,Julius Randle,0.0,NY,CHA,-2.0,207.0,104.5,30,22.8,39.8,64.5,PF/C,8400,1,28.0,17.0,99,111,5%,12,17,16,29,35,33,39.8,38.3,29.0,47.5,25.2,37.8,4.5,40.3,4.79,40.8,33.5,4.9,40.55,4.845000000000001,32.333333333333336,15.0,39.029999999999994,42.36666666666667,42.013144329896896
15,3,Cam Reddish,0.0,ATL,ORL,3.5,225.5,111.0,22,10.3,24.4,37.0,SG/SF,4500,1,18.0,8.0,100,106,-2%,13,11,9,31,30,27,24.4,20.0,11.0,29.1,31.3,25.8,5.7,22.0,4.89,21.4,27.5,4.8,21.7,4.845,29.333333333333332,11.0,21.240000000000002,23.900000000000002,20.34375
15,4,Jerome Robinson,0.0,WAS,BKN,2.5,234.0,115.8,4,9.0,12.7,15.3,SG/SF,3200,1,15.0,5.0,104,106,-1%,5,5,4,17,17,12,12.7,7.9,0.5,15.4,20.0,20.3,6.3,9.0,2.81,9.5,13.5,3.0,9.25,2.9050000000000002,15.333333333333334,4.666666666666667,9.15,12.333333333333334,8.144021739130435
15,5,Treveon Graham,0.0,ATL,ORL,3.5,225.5,111.0,2,0.0,10.0,22.8,SF,3000,1,12.0,6.0,100,106,-4%,5,4,5,13,13,17,9.9,10.0,2.8,17.3,9.1,4.3,1.4,8.3,2.75,0.0,0.0,0.0,4.15,1.375,14.333333333333334,4.666666666666667,8.83,10.933333333333332,0.0
15,6,Rui Hachimura,0.0,WAS,BKN,2.5,234.0,115.8,25,15.3,26.9,36.5,PF/C,5900,1,19.0,14.0,104,106,-3%,10,10,12,37,32,29,26.9,25.5,15.8,35.3,27.0,22.0,3.7,25.0,4.24,26.3,30.0,4.5,25.65,4.37,32.666666666666664,10.666666666666666,25.829999999999995,26.233333333333334,23.556122448979593
15,7,Josh Richardson,0.0,PHI,CLE,-7.5,216.5,112.0,18,7.5,22.0,33.8,SG,5200,1,22.0,12.0,101,114,5%,11,10,13,33,31,32,21.9,27.1,17.9,36.4,32.2,33.0,6.3,30.8,5.91,30.3,36.0,5.8,30.55,5.855,32.0,11.333333333333334,26.770000000000003,21.099999999999998,34.36875
16,0,Jarrett Culver,0.0,MIN,MIA,11.0,233.5,111.3,15,5.5,17.1,27.3,PG/SF,3600,1,19.0,9.0,100,107,-9%,8,7,9,24,21,24,17.1,19.1,9.3,29.0,21.1,21.3,5.9,16.8,4.65,17.3,22.5,4.8,17.05,4.725,23.0,8.0,18.31,16.633333333333336,16.679347826086957
16,1,Tim Hardaway Jr.,0.0,DAL,SA,-4.0,233.0,118.5,19,24.5,37.3,47.5,SG/SF,6800,1,22.0,15.0,102,111,3%,18,15,12,31,33,28,37.3,25.1,14.6,35.6,35.6,20.5,3.0,27.0,3.97,28.0,32.5,4.1,27.5,4.035,30.666666666666668,15.0,28.02,36.43333333333333,29.144021739130434
16,2,Kelan Martin,0.0,MIN,MIA,11.0,233.5,111.3,7,2.0,18.0,29.0,SF/PF,3100,1,17.0,9.0,100,107,0%,11,7,6,22,17,17,17.9,13.3,4.3,22.3,18.9,17.5,5.6,14.8,4.76,12.4,14.5,4.0,13.600000000000001,4.38,18.666666666666668,8.0,14.280000000000001,16.333333333333332,10.564285714285715
16,3,Glenn Robinson III,0.0,PHI,CLE,-7.5,216.5,112.0,28,8.5,12.1,19.5,SF/PF,3300,1,16.0,13.0,101,114,9%,11,11,11,26,28,31,30.1,24.0,15.8,32.3,15.2,9.0,2.7,15.0,4.55,12.8,16.0,3.9,13.9,4.225,28.333333333333332,11.0,23.220000000000002,13.366666666666667,7.8494117647058825
16,4,Lonnie Walker IV,0.0,SA,DAL,4.0,233.0,114.5,29,6.5,13.6,19.3,SG/SF,3200,2,18.0,11.0,101,109,-2%,4,5,5,18,21,14,13.6,10.8,2.2,19.3,27.4,24.8,7.8,14.8,4.61,18.3,23.0,5.7,16.55,5.155,17.666666666666668,4.666666666666667,12.49,13.133333333333335,21.54622641509434
16,5,Derrick Jones Jr.,0.0,MIA,MIN,-11.0,233.5,122.3,23,8.5,18.1,32.5,SF/PF,4500,1,14.0,14.0,105,110,6%,7,5,7,32,24,26,18.1,19.9,11.0,28.8,19.8,22.3,5.0,19.5,4.33,18.1,21.5,4.0,18.8,4.165,27.333333333333332,6.333333333333333,19.32,19.7,14.787804878048782
16,6,Bobby Portis,0.0,NY,CHA,-2.0,207.0,104.5,30,19.3,23.7,29.5,PF/C,4200,1,21.0,14.0,99,111,5%,11,10,9,26,21,21,23.6,20.6,11.0,30.3,22.8,22.8,5.4,20.8,4.94,18.8,20.0,4.5,19.8,4.720000000000001,22.666666666666668,10.0,21.06,24.166666666666668,17.470588235294116
16,7,Jalen McDaniels,0.0,CHA,NY,2.0,207.0,102.5,23,4.5,15.0,24.0,PF,3100,0,0.0,0.0,101,110,8%,7,4,4,21,20,15,14.9,11.1,3.2,19.1,22.2,15.0,4.8,16.5,5.32,15.7,19.0,5.1,16.1,5.21,18.666666666666668,5.0,12.88,14.5,16.3875
17,0,Jordan Clarkson,0.0,UTA,BOS,-5.5,217.5,111.5,25,20.0,32.0,46.3,PG/SG,5500,1,26.0,19.0,102,104,-6%,14,14,12,26,29,25,32.0,24.4,15.0,33.8,20.0,14.5,2.6,24.0,4.36,25.1,26.0,4.6,24.55,4.48,26.666666666666668,13.333333333333334,25.95,32.766666666666666,23.93625
17,1,Jeff Teague,0.0,ATL,ORL,3.5,225.5,111.0,18,0.8,13.7,31.3,PG/SG,3300,1,19.0,15.0,100,106,-1%,7,6,9,15,20,26,18.1,24.9,14.3,35.6,22.7,29.3,8.9,17.3,5.23,16.2,17.5,4.9,16.75,5.065,20.333333333333332,7.333333333333333,21.93,15.266666666666666,14.41598360655738
17,2,Josh Jackson,0.0,MEM,HOU,12.0,237.0,112.5,24,9.8,20.5,26.8,SF/PF,4500,1,0.0,0.0,106,107,7%,12,7,7,24,20,19,20.4,17.4,9.4,25.4,23.4,15.3,3.4,24.3,5.39,22.6,26.0,5.0,23.450000000000003,5.195,21.0,8.666666666666666,19.21,19.033333333333335,29.033333333333335
17,3,Moe Harkless,0.0,NY,CHA,-2.0,207.0,104.5,15,6.8,15.4,23.3,SF/PF,3200,1,10.0,10.0,99,111,2%,4,5,4,23,23,23,15.4,15.0,8.0,22.0,24.5,14.0,4.4,16.8,5.23,17.2,25.5,5.4,17.0,5.315,23.0,4.333333333333333,15.48,15.166666666666666,18.84782608695652
17,4,Terry Rozier,0.0,CHA,NY,2.0,207.0,102.5,8,19.3,22.6,28.5,PG/SG,5800,0,24.0,15.0,101,110,1%,12,12,15,30,32,35,22.6,31.8,21.0,42.6,35.1,38.3,6.6,31.5,5.43,31.0,34.0,5.3,31.25,5.365,32.333333333333336,13.0,29.85,23.46666666666667,32.860824742268036
17,5,Cedi Osman,0.0,CLE,PHI,7.5,216.5,104.5,20,11.3,23.3,40.3,SF/PF,4400,1,17.0,11.0,102,104,-4%,12,10,9,31,30,29,23.3,21.4,13.3,29.6,16.6,9.3,2.1,20.8,4.72,21.2,29.5,4.8,21.0,4.76,30.0,10.333333333333334,21.720000000000002,24.96666666666667,20.65
17,6,Julius Randle,0.0,NY,CHA,-2.0,207.0,104.5,30,22.8,39.8,64.5,PF/C,8400,1,28.0,17.0,99,111,5%,12,17,16,29,35,33,39.8,38.3,29.0,47.5,25.2,37.8,4.5,40.3,4.79,40.8,33.5,4.9,40.55,4.845000000000001,32.333333333333336,15.0,39.029999999999994,42.36666666666667,42.013144329896896
17,7,James Ennis III,0.0,ORL,ATL,-3.5,225.5,114.5,25,5.8,11.5,22.0,SF/PF,3400,1,15.0,12.0,106,112,17%,6,5,5,24,19,17,11.5,12.8,5.8,19.7,28.5,19.0,5.6,15.3,4.49,20.6,26.0,6.1,17.950000000000003,5.295,20.0,5.333333333333333,13.55,13.1,23.335000000000004
18,0,Shake Milton,0.0,PHI,CLE,-7.5,216.5,112.0,5,7.3,14.8,25.8,PG,4500,1,20.0,11.0,101,114,9%,8,5,5,24,15,16,13.3,12.7,1.8,23.6,37.2,35.0,7.8,20.8,4.61,21.2,26.0,4.7,21.0,4.655,18.333333333333332,6.0,14.48,15.966666666666669,29.78181818181818
18,1,Donovan Mitchell,0.0,UTA,BOS,-5.5,217.5,111.5,25,19.8,37.1,52.0,PG/SG,7600,1,31.0,19.0,102,104,-3%,22,17,20,35,35,35,37.0,39.5,30.2,48.9,35.7,50.8,6.7,38.5,5.07,37.6,35.0,4.9,38.05,4.985,35.0,19.666666666666668,38.73,36.300000000000004,38.05
18,2,Vince Carter,0.0,ATL,ORL,3.5,225.5,111.0,2,1.3,4.7,10.5,SF/PF,3000,1,16.0,8.0,100,106,-1%,1,2,5,8,9,15,4.7,10.9,3.1,18.8,4.0,1.5,0.5,7.0,2.33,0.0,0.0,0.0,3.5,1.165,10.666666666666666,2.6666666666666665,8.200000000000001,5.5,0.0
18,3,Jayson Tatum,0.0,BOS,UTA,5.5,217.5,106.0,9,41.8,51.5,57.3,SF/PF,8800,0,28.0,20.0,101,107,-7%,21,20,19,36,38,34,51.8,41.4,30.7,52.1,38.4,53.3,6.1,41.0,4.66,42.4,36.0,4.8,41.7,4.73,36.0,20.0,43.54,50.199999999999996,41.7
18,4,Austin Rivers,0.0,HOU,MEM,-12.0,237.0,124.5,11,4.3,11.8,22.5,PG/SG,3300,1,15.0,10.0,106,108,2%,6,5,7,21,21,24,11.8,16.2,8.1,24.3,25.2,36.5,11.1,15.0,4.55,14.8,20.5,4.5,14.9,4.525,22.0,6.0,15.059999999999999,12.866666666666667,13.884090909090908
18,5,Rui Hachimura,0.0,WAS,BKN,2.5,234.0,115.8,25,15.3,26.9,36.5,PF/C,5900,1,19.0,14.0,104,106,-3%,10,10,12,37,32,29,26.9,25.5,15.8,35.3,27.0,22.0,3.7,25.0,4.24,26.3,30.0,4.5,25.65,4.37,32.666666666666664,10.666666666666666,25.829999999999995,26.233333333333334,23.556122448979593
18,6,Bismack Biyombo,0.0,CHA,NY,2.0,207.0,102.5,1,5.3,13.6,32.5,C,3100,0,17.0,16.0,101,110,-6%,2,3,5,11,16,19,13.7,17.5,7.5,27.4,27.1,33.8,10.9,23.5,7.58,22.6,25.0,7.3,23.05,7.4399999999999995,15.333333333333334,3.3333333333333335,17.83,17.133333333333333,37.58152173913044
18,7,Furkan Korkmaz,0.0,PHI,CLE,-7.5,216.5,112.0,18,3.3,22.6,48.3,SG/SF,4300,1,18.0,12.0,101,114,9%,11,10,8,28,26,22,22.6,16.8,6.5,27.1,24.8,21.8,5.1,21.0,4.88,21.8,26.5,5.1,21.4,4.99,25.333333333333332,9.666666666666666,18.880000000000003,24.733333333333334,22.385526315789473
20,0,Donovan Mitchell,0.0,UTA,BOS,-5.5,217.5,111.5,25,19.8,37.1,52.0,PG/SG,7600,1,31.0,19.0,102,104,-3%,22,17,20,35,35,35,37.0,39.5,30.2,48.9,35.7,50.8,6.7,38.5,5.07,37.6,35.0,4.9,38.05,4.985,35.0,19.666666666666668,38.73,36.300000000000004,38.05
20,1,James Harden,0.0,HOU,MEM,-12.0,237.0,124.5,11,60.3,63.1,67.0,PG/SG,11300,1,37.0,29.0,106,108,2%,24,21,24,36,36,38,63.4,61.5,47.4,75.6,28.0,46.3,4.1,62.8,5.55,64.5,37.0,5.7,63.65,5.625,36.666666666666664,23.0,62.31,63.46666666666667,64.22863636363637
20,2,Dario Saric,0.0,PHO,LAC,7.5,233.0,112.8,29,1.8,12.5,20.8,SF/PF,3200,1,17.0,13.0,105,105,-4%,6,7,9,18,23,26,20.2,23.0,11.7,34.4,31.0,20.8,6.5,20.8,6.48,20.7,25.0,6.5,20.75,6.49,22.333333333333332,7.333333333333333,22.009999999999998,11.700000000000001,23.22761194029851
20,3,Royce O'Neale,0.0,UTA,BOS,-5.5,217.5,111.5,26,11.5,19.7,30.0,SF,3600,1,10.0,9.0,102,104,-4%,5,5,5,23,28,29,19.4,18.9,12.4,25.5,29.0,27.5,7.6,18.5,5.14,17.5,27.5,4.9,18.0,5.02,26.666666666666668,5.0,18.84,20.400000000000002,18.562499999999996
20,4,Dennis Smith Jr.,0.0,NY,CHA,-2.0,207.0,104.5,16,6.3,17.0,44.3,PG,4200,1,24.0,8.0,99,111,-4%,9,6,6,23,16,16,17.0,14.5,4.0,25.1,20.7,13.0,3.1,16.5,3.93,16.3,17.5,3.9,16.4,3.915,18.333333333333332,7.0,15.4,22.53333333333333,15.654545454545454
20,5,Courtney Lee,0.0,DAL,SA,-4.0,233.0,118.5,21,4.8,12.4,15.0,SF,3000,1,0.0,0.0,102,111,1%,3,4,3,20,18,11,12.4,7.8,1.5,14.0,4.6,2.8,0.9,7.3,2.42,0.0,0.0,0.0,3.65,1.21,16.333333333333332,3.3333333333333335,7.87,10.733333333333334,0.0
20,6,Damian Jones,0.0,ATL,ORL,3.5,225.5,111.0,19,7.0,15.1,32.0,C,3000,1,11.0,16.0,100,106,-5%,3,3,3,13,17,17,15.1,14.1,5.9,22.3,7.9,3.8,1.3,9.8,3.25,11.3,14.0,3.8,10.55,3.525,15.666666666666666,3.0,13.59,18.033333333333335,9.427659574468088
20,7,Timothe Luwawu-Cabarrot,0.0,BKN,WAS,-2.5,234.0,118.3,8,5.3,14.6,27.5,SF/PF,3100,1,15.0,9.0,106,113,5%,8,6,4,19,16,15,14.6,10.5,2.9,18.1,18.9,6.8,2.2,14.3,4.6,12.7,17.5,4.1,13.5,4.35,16.666666666666668,6.0,11.92,15.799999999999999,14.174999999999999
21,0,Lou Williams,0.0,LAC,PHO,-7.5,233.0,120.3,13,22.0,36.0,60.5,PG/SG,6300,1,30.0,17.0,104,108,0%,12,17,16,26,32,30,36.0,33.5,23.5,43.6,22.0,14.3,2.3,28.5,4.52,28.3,26.5,4.5,28.4,4.51,29.333333333333332,15.0,33.0,39.5,25.65681818181818
21,1,Joe Ingles,0.0,UTA,BOS,-5.5,217.5,111.5,1,14.0,20.5,28.3,SG/SF,4700,1,17.0,12.0,102,104,-4%,6,8,8,30,31,31,20.5,25.3,15.9,34.6,26.4,9.5,2.0,21.3,4.52,21.3,26.0,4.5,21.3,4.51,30.666666666666668,7.333333333333333,23.520000000000003,20.933333333333334,18.058695652173913
21,2,PJ Washington,0.0,CHA,NY,2.0,207.0,102.5,23,16.3,25.1,34.3,PF/C,5000,0,18.0,13.0,101,110,8%,11,10,10,31,32,31,25.1,25.9,17.1,34.8,36.7,26.8,5.4,27.0,5.4,26.7,31.5,5.3,26.85,5.35,31.333333333333332,10.333333333333334,25.95,25.233333333333334,26.99281914893617
21,3,Marco Belinelli,0.0,SA,DAL,4.0,233.0,114.5,4,1.3,8.5,18.5,SF,3100,2,17.0,9.0,101,109,-2%,6,4,6,15,16,16,9.3,10.9,4.7,17.2,21.4,31.0,10.0,7.8,2.5,0.0,0.0,0.0,3.9,1.25,15.666666666666666,5.333333333333333,9.200000000000001,9.433333333333334,0.0
21,4,Ben McLemore,0.0,HOU,MEM,-12.0,237.0,124.5,21,6.0,16.5,21.8,SG/SF,3500,1,15.0,12.0,106,108,5%,8,6,8,21,22,25,16.9,17.9,9.0,26.8,25.7,15.8,4.5,16.0,4.57,17.0,22.5,4.9,16.5,4.735,22.666666666666668,7.333333333333333,17.419999999999998,14.766666666666666,16.378676470588236
21,5,Caris LeVert,0.0,BKN,WAS,-2.5,234.0,118.3,27,21.5,36.4,42.3,PG/SF,7500,1,29.0,12.0,106,113,5%,20,20,15,32,35,28,36.4,28.0,16.9,39.0,34.1,62.0,8.3,36.5,4.87,38.7,34.0,5.2,37.6,5.035,31.666666666666668,18.333333333333332,31.580000000000002,33.4,40.370526315789476
21,6,Jakob Poeltl,0.0,SA,DAL,4.0,233.0,114.5,14,11.0,16.2,23.8,C,3200,2,14.0,20.0,101,109,-2%,5,4,4,14,13,17,16.1,18.6,10.4,26.8,9.7,11.5,3.6,28.0,8.75,26.7,24.0,8.3,27.35,8.525,14.666666666666666,4.333333333333333,19.85,17.0,44.75454545454546
21,7,Terry Rozier,0.0,CHA,NY,2.0,207.0,102.5,8,19.3,22.6,28.5,PG/SG,5800,0,24.0,15.0,101,110,1%,12,12,15,30,32,35,22.6,31.8,21.0,42.6,35.1,38.3,6.6,31.5,5.43,31.0,34.0,5.3,31.25,5.365,32.333333333333336,13.0,29.85,23.46666666666667,32.860824742268036
22,0,Ricky Rubio,0.0,PHO,LAC,7.5,233.0,112.8,2,26.8,40.8,62.0,PG,6900,1,22.0,16.0,105,105,-1%,11,9,11,34,29,32,40.8,35.3,23.7,47.0,31.2,45.5,6.6,33.8,4.89,36.0,32.0,5.2,34.9,5.045,31.666666666666668,10.333333333333334,36.339999999999996,43.199999999999996,35.26736842105263
22,1,Ben McLemore,0.0,HOU,MEM,-12.0,237.0,124.5,21,6.0,16.5,21.8,SG/SF,3500,1,15.0,12.0,106,108,5%,8,6,8,21,22,25,16.9,17.9,9.0,26.8,25.7,15.8,4.5,16.0,4.57,17.0,22.5,4.9,16.5,4.735,22.666666666666668,7.333333333333333,17.419999999999998,14.766666666666666,16.378676470588236
22,2,Cedi Osman,0.0,CLE,PHI,7.5,216.5,104.5,20,11.3,23.3,40.3,SF/PF,4400,1,17.0,11.0,102,104,-4%,12,10,9,31,30,29,23.3,21.4,13.3,29.6,16.6,9.3,2.1,20.8,4.72,21.2,29.5,4.8,21.0,4.76,30.0,10.333333333333334,21.720000000000002,24.96666666666667,20.65
22,3,Marco Belinelli,0.0,SA,DAL,4.0,233.0,114.5,4,1.3,8.5,18.5,SF,3100,2,17.0,9.0,101,109,-2%,6,4,6,15,16,16,9.3,10.9,4.7,17.2,21.4,31.0,10.0,7.8,2.5,0.0,0.0,0.0,3.9,1.25,15.666666666666666,5.333333333333333,9.200000000000001,9.433333333333334,0.0
22,4,RJ Barrett,0.0,NY,CHA,-2.0,207.0,104.5,16,8.0,20.6,33.5,PG/SG,6000,1,24.0,10.0,99,111,5%,18,13,13,30,27,31,20.6,26.2,15.1,37.3,21.4,10.8,1.8,26.5,4.42,26.8,32.0,4.5,26.65,4.46,29.333333333333332,14.666666666666666,25.169999999999998,20.7,29.072727272727274
22,5,Kyle Anderson,0.0,MEM,HOU,12.0,237.0,112.5,24,20.0,23.6,27.3,SF/PF,5000,1,14.0,13.0,106,107,7%,7,6,5,22,25,19,23.6,16.5,8.9,24.1,18.4,28.3,5.7,24.0,4.8,23.1,26.5,4.6,23.55,4.699999999999999,22.0,6.0,19.330000000000002,23.633333333333336,28.36704545454546
22,6,Tony Bradley,0.0,UTA,BOS,-5.5,217.5,111.5,17,4.0,10.0,17.5,C,3000,1,16.0,20.0,102,104,-6%,2,2,3,9,9,10,9.9,10.9,3.5,18.3,13.1,12.5,4.2,11.0,3.67,10.1,10.0,3.4,10.55,3.535,9.333333333333334,2.3333333333333335,10.63,10.5,11.303571428571429
22,7,Austin Rivers,0.0,HOU,MEM,-12.0,237.0,124.5,11,4.3,11.8,22.5,PG/SG,3300,1,15.0,10.0,106,108,2%,6,5,7,21,21,24,11.8,16.2,8.1,24.3,25.2,36.5,11.1,15.0,4.55,14.8,20.5,4.5,14.9,4.525,22.0,6.0,15.059999999999999,12.866666666666667,13.884090909090908
23,0,Shake Milton,0.0,PHI,CLE,-7.5,216.5,112.0,5,7.3,14.8,25.8,PG,4500,1,20.0,11.0,101,114,9%,8,5,5,24,15,16,13.3,12.7,1.8,23.6,37.2,35.0,7.8,20.8,4.61,21.2,26.0,4.7,21.0,4.655,18.333333333333332,6.0,14.48,15.966666666666669,29.78181818181818
23,1,De'Anthony Melton,0.0,MEM,HOU,12.0,237.0,112.5,28,6.8,18.2,41.5,PG/SG,4000,1,21.0,15.0,106,107,1%,7,9,7,21,22,20,18.1,21.5,13.0,29.9,23.9,23.3,5.8,23.5,5.88,24.0,25.5,6.0,23.75,5.9399999999999995,21.0,7.666666666666667,21.25,22.166666666666668,28.839285714285715
23,2,Jake Layman,0.0,MIN,MIA,11.0,233.5,111.3,12,8.8,17.6,35.3,PF,3300,1,17.0,10.0,100,107,1%,10,9,9,25,28,26,21.1,18.4,11.2,25.6,13.2,15.8,4.8,11.3,3.41,11.6,15.5,3.5,11.45,3.455,26.333333333333332,9.333333333333334,17.55,20.566666666666666,6.739556962025317
23,3,Josh Jackson,0.0,MEM,HOU,12.0,237.0,112.5,24,9.8,20.5,26.8,SF/PF,4500,1,0.0,0.0,106,107,7%,12,7,7,24,20,19,20.4,17.4,9.4,25.4,23.4,15.3,3.4,24.3,5.39,22.6,26.0,5.0,23.450000000000003,5.195,21.0,8.666666666666666,19.21,19.033333333333335,29.033333333333335
23,4,Lou Williams,0.0,LAC,PHO,-7.5,233.0,120.3,13,22.0,36.0,60.5,PG/SG,6300,1,30.0,17.0,104,108,0%,12,17,16,26,32,30,36.0,33.5,23.5,43.6,22.0,14.3,2.3,28.5,4.52,28.3,26.5,4.5,28.4,4.51,29.333333333333332,15.0,33.0,39.5,25.65681818181818
23,5,Moritz Wagner,0.0,WAS,BKN,2.5,234.0,115.8,25,11.3,17.3,28.0,PF/C,4500,1,20.0,17.0,104,106,-3%,3,5,7,22,20,20,17.3,22.0,12.4,31.5,13.1,7.8,1.7,17.0,3.78,17.2,16.5,3.8,17.1,3.79,20.666666666666668,5.0,20.060000000000002,18.866666666666667,13.65241935483871
23,6,Rudy Gobert,0.0,UTA,BOS,-5.5,217.5,111.5,17,23.5,35.9,47.0,C,8100,1,16.0,22.0,102,104,-6%,6,8,9,35,36,35,36.1,41.5,32.3,50.6,34.9,28.8,3.6,43.0,5.31,41.9,35.5,5.2,42.45,5.255,35.333333333333336,7.666666666666667,40.589999999999996,35.46666666666667,42.65023584905661
23,7,Kevin Knox II,0.0,NY,CHA,-2.0,207.0,104.5,15,2.0,5.8,8.8,SF/PF,3100,1,18.0,9.0,99,111,2%,5,4,6,15,14,18,5.8,13.4,6.0,20.8,23.5,9.0,2.9,10.8,3.47,9.2,13.0,3.0,10.0,3.2350000000000003,15.666666666666666,5.0,11.2,5.533333333333334,8.297872340425533
24,0,D.J. Augustin,0.0,ORL,ATL,-3.5,225.5,114.5,3,2.8,15.5,30.0,PG,3400,1,20.0,14.0,106,112,-2%,8,8,8,24,26,26,20.9,22.1,13.3,31.0,16.5,15.3,4.5,15.5,4.56,16.0,18.0,4.7,15.75,4.63,25.333333333333332,8.0,20.61,16.099999999999998,11.19078947368421
24,1,Jeff Teague,0.0,ATL,ORL,3.5,225.5,111.0,18,0.8,13.7,31.3,PG/SG,3300,1,19.0,15.0,100,106,-1%,7,6,9,15,20,26,18.1,24.9,14.3,35.6,22.7,29.3,8.9,17.3,5.23,16.2,17.5,4.9,16.75,5.065,20.333333333333332,7.333333333333333,21.93,15.266666666666666,14.41598360655738
24,2,Jake Layman,0.0,MIN,MIA,11.0,233.5,111.3,12,8.8,17.6,35.3,PF,3300,1,17.0,10.0,100,107,1%,10,9,9,25,28,26,21.1,18.4,11.2,25.6,13.2,15.8,4.8,11.3,3.41,11.6,15.5,3.5,11.45,3.455,26.333333333333332,9.333333333333334,17.55,20.566666666666666,6.739556962025317
24,3,Jarrett Culver,0.0,MIN,MIA,11.0,233.5,111.3,15,5.5,17.1,27.3,PG/SF,3600,1,19.0,9.0,100,107,-9%,8,7,9,24,21,24,17.1,19.1,9.3,29.0,21.1,21.3,5.9,16.8,4.65,17.3,22.5,4.8,17.05,4.725,23.0,8.0,18.31,16.633333333333336,16.679347826086957
24,4,De'Anthony Melton,0.0,MEM,HOU,12.0,237.0,112.5,28,6.8,18.2,41.5,PG/SG,4000,1,21.0,15.0,106,107,1%,7,9,7,21,22,20,18.1,21.5,13.0,29.9,23.9,23.3,5.8,23.5,5.88,24.0,25.5,6.0,23.75,5.9399999999999995,21.0,7.666666666666667,21.25,22.166666666666668,28.839285714285715
24,5,Kevin Huerter,0.0,ATL,ORL,3.5,225.5,111.0,22,16.8,24.5,32.3,SG/SF,5500,1,18.0,11.0,100,106,-1%,11,12,11,38,36,32,24.5,26.2,16.5,35.9,27.8,21.8,4.0,29.0,5.27,28.2,36.5,5.1,28.6,5.185,35.333333333333336,11.333333333333334,26.339999999999996,24.53333333333333,29.544339622641505
24,6,P.J. Tucker,0.0,HOU,MEM,-12.0,237.0,124.5,4,13.8,18.0,24.8,C,3700,1,9.0,9.0,106,108,4%,5,5,6,30,32,35,18.0,22.3,13.0,31.6,24.6,20.3,5.5,21.8,5.88,22.5,34.0,6.1,22.15,5.99,32.333333333333336,5.333333333333333,21.410000000000004,18.866666666666667,23.291752577319585
24,7,Jordan Clarkson,0.0,UTA,BOS,-5.5,217.5,111.5,25,20.0,32.0,46.3,PG/SG,5500,1,26.0,19.0,102,104,-6%,14,14,12,26,29,25,32.0,24.4,15.0,33.8,20.0,14.5,2.6,24.0,4.36,25.1,26.0,4.6,24.55,4.48,26.666666666666668,13.333333333333334,25.95,32.766666666666666,23.93625
25,0,Ish Smith,0.0,WAS,BKN,2.5,234.0,115.8,1,21.0,27.7,34.8,PG,5000,1,20.0,14.0,104,106,3%,8,9,10,27,28,27,27.6,24.6,14.9,34.3,23.2,13.3,2.7,22.0,4.4,21.8,22.5,4.4,21.9,4.4,27.333333333333332,9.0,24.660000000000004,27.833333333333332,18.027439024390244
25,1,Andre Iguodala,0.0,MIA,MIN,-11.0,233.5,122.3,12,5.3,15.6,22.3,SG/SF,3700,1,0.0,0.0,105,110,6%,4,4,4,18,20,20,15.4,15.7,9.3,22.1,19.9,10.8,2.9,15.8,4.26,15.3,17.5,4.1,15.55,4.18,19.333333333333332,4.0,15.61,14.4,14.075431034482762
25,2,Robert Covington,0.0,HOU,MEM,-12.0,237.0,124.5,19,27.8,34.1,39.3,SF/PF,6200,1,16.0,14.0,106,108,4%,12,12,11,34,33,30,33.7,28.7,20.4,37.0,29.1,27.0,4.4,34.0,5.48,36.7,34.5,5.9,35.35,5.69,32.333333333333336,11.666666666666666,31.03,33.733333333333334,37.71881443298969
25,3,Cameron Johnson,0.0,PHO,LAC,7.5,233.0,112.8,29,12.5,16.0,20.5,SF/PF,3300,1,16.0,12.0,105,105,-1%,6,6,6,20,20,20,16.0,15.2,7.0,23.3,26.9,18.3,5.5,19.5,5.91,17.6,24.5,5.3,18.55,5.605,20.0,6.0,16.009999999999998,16.333333333333332,22.72375
25,4,Shake Milton,0.0,PHI,CLE,-7.5,216.5,112.0,5,7.3,14.8,25.8,PG,4500,1,20.0,11.0,101,114,9%,8,5,5,24,15,16,13.3,12.7,1.8,23.6,37.2,35.0,7.8,20.8,4.61,21.2,26.0,4.7,21.0,4.655,18.333333333333332,6.0,14.48,15.966666666666669,29.78181818181818
25,5,Tobias Harris,0.0,PHI,CLE,-7.5,216.5,112.0,28,20.3,36.1,50.0,SF/PF,7500,1,23.0,16.0,101,114,5%,14,15,16,33,36,35,35.7,36.0,26.5,45.4,36.5,28.0,3.7,36.5,4.87,37.1,35.0,4.9,36.8,4.885,34.666666666666664,15.0,36.08,35.46666666666667,37.15384615384615
25,6,Ivica Zubac,0.0,LAC,PHO,-7.5,233.0,120.3,12,15.0,23.3,31.3,C,4300,1,17.0,21.0,104,108,1%,8,5,6,21,18,18,23.3,21.2,13.6,28.8,20.0,13.3,3.1,21.0,4.88,20.9,19.0,4.9,20.95,4.890000000000001,19.0,6.333333333333333,21.57,23.2,20.95
25,7,Bismack Biyombo,0.0,CHA,NY,2.0,207.0,102.5,1,5.3,13.6,32.5,C,3100,0,17.0,16.0,101,110,-6%,2,3,5,11,16,19,13.7,17.5,7.5,27.4,27.1,33.8,10.9,23.5,7.58,22.6,25.0,7.3,23.05,7.4399999999999995,15.333333333333334,3.3333333333333335,17.83,17.133333333333333,37.58152173913044
26,0,Donovan Mitchell,0.0,UTA,BOS,-5.5,217.5,111.5,25,19.8,37.1,52.0,PG/SG,7600,1,31.0,19.0,102,104,-3%,22,17,20,35,35,35,37.0,39.5,30.2,48.9,35.7,50.8,6.7,38.5,5.07,37.6,35.0,4.9,38.05,4.985,35.0,19.666666666666668,38.73,36.300000000000004,38.05
26,1,Devin Booker,0.0,PHO,LAC,7.5,233.0,112.8,2,21.0,40.0,49.8,PG/SG,7900,1,30.0,21.0,105,105,0%,20,18,18,36,35,36,40.0,42.6,30.7,54.6,39.2,29.0,3.7,44.0,5.57,45.9,36.0,5.8,44.95,5.6850000000000005,35.666666666666664,18.666666666666668,42.56999999999999,36.93333333333333,45.37009345794393
26,2,Kyle Anderson,0.0,MEM,HOU,12.0,237.0,112.5,24,20.0,23.6,27.3,SF/PF,5000,1,14.0,13.0,106,107,7%,7,6,5,22,25,19,23.6,16.5,8.9,24.1,18.4,28.3,5.7,24.0,4.8,23.1,26.5,4.6,23.55,4.699999999999999,22.0,6.0,19.330000000000002,23.633333333333336,28.36704545454546
26,3,Furkan Korkmaz,0.0,PHI,CLE,-7.5,216.5,112.0,18,3.3,22.6,48.3,SG/SF,4300,1,18.0,12.0,101,114,9%,11,10,8,28,26,22,22.6,16.8,6.5,27.1,24.8,21.8,5.1,21.0,4.88,21.8,26.5,5.1,21.4,4.99,25.333333333333332,9.666666666666666,18.880000000000003,24.733333333333334,22.385526315789473
26,4,Delon Wright,0.0,DAL,SA,-4.0,233.0,118.5,20,9.3,19.3,26.0,PG/SG,4400,1,17.0,17.0,102,111,2%,10,6,6,26,23,22,19.7,20.9,12.4,29.4,20.0,11.5,2.6,21.0,4.77,21.4,23.5,4.9,21.2,4.835,23.666666666666668,7.333333333333333,20.720000000000002,18.2,21.05070422535211
26,5,Duncan Robinson,0.0,MIA,MIN,-11.0,233.5,122.3,12,15.5,23.0,28.3,SG/SF,5200,1,15.0,12.0,105,110,4%,13,13,10,35,34,30,23.0,22.3,13.9,30.7,26.5,17.5,3.4,24.8,4.76,26.3,32.5,5.1,25.55,4.93,33.0,12.0,23.09,22.266666666666666,25.16287878787879
26,6,Thomas Bryant,0.0,WAS,BKN,2.5,234.0,115.8,23,12.3,25.2,33.5,C,4100,1,18.0,20.0,104,106,8%,5,7,9,15,22,25,25.1,27.0,15.7,38.3,14.9,16.3,4.0,20.5,5.0,20.3,17.5,5.0,20.4,5.0,20.666666666666668,7.0,25.3,23.666666666666668,17.274193548387093
26,7,Maxi Kleber,0.0,DAL,SA,-4.0,233.0,118.5,4,9.5,22.4,34.3,PF/C,4600,1,14.0,15.0,102,111,1%,10,9,7,26,23,25,22.4,20.8,12.8,28.7,22.6,21.3,4.6,19.8,4.29,18.8,22.5,4.1,19.3,4.195,24.666666666666668,8.666666666666666,20.8,22.066666666666663,17.60472972972973
27,0,Jordan Clarkson,0.0,UTA,BOS,-5.5,217.5,111.5,25,20.0,32.0,46.3,PG/SG,5500,1,26.0,19.0,102,104,-6%,14,14,12,26,29,25,32.0,24.4,15.0,33.8,20.0,14.5,2.6,24.0,4.36,25.1,26.0,4.6,24.55,4.48,26.666666666666668,13.333333333333334,25.95,32.766666666666666,23.93625
27,1,Garrett Temple,0.0,BKN,WAS,-2.5,234.0,118.3,9,17.0,25.3,38.3,SG/SF,4400,1,17.0,10.0,106,113,5%,11,10,10,27,28,29,25.3,21.7,13.3,30.2,33.6,16.0,3.6,21.5,4.89,21.6,28.0,4.9,21.55,4.895,28.0,10.333333333333334,22.41,26.866666666666664,21.55
27,2,James Johnson,0.0,MIN,MIA,11.0,233.5,111.3,12,20.8,27.8,31.8,PF/C,5300,1,17.0,13.0,100,107,0%,10,8,6,26,26,19,27.4,17.6,6.6,28.7,23.4,27.3,5.2,22.3,4.2,21.7,23.5,4.1,22.0,4.15,23.666666666666668,8.0,20.46,26.8,21.845070422535212
27,3,Taurean Prince,0.0,BKN,WAS,-2.5,234.0,118.3,8,12.8,19.7,27.0,SF/PF,4600,1,20.0,10.0,106,113,8%,10,11,12,29,28,30,19.6,26.3,17.3,35.4,25.4,19.0,4.1,26.3,5.71,26.2,29.5,5.7,26.25,5.705,29.0,11.0,24.970000000000002,19.833333333333332,26.70258620689655
27,4,Seth Curry,0.0,DAL,SA,-4.0,233.0,118.5,19,16.0,28.0,41.0,SG,5600,1,19.0,15.0,102,111,1%,14,11,9,32,32,24,28.0,20.0,8.9,31.0,34.9,18.8,3.4,22.5,4.02,23.8,27.5,4.3,23.15,4.16,29.333333333333332,11.333333333333334,22.21,28.333333333333332,21.703125
27,5,DeMarre Carroll,0.0,HOU,MEM,-12.0,237.0,124.5,19,1.5,6.3,14.5,SF,3000,1,0.0,0.0,106,108,4%,3,1,2,14,7,10,6.3,6.9,2.5,11.3,18.4,15.0,5.0,8.0,2.67,0.0,0.0,0.0,4.0,1.335,10.333333333333334,2.0,6.2,7.433333333333334,0.0
27,6,Enes Kanter,0.0,BOS,UTA,5.5,217.5,106.0,3,2.0,9.8,22.0,C,3200,0,19.0,22.0,101,107,0%,4,4,7,13,14,19,12.6,23.4,12.9,33.9,21.0,22.3,7.0,12.3,3.83,14.4,12.0,4.5,13.350000000000001,4.165,15.333333333333334,5.0,19.23,11.266666666666666,10.447826086956521
27,7,Maxi Kleber,0.0,DAL,SA,-4.0,233.0,118.5,4,9.5,22.4,34.3,PF/C,4600,1,14.0,15.0,102,111,1%,10,9,7,26,23,25,22.4,20.8,12.8,28.7,22.6,21.3,4.6,19.8,4.29,18.8,22.5,4.1,19.3,4.195,24.666666666666668,8.666666666666666,20.8,22.066666666666663,17.60472972972973
29,0,Dennis Smith Jr.,0.0,NY,CHA,-2.0,207.0,104.5,16,6.3,17.0,44.3,PG,4200,1,24.0,8.0,99,111,-4%,9,6,6,23,16,16,17.0,14.5,4.0,25.1,20.7,13.0,3.1,16.5,3.93,16.3,17.5,3.9,16.4,3.915,18.333333333333332,7.0,15.4,22.53333333333333,15.654545454545454
29,1,Michael Carter-Williams,0.0,ORL,ATL,-3.5,225.5,114.5,3,11.5,18.6,26.0,PG/SG,4000,1,19.0,15.0,106,112,-2%,4,4,6,21,20,18,18.6,17.7,9.9,25.4,13.1,8.0,2.0,19.0,4.75,18.9,19.0,4.7,18.95,4.725,19.666666666666668,4.666666666666667,18.11,18.7,18.307627118644064
29,2,Trey Lyles,0.0,SA,DAL,4.0,233.0,114.5,15,8.8,18.2,25.3,PF/C,3800,2,13.0,12.0,101,109,0%,5,6,5,24,25,19,18.1,15.9,7.5,24.2,24.4,18.3,4.8,23.5,6.18,24.2,28.5,6.4,23.85,6.29,22.666666666666668,5.333333333333333,17.910000000000004,17.433333333333334,29.987867647058824
29,3,Cam Reddish,0.0,ATL,ORL,3.5,225.5,111.0,22,10.3,24.4,37.0,SG/SF,4500,1,18.0,8.0,100,106,-2%,13,11,9,31,30,27,24.4,20.0,11.0,29.1,31.3,25.8,5.7,22.0,4.89,21.4,27.5,4.8,21.7,4.845,29.333333333333332,11.0,21.240000000000002,23.900000000000002,20.34375
29,4,Troy Brown Jr.,0.0,WAS,BKN,2.5,234.0,115.8,4,8.3,19.2,27.8,SG/SF,4000,1,17.0,14.0,104,106,-14%,7,7,9,21,20,26,19.1,23.1,13.1,33.2,12.8,12.8,3.2,19.0,4.75,17.0,20.0,4.3,18.0,4.525,22.333333333333332,7.666666666666667,21.3,18.433333333333334,16.119402985074625
29,5,Jayson Tatum,0.0,BOS,UTA,5.5,217.5,106.0,9,41.8,51.5,57.3,SF/PF,8800,0,28.0,20.0,101,107,-7%,21,20,19,36,38,34,51.8,41.4,30.7,52.1,38.4,53.3,6.1,41.0,4.66,42.4,36.0,4.8,41.7,4.73,36.0,20.0,43.54,50.199999999999996,41.7
29,6,Moritz Wagner,0.0,WAS,BKN,2.5,234.0,115.8,25,11.3,17.3,28.0,PF/C,4500,1,20.0,17.0,104,106,-3%,3,5,7,22,20,20,17.3,22.0,12.4,31.5,13.1,7.8,1.7,17.0,3.78,17.2,16.5,3.8,17.1,3.79,20.666666666666668,5.0,20.060000000000002,18.866666666666667,13.65241935483871
29,7,Jae Crowder,0.0,MIA,MIN,-11.0,233.5,122.3,23,23.3,30.7,39.0,SF/PF,5900,1,17.0,12.0,105,110,0%,11,10,9,33,29,30,30.7,26.6,15.8,37.4,31.5,24.3,4.1,24.5,4.15,24.4,26.0,4.1,24.45,4.125,30.666666666666668,10.0,26.99,31.0,20.729347826086958
31,0,Jarrett Culver,0.0,MIN,MIA,11.0,233.5,111.3,15,5.5,17.1,27.3,PG/SF,3600,1,19.0,9.0,100,107,-9%,8,7,9,24,21,24,17.1,19.1,9.3,29.0,21.1,21.3,5.9,16.8,4.65,17.3,22.5,4.8,17.05,4.725,23.0,8.0,18.31,16.633333333333336,16.679347826086957
31,1,Troy Brown Jr.,0.0,WAS,BKN,2.5,234.0,115.8,4,8.3,19.2,27.8,SG/SF,4000,1,17.0,14.0,104,106,-14%,7,7,9,21,20,26,19.1,23.1,13.1,33.2,12.8,12.8,3.2,19.0,4.75,17.0,20.0,4.3,18.0,4.525,22.333333333333332,7.666666666666667,21.3,18.433333333333334,16.119402985074625
31,2,Rudy Gay,0.0,SA,DAL,4.0,233.0,114.5,4,10.5,16.5,27.0,SF/PF,3300,2,21.0,14.0,101,109,0%,9,7,8,16,18,21,16.4,21.0,12.3,29.6,21.4,18.3,5.5,18.0,5.45,19.2,19.5,5.8,18.6,5.625,18.333333333333332,8.0,19.580000000000002,18.0,19.783636363636365
31,3,DeMarre Carroll,0.0,HOU,MEM,-12.0,237.0,124.5,19,1.5,6.3,14.5,SF,3000,1,0.0,0.0,106,108,4%,3,1,2,14,7,10,6.3,6.9,2.5,11.3,18.4,15.0,5.0,8.0,2.67,0.0,0.0,0.0,4.0,1.335,10.333333333333334,2.0,6.2,7.433333333333334,0.0
31,4,Kendrick Nunn,0.0,MIA,MIN,-11.0,233.5,122.3,22,7.8,26.2,46.0,PG/SG,6100,1,24.0,14.0,105,110,4%,15,13,14,35,28,30,26.2,26.9,17.2,36.6,31.1,36.0,5.9,25.8,4.22,25.2,26.5,4.1,25.5,4.16,31.0,14.0,26.479999999999997,26.666666666666668,21.798387096774196
31,5,Reggie Bullock,0.0,NY,CHA,-2.0,207.0,104.5,15,9.0,18.7,31.5,SF,3600,1,17.0,10.0,99,111,2%,5,9,9,20,26,25,18.6,17.5,11.0,24.1,10.3,2.0,0.6,15.5,4.31,14.3,20.0,4.0,14.9,4.154999999999999,23.666666666666668,7.666666666666667,17.220000000000002,19.733333333333334,12.591549295774646
31,6,PJ Washington,0.0,CHA,NY,2.0,207.0,102.5,23,16.3,25.1,34.3,PF/C,5000,0,18.0,13.0,101,110,8%,11,10,10,31,32,31,25.1,25.9,17.1,34.8,36.7,26.8,5.4,27.0,5.4,26.7,31.5,5.3,26.85,5.35,31.333333333333332,10.333333333333334,25.95,25.233333333333334,26.99281914893617
31,7,Markelle Fultz,0.0,ORL,ATL,-3.5,225.5,114.5,3,19.3,31.5,49.3,PG/SG,5900,1,22.0,14.0,106,112,-2%,11,12,11,29,32,29,31.4,26.5,18.5,34.5,31.5,28.8,4.9,30.0,5.08,29.2,31.0,4.9,29.6,4.99,30.0,11.333333333333334,28.1,33.36666666666667,30.586666666666666
33,0,Devonte' Graham,0.0,CHA,NY,2.0,207.0,102.5,8,15.0,34.6,50.5,PG,6700,0,26.0,15.0,101,110,1%,9,15,15,30,33,35,34.6,37.3,26.3,48.2,34.2,31.8,4.7,33.8,5.04,34.0,34.0,5.1,33.9,5.07,32.666666666666664,13.0,36.06,33.36666666666667,35.28367346938776
33,1,Tim Hardaway Jr.,0.0,DAL,SA,-4.0,233.0,118.5,19,24.5,37.3,47.5,SG/SF,6800,1,22.0,15.0,102,111,3%,18,15,12,31,33,28,37.3,25.1,14.6,35.6,35.6,20.5,3.0,27.0,3.97,28.0,32.5,4.1,27.5,4.035,30.666666666666668,15.0,28.02,36.43333333333333,29.144021739130434
33,2,Cedi Osman,0.0,CLE,PHI,7.5,216.5,104.5,20,11.3,23.3,40.3,SF/PF,4400,1,17.0,11.0,102,104,-4%,12,10,9,31,30,29,23.3,21.4,13.3,29.6,16.6,9.3,2.1,20.8,4.72,21.2,29.5,4.8,21.0,4.76,30.0,10.333333333333334,21.720000000000002,24.96666666666667,20.65
33,3,Courtney Lee,0.0,DAL,SA,-4.0,233.0,118.5,21,4.8,12.4,15.0,SF,3000,1,0.0,0.0,102,111,1%,3,4,3,20,18,11,12.4,7.8,1.5,14.0,4.6,2.8,0.9,7.3,2.42,0.0,0.0,0.0,3.65,1.21,16.333333333333332,3.3333333333333335,7.87,10.733333333333334,0.0
33,4,Jordan McLaughlin,0.0,MIN,MIA,11.0,233.5,111.3,15,10.3,21.2,38.0,PG,4000,1,17.0,16.0,100,107,-9%,7,5,6,24,18,19,21.1,18.0,6.7,29.2,21.5,28.8,7.2,14.0,3.5,12.8,14.0,3.2,13.4,3.35,20.333333333333332,6.0,17.68,23.166666666666668,9.226229508196722
33,5,Rudy Gay,0.0,SA,DAL,4.0,233.0,114.5,4,10.5,16.5,27.0,SF/PF,3300,2,21.0,14.0,101,109,0%,9,7,8,16,18,21,16.4,21.0,12.3,29.6,21.4,18.3,5.5,18.0,5.45,19.2,19.5,5.8,18.6,5.625,18.333333333333332,8.0,19.580000000000002,18.0,19.783636363636365
33,6,Bruno Fernando,0.0,ATL,ORL,3.5,225.5,111.0,19,6.5,10.5,15.5,C,3200,1,16.0,12.0,100,106,-2%,6,4,3,15,12,12,10.5,10.6,3.5,17.8,21.8,24.8,7.8,17.3,5.39,18.2,21.0,5.7,17.75,5.545,13.0,4.333333333333333,12.030000000000001,10.833333333333334,28.673076923076923
33,7,Joe Harris,0.0,BKN,WAS,-2.5,234.0,118.3,9,15.3,25.2,34.0,SG,4800,1,17.0,13.0,106,113,8%,10,10,11,27,32,32,25.1,24.7,17.0,32.4,29.1,17.3,3.6,28.0,5.83,26.2,31.0,5.5,27.1,5.665,30.333333333333332,10.333333333333334,25.259999999999998,24.833333333333332,27.6956043956044
34,0,D.J. Augustin,0.0,ORL,ATL,-3.5,225.5,114.5,3,2.8,15.5,30.0,PG,3400,1,20.0,14.0,106,112,-2%,8,8,8,24,26,26,20.9,22.1,13.3,31.0,16.5,15.3,4.5,15.5,4.56,16.0,18.0,4.7,15.75,4.63,25.333333333333332,8.0,20.61,16.099999999999998,11.19078947368421
34,1,John Konchar,0.0,MEM,HOU,12.0,237.0,112.5,5,1.3,7.8,24.8,SG,3100,1,0.0,0.0,106,107,1%,3,2,1,11,9,7,7.5,5.5,-3.2,14.3,17.4,20.8,6.7,6.8,2.18,8.9,11.0,2.9,7.85,2.54,9.0,2.0,6.390000000000001,11.299999999999999,9.594444444444445
34,2,Danuel House Jr.,0.0,HOU,MEM,-12.0,237.0,124.5,19,13.5,22.7,30.8,SF/PF,4300,1,13.0,12.0,106,108,0%,4,7,9,26,29,31,22.7,22.3,12.8,31.9,26.1,5.5,1.3,23.5,5.47,22.7,29.0,5.3,23.1,5.385,28.666666666666668,6.666666666666667,22.560000000000002,22.333333333333332,23.36860465116279
34,3,Marko Guduric,0.0,MEM,HOU,12.0,237.0,112.5,5,1.3,7.0,11.8,SG/SF,3000,1,18.0,8.0,106,107,1%,3,3,4,5,7,13,7.0,9.2,2.5,16.0,7.1,11.3,3.8,3.5,1.17,0.0,0.0,0.0,1.75,0.585,8.333333333333334,3.3333333333333335,7.290000000000001,6.7,0.0
34,4,Lonnie Walker IV,0.0,SA,DAL,4.0,233.0,114.5,29,6.5,13.6,19.3,SG/SF,3200,2,18.0,11.0,101,109,-2%,4,5,5,18,21,14,13.6,10.8,2.2,19.3,27.4,24.8,7.8,14.8,4.61,18.3,23.0,5.7,16.55,5.155,17.666666666666668,4.666666666666667,12.49,13.133333333333335,21.54622641509434
34,5,Trey Lyles,0.0,SA,DAL,4.0,233.0,114.5,15,8.8,18.2,25.3,PF/C,3800,2,13.0,12.0,101,109,0%,5,6,5,24,25,19,18.1,15.9,7.5,24.2,24.4,18.3,4.8,23.5,6.18,24.2,28.5,6.4,23.85,6.29,22.666666666666668,5.333333333333333,17.910000000000004,17.433333333333334,29.987867647058824
34,6,Mitchell Robinson,0.0,NY,CHA,-2.0,207.0,104.5,22,20.3,29.8,42.3,C,5100,1,13.0,23.0,99,111,6%,5,6,5,22,23,23,29.8,24.1,15.5,32.7,29.9,44.0,8.6,25.0,4.9,23.1,21.0,4.5,24.05,4.7,22.666666666666668,5.333333333333333,25.23,30.8,22.281617647058823
34,7,Rudy Gobert,0.0,UTA,BOS,-5.5,217.5,111.5,17,23.5,35.9,47.0,C,8100,1,16.0,22.0,102,104,-6%,6,8,9,35,36,35,36.1,41.5,32.3,50.6,34.9,28.8,3.6,43.0,5.31,41.9,35.5,5.2,42.45,5.255,35.333333333333336,7.666666666666667,40.589999999999996,35.46666666666667,42.65023584905661
35,0,Shabazz Napier,0.0,WAS,BKN,2.5,234.0,115.8,1,14.5,23.5,47.0,PG/SG,4700,1,21.0,15.0,104,106,3%,9,7,8,27,22,24,23.5,24.0,12.8,35.2,24.0,21.3,4.5,25.5,5.43,26.1,26.5,5.6,25.8,5.515,24.333333333333332,8.0,24.259999999999998,28.333333333333332,28.0972602739726
35,1,Markelle Fultz,0.0,ORL,ATL,-3.5,225.5,114.5,3,19.3,31.5,49.3,PG/SG,5900,1,22.0,14.0,106,112,-2%,11,12,11,29,32,29,31.4,26.5,18.5,34.5,31.5,28.8,4.9,30.0,5.08,29.2,31.0,4.9,29.6,4.99,30.0,11.333333333333334,28.1,33.36666666666667,30.586666666666666
35,2,Moritz Wagner,0.0,WAS,BKN,2.5,234.0,115.8,25,11.3,17.3,28.0,PF/C,4500,1,20.0,17.0,104,106,-3%,3,5,7,22,20,20,17.3,22.0,12.4,31.5,13.1,7.8,1.7,17.0,3.78,17.2,16.5,3.8,17.1,3.79,20.666666666666668,5.0,20.060000000000002,18.866666666666667,13.65241935483871
35,3,Josh Okogie,0.0,MIN,MIA,11.0,233.5,111.3,25,13.8,19.7,25.0,SG/SF,4200,1,16.0,12.0,100,107,-2%,7,6,7,26,26,25,20.1,19.1,11.2,27.0,27.8,11.5,2.7,20.0,4.76,20.9,26.0,5.0,20.45,4.88,25.666666666666668,6.666666666666667,19.57,19.5,20.715584415584413
35,4,Cam Reddish,0.0,ATL,ORL,3.5,225.5,111.0,22,10.3,24.4,37.0,SG/SF,4500,1,18.0,8.0,100,106,-2%,13,11,9,31,30,27,24.4,20.0,11.0,29.1,31.3,25.8,5.7,22.0,4.89,21.4,27.5,4.8,21.7,4.845,29.333333333333332,11.0,21.240000000000002,23.900000000000002,20.34375
35,5,PJ Washington,0.0,CHA,NY,2.0,207.0,102.5,23,16.3,25.1,34.3,PF/C,5000,0,18.0,13.0,101,110,8%,11,10,10,31,32,31,25.1,25.9,17.1,34.8,36.7,26.8,5.4,27.0,5.4,26.7,31.5,5.3,26.85,5.35,31.333333333333332,10.333333333333334,25.95,25.233333333333334,26.99281914893617
35,6,Thomas Bryant,0.0,WAS,BKN,2.5,234.0,115.8,23,12.3,25.2,33.5,C,4100,1,18.0,20.0,104,106,8%,5,7,9,15,22,25,25.1,27.0,15.7,38.3,14.9,16.3,4.0,20.5,5.0,20.3,17.5,5.0,20.4,5.0,20.666666666666668,7.0,25.3,23.666666666666668,17.274193548387093
35,7,Miles Bridges,0.0,CHA,NY,2.0,207.0,102.5,30,27.8,31.4,39.5,SF/PF,6000,0,20.0,13.0,101,110,2%,13,16,12,30,32,31,31.4,26.4,16.9,36.0,27.2,16.3,2.7,29.3,4.88,30.4,34.0,5.1,29.85,4.99,31.0,13.666666666666666,28.109999999999996,32.9,32.73870967741936
36,0,Goran Dragic,0.0,MIA,MIN,-11.0,233.5,122.3,22,22.8,28.5,36.5,PG,6300,1,26.0,16.0,105,110,4%,14,12,13,30,30,29,28.5,29.7,21.1,38.3,26.3,28.0,4.4,30.0,4.76,30.3,27.5,4.8,30.15,4.779999999999999,29.666666666666668,13.0,29.55,29.266666666666666,27.948033707865168
36,1,Jerome Robinson,0.0,WAS,BKN,2.5,234.0,115.8,4,9.0,12.7,15.3,SG/SF,3200,1,15.0,5.0,104,106,-1%,5,5,4,17,17,12,12.7,7.9,0.5,15.4,20.0,20.3,6.3,9.0,2.81,9.5,13.5,3.0,9.25,2.9050000000000002,15.333333333333334,4.666666666666667,9.15,12.333333333333334,8.144021739130435
36,2,Robert Covington,0.0,HOU,MEM,-12.0,237.0,124.5,19,27.8,34.1,39.3,SF/PF,6200,1,16.0,14.0,106,108,4%,12,12,11,34,33,30,33.7,28.7,20.4,37.0,29.1,27.0,4.4,34.0,5.48,36.7,34.5,5.9,35.35,5.69,32.333333333333336,11.666666666666666,31.03,33.733333333333334,37.71881443298969
36,3,Vince Carter,0.0,ATL,ORL,3.5,225.5,111.0,2,1.3,4.7,10.5,SF/PF,3000,1,16.0,8.0,100,106,-1%,1,2,5,8,9,15,4.7,10.9,3.1,18.8,4.0,1.5,0.5,7.0,2.33,0.0,0.0,0.0,3.5,1.165,10.666666666666666,2.6666666666666665,8.200000000000001,5.5,0.0
36,4,James Harden,0.0,HOU,MEM,-12.0,237.0,124.5,11,60.3,63.1,67.0,PG/SG,11300,1,37.0,29.0,106,108,2%,24,21,24,36,36,38,63.4,61.5,47.4,75.6,28.0,46.3,4.1,62.8,5.55,64.5,37.0,5.7,63.65,5.625,36.666666666666664,23.0,62.31,63.46666666666667,64.22863636363637
36,5,Tobias Harris,0.0,PHI,CLE,-7.5,216.5,112.0,28,20.3,36.1,50.0,SF/PF,7500,1,23.0,16.0,101,114,5%,14,15,16,33,36,35,35.7,36.0,26.5,45.4,36.5,28.0,3.7,36.5,4.87,37.1,35.0,4.9,36.8,4.885,34.666666666666664,15.0,36.08,35.46666666666667,37.15384615384615
36,6,Enes Kanter,0.0,BOS,UTA,5.5,217.5,106.0,3,2.0,9.8,22.0,C,3200,0,19.0,22.0,101,107,0%,4,4,7,13,14,19,12.6,23.4,12.9,33.9,21.0,22.3,7.0,12.3,3.83,14.4,12.0,4.5,13.350000000000001,4.165,15.333333333333334,5.0,19.23,11.266666666666666,10.447826086956521
36,7,Jeff Green,0.0,HOU,MEM,-12.0,237.0,124.5,26,7.8,15.3,24.5,PF/C,3200,1,14.0,11.0,106,108,4%,3,5,6,15,17,18,15.3,14.0,7.7,20.4,23.4,24.8,7.8,13.3,4.14,12.6,15.5,3.9,12.95,4.02,16.666666666666668,4.666666666666667,14.070000000000002,15.866666666666667,12.043499999999998
37,0,Ricky Rubio,0.0,PHO,LAC,7.5,233.0,112.8,2,26.8,40.8,62.0,PG,6900,1,22.0,16.0,105,105,-1%,11,9,11,34,29,32,40.8,35.3,23.7,47.0,31.2,45.5,6.6,33.8,4.89,36.0,32.0,5.2,34.9,5.045,31.666666666666668,10.333333333333334,36.339999999999996,43.199999999999996,35.26736842105263
37,1,De'Anthony Melton,0.0,MEM,HOU,12.0,237.0,112.5,28,6.8,18.2,41.5,PG/SG,4000,1,21.0,15.0,106,107,1%,7,9,7,21,22,20,18.1,21.5,13.0,29.9,23.9,23.3,5.8,23.5,5.88,24.0,25.5,6.0,23.75,5.9399999999999995,21.0,7.666666666666667,21.25,22.166666666666668,28.839285714285715
37,2,Kevin Love,0.0,CLE,PHI,7.5,216.5,104.5,17,11.3,37.0,63.3,PF,7300,1,24.0,18.0,102,104,-7%,11,13,13,30,32,32,37.0,37.4,25.7,49.0,33.2,35.3,4.8,35.5,4.86,35.9,32.0,4.9,35.7,4.880000000000001,31.333333333333332,12.333333333333334,36.96,37.199999999999996,36.45957446808511
37,3,Tim Hardaway Jr.,0.0,DAL,SA,-4.0,233.0,118.5,19,24.5,37.3,47.5,SG/SF,6800,1,22.0,15.0,102,111,3%,18,15,12,31,33,28,37.3,25.1,14.6,35.6,35.6,20.5,3.0,27.0,3.97,28.0,32.5,4.1,27.5,4.035,30.666666666666668,15.0,28.02,36.43333333333333,29.144021739130434
37,4,Patrick Beverley,0.0,LAC,PHO,-7.5,233.0,120.3,13,14.8,21.8,28.3,PG,3900,1,15.0,13.0,104,108,2%,5,7,7,21,24,28,21.8,25.5,15.7,35.2,24.1,21.8,5.6,22.5,5.77,21.7,24.5,5.6,22.1,5.685,24.333333333333332,6.333333333333333,24.060000000000002,21.633333333333336,22.2513698630137
37,5,Cam Reddish,0.0,ATL,ORL,3.5,225.5,111.0,22,10.3,24.4,37.0,SG/SF,4500,1,18.0,8.0,100,106,-2%,13,11,9,31,30,27,24.4,20.0,11.0,29.1,31.3,25.8,5.7,22.0,4.89,21.4,27.5,4.8,21.7,4.845,29.333333333333332,11.0,21.240000000000002,23.900000000000002,20.34375
37,6,Aron Baynes,0.0,PHO,LAC,7.5,233.0,112.8,25,5.5,10.5,21.0,C,3100,1,20.0,15.0,105,105,4%,7,6,9,15,13,22,10.4,22.4,11.1,33.6,11.7,10.3,3.3,16.5,5.32,13.8,14.0,4.5,15.15,4.91,16.666666666666668,7.333333333333333,18.53,12.333333333333334,12.725999999999999
37,7,Jordan McLaughlin,0.0,MIN,MIA,11.0,233.5,111.3,15,10.3,21.2,38.0,PG,4000,1,17.0,16.0,100,107,-9%,7,5,6,24,18,19,21.1,18.0,6.7,29.2,21.5,28.8,7.2,14.0,3.5,12.8,14.0,3.2,13.4,3.35,20.333333333333332,6.0,17.68,23.166666666666668,9.226229508196722
38,0,Markelle Fultz,0.0,ORL,ATL,-3.5,225.5,114.5,3,19.3,31.5,49.3,PG/SG,5900,1,22.0,14.0,106,112,-2%,11,12,11,29,32,29,31.4,26.5,18.5,34.5,31.5,28.8,4.9,30.0,5.08,29.2,31.0,4.9,29.6,4.99,30.0,11.333333333333334,28.1,33.36666666666667,30.586666666666666
38,1,Kevin Huerter,0.0,ATL,ORL,3.5,225.5,111.0,22,16.8,24.5,32.3,SG/SF,5500,1,18.0,11.0,100,106,-1%,11,12,11,38,36,32,24.5,26.2,16.5,35.9,27.8,21.8,4.0,29.0,5.27,28.2,36.5,5.1,28.6,5.185,35.333333333333336,11.333333333333334,26.339999999999996,24.53333333333333,29.544339622641505
38,2,Michael Kidd-Gilchrist,0.0,DAL,SA,-4.0,233.0,118.5,4,0.0,4.9,13.5,PF,3100,1,0.0,0.0,102,111,3%,2,1,4,13,9,13,4.8,8.4,1.9,14.9,11.1,9.8,3.2,8.0,2.58,0.0,0.0,0.0,4.0,1.29,11.666666666666666,2.3333333333333335,6.8,6.133333333333333,0.0
38,3,Caleb Martin,0.0,CHA,NY,2.0,207.0,102.5,11,3.8,10.9,20.3,SG/SF,3000,0,0.0,0.0,101,110,1%,5,5,4,17,20,13,10.9,7.9,0.8,15.0,13.8,7.5,2.5,12.5,4.17,14.4,19.0,4.8,13.45,4.484999999999999,16.666666666666668,4.666666666666667,9.61,11.666666666666666,15.332999999999998
38,4,Jordan Clarkson,0.0,UTA,BOS,-5.5,217.5,111.5,25,20.0,32.0,46.3,PG/SG,5500,1,26.0,19.0,102,104,-6%,14,14,12,26,29,25,32.0,24.4,15.0,33.8,20.0,14.5,2.6,24.0,4.36,25.1,26.0,4.6,24.55,4.48,26.666666666666668,13.333333333333334,25.95,32.766666666666666,23.93625
38,5,Lonnie Walker IV,0.0,SA,DAL,4.0,233.0,114.5,29,6.5,13.6,19.3,SG/SF,3200,2,18.0,11.0,101,109,-2%,4,5,5,18,21,14,13.6,10.8,2.2,19.3,27.4,24.8,7.8,14.8,4.61,18.3,23.0,5.7,16.55,5.155,17.666666666666668,4.666666666666667,12.49,13.133333333333335,21.54622641509434
38,6,Bismack Biyombo,0.0,CHA,NY,2.0,207.0,102.5,1,5.3,13.6,32.5,C,3100,0,17.0,16.0,101,110,-6%,2,3,5,11,16,19,13.7,17.5,7.5,27.4,27.1,33.8,10.9,23.5,7.58,22.6,25.0,7.3,23.05,7.4399999999999995,15.333333333333334,3.3333333333333335,17.83,17.133333333333333,37.58152173913044
38,7,Joe Harris,0.0,BKN,WAS,-2.5,234.0,118.3,9,15.3,25.2,34.0,SG,4800,1,17.0,13.0,106,113,8%,10,10,11,27,32,32,25.1,24.7,17.0,32.4,29.1,17.3,3.6,28.0,5.83,26.2,31.0,5.5,27.1,5.665,30.333333333333332,10.333333333333334,25.259999999999998,24.833333333333332,27.6956043956044
39,0,Caris LeVert,0.0,BKN,WAS,-2.5,234.0,118.3,27,21.5,36.4,42.3,PG/SF,7500,1,29.0,12.0,106,113,5%,20,20,15,32,35,28,36.4,28.0,16.9,39.0,34.1,62.0,8.3,36.5,4.87,38.7,34.0,5.2,37.6,5.035,31.666666666666668,18.333333333333332,31.580000000000002,33.4,40.370526315789476
39,1,Duncan Robinson,0.0,MIA,MIN,-11.0,233.5,122.3,12,15.5,23.0,28.3,SG/SF,5200,1,15.0,12.0,105,110,4%,13,13,10,35,34,30,23.0,22.3,13.9,30.7,26.5,17.5,3.4,24.8,4.76,26.3,32.5,5.1,25.55,4.93,33.0,12.0,23.09,22.266666666666666,25.16287878787879
39,2,Josh Jackson,0.0,MEM,HOU,12.0,237.0,112.5,24,9.8,20.5,26.8,SF/PF,4500,1,0.0,0.0,106,107,7%,12,7,7,24,20,19,20.4,17.4,9.4,25.4,23.4,15.3,3.4,24.3,5.39,22.6,26.0,5.0,23.450000000000003,5.195,21.0,8.666666666666666,19.21,19.033333333333335,29.033333333333335
39,3,Marcus Morris Sr.,0.0,LAC,PHO,-7.5,233.0,120.3,6,9.5,21.0,27.0,SF/PF,5000,1,17.0,16.0,104,108,0%,10,10,15,28,31,33,21.0,30.7,19.6,41.7,29.7,32.3,6.5,23.8,4.75,24.0,29.5,4.8,23.9,4.775,30.666666666666668,11.666666666666666,27.380000000000003,19.166666666666668,22.990760869565214
39,4,Joe Harris,0.0,BKN,WAS,-2.5,234.0,118.3,9,15.3,25.2,34.0,SG,4800,1,17.0,13.0,106,113,8%,10,10,11,27,32,32,25.1,24.7,17.0,32.4,29.1,17.3,3.6,28.0,5.83,26.2,31.0,5.5,27.1,5.665,30.333333333333332,10.333333333333334,25.259999999999998,24.833333333333332,27.6956043956044
39,5,De'Andre Hunter,0.0,ATL,ORL,3.5,225.5,111.0,2,20.3,31.6,43.3,SF/PF,4900,1,17.0,9.0,100,106,-1%,14,13,11,35,37,32,31.6,22.7,13.0,32.5,35.5,15.8,3.2,21.5,4.39,24.3,35.0,5.0,22.9,4.695,34.666666666666664,12.666666666666666,24.54,31.733333333333334,23.120192307692307
39,6,PJ Washington,0.0,CHA,NY,2.0,207.0,102.5,23,16.3,25.1,34.3,PF/C,5000,0,18.0,13.0,101,110,8%,11,10,10,31,32,31,25.1,25.9,17.1,34.8,36.7,26.8,5.4,27.0,5.4,26.7,31.5,5.3,26.85,5.35,31.333333333333332,10.333333333333334,25.95,25.233333333333334,26.99281914893617
39,7,Mitchell Robinson,0.0,NY,CHA,-2.0,207.0,104.5,22,20.3,29.8,42.3,C,5100,1,13.0,23.0,99,111,6%,5,6,5,22,23,23,29.8,24.1,15.5,32.7,29.9,44.0,8.6,25.0,4.9,23.1,21.0,4.5,24.05,4.7,22.666666666666668,5.333333333333333,25.23,30.8,22.281617647058823
40,0,Spencer Dinwiddie,0.0,BKN,WAS,-2.5,234.0,118.3,27,30.5,39.3,47.5,PG/SG,8000,1,31.0,18.0,106,113,7%,15,15,17,31,34,32,39.3,38.2,28.4,48.0,33.4,27.5,3.4,42.8,5.34,42.2,34.0,5.3,42.5,5.32,32.333333333333336,15.666666666666666,39.28,39.1,44.69072164948454
40,1,Donovan Mitchell,0.0,UTA,BOS,-5.5,217.5,111.5,25,19.8,37.1,52.0,PG/SG,7600,1,31.0,19.0,102,104,-3%,22,17,20,35,35,35,37.0,39.5,30.2,48.9,35.7,50.8,6.7,38.5,5.07,37.6,35.0,4.9,38.05,4.985,35.0,19.666666666666668,38.73,36.300000000000004,38.05
40,2,Maxi Kleber,0.0,DAL,SA,-4.0,233.0,118.5,4,9.5,22.4,34.3,PF/C,4600,1,14.0,15.0,102,111,1%,10,9,7,26,23,25,22.4,20.8,12.8,28.7,22.6,21.3,4.6,19.8,4.29,18.8,22.5,4.1,19.3,4.195,24.666666666666668,8.666666666666666,20.8,22.066666666666663,17.60472972972973
40,3,Caleb Martin,0.0,CHA,NY,2.0,207.0,102.5,11,3.8,10.9,20.3,SG/SF,3000,0,0.0,0.0,101,110,1%,5,5,4,17,20,13,10.9,7.9,0.8,15.0,13.8,7.5,2.5,12.5,4.17,14.4,19.0,4.8,13.45,4.484999999999999,16.666666666666668,4.666666666666667,9.61,11.666666666666666,15.332999999999998
40,4,Devin Booker,0.0,PHO,LAC,7.5,233.0,112.8,2,21.0,40.0,49.8,PG/SG,7900,1,30.0,21.0,105,105,0%,20,18,18,36,35,36,40.0,42.6,30.7,54.6,39.2,29.0,3.7,44.0,5.57,45.9,36.0,5.8,44.95,5.6850000000000005,35.666666666666664,18.666666666666668,42.56999999999999,36.93333333333333,45.37009345794393
40,5,Moe Harkless,0.0,NY,CHA,-2.0,207.0,104.5,15,6.8,15.4,23.3,SF/PF,3200,1,10.0,10.0,99,111,2%,4,5,4,23,23,23,15.4,15.0,8.0,22.0,24.5,14.0,4.4,16.8,5.23,17.2,25.5,5.4,17.0,5.315,23.0,4.333333333333333,15.48,15.166666666666666,18.84782608695652
40,6,Montrezl Harrell,0.0,LAC,PHO,-7.5,233.0,120.3,12,18.0,35.7,55.3,C,5800,1,25.0,23.0,104,108,0%,10,10,14,24,27,29,35.6,33.9,23.4,44.5,25.5,19.0,3.3,29.8,5.13,29.8,26.5,5.1,29.8,5.115,26.666666666666668,11.333333333333334,33.440000000000005,36.333333333333336,29.61375
40,7,John Collins,0.0,ATL,ORL,3.5,225.5,111.0,29,31.3,41.8,67.8,PF,8700,1,22.0,23.0,100,106,-2%,17,14,15,38,35,33,41.8,41.0,30.0,51.9,35.2,46.3,5.3,42.8,4.91,44.5,35.5,5.1,43.65,5.005,35.333333333333336,15.333333333333334,41.67,46.96666666666666,43.85589622641509
41,0,Elie Okobo,0.0,PHO,LAC,7.5,233.0,112.8,2,-0.5,5.4,18.5,PG,3000,1,16.0,11.0,105,105,-1%,1,3,3,9,13,13,5.8,10.1,1.9,18.3,11.8,6.0,2.0,9.5,3.17,10.1,13.5,3.4,9.8,3.285,11.666666666666666,2.3333333333333335,9.180000000000001,7.8,11.340000000000002
41,1,Marcus Smart,0.0,BOS,UTA,5.5,217.5,106.0,30,23.8,33.7,49.5,PG/SG,6200,0,19.0,14.0,101,107,0%,14,13,11,33,36,32,33.6,29.4,19.0,39.8,37.2,43.8,7.1,30.3,4.88,30.7,34.5,5.0,30.5,4.9399999999999995,33.666666666666664,12.666666666666666,30.46,35.666666666666664,31.254950495049506
41,2,Robert Covington,0.0,HOU,MEM,-12.0,237.0,124.5,19,27.8,34.1,39.3,SF/PF,6200,1,16.0,14.0,106,108,4%,12,12,11,34,33,30,33.7,28.7,20.4,37.0,29.1,27.0,4.4,34.0,5.48,36.7,34.5,5.9,35.35,5.69,32.333333333333336,11.666666666666666,31.03,33.733333333333334,37.71881443298969
41,3,Dario Saric,0.0,PHO,LAC,7.5,233.0,112.8,29,1.8,12.5,20.8,SF/PF,3200,1,17.0,13.0,105,105,-4%,6,7,9,18,23,26,20.2,23.0,11.7,34.4,31.0,20.8,6.5,20.8,6.48,20.7,25.0,6.5,20.75,6.49,22.333333333333332,7.333333333333333,22.009999999999998,11.700000000000001,23.22761194029851
41,4,Shake Milton,0.0,PHI,CLE,-7.5,216.5,112.0,5,7.3,14.8,25.8,PG,4500,1,20.0,11.0,101,114,9%,8,5,5,24,15,16,13.3,12.7,1.8,23.6,37.2,35.0,7.8,20.8,4.61,21.2,26.0,4.7,21.0,4.655,18.333333333333332,6.0,14.48,15.966666666666669,29.78181818181818
41,5,Kevin Knox II,0.0,NY,CHA,-2.0,207.0,104.5,15,2.0,5.8,8.8,SF/PF,3100,1,18.0,9.0,99,111,2%,5,4,6,15,14,18,5.8,13.4,6.0,20.8,23.5,9.0,2.9,10.8,3.47,9.2,13.0,3.0,10.0,3.2350000000000003,15.666666666666666,5.0,11.2,5.533333333333334,8.297872340425533
41,6,Deandre Ayton,0.0,PHO,LAC,7.5,233.0,112.8,25,24.8,41.2,61.8,C,8100,1,23.0,21.0,105,105,4%,15,14,16,28,32,33,41.1,42.2,31.1,53.4,36.3,51.8,6.4,44.0,5.43,45.2,34.5,5.6,44.6,5.515,31.0,15.0,42.480000000000004,42.6,49.63548387096774
41,7,Russell Westbrook,0.0,HOU,MEM,-12.0,237.0,124.5,11,44.3,53.2,59.5,PG,10100,1,35.0,21.0,106,108,2%,23,26,23,35,36,36,53.1,52.2,41.0,63.4,33.8,62.3,6.2,54.5,5.4,56.7,37.0,5.6,55.6,5.5,35.666666666666664,24.0,53.06,52.333333333333336,57.6785046728972
42,0,Luka Doncic,0.0,DAL,SA,-4.0,233.0,118.5,20,32.0,51.2,62.0,PG,10300,1,39.0,29.0,102,111,2%,19,19,21,30,30,33,51.2,58.4,44.5,72.2,37.1,64.0,6.2,53.0,5.15,57.8,33.5,5.6,55.4,5.375,31.0,19.666666666666668,56.339999999999996,48.4,59.86774193548387
42,1,Jeff Teague,0.0,ATL,ORL,3.5,225.5,111.0,18,0.8,13.7,31.3,PG/SG,3300,1,19.0,15.0,100,106,-1%,7,6,9,15,20,26,18.1,24.9,14.3,35.6,22.7,29.3,8.9,17.3,5.23,16.2,17.5,4.9,16.75,5.065,20.333333333333332,7.333333333333333,21.93,15.266666666666666,14.41598360655738
42,2,Kyle Anderson,0.0,MEM,HOU,12.0,237.0,112.5,24,20.0,23.6,27.3,SF/PF,5000,1,14.0,13.0,106,107,7%,7,6,5,22,25,19,23.6,16.5,8.9,24.1,18.4,28.3,5.7,24.0,4.8,23.1,26.5,4.6,23.55,4.699999999999999,22.0,6.0,19.330000000000002,23.633333333333336,28.36704545454546
42,3,Grant Williams,0.0,BOS,UTA,5.5,217.5,106.0,9,5.3,8.0,12.5,SF/PF,3000,0,12.0,9.0,101,107,-9%,1,2,3,14,13,16,7.8,10.2,2.8,17.6,21.9,8.5,2.8,10.5,3.5,9.4,13.0,3.1,9.95,3.3,14.333333333333334,2.0,9.669999999999998,8.6,9.024418604651162
42,4,Furkan Korkmaz,0.0,PHI,CLE,-7.5,216.5,112.0,18,3.3,22.6,48.3,SG/SF,4300,1,18.0,12.0,101,114,9%,11,10,8,28,26,22,22.6,16.8,6.5,27.1,24.8,21.8,5.1,21.0,4.88,21.8,26.5,5.1,21.4,4.99,25.333333333333332,9.666666666666666,18.880000000000003,24.733333333333334,22.385526315789473
42,5,Michael Kidd-Gilchrist,0.0,DAL,SA,-4.0,233.0,118.5,4,0.0,4.9,13.5,PF,3100,1,0.0,0.0,102,111,3%,2,1,4,13,9,13,4.8,8.4,1.9,14.9,11.1,9.8,3.2,8.0,2.58,0.0,0.0,0.0,4.0,1.29,11.666666666666666,2.3333333333333335,6.8,6.133333333333333,0.0
42,6,Montrezl Harrell,0.0,LAC,PHO,-7.5,233.0,120.3,12,18.0,35.7,55.3,C,5800,1,25.0,23.0,104,108,0%,10,10,14,24,27,29,35.6,33.9,23.4,44.5,25.5,19.0,3.3,29.8,5.13,29.8,26.5,5.1,29.8,5.115,26.666666666666668,11.333333333333334,33.440000000000005,36.333333333333336,29.61375
42,7,Kawhi Leonard,0.0,LAC,PHO,-7.5,233.0,120.3,6,41.5,49.2,55.0,SF,9800,1,34.0,27.0,104,108,1%,20,21,21,31,34,33,49.1,49.7,39.7,59.6,35.6,55.5,5.7,47.8,4.87,48.3,33.5,4.9,48.05,4.885,32.666666666666664,20.666666666666668,49.230000000000004,48.56666666666666,49.27576530612245
43,0,Ish Smith,0.0,WAS,BKN,2.5,234.0,115.8,1,21.0,27.7,34.8,PG,5000,1,20.0,14.0,104,106,3%,8,9,10,27,28,27,27.6,24.6,14.9,34.3,23.2,13.3,2.7,22.0,4.4,21.8,22.5,4.4,21.9,4.4,27.333333333333332,9.0,24.660000000000004,27.833333333333332,18.027439024390244
43,1,Malik Beasley,0.0,MIN,MIA,11.0,233.5,111.3,25,24.0,32.9,41.5,SG,5900,1,20.0,12.0,100,107,-2%,17,18,9,35,35,20,32.9,16.8,5.5,28.2,32.8,41.0,6.9,29.0,4.92,32.1,33.5,5.4,30.55,5.16,30.0,14.666666666666666,22.79,32.800000000000004,34.11416666666667
43,2,Jayson Tatum,0.0,BOS,UTA,5.5,217.5,106.0,9,41.8,51.5,57.3,SF/PF,8800,0,28.0,20.0,101,107,-7%,21,20,19,36,38,34,51.8,41.4,30.7,52.1,38.4,53.3,6.1,41.0,4.66,42.4,36.0,4.8,41.7,4.73,36.0,20.0,43.54,50.199999999999996,41.7
43,3,Josh Jackson,0.0,MEM,HOU,12.0,237.0,112.5,24,9.8,20.5,26.8,SF/PF,4500,1,0.0,0.0,106,107,7%,12,7,7,24,20,19,20.4,17.4,9.4,25.4,23.4,15.3,3.4,24.3,5.39,22.6,26.0,5.0,23.450000000000003,5.195,21.0,8.666666666666666,19.21,19.033333333333335,29.033333333333335
43,4,Patrick Beverley,0.0,LAC,PHO,-7.5,233.0,120.3,13,14.8,21.8,28.3,PG,3900,1,15.0,13.0,104,108,2%,5,7,7,21,24,28,21.8,25.5,15.7,35.2,24.1,21.8,5.6,22.5,5.77,21.7,24.5,5.6,22.1,5.685,24.333333333333332,6.333333333333333,24.060000000000002,21.633333333333336,22.2513698630137
43,5,Al Horford,0.0,PHI,CLE,-7.5,216.5,112.0,8,15.3,20.4,26.5,PF/C,5000,1,18.0,15.0,101,114,3%,8,7,11,28,29,31,23.4,30.2,21.4,38.9,34.0,30.3,6.1,29.0,5.8,28.4,30.0,5.7,28.7,5.75,29.333333333333332,8.666666666666666,28.52,20.733333333333334,29.352272727272727
43,6,Thomas Bryant,0.0,WAS,BKN,2.5,234.0,115.8,23,12.3,25.2,33.5,C,4100,1,18.0,20.0,104,106,8%,5,7,9,15,22,25,25.1,27.0,15.7,38.3,14.9,16.3,4.0,20.5,5.0,20.3,17.5,5.0,20.4,5.0,20.666666666666668,7.0,25.3,23.666666666666668,17.274193548387093
43,7,Ben McLemore,0.0,HOU,MEM,-12.0,237.0,124.5,21,6.0,16.5,21.8,SG/SF,3500,1,15.0,12.0,106,108,5%,8,6,8,21,22,25,16.9,17.9,9.0,26.8,25.7,15.8,4.5,16.0,4.57,17.0,22.5,4.9,16.5,4.735,22.666666666666668,7.333333333333333,17.419999999999998,14.766666666666666,16.378676470588236
45,0,Shake Milton,0.0,PHI,CLE,-7.5,216.5,112.0,5,7.3,14.8,25.8,PG,4500,1,20.0,11.0,101,114,9%,8,5,5,24,15,16,13.3,12.7,1.8,23.6,37.2,35.0,7.8,20.8,4.61,21.2,26.0,4.7,21.0,4.655,18.333333333333332,6.0,14.48,15.966666666666669,29.78181818181818
45,1,Jordan Clarkson,0.0,UTA,BOS,-5.5,217.5,111.5,25,20.0,32.0,46.3,PG/SG,5500,1,26.0,19.0,102,104,-6%,14,14,12,26,29,25,32.0,24.4,15.0,33.8,20.0,14.5,2.6,24.0,4.36,25.1,26.0,4.6,24.55,4.48,26.666666666666668,13.333333333333334,25.95,32.766666666666666,23.93625
45,2,Larry Nance Jr.,0.0,CLE,PHI,7.5,216.5,104.5,17,6.0,27.3,52.0,PF/C,5900,1,16.0,17.0,102,104,-7%,11,10,8,30,28,25,27.3,24.5,13.7,35.3,30.8,39.8,6.7,25.5,4.32,26.2,28.5,4.4,25.85,4.36,27.666666666666668,9.666666666666666,25.330000000000002,28.433333333333334,26.628614457831326
45,3,Cam Reddish,0.0,ATL,ORL,3.5,225.5,111.0,22,10.3,24.4,37.0,SG/SF,4500,1,18.0,8.0,100,106,-2%,13,11,9,31,30,27,24.4,20.0,11.0,29.1,31.3,25.8,5.7,22.0,4.89,21.4,27.5,4.8,21.7,4.845,29.333333333333332,11.0,21.240000000000002,23.900000000000002,20.34375
45,4,John Konchar,0.0,MEM,HOU,12.0,237.0,112.5,5,1.3,7.8,24.8,SG,3100,1,0.0,0.0,106,107,1%,3,2,1,11,9,7,7.5,5.5,-3.2,14.3,17.4,20.8,6.7,6.8,2.18,8.9,11.0,2.9,7.85,2.54,9.0,2.0,6.390000000000001,11.299999999999999,9.594444444444445
45,5,Kevin Knox II,0.0,NY,CHA,-2.0,207.0,104.5,15,2.0,5.8,8.8,SF/PF,3100,1,18.0,9.0,99,111,2%,5,4,6,15,14,18,5.8,13.4,6.0,20.8,23.5,9.0,2.9,10.8,3.47,9.2,13.0,3.0,10.0,3.2350000000000003,15.666666666666666,5.0,11.2,5.533333333333334,8.297872340425533
45,6,Gorgui Dieng,0.0,MEM,HOU,12.0,237.0,112.5,9,5.5,21.2,38.5,C,5200,1,18.0,18.0,106,107,-1%,8,5,6,25,17,17,21.1,20.2,7.2,33.3,19.2,18.0,3.5,32.3,6.2,29.7,25.5,5.7,31.0,5.95,19.666666666666668,6.333333333333333,22.56,21.733333333333334,40.19491525423728
45,7,Georges Niang,0.0,UTA,BOS,-5.5,217.5,111.5,26,2.5,9.1,19.3,SF/PF,3200,1,16.0,12.0,102,104,-4%,3,4,5,10,12,14,9.1,10.7,4.0,17.4,14.5,15.3,4.8,12.3,3.83,8.2,11.5,2.6,10.25,3.215,12.0,4.0,10.29,10.299999999999999,9.822916666666666
46,0,Mike Conley,0.0,UTA,BOS,-5.5,217.5,111.5,25,8.0,30.0,42.0,PG,5000,1,24.0,13.0,102,104,-6%,11,13,12,28,31,28,29.9,25.5,15.0,35.9,33.0,28.0,5.6,28.5,5.7,29.4,31.0,5.9,28.95,5.800000000000001,29.0,12.0,27.05,26.666666666666668,30.94655172413793
46,1,Terrence Ross,0.0,ORL,ATL,-3.5,225.5,114.5,28,19.0,29.0,36.0,SG/SF,5400,1,22.0,13.0,106,112,4%,16,15,12,28,31,27,29.0,23.0,15.5,30.4,27.1,26.5,4.9,26.5,4.91,25.1,28.0,4.6,25.8,4.755,28.666666666666668,14.333333333333334,24.740000000000002,28.0,25.2
46,2,Robert Covington,0.0,HOU,MEM,-12.0,237.0,124.5,19,27.8,34.1,39.3,SF/PF,6200,1,16.0,14.0,106,108,4%,12,12,11,34,33,30,33.7,28.7,20.4,37.0,29.1,27.0,4.4,34.0,5.48,36.7,34.5,5.9,35.35,5.69,32.333333333333336,11.666666666666666,31.03,33.733333333333334,37.71881443298969
46,3,Cam Reddish,0.0,ATL,ORL,3.5,225.5,111.0,22,10.3,24.4,37.0,SG/SF,4500,1,18.0,8.0,100,106,-2%,13,11,9,31,30,27,24.4,20.0,11.0,29.1,31.3,25.8,5.7,22.0,4.89,21.4,27.5,4.8,21.7,4.845,29.333333333333332,11.0,21.240000000000002,23.900000000000002,20.34375
46,4,DeMar DeRozan,0.0,SA,DAL,4.0,233.0,114.5,29,20.8,35.0,49.5,SG/SF,7000,2,27.0,22.0,101,109,-2%,14,17,16,33,34,35,38.3,39.6,31.3,48.0,33.9,51.5,7.4,41.8,5.96,43.5,34.5,6.2,42.65,6.08,34.0,15.666666666666666,39.970000000000006,35.1,43.27720588235294
46,5,Landry Shamet,0.0,LAC,PHO,-7.5,233.0,120.3,24,12.5,21.4,25.8,SG/SF,4100,1,13.0,10.0,104,108,0%,6,8,8,29,34,30,21.4,18.6,11.0,26.2,20.3,8.3,2.0,20.0,4.88,14.8,24.5,3.6,17.4,4.24,31.0,7.333333333333333,18.919999999999998,19.900000000000002,13.751612903225807
46,6,Bruno Fernando,0.0,ATL,ORL,3.5,225.5,111.0,19,6.5,10.5,15.5,C,3200,1,16.0,12.0,100,106,-2%,6,4,3,15,12,12,10.5,10.6,3.5,17.8,21.8,24.8,7.8,17.3,5.39,18.2,21.0,5.7,17.75,5.545,13.0,4.333333333333333,12.030000000000001,10.833333333333334,28.673076923076923
46,7,Dejounte Murray,0.0,SA,DAL,4.0,233.0,114.5,7,15.3,38.0,48.8,PG,5900,2,21.0,17.0,101,109,-4%,12,11,9,28,29,25,38.0,27.0,16.8,37.1,23.3,22.0,3.7,29.0,4.92,32.0,29.5,5.4,30.5,5.16,27.333333333333332,10.666666666666666,29.879999999999995,34.03333333333333,32.91768292682927
47,0,Devin Booker,0.0,PHO,LAC,7.5,233.0,112.8,2,21.0,40.0,49.8,PG/SG,7900,1,30.0,21.0,105,105,0%,20,18,18,36,35,36,40.0,42.6,30.7,54.6,39.2,29.0,3.7,44.0,5.57,45.9,36.0,5.8,44.95,5.6850000000000005,35.666666666666664,18.666666666666668,42.56999999999999,36.93333333333333,45.37009345794393
47,1,Kendrick Nunn,0.0,MIA,MIN,-11.0,233.5,122.3,22,7.8,26.2,46.0,PG/SG,6100,1,24.0,14.0,105,110,4%,15,13,14,35,28,30,26.2,26.9,17.2,36.6,31.1,36.0,5.9,25.8,4.22,25.2,26.5,4.1,25.5,4.16,31.0,14.0,26.479999999999997,26.666666666666668,21.798387096774196
47,2,Gordon Hayward,0.0,BOS,UTA,5.5,217.5,106.0,9,19.3,38.2,50.3,SF/PF,7400,0,21.0,19.0,101,107,-7%,11,15,13,35,38,34,38.1,34.8,23.8,45.8,35.7,20.8,2.8,35.8,4.83,33.8,35.0,4.6,34.8,4.715,35.666666666666664,13.0,35.46,35.93333333333333,34.14953271028037
47,3,Marcus Morris Sr.,0.0,LAC,PHO,-7.5,233.0,120.3,6,9.5,21.0,27.0,SF/PF,5000,1,17.0,16.0,104,108,0%,10,10,15,28,31,33,21.0,30.7,19.6,41.7,29.7,32.3,6.5,23.8,4.75,24.0,29.5,4.8,23.9,4.775,30.666666666666668,11.666666666666666,27.380000000000003,19.166666666666668,22.990760869565214
47,4,Landry Shamet,0.0,LAC,PHO,-7.5,233.0,120.3,24,12.5,21.4,25.8,SG/SF,4100,1,13.0,10.0,104,108,0%,6,8,8,29,34,30,21.4,18.6,11.0,26.2,20.3,8.3,2.0,20.0,4.88,14.8,24.5,3.6,17.4,4.24,31.0,7.333333333333333,18.919999999999998,19.900000000000002,13.751612903225807
47,5,Rui Hachimura,0.0,WAS,BKN,2.5,234.0,115.8,25,15.3,26.9,36.5,PF/C,5900,1,19.0,14.0,104,106,-3%,10,10,12,37,32,29,26.9,25.5,15.8,35.3,27.0,22.0,3.7,25.0,4.24,26.3,30.0,4.5,25.65,4.37,32.666666666666664,10.666666666666666,25.829999999999995,26.233333333333334,23.556122448979593
47,6,Jarrett Allen,0.0,BKN,WAS,-2.5,234.0,118.3,7,1.5,28.0,41.8,C,5300,1,15.0,21.0,106,113,4%,7,6,7,25,22,27,30.1,30.3,19.4,41.2,18.4,15.5,2.9,27.5,5.19,30.3,26.0,5.7,28.9,5.445,24.666666666666668,6.666666666666667,29.98,23.766666666666666,30.46216216216216
47,7,Seth Curry,0.0,DAL,SA,-4.0,233.0,118.5,19,16.0,28.0,41.0,SG,5600,1,19.0,15.0,102,111,1%,14,11,9,32,32,24,28.0,20.0,8.9,31.0,34.9,18.8,3.4,22.5,4.02,23.8,27.5,4.3,23.15,4.16,29.333333333333332,11.333333333333334,22.21,28.333333333333332,21.703125
48,0,Michael Carter-Williams,0.0,ORL,ATL,-3.5,225.5,114.5,3,11.5,18.6,26.0,PG/SG,4000,1,19.0,15.0,106,112,-2%,4,4,6,21,20,18,18.6,17.7,9.9,25.4,13.1,8.0,2.0,19.0,4.75,18.9,19.0,4.7,18.95,4.725,19.666666666666668,4.666666666666667,18.11,18.7,18.307627118644064
48,1,Evan Fournier,0.0,ORL,ATL,-3.5,225.5,114.5,28,28.3,31.9,38.0,SG/SF,6000,1,25.0,17.0,106,112,17%,18,16,15,32,34,32,31.9,29.7,22.0,37.5,34.9,46.5,7.8,29.5,4.92,31.3,33.0,5.2,30.4,5.0600000000000005,32.666666666666664,16.333333333333332,30.3,32.733333333333334,30.710204081632654
48,2,Marcus Morris Sr.,0.0,LAC,PHO,-7.5,233.0,120.3,6,9.5,21.0,27.0,SF/PF,5000,1,17.0,16.0,104,108,0%,10,10,15,28,31,33,21.0,30.7,19.6,41.7,29.7,32.3,6.5,23.8,4.75,24.0,29.5,4.8,23.9,4.775,30.666666666666668,11.666666666666666,27.380000000000003,19.166666666666668,22.990760869565214
48,3,Garrett Temple,0.0,BKN,WAS,-2.5,234.0,118.3,9,17.0,25.3,38.3,SG/SF,4400,1,17.0,10.0,106,113,5%,11,10,10,27,28,29,25.3,21.7,13.3,30.2,33.6,16.0,3.6,21.5,4.89,21.6,28.0,4.9,21.55,4.895,28.0,10.333333333333334,22.41,26.866666666666664,21.55
48,4,Patty Mills,0.0,SA,DAL,4.0,233.0,114.5,7,3.3,14.1,21.0,PG/SG,3300,2,20.0,15.0,101,109,-4%,11,9,9,18,20,23,14.1,19.3,10.6,28.1,28.1,19.3,5.8,15.5,4.7,18.3,21.5,5.5,16.9,5.1,20.333333333333332,9.666666666666666,17.8,12.799999999999999,17.869672131147542
48,5,Grant Williams,0.0,BOS,UTA,5.5,217.5,106.0,9,5.3,8.0,12.5,SF/PF,3000,0,12.0,9.0,101,107,-9%,1,2,3,14,13,16,7.8,10.2,2.8,17.6,21.9,8.5,2.8,10.5,3.5,9.4,13.0,3.1,9.95,3.3,14.333333333333334,2.0,9.669999999999998,8.6,9.024418604651162
48,6,Bobby Portis,0.0,NY,CHA,-2.0,207.0,104.5,30,19.3,23.7,29.5,PF/C,4200,1,21.0,14.0,99,111,5%,11,10,9,26,21,21,23.6,20.6,11.0,30.3,22.8,22.8,5.4,20.8,4.94,18.8,20.0,4.5,19.8,4.720000000000001,22.666666666666668,10.0,21.06,24.166666666666668,17.470588235294116
48,7,Devonte' Graham,0.0,CHA,NY,2.0,207.0,102.5,8,15.0,34.6,50.5,PG,6700,0,26.0,15.0,101,110,1%,9,15,15,30,33,35,34.6,37.3,26.3,48.2,34.2,31.8,4.7,33.8,5.04,34.0,34.0,5.1,33.9,5.07,32.666666666666664,13.0,36.06,33.36666666666667,35.28367346938776
49,0,Shake Milton,0.0,PHI,CLE,-7.5,216.5,112.0,5,7.3,14.8,25.8,PG,4500,1,20.0,11.0,101,114,9%,8,5,5,24,15,16,13.3,12.7,1.8,23.6,37.2,35.0,7.8,20.8,4.61,21.2,26.0,4.7,21.0,4.655,18.333333333333332,6.0,14.48,15.966666666666669,29.78181818181818
49,1,Jordan Clarkson,0.0,UTA,BOS,-5.5,217.5,111.5,25,20.0,32.0,46.3,PG/SG,5500,1,26.0,19.0,102,104,-6%,14,14,12,26,29,25,32.0,24.4,15.0,33.8,20.0,14.5,2.6,24.0,4.36,25.1,26.0,4.6,24.55,4.48,26.666666666666668,13.333333333333334,25.95,32.766666666666666,23.93625
49,2,Gordon Hayward,0.0,BOS,UTA,5.5,217.5,106.0,9,19.3,38.2,50.3,SF/PF,7400,0,21.0,19.0,101,107,-7%,11,15,13,35,38,34,38.1,34.8,23.8,45.8,35.7,20.8,2.8,35.8,4.83,33.8,35.0,4.6,34.8,4.715,35.666666666666664,13.0,35.46,35.93333333333333,34.14953271028037
49,3,Marcus Morris Sr.,0.0,LAC,PHO,-7.5,233.0,120.3,6,9.5,21.0,27.0,SF/PF,5000,1,17.0,16.0,104,108,0%,10,10,15,28,31,33,21.0,30.7,19.6,41.7,29.7,32.3,6.5,23.8,4.75,24.0,29.5,4.8,23.9,4.775,30.666666666666668,11.666666666666666,27.380000000000003,19.166666666666668,22.990760869565214
49,4,D'Angelo Russell,0.0,MIN,MIA,11.0,233.5,111.3,15,30.5,41.5,58.0,PG,8600,1,33.0,20.0,100,107,-9%,18,18,19,33,33,33,41.5,41.6,29.3,54.0,31.5,52.3,6.1,41.5,4.83,45.0,33.5,5.2,43.25,5.015000000000001,33.0,18.333333333333332,41.93,43.333333333333336,43.90530303030303
49,5,Derrick Jones Jr.,0.0,MIA,MIN,-11.0,233.5,122.3,23,8.5,18.1,32.5,SF/PF,4500,1,14.0,14.0,105,110,6%,7,5,7,32,24,26,18.1,19.9,11.0,28.8,19.8,22.3,5.0,19.5,4.33,18.1,21.5,4.0,18.8,4.165,27.333333333333332,6.333333333333333,19.32,19.7,14.787804878048782
49,6,Rudy Gobert,0.0,UTA,BOS,-5.5,217.5,111.5,17,23.5,35.9,47.0,C,8100,1,16.0,22.0,102,104,-6%,6,8,9,35,36,35,36.1,41.5,32.3,50.6,34.9,28.8,3.6,43.0,5.31,41.9,35.5,5.2,42.45,5.255,35.333333333333336,7.666666666666667,40.589999999999996,35.46666666666667,42.65023584905661
49,7,Tristan Thompson,0.0,CLE,PHI,7.5,216.5,104.5,8,17.5,31.3,47.3,C,5300,1,18.0,17.0,102,104,-10%,11,11,10,28,27,31,33.3,31.1,19.7,42.5,31.7,38.3,7.2,27.0,5.09,28.4,31.0,5.4,27.7,5.245,28.666666666666668,10.666666666666666,30.860000000000003,32.03333333333333,29.954651162790697
