Lineup Num,,Player Name,injury_status,team,opp,spread,over_under,implied_team_score,L5_dvp_rank,L5_ppg_floor,L5_ppg_avg,L5_ppg_max,Pos,Salary,Rest,USG,PER,Opp Pace,Opp DEff,Opp DvP,L2 FGA,L5 FGA,S FGA,L2 Min,L5 Min,S Min,L5 FP,S FP,Floor FP,Ceil FP,Actual Min,Actual FP,Actual Val,FantasyFuelPPGProj,FantasyFuelValueProj,DFN_PPGProj,DFN_MinProj,DFN_ValueProj,Avg Proj,Avg Value Proj,Avg Skewed Min,Avg Skewed FGA,Avg Skewed FP,Avg L5 PPG,Proj Min Enhanced
0,0,Collin Sexton,0.0,CLE,DEN,12.5,216.5,102.0,24,27.3,32.0,40.3,PG/SG,5700,1,27.0,15.0,100,105,-5%,19,19,16,37,36,31,31.9,27.7,21.0,34.4,34.3,31.8,5.6,28.3,4.96,29.2,34.5,5.1,28.75,5.029999999999999,34.666666666666664,18.0,28.75,33.199999999999996,28.611778846153847
0,1,Seth Curry,0.0,DAL,PHI,-3.0,222.5,112.8,19,12.0,20.5,33.0,PG/SG,4000,0,18.0,13.0,102,103,-4%,12,11,8,28,27,23,20.4,17.4,6.5,28.3,20.6,15.5,3.9,19.3,4.81,19.5,25.0,4.9,19.4,4.855,26.0,10.333333333333334,18.4,21.833333333333332,18.65384615384615
0,2,Al Horford,0.0,PHI,DAL,3.0,222.5,109.8,23,14.0,22.9,42.0,PF/C,6700,1,19.0,16.0,101,107,0%,11,9,11,33,31,31,22.9,30.4,21.4,39.5,32.9,38.0,5.7,36.3,5.41,36.4,32.5,5.4,36.349999999999994,5.405,31.666666666666668,10.333333333333334,30.109999999999996,26.3,37.306578947368415
0,3,Mike Scott,0.0,PHI,DAL,3.0,222.5,109.8,22,6.5,10.0,14.0,SF/PF,4000,1,13.0,10.0,101,107,0%,6,6,5,23,19,19,10.0,12.2,5.7,18.7,23.4,21.0,5.3,17.5,4.38,17.7,24.5,4.4,17.6,4.390000000000001,20.333333333333332,5.666666666666667,12.84,10.166666666666666,21.206557377049183
0,4,Anfernee Simons,0.0,POR,MIL,7.0,230.0,111.5,15,5.5,15.2,29.5,PG/SG,3600,1,19.0,10.0,107,100,-4%,9,9,9,25,25,22,15.2,16.0,8.1,23.8,22.6,14.8,4.1,18.8,5.21,19.3,25.5,5.4,19.05,5.305,24.0,9.0,16.43,16.733333333333334,20.240625
0,5,Kevin Love,0.0,CLE,DEN,12.5,216.5,102.0,18,17.3,33.6,49.3,PF/C,7200,1,23.0,18.0,100,105,-2%,15,13,12,37,33,31,33.6,37.0,24.9,49.2,36.8,43.3,6.0,39.0,5.42,39.2,33.5,5.4,39.1,5.41,33.666666666666664,13.333333333333334,36.76,33.4,38.906435643564365
0,6,Daniel Theis,0.0,BOS,NO,-11.0,223.5,117.3,30,14.5,23.2,29.5,PF/C,4500,1,14.0,16.0,105,110,5%,8,8,6,24,24,23,23.1,21.8,15.0,28.7,14.9,18.0,4.0,22.0,4.89,21.9,23.0,4.9,21.95,4.895,23.666666666666668,7.333333333333333,22.110000000000003,22.400000000000002,21.33169014084507
0,7,Langston Galloway,0.0,DET,CHI,-4.0,215.5,109.8,5,3.5,16.1,30.8,PG/SG,3400,1,16.0,13.0,103,105,-3%,7,7,8,19,21,26,16.1,17.9,10.7,25.2,19.6,8.0,2.4,15.8,4.63,13.6,19.5,4.0,14.7,4.3149999999999995,22.0,7.333333333333333,16.92,16.8,13.029545454545453
1,0,Lonzo Ball,0.0,NO,BOS,11.0,223.5,106.3,29,29.8,42.0,55.0,PG,6700,0,22.0,14.0,102,103,-7%,13,15,11,38,36,30,42.0,30.2,18.1,42.2,33.3,42.3,6.3,35.3,5.26,34.7,36.0,5.2,35.0,5.23,34.666666666666664,13.0,33.5,42.266666666666666,36.34615384615385
1,1,Shai Gilgeous-Alexander,0.0,OKC,LAL,-7.5,213.5,110.5,21,28.3,34.1,47.8,PG/SG,6600,1,24.0,17.0,103,102,-1%,17,16,16,35,35,36,34.1,33.9,24.1,43.7,34.9,38.0,5.8,32.3,4.89,35.2,36.0,5.3,33.75,5.095,35.333333333333336,16.333333333333332,33.910000000000004,36.733333333333334,34.386792452830186
1,2,Dorian Finney-Smith,0.0,DAL,PHI,-3.0,222.5,112.8,10,21.5,25.3,32.0,SF/PF,4500,0,13.0,12.0,102,103,-3%,9,10,7,30,33,29,25.3,20.6,13.8,27.3,32.3,27.5,6.1,22.5,5.0,22.5,32.5,5.0,22.5,5.0,30.666666666666668,8.666666666666666,21.9,26.266666666666666,23.845108695652172
1,3,Jaylen Brown,0.0,BOS,NO,-11.0,223.5,117.3,13,16.8,30.8,42.5,SG/SF,6900,1,24.0,18.0,105,110,0%,13,15,15,31,33,34,30.8,35.6,25.8,45.5,30.5,22.5,3.3,35.0,5.07,35.5,34.0,5.1,35.25,5.085,32.666666666666664,14.333333333333334,34.59,30.03333333333333,36.68877551020408
1,4,Kent Bazemore,0.0,POR,MIL,7.0,230.0,111.5,28,8.3,15.2,18.8,SG/SF,3800,1,16.0,7.0,107,100,-4%,9,9,8,28,31,26,15.2,18.3,11.0,25.6,29.0,22.0,5.8,23.8,6.25,21.1,29.0,5.6,22.450000000000003,5.925,28.333333333333332,8.666666666666666,18.509999999999998,14.1,22.97823529411765
1,5,Nassir Little,0.0,POR,MIL,7.0,230.0,111.5,15,1.8,5.1,13.3,SF/PF,3000,1,14.0,9.0,107,100,3%,4,2,3,8,6,13,5.0,8.8,0.5,17.2,13.5,9.0,3.0,2.3,0.75,10.3,13.0,3.4,6.300000000000001,2.075,9.0,3.0,7.56,6.733333333333333,9.100000000000001
1,6,JaVale McGee,0.0,LAL,OKC,7.5,213.5,103.0,11,18.8,21.1,25.3,C,4100,0,15.0,21.0,101,105,2%,4,4,5,16,18,17,21.1,19.3,9.9,28.7,21.7,20.3,5.0,20.0,4.88,26.4,21.5,6.4,23.2,5.640000000000001,17.0,4.333333333333333,20.440000000000005,21.733333333333334,29.341176470588238
1,7,Sekou Doumbouya,0.0,DET,CHI,-4.0,215.5,109.8,29,13.3,24.6,40.0,SF/PF,5300,1,0.0,0.0,103,105,10%,7,9,5,27,31,15,24.6,11.5,-1.6,24.6,28.7,16.8,3.2,25.0,4.72,24.3,28.5,4.6,24.65,4.66,24.333333333333332,7.0,16.75,25.96666666666667,28.870890410958904
2,0,Collin Sexton,0.0,CLE,DEN,12.5,216.5,102.0,24,27.3,32.0,40.3,PG/SG,5700,1,27.0,15.0,100,105,-5%,19,19,16,37,36,31,31.9,27.7,21.0,34.4,34.3,31.8,5.6,28.3,4.96,29.2,34.5,5.1,28.75,5.029999999999999,34.666666666666664,18.0,28.75,33.199999999999996,28.611778846153847
2,1,Kentavious Caldwell-Pope,0.0,LAL,OKC,7.5,213.5,103.0,10,8.5,14.0,17.8,SG/SF,3700,0,15.0,12.0,101,105,-10%,7,7,8,21,24,26,14.3,17.6,11.5,23.8,28.4,17.3,4.7,21.0,5.68,23.2,31.0,6.3,22.1,5.99,23.666666666666668,7.333333333333333,17.860000000000003,13.433333333333332,28.94788732394366
2,2,Mike Muscala,0.0,OKC,LAL,-7.5,213.5,110.5,10,3.8,10.5,19.5,PF/C,3200,1,16.0,8.0,103,102,-6%,6,4,3,19,14,11,10.4,8.1,1.5,14.8,11.9,12.8,4.0,14.0,4.38,11.8,14.5,3.7,12.9,4.04,14.666666666666666,4.333333333333333,9.54,11.266666666666666,12.753409090909091
2,3,Thaddeus Young,0.0,CHI,DET,4.0,215.5,105.8,17,14.5,24.5,35.0,SF/PF,6000,0,21.0,12.0,101,110,7%,12,10,9,30,26,22,24.5,20.1,12.5,27.6,19.8,8.0,1.3,24.8,4.13,25.0,27.5,4.2,24.9,4.165,26.0,10.333333333333334,21.919999999999998,24.666666666666668,26.33653846153846
2,4,Khris Middleton,0.0,MIL,POR,-7.0,230.0,118.5,14,27.3,37.0,51.8,SG/SF,7500,0,26.0,20.0,104,109,8%,14,15,15,31,31,29,37.0,34.9,26.8,42.9,28.1,40.0,5.3,36.3,4.83,35.9,30.5,4.8,36.099999999999994,4.8149999999999995,30.333333333333332,14.666666666666666,35.540000000000006,38.699999999999996,36.29835164835164
2,5,Jaylen Brown,0.0,BOS,NO,-11.0,223.5,117.3,13,16.8,30.8,42.5,SG/SF,6900,1,24.0,18.0,105,110,0%,13,15,15,31,33,34,30.8,35.6,25.8,45.5,30.5,22.5,3.3,35.0,5.07,35.5,34.0,5.1,35.25,5.085,32.666666666666664,14.333333333333334,34.59,30.03333333333333,36.68877551020408
2,6,Tristan Thompson,0.0,CLE,DEN,12.5,216.5,102.0,10,21.8,34.8,65.5,C,7000,1,19.0,17.0,100,105,-1%,14,9,11,39,34,32,34.8,33.6,23.2,44.1,38.4,39.8,5.7,33.5,4.79,31.2,32.5,4.5,32.35,4.645,35.0,11.333333333333334,33.61,40.699999999999996,30.039285714285718
2,7,Matisse Thybulle,0.0,PHI,DAL,3.0,222.5,109.8,1,2.0,9.1,14.0,SG/SF,3000,1,13.0,11.0,101,107,-8%,5,3,4,17,16,18,9.1,12.3,2.9,21.6,19.7,9.8,3.3,14.3,4.75,14.0,19.0,4.7,14.15,4.725,17.0,4.0,12.01,8.366666666666667,15.814705882352943
3,0,Eric Bledsoe,0.0,MIL,POR,-7.0,230.0,118.5,10,19.3,30.1,41.0,PG,6100,0,25.0,19.0,104,109,6%,14,11,12,30,26,27,30.1,32.0,22.6,41.4,27.2,42.0,6.9,33.0,5.41,33.5,28.0,5.5,33.25,5.455,27.666666666666668,12.333333333333334,31.869999999999997,30.133333333333336,33.65060240963855
3,1,Brad Wanamaker,0.0,BOS,NO,-11.0,223.5,117.3,25,4.8,12.2,18.5,PG/SG,3000,1,17.0,13.0,105,110,5%,5,5,5,18,20,20,12.2,15.9,10.1,21.8,16.1,13.3,4.4,11.5,3.83,9.4,11.5,3.1,10.45,3.465,19.333333333333332,5.0,14.09,11.833333333333334,6.215948275862069
3,2,Carmelo Anthony,0.0,POR,MIL,7.0,230.0,111.5,15,10.5,27.6,44.3,SF/PF,5600,1,22.0,13.0,107,100,3%,14,13,15,30,32,33,27.6,29.0,18.6,39.5,32.9,36.8,6.6,31.0,5.54,33.5,35.0,6.0,32.25,5.77,31.666666666666668,14.0,29.389999999999997,27.46666666666667,35.64473684210526
3,3,Terrance Ferguson,0.0,OKC,LAL,-7.5,213.5,110.5,5,9.0,11.9,16.8,SG/SF,3300,1,9.0,4.0,103,102,-1%,6,6,5,31,28,27,11.8,11.1,5.3,16.8,23.7,8.3,2.5,11.5,3.48,12.0,26.5,3.6,11.75,3.54,28.666666666666668,5.666666666666667,11.35,12.566666666666668,10.861918604651162
3,4,Pat Connaughton,0.0,MIL,POR,-7.0,230.0,118.5,14,9.5,16.6,26.3,SG/SF,3500,0,13.0,12.0,104,109,-3%,6,6,5,26,25,19,16.6,15.3,8.2,22.5,18.8,12.5,3.6,16.5,4.71,12.6,15.5,3.6,14.55,4.155,23.333333333333332,5.666666666666667,15.430000000000001,17.46666666666667,9.665357142857145
3,5,Jayson Tatum,0.0,BOS,NO,-11.0,223.5,117.3,12,25.8,33.5,47.3,SF/PF,8000,1,27.0,17.0,105,110,5%,15,16,18,34,34,35,33.9,37.9,27.6,48.2,30.4,63.5,7.9,40.8,5.09,39.5,34.5,4.9,40.15,4.995,34.333333333333336,16.333333333333332,37.55,35.53333333333333,40.34490291262136
3,6,Nikola Jokic,0.0,DEN,CLE,-12.5,216.5,114.5,28,29.8,45.5,72.5,C,9700,2,28.0,25.0,101,113,3%,23,17,15,34,31,31,45.5,44.8,31.8,57.7,33.6,43.5,4.5,51.5,5.31,51.2,32.5,5.3,51.35,5.305,32.0,18.333333333333332,46.230000000000004,49.26666666666667,52.15234375
3,7,Rajon Rondo,0.0,LAL,OKC,7.5,213.5,103.0,14,1.0,14.3,26.3,PG,3800,0,21.0,13.0,101,105,-1%,8,5,7,24,20,21,14.3,20.8,11.1,30.5,32.9,51.0,13.4,27.5,7.24,31.3,30.5,8.2,29.4,7.72,21.666666666666668,6.666666666666667,21.22,13.866666666666667,41.38615384615384
4,0,Brandon Knight,0.0,CLE,DEN,12.5,216.5,102.0,24,5.0,12.9,25.5,PG/SG,3900,1,0.0,0.0,100,105,-5%,8,6,5,24,17,13,11.8,10.5,2.2,18.8,18.0,13.5,3.5,18.0,4.62,16.9,23.0,4.3,17.45,4.46,18.0,6.333333333333333,12.15,14.466666666666667,22.29722222222222
4,1,Anfernee Simons,0.0,POR,MIL,7.0,230.0,111.5,15,5.5,15.2,29.5,PG/SG,3600,1,19.0,10.0,107,100,-4%,9,9,9,25,25,22,15.2,16.0,8.1,23.8,22.6,14.8,4.1,18.8,5.21,19.3,25.5,5.4,19.05,5.305,24.0,9.0,16.43,16.733333333333334,20.240625
4,2,Dorian Finney-Smith,0.0,DAL,PHI,-3.0,222.5,112.8,10,21.5,25.3,32.0,SF/PF,4500,0,13.0,12.0,102,103,-3%,9,10,7,30,33,29,25.3,20.6,13.8,27.3,32.3,27.5,6.1,22.5,5.0,22.5,32.5,5.0,22.5,5.0,30.666666666666668,8.666666666666666,21.9,26.266666666666666,23.845108695652172
4,3,Thanasis Antetokounmpo,0.0,MIL,POR,-7.0,230.0,118.5,26,-0.5,2.8,10.3,SF/PF,3000,0,0.0,0.0,104,109,8%,1,1,2,3,2,4,0.6,3.7,-1.5,8.9,5.3,0.8,0.3,4.5,1.5,0.0,0.0,0.0,2.25,0.75,3.0,1.3333333333333333,2.79,4.2,0.0
4,4,Malik Beasley,0.0,DEN,CLE,-12.5,216.5,114.5,23,1.0,12.9,21.3,PG/SG,3000,2,20.0,10.0,101,113,11%,8,9,7,21,22,17,17.6,12.4,5.1,19.7,12.9,6.5,2.2,9.0,3.0,13.7,16.0,4.6,11.35,3.8,20.0,8.0,13.23,11.733333333333334,9.08
4,5,Thaddeus Young,0.0,CHI,DET,4.0,215.5,105.8,17,14.5,24.5,35.0,SF/PF,6000,0,21.0,12.0,101,110,7%,12,10,9,30,26,22,24.5,20.1,12.5,27.6,19.8,8.0,1.3,24.8,4.13,25.0,27.5,4.2,24.9,4.165,26.0,10.333333333333334,21.919999999999998,24.666666666666668,26.33653846153846
4,6,Nikola Jokic,0.0,DEN,CLE,-12.5,216.5,114.5,28,29.8,45.5,72.5,C,9700,2,28.0,25.0,101,113,3%,23,17,15,34,31,31,45.5,44.8,31.8,57.7,33.6,43.5,4.5,51.5,5.31,51.2,32.5,5.3,51.35,5.305,32.0,18.333333333333332,46.230000000000004,49.26666666666667,52.15234375
4,7,Tristan Thompson,0.0,CLE,DEN,12.5,216.5,102.0,10,21.8,34.8,65.5,C,7000,1,19.0,17.0,100,105,-1%,14,9,11,39,34,32,34.8,33.6,23.2,44.1,38.4,39.8,5.7,33.5,4.79,31.2,32.5,4.5,32.35,4.645,35.0,11.333333333333334,33.61,40.699999999999996,30.039285714285718
5,0,Derrick Rose,0.0,DET,CHI,-4.0,215.5,109.8,5,25.0,35.2,43.3,PG/SG,7300,1,33.0,22.0,103,105,-13%,23,19,15,33,30,26,35.1,31.4,23.4,39.4,29.0,32.0,4.4,33.5,4.59,35.6,29.0,4.9,34.55,4.745,29.666666666666668,19.0,32.77,34.5,33.77359550561797
5,1,Deonte Burton,0.0,OKC,LAL,-7.5,213.5,110.5,5,-0.5,4.4,16.8,SG/SF,3000,1,0.0,0.0,103,102,-2%,5,2,3,10,6,8,4.0,5.2,-0.3,10.7,1.7,2.0,0.7,12.3,4.08,0.0,0.0,0.0,6.15,2.04,8.0,3.3333333333333335,5.15,6.900000000000001,0.0
5,2,Mason Plumlee,0.0,DEN,CLE,-12.5,216.5,114.5,8,4.5,15.3,30.3,PF/C,3800,2,19.0,19.0,101,113,3%,4,5,5,14,16,17,14.5,18.9,10.8,27.1,25.7,20.3,5.3,20.8,5.46,18.8,15.5,4.9,19.8,5.18,15.666666666666666,4.666666666666667,18.22,16.7,19.58936170212766
5,3,Tim Hardaway Jr.,0.0,DAL,PHI,-3.0,222.5,112.8,15,5.3,23.1,35.3,SG/SF,4700,0,22.0,15.0,102,103,-3%,14,12,12,31,27,26,26.3,22.6,11.8,33.5,30.1,27.8,5.9,22.8,4.84,25.1,30.0,5.3,23.950000000000003,5.07,28.0,12.666666666666666,23.630000000000003,21.233333333333334,25.66071428571429
5,4,Will Barton,0.0,DEN,CLE,-12.5,216.5,114.5,23,15.3,34.4,49.8,PG/SF,7100,2,20.0,17.0,101,113,11%,14,14,13,34,34,34,35.2,33.2,23.2,43.2,38.4,39.8,5.6,34.5,4.86,33.8,33.0,4.8,34.15,4.83,34.0,13.666666666666666,33.790000000000006,33.166666666666664,33.14558823529412
5,5,Khris Middleton,0.0,MIL,POR,-7.0,230.0,118.5,14,27.3,37.0,51.8,SG/SF,7500,0,26.0,20.0,104,109,8%,14,15,15,31,31,29,37.0,34.9,26.8,42.9,28.1,40.0,5.3,36.3,4.83,35.9,30.5,4.8,36.099999999999994,4.8149999999999995,30.333333333333332,14.666666666666666,35.540000000000006,38.699999999999996,36.29835164835164
5,6,JaVale McGee,0.0,LAL,OKC,7.5,213.5,103.0,11,18.8,21.1,25.3,C,4100,0,15.0,21.0,101,105,2%,4,4,5,16,18,17,21.1,19.3,9.9,28.7,21.7,20.3,5.0,20.0,4.88,26.4,21.5,6.4,23.2,5.640000000000001,17.0,4.333333333333333,20.440000000000005,21.733333333333334,29.341176470588238
5,7,Josh Hart,0.0,NO,BOS,11.0,223.5,106.3,25,14.3,24.3,32.5,SG/SF,4800,0,16.0,12.0,102,103,-2%,9,8,9,35,30,29,24.3,25.0,16.6,33.4,33.4,21.3,4.4,28.8,5.99,27.8,35.0,5.8,28.3,5.895,31.333333333333332,8.666666666666666,25.519999999999996,23.7,31.61170212765958
7,0,Langston Galloway,0.0,DET,CHI,-4.0,215.5,109.8,5,3.5,16.1,30.8,PG/SG,3400,1,16.0,13.0,103,105,-3%,7,7,8,19,21,26,16.1,17.9,10.7,25.2,19.6,8.0,2.4,15.8,4.63,13.6,19.5,4.0,14.7,4.3149999999999995,22.0,7.333333333333333,16.92,16.8,13.029545454545453
7,1,Josh Hart,0.0,NO,BOS,11.0,223.5,106.3,25,14.3,24.3,32.5,SG/SF,4800,0,16.0,12.0,102,103,-2%,9,8,9,35,30,29,24.3,25.0,16.6,33.4,33.4,21.3,4.4,28.8,5.99,27.8,35.0,5.8,28.3,5.895,31.333333333333332,8.666666666666666,25.519999999999996,23.7,31.61170212765958
7,2,Al Horford,0.0,PHI,DAL,3.0,222.5,109.8,23,14.0,22.9,42.0,PF/C,6700,1,19.0,16.0,101,107,0%,11,9,11,33,31,31,22.9,30.4,21.4,39.5,32.9,38.0,5.7,36.3,5.41,36.4,32.5,5.4,36.349999999999994,5.405,31.666666666666668,10.333333333333334,30.109999999999996,26.3,37.306578947368415
7,3,Josh Richardson,0.0,PHI,DAL,3.0,222.5,109.8,1,20.5,32.3,42.8,SG/SF,6400,1,22.0,14.0,101,107,-1%,17,13,13,35,36,33,32.3,29.4,21.0,37.7,34.2,18.0,2.8,31.3,4.88,33.0,35.0,5.2,32.15,5.04,34.666666666666664,14.333333333333334,30.51,31.866666666666664,32.45913461538461
7,4,Tomas Satoransky,0.0,CHI,DET,4.0,215.5,105.8,9,12.5,25.0,41.8,PG/SF,5500,0,18.0,14.0,101,110,4%,9,9,8,31,34,29,25.0,26.0,16.0,35.9,26.3,18.0,3.3,29.0,5.27,28.9,33.5,5.3,28.95,5.285,31.333333333333332,8.666666666666666,26.369999999999997,26.433333333333334,30.95186170212766
7,5,Carmelo Anthony,0.0,POR,MIL,7.0,230.0,111.5,15,10.5,27.6,44.3,SF/PF,5600,1,22.0,13.0,107,100,3%,14,13,15,30,32,33,27.6,29.0,18.6,39.5,32.9,36.8,6.6,31.0,5.54,33.5,35.0,6.0,32.25,5.77,31.666666666666668,14.0,29.389999999999997,27.46666666666667,35.64473684210526
7,6,Nikola Jokic,0.0,DEN,CLE,-12.5,216.5,114.5,28,29.8,45.5,72.5,C,9700,2,28.0,25.0,101,113,3%,23,17,15,34,31,31,45.5,44.8,31.8,57.7,33.6,43.5,4.5,51.5,5.31,51.2,32.5,5.3,51.35,5.305,32.0,18.333333333333332,46.230000000000004,49.26666666666667,52.15234375
7,7,E'Twaun Moore,0.0,NO,BOS,11.0,223.5,106.3,25,12.5,20.9,27.3,SG/SF,4500,0,21.0,13.0,102,103,-2%,8,10,10,18,23,21,20.9,19.1,10.4,27.8,27.6,22.0,4.9,24.8,5.5,24.8,30.0,5.5,24.8,5.5,20.666666666666668,9.333333333333334,20.6,20.233333333333334,36.0
8,0,Jalen Brunson,0.0,DAL,PHI,-3.0,222.5,112.8,19,6.3,9.9,16.3,PG/SG,3000,0,22.0,15.0,102,103,-8%,5,5,6,14,14,17,9.8,16.4,5.1,27.7,9.7,6.8,2.3,13.3,4.42,12.9,14.0,4.3,13.100000000000001,4.359999999999999,15.0,5.333333333333333,14.419999999999998,10.833333333333334,12.226666666666668
8,1,Josh Hart,0.0,NO,BOS,11.0,223.5,106.3,25,14.3,24.3,32.5,SG/SF,4800,0,16.0,12.0,102,103,-2%,9,8,9,35,30,29,24.3,25.0,16.6,33.4,33.4,21.3,4.4,28.8,5.99,27.8,35.0,5.8,28.3,5.895,31.333333333333332,8.666666666666666,25.519999999999996,23.7,31.61170212765958
8,2,Kyle Kuzma,0.0,LAL,OKC,7.5,213.5,103.0,11,11.0,23.8,37.5,SF/PF,5400,0,22.0,11.0,101,105,-13%,17,13,11,27,24,24,23.8,20.4,11.3,29.5,39.7,46.3,8.6,26.5,4.91,33.0,35.0,6.1,29.75,5.505,25.0,13.666666666666666,22.95,24.099999999999998,41.65
8,3,Svi Mykhailiuk,0.0,DET,CHI,-4.0,215.5,109.8,27,5.5,19.4,24.8,SG/SF,4000,1,16.0,10.0,103,105,2%,8,9,6,32,31,20,19.4,12.8,4.8,20.8,27.8,22.5,5.6,19.3,4.81,20.5,29.5,5.1,19.9,4.955,27.666666666666668,7.666666666666667,15.539999999999997,16.566666666666666,21.218674698795176
8,4,Frank Jackson,0.0,NO,BOS,11.0,223.5,106.3,29,0.0,2.6,6.8,PG/SG,3000,0,22.0,7.0,102,103,-7%,2,2,5,3,6,12,2.5,8.5,-0.2,17.2,32.5,28.0,9.3,12.3,4.08,10.4,15.0,3.5,11.350000000000001,3.79,7.0,3.0,7.87,3.1333333333333333,24.321428571428577
8,5,Luka Doncic,0.0,DAL,PHI,-3.0,222.5,112.8,19,47.0,62.0,76.0,PG/SF,12400,0,39.0,31.0,102,103,-8%,22,23,21,35,36,34,62.5,60.5,46.5,74.5,33.0,46.5,3.8,60.8,4.9,62.1,34.5,5.0,61.45,4.95,35.0,22.0,61.089999999999996,61.666666666666664,60.57214285714286
8,6,Anthony Tolliver,0.0,POR,MIL,7.0,230.0,111.5,27,3.5,7.8,12.5,PF/C,3000,1,11.0,6.0,107,100,3%,3,2,3,16,17,16,7.8,9.4,2.4,16.3,27.6,24.3,8.1,12.8,4.25,19.7,29.0,6.6,16.25,5.425,16.333333333333332,2.6666666666666665,10.43,7.933333333333334,28.852040816326532
8,7,Brandon Ingram,0.0,NO,BOS,11.0,223.5,106.3,2,32.3,47.0,61.5,SF/PF,8400,0,29.0,22.0,102,103,-2%,19,21,19,38,36,35,47.0,44.6,35.9,53.3,31.0,30.3,3.6,45.5,5.42,45.4,37.5,5.4,45.45,5.41,36.333333333333336,19.666666666666668,45.25,46.93333333333334,46.90940366972477
9,0,Dennis Schroder,0.0,OKC,LAL,-7.5,213.5,110.5,21,23.3,27.4,31.0,PG/SG,5600,1,27.0,16.0,103,102,-2%,14,14,15,31,33,31,27.8,30.0,20.6,39.4,33.9,26.0,4.6,31.0,5.54,32.0,31.0,5.7,31.5,5.62,31.666666666666668,14.333333333333334,29.859999999999996,27.233333333333334,30.83684210526316
9,1,Zach LaVine,0.0,CHI,DET,4.0,215.5,105.8,9,42.0,49.6,56.5,PG/SG,8300,0,31.0,19.0,101,110,4%,24,23,19,37,38,34,49.6,39.5,27.8,51.1,35.8,44.5,5.4,42.3,5.09,43.0,37.0,5.2,42.65,5.145,36.333333333333336,22.0,42.13,49.36666666666667,43.43256880733944
9,2,Semi Ojeleye,0.0,BOS,NO,-11.0,223.5,117.3,12,0.0,5.0,11.8,SF/PF,3000,1,8.0,6.0,105,110,5%,3,2,2,13,12,15,5.0,6.5,1.1,11.8,12.0,9.3,3.1,4.5,1.5,0.0,0.0,0.0,2.25,0.75,13.333333333333334,2.3333333333333335,5.33,5.6000000000000005,0.0
9,3,Khris Middleton,0.0,MIL,POR,-7.0,230.0,118.5,14,27.3,37.0,51.8,SG/SF,7500,0,26.0,20.0,104,109,8%,14,15,15,31,31,29,37.0,34.9,26.8,42.9,28.1,40.0,5.3,36.3,4.83,35.9,30.5,4.8,36.099999999999994,4.8149999999999995,30.333333333333332,14.666666666666666,35.540000000000006,38.699999999999996,36.29835164835164
9,4,Troy Daniels,0.0,LAL,OKC,7.5,213.5,103.0,10,0.0,1.7,3.5,SG,3000,0,15.0,8.0,101,105,-10%,1,1,4,5,5,12,1.7,6.6,1.0,12.3,21.4,20.5,6.8,6.8,2.25,11.3,17.0,3.8,9.05,3.025,7.333333333333333,2.0,6.130000000000001,1.7333333333333334,20.979545454545455
9,5,Sterling Brown,0.0,MIL,POR,-7.0,230.0,118.5,14,-0.5,11.4,37.0,SG/SF,3000,0,16.0,9.0,104,109,-3%,4,4,5,10,11,17,11.3,14.1,5.1,23.1,12.5,10.5,3.5,6.5,2.17,10.1,14.0,3.4,8.3,2.785,12.666666666666666,4.333333333333333,12.38,15.966666666666667,9.173684210526316
9,6,Boban Marjanovic,0.0,DAL,PHI,-3.0,222.5,112.8,14,0.0,12.3,28.5,C,3000,0,0.0,0.0,102,103,-10%,5,4,4,7,8,10,12.3,12.5,0.7,24.4,8.1,13.8,4.6,4.0,1.33,0.0,0.0,0.0,2.0,0.665,8.333333333333334,4.333333333333333,10.38,13.6,0.0
9,7,Justin Jackson,0.0,DAL,PHI,-3.0,222.5,112.8,10,3.0,12.9,19.3,SF/PF,3000,0,17.0,11.0,102,103,-3%,4,7,6,17,21,16,12.8,11.3,4.5,18.1,16.2,11.5,3.8,14.0,4.67,12.3,16.5,4.1,13.15,4.385,18.0,5.666666666666667,11.97,11.733333333333334,12.054166666666667
10,0,Collin Sexton,0.0,CLE,DEN,12.5,216.5,102.0,24,27.3,32.0,40.3,PG/SG,5700,1,27.0,15.0,100,105,-5%,19,19,16,37,36,31,31.9,27.7,21.0,34.4,34.3,31.8,5.6,28.3,4.96,29.2,34.5,5.1,28.75,5.029999999999999,34.666666666666664,18.0,28.75,33.199999999999996,28.611778846153847
10,1,Malik Beasley,0.0,DEN,CLE,-12.5,216.5,114.5,23,1.0,12.9,21.3,PG/SG,3000,2,20.0,10.0,101,113,11%,8,9,7,21,22,17,17.6,12.4,5.1,19.7,12.9,6.5,2.2,9.0,3.0,13.7,16.0,4.6,11.35,3.8,20.0,8.0,13.23,11.733333333333334,9.08
10,2,Mason Plumlee,0.0,DEN,CLE,-12.5,216.5,114.5,8,4.5,15.3,30.3,PF/C,3800,2,19.0,19.0,101,113,3%,4,5,5,14,16,17,14.5,18.9,10.8,27.1,25.7,20.3,5.3,20.8,5.46,18.8,15.5,4.9,19.8,5.18,15.666666666666666,4.666666666666667,18.22,16.7,19.58936170212766
10,3,Ben Simmons,0.0,PHI,DAL,3.0,222.5,109.8,27,35.3,49.5,77.3,PG/SF,8500,1,22.0,19.0,101,107,-8%,14,14,11,38,39,36,49.8,43.1,32.6,53.5,37.0,43.3,5.1,45.0,5.29,45.3,37.0,5.3,45.15,5.295,37.666666666666664,13.0,44.83,54.03333333333333,44.350884955752214
10,4,Antonius Cleveland,0.0,DAL,PHI,-3.0,222.5,112.8,15,3.0,4.9,9.0,SG,3000,0,0.0,0.0,102,103,-4%,0,0,0,0,0,0,0.0,0.0,0.0,0.0,1.9,0.8,0.3,4.5,1.5,0.0,0.0,0.0,2.25,0.75,0.0,0.0,0.45,5.633333333333333,0.0
10,5,Daniel Theis,0.0,BOS,NO,-11.0,223.5,117.3,30,14.5,23.2,29.5,PF/C,4500,1,14.0,16.0,105,110,5%,8,8,6,24,24,23,23.1,21.8,15.0,28.7,14.9,18.0,4.0,22.0,4.89,21.9,23.0,4.9,21.95,4.895,23.666666666666668,7.333333333333333,22.110000000000003,22.400000000000002,21.33169014084507
10,6,Steven Adams,0.0,OKC,LAL,-7.5,213.5,110.5,15,31.0,38.8,49.3,C,6400,1,18.0,22.0,103,102,-13%,7,8,8,30,31,29,38.8,32.8,23.5,42.1,29.4,29.0,4.5,32.3,5.04,35.4,32.0,5.5,33.849999999999994,5.27,30.0,7.666666666666667,34.209999999999994,39.699999999999996,36.10666666666666
10,7,Eric Bledsoe,0.0,MIL,POR,-7.0,230.0,118.5,10,19.3,30.1,41.0,PG,6100,0,25.0,19.0,104,109,6%,14,11,12,30,26,27,30.1,32.0,22.6,41.4,27.2,42.0,6.9,33.0,5.41,33.5,28.0,5.5,33.25,5.455,27.666666666666668,12.333333333333334,31.869999999999997,30.133333333333336,33.65060240963855
11,0,Seth Curry,0.0,DAL,PHI,-3.0,222.5,112.8,19,12.0,20.5,33.0,PG/SG,4000,0,18.0,13.0,102,103,-4%,12,11,8,28,27,23,20.4,17.4,6.5,28.3,20.6,15.5,3.9,19.3,4.81,19.5,25.0,4.9,19.4,4.855,26.0,10.333333333333334,18.4,21.833333333333332,18.65384615384615
11,1,Zach LaVine,0.0,CHI,DET,4.0,215.5,105.8,9,42.0,49.6,56.5,PG/SG,8300,0,31.0,19.0,101,110,4%,24,23,19,37,38,34,49.6,39.5,27.8,51.1,35.8,44.5,5.4,42.3,5.09,43.0,37.0,5.2,42.65,5.145,36.333333333333336,22.0,42.13,49.36666666666667,43.43256880733944
11,2,Thon Maker,0.0,DET,CHI,-4.0,215.5,109.8,2,3.0,11.8,23.5,PF/C,3800,1,14.0,12.0,103,105,10%,5,4,2,18,13,11,11.8,8.6,2.0,15.3,10.6,14.0,3.7,5.5,1.45,0.0,0.0,0.0,2.75,0.725,14.0,3.6666666666666665,8.09,12.766666666666666,0.0
11,3,Deonte Burton,0.0,OKC,LAL,-7.5,213.5,110.5,5,-0.5,4.4,16.8,SG/SF,3000,1,0.0,0.0,103,102,-2%,5,2,3,10,6,8,4.0,5.2,-0.3,10.7,1.7,2.0,0.7,12.3,4.08,0.0,0.0,0.0,6.15,2.04,8.0,3.3333333333333335,5.15,6.900000000000001,0.0
11,4,Jaylen Brown,0.0,BOS,NO,-11.0,223.5,117.3,13,16.8,30.8,42.5,SG/SF,6900,1,24.0,18.0,105,110,0%,13,15,15,31,33,34,30.8,35.6,25.8,45.5,30.5,22.5,3.3,35.0,5.07,35.5,34.0,5.1,35.25,5.085,32.666666666666664,14.333333333333334,34.59,30.03333333333333,36.68877551020408
11,5,Tobias Harris,0.0,PHI,DAL,3.0,222.5,109.8,22,15.0,27.3,33.8,SF/PF,6800,1,23.0,17.0,101,107,-1%,18,17,16,38,37,35,33.3,36.0,26.9,45.1,34.1,36.5,5.4,38.0,5.59,39.4,34.5,5.8,38.7,5.695,36.666666666666664,17.0,36.0,25.366666666666664,36.413181818181826
11,6,Anthony Tolliver,0.0,POR,MIL,7.0,230.0,111.5,27,3.5,7.8,12.5,PF/C,3000,1,11.0,6.0,107,100,3%,3,2,3,16,17,16,7.8,9.4,2.4,16.3,27.6,24.3,8.1,12.8,4.25,19.7,29.0,6.6,16.25,5.425,16.333333333333332,2.6666666666666665,10.43,7.933333333333334,28.852040816326532
11,7,Marcus Smart,0.0,BOS,NO,-11.0,223.5,117.3,25,16.5,30.0,46.5,PG/SG,4800,1,19.0,14.0,105,110,5%,12,12,11,28,32,32,29.6,27.9,19.5,36.2,21.4,17.5,3.6,25.8,5.36,25.8,30.5,5.4,25.8,5.380000000000001,30.666666666666668,11.666666666666666,27.8,31.0,25.659782608695654
12,0,Ben Simmons,0.0,PHI,DAL,3.0,222.5,109.8,27,35.3,49.5,77.3,PG/SF,8500,1,22.0,19.0,101,107,-8%,14,14,11,38,39,36,49.8,43.1,32.6,53.5,37.0,43.3,5.1,45.0,5.29,45.3,37.0,5.3,45.15,5.295,37.666666666666664,13.0,44.83,54.03333333333333,44.350884955752214
12,1,Deonte Burton,0.0,OKC,LAL,-7.5,213.5,110.5,5,-0.5,4.4,16.8,SG/SF,3000,1,0.0,0.0,103,102,-2%,5,2,3,10,6,8,4.0,5.2,-0.3,10.7,1.7,2.0,0.7,12.3,4.08,0.0,0.0,0.0,6.15,2.04,8.0,3.3333333333333335,5.15,6.900000000000001,0.0
12,2,Cedi Osman,0.0,CLE,DEN,12.5,216.5,102.0,5,11.5,21.2,29.0,SF/PF,4300,1,16.0,11.0,100,105,-10%,13,11,9,38,34,29,21.2,20.4,12.4,28.5,35.2,33.0,7.7,23.8,5.52,23.3,34.5,5.4,23.55,5.46,33.666666666666664,11.0,21.21,20.566666666666666,24.13292079207921
12,3,Tony Snell,0.0,DET,CHI,-4.0,215.5,109.8,29,2.8,15.4,28.0,SF/PF,4200,1,12.0,10.0,103,105,-3%,10,7,7,33,28,27,16.5,15.1,8.4,21.7,30.7,15.8,3.8,17.0,4.05,16.1,27.5,3.8,16.55,3.925,29.333333333333332,8.0,15.65,15.4,15.515625
12,4,Khris Middleton,0.0,MIL,POR,-7.0,230.0,118.5,14,27.3,37.0,51.8,SG/SF,7500,0,26.0,20.0,104,109,8%,14,15,15,31,31,29,37.0,34.9,26.8,42.9,28.1,40.0,5.3,36.3,4.83,35.9,30.5,4.8,36.099999999999994,4.8149999999999995,30.333333333333332,14.666666666666666,35.540000000000006,38.699999999999996,36.29835164835164
12,5,Mason Plumlee,0.0,DEN,CLE,-12.5,216.5,114.5,8,4.5,15.3,30.3,PF/C,3800,2,19.0,19.0,101,113,3%,4,5,5,14,16,17,14.5,18.9,10.8,27.1,25.7,20.3,5.3,20.8,5.46,18.8,15.5,4.9,19.8,5.18,15.666666666666666,4.666666666666667,18.22,16.7,19.58936170212766
12,6,Kevin Love,0.0,CLE,DEN,12.5,216.5,102.0,18,17.3,33.6,49.3,PF/C,7200,1,23.0,18.0,100,105,-2%,15,13,12,37,33,31,33.6,37.0,24.9,49.2,36.8,43.3,6.0,39.0,5.42,39.2,33.5,5.4,39.1,5.41,33.666666666666664,13.333333333333334,36.76,33.4,38.906435643564365
12,7,Trey Burke,0.0,PHI,DAL,3.0,222.5,109.8,27,6.8,14.9,21.3,PG/SG,3000,1,20.0,17.0,101,107,-8%,5,7,6,14,16,15,14.9,14.3,4.4,24.1,10.4,9.0,3.0,14.3,4.75,12.9,13.0,4.3,13.600000000000001,4.525,15.0,6.0,14.260000000000002,14.333333333333334,11.786666666666667
13,0,Eric Bledsoe,0.0,MIL,POR,-7.0,230.0,118.5,10,19.3,30.1,41.0,PG,6100,0,25.0,19.0,104,109,6%,14,11,12,30,26,27,30.1,32.0,22.6,41.4,27.2,42.0,6.9,33.0,5.41,33.5,28.0,5.5,33.25,5.455,27.666666666666668,12.333333333333334,31.869999999999997,30.133333333333336,33.65060240963855
13,1,Anfernee Simons,0.0,POR,MIL,7.0,230.0,111.5,15,5.5,15.2,29.5,PG/SG,3600,1,19.0,10.0,107,100,-4%,9,9,9,25,25,22,15.2,16.0,8.1,23.8,22.6,14.8,4.1,18.8,5.21,19.3,25.5,5.4,19.05,5.305,24.0,9.0,16.43,16.733333333333334,20.240625
13,2,Al Horford,0.0,PHI,DAL,3.0,222.5,109.8,23,14.0,22.9,42.0,PF/C,6700,1,19.0,16.0,101,107,0%,11,9,11,33,31,31,22.9,30.4,21.4,39.5,32.9,38.0,5.7,36.3,5.41,36.4,32.5,5.4,36.349999999999994,5.405,31.666666666666668,10.333333333333334,30.109999999999996,26.3,37.306578947368415
13,3,Thaddeus Young,0.0,CHI,DET,4.0,215.5,105.8,17,14.5,24.5,35.0,SF/PF,6000,0,21.0,12.0,101,110,7%,12,10,9,30,26,22,24.5,20.1,12.5,27.6,19.8,8.0,1.3,24.8,4.13,25.0,27.5,4.2,24.9,4.165,26.0,10.333333333333334,21.919999999999998,24.666666666666668,26.33653846153846
13,4,Alex Caruso,0.0,LAL,OKC,7.5,213.5,103.0,14,0.0,11.5,24.8,PG/SG,3100,0,14.0,10.0,101,105,-10%,4,6,5,20,20,20,15.6,13.6,6.7,20.5,16.1,18.3,5.9,14.0,4.52,17.4,22.5,5.6,15.7,5.06,20.0,5.0,14.420000000000002,12.1,17.662499999999998
13,5,Svi Mykhailiuk,0.0,DET,CHI,-4.0,215.5,109.8,27,5.5,19.4,24.8,SG/SF,4000,1,16.0,10.0,103,105,2%,8,9,6,32,31,20,19.4,12.8,4.8,20.8,27.8,22.5,5.6,19.3,4.81,20.5,29.5,5.1,19.9,4.955,27.666666666666668,7.666666666666667,15.539999999999997,16.566666666666666,21.218674698795176
13,6,Steven Adams,0.0,OKC,LAL,-7.5,213.5,110.5,15,31.0,38.8,49.3,C,6400,1,18.0,22.0,103,102,-13%,7,8,8,30,31,29,38.8,32.8,23.5,42.1,29.4,29.0,4.5,32.3,5.04,35.4,32.0,5.5,33.849999999999994,5.27,30.0,7.666666666666667,34.209999999999994,39.699999999999996,36.10666666666666
13,7,Kentavious Caldwell-Pope,0.0,LAL,OKC,7.5,213.5,103.0,10,8.5,14.0,17.8,SG/SF,3700,0,15.0,12.0,101,105,-10%,7,7,8,21,24,26,14.3,17.6,11.5,23.8,28.4,17.3,4.7,21.0,5.68,23.2,31.0,6.3,22.1,5.99,23.666666666666668,7.333333333333333,17.860000000000003,13.433333333333332,28.94788732394366
14,0,Brad Wanamaker,0.0,BOS,NO,-11.0,223.5,117.3,25,4.8,12.2,18.5,PG/SG,3000,1,17.0,13.0,105,110,5%,5,5,5,18,20,20,12.2,15.9,10.1,21.8,16.1,13.3,4.4,11.5,3.83,9.4,11.5,3.1,10.45,3.465,19.333333333333332,5.0,14.09,11.833333333333334,6.215948275862069
14,1,Collin Sexton,0.0,CLE,DEN,12.5,216.5,102.0,24,27.3,32.0,40.3,PG/SG,5700,1,27.0,15.0,100,105,-5%,19,19,16,37,36,31,31.9,27.7,21.0,34.4,34.3,31.8,5.6,28.3,4.96,29.2,34.5,5.1,28.75,5.029999999999999,34.666666666666664,18.0,28.75,33.199999999999996,28.611778846153847
14,2,Christian Wood,0.0,DET,CHI,-4.0,215.5,109.8,2,7.5,17.3,23.0,PF/C,4100,1,20.0,21.0,103,105,10%,6,6,6,14,20,17,17.3,18.5,7.2,29.8,26.2,47.5,11.6,19.3,4.7,13.4,12.0,3.3,16.35,4.0,17.0,6.0,17.830000000000002,15.933333333333332,11.541176470588237
14,3,Will Barton,0.0,DEN,CLE,-12.5,216.5,114.5,23,15.3,34.4,49.8,PG/SF,7100,2,20.0,17.0,101,113,11%,14,14,13,34,34,34,35.2,33.2,23.2,43.2,38.4,39.8,5.6,34.5,4.86,33.8,33.0,4.8,34.15,4.83,34.0,13.666666666666666,33.790000000000006,33.166666666666664,33.14558823529412
14,4,Donte DiVincenzo,0.0,MIL,POR,-7.0,230.0,118.5,10,13.8,23.0,31.3,PG/SG,4600,0,17.0,14.0,104,109,-3%,11,8,8,24,25,24,22.9,22.3,14.5,30.0,23.7,23.3,5.1,19.3,4.18,19.6,22.5,4.3,19.450000000000003,4.24,24.333333333333332,9.0,21.830000000000002,22.7,17.984589041095894
14,5,Mason Plumlee,0.0,DEN,CLE,-12.5,216.5,114.5,8,4.5,15.3,30.3,PF/C,3800,2,19.0,19.0,101,113,3%,4,5,5,14,16,17,14.5,18.9,10.8,27.1,25.7,20.3,5.3,20.8,5.46,18.8,15.5,4.9,19.8,5.18,15.666666666666666,4.666666666666667,18.22,16.7,19.58936170212766
14,6,Luke Kornet,0.0,CHI,DET,4.0,215.5,105.8,28,0.0,4.0,6.8,PF/C,3000,0,0.0,0.0,101,110,7%,1,1,3,6,4,9,4.0,6.4,1.8,11.0,25.3,33.5,11.2,8.0,2.67,9.1,10.0,3.0,8.55,2.835,6.333333333333333,1.6666666666666667,6.35,3.6,13.5
14,7,Malik Beasley,0.0,DEN,CLE,-12.5,216.5,114.5,23,1.0,12.9,21.3,PG/SG,3000,2,20.0,10.0,101,113,11%,8,9,7,21,22,17,17.6,12.4,5.1,19.7,12.9,6.5,2.2,9.0,3.0,13.7,16.0,4.6,11.35,3.8,20.0,8.0,13.23,11.733333333333334,9.08
15,0,Ben Simmons,0.0,PHI,DAL,3.0,222.5,109.8,27,35.3,49.5,77.3,PG/SF,8500,1,22.0,19.0,101,107,-8%,14,14,11,38,39,36,49.8,43.1,32.6,53.5,37.0,43.3,5.1,45.0,5.29,45.3,37.0,5.3,45.15,5.295,37.666666666666664,13.0,44.83,54.03333333333333,44.350884955752214
15,1,Nickeil Alexander-Walker,0.0,NO,BOS,11.0,223.5,106.3,29,0.0,12.7,25.0,PG/SG,3100,0,24.0,9.0,102,103,-7%,8,5,6,22,13,13,12.7,12.4,1.9,22.9,22.6,15.3,4.9,21.8,7.02,20.6,24.0,6.6,21.200000000000003,6.81,16.0,6.333333333333333,14.219999999999999,12.566666666666668,31.800000000000004
15,2,Tony Snell,0.0,DET,CHI,-4.0,215.5,109.8,29,2.8,15.4,28.0,SF/PF,4200,1,12.0,10.0,103,105,-3%,10,7,7,33,28,27,16.5,15.1,8.4,21.7,30.7,15.8,3.8,17.0,4.05,16.1,27.5,3.8,16.55,3.925,29.333333333333332,8.0,15.65,15.4,15.515625
15,3,Kent Bazemore,0.0,POR,MIL,7.0,230.0,111.5,28,8.3,15.2,18.8,SG/SF,3800,1,16.0,7.0,107,100,-4%,9,9,8,28,31,26,15.2,18.3,11.0,25.6,29.0,22.0,5.8,23.8,6.25,21.1,29.0,5.6,22.450000000000003,5.925,28.333333333333332,8.666666666666666,18.509999999999998,14.1,22.97823529411765
15,4,E'Twaun Moore,0.0,NO,BOS,11.0,223.5,106.3,25,12.5,20.9,27.3,SG/SF,4500,0,21.0,13.0,102,103,-2%,8,10,10,18,23,21,20.9,19.1,10.4,27.8,27.6,22.0,4.9,24.8,5.5,24.8,30.0,5.5,24.8,5.5,20.666666666666668,9.333333333333334,20.6,20.233333333333334,36.0
15,5,Daniel Theis,0.0,BOS,NO,-11.0,223.5,117.3,30,14.5,23.2,29.5,PF/C,4500,1,14.0,16.0,105,110,5%,8,8,6,24,24,23,23.1,21.8,15.0,28.7,14.9,18.0,4.0,22.0,4.89,21.9,23.0,4.9,21.95,4.895,23.666666666666668,7.333333333333333,22.110000000000003,22.400000000000002,21.33169014084507
15,6,Andre Drummond,0.0,DET,CHI,-4.0,215.5,109.8,25,32.5,50.4,62.3,C,10100,1,24.0,22.0,103,105,10%,18,15,14,44,37,34,50.4,49.1,36.9,61.4,19.4,19.0,1.9,56.0,5.54,60.2,36.0,6.0,58.1,5.77,38.333333333333336,15.666666666666666,51.18,48.4,54.563478260869566
15,7,Eric Bledsoe,0.0,MIL,POR,-7.0,230.0,118.5,10,19.3,30.1,41.0,PG,6100,0,25.0,19.0,104,109,6%,14,11,12,30,26,27,30.1,32.0,22.6,41.4,27.2,42.0,6.9,33.0,5.41,33.5,28.0,5.5,33.25,5.455,27.666666666666668,12.333333333333334,31.869999999999997,30.133333333333336,33.65060240963855
16,0,Chris Paul,0.0,OKC,LAL,-7.5,213.5,110.5,21,25.0,37.5,44.5,PG,6800,1,23.0,21.0,103,102,-2%,15,14,12,33,32,32,37.5,36.6,27.5,45.8,31.8,36.3,5.3,38.3,5.63,39.1,32.5,5.8,38.7,5.715,32.333333333333336,13.666666666666666,37.21999999999999,35.666666666666664,38.899484536082475
16,1,Deonte Burton,0.0,OKC,LAL,-7.5,213.5,110.5,5,-0.5,4.4,16.8,SG/SF,3000,1,0.0,0.0,103,102,-2%,5,2,3,10,6,8,4.0,5.2,-0.3,10.7,1.7,2.0,0.7,12.3,4.08,0.0,0.0,0.0,6.15,2.04,8.0,3.3333333333333335,5.15,6.900000000000001,0.0
16,2,Carmelo Anthony,0.0,POR,MIL,7.0,230.0,111.5,15,10.5,27.6,44.3,SF/PF,5600,1,22.0,13.0,107,100,3%,14,13,15,30,32,33,27.6,29.0,18.6,39.5,32.9,36.8,6.6,31.0,5.54,33.5,35.0,6.0,32.25,5.77,31.666666666666668,14.0,29.389999999999997,27.46666666666667,35.64473684210526
16,3,Tobias Harris,0.0,PHI,DAL,3.0,222.5,109.8,22,15.0,27.3,33.8,SF/PF,6800,1,23.0,17.0,101,107,-1%,18,17,16,38,37,35,33.3,36.0,26.9,45.1,34.1,36.5,5.4,38.0,5.59,39.4,34.5,5.8,38.7,5.695,36.666666666666664,17.0,36.0,25.366666666666664,36.413181818181826
16,4,Svi Mykhailiuk,0.0,DET,CHI,-4.0,215.5,109.8,27,5.5,19.4,24.8,SG/SF,4000,1,16.0,10.0,103,105,2%,8,9,6,32,31,20,19.4,12.8,4.8,20.8,27.8,22.5,5.6,19.3,4.81,20.5,29.5,5.1,19.9,4.955,27.666666666666668,7.666666666666667,15.539999999999997,16.566666666666666,21.218674698795176
16,5,Gordon Hayward,0.0,BOS,NO,-11.0,223.5,117.3,12,12.5,28.5,36.3,SF/PF,6500,1,21.0,19.0,105,110,5%,13,14,13,33,35,33,28.5,33.2,21.8,44.5,28.2,34.3,5.3,34.8,5.35,34.1,33.0,5.2,34.45,5.275,33.666666666666664,13.333333333333334,32.489999999999995,25.766666666666666,33.767821782178224
16,6,Mason Plumlee,0.0,DEN,CLE,-12.5,216.5,114.5,8,4.5,15.3,30.3,PF/C,3800,2,19.0,19.0,101,113,3%,4,5,5,14,16,17,14.5,18.9,10.8,27.1,25.7,20.3,5.3,20.8,5.46,18.8,15.5,4.9,19.8,5.18,15.666666666666666,4.666666666666667,18.22,16.7,19.58936170212766
16,7,Malik Beasley,0.0,DEN,CLE,-12.5,216.5,114.5,23,1.0,12.9,21.3,PG/SG,3000,2,20.0,10.0,101,113,11%,8,9,7,21,22,17,17.6,12.4,5.1,19.7,12.9,6.5,2.2,9.0,3.0,13.7,16.0,4.6,11.35,3.8,20.0,8.0,13.23,11.733333333333334,9.08
17,0,CJ McCollum,0.0,POR,MIL,7.0,230.0,111.5,15,20.5,31.3,40.0,PG/SG,6500,1,26.0,17.0,107,100,-4%,19,18,20,35,36,37,32.5,36.7,25.4,48.0,34.3,36.3,5.6,36.3,5.58,36.9,36.0,5.7,36.599999999999994,5.640000000000001,36.0,19.0,35.839999999999996,30.599999999999998,36.599999999999994
17,1,Delon Wright,0.0,DAL,PHI,-3.0,222.5,112.8,19,1.5,16.5,25.5,PG/SG,4900,0,16.0,19.0,102,103,-8%,6,6,6,29,25,22,18.8,21.2,12.0,30.4,22.5,17.0,3.5,23.5,4.8,23.1,24.5,4.7,23.3,4.75,25.333333333333332,6.0,21.14,14.5,22.53355263157895
17,2,Al Horford,0.0,PHI,DAL,3.0,222.5,109.8,23,14.0,22.9,42.0,PF/C,6700,1,19.0,16.0,101,107,0%,11,9,11,33,31,31,22.9,30.4,21.4,39.5,32.9,38.0,5.7,36.3,5.41,36.4,32.5,5.4,36.349999999999994,5.405,31.666666666666668,10.333333333333334,30.109999999999996,26.3,37.306578947368415
17,3,Kyle Kuzma,0.0,LAL,OKC,7.5,213.5,103.0,11,11.0,23.8,37.5,SF/PF,5400,0,22.0,11.0,101,105,-13%,17,13,11,27,24,24,23.8,20.4,11.3,29.5,39.7,46.3,8.6,26.5,4.91,33.0,35.0,6.1,29.75,5.505,25.0,13.666666666666666,22.95,24.099999999999998,41.65
17,4,Jaylen Brown,0.0,BOS,NO,-11.0,223.5,117.3,13,16.8,30.8,42.5,SG/SF,6900,1,24.0,18.0,105,110,0%,13,15,15,31,33,34,30.8,35.6,25.8,45.5,30.5,22.5,3.3,35.0,5.07,35.5,34.0,5.1,35.25,5.085,32.666666666666664,14.333333333333334,34.59,30.03333333333333,36.68877551020408
17,5,Carmelo Anthony,0.0,POR,MIL,7.0,230.0,111.5,15,10.5,27.6,44.3,SF/PF,5600,1,22.0,13.0,107,100,3%,14,13,15,30,32,33,27.6,29.0,18.6,39.5,32.9,36.8,6.6,31.0,5.54,33.5,35.0,6.0,32.25,5.77,31.666666666666668,14.0,29.389999999999997,27.46666666666667,35.64473684210526
17,6,Christian Wood,0.0,DET,CHI,-4.0,215.5,109.8,2,7.5,17.3,23.0,PF/C,4100,1,20.0,21.0,103,105,10%,6,6,6,14,20,17,17.3,18.5,7.2,29.8,26.2,47.5,11.6,19.3,4.7,13.4,12.0,3.3,16.35,4.0,17.0,6.0,17.830000000000002,15.933333333333332,11.541176470588237
17,7,Ante Zizic,0.0,CLE,DEN,12.5,216.5,102.0,10,0.0,13.2,35.0,C,3400,1,0.0,0.0,100,105,-2%,3,3,3,12,11,10,13.2,10.0,1.3,18.8,9.6,9.5,2.8,15.0,4.41,13.6,14.5,4.0,14.3,4.205,11.0,3.0,11.52,16.066666666666666,18.85
18,0,Donte DiVincenzo,0.0,MIL,POR,-7.0,230.0,118.5,10,13.8,23.0,31.3,PG/SG,4600,0,17.0,14.0,104,109,-3%,11,8,8,24,25,24,22.9,22.3,14.5,30.0,23.7,23.3,5.1,19.3,4.18,19.6,22.5,4.3,19.450000000000003,4.24,24.333333333333332,9.0,21.830000000000002,22.7,17.984589041095894
18,1,Jalen Brunson,0.0,DAL,PHI,-3.0,222.5,112.8,19,6.3,9.9,16.3,PG/SG,3000,0,22.0,15.0,102,103,-8%,5,5,6,14,14,17,9.8,16.4,5.1,27.7,9.7,6.8,2.3,13.3,4.42,12.9,14.0,4.3,13.100000000000001,4.359999999999999,15.0,5.333333333333333,14.419999999999998,10.833333333333334,12.226666666666668
18,2,Nassir Little,0.0,POR,MIL,7.0,230.0,111.5,15,1.8,5.1,13.3,SF/PF,3000,1,14.0,9.0,107,100,3%,4,2,3,8,6,13,5.0,8.8,0.5,17.2,13.5,9.0,3.0,2.3,0.75,10.3,13.0,3.4,6.300000000000001,2.075,9.0,3.0,7.56,6.733333333333333,9.100000000000001
18,3,Brandon Ingram,0.0,NO,BOS,11.0,223.5,106.3,2,32.3,47.0,61.5,SF/PF,8400,0,29.0,22.0,102,103,-2%,19,21,19,38,36,35,47.0,44.6,35.9,53.3,31.0,30.3,3.6,45.5,5.42,45.4,37.5,5.4,45.45,5.41,36.333333333333336,19.666666666666668,45.25,46.93333333333334,46.90940366972477
18,4,Dennis Schroder,0.0,OKC,LAL,-7.5,213.5,110.5,21,23.3,27.4,31.0,PG/SG,5600,1,27.0,16.0,103,102,-2%,14,14,15,31,33,31,27.8,30.0,20.6,39.4,33.9,26.0,4.6,31.0,5.54,32.0,31.0,5.7,31.5,5.62,31.666666666666668,14.333333333333334,29.859999999999996,27.233333333333334,30.83684210526316
18,5,Jerami Grant,0.0,DEN,CLE,-12.5,216.5,114.5,8,7.5,15.1,34.0,PF/C,4900,2,17.0,13.0,101,113,0%,6,5,8,28,22,23,14.4,17.5,10.2,24.9,27.0,16.0,3.3,23.3,4.74,25.0,30.5,5.1,24.15,4.92,24.333333333333332,6.333333333333333,18.23,18.866666666666667,30.270205479452052
18,6,Dwight Powell,0.0,DAL,PHI,-3.0,222.5,112.8,14,11.8,23.2,35.5,C,4900,0,12.0,16.0,102,103,-11%,6,6,6,27,29,27,23.1,21.5,13.1,29.8,34.9,37.0,7.6,25.3,5.15,24.2,29.5,4.9,24.75,5.025,27.666666666666668,6.0,22.45,23.5,26.39006024096385
18,7,Nickeil Alexander-Walker,0.0,NO,BOS,11.0,223.5,106.3,29,0.0,12.7,25.0,PG/SG,3100,0,24.0,9.0,102,103,-7%,8,5,6,22,13,13,12.7,12.4,1.9,22.9,22.6,15.3,4.9,21.8,7.02,20.6,24.0,6.6,21.200000000000003,6.81,16.0,6.333333333333333,14.219999999999999,12.566666666666668,31.800000000000004
19,0,Donte DiVincenzo,0.0,MIL,POR,-7.0,230.0,118.5,10,13.8,23.0,31.3,PG/SG,4600,0,17.0,14.0,104,109,-3%,11,8,8,24,25,24,22.9,22.3,14.5,30.0,23.7,23.3,5.1,19.3,4.18,19.6,22.5,4.3,19.450000000000003,4.24,24.333333333333332,9.0,21.830000000000002,22.7,17.984589041095894
19,1,Alex Caruso,0.0,LAL,OKC,7.5,213.5,103.0,14,0.0,11.5,24.8,PG/SG,3100,0,14.0,10.0,101,105,-10%,4,6,5,20,20,20,15.6,13.6,6.7,20.5,16.1,18.3,5.9,14.0,4.52,17.4,22.5,5.6,15.7,5.06,20.0,5.0,14.420000000000002,12.1,17.662499999999998
19,2,Al Horford,0.0,PHI,DAL,3.0,222.5,109.8,23,14.0,22.9,42.0,PF/C,6700,1,19.0,16.0,101,107,0%,11,9,11,33,31,31,22.9,30.4,21.4,39.5,32.9,38.0,5.7,36.3,5.41,36.4,32.5,5.4,36.349999999999994,5.405,31.666666666666668,10.333333333333334,30.109999999999996,26.3,37.306578947368415
19,3,Svi Mykhailiuk,0.0,DET,CHI,-4.0,215.5,109.8,27,5.5,19.4,24.8,SG/SF,4000,1,16.0,10.0,103,105,2%,8,9,6,32,31,20,19.4,12.8,4.8,20.8,27.8,22.5,5.6,19.3,4.81,20.5,29.5,5.1,19.9,4.955,27.666666666666668,7.666666666666667,15.539999999999997,16.566666666666666,21.218674698795176
19,4,Delon Wright,0.0,DAL,PHI,-3.0,222.5,112.8,19,1.5,16.5,25.5,PG/SG,4900,0,16.0,19.0,102,103,-8%,6,6,6,29,25,22,18.8,21.2,12.0,30.4,22.5,17.0,3.5,23.5,4.8,23.1,24.5,4.7,23.3,4.75,25.333333333333332,6.0,21.14,14.5,22.53355263157895
19,5,Mike Muscala,0.0,OKC,LAL,-7.5,213.5,110.5,10,3.8,10.5,19.5,PF/C,3200,1,16.0,8.0,103,102,-6%,6,4,3,19,14,11,10.4,8.1,1.5,14.8,11.9,12.8,4.0,14.0,4.38,11.8,14.5,3.7,12.9,4.04,14.666666666666666,4.333333333333333,9.54,11.266666666666666,12.753409090909091
19,6,Justin Patton,0.0,OKC,LAL,-7.5,213.5,110.5,15,1.3,3.4,9.3,C,3000,1,0.0,0.0,103,102,-13%,1,1,1,3,4,4,2.2,2.2,1.9,2.5,1.7,5.0,1.7,4.8,1.58,0.0,0.0,0.0,2.4,0.79,3.6666666666666665,1.0,2.24,4.666666666666667,0.0
19,7,JaVale McGee,0.0,LAL,OKC,7.5,213.5,103.0,11,18.8,21.1,25.3,C,4100,0,15.0,21.0,101,105,2%,4,4,5,16,18,17,21.1,19.3,9.9,28.7,21.7,20.3,5.0,20.0,4.88,26.4,21.5,6.4,23.2,5.640000000000001,17.0,4.333333333333333,20.440000000000005,21.733333333333334,29.341176470588238
20,0,Kemba Walker,0.0,BOS,NO,-11.0,223.5,117.3,25,14.8,33.2,46.5,PG,7600,1,29.0,22.0,105,110,5%,20,19,18,32,33,33,36.3,39.9,28.9,50.8,28.9,36.3,4.8,40.0,5.26,39.9,32.5,5.2,39.95,5.23,32.666666666666664,19.0,39.169999999999995,31.5,39.74617346938776
20,1,Zach LaVine,0.0,CHI,DET,4.0,215.5,105.8,9,42.0,49.6,56.5,PG/SG,8300,0,31.0,19.0,101,110,4%,24,23,19,37,38,34,49.6,39.5,27.8,51.1,35.8,44.5,5.4,42.3,5.09,43.0,37.0,5.2,42.65,5.145,36.333333333333336,22.0,42.13,49.36666666666667,43.43256880733944
20,2,Dorian Finney-Smith,0.0,DAL,PHI,-3.0,222.5,112.8,10,21.5,25.3,32.0,SF/PF,4500,0,13.0,12.0,102,103,-3%,9,10,7,30,33,29,25.3,20.6,13.8,27.3,32.3,27.5,6.1,22.5,5.0,22.5,32.5,5.0,22.5,5.0,30.666666666666668,8.666666666666666,21.9,26.266666666666666,23.845108695652172
20,3,Terrance Ferguson,0.0,OKC,LAL,-7.5,213.5,110.5,5,9.0,11.9,16.8,SG/SF,3300,1,9.0,4.0,103,102,-1%,6,6,5,31,28,27,11.8,11.1,5.3,16.8,23.7,8.3,2.5,11.5,3.48,12.0,26.5,3.6,11.75,3.54,28.666666666666668,5.666666666666667,11.35,12.566666666666668,10.861918604651162
20,4,CJ McCollum,0.0,POR,MIL,7.0,230.0,111.5,15,20.5,31.3,40.0,PG/SG,6500,1,26.0,17.0,107,100,-4%,19,18,20,35,36,37,32.5,36.7,25.4,48.0,34.3,36.3,5.6,36.3,5.58,36.9,36.0,5.7,36.599999999999994,5.640000000000001,36.0,19.0,35.839999999999996,30.599999999999998,36.599999999999994
20,5,James Ennis III,0.0,PHI,DAL,3.0,222.5,109.8,22,4.5,11.5,19.5,SF/PF,3400,1,15.0,13.0,101,107,-1%,6,5,5,19,20,18,11.8,14.2,7.1,21.3,12.2,8.5,2.5,15.0,4.41,14.6,17.0,4.3,14.8,4.355,19.0,5.333333333333333,13.84,11.833333333333334,13.242105263157896
20,6,Mike Muscala,0.0,OKC,LAL,-7.5,213.5,110.5,10,3.8,10.5,19.5,PF/C,3200,1,16.0,8.0,103,102,-6%,6,4,3,19,14,11,10.4,8.1,1.5,14.8,11.9,12.8,4.0,14.0,4.38,11.8,14.5,3.7,12.9,4.04,14.666666666666666,4.333333333333333,9.54,11.266666666666666,12.753409090909091
20,7,Malik Beasley,0.0,DEN,CLE,-12.5,216.5,114.5,23,1.0,12.9,21.3,PG/SG,3000,2,20.0,10.0,101,113,11%,8,9,7,21,22,17,17.6,12.4,5.1,19.7,12.9,6.5,2.2,9.0,3.0,13.7,16.0,4.6,11.35,3.8,20.0,8.0,13.23,11.733333333333334,9.08
21,0,Dennis Schroder,0.0,OKC,LAL,-7.5,213.5,110.5,21,23.3,27.4,31.0,PG/SG,5600,1,27.0,16.0,103,102,-2%,14,14,15,31,33,31,27.8,30.0,20.6,39.4,33.9,26.0,4.6,31.0,5.54,32.0,31.0,5.7,31.5,5.62,31.666666666666668,14.333333333333334,29.859999999999996,27.233333333333334,30.83684210526316
21,1,Josh Richardson,0.0,PHI,DAL,3.0,222.5,109.8,1,20.5,32.3,42.8,SG/SF,6400,1,22.0,14.0,101,107,-1%,17,13,13,35,36,33,32.3,29.4,21.0,37.7,34.2,18.0,2.8,31.3,4.88,33.0,35.0,5.2,32.15,5.04,34.666666666666664,14.333333333333334,30.51,31.866666666666664,32.45913461538461
21,2,Thaddeus Young,0.0,CHI,DET,4.0,215.5,105.8,17,14.5,24.5,35.0,SF/PF,6000,0,21.0,12.0,101,110,7%,12,10,9,30,26,22,24.5,20.1,12.5,27.6,19.8,8.0,1.3,24.8,4.13,25.0,27.5,4.2,24.9,4.165,26.0,10.333333333333334,21.919999999999998,24.666666666666668,26.33653846153846
21,3,Justin Jackson,0.0,DAL,PHI,-3.0,222.5,112.8,10,3.0,12.9,19.3,SF/PF,3000,0,17.0,11.0,102,103,-3%,4,7,6,17,21,16,12.8,11.3,4.5,18.1,16.2,11.5,3.8,14.0,4.67,12.3,16.5,4.1,13.15,4.385,18.0,5.666666666666667,11.97,11.733333333333334,12.054166666666667
21,4,Monte Morris,0.0,DEN,CLE,-12.5,216.5,114.5,23,12.0,19.8,34.3,PG,3500,2,20.0,16.0,101,113,6%,9,8,7,20,18,18,19.8,15.9,7.5,24.3,23.6,22.8,6.5,16.5,4.71,17.2,17.5,4.9,16.85,4.805,18.666666666666668,8.0,16.869999999999997,22.03333333333333,15.796875
21,5,Luke Kornet,0.0,CHI,DET,4.0,215.5,105.8,28,0.0,4.0,6.8,PF/C,3000,0,0.0,0.0,101,110,7%,1,1,3,6,4,9,4.0,6.4,1.8,11.0,25.3,33.5,11.2,8.0,2.67,9.1,10.0,3.0,8.55,2.835,6.333333333333333,1.6666666666666667,6.35,3.6,13.5
21,6,Andre Drummond,0.0,DET,CHI,-4.0,215.5,109.8,25,32.5,50.4,62.3,C,10100,1,24.0,22.0,103,105,10%,18,15,14,44,37,34,50.4,49.1,36.9,61.4,19.4,19.0,1.9,56.0,5.54,60.2,36.0,6.0,58.1,5.77,38.333333333333336,15.666666666666666,51.18,48.4,54.563478260869566
21,7,Alfonzo McKinnie,0.0,CLE,DEN,12.5,216.5,102.0,5,2.8,8.1,17.8,SF/PF,3000,1,14.0,6.0,100,105,-10%,5,4,3,18,16,11,8.1,6.7,0.3,13.0,24.1,22.0,7.3,11.5,3.83,9.8,14.5,3.3,10.65,3.565,15.0,4.0,7.75,9.566666666666666,10.295000000000002
22,0,CJ McCollum,0.0,POR,MIL,7.0,230.0,111.5,15,20.5,31.3,40.0,PG/SG,6500,1,26.0,17.0,107,100,-4%,19,18,20,35,36,37,32.5,36.7,25.4,48.0,34.3,36.3,5.6,36.3,5.58,36.9,36.0,5.7,36.599999999999994,5.640000000000001,36.0,19.0,35.839999999999996,30.599999999999998,36.599999999999994
22,1,Deonte Burton,0.0,OKC,LAL,-7.5,213.5,110.5,5,-0.5,4.4,16.8,SG/SF,3000,1,0.0,0.0,103,102,-2%,5,2,3,10,6,8,4.0,5.2,-0.3,10.7,1.7,2.0,0.7,12.3,4.08,0.0,0.0,0.0,6.15,2.04,8.0,3.3333333333333335,5.15,6.900000000000001,0.0
22,2,Gordon Hayward,0.0,BOS,NO,-11.0,223.5,117.3,12,12.5,28.5,36.3,SF/PF,6500,1,21.0,19.0,105,110,5%,13,14,13,33,35,33,28.5,33.2,21.8,44.5,28.2,34.3,5.3,34.8,5.35,34.1,33.0,5.2,34.45,5.275,33.666666666666664,13.333333333333334,32.489999999999995,25.766666666666666,33.767821782178224
22,3,Justin Jackson,0.0,DAL,PHI,-3.0,222.5,112.8,10,3.0,12.9,19.3,SF/PF,3000,0,17.0,11.0,102,103,-3%,4,7,6,17,21,16,12.8,11.3,4.5,18.1,16.2,11.5,3.8,14.0,4.67,12.3,16.5,4.1,13.15,4.385,18.0,5.666666666666667,11.97,11.733333333333334,12.054166666666667
22,4,Rajon Rondo,0.0,LAL,OKC,7.5,213.5,103.0,14,1.0,14.3,26.3,PG,3800,0,21.0,13.0,101,105,-1%,8,5,7,24,20,21,14.3,20.8,11.1,30.5,32.9,51.0,13.4,27.5,7.24,31.3,30.5,8.2,29.4,7.72,21.666666666666668,6.666666666666667,21.22,13.866666666666667,41.38615384615384
22,5,Ben Simmons,0.0,PHI,DAL,3.0,222.5,109.8,27,35.3,49.5,77.3,PG/SF,8500,1,22.0,19.0,101,107,-8%,14,14,11,38,39,36,49.8,43.1,32.6,53.5,37.0,43.3,5.1,45.0,5.29,45.3,37.0,5.3,45.15,5.295,37.666666666666664,13.0,44.83,54.03333333333333,44.350884955752214
22,6,Anthony Tolliver,0.0,POR,MIL,7.0,230.0,111.5,27,3.5,7.8,12.5,PF/C,3000,1,11.0,6.0,107,100,3%,3,2,3,16,17,16,7.8,9.4,2.4,16.3,27.6,24.3,8.1,12.8,4.25,19.7,29.0,6.6,16.25,5.425,16.333333333333332,2.6666666666666665,10.43,7.933333333333334,28.852040816326532
22,7,Thanasis Antetokounmpo,0.0,MIL,POR,-7.0,230.0,118.5,26,-0.5,2.8,10.3,SF/PF,3000,0,0.0,0.0,104,109,8%,1,1,2,3,2,4,0.6,3.7,-1.5,8.9,5.3,0.8,0.3,4.5,1.5,0.0,0.0,0.0,2.25,0.75,3.0,1.3333333333333333,2.79,4.2,0.0
23,0,Ben Simmons,0.0,PHI,DAL,3.0,222.5,109.8,27,35.3,49.5,77.3,PG/SF,8500,1,22.0,19.0,101,107,-8%,14,14,11,38,39,36,49.8,43.1,32.6,53.5,37.0,43.3,5.1,45.0,5.29,45.3,37.0,5.3,45.15,5.295,37.666666666666664,13.0,44.83,54.03333333333333,44.350884955752214
23,1,Khris Middleton,0.0,MIL,POR,-7.0,230.0,118.5,14,27.3,37.0,51.8,SG/SF,7500,0,26.0,20.0,104,109,8%,14,15,15,31,31,29,37.0,34.9,26.8,42.9,28.1,40.0,5.3,36.3,4.83,35.9,30.5,4.8,36.099999999999994,4.8149999999999995,30.333333333333332,14.666666666666666,35.540000000000006,38.699999999999996,36.29835164835164
23,2,Daniel Theis,0.0,BOS,NO,-11.0,223.5,117.3,30,14.5,23.2,29.5,PF/C,4500,1,14.0,16.0,105,110,5%,8,8,6,24,24,23,23.1,21.8,15.0,28.7,14.9,18.0,4.0,22.0,4.89,21.9,23.0,4.9,21.95,4.895,23.666666666666668,7.333333333333333,22.110000000000003,22.400000000000002,21.33169014084507
23,3,Cedi Osman,0.0,CLE,DEN,12.5,216.5,102.0,5,11.5,21.2,29.0,SF/PF,4300,1,16.0,11.0,100,105,-10%,13,11,9,38,34,29,21.2,20.4,12.4,28.5,35.2,33.0,7.7,23.8,5.52,23.3,34.5,5.4,23.55,5.46,33.666666666666664,11.0,21.21,20.566666666666666,24.13292079207921
23,4,Brad Wanamaker,0.0,BOS,NO,-11.0,223.5,117.3,25,4.8,12.2,18.5,PG/SG,3000,1,17.0,13.0,105,110,5%,5,5,5,18,20,20,12.2,15.9,10.1,21.8,16.1,13.3,4.4,11.5,3.83,9.4,11.5,3.1,10.45,3.465,19.333333333333332,5.0,14.09,11.833333333333334,6.215948275862069
23,5,Nassir Little,0.0,POR,MIL,7.0,230.0,111.5,15,1.8,5.1,13.3,SF/PF,3000,1,14.0,9.0,107,100,3%,4,2,3,8,6,13,5.0,8.8,0.5,17.2,13.5,9.0,3.0,2.3,0.75,10.3,13.0,3.4,6.300000000000001,2.075,9.0,3.0,7.56,6.733333333333333,9.100000000000001
23,6,Thon Maker,0.0,DET,CHI,-4.0,215.5,109.8,2,3.0,11.8,23.5,PF/C,3800,1,14.0,12.0,103,105,10%,5,4,2,18,13,11,11.8,8.6,2.0,15.3,10.6,14.0,3.7,5.5,1.45,0.0,0.0,0.0,2.75,0.725,14.0,3.6666666666666665,8.09,12.766666666666666,0.0
23,7,Christian Wood,0.0,DET,CHI,-4.0,215.5,109.8,2,7.5,17.3,23.0,PF/C,4100,1,20.0,21.0,103,105,10%,6,6,6,14,20,17,17.3,18.5,7.2,29.8,26.2,47.5,11.6,19.3,4.7,13.4,12.0,3.3,16.35,4.0,17.0,6.0,17.830000000000002,15.933333333333332,11.541176470588237
25,0,Rajon Rondo,0.0,LAL,OKC,7.5,213.5,103.0,14,1.0,14.3,26.3,PG,3800,0,21.0,13.0,101,105,-1%,8,5,7,24,20,21,14.3,20.8,11.1,30.5,32.9,51.0,13.4,27.5,7.24,31.3,30.5,8.2,29.4,7.72,21.666666666666668,6.666666666666667,21.22,13.866666666666667,41.38615384615384
25,1,Terrance Ferguson,0.0,OKC,LAL,-7.5,213.5,110.5,5,9.0,11.9,16.8,SG/SF,3300,1,9.0,4.0,103,102,-1%,6,6,5,31,28,27,11.8,11.1,5.3,16.8,23.7,8.3,2.5,11.5,3.48,12.0,26.5,3.6,11.75,3.54,28.666666666666668,5.666666666666667,11.35,12.566666666666668,10.861918604651162
25,2,Mike Scott,0.0,PHI,DAL,3.0,222.5,109.8,22,6.5,10.0,14.0,SF/PF,4000,1,13.0,10.0,101,107,0%,6,6,5,23,19,19,10.0,12.2,5.7,18.7,23.4,21.0,5.3,17.5,4.38,17.7,24.5,4.4,17.6,4.390000000000001,20.333333333333332,5.666666666666667,12.84,10.166666666666666,21.206557377049183
25,3,Danilo Gallinari,0.0,OKC,LAL,-7.5,213.5,110.5,3,23.3,33.2,47.8,SF/PF,6200,1,23.0,19.0,103,102,-4%,12,15,13,29,29,31,33.1,31.3,23.8,38.9,31.6,32.5,5.2,30.3,4.88,32.4,30.5,5.2,31.35,5.04,29.666666666666668,13.333333333333334,31.690000000000005,34.766666666666666,32.23061797752809
25,4,Pat Connaughton,0.0,MIL,POR,-7.0,230.0,118.5,14,9.5,16.6,26.3,SG/SF,3500,0,13.0,12.0,104,109,-3%,6,6,5,26,25,19,16.6,15.3,8.2,22.5,18.8,12.5,3.6,16.5,4.71,12.6,15.5,3.6,14.55,4.155,23.333333333333332,5.666666666666667,15.430000000000001,17.46666666666667,9.665357142857145
25,5,Will Barton,0.0,DEN,CLE,-12.5,216.5,114.5,23,15.3,34.4,49.8,PG/SF,7100,2,20.0,17.0,101,113,11%,14,14,13,34,34,34,35.2,33.2,23.2,43.2,38.4,39.8,5.6,34.5,4.86,33.8,33.0,4.8,34.15,4.83,34.0,13.666666666666666,33.790000000000006,33.166666666666664,33.14558823529412
25,6,Nikola Jokic,0.0,DEN,CLE,-12.5,216.5,114.5,28,29.8,45.5,72.5,C,9700,2,28.0,25.0,101,113,3%,23,17,15,34,31,31,45.5,44.8,31.8,57.7,33.6,43.5,4.5,51.5,5.31,51.2,32.5,5.3,51.35,5.305,32.0,18.333333333333332,46.230000000000004,49.26666666666667,52.15234375
25,7,Matisse Thybulle,0.0,PHI,DAL,3.0,222.5,109.8,1,2.0,9.1,14.0,SG/SF,3000,1,13.0,11.0,101,107,-8%,5,3,4,17,16,18,9.1,12.3,2.9,21.6,19.7,9.8,3.3,14.3,4.75,14.0,19.0,4.7,14.15,4.725,17.0,4.0,12.01,8.366666666666667,15.814705882352943
27,0,Kris Dunn,0.0,CHI,DET,4.0,215.5,105.8,9,11.0,24.5,41.0,PG/SF,5300,0,16.0,12.0,101,110,4%,9,8,7,30,31,25,24.5,21.2,12.6,29.9,33.0,24.0,4.5,25.5,4.81,24.8,30.0,4.7,25.15,4.755,28.666666666666668,8.0,22.669999999999998,25.5,26.319767441860463
27,1,Zach LaVine,0.0,CHI,DET,4.0,215.5,105.8,9,42.0,49.6,56.5,PG/SG,8300,0,31.0,19.0,101,110,4%,24,23,19,37,38,34,49.6,39.5,27.8,51.1,35.8,44.5,5.4,42.3,5.09,43.0,37.0,5.2,42.65,5.145,36.333333333333336,22.0,42.13,49.36666666666667,43.43256880733944
27,2,Jared Dudley,0.0,LAL,OKC,7.5,213.5,103.0,11,-0.5,3.6,12.5,SF/PF,3000,0,0.0,0.0,101,105,0%,2,1,1,12,6,8,3.6,4.6,-0.6,9.7,9.8,1.3,0.4,12.3,4.08,11.8,18.5,3.9,12.05,3.99,8.666666666666666,1.3333333333333333,5.869999999999999,5.2,25.72211538461539
27,3,Jayson Tatum,0.0,BOS,NO,-11.0,223.5,117.3,12,25.8,33.5,47.3,SF/PF,8000,1,27.0,17.0,105,110,5%,15,16,18,34,34,35,33.9,37.9,27.6,48.2,30.4,63.5,7.9,40.8,5.09,39.5,34.5,4.9,40.15,4.995,34.333333333333336,16.333333333333332,37.55,35.53333333333333,40.34490291262136
27,4,Seth Curry,0.0,DAL,PHI,-3.0,222.5,112.8,19,12.0,20.5,33.0,PG/SG,4000,0,18.0,13.0,102,103,-4%,12,11,8,28,27,23,20.4,17.4,6.5,28.3,20.6,15.5,3.9,19.3,4.81,19.5,25.0,4.9,19.4,4.855,26.0,10.333333333333334,18.4,21.833333333333332,18.65384615384615
27,5,Justin Jackson,0.0,DAL,PHI,-3.0,222.5,112.8,10,3.0,12.9,19.3,SF/PF,3000,0,17.0,11.0,102,103,-3%,4,7,6,17,21,16,12.8,11.3,4.5,18.1,16.2,11.5,3.8,14.0,4.67,12.3,16.5,4.1,13.15,4.385,18.0,5.666666666666667,11.97,11.733333333333334,12.054166666666667
27,6,Brook Lopez,0.0,MIL,POR,-7.0,230.0,118.5,19,12.8,24.3,33.0,C,5400,0,16.0,14.0,104,109,7%,10,9,9,24,25,27,24.3,25.6,16.3,34.9,26.4,15.3,2.8,26.0,4.81,24.3,25.5,4.5,25.15,4.654999999999999,25.333333333333332,9.333333333333334,25.25,23.366666666666664,25.31546052631579
27,7,George Hill,0.0,MIL,POR,-7.0,230.0,118.5,10,9.3,19.6,27.8,PG/SG,4200,0,17.0,19.0,104,109,6%,8,6,7,22,22,22,19.6,21.0,13.8,28.1,17.7,14.5,3.5,17.3,4.11,18.5,20.5,4.4,17.9,4.255000000000001,22.0,7.0,20.080000000000002,18.900000000000002,16.679545454545455
28,0,Trey Burke,0.0,PHI,DAL,3.0,222.5,109.8,27,6.8,14.9,21.3,PG/SG,3000,1,20.0,17.0,101,107,-8%,5,7,6,14,16,15,14.9,14.3,4.4,24.1,10.4,9.0,3.0,14.3,4.75,12.9,13.0,4.3,13.600000000000001,4.525,15.0,6.0,14.260000000000002,14.333333333333334,11.786666666666667
28,1,Svi Mykhailiuk,0.0,DET,CHI,-4.0,215.5,109.8,27,5.5,19.4,24.8,SG/SF,4000,1,16.0,10.0,103,105,2%,8,9,6,32,31,20,19.4,12.8,4.8,20.8,27.8,22.5,5.6,19.3,4.81,20.5,29.5,5.1,19.9,4.955,27.666666666666668,7.666666666666667,15.539999999999997,16.566666666666666,21.218674698795176
28,2,Jerami Grant,0.0,DEN,CLE,-12.5,216.5,114.5,8,7.5,15.1,34.0,PF/C,4900,2,17.0,13.0,101,113,0%,6,5,8,28,22,23,14.4,17.5,10.2,24.9,27.0,16.0,3.3,23.3,4.74,25.0,30.5,5.1,24.15,4.92,24.333333333333332,6.333333333333333,18.23,18.866666666666667,30.270205479452052
28,3,Kyle Kuzma,0.0,LAL,OKC,7.5,213.5,103.0,11,11.0,23.8,37.5,SF/PF,5400,0,22.0,11.0,101,105,-13%,17,13,11,27,24,24,23.8,20.4,11.3,29.5,39.7,46.3,8.6,26.5,4.91,33.0,35.0,6.1,29.75,5.505,25.0,13.666666666666666,22.95,24.099999999999998,41.65
28,4,Terrance Ferguson,0.0,OKC,LAL,-7.5,213.5,110.5,5,9.0,11.9,16.8,SG/SF,3300,1,9.0,4.0,103,102,-1%,6,6,5,31,28,27,11.8,11.1,5.3,16.8,23.7,8.3,2.5,11.5,3.48,12.0,26.5,3.6,11.75,3.54,28.666666666666668,5.666666666666667,11.35,12.566666666666668,10.861918604651162
28,5,Christian Wood,0.0,DET,CHI,-4.0,215.5,109.8,2,7.5,17.3,23.0,PF/C,4100,1,20.0,21.0,103,105,10%,6,6,6,14,20,17,17.3,18.5,7.2,29.8,26.2,47.5,11.6,19.3,4.7,13.4,12.0,3.3,16.35,4.0,17.0,6.0,17.830000000000002,15.933333333333332,11.541176470588237
28,6,Andre Drummond,0.0,DET,CHI,-4.0,215.5,109.8,25,32.5,50.4,62.3,C,10100,1,24.0,22.0,103,105,10%,18,15,14,44,37,34,50.4,49.1,36.9,61.4,19.4,19.0,1.9,56.0,5.54,60.2,36.0,6.0,58.1,5.77,38.333333333333336,15.666666666666666,51.18,48.4,54.563478260869566
28,7,Ben Simmons,0.0,PHI,DAL,3.0,222.5,109.8,27,35.3,49.5,77.3,PG/SF,8500,1,22.0,19.0,101,107,-8%,14,14,11,38,39,36,49.8,43.1,32.6,53.5,37.0,43.3,5.1,45.0,5.29,45.3,37.0,5.3,45.15,5.295,37.666666666666664,13.0,44.83,54.03333333333333,44.350884955752214
30,0,Luka Doncic,0.0,DAL,PHI,-3.0,222.5,112.8,19,47.0,62.0,76.0,PG/SF,12400,0,39.0,31.0,102,103,-8%,22,23,21,35,36,34,62.5,60.5,46.5,74.5,33.0,46.5,3.8,60.8,4.9,62.1,34.5,5.0,61.45,4.95,35.0,22.0,61.089999999999996,61.666666666666664,60.57214285714286
30,1,Pat Connaughton,0.0,MIL,POR,-7.0,230.0,118.5,14,9.5,16.6,26.3,SG/SF,3500,0,13.0,12.0,104,109,-3%,6,6,5,26,25,19,16.6,15.3,8.2,22.5,18.8,12.5,3.6,16.5,4.71,12.6,15.5,3.6,14.55,4.155,23.333333333333332,5.666666666666667,15.430000000000001,17.46666666666667,9.665357142857145
30,2,Semi Ojeleye,0.0,BOS,NO,-11.0,223.5,117.3,12,0.0,5.0,11.8,SF/PF,3000,1,8.0,6.0,105,110,5%,3,2,2,13,12,15,5.0,6.5,1.1,11.8,12.0,9.3,3.1,4.5,1.5,0.0,0.0,0.0,2.25,0.75,13.333333333333334,2.3333333333333335,5.33,5.6000000000000005,0.0
30,3,Matisse Thybulle,0.0,PHI,DAL,3.0,222.5,109.8,1,2.0,9.1,14.0,SG/SF,3000,1,13.0,11.0,101,107,-8%,5,3,4,17,16,18,9.1,12.3,2.9,21.6,19.7,9.8,3.3,14.3,4.75,14.0,19.0,4.7,14.15,4.725,17.0,4.0,12.01,8.366666666666667,15.814705882352943
30,4,Rajon Rondo,0.0,LAL,OKC,7.5,213.5,103.0,14,1.0,14.3,26.3,PG,3800,0,21.0,13.0,101,105,-1%,8,5,7,24,20,21,14.3,20.8,11.1,30.5,32.9,51.0,13.4,27.5,7.24,31.3,30.5,8.2,29.4,7.72,21.666666666666668,6.666666666666667,21.22,13.866666666666667,41.38615384615384
30,5,Al Horford,0.0,PHI,DAL,3.0,222.5,109.8,23,14.0,22.9,42.0,PF/C,6700,1,19.0,16.0,101,107,0%,11,9,11,33,31,31,22.9,30.4,21.4,39.5,32.9,38.0,5.7,36.3,5.41,36.4,32.5,5.4,36.349999999999994,5.405,31.666666666666668,10.333333333333334,30.109999999999996,26.3,37.306578947368415
30,6,Christian Wood,0.0,DET,CHI,-4.0,215.5,109.8,2,7.5,17.3,23.0,PF/C,4100,1,20.0,21.0,103,105,10%,6,6,6,14,20,17,17.3,18.5,7.2,29.8,26.2,47.5,11.6,19.3,4.7,13.4,12.0,3.3,16.35,4.0,17.0,6.0,17.830000000000002,15.933333333333332,11.541176470588237
30,7,Delon Wright,0.0,DAL,PHI,-3.0,222.5,112.8,19,1.5,16.5,25.5,PG/SG,4900,0,16.0,19.0,102,103,-8%,6,6,6,29,25,22,18.8,21.2,12.0,30.4,22.5,17.0,3.5,23.5,4.8,23.1,24.5,4.7,23.3,4.75,25.333333333333332,6.0,21.14,14.5,22.53355263157895
31,0,Shai Gilgeous-Alexander,0.0,OKC,LAL,-7.5,213.5,110.5,21,28.3,34.1,47.8,PG/SG,6600,1,24.0,17.0,103,102,-1%,17,16,16,35,35,36,34.1,33.9,24.1,43.7,34.9,38.0,5.8,32.3,4.89,35.2,36.0,5.3,33.75,5.095,35.333333333333336,16.333333333333332,33.910000000000004,36.733333333333334,34.386792452830186
31,1,George Hill,0.0,MIL,POR,-7.0,230.0,118.5,10,9.3,19.6,27.8,PG/SG,4200,0,17.0,19.0,104,109,6%,8,6,7,22,22,22,19.6,21.0,13.8,28.1,17.7,14.5,3.5,17.3,4.11,18.5,20.5,4.4,17.9,4.255000000000001,22.0,7.0,20.080000000000002,18.900000000000002,16.679545454545455
31,2,Grant Williams,0.0,BOS,NO,-11.0,223.5,117.3,30,4.0,11.7,20.0,PF,3000,1,12.0,6.0,105,110,5%,2,3,3,12,17,15,11.7,9.1,2.6,15.6,13.4,1.8,0.6,9.5,3.17,8.7,12.5,2.9,9.1,3.035,14.666666666666666,2.6666666666666665,9.620000000000001,11.9,7.755681818181818
31,3,Brandon Ingram,0.0,NO,BOS,11.0,223.5,106.3,2,32.3,47.0,61.5,SF/PF,8400,0,29.0,22.0,102,103,-2%,19,21,19,38,36,35,47.0,44.6,35.9,53.3,31.0,30.3,3.6,45.5,5.42,45.4,37.5,5.4,45.45,5.41,36.333333333333336,19.666666666666668,45.25,46.93333333333334,46.90940366972477
31,4,Rajon Rondo,0.0,LAL,OKC,7.5,213.5,103.0,14,1.0,14.3,26.3,PG,3800,0,21.0,13.0,101,105,-1%,8,5,7,24,20,21,14.3,20.8,11.1,30.5,32.9,51.0,13.4,27.5,7.24,31.3,30.5,8.2,29.4,7.72,21.666666666666668,6.666666666666667,21.22,13.866666666666667,41.38615384615384
31,5,Nassir Little,0.0,POR,MIL,7.0,230.0,111.5,15,1.8,5.1,13.3,SF/PF,3000,1,14.0,9.0,107,100,3%,4,2,3,8,6,13,5.0,8.8,0.5,17.2,13.5,9.0,3.0,2.3,0.75,10.3,13.0,3.4,6.300000000000001,2.075,9.0,3.0,7.56,6.733333333333333,9.100000000000001
31,6,Daniel Gafford,0.0,CHI,DET,4.0,215.5,105.8,24,10.0,15.0,27.0,C,4400,0,13.0,18.0,101,110,7%,2,3,3,22,19,13,15.0,10.8,2.2,19.3,22.9,28.3,6.4,22.8,5.17,22.8,26.0,5.2,22.8,5.1850000000000005,18.0,2.6666666666666665,14.020000000000001,17.333333333333332,32.93333333333333
31,7,James Ennis III,0.0,PHI,DAL,3.0,222.5,109.8,22,4.5,11.5,19.5,SF/PF,3400,1,15.0,13.0,101,107,-1%,6,5,5,19,20,18,11.8,14.2,7.1,21.3,12.2,8.5,2.5,15.0,4.41,14.6,17.0,4.3,14.8,4.355,19.0,5.333333333333333,13.84,11.833333333333334,13.242105263157896
32,0,Frank Jackson,0.0,NO,BOS,11.0,223.5,106.3,29,0.0,2.6,6.8,PG/SG,3000,0,22.0,7.0,102,103,-7%,2,2,5,3,6,12,2.5,8.5,-0.2,17.2,32.5,28.0,9.3,12.3,4.08,10.4,15.0,3.5,11.350000000000001,3.79,7.0,3.0,7.87,3.1333333333333333,24.321428571428577
32,1,Josh Richardson,0.0,PHI,DAL,3.0,222.5,109.8,1,20.5,32.3,42.8,SG/SF,6400,1,22.0,14.0,101,107,-1%,17,13,13,35,36,33,32.3,29.4,21.0,37.7,34.2,18.0,2.8,31.3,4.88,33.0,35.0,5.2,32.15,5.04,34.666666666666664,14.333333333333334,30.51,31.866666666666664,32.45913461538461
32,2,Daniel Theis,0.0,BOS,NO,-11.0,223.5,117.3,30,14.5,23.2,29.5,PF/C,4500,1,14.0,16.0,105,110,5%,8,8,6,24,24,23,23.1,21.8,15.0,28.7,14.9,18.0,4.0,22.0,4.89,21.9,23.0,4.9,21.95,4.895,23.666666666666668,7.333333333333333,22.110000000000003,22.400000000000002,21.33169014084507
32,3,Mike Scott,0.0,PHI,DAL,3.0,222.5,109.8,22,6.5,10.0,14.0,SF/PF,4000,1,13.0,10.0,101,107,0%,6,6,5,23,19,19,10.0,12.2,5.7,18.7,23.4,21.0,5.3,17.5,4.38,17.7,24.5,4.4,17.6,4.390000000000001,20.333333333333332,5.666666666666667,12.84,10.166666666666666,21.206557377049183
32,4,Troy Daniels,0.0,LAL,OKC,7.5,213.5,103.0,10,0.0,1.7,3.5,SG,3000,0,15.0,8.0,101,105,-10%,1,1,4,5,5,12,1.7,6.6,1.0,12.3,21.4,20.5,6.8,6.8,2.25,11.3,17.0,3.8,9.05,3.025,7.333333333333333,2.0,6.130000000000001,1.7333333333333334,20.979545454545455
32,5,Grant Williams,0.0,BOS,NO,-11.0,223.5,117.3,30,4.0,11.7,20.0,PF,3000,1,12.0,6.0,105,110,5%,2,3,3,12,17,15,11.7,9.1,2.6,15.6,13.4,1.8,0.6,9.5,3.17,8.7,12.5,2.9,9.1,3.035,14.666666666666666,2.6666666666666665,9.620000000000001,11.9,7.755681818181818
32,6,Anthony Tolliver,0.0,POR,MIL,7.0,230.0,111.5,27,3.5,7.8,12.5,PF/C,3000,1,11.0,6.0,107,100,3%,3,2,3,16,17,16,7.8,9.4,2.4,16.3,27.6,24.3,8.1,12.8,4.25,19.7,29.0,6.6,16.25,5.425,16.333333333333332,2.6666666666666665,10.43,7.933333333333334,28.852040816326532
32,7,Enes Kanter,0.0,BOS,NO,-11.0,223.5,117.3,4,11.8,25.9,38.0,C,5600,1,20.0,24.0,105,110,0%,5,8,7,17,20,20,25.9,25.2,16.3,34.1,23.1,48.3,8.6,24.5,4.38,25.0,20.5,4.5,24.75,4.4399999999999995,19.0,6.666666666666667,25.249999999999996,25.233333333333334,26.70394736842105
35,0,Kris Dunn,0.0,CHI,DET,4.0,215.5,105.8,9,11.0,24.5,41.0,PG/SF,5300,0,16.0,12.0,101,110,4%,9,8,7,30,31,25,24.5,21.2,12.6,29.9,33.0,24.0,4.5,25.5,4.81,24.8,30.0,4.7,25.15,4.755,28.666666666666668,8.0,22.669999999999998,25.5,26.319767441860463
35,1,Trey Burke,0.0,PHI,DAL,3.0,222.5,109.8,27,6.8,14.9,21.3,PG/SG,3000,1,20.0,17.0,101,107,-8%,5,7,6,14,16,15,14.9,14.3,4.4,24.1,10.4,9.0,3.0,14.3,4.75,12.9,13.0,4.3,13.600000000000001,4.525,15.0,6.0,14.260000000000002,14.333333333333334,11.786666666666667
35,2,Jaylen Hoard,0.0,POR,MIL,7.0,230.0,111.5,15,0.0,5.5,16.5,SF/PF,3000,1,0.0,0.0,107,100,3%,4,2,2,9,5,5,5.5,4.8,-0.5,10.0,16.7,13.3,4.4,5.5,1.83,0.0,0.0,0.0,2.75,0.915,6.333333333333333,2.6666666666666665,4.51,7.333333333333333,0.0
35,3,Gordon Hayward,0.0,BOS,NO,-11.0,223.5,117.3,12,12.5,28.5,36.3,SF/PF,6500,1,21.0,19.0,105,110,5%,13,14,13,33,35,33,28.5,33.2,21.8,44.5,28.2,34.3,5.3,34.8,5.35,34.1,33.0,5.2,34.45,5.275,33.666666666666664,13.333333333333334,32.489999999999995,25.766666666666666,33.767821782178224
35,4,Gary Trent Jr.,0.0,POR,MIL,7.0,230.0,111.5,28,5.5,10.0,24.5,SG,3100,1,14.0,10.0,107,100,-4%,6,6,4,19,18,13,10.0,7.9,1.3,14.6,17.4,8.8,2.8,13.3,4.27,11.1,16.5,3.6,12.2,3.9349999999999996,16.666666666666668,5.333333333333333,9.2,13.333333333333334,12.077999999999998
35,5,Tony Snell,0.0,DET,CHI,-4.0,215.5,109.8,29,2.8,15.4,28.0,SF/PF,4200,1,12.0,10.0,103,105,-3%,10,7,7,33,28,27,16.5,15.1,8.4,21.7,30.7,15.8,3.8,17.0,4.05,16.1,27.5,3.8,16.55,3.925,29.333333333333332,8.0,15.65,15.4,15.515625
35,6,Daniel Gafford,0.0,CHI,DET,4.0,215.5,105.8,24,10.0,15.0,27.0,C,4400,0,13.0,18.0,101,110,7%,2,3,3,22,19,13,15.0,10.8,2.2,19.3,22.9,28.3,6.4,22.8,5.17,22.8,26.0,5.2,22.8,5.1850000000000005,18.0,2.6666666666666665,14.020000000000001,17.333333333333332,32.93333333333333
35,7,Nikola Jokic,0.0,DEN,CLE,-12.5,216.5,114.5,28,29.8,45.5,72.5,C,9700,2,28.0,25.0,101,113,3%,23,17,15,34,31,31,45.5,44.8,31.8,57.7,33.6,43.5,4.5,51.5,5.31,51.2,32.5,5.3,51.35,5.305,32.0,18.333333333333332,46.230000000000004,49.26666666666667,52.15234375
36,0,Brad Wanamaker,0.0,BOS,NO,-11.0,223.5,117.3,25,4.8,12.2,18.5,PG/SG,3000,1,17.0,13.0,105,110,5%,5,5,5,18,20,20,12.2,15.9,10.1,21.8,16.1,13.3,4.4,11.5,3.83,9.4,11.5,3.1,10.45,3.465,19.333333333333332,5.0,14.09,11.833333333333334,6.215948275862069
36,1,Trey Burke,0.0,PHI,DAL,3.0,222.5,109.8,27,6.8,14.9,21.3,PG/SG,3000,1,20.0,17.0,101,107,-8%,5,7,6,14,16,15,14.9,14.3,4.4,24.1,10.4,9.0,3.0,14.3,4.75,12.9,13.0,4.3,13.600000000000001,4.525,15.0,6.0,14.260000000000002,14.333333333333334,11.786666666666667
36,2,Jayson Tatum,0.0,BOS,NO,-11.0,223.5,117.3,12,25.8,33.5,47.3,SF/PF,8000,1,27.0,17.0,105,110,5%,15,16,18,34,34,35,33.9,37.9,27.6,48.2,30.4,63.5,7.9,40.8,5.09,39.5,34.5,4.9,40.15,4.995,34.333333333333336,16.333333333333332,37.55,35.53333333333333,40.34490291262136
36,3,Furkan Korkmaz,0.0,PHI,DAL,3.0,222.5,109.8,1,11.8,13.1,14.5,SG/SF,3100,1,16.0,11.0,101,107,-3%,6,6,7,17,17,20,13.1,14.1,6.4,21.9,15.8,8.3,2.7,14.5,4.68,11.8,15.0,3.8,13.15,4.24,18.0,6.333333333333333,13.729999999999999,13.133333333333333,10.958333333333334
36,4,Deonte Burton,0.0,OKC,LAL,-7.5,213.5,110.5,5,-0.5,4.4,16.8,SG/SF,3000,1,0.0,0.0,103,102,-2%,5,2,3,10,6,8,4.0,5.2,-0.3,10.7,1.7,2.0,0.7,12.3,4.08,0.0,0.0,0.0,6.15,2.04,8.0,3.3333333333333335,5.15,6.900000000000001,0.0
36,5,Al Horford,0.0,PHI,DAL,3.0,222.5,109.8,23,14.0,22.9,42.0,PF/C,6700,1,19.0,16.0,101,107,0%,11,9,11,33,31,31,22.9,30.4,21.4,39.5,32.9,38.0,5.7,36.3,5.41,36.4,32.5,5.4,36.349999999999994,5.405,31.666666666666668,10.333333333333334,30.109999999999996,26.3,37.306578947368415
36,6,Nikola Jokic,0.0,DEN,CLE,-12.5,216.5,114.5,28,29.8,45.5,72.5,C,9700,2,28.0,25.0,101,113,3%,23,17,15,34,31,31,45.5,44.8,31.8,57.7,33.6,43.5,4.5,51.5,5.31,51.2,32.5,5.3,51.35,5.305,32.0,18.333333333333332,46.230000000000004,49.26666666666667,52.15234375
36,7,Thon Maker,0.0,DET,CHI,-4.0,215.5,109.8,2,3.0,11.8,23.5,PF/C,3800,1,14.0,12.0,103,105,10%,5,4,2,18,13,11,11.8,8.6,2.0,15.3,10.6,14.0,3.7,5.5,1.45,0.0,0.0,0.0,2.75,0.725,14.0,3.6666666666666665,8.09,12.766666666666666,0.0
37,0,Nickeil Alexander-Walker,0.0,NO,BOS,11.0,223.5,106.3,29,0.0,12.7,25.0,PG/SG,3100,0,24.0,9.0,102,103,-7%,8,5,6,22,13,13,12.7,12.4,1.9,22.9,22.6,15.3,4.9,21.8,7.02,20.6,24.0,6.6,21.200000000000003,6.81,16.0,6.333333333333333,14.219999999999999,12.566666666666668,31.800000000000004
37,1,Collin Sexton,0.0,CLE,DEN,12.5,216.5,102.0,24,27.3,32.0,40.3,PG/SG,5700,1,27.0,15.0,100,105,-5%,19,19,16,37,36,31,31.9,27.7,21.0,34.4,34.3,31.8,5.6,28.3,4.96,29.2,34.5,5.1,28.75,5.029999999999999,34.666666666666664,18.0,28.75,33.199999999999996,28.611778846153847
37,2,Gordon Hayward,0.0,BOS,NO,-11.0,223.5,117.3,12,12.5,28.5,36.3,SF/PF,6500,1,21.0,19.0,105,110,5%,13,14,13,33,35,33,28.5,33.2,21.8,44.5,28.2,34.3,5.3,34.8,5.35,34.1,33.0,5.2,34.45,5.275,33.666666666666664,13.333333333333334,32.489999999999995,25.766666666666666,33.767821782178224
37,3,Jaylen Brown,0.0,BOS,NO,-11.0,223.5,117.3,13,16.8,30.8,42.5,SG/SF,6900,1,24.0,18.0,105,110,0%,13,15,15,31,33,34,30.8,35.6,25.8,45.5,30.5,22.5,3.3,35.0,5.07,35.5,34.0,5.1,35.25,5.085,32.666666666666664,14.333333333333334,34.59,30.03333333333333,36.68877551020408
37,4,Sterling Brown,0.0,MIL,POR,-7.0,230.0,118.5,14,-0.5,11.4,37.0,SG/SF,3000,0,16.0,9.0,104,109,-3%,4,4,5,10,11,17,11.3,14.1,5.1,23.1,12.5,10.5,3.5,6.5,2.17,10.1,14.0,3.4,8.3,2.785,12.666666666666666,4.333333333333333,12.38,15.966666666666667,9.173684210526316
37,5,Kentavious Caldwell-Pope,0.0,LAL,OKC,7.5,213.5,103.0,10,8.5,14.0,17.8,SG/SF,3700,0,15.0,12.0,101,105,-10%,7,7,8,21,24,26,14.3,17.6,11.5,23.8,28.4,17.3,4.7,21.0,5.68,23.2,31.0,6.3,22.1,5.99,23.666666666666668,7.333333333333333,17.860000000000003,13.433333333333332,28.94788732394366
37,6,Jahlil Okafor,0.0,NO,BOS,11.0,223.5,106.3,3,2.3,7.5,13.0,C,3000,0,19.0,17.0,102,103,-4%,2,3,5,7,9,16,7.5,16.2,6.5,25.9,13.9,16.0,5.3,15.5,5.17,16.6,17.5,5.5,16.05,5.335,10.666666666666666,3.3333333333333335,14.429999999999998,7.6000000000000005,26.332031250000004
37,7,Maxi Kleber,0.0,DAL,PHI,-3.0,222.5,112.8,4,12.0,24.5,36.0,PF/C,5200,0,14.0,14.0,102,103,-11%,6,8,7,23,28,25,24.4,19.8,11.7,27.9,30.7,30.5,5.9,19.5,3.75,22.4,27.0,4.3,20.95,4.025,25.333333333333332,7.0,20.95,24.166666666666668,22.32828947368421
38,0,Kemba Walker,0.0,BOS,NO,-11.0,223.5,117.3,25,14.8,33.2,46.5,PG,7600,1,29.0,22.0,105,110,5%,20,19,18,32,33,33,36.3,39.9,28.9,50.8,28.9,36.3,4.8,40.0,5.26,39.9,32.5,5.2,39.95,5.23,32.666666666666664,19.0,39.169999999999995,31.5,39.74617346938776
38,1,Seth Curry,0.0,DAL,PHI,-3.0,222.5,112.8,19,12.0,20.5,33.0,PG/SG,4000,0,18.0,13.0,102,103,-4%,12,11,8,28,27,23,20.4,17.4,6.5,28.3,20.6,15.5,3.9,19.3,4.81,19.5,25.0,4.9,19.4,4.855,26.0,10.333333333333334,18.4,21.833333333333332,18.65384615384615
38,2,Jayson Tatum,0.0,BOS,NO,-11.0,223.5,117.3,12,25.8,33.5,47.3,SF/PF,8000,1,27.0,17.0,105,110,5%,15,16,18,34,34,35,33.9,37.9,27.6,48.2,30.4,63.5,7.9,40.8,5.09,39.5,34.5,4.9,40.15,4.995,34.333333333333336,16.333333333333332,37.55,35.53333333333333,40.34490291262136
38,3,Matisse Thybulle,0.0,PHI,DAL,3.0,222.5,109.8,1,2.0,9.1,14.0,SG/SF,3000,1,13.0,11.0,101,107,-8%,5,3,4,17,16,18,9.1,12.3,2.9,21.6,19.7,9.8,3.3,14.3,4.75,14.0,19.0,4.7,14.15,4.725,17.0,4.0,12.01,8.366666666666667,15.814705882352943
38,4,Rajon Rondo,0.0,LAL,OKC,7.5,213.5,103.0,14,1.0,14.3,26.3,PG,3800,0,21.0,13.0,101,105,-1%,8,5,7,24,20,21,14.3,20.8,11.1,30.5,32.9,51.0,13.4,27.5,7.24,31.3,30.5,8.2,29.4,7.72,21.666666666666668,6.666666666666667,21.22,13.866666666666667,41.38615384615384
38,5,Kyle Kuzma,0.0,LAL,OKC,7.5,213.5,103.0,11,11.0,23.8,37.5,SF/PF,5400,0,22.0,11.0,101,105,-13%,17,13,11,27,24,24,23.8,20.4,11.3,29.5,39.7,46.3,8.6,26.5,4.91,33.0,35.0,6.1,29.75,5.505,25.0,13.666666666666666,22.95,24.099999999999998,41.65
38,6,Enes Kanter,0.0,BOS,NO,-11.0,223.5,117.3,4,11.8,25.9,38.0,C,5600,1,20.0,24.0,105,110,0%,5,8,7,17,20,20,25.9,25.2,16.3,34.1,23.1,48.3,8.6,24.5,4.38,25.0,20.5,4.5,24.75,4.4399999999999995,19.0,6.666666666666667,25.249999999999996,25.233333333333334,26.70394736842105
38,7,Jared Dudley,0.0,LAL,OKC,7.5,213.5,103.0,11,-0.5,3.6,12.5,SF/PF,3000,0,0.0,0.0,101,105,0%,2,1,1,12,6,8,3.6,4.6,-0.6,9.7,9.8,1.3,0.4,12.3,4.08,11.8,18.5,3.9,12.05,3.99,8.666666666666666,1.3333333333333333,5.869999999999999,5.2,25.72211538461539
40,0,Donte DiVincenzo,0.0,MIL,POR,-7.0,230.0,118.5,10,13.8,23.0,31.3,PG/SG,4600,0,17.0,14.0,104,109,-3%,11,8,8,24,25,24,22.9,22.3,14.5,30.0,23.7,23.3,5.1,19.3,4.18,19.6,22.5,4.3,19.450000000000003,4.24,24.333333333333332,9.0,21.830000000000002,22.7,17.984589041095894
40,1,Frank Jackson,0.0,NO,BOS,11.0,223.5,106.3,29,0.0,2.6,6.8,PG/SG,3000,0,22.0,7.0,102,103,-7%,2,2,5,3,6,12,2.5,8.5,-0.2,17.2,32.5,28.0,9.3,12.3,4.08,10.4,15.0,3.5,11.350000000000001,3.79,7.0,3.0,7.87,3.1333333333333333,24.321428571428577
40,2,Jayson Tatum,0.0,BOS,NO,-11.0,223.5,117.3,12,25.8,33.5,47.3,SF/PF,8000,1,27.0,17.0,105,110,5%,15,16,18,34,34,35,33.9,37.9,27.6,48.2,30.4,63.5,7.9,40.8,5.09,39.5,34.5,4.9,40.15,4.995,34.333333333333336,16.333333333333332,37.55,35.53333333333333,40.34490291262136
40,3,Dorian Finney-Smith,0.0,DAL,PHI,-3.0,222.5,112.8,10,21.5,25.3,32.0,SF/PF,4500,0,13.0,12.0,102,103,-3%,9,10,7,30,33,29,25.3,20.6,13.8,27.3,32.3,27.5,6.1,22.5,5.0,22.5,32.5,5.0,22.5,5.0,30.666666666666668,8.666666666666666,21.9,26.266666666666666,23.845108695652172
40,4,Alex Caruso,0.0,LAL,OKC,7.5,213.5,103.0,14,0.0,11.5,24.8,PG/SG,3100,0,14.0,10.0,101,105,-10%,4,6,5,20,20,20,15.6,13.6,6.7,20.5,16.1,18.3,5.9,14.0,4.52,17.4,22.5,5.6,15.7,5.06,20.0,5.0,14.420000000000002,12.1,17.662499999999998
40,5,Sekou Doumbouya,0.0,DET,CHI,-4.0,215.5,109.8,29,13.3,24.6,40.0,SF/PF,5300,1,0.0,0.0,103,105,10%,7,9,5,27,31,15,24.6,11.5,-1.6,24.6,28.7,16.8,3.2,25.0,4.72,24.3,28.5,4.6,24.65,4.66,24.333333333333332,7.0,16.75,25.96666666666667,28.870890410958904
40,6,Jaxson Hayes,0.0,NO,BOS,11.0,223.5,106.3,3,4.3,23.0,39.0,C,3800,0,14.0,18.0,102,103,-3%,9,5,5,27,20,21,22.9,19.9,11.1,28.6,26.1,27.5,7.2,26.5,6.97,25.6,29.0,6.7,26.05,6.835,22.666666666666668,6.333333333333333,21.71,22.099999999999998,33.328676470588235
40,7,Troy Daniels,0.0,LAL,OKC,7.5,213.5,103.0,10,0.0,1.7,3.5,SG,3000,0,15.0,8.0,101,105,-10%,1,1,4,5,5,12,1.7,6.6,1.0,12.3,21.4,20.5,6.8,6.8,2.25,11.3,17.0,3.8,9.05,3.025,7.333333333333333,2.0,6.130000000000001,1.7333333333333334,20.979545454545455
41,0,Zach LaVine,0.0,CHI,DET,4.0,215.5,105.8,9,42.0,49.6,56.5,PG/SG,8300,0,31.0,19.0,101,110,4%,24,23,19,37,38,34,49.6,39.5,27.8,51.1,35.8,44.5,5.4,42.3,5.09,43.0,37.0,5.2,42.65,5.145,36.333333333333336,22.0,42.13,49.36666666666667,43.43256880733944
41,1,Kent Bazemore,0.0,POR,MIL,7.0,230.0,111.5,28,8.3,15.2,18.8,SG/SF,3800,1,16.0,7.0,107,100,-4%,9,9,8,28,31,26,15.2,18.3,11.0,25.6,29.0,22.0,5.8,23.8,6.25,21.1,29.0,5.6,22.450000000000003,5.925,28.333333333333332,8.666666666666666,18.509999999999998,14.1,22.97823529411765
41,2,Christian Wood,0.0,DET,CHI,-4.0,215.5,109.8,2,7.5,17.3,23.0,PF/C,4100,1,20.0,21.0,103,105,10%,6,6,6,14,20,17,17.3,18.5,7.2,29.8,26.2,47.5,11.6,19.3,4.7,13.4,12.0,3.3,16.35,4.0,17.0,6.0,17.830000000000002,15.933333333333332,11.541176470588237
41,3,Ben Simmons,0.0,PHI,DAL,3.0,222.5,109.8,27,35.3,49.5,77.3,PG/SF,8500,1,22.0,19.0,101,107,-8%,14,14,11,38,39,36,49.8,43.1,32.6,53.5,37.0,43.3,5.1,45.0,5.29,45.3,37.0,5.3,45.15,5.295,37.666666666666664,13.0,44.83,54.03333333333333,44.350884955752214
41,4,Langston Galloway,0.0,DET,CHI,-4.0,215.5,109.8,5,3.5,16.1,30.8,PG/SG,3400,1,16.0,13.0,103,105,-3%,7,7,8,19,21,26,16.1,17.9,10.7,25.2,19.6,8.0,2.4,15.8,4.63,13.6,19.5,4.0,14.7,4.3149999999999995,22.0,7.333333333333333,16.92,16.8,13.029545454545453
41,5,Jaylen Brown,0.0,BOS,NO,-11.0,223.5,117.3,13,16.8,30.8,42.5,SG/SF,6900,1,24.0,18.0,105,110,0%,13,15,15,31,33,34,30.8,35.6,25.8,45.5,30.5,22.5,3.3,35.0,5.07,35.5,34.0,5.1,35.25,5.085,32.666666666666664,14.333333333333334,34.59,30.03333333333333,36.68877551020408
41,6,Thon Maker,0.0,DET,CHI,-4.0,215.5,109.8,2,3.0,11.8,23.5,PF/C,3800,1,14.0,12.0,103,105,10%,5,4,2,18,13,11,11.8,8.6,2.0,15.3,10.6,14.0,3.7,5.5,1.45,0.0,0.0,0.0,2.75,0.725,14.0,3.6666666666666665,8.09,12.766666666666666,0.0
41,7,Maxi Kleber,0.0,DAL,PHI,-3.0,222.5,112.8,4,12.0,24.5,36.0,PF/C,5200,0,14.0,14.0,102,103,-11%,6,8,7,23,28,25,24.4,19.8,11.7,27.9,30.7,30.5,5.9,19.5,3.75,22.4,27.0,4.3,20.95,4.025,25.333333333333332,7.0,20.95,24.166666666666668,22.32828947368421
42,0,CJ McCollum,0.0,POR,MIL,7.0,230.0,111.5,15,20.5,31.3,40.0,PG/SG,6500,1,26.0,17.0,107,100,-4%,19,18,20,35,36,37,32.5,36.7,25.4,48.0,34.3,36.3,5.6,36.3,5.58,36.9,36.0,5.7,36.599999999999994,5.640000000000001,36.0,19.0,35.839999999999996,30.599999999999998,36.599999999999994
42,1,Troy Daniels,0.0,LAL,OKC,7.5,213.5,103.0,10,0.0,1.7,3.5,SG,3000,0,15.0,8.0,101,105,-10%,1,1,4,5,5,12,1.7,6.6,1.0,12.3,21.4,20.5,6.8,6.8,2.25,11.3,17.0,3.8,9.05,3.025,7.333333333333333,2.0,6.130000000000001,1.7333333333333334,20.979545454545455
42,2,Grant Williams,0.0,BOS,NO,-11.0,223.5,117.3,30,4.0,11.7,20.0,PF,3000,1,12.0,6.0,105,110,5%,2,3,3,12,17,15,11.7,9.1,2.6,15.6,13.4,1.8,0.6,9.5,3.17,8.7,12.5,2.9,9.1,3.035,14.666666666666666,2.6666666666666665,9.620000000000001,11.9,7.755681818181818
42,3,James Ennis III,0.0,PHI,DAL,3.0,222.5,109.8,22,4.5,11.5,19.5,SF/PF,3400,1,15.0,13.0,101,107,-1%,6,5,5,19,20,18,11.8,14.2,7.1,21.3,12.2,8.5,2.5,15.0,4.41,14.6,17.0,4.3,14.8,4.355,19.0,5.333333333333333,13.84,11.833333333333334,13.242105263157896
42,4,Langston Galloway,0.0,DET,CHI,-4.0,215.5,109.8,5,3.5,16.1,30.8,PG/SG,3400,1,16.0,13.0,103,105,-3%,7,7,8,19,21,26,16.1,17.9,10.7,25.2,19.6,8.0,2.4,15.8,4.63,13.6,19.5,4.0,14.7,4.3149999999999995,22.0,7.333333333333333,16.92,16.8,13.029545454545453
42,5,Tobias Harris,0.0,PHI,DAL,3.0,222.5,109.8,22,15.0,27.3,33.8,SF/PF,6800,1,23.0,17.0,101,107,-1%,18,17,16,38,37,35,33.3,36.0,26.9,45.1,34.1,36.5,5.4,38.0,5.59,39.4,34.5,5.8,38.7,5.695,36.666666666666664,17.0,36.0,25.366666666666664,36.413181818181826
42,6,Daniel Theis,0.0,BOS,NO,-11.0,223.5,117.3,30,14.5,23.2,29.5,PF/C,4500,1,14.0,16.0,105,110,5%,8,8,6,24,24,23,23.1,21.8,15.0,28.7,14.9,18.0,4.0,22.0,4.89,21.9,23.0,4.9,21.95,4.895,23.666666666666668,7.333333333333333,22.110000000000003,22.400000000000002,21.33169014084507
42,7,Kevin Love,0.0,CLE,DEN,12.5,216.5,102.0,18,17.3,33.6,49.3,PF/C,7200,1,23.0,18.0,100,105,-2%,15,13,12,37,33,31,33.6,37.0,24.9,49.2,36.8,43.3,6.0,39.0,5.42,39.2,33.5,5.4,39.1,5.41,33.666666666666664,13.333333333333334,36.76,33.4,38.906435643564365
43,0,Luka Doncic,0.0,DAL,PHI,-3.0,222.5,112.8,19,47.0,62.0,76.0,PG/SF,12400,0,39.0,31.0,102,103,-8%,22,23,21,35,36,34,62.5,60.5,46.5,74.5,33.0,46.5,3.8,60.8,4.9,62.1,34.5,5.0,61.45,4.95,35.0,22.0,61.089999999999996,61.666666666666664,60.57214285714286
43,1,Josh Hart,0.0,NO,BOS,11.0,223.5,106.3,25,14.3,24.3,32.5,SG/SF,4800,0,16.0,12.0,102,103,-2%,9,8,9,35,30,29,24.3,25.0,16.6,33.4,33.4,21.3,4.4,28.8,5.99,27.8,35.0,5.8,28.3,5.895,31.333333333333332,8.666666666666666,25.519999999999996,23.7,31.61170212765958
43,2,Kyle Kuzma,0.0,LAL,OKC,7.5,213.5,103.0,11,11.0,23.8,37.5,SF/PF,5400,0,22.0,11.0,101,105,-13%,17,13,11,27,24,24,23.8,20.4,11.3,29.5,39.7,46.3,8.6,26.5,4.91,33.0,35.0,6.1,29.75,5.505,25.0,13.666666666666666,22.95,24.099999999999998,41.65
43,3,Tony Snell,0.0,DET,CHI,-4.0,215.5,109.8,29,2.8,15.4,28.0,SF/PF,4200,1,12.0,10.0,103,105,-3%,10,7,7,33,28,27,16.5,15.1,8.4,21.7,30.7,15.8,3.8,17.0,4.05,16.1,27.5,3.8,16.55,3.925,29.333333333333332,8.0,15.65,15.4,15.515625
43,4,Ben Simmons,0.0,PHI,DAL,3.0,222.5,109.8,27,35.3,49.5,77.3,PG/SF,8500,1,22.0,19.0,101,107,-8%,14,14,11,38,39,36,49.8,43.1,32.6,53.5,37.0,43.3,5.1,45.0,5.29,45.3,37.0,5.3,45.15,5.295,37.666666666666664,13.0,44.83,54.03333333333333,44.350884955752214
43,5,Grant Williams,0.0,BOS,NO,-11.0,223.5,117.3,30,4.0,11.7,20.0,PF,3000,1,12.0,6.0,105,110,5%,2,3,3,12,17,15,11.7,9.1,2.6,15.6,13.4,1.8,0.6,9.5,3.17,8.7,12.5,2.9,9.1,3.035,14.666666666666666,2.6666666666666665,9.620000000000001,11.9,7.755681818181818
43,6,Boban Marjanovic,0.0,DAL,PHI,-3.0,222.5,112.8,14,0.0,12.3,28.5,C,3000,0,0.0,0.0,102,103,-10%,5,4,4,7,8,10,12.3,12.5,0.7,24.4,8.1,13.8,4.6,4.0,1.33,0.0,0.0,0.0,2.0,0.665,8.333333333333334,4.333333333333333,10.38,13.6,0.0
43,7,Derrick Rose,0.0,DET,CHI,-4.0,215.5,109.8,5,25.0,35.2,43.3,PG/SG,7300,1,33.0,22.0,103,105,-13%,23,19,15,33,30,26,35.1,31.4,23.4,39.4,29.0,32.0,4.4,33.5,4.59,35.6,29.0,4.9,34.55,4.745,29.666666666666668,19.0,32.77,34.5,33.77359550561797
44,0,Rajon Rondo,0.0,LAL,OKC,7.5,213.5,103.0,14,1.0,14.3,26.3,PG,3800,0,21.0,13.0,101,105,-1%,8,5,7,24,20,21,14.3,20.8,11.1,30.5,32.9,51.0,13.4,27.5,7.24,31.3,30.5,8.2,29.4,7.72,21.666666666666668,6.666666666666667,21.22,13.866666666666667,41.38615384615384
44,1,Malik Beasley,0.0,DEN,CLE,-12.5,216.5,114.5,23,1.0,12.9,21.3,PG/SG,3000,2,20.0,10.0,101,113,11%,8,9,7,21,22,17,17.6,12.4,5.1,19.7,12.9,6.5,2.2,9.0,3.0,13.7,16.0,4.6,11.35,3.8,20.0,8.0,13.23,11.733333333333334,9.08
44,2,Christian Wood,0.0,DET,CHI,-4.0,215.5,109.8,2,7.5,17.3,23.0,PF/C,4100,1,20.0,21.0,103,105,10%,6,6,6,14,20,17,17.3,18.5,7.2,29.8,26.2,47.5,11.6,19.3,4.7,13.4,12.0,3.3,16.35,4.0,17.0,6.0,17.830000000000002,15.933333333333332,11.541176470588237
44,3,Justin Jackson,0.0,DAL,PHI,-3.0,222.5,112.8,10,3.0,12.9,19.3,SF/PF,3000,0,17.0,11.0,102,103,-3%,4,7,6,17,21,16,12.8,11.3,4.5,18.1,16.2,11.5,3.8,14.0,4.67,12.3,16.5,4.1,13.15,4.385,18.0,5.666666666666667,11.97,11.733333333333334,12.054166666666667
44,4,Seth Curry,0.0,DAL,PHI,-3.0,222.5,112.8,19,12.0,20.5,33.0,PG/SG,4000,0,18.0,13.0,102,103,-4%,12,11,8,28,27,23,20.4,17.4,6.5,28.3,20.6,15.5,3.9,19.3,4.81,19.5,25.0,4.9,19.4,4.855,26.0,10.333333333333334,18.4,21.833333333333332,18.65384615384615
44,5,D.J. Wilson,0.0,MIL,POR,-7.0,230.0,118.5,25,0.0,1.5,4.3,PF/C,3000,0,0.0,0.0,104,109,0%,1,1,3,3,4,10,1.5,7.2,-0.2,14.6,5.3,6.8,2.3,3.8,1.25,0.0,0.0,0.0,1.9,0.625,5.666666666666667,1.6666666666666667,4.999999999999999,1.9333333333333333,0.0
44,6,Jaxson Hayes,0.0,NO,BOS,11.0,223.5,106.3,3,4.3,23.0,39.0,C,3800,0,14.0,18.0,102,103,-3%,9,5,5,27,20,21,22.9,19.9,11.1,28.6,26.1,27.5,7.2,26.5,6.97,25.6,29.0,6.7,26.05,6.835,22.666666666666668,6.333333333333333,21.71,22.099999999999998,33.328676470588235
44,7,Nickeil Alexander-Walker,0.0,NO,BOS,11.0,223.5,106.3,29,0.0,12.7,25.0,PG/SG,3100,0,24.0,9.0,102,103,-7%,8,5,6,22,13,13,12.7,12.4,1.9,22.9,22.6,15.3,4.9,21.8,7.02,20.6,24.0,6.6,21.200000000000003,6.81,16.0,6.333333333333333,14.219999999999999,12.566666666666668,31.800000000000004
45,0,Eric Bledsoe,0.0,MIL,POR,-7.0,230.0,118.5,10,19.3,30.1,41.0,PG,6100,0,25.0,19.0,104,109,6%,14,11,12,30,26,27,30.1,32.0,22.6,41.4,27.2,42.0,6.9,33.0,5.41,33.5,28.0,5.5,33.25,5.455,27.666666666666668,12.333333333333334,31.869999999999997,30.133333333333336,33.65060240963855
45,1,Donte DiVincenzo,0.0,MIL,POR,-7.0,230.0,118.5,10,13.8,23.0,31.3,PG/SG,4600,0,17.0,14.0,104,109,-3%,11,8,8,24,25,24,22.9,22.3,14.5,30.0,23.7,23.3,5.1,19.3,4.18,19.6,22.5,4.3,19.450000000000003,4.24,24.333333333333332,9.0,21.830000000000002,22.7,17.984589041095894
45,2,D.J. Wilson,0.0,MIL,POR,-7.0,230.0,118.5,25,0.0,1.5,4.3,PF/C,3000,0,0.0,0.0,104,109,0%,1,1,3,3,4,10,1.5,7.2,-0.2,14.6,5.3,6.8,2.3,3.8,1.25,0.0,0.0,0.0,1.9,0.625,5.666666666666667,1.6666666666666667,4.999999999999999,1.9333333333333333,0.0
45,3,Ben Simmons,0.0,PHI,DAL,3.0,222.5,109.8,27,35.3,49.5,77.3,PG/SF,8500,1,22.0,19.0,101,107,-8%,14,14,11,38,39,36,49.8,43.1,32.6,53.5,37.0,43.3,5.1,45.0,5.29,45.3,37.0,5.3,45.15,5.295,37.666666666666664,13.0,44.83,54.03333333333333,44.350884955752214
45,4,Gary Trent Jr.,0.0,POR,MIL,7.0,230.0,111.5,28,5.5,10.0,24.5,SG,3100,1,14.0,10.0,107,100,-4%,6,6,4,19,18,13,10.0,7.9,1.3,14.6,17.4,8.8,2.8,13.3,4.27,11.1,16.5,3.6,12.2,3.9349999999999996,16.666666666666668,5.333333333333333,9.2,13.333333333333334,12.077999999999998
45,5,Hamidou Diallo,0.0,OKC,LAL,-7.5,213.5,110.5,5,8.8,11.9,18.5,SG/SF,3000,1,18.0,11.0,103,102,-1%,6,6,7,19,18,20,11.8,15.8,9.4,22.1,14.5,3.3,1.1,13.8,4.58,12.2,16.5,4.1,13.0,4.34,19.0,6.333333333333333,14.419999999999998,13.066666666666668,11.289473684210527
45,6,Christian Wood,0.0,DET,CHI,-4.0,215.5,109.8,2,7.5,17.3,23.0,PF/C,4100,1,20.0,21.0,103,105,10%,6,6,6,14,20,17,17.3,18.5,7.2,29.8,26.2,47.5,11.6,19.3,4.7,13.4,12.0,3.3,16.35,4.0,17.0,6.0,17.830000000000002,15.933333333333332,11.541176470588237
45,7,Robin Lopez,0.0,MIL,POR,-7.0,230.0,118.5,19,6.5,11.7,22.3,C,3000,0,17.0,12.0,104,109,7%,3,5,5,10,14,15,11.7,12.2,4.6,19.8,14.6,7.3,2.4,13.5,4.5,10.5,12.5,3.5,12.0,4.0,13.0,4.333333333333333,12.06,13.5,11.538461538461538
46,0,Kris Dunn,0.0,CHI,DET,4.0,215.5,105.8,9,11.0,24.5,41.0,PG/SF,5300,0,16.0,12.0,101,110,4%,9,8,7,30,31,25,24.5,21.2,12.6,29.9,33.0,24.0,4.5,25.5,4.81,24.8,30.0,4.7,25.15,4.755,28.666666666666668,8.0,22.669999999999998,25.5,26.319767441860463
46,1,Sterling Brown,0.0,MIL,POR,-7.0,230.0,118.5,14,-0.5,11.4,37.0,SG/SF,3000,0,16.0,9.0,104,109,-3%,4,4,5,10,11,17,11.3,14.1,5.1,23.1,12.5,10.5,3.5,6.5,2.17,10.1,14.0,3.4,8.3,2.785,12.666666666666666,4.333333333333333,12.38,15.966666666666667,9.173684210526316
46,2,Darius Bazley,0.0,OKC,LAL,-7.5,213.5,110.5,3,3.5,13.2,23.8,SF/PF,3200,1,14.0,7.0,103,102,-6%,6,6,4,15,16,17,13.2,11.5,4.6,18.5,10.6,10.0,3.1,12.3,3.83,12.2,16.5,3.8,12.25,3.815,16.0,5.333333333333333,12.010000000000002,13.5,12.6328125
46,3,Danilo Gallinari,0.0,OKC,LAL,-7.5,213.5,110.5,3,23.3,33.2,47.8,SF/PF,6200,1,23.0,19.0,103,102,-4%,12,15,13,29,29,31,33.1,31.3,23.8,38.9,31.6,32.5,5.2,30.3,4.88,32.4,30.5,5.2,31.35,5.04,29.666666666666668,13.333333333333334,31.690000000000005,34.766666666666666,32.23061797752809
46,4,Kent Bazemore,0.0,POR,MIL,7.0,230.0,111.5,28,8.3,15.2,18.8,SG/SF,3800,1,16.0,7.0,107,100,-4%,9,9,8,28,31,26,15.2,18.3,11.0,25.6,29.0,22.0,5.8,23.8,6.25,21.1,29.0,5.6,22.450000000000003,5.925,28.333333333333332,8.666666666666666,18.509999999999998,14.1,22.97823529411765
46,5,Christian Wood,0.0,DET,CHI,-4.0,215.5,109.8,2,7.5,17.3,23.0,PF/C,4100,1,20.0,21.0,103,105,10%,6,6,6,14,20,17,17.3,18.5,7.2,29.8,26.2,47.5,11.6,19.3,4.7,13.4,12.0,3.3,16.35,4.0,17.0,6.0,17.830000000000002,15.933333333333332,11.541176470588237
46,6,Ante Zizic,0.0,CLE,DEN,12.5,216.5,102.0,10,0.0,13.2,35.0,C,3400,1,0.0,0.0,100,105,-2%,3,3,3,12,11,10,13.2,10.0,1.3,18.8,9.6,9.5,2.8,15.0,4.41,13.6,14.5,4.0,14.3,4.205,11.0,3.0,11.52,16.066666666666666,18.85
46,7,Abdel Nader,0.0,OKC,LAL,-7.5,213.5,110.5,3,0.0,5.6,12.5,SF,3100,1,16.0,10.0,103,102,-4%,6,3,5,14,7,16,4.8,10.4,3.1,17.7,14.4,12.8,4.1,7.0,2.26,0.0,0.0,0.0,3.5,1.13,12.333333333333334,4.666666666666667,7.9,6.033333333333334,0.0
47,0,Darius Garland,0.0,CLE,DEN,12.5,216.5,102.0,24,17.0,29.2,35.3,PG,4700,1,21.0,9.0,100,105,-5%,13,13,11,39,36,29,29.2,20.5,12.5,28.5,37.6,34.0,7.2,25.3,5.37,24.1,35.0,5.1,24.700000000000003,5.234999999999999,34.666666666666664,12.333333333333334,23.080000000000002,27.166666666666668,24.937500000000004
47,1,Furkan Korkmaz,0.0,PHI,DAL,3.0,222.5,109.8,1,11.8,13.1,14.5,SG/SF,3100,1,16.0,11.0,101,107,-3%,6,6,7,17,17,20,13.1,14.1,6.4,21.9,15.8,8.3,2.7,14.5,4.68,11.8,15.0,3.8,13.15,4.24,18.0,6.333333333333333,13.729999999999999,13.133333333333333,10.958333333333334
47,2,Alfonzo McKinnie,0.0,CLE,DEN,12.5,216.5,102.0,5,2.8,8.1,17.8,SF/PF,3000,1,14.0,6.0,100,105,-10%,5,4,3,18,16,11,8.1,6.7,0.3,13.0,24.1,22.0,7.3,11.5,3.83,9.8,14.5,3.3,10.65,3.565,15.0,4.0,7.75,9.566666666666666,10.295000000000002
47,3,Darius Bazley,0.0,OKC,LAL,-7.5,213.5,110.5,3,3.5,13.2,23.8,SF/PF,3200,1,14.0,7.0,103,102,-6%,6,6,4,15,16,17,13.2,11.5,4.6,18.5,10.6,10.0,3.1,12.3,3.83,12.2,16.5,3.8,12.25,3.815,16.0,5.333333333333333,12.010000000000002,13.5,12.6328125
47,4,Matisse Thybulle,0.0,PHI,DAL,3.0,222.5,109.8,1,2.0,9.1,14.0,SG/SF,3000,1,13.0,11.0,101,107,-8%,5,3,4,17,16,18,9.1,12.3,2.9,21.6,19.7,9.8,3.3,14.3,4.75,14.0,19.0,4.7,14.15,4.725,17.0,4.0,12.01,8.366666666666667,15.814705882352943
47,5,Mike Muscala,0.0,OKC,LAL,-7.5,213.5,110.5,10,3.8,10.5,19.5,PF/C,3200,1,16.0,8.0,103,102,-6%,6,4,3,19,14,11,10.4,8.1,1.5,14.8,11.9,12.8,4.0,14.0,4.38,11.8,14.5,3.7,12.9,4.04,14.666666666666666,4.333333333333333,9.54,11.266666666666666,12.753409090909091
47,6,Christian Wood,0.0,DET,CHI,-4.0,215.5,109.8,2,7.5,17.3,23.0,PF/C,4100,1,20.0,21.0,103,105,10%,6,6,6,14,20,17,17.3,18.5,7.2,29.8,26.2,47.5,11.6,19.3,4.7,13.4,12.0,3.3,16.35,4.0,17.0,6.0,17.830000000000002,15.933333333333332,11.541176470588237
47,7,Gary Harris,0.0,DEN,CLE,-12.5,216.5,114.5,4,9.3,17.5,24.3,SG,4300,2,15.0,10.0,101,113,11%,10,10,10,36,36,34,17.4,21.9,14.6,29.1,32.8,23.0,5.3,25.5,5.93,23.7,34.0,5.5,24.6,5.715,35.333333333333336,10.0,21.52,17.033333333333335,23.671698113207547
49,0,Matthew Dellavedova,0.0,CLE,DEN,12.5,216.5,102.0,24,0.0,8.9,20.5,PG/SG,3200,1,15.0,8.0,100,105,-5%,2,2,3,17,11,13,8.9,9.2,4.2,14.2,6.1,1.5,0.5,12.8,3.98,11.1,15.0,3.5,11.95,3.74,13.666666666666666,2.3333333333333335,9.690000000000001,9.799999999999999,13.115853658536585
49,1,Josh Hart,0.0,NO,BOS,11.0,223.5,106.3,25,14.3,24.3,32.5,SG/SF,4800,0,16.0,12.0,102,103,-2%,9,8,9,35,30,29,24.3,25.0,16.6,33.4,33.4,21.3,4.4,28.8,5.99,27.8,35.0,5.8,28.3,5.895,31.333333333333332,8.666666666666666,25.519999999999996,23.7,31.61170212765958
49,2,Dorian Finney-Smith,0.0,DAL,PHI,-3.0,222.5,112.8,10,21.5,25.3,32.0,SF/PF,4500,0,13.0,12.0,102,103,-3%,9,10,7,30,33,29,25.3,20.6,13.8,27.3,32.3,27.5,6.1,22.5,5.0,22.5,32.5,5.0,22.5,5.0,30.666666666666668,8.666666666666666,21.9,26.266666666666666,23.845108695652172
49,3,Kent Bazemore,0.0,POR,MIL,7.0,230.0,111.5,28,8.3,15.2,18.8,SG/SF,3800,1,16.0,7.0,107,100,-4%,9,9,8,28,31,26,15.2,18.3,11.0,25.6,29.0,22.0,5.8,23.8,6.25,21.1,29.0,5.6,22.450000000000003,5.925,28.333333333333332,8.666666666666666,18.509999999999998,14.1,22.97823529411765
49,4,Zach LaVine,0.0,CHI,DET,4.0,215.5,105.8,9,42.0,49.6,56.5,PG/SG,8300,0,31.0,19.0,101,110,4%,24,23,19,37,38,34,49.6,39.5,27.8,51.1,35.8,44.5,5.4,42.3,5.09,43.0,37.0,5.2,42.65,5.145,36.333333333333336,22.0,42.13,49.36666666666667,43.43256880733944
49,5,Hamidou Diallo,0.0,OKC,LAL,-7.5,213.5,110.5,5,8.8,11.9,18.5,SG/SF,3000,1,18.0,11.0,103,102,-1%,6,6,7,19,18,20,11.8,15.8,9.4,22.1,14.5,3.3,1.1,13.8,4.58,12.2,16.5,4.1,13.0,4.34,19.0,6.333333333333333,14.419999999999998,13.066666666666668,11.289473684210527
49,6,Kevin Love,0.0,CLE,DEN,12.5,216.5,102.0,18,17.3,33.6,49.3,PF/C,7200,1,23.0,18.0,100,105,-2%,15,13,12,37,33,31,33.6,37.0,24.9,49.2,36.8,43.3,6.0,39.0,5.42,39.2,33.5,5.4,39.1,5.41,33.666666666666664,13.333333333333334,36.76,33.4,38.906435643564365
49,7,Luka Doncic,0.0,DAL,PHI,-3.0,222.5,112.8,19,47.0,62.0,76.0,PG/SF,12400,0,39.0,31.0,102,103,-8%,22,23,21,35,36,34,62.5,60.5,46.5,74.5,33.0,46.5,3.8,60.8,4.9,62.1,34.5,5.0,61.45,4.95,35.0,22.0,61.089999999999996,61.666666666666664,60.57214285714286
