Lineup Num,,Player Name,injury_status,team,opp,spread,over_under,implied_team_score,L5_dvp_rank,L5_ppg_floor,L5_ppg_avg,L5_ppg_max,Pos,Salary,Rest,USG,PER,Opp Pace,Opp DEff,Opp DvP,L2 FGA,L5 FGA,S FGA,L2 Min,L5 Min,S Min,L5 FP,S FP,Floor FP,Ceil FP,Actual Min,Actual FP,Actual Val,FantasyFuelPPGProj,FantasyFuelValueProj,DFN_PPGProj,DFN_MinProj,DFN_ValueProj,Avg Proj,Avg Value Proj,Avg Skewed Min,Avg Skewed FGA,Avg Skewed FP,Avg L5 PPG,Proj Min Enhanced
0,0,Trae Young,0.0,ATL,PHI,8.5,229.0,110.3,3,43.3,57.9,73.8,PG,10600,1,36.0,25.0,102,104,-6%,23,22,21,40,40,36,57.9,53.3,38.9,67.8,36.6,52.8,5.0,49.5,4.67,50.9,37.0,4.8,50.2,4.734999999999999,38.666666666666664,22.0,53.620000000000005,58.333333333333336,48.036206896551725
0,1,Matisse Thybulle,0.0,PHI,ATL,-8.5,229.0,118.8,29,2.0,8.7,15.8,SG/SF,3000,1,11.0,9.0,106,112,-1%,2,3,4,14,19,21,8.7,13.3,5.1,21.6,11.1,6.8,2.3,11.0,3.67,9.1,13.0,3.0,10.05,3.335,18.0,3.0,11.75,8.833333333333334,7.258333333333334
0,2,Glenn Robinson III,0.0,PHI,ATL,-8.5,229.0,118.8,18,8.5,18.3,42.0,SF/PF,3200,1,16.0,13.0,106,112,4%,11,11,11,26,28,31,30.1,24.0,15.8,32.3,13.7,10.8,3.4,12.8,3.98,13.3,16.0,4.2,13.05,4.09,28.333333333333332,11.0,23.05,22.933333333333334,7.369411764705883
0,3,Kevin Knox II,0.0,NY,HOU,13.5,227.0,106.8,30,2.0,5.3,8.8,SF/PF,3000,2,18.0,9.0,106,107,8%,2,4,6,14,15,19,5.3,13.6,6.2,20.9,12.3,4.3,1.4,12.8,4.25,12.2,16.5,4.1,12.5,4.175,16.0,4.0,11.7,5.366666666666667,12.890625
0,4,Eric Bledsoe,0.0,MIL,WAS,-13.0,243.5,128.3,26,28.0,36.9,52.5,PG,7200,1,25.0,19.0,106,113,7%,13,14,12,27,29,28,36.9,32.7,22.4,42.9,33.0,48.3,6.7,33.8,4.69,34.1,28.5,4.7,33.95,4.695,28.0,13.0,33.77,39.13333333333333,34.556250000000006
0,5,Al Horford,0.0,PHI,ATL,-8.5,229.0,118.8,12,15.3,21.9,34.0,PF/C,4500,1,18.0,15.0,106,112,7%,6,9,11,26,29,31,23.7,30.2,21.4,39.0,30.8,26.5,5.9,27.5,6.11,30.7,30.0,6.8,29.1,6.455,28.666666666666668,8.666666666666666,28.68,23.733333333333334,30.453488372093023
0,6,Joel Embiid,0.0,PHI,ATL,-8.5,229.0,118.8,30,33.5,50.2,69.5,C,9500,1,32.0,25.0,106,112,6%,19,20,16,35,33,31,52.6,48.4,36.3,60.4,36.4,79.0,8.3,58.3,6.13,57.1,32.5,6.0,57.7,6.0649999999999995,33.0,18.333333333333332,51.08,51.06666666666666,56.82575757575758
0,7,Markelle Fultz,0.0,ORL,BKN,4.0,214.5,105.3,7,27.5,33.1,49.3,PG/SG,6100,2,22.0,14.0,104,105,4%,13,12,11,32,31,29,33.1,26.6,18.6,34.7,33.6,19.3,3.2,26.3,4.3,25.4,29.0,4.2,25.85,4.25,30.666666666666668,12.0,27.77,36.63333333333333,24.445108695652173
1,0,Amir Coffey,0.0,LAC,MEM,-10.0,233.0,121.5,8,1.3,8.4,19.5,PG/SF,3000,1,0.0,0.0,106,108,0%,2,3,3,13,12,10,7.0,6.0,-0.9,12.9,7.7,2.8,0.9,1.0,0.33,0.0,0.0,0.0,0.5,0.165,11.666666666666666,2.6666666666666665,5.1,9.733333333333334,0.0
1,1,Cam Reddish,0.0,ATL,PHI,8.5,229.0,110.3,7,5.5,23.4,37.0,SG/SF,5000,1,18.0,8.0,102,104,-6%,14,11,9,38,31,27,25.9,20.2,11.2,29.2,22.5,10.3,2.1,20.0,4.0,21.3,30.5,4.3,20.65,4.15,32.0,11.333333333333334,21.43,21.96666666666667,19.682031249999998
1,2,Kelan Martin,0.0,MIN,DAL,14.0,239.0,112.5,7,2.0,17.1,29.0,PF,3000,0,16.0,7.0,101,109,1%,10,7,6,23,18,17,17.1,12.8,3.9,21.6,14.9,25.0,8.3,14.3,4.75,12.0,14.5,4.0,13.15,4.375,19.333333333333332,7.666666666666667,13.709999999999999,16.033333333333335,9.8625
1,3,Joe Harris,0.0,BKN,ORL,-4.0,214.5,109.3,20,15.3,25.3,34.0,SG/SF,4600,1,17.0,13.0,100,106,-4%,9,10,11,29,32,32,25.3,24.7,16.9,32.5,30.3,22.5,4.9,26.8,5.82,26.5,32.5,5.8,26.65,5.8100000000000005,31.0,10.0,25.21,24.866666666666664,27.939516129032256
1,4,Jordan McLaughlin,0.0,MIN,DAL,14.0,239.0,112.5,13,16.0,28.7,48.0,PG,5600,0,17.0,16.0,101,109,-4%,8,8,6,24,23,20,28.7,18.3,6.9,29.7,13.3,10.3,1.8,15.5,2.77,14.0,15.0,2.5,14.75,2.635,22.333333333333332,7.333333333333333,19.67,30.900000000000002,9.906716417910449
1,5,Taurean Prince,0.0,BKN,ORL,-4.0,214.5,109.3,30,12.8,21.4,27.5,PF,4400,1,20.0,10.0,100,106,-4%,9,12,12,26,28,30,21.4,26.4,17.3,35.4,27.6,19.0,4.3,23.3,5.28,26.3,28.5,6.0,24.8,5.640000000000001,28.0,11.0,25.059999999999995,20.566666666666666,25.242857142857144
1,6,Tristan Thompson,0.0,CLE,MIA,6.0,222.0,108.0,12,17.5,30.5,47.3,C,5500,1,18.0,17.0,100,107,-6%,9,9,10,26,26,31,30.4,31.1,19.6,42.6,29.3,31.3,5.7,21.5,3.91,19.8,21.5,3.6,20.65,3.755,27.666666666666668,9.333333333333334,28.869999999999997,31.766666666666666,16.047289156626505
1,7,Moe Harkless,0.0,NY,HOU,13.5,227.0,106.8,30,4.0,13.0,23.3,SF/PF,3100,2,10.0,10.0,106,107,8%,4,4,4,21,21,23,12.9,15.0,8.0,22.1,28.4,16.3,5.3,14.3,4.6,17.3,24.0,5.6,15.8,5.1,21.666666666666668,4.0,14.76,13.433333333333332,17.501538461538463
2,0,D.J. Augustin,0.0,ORL,BKN,4.0,214.5,105.3,7,2.8,16.5,30.0,PG,3600,2,20.0,14.0,104,105,4%,8,8,8,24,26,26,20.9,22.1,13.3,31.0,14.4,7.3,2.0,16.5,4.58,16.7,20.0,4.6,16.6,4.59,25.333333333333332,8.0,20.78,16.433333333333334,13.105263157894738
2,1,Jevon Carter,0.0,PHO,UTA,8.0,224.5,108.3,29,2.5,11.5,20.0,PG/SG,3000,1,14.0,11.0,101,106,-1%,2,4,4,11,14,14,11.1,10.7,3.1,18.2,15.1,18.3,6.1,8.3,2.75,7.8,11.0,2.6,8.05,2.675,13.0,3.3333333333333335,10.23,11.333333333333334,6.811538461538461
2,2,Aaron Gordon,0.0,ORL,BKN,4.0,214.5,105.3,29,27.8,40.2,54.8,PF,7400,2,21.0,14.0,104,105,-3%,14,15,13,39,36,33,40.1,32.0,22.7,41.4,41.3,53.5,7.2,36.3,4.9,32.0,34.0,4.3,34.15,4.6,36.0,14.0,34.07,40.93333333333333,32.25277777777778
2,3,Ben McLemore,0.0,HOU,NY,-13.5,227.0,120.3,14,6.0,15.7,19.0,SG/SF,3100,1,15.0,12.0,101,110,-3%,4,5,8,17,21,24,16.1,17.8,8.9,26.8,29.2,21.8,7.0,9.8,3.15,17.6,22.5,5.7,13.700000000000001,4.425,20.666666666666668,5.666666666666667,16.660000000000004,13.566666666666668,14.915322580645162
2,4,Mike Conley,0.0,UTA,PHO,-8.0,224.5,116.3,11,32.3,35.3,42.0,PG,5300,1,24.0,13.0,104,108,2%,16,15,12,34,33,29,35.3,26.0,15.9,36.2,22.4,8.0,1.5,29.3,5.52,31.6,32.5,6.0,30.450000000000003,5.76,32.0,14.333333333333334,28.770000000000003,36.53333333333333,30.925781250000004
2,5,Duncan Robinson,0.0,MIA,CLE,-6.0,222.0,114.0,13,15.5,26.2,35.5,SG/SF,5000,1,15.0,12.0,101,114,8%,12,13,9,33,34,30,26.1,22.3,13.9,30.8,37.1,19.8,4.0,25.3,5.05,27.1,32.5,5.4,26.200000000000003,5.225,32.333333333333336,11.333333333333334,23.860000000000003,25.733333333333334,26.335051546391753
2,6,Maxi Kleber,0.0,DAL,MIN,-14.0,239.0,126.5,15,9.5,21.2,34.3,PF/C,4900,1,14.0,15.0,105,109,0%,12,8,7,26,24,25,21.1,20.7,12.7,28.6,20.9,25.3,5.2,20.5,4.18,20.5,23.5,4.2,20.5,4.1899999999999995,25.0,9.0,20.720000000000002,21.666666666666668,19.27
2,7,Bobby Portis,0.0,NY,HOU,13.5,227.0,106.8,1,9.3,20.6,29.5,PF/C,4000,2,21.0,14.0,106,107,5%,9,9,9,22,20,21,20.6,20.6,10.8,30.3,24.6,24.5,6.1,19.3,4.81,16.8,17.5,4.2,18.05,4.505,21.0,9.0,20.07,19.8,15.041666666666668
3,0,Reggie Jackson,0.0,LAC,MEM,-10.0,233.0,121.5,8,13.8,27.7,38.5,PG,6100,1,28.0,14.0,106,108,2%,13,14,14,29,30,27,27.6,27.2,15.7,38.8,22.1,19.3,3.2,14.5,2.38,13.8,14.0,2.3,14.15,2.34,28.666666666666668,13.666666666666666,24.69,26.666666666666668,6.910465116279069
3,1,Evan Fournier,0.0,ORL,BKN,4.0,214.5,105.3,1,21.3,30.2,38.0,SG/SF,5900,2,24.0,16.0,104,105,-14%,16,14,15,36,34,32,30.1,29.7,21.9,37.5,31.0,29.8,5.1,28.8,4.87,28.1,33.0,4.8,28.450000000000003,4.835,34.0,15.0,29.529999999999994,29.833333333333332,27.61323529411765
3,2,Maxi Kleber,0.0,DAL,MIN,-14.0,239.0,126.5,15,9.5,21.2,34.3,PF/C,4900,1,14.0,15.0,105,109,0%,12,8,7,26,24,25,21.1,20.7,12.7,28.6,20.9,25.3,5.2,20.5,4.18,20.5,23.5,4.2,20.5,4.1899999999999995,25.0,9.0,20.720000000000002,21.666666666666668,19.27
3,3,Cam Reddish,0.0,ATL,PHI,8.5,229.0,110.3,7,5.5,23.4,37.0,SG/SF,5000,1,18.0,8.0,102,104,-6%,14,11,9,38,31,27,25.9,20.2,11.2,29.2,22.5,10.3,2.1,20.0,4.0,21.3,30.5,4.3,20.65,4.15,32.0,11.333333333333334,21.43,21.96666666666667,19.682031249999998
3,4,Terrence Ross,0.0,ORL,BKN,4.0,214.5,105.3,1,19.0,27.0,32.3,SG/SF,5000,2,22.0,13.0,104,105,0%,14,14,12,32,32,27,27.0,22.7,15.4,30.0,27.8,36.0,7.2,24.8,4.95,22.6,28.0,4.5,23.700000000000003,4.725,30.333333333333332,13.333333333333334,23.76,26.099999999999998,21.87692307692308
3,5,Damyean Dotson,0.0,NY,HOU,13.5,227.0,106.8,10,1.5,13.6,18.5,SG/SF,3000,2,17.0,11.0,106,107,7%,5,6,6,15,19,18,13.6,12.3,5.0,19.7,17.7,16.5,5.5,15.0,5.0,15.3,20.5,5.1,15.15,5.05,17.333333333333332,5.666666666666667,13.15,11.200000000000001,17.917788461538464
3,6,Boban Marjanovic,0.0,DAL,MIN,-14.0,239.0,126.5,29,2.8,7.9,18.0,C,3400,1,0.0,0.0,105,109,1%,2,3,5,4,6,10,7.8,12.6,1.6,23.6,4.4,6.8,2.0,4.5,1.32,0.0,0.0,0.0,2.25,0.66,6.666666666666667,3.3333333333333335,9.57,9.566666666666666,0.0
3,7,Juancho Hernangomez,0.0,MIN,DAL,14.0,239.0,112.5,6,11.5,24.9,37.0,SF/PF,5200,0,14.0,9.0,101,109,1%,10,11,4,27,29,15,24.9,10.3,1.0,19.6,25.2,14.5,2.8,25.0,4.81,23.9,28.5,4.6,24.45,4.705,23.666666666666668,8.333333333333334,16.05,24.46666666666667,29.443309859154926
4,0,Markelle Fultz,0.0,ORL,BKN,4.0,214.5,105.3,7,27.5,33.1,49.3,PG/SG,6100,2,22.0,14.0,104,105,4%,13,12,11,32,31,29,33.1,26.6,18.6,34.7,33.6,19.3,3.2,26.3,4.3,25.4,29.0,4.2,25.85,4.25,30.666666666666668,12.0,27.77,36.63333333333333,24.445108695652173
4,1,Cam Reddish,0.0,ATL,PHI,8.5,229.0,110.3,7,5.5,23.4,37.0,SG/SF,5000,1,18.0,8.0,102,104,-6%,14,11,9,38,31,27,25.9,20.2,11.2,29.2,22.5,10.3,2.1,20.0,4.0,21.3,30.5,4.3,20.65,4.15,32.0,11.333333333333334,21.43,21.96666666666667,19.682031249999998
4,2,Bobby Portis,0.0,NY,HOU,13.5,227.0,106.8,1,9.3,20.6,29.5,PF/C,4000,2,21.0,14.0,106,107,5%,9,9,9,22,20,21,20.6,20.6,10.8,30.3,24.6,24.5,6.1,19.3,4.81,16.8,17.5,4.2,18.05,4.505,21.0,9.0,20.07,19.8,15.041666666666668
4,3,Jarrett Culver,0.0,MIN,DAL,14.0,239.0,112.5,13,5.5,15.6,27.3,PG/SF,3500,0,19.0,9.0,101,109,-4%,7,7,9,24,22,24,15.6,19.1,9.1,29.1,22.1,20.0,5.7,16.0,4.57,16.7,22.0,4.8,16.35,4.6850000000000005,23.333333333333332,7.666666666666667,17.85,16.133333333333336,15.415714285714289
4,4,Wesley Matthews,0.0,MIL,WAS,-13.0,243.5,128.3,11,10.0,15.5,22.3,SG,3400,1,12.0,8.0,106,113,4%,5,7,6,24,27,25,15.5,14.8,7.7,21.9,23.9,15.5,4.6,17.5,5.15,16.9,26.5,5.0,17.2,5.075,25.333333333333332,6.0,15.420000000000002,15.933333333333332,17.992105263157896
4,5,Joe Ingles,0.0,UTA,PHO,-8.0,224.5,116.3,24,17.0,21.8,28.3,SG/SF,4700,1,17.0,12.0,104,108,1%,8,7,8,30,31,31,21.8,25.5,16.2,34.8,29.4,14.0,3.0,25.8,5.48,25.0,30.0,5.3,25.4,5.390000000000001,30.666666666666668,7.666666666666667,24.74,22.366666666666664,24.84782608695652
4,6,Joel Embiid,0.0,PHI,ATL,-8.5,229.0,118.8,30,33.5,50.2,69.5,C,9500,1,32.0,25.0,106,112,6%,19,20,16,35,33,31,52.6,48.4,36.3,60.4,36.4,79.0,8.3,58.3,6.13,57.1,32.5,6.0,57.7,6.0649999999999995,33.0,18.333333333333332,51.08,51.06666666666666,56.82575757575758
4,7,Troy Brown Jr.,0.0,WAS,MIL,13.0,243.5,115.3,11,15.8,21.5,27.8,SF,4400,0,17.0,14.0,107,100,-8%,7,7,9,21,20,26,21.4,23.4,13.5,33.3,21.1,8.3,1.9,25.0,5.68,22.8,25.5,5.2,23.9,5.4399999999999995,22.333333333333332,7.666666666666667,23.1,21.7,27.288805970149255
5,0,Jeff Teague,0.0,ATL,PHI,8.5,229.0,110.3,3,0.8,16.0,31.3,PG/SG,3500,1,19.0,15.0,102,104,-6%,6,6,9,19,21,26,19.5,25.2,14.6,35.8,17.7,11.5,3.3,16.3,4.64,15.2,17.0,4.3,15.75,4.47,22.0,7.0,22.169999999999998,16.033333333333335,12.170454545454547
5,1,Shabazz Napier,0.0,WAS,MIL,13.0,243.5,115.3,4,14.5,17.5,21.5,PG/SG,3900,0,21.0,14.0,107,100,-1%,5,5,8,18,19,23,17.5,23.4,12.7,34.2,36.1,47.0,12.1,18.5,4.74,19.9,19.5,5.1,19.2,4.92,20.0,6.0,21.4,17.833333333333332,18.72
5,2,Justin Jackson,0.0,DAL,MIN,-14.0,239.0,126.5,28,2.0,10.3,20.5,SF/PF,3100,1,16.0,10.0,105,109,7%,4,4,6,16,14,16,10.3,10.9,4.3,17.4,4.7,6.8,2.2,14.0,4.52,8.4,11.0,2.7,11.2,3.61,15.333333333333334,4.666666666666667,10.819999999999999,10.933333333333332,8.03478260869565
5,3,Jae Crowder,0.0,MIA,CLE,-6.0,222.0,114.0,23,23.3,33.1,45.8,SF/PF,5100,1,17.0,12.0,101,114,3%,8,9,9,25,28,30,33.1,26.5,15.6,37.3,38.3,33.8,6.6,25.5,5.0,26.1,28.0,5.1,25.8,5.05,27.666666666666668,8.666666666666666,27.660000000000004,34.06666666666667,26.110843373493978
5,4,James Harden,0.0,HOU,NY,-13.5,227.0,120.3,2,46.0,60.1,67.0,PG/SG,11000,1,37.0,29.0,101,110,0%,20,20,24,34,35,38,60.4,61.5,47.3,75.7,33.9,61.0,5.5,60.8,5.52,68.7,37.0,6.2,64.75,5.859999999999999,35.666666666666664,21.333333333333332,61.93000000000001,57.699999999999996,67.17056074766356
5,5,Naz Reid,0.0,MIN,DAL,14.0,239.0,112.5,7,13.8,25.3,38.8,PF/C,5800,0,0.0,0.0,101,109,-2%,14,10,7,27,20,13,25.3,15.4,4.4,26.4,26.8,21.8,3.8,27.5,4.74,31.8,27.5,5.5,29.65,5.12,20.0,10.333333333333334,20.23,25.96666666666667,40.76875
5,6,Jonas Valanciunas,0.0,MEM,LAC,10.0,233.0,111.5,23,22.8,32.9,44.5,C,6900,2,21.0,22.0,105,105,5%,9,9,11,22,26,26,32.9,34.4,22.5,46.3,25.4,16.3,2.4,35.5,5.14,35.3,27.0,5.1,35.4,5.119999999999999,24.666666666666668,9.666666666666666,34.3,33.4,38.74864864864864
5,7,Josh Okogie,0.0,MIN,DAL,14.0,239.0,112.5,26,13.8,20.4,25.0,SG/SF,4300,0,16.0,12.0,101,109,-3%,6,6,7,27,26,25,20.8,19.1,11.2,27.1,26.0,17.8,4.1,20.5,4.77,20.8,27.0,4.8,20.65,4.785,26.0,6.333333333333333,19.77,19.733333333333334,21.444230769230767
6,0,Darius Garland,0.0,CLE,MIA,6.0,222.0,108.0,18,16.0,22.4,25.5,PG,4400,1,22.0,9.0,100,107,-8%,11,11,12,35,33,31,22.4,21.6,13.9,29.2,39.7,36.8,8.4,24.0,5.45,23.1,33.5,5.3,23.55,5.375,33.0,11.333333333333334,22.130000000000003,21.3,23.90681818181818
6,1,J.J. Barea,0.0,DAL,MIN,-14.0,239.0,126.5,10,3.0,21.4,29.8,PG/SG,3300,1,0.0,0.0,105,109,3%,9,8,8,18,18,16,21.4,17.9,9.8,25.9,21.6,27.3,8.3,11.5,3.48,14.3,12.0,4.3,12.9,3.8899999999999997,17.333333333333332,8.333333333333334,17.58,18.066666666666666,8.930769230769231
6,2,Georges Niang,0.0,UTA,PHO,-8.0,224.5,116.3,4,2.8,10.5,19.3,SF/PF,3000,1,16.0,12.0,104,108,1%,4,5,5,13,12,14,10.5,10.9,4.2,17.5,10.0,2.5,0.8,10.5,3.5,8.5,11.0,2.8,9.5,3.15,13.0,4.666666666666667,10.52,10.866666666666667,8.038461538461538
6,3,Duncan Robinson,0.0,MIA,CLE,-6.0,222.0,114.0,13,15.5,26.2,35.5,SG/SF,5000,1,15.0,12.0,101,114,8%,12,13,9,33,34,30,26.1,22.3,13.9,30.8,37.1,19.8,4.0,25.3,5.05,27.1,32.5,5.4,26.200000000000003,5.225,32.333333333333336,11.333333333333334,23.860000000000003,25.733333333333334,26.335051546391753
6,4,Pat Connaughton,0.0,MIL,WAS,-13.0,243.5,128.3,11,4.8,13.6,21.8,SG/SF,3600,1,12.0,11.0,106,113,4%,4,4,5,17,21,19,13.6,15.1,8.2,22.1,13.7,8.5,2.4,16.8,4.65,14.2,17.0,3.9,15.5,4.275,19.0,4.333333333333333,14.9,13.4,13.868421052631579
6,5,Brandon Clarke,0.0,MEM,LAC,10.0,233.0,111.5,14,16.0,28.7,42.0,PF/C,5500,2,19.0,22.0,105,105,-4%,9,10,8,29,25,22,28.7,25.0,17.5,32.6,3.9,0.8,0.1,34.8,6.32,33.8,32.0,6.1,34.3,6.21,25.333333333333332,9.0,27.620000000000005,28.900000000000002,43.32631578947368
6,6,Bruno Fernando,0.0,ATL,PHI,8.5,229.0,110.3,16,5.5,8.5,12.5,C,3000,1,16.0,12.0,102,104,-6%,3,2,3,10,9,12,8.5,10.5,3.3,17.7,20.0,15.5,5.2,7.5,2.5,0.0,0.0,0.0,3.75,1.25,10.333333333333334,2.6666666666666665,8.75,8.833333333333334,0.0
6,7,Dennis Smith Jr.,0.0,NY,HOU,13.5,227.0,106.8,28,6.3,12.2,20.3,PG,3300,2,24.0,7.0,106,107,0%,5,4,6,11,13,16,12.2,13.6,4.4,22.8,29.4,44.3,13.4,26.5,8.03,27.2,28.5,8.2,26.85,8.114999999999998,13.333333333333334,5.0,15.969999999999999,12.933333333333332,57.391875
8,0,Alec Burks,0.0,PHI,ATL,-8.5,229.0,118.8,9,5.0,24.0,42.3,PG/SG,4900,1,24.0,16.0,106,112,4%,12,12,13,26,26,29,28.1,29.5,18.4,40.6,16.4,11.3,2.3,23.5,4.8,22.4,21.5,4.6,22.95,4.699999999999999,27.0,12.333333333333334,27.909999999999997,23.766666666666666,18.275
8,1,Evan Fournier,0.0,ORL,BKN,4.0,214.5,105.3,1,21.3,30.2,38.0,SG/SF,5900,2,24.0,16.0,104,105,-14%,16,14,15,36,34,32,30.1,29.7,21.9,37.5,31.0,29.8,5.1,28.8,4.87,28.1,33.0,4.8,28.450000000000003,4.835,34.0,15.0,29.529999999999994,29.833333333333332,27.61323529411765
8,2,JaMychal Green,0.0,LAC,MEM,-10.0,233.0,121.5,27,3.8,11.4,19.8,PF,3100,1,13.0,10.0,106,108,0%,4,4,6,19,19,21,11.4,17.9,9.3,26.5,22.8,30.8,9.9,14.0,4.52,9.2,11.0,3.0,11.6,3.76,19.666666666666668,4.666666666666667,15.339999999999998,11.666666666666666,6.488135593220338
8,3,Jae Crowder,0.0,MIA,CLE,-6.0,222.0,114.0,23,23.3,33.1,45.8,SF/PF,5100,1,17.0,12.0,101,114,3%,8,9,9,25,28,30,33.1,26.5,15.6,37.3,38.3,33.8,6.6,25.5,5.0,26.1,28.0,5.1,25.8,5.05,27.666666666666668,8.666666666666666,27.660000000000004,34.06666666666667,26.110843373493978
8,4,Cam Reddish,0.0,ATL,PHI,8.5,229.0,110.3,7,5.5,23.4,37.0,SG/SF,5000,1,18.0,8.0,102,104,-6%,14,11,9,38,31,27,25.9,20.2,11.2,29.2,22.5,10.3,2.1,20.0,4.0,21.3,30.5,4.3,20.65,4.15,32.0,11.333333333333334,21.43,21.96666666666667,19.682031249999998
8,5,Jake Layman,0.0,MIN,DAL,14.0,239.0,112.5,7,9.0,21.2,35.3,PF,3500,0,17.0,10.0,101,109,0%,11,10,10,32,31,27,23.1,19.1,12.1,26.1,13.3,8.8,2.5,7.0,2.0,7.9,10.5,2.3,7.45,2.15,30.0,10.333333333333334,17.57,21.833333333333332,2.6075000000000004
8,6,Bruno Fernando,0.0,ATL,PHI,8.5,229.0,110.3,16,5.5,8.5,12.5,C,3000,1,16.0,12.0,102,104,-6%,3,2,3,10,9,12,8.5,10.5,3.3,17.7,20.0,15.5,5.2,7.5,2.5,0.0,0.0,0.0,3.75,1.25,10.333333333333334,2.6666666666666665,8.75,8.833333333333334,0.0
8,7,D'Angelo Russell,0.0,MIN,DAL,14.0,239.0,112.5,13,30.5,41.3,58.0,PG,8700,0,33.0,19.0,101,109,-4%,20,17,19,35,33,33,41.3,41.6,29.1,54.1,31.5,42.8,4.9,41.8,4.8,46.2,33.5,5.3,44.0,5.05,33.666666666666664,18.666666666666668,42.019999999999996,43.26666666666667,43.78217821782179
9,0,Devin Booker,0.0,PHO,UTA,8.0,224.5,108.3,29,21.0,39.2,49.8,PG/SG,8000,1,30.0,21.0,101,106,-7%,20,18,18,36,36,36,39.2,42.6,30.5,54.6,34.3,44.5,5.6,40.8,5.09,40.7,36.0,5.1,40.75,5.095,36.0,18.666666666666668,41.53,36.666666666666664,40.75
9,1,Austin Rivers,0.0,HOU,NY,-13.5,227.0,120.3,2,4.3,12.5,22.5,PG/SG,3000,1,15.0,10.0,101,110,0%,5,6,7,21,22,24,12.5,16.1,8.0,24.3,24.2,17.3,5.8,13.8,4.58,19.0,25.5,6.3,16.4,5.4399999999999995,22.333333333333332,6.0,15.460000000000003,13.1,18.725373134328358
9,2,Kevin Knox II,0.0,NY,HOU,13.5,227.0,106.8,30,2.0,5.3,8.8,SF/PF,3000,2,18.0,9.0,106,107,8%,2,4,6,14,15,19,5.3,13.6,6.2,20.9,12.3,4.3,1.4,12.8,4.25,12.2,16.5,4.1,12.5,4.175,16.0,4.0,11.7,5.366666666666667,12.890625
9,3,Caris LeVert,0.0,BKN,ORL,-4.0,214.5,109.3,16,21.5,38.9,51.3,PG/SF,7300,1,28.0,12.0,100,106,-2%,24,20,15,35,34,28,38.9,27.6,16.6,38.6,34.1,38.8,5.3,34.3,4.69,36.1,34.0,4.9,35.2,4.795,32.333333333333336,19.666666666666668,31.379999999999995,37.23333333333333,37.01443298969072
9,4,Wesley Matthews,0.0,MIL,WAS,-13.0,243.5,128.3,11,10.0,15.5,22.3,SG,3400,1,12.0,8.0,106,113,4%,5,7,6,24,27,25,15.5,14.8,7.7,21.9,23.9,15.5,4.6,17.5,5.15,16.9,26.5,5.0,17.2,5.075,25.333333333333332,6.0,15.420000000000002,15.933333333333332,17.992105263157896
9,5,Bobby Portis,0.0,NY,HOU,13.5,227.0,106.8,1,9.3,20.6,29.5,PF/C,4000,2,21.0,14.0,106,107,5%,9,9,9,22,20,21,20.6,20.6,10.8,30.3,24.6,24.5,6.1,19.3,4.81,16.8,17.5,4.2,18.05,4.505,21.0,9.0,20.07,19.8,15.041666666666668
9,6,Jarrett Allen,0.0,BKN,ORL,-4.0,214.5,109.3,14,1.5,22.0,35.3,C,4800,1,15.0,20.0,100,106,-5%,6,6,7,23,21,27,26.4,30.1,19.2,40.9,26.0,41.8,8.7,23.5,4.9,26.3,24.5,5.5,24.9,5.2,23.666666666666668,6.333333333333333,28.3,19.599999999999998,25.77676056338028
9,7,Josh Jackson,0.0,MEM,LAC,10.0,233.0,111.5,29,9.8,18.0,26.8,SF/PF,3300,2,0.0,0.0,105,105,-1%,9,6,7,20,20,18,17.9,16.4,8.6,24.3,25.8,26.3,8.0,21.5,6.52,19.7,23.5,6.0,20.6,6.26,19.333333333333332,7.333333333333333,17.559999999999995,18.2,25.0396551724138
10,0,J.J. Barea,0.0,DAL,MIN,-14.0,239.0,126.5,10,3.0,21.4,29.8,PG/SG,3300,1,0.0,0.0,105,109,3%,9,8,8,18,18,16,21.4,17.9,9.8,25.9,21.6,27.3,8.3,11.5,3.48,14.3,12.0,4.3,12.9,3.8899999999999997,17.333333333333332,8.333333333333334,17.58,18.066666666666666,8.930769230769231
10,1,Evan Fournier,0.0,ORL,BKN,4.0,214.5,105.3,1,21.3,30.2,38.0,SG/SF,5900,2,24.0,16.0,104,105,-14%,16,14,15,36,34,32,30.1,29.7,21.9,37.5,31.0,29.8,5.1,28.8,4.87,28.1,33.0,4.8,28.450000000000003,4.835,34.0,15.0,29.529999999999994,29.833333333333332,27.61323529411765
10,2,Juancho Hernangomez,0.0,MIN,DAL,14.0,239.0,112.5,6,11.5,24.9,37.0,SF/PF,5200,0,14.0,9.0,101,109,1%,10,11,4,27,29,15,24.9,10.3,1.0,19.6,25.2,14.5,2.8,25.0,4.81,23.9,28.5,4.6,24.45,4.705,23.666666666666668,8.333333333333334,16.05,24.46666666666667,29.443309859154926
10,3,Justin Jackson,0.0,DAL,MIN,-14.0,239.0,126.5,28,2.0,10.3,20.5,SF/PF,3100,1,16.0,10.0,105,109,7%,4,4,6,16,14,16,10.3,10.9,4.3,17.4,4.7,6.8,2.2,14.0,4.52,8.4,11.0,2.7,11.2,3.61,15.333333333333334,4.666666666666667,10.819999999999999,10.933333333333332,8.03478260869565
10,4,Pat Connaughton,0.0,MIL,WAS,-13.0,243.5,128.3,11,4.8,13.6,21.8,SG/SF,3600,1,12.0,11.0,106,113,4%,4,4,5,17,21,19,13.6,15.1,8.2,22.1,13.7,8.5,2.4,16.8,4.65,14.2,17.0,3.9,15.5,4.275,19.0,4.333333333333333,14.9,13.4,13.868421052631579
10,5,Jerome Robinson,0.0,WAS,MIL,13.0,243.5,115.3,23,9.0,12.6,15.3,SG/SF,3000,0,15.0,5.0,107,100,-1%,7,6,4,15,17,12,12.6,7.9,0.3,15.4,17.7,11.5,3.8,11.8,3.92,14.2,19.0,4.7,13.0,4.3100000000000005,14.666666666666666,5.666666666666667,9.84,12.300000000000002,16.84090909090909
10,6,Jarrett Allen,0.0,BKN,ORL,-4.0,214.5,109.3,14,1.5,22.0,35.3,C,4800,1,15.0,20.0,100,106,-5%,6,6,7,23,21,27,26.4,30.1,19.2,40.9,26.0,41.8,8.7,23.5,4.9,26.3,24.5,5.5,24.9,5.2,23.666666666666668,6.333333333333333,28.3,19.599999999999998,25.77676056338028
10,7,Wilson Chandler,0.0,BKN,ORL,-4.0,214.5,109.3,30,4.8,14.1,23.5,PF,3100,1,13.0,9.0,100,106,-4%,6,6,5,27,24,21,14.1,15.5,9.5,21.5,23.4,14.0,4.5,16.5,5.32,17.1,22.0,5.5,16.8,5.41,24.0,5.666666666666667,15.48,14.133333333333333,15.400000000000002
11,0,Dennis Smith Jr.,0.0,NY,HOU,13.5,227.0,106.8,28,6.3,12.2,20.3,PG,3300,2,24.0,7.0,106,107,0%,5,4,6,11,13,16,12.2,13.6,4.4,22.8,29.4,44.3,13.4,26.5,8.03,27.2,28.5,8.2,26.85,8.114999999999998,13.333333333333334,5.0,15.969999999999999,12.933333333333332,57.391875
11,1,Kevin Huerter,0.0,ATL,PHI,8.5,229.0,110.3,7,16.8,25.6,32.3,SG/SF,5500,1,18.0,11.0,102,104,-4%,14,13,11,39,38,31,25.6,25.8,15.7,35.9,38.1,25.3,4.6,26.3,4.77,26.9,35.5,4.9,26.6,4.835,36.0,12.666666666666666,25.920000000000005,24.900000000000002,26.230555555555558
11,2,John Collins,0.0,ATL,PHI,8.5,229.0,110.3,17,31.3,46.4,67.8,PF,8800,1,22.0,23.0,102,104,-6%,14,14,15,34,37,32,46.4,41.1,30.0,52.2,39.1,37.3,4.2,42.3,4.8,40.9,34.5,4.6,41.599999999999994,4.699999999999999,34.333333333333336,14.333333333333334,42.26,48.5,41.80194174757281
11,3,Royce O'Neale,0.0,UTA,PHO,-8.0,224.5,116.3,4,11.5,17.2,30.0,SF,3400,1,10.0,9.0,104,108,1%,8,5,5,23,29,29,18.1,18.8,12.3,25.4,25.0,24.8,7.3,16.0,4.71,13.7,22.5,4.0,14.85,4.355,27.0,6.0,17.89,19.566666666666666,12.374999999999998
11,4,Caris LeVert,0.0,BKN,ORL,-4.0,214.5,109.3,16,21.5,38.9,51.3,PG/SF,7300,1,28.0,12.0,100,106,-2%,24,20,15,35,34,28,38.9,27.6,16.6,38.6,34.1,38.8,5.3,34.3,4.69,36.1,34.0,4.9,35.2,4.795,32.333333333333336,19.666666666666668,31.379999999999995,37.23333333333333,37.01443298969072
11,5,Isaac Bonga,0.0,WAS,MIL,13.0,243.5,115.3,11,4.0,14.6,32.8,SF/PF,3100,0,11.0,11.0,107,100,-1%,3,4,3,18,17,18,14.6,12.7,5.1,20.3,24.0,12.8,4.1,19.0,6.13,15.8,23.0,5.1,17.4,5.615,17.666666666666668,3.3333333333333335,14.02,17.133333333333333,22.652830188679243
11,6,Jeff Green,0.0,HOU,NY,-13.5,227.0,120.3,20,7.8,13.8,24.5,PF/C,3100,1,16.0,11.0,101,110,2%,5,6,6,19,17,19,13.8,13.9,7.5,20.2,16.1,19.5,6.3,12.3,3.95,11.9,15.0,3.8,12.100000000000001,3.875,18.333333333333332,5.666666666666667,13.5,15.366666666666667,9.900000000000002
11,7,Jake Layman,0.0,MIN,DAL,14.0,239.0,112.5,7,9.0,21.2,35.3,PF,3500,0,17.0,10.0,101,109,0%,11,10,10,32,31,27,23.1,19.1,12.1,26.1,13.3,8.8,2.5,7.0,2.0,7.9,10.5,2.3,7.45,2.15,30.0,10.333333333333334,17.57,21.833333333333332,2.6075000000000004
12,0,Jordan McLaughlin,0.0,MIN,DAL,14.0,239.0,112.5,13,16.0,28.7,48.0,PG,5600,0,17.0,16.0,101,109,-4%,8,8,6,24,23,20,28.7,18.3,6.9,29.7,13.3,10.3,1.8,15.5,2.77,14.0,15.0,2.5,14.75,2.635,22.333333333333332,7.333333333333333,19.67,30.900000000000002,9.906716417910449
12,1,Delon Wright,0.0,DAL,MIN,-14.0,239.0,126.5,10,9.3,17.3,24.0,PG/SG,4300,1,17.0,17.0,105,109,3%,6,5,6,27,23,22,17.7,20.9,12.3,29.4,21.9,26.0,6.0,22.3,5.17,22.8,23.5,5.3,22.55,5.234999999999999,24.0,5.666666666666667,20.57,16.866666666666667,22.08020833333333
12,2,Taurean Prince,0.0,BKN,ORL,-4.0,214.5,109.3,30,12.8,21.4,27.5,PF,4400,1,20.0,10.0,100,106,-4%,9,12,12,26,28,30,21.4,26.4,17.3,35.4,27.6,19.0,4.3,23.3,5.28,26.3,28.5,6.0,24.8,5.640000000000001,28.0,11.0,25.059999999999995,20.566666666666666,25.242857142857144
12,3,Dorian Finney-Smith,0.0,DAL,MIN,-14.0,239.0,126.5,28,16.0,19.6,24.8,SF/PF,5100,1,13.0,12.0,105,109,7%,7,7,7,33,31,30,19.6,21.6,14.1,29.1,24.5,13.8,2.7,23.5,4.61,24.3,31.0,4.8,23.9,4.705,31.333333333333332,7.0,21.660000000000004,20.133333333333336,23.645744680851063
12,4,Dennis Smith Jr.,0.0,NY,HOU,13.5,227.0,106.8,28,6.3,12.2,20.3,PG,3300,2,24.0,7.0,106,107,0%,5,4,6,11,13,16,12.2,13.6,4.4,22.8,29.4,44.3,13.4,26.5,8.03,27.2,28.5,8.2,26.85,8.114999999999998,13.333333333333334,5.0,15.969999999999999,12.933333333333332,57.391875
12,5,Kelan Martin,0.0,MIN,DAL,14.0,239.0,112.5,7,2.0,17.1,29.0,PF,3000,0,16.0,7.0,101,109,1%,10,7,6,23,18,17,17.1,12.8,3.9,21.6,14.9,25.0,8.3,14.3,4.75,12.0,14.5,4.0,13.15,4.375,19.333333333333332,7.666666666666667,13.709999999999999,16.033333333333335,9.8625
12,6,Rui Hachimura,0.0,WAS,MIL,13.0,243.5,115.3,13,15.3,28.4,36.5,PF/C,5700,0,19.0,15.0,107,100,3%,11,11,12,29,28,29,28.4,25.7,15.8,35.5,46.1,22.0,3.9,24.5,4.3,30.0,32.0,5.3,27.25,4.8,28.666666666666668,11.333333333333334,26.529999999999994,26.733333333333334,30.418604651162788
12,7,Danuel House Jr.,0.0,HOU,NY,-13.5,227.0,120.3,21,13.5,21.4,30.8,SF/PF,4200,1,13.0,12.0,101,110,8%,5,7,9,22,30,31,21.4,22.3,12.6,31.9,25.8,26.3,6.3,20.3,4.82,26.6,32.0,6.3,23.450000000000003,5.5600000000000005,27.666666666666668,7.0,22.33,21.900000000000002,27.12289156626506
13,0,James Harden,0.0,HOU,NY,-13.5,227.0,120.3,2,46.0,60.1,67.0,PG/SG,11000,1,37.0,29.0,101,110,0%,20,20,24,34,35,38,60.4,61.5,47.3,75.7,33.9,61.0,5.5,60.8,5.52,68.7,37.0,6.2,64.75,5.859999999999999,35.666666666666664,21.333333333333332,61.93000000000001,57.699999999999996,67.17056074766356
13,1,Ty Jerome,0.0,PHO,UTA,8.0,224.5,108.3,29,-0.5,6.8,18.5,PG/SG,3000,1,0.0,0.0,101,106,-1%,4,4,4,11,11,12,6.8,9.7,1.6,17.8,2.1,3.3,1.1,7.5,2.5,0.0,0.0,0.0,3.75,1.25,11.333333333333334,4.0,7.93,8.266666666666667,0.0
13,2,Isaac Bonga,0.0,WAS,MIL,13.0,243.5,115.3,11,4.0,14.6,32.8,SF/PF,3100,0,11.0,11.0,107,100,-1%,3,4,3,18,17,18,14.6,12.7,5.1,20.3,24.0,12.8,4.1,19.0,6.13,15.8,23.0,5.1,17.4,5.615,17.666666666666668,3.3333333333333335,14.02,17.133333333333333,22.652830188679243
13,3,Josh Okogie,0.0,MIN,DAL,14.0,239.0,112.5,26,13.8,20.4,25.0,SG/SF,4300,0,16.0,12.0,101,109,-3%,6,6,7,27,26,25,20.8,19.1,11.2,27.1,26.0,17.8,4.1,20.5,4.77,20.8,27.0,4.8,20.65,4.785,26.0,6.333333333333333,19.77,19.733333333333334,21.444230769230767
13,4,Devin Booker,0.0,PHO,UTA,8.0,224.5,108.3,29,21.0,39.2,49.8,PG/SG,8000,1,30.0,21.0,101,106,-7%,20,18,18,36,36,36,39.2,42.6,30.5,54.6,34.3,44.5,5.6,40.8,5.09,40.7,36.0,5.1,40.75,5.095,36.0,18.666666666666668,41.53,36.666666666666664,40.75
13,5,Cameron Johnson,0.0,PHO,UTA,8.0,224.5,108.3,12,13.8,18.1,23.0,SF/PF,3100,1,16.0,12.0,101,106,-1%,7,7,7,19,20,20,18.1,15.2,7.0,23.5,20.3,12.5,4.0,12.5,4.03,12.4,18.5,4.0,12.45,4.015000000000001,19.666666666666668,7.0,15.25,18.3,11.7114406779661
13,6,Mitchell Robinson,0.0,NY,HOU,13.5,227.0,106.8,4,15.0,25.5,42.3,C,4700,2,13.0,23.0,106,107,-1%,6,5,5,18,22,23,25.5,23.9,15.4,32.4,25.8,36.5,7.8,22.8,4.84,20.9,20.5,4.4,21.85,4.62,21.0,5.333333333333333,23.810000000000002,27.599999999999998,21.329761904761906
13,7,Treveon Graham,0.0,ATL,PHI,8.5,229.0,110.3,24,0.0,9.3,22.8,SF,3000,1,12.0,6.0,102,104,-4%,3,3,5,12,13,18,9.3,10.1,2.7,17.4,7.2,8.3,2.8,3.5,1.17,0.0,0.0,0.0,1.75,0.585,14.333333333333334,3.6666666666666665,8.25,10.700000000000001,0.0
16,0,Darius Garland,0.0,CLE,MIA,6.0,222.0,108.0,18,16.0,22.4,25.5,PG,4400,1,22.0,9.0,100,107,-8%,11,11,12,35,33,31,22.4,21.6,13.9,29.2,39.7,36.8,8.4,24.0,5.45,23.1,33.5,5.3,23.55,5.375,33.0,11.333333333333334,22.130000000000003,21.3,23.90681818181818
16,1,Terrence Ross,0.0,ORL,BKN,4.0,214.5,105.3,1,19.0,27.0,32.3,SG/SF,5000,2,22.0,13.0,104,105,0%,14,14,12,32,32,27,27.0,22.7,15.4,30.0,27.8,36.0,7.2,24.8,4.95,22.6,28.0,4.5,23.700000000000003,4.725,30.333333333333332,13.333333333333334,23.76,26.099999999999998,21.87692307692308
16,2,Isaac Bonga,0.0,WAS,MIL,13.0,243.5,115.3,11,4.0,14.6,32.8,SF/PF,3100,0,11.0,11.0,107,100,-1%,3,4,3,18,17,18,14.6,12.7,5.1,20.3,24.0,12.8,4.1,19.0,6.13,15.8,23.0,5.1,17.4,5.615,17.666666666666668,3.3333333333333335,14.02,17.133333333333333,22.652830188679243
16,3,Eric Gordon,0.0,HOU,NY,-13.5,227.0,120.3,14,8.8,20.1,24.3,SG/SF,3700,1,21.0,11.0,101,110,-3%,11,14,14,27,30,30,23.9,23.4,11.4,35.4,28.0,22.0,5.9,21.8,5.88,25.5,28.5,6.9,23.65,6.390000000000001,29.0,13.0,23.55,17.733333333333334,23.242241379310343
16,4,Jeff Teague,0.0,ATL,PHI,8.5,229.0,110.3,3,0.8,16.0,31.3,PG/SG,3500,1,19.0,15.0,102,104,-6%,6,6,9,19,21,26,19.5,25.2,14.6,35.8,17.7,11.5,3.3,16.3,4.64,15.2,17.0,4.3,15.75,4.47,22.0,7.0,22.169999999999998,16.033333333333335,12.170454545454547
16,5,Jake Layman,0.0,MIN,DAL,14.0,239.0,112.5,7,9.0,21.2,35.3,PF,3500,0,17.0,10.0,101,109,0%,11,10,10,32,31,27,23.1,19.1,12.1,26.1,13.3,8.8,2.5,7.0,2.0,7.9,10.5,2.3,7.45,2.15,30.0,10.333333333333334,17.57,21.833333333333332,2.6075000000000004
16,6,Moritz Wagner,0.0,WAS,MIL,13.0,243.5,115.3,13,11.3,18.4,33.3,PF/C,3900,0,21.0,18.0,107,100,3%,5,6,7,15,20,20,18.4,21.8,12.1,31.4,28.5,28.0,7.2,18.3,4.68,25.4,24.5,6.5,21.85,5.59,18.333333333333332,6.0,21.109999999999996,21.0,29.199545454545458
16,7,Ish Smith,0.0,WAS,MIL,13.0,243.5,115.3,4,20.0,25.7,34.8,PG,5000,0,20.0,14.0,107,100,-1%,9,8,10,29,29,27,25.6,24.5,14.7,34.2,25.9,30.0,6.0,26.5,5.3,27.2,28.5,5.4,26.85,5.35,28.333333333333332,9.0,25.170000000000005,26.833333333333332,27.00794117647059
17,0,Donte DiVincenzo,0.0,MIL,WAS,-13.0,243.5,128.3,26,11.0,18.3,35.5,PG/SG,4600,1,17.0,15.0,106,113,4%,6,8,8,19,24,24,18.7,22.3,15.0,29.7,28.5,28.5,6.2,21.3,4.62,18.8,20.5,4.1,20.05,4.359999999999999,22.333333333333332,7.333333333333333,21.15,21.599999999999998,18.40410447761194
17,1,Landry Shamet,0.0,LAC,MEM,-10.0,233.0,121.5,25,12.5,18.8,24.0,SG/SF,4500,1,13.0,9.0,106,108,5%,9,8,8,41,35,30,18.8,18.4,10.8,26.0,24.0,25.8,5.7,21.3,4.72,14.3,24.5,3.2,17.8,3.96,35.333333333333336,8.333333333333334,18.36,18.433333333333334,12.342452830188678
17,2,Georges Niang,0.0,UTA,PHO,-8.0,224.5,116.3,4,2.8,10.5,19.3,SF/PF,3000,1,16.0,12.0,104,108,1%,4,5,5,13,12,14,10.5,10.9,4.2,17.5,10.0,2.5,0.8,10.5,3.5,8.5,11.0,2.8,9.5,3.15,13.0,4.666666666666667,10.52,10.866666666666667,8.038461538461538
17,3,Dorian Finney-Smith,0.0,DAL,MIN,-14.0,239.0,126.5,28,16.0,19.6,24.8,SF/PF,5100,1,13.0,12.0,105,109,7%,7,7,7,33,31,30,19.6,21.6,14.1,29.1,24.5,13.8,2.7,23.5,4.61,24.3,31.0,4.8,23.9,4.705,31.333333333333332,7.0,21.660000000000004,20.133333333333336,23.645744680851063
17,4,Ben McLemore,0.0,HOU,NY,-13.5,227.0,120.3,14,6.0,15.7,19.0,SG/SF,3100,1,15.0,12.0,101,110,-3%,4,5,8,17,21,24,16.1,17.8,8.9,26.8,29.2,21.8,7.0,9.8,3.15,17.6,22.5,5.7,13.700000000000001,4.425,20.666666666666668,5.666666666666667,16.660000000000004,13.566666666666668,14.915322580645162
17,5,John Collins,0.0,ATL,PHI,8.5,229.0,110.3,17,31.3,46.4,67.8,PF,8800,1,22.0,23.0,102,104,-6%,14,14,15,34,37,32,46.4,41.1,30.0,52.2,39.1,37.3,4.2,42.3,4.8,40.9,34.5,4.6,41.599999999999994,4.699999999999999,34.333333333333336,14.333333333333334,42.26,48.5,41.80194174757281
17,6,Andre Drummond,0.0,CLE,MIA,6.0,222.0,108.0,12,15.0,40.5,66.8,C,8100,1,28.0,22.0,100,107,-6%,7,12,14,23,27,33,40.5,48.0,35.9,60.2,23.6,25.0,3.1,36.5,4.51,36.8,26.0,4.5,36.65,4.505,27.666666666666668,11.0,44.25,40.766666666666666,34.44216867469879
17,7,Rui Hachimura,0.0,WAS,MIL,13.0,243.5,115.3,13,15.3,28.4,36.5,PF/C,5700,0,19.0,15.0,107,100,3%,11,11,12,29,28,29,28.4,25.7,15.8,35.5,46.1,22.0,3.9,24.5,4.3,30.0,32.0,5.3,27.25,4.8,28.666666666666668,11.333333333333334,26.529999999999994,26.733333333333334,30.418604651162788
18,0,Michael Carter-Williams,0.0,ORL,BKN,4.0,214.5,105.3,7,17.3,20.8,26.0,PG/SG,4100,2,19.0,15.0,104,105,4%,3,5,6,20,22,18,20.8,17.8,10.1,25.6,17.1,11.5,2.8,13.8,3.35,16.7,17.5,4.1,15.25,3.7249999999999996,20.0,4.666666666666667,17.91,21.366666666666664,13.34375
18,1,Kevin Huerter,0.0,ATL,PHI,8.5,229.0,110.3,7,16.8,25.6,32.3,SG/SF,5500,1,18.0,11.0,102,104,-4%,14,13,11,39,38,31,25.6,25.8,15.7,35.9,38.1,25.3,4.6,26.3,4.77,26.9,35.5,4.9,26.6,4.835,36.0,12.666666666666666,25.920000000000005,24.900000000000002,26.230555555555558
18,2,Al Horford,0.0,PHI,ATL,-8.5,229.0,118.8,12,15.3,21.9,34.0,PF/C,4500,1,18.0,15.0,106,112,7%,6,9,11,26,29,31,23.7,30.2,21.4,39.0,30.8,26.5,5.9,27.5,6.11,30.7,30.0,6.8,29.1,6.455,28.666666666666668,8.666666666666666,28.68,23.733333333333334,30.453488372093023
18,3,Isaac Bonga,0.0,WAS,MIL,13.0,243.5,115.3,11,4.0,14.6,32.8,SF/PF,3100,0,11.0,11.0,107,100,-1%,3,4,3,18,17,18,14.6,12.7,5.1,20.3,24.0,12.8,4.1,19.0,6.13,15.8,23.0,5.1,17.4,5.615,17.666666666666668,3.3333333333333335,14.02,17.133333333333333,22.652830188679243
18,4,Kendrick Nunn,0.0,MIA,CLE,-6.0,222.0,114.0,14,7.8,22.5,46.0,PG/SG,5600,1,24.0,13.0,101,114,8%,10,13,14,29,27,30,22.4,26.8,17.1,36.5,34.3,33.8,6.0,30.8,5.49,31.4,31.5,5.6,31.1,5.545,28.666666666666668,12.333333333333334,26.78,25.433333333333334,34.17383720930233
18,5,Kevin Knox II,0.0,NY,HOU,13.5,227.0,106.8,30,2.0,5.3,8.8,SF/PF,3000,2,18.0,9.0,106,107,8%,2,4,6,14,15,19,5.3,13.6,6.2,20.9,12.3,4.3,1.4,12.8,4.25,12.2,16.5,4.1,12.5,4.175,16.0,4.0,11.7,5.366666666666667,12.890625
18,6,Julius Randle,0.0,NY,HOU,13.5,227.0,106.8,1,22.8,40.8,64.5,PF/C,8200,2,28.0,17.0,106,107,5%,14,17,16,34,36,33,40.8,38.3,28.9,47.6,27.7,38.0,4.6,44.8,5.46,44.4,34.0,5.4,44.599999999999994,5.43,34.333333333333336,15.666666666666666,40.04,42.699999999999996,44.16699029126213
18,7,Kelan Martin,0.0,MIN,DAL,14.0,239.0,112.5,7,2.0,17.1,29.0,PF,3000,0,16.0,7.0,101,109,1%,10,7,6,23,18,17,17.1,12.8,3.9,21.6,14.9,25.0,8.3,14.3,4.75,12.0,14.5,4.0,13.15,4.375,19.333333333333332,7.666666666666667,13.709999999999999,16.033333333333335,9.8625
19,0,Kendrick Nunn,0.0,MIA,CLE,-6.0,222.0,114.0,14,7.8,22.5,46.0,PG/SG,5600,1,24.0,13.0,101,114,8%,10,13,14,29,27,30,22.4,26.8,17.1,36.5,34.3,33.8,6.0,30.8,5.49,31.4,31.5,5.6,31.1,5.545,28.666666666666668,12.333333333333334,26.78,25.433333333333334,34.17383720930233
19,1,Austin Rivers,0.0,HOU,NY,-13.5,227.0,120.3,2,4.3,12.5,22.5,PG/SG,3000,1,15.0,10.0,101,110,0%,5,6,7,21,22,24,12.5,16.1,8.0,24.3,24.2,17.3,5.8,13.8,4.58,19.0,25.5,6.3,16.4,5.4399999999999995,22.333333333333332,6.0,15.460000000000003,13.1,18.725373134328358
19,2,James Johnson,0.0,MIN,DAL,14.0,239.0,112.5,7,20.8,28.2,31.8,PF/C,5000,0,17.0,12.0,101,109,1%,10,8,6,24,26,18,27.8,16.3,5.0,27.7,23.8,29.8,6.0,22.3,4.45,21.6,23.0,4.3,21.950000000000003,4.375,22.666666666666668,8.0,19.75,26.933333333333334,22.272794117647063
19,3,Tim Hardaway Jr.,0.0,DAL,MIN,-14.0,239.0,126.5,6,24.5,35.9,47.5,SG/SF,7000,1,22.0,15.0,105,109,7%,16,15,12,34,33,28,35.9,24.6,13.7,35.4,27.5,32.5,4.6,28.3,4.04,29.5,32.0,4.2,28.9,4.12,31.666666666666668,14.333333333333334,27.7,35.96666666666667,29.204210526315787
19,4,Dante Exum,0.0,CLE,MIA,6.0,222.0,108.0,18,5.0,13.4,28.0,PG/SG,3700,1,15.0,11.0,100,107,-8%,5,3,4,25,18,14,13.3,9.7,2.2,17.2,6.4,5.3,1.4,16.5,4.46,11.8,16.5,3.2,14.15,3.83,19.0,4.0,11.31,15.466666666666667,12.288157894736841
19,5,Eric Gordon,0.0,HOU,NY,-13.5,227.0,120.3,14,8.8,20.1,24.3,SG/SF,3700,1,21.0,11.0,101,110,-3%,11,14,14,27,30,30,23.9,23.4,11.4,35.4,28.0,22.0,5.9,21.8,5.88,25.5,28.5,6.9,23.65,6.390000000000001,29.0,13.0,23.55,17.733333333333334,23.242241379310343
19,6,Jeff Green,0.0,HOU,NY,-13.5,227.0,120.3,20,7.8,13.8,24.5,PF/C,3100,1,16.0,11.0,101,110,2%,5,6,6,19,17,19,13.8,13.9,7.5,20.2,16.1,19.5,6.3,12.3,3.95,11.9,15.0,3.8,12.100000000000001,3.875,18.333333333333332,5.666666666666667,13.5,15.366666666666667,9.900000000000002
19,7,Robert Covington,0.0,HOU,NY,-13.5,227.0,120.3,21,15.8,30.8,39.3,SF/PF,6000,1,16.0,14.0,101,110,2%,14,12,11,32,32,30,30.4,28.7,20.3,37.0,30.1,32.3,5.4,32.5,5.42,36.2,34.0,6.0,34.35,5.71,31.333333333333332,12.333333333333334,30.15,28.633333333333336,37.27340425531915
20,0,Jaylen Nowell,0.0,MIN,DAL,14.0,239.0,112.5,13,2.8,10.3,16.5,PG/SG,3000,0,0.0,0.0,101,109,-4%,5,6,5,13,12,13,10.3,8.9,4.6,13.2,4.7,1.5,0.5,8.3,2.75,0.0,0.0,0.0,4.15,1.375,12.666666666666666,5.333333333333333,8.23,9.866666666666667,0.0
20,1,Duncan Robinson,0.0,MIA,CLE,-6.0,222.0,114.0,13,15.5,26.2,35.5,SG/SF,5000,1,15.0,12.0,101,114,8%,12,13,9,33,34,30,26.1,22.3,13.9,30.8,37.1,19.8,4.0,25.3,5.05,27.1,32.5,5.4,26.200000000000003,5.225,32.333333333333336,11.333333333333334,23.860000000000003,25.733333333333334,26.335051546391753
20,2,Michael Kidd-Gilchrist,0.0,DAL,MIN,-14.0,239.0,126.5,15,0.0,2.5,5.3,PF,3000,1,0.0,0.0,105,109,7%,1,1,4,4,6,12,2.5,8.0,1.4,14.7,20.8,13.5,4.5,5.8,1.92,0.0,0.0,0.0,2.9,0.96,7.333333333333333,2.0,5.8999999999999995,2.6,0.0
20,3,Tim Hardaway Jr.,0.0,DAL,MIN,-14.0,239.0,126.5,6,24.5,35.9,47.5,SG/SF,7000,1,22.0,15.0,105,109,7%,16,15,12,34,33,28,35.9,24.6,13.7,35.4,27.5,32.5,4.6,28.3,4.04,29.5,32.0,4.2,28.9,4.12,31.666666666666668,14.333333333333334,27.7,35.96666666666667,29.204210526315787
20,4,Malik Beasley,0.0,MIN,DAL,14.0,239.0,112.5,26,24.0,36.6,48.0,SG,6000,0,20.0,12.0,101,109,-3%,16,17,8,35,34,20,36.6,16.5,5.2,27.9,35.4,29.5,4.9,29.8,4.96,32.9,34.0,5.5,31.35,5.23,29.666666666666668,13.666666666666666,23.51,36.199999999999996,35.92921348314607
20,5,Rui Hachimura,0.0,WAS,MIL,13.0,243.5,115.3,13,15.3,28.4,36.5,PF/C,5700,0,19.0,15.0,107,100,3%,11,11,12,29,28,29,28.4,25.7,15.8,35.5,46.1,22.0,3.9,24.5,4.3,30.0,32.0,5.3,27.25,4.8,28.666666666666668,11.333333333333334,26.529999999999994,26.733333333333334,30.418604651162788
20,6,Kelly Olynyk,0.0,MIA,CLE,-6.0,222.0,114.0,9,4.5,20.7,41.5,PF/C,3700,1,16.0,14.0,101,114,-1%,6,6,6,19,17,20,20.7,18.1,7.4,28.8,14.7,20.3,5.5,23.3,6.28,21.7,23.0,5.9,22.5,6.09,18.666666666666668,6.0,19.5,22.233333333333334,27.723214285714285
20,7,Brandon Clarke,0.0,MEM,LAC,10.0,233.0,111.5,14,16.0,28.7,42.0,PF/C,5500,2,19.0,22.0,105,105,-4%,9,10,8,29,25,22,28.7,25.0,17.5,32.6,3.9,0.8,0.1,34.8,6.32,33.8,32.0,6.1,34.3,6.21,25.333333333333332,9.0,27.620000000000005,28.900000000000002,43.32631578947368
21,0,RJ Barrett,0.0,NY,HOU,13.5,227.0,106.8,28,8.0,17.9,23.5,PG/SG,5200,2,24.0,10.0,106,107,5%,18,11,13,28,24,31,17.9,26.0,14.8,37.2,34.0,33.5,6.4,26.5,5.1,25.9,29.5,5.0,26.2,5.05,27.666666666666668,14.0,24.419999999999998,16.466666666666665,27.93614457831325
21,1,Lou Williams,0.0,LAC,MEM,-10.0,233.0,121.5,8,24.5,36.5,60.5,PG/SG,6300,1,30.0,17.0,106,108,5%,25,18,16,38,33,30,36.5,33.8,23.8,43.7,21.7,22.0,3.5,30.0,4.76,29.2,27.5,4.6,29.6,4.68,33.666666666666664,19.666666666666668,33.480000000000004,40.5,24.17821782178218
21,2,Moritz Wagner,0.0,WAS,MIL,13.0,243.5,115.3,13,11.3,18.4,33.3,PF/C,3900,0,21.0,18.0,107,100,3%,5,6,7,15,20,20,18.4,21.8,12.1,31.4,28.5,28.0,7.2,18.3,4.68,25.4,24.5,6.5,21.85,5.59,18.333333333333332,6.0,21.109999999999996,21.0,29.199545454545458
21,3,Dorian Finney-Smith,0.0,DAL,MIN,-14.0,239.0,126.5,28,16.0,19.6,24.8,SF/PF,5100,1,13.0,12.0,105,109,7%,7,7,7,33,31,30,19.6,21.6,14.1,29.1,24.5,13.8,2.7,23.5,4.61,24.3,31.0,4.8,23.9,4.705,31.333333333333332,7.0,21.660000000000004,20.133333333333336,23.645744680851063
21,4,Donovan Mitchell,0.0,UTA,PHO,-8.0,224.5,116.3,11,19.8,34.6,42.8,PG/SG,7500,1,30.0,19.0,104,108,0%,19,18,20,34,35,35,34.6,39.3,30.1,48.5,35.3,52.0,6.9,39.8,5.3,38.7,35.0,5.2,39.25,5.25,34.666666666666664,19.0,38.35,32.4,39.62740384615385
21,5,James Ennis III,0.0,ORL,BKN,4.0,214.5,105.3,10,3.3,7.8,13.3,SF/PF,3000,2,16.0,12.0,104,105,-14%,5,4,5,18,15,16,8.2,12.6,5.7,19.5,27.0,22.0,7.3,13.0,4.33,15.1,21.5,5.0,14.05,4.665,16.333333333333332,4.666666666666667,12.01,8.133333333333333,18.494387755102043
21,6,Nikola Vucevic,0.0,ORL,BKN,4.0,214.5,105.3,10,47.0,51.9,55.5,C,9100,2,26.0,22.0,104,105,8%,24,19,17,39,36,33,51.9,43.5,34.3,52.6,33.9,40.0,4.4,50.0,5.49,47.8,34.0,5.3,48.9,5.395,36.0,20.0,46.24,51.46666666666667,46.18333333333334
21,7,Maxi Kleber,0.0,DAL,MIN,-14.0,239.0,126.5,15,9.5,21.2,34.3,PF/C,4900,1,14.0,15.0,105,109,0%,12,8,7,26,24,25,21.1,20.7,12.7,28.6,20.9,25.3,5.2,20.5,4.18,20.5,23.5,4.2,20.5,4.1899999999999995,25.0,9.0,20.720000000000002,21.666666666666668,19.27
22,0,Shabazz Napier,0.0,WAS,MIL,13.0,243.5,115.3,4,14.5,17.5,21.5,PG/SG,3900,0,21.0,14.0,107,100,-1%,5,5,8,18,19,23,17.5,23.4,12.7,34.2,36.1,47.0,12.1,18.5,4.74,19.9,19.5,5.1,19.2,4.92,20.0,6.0,21.4,17.833333333333332,18.72
22,1,Jeff Teague,0.0,ATL,PHI,8.5,229.0,110.3,3,0.8,16.0,31.3,PG/SG,3500,1,19.0,15.0,102,104,-6%,6,6,9,19,21,26,19.5,25.2,14.6,35.8,17.7,11.5,3.3,16.3,4.64,15.2,17.0,4.3,15.75,4.47,22.0,7.0,22.169999999999998,16.033333333333335,12.170454545454547
22,2,Cedi Osman,0.0,CLE,MIA,6.0,222.0,108.0,19,14.5,25.7,40.3,SF/PF,4600,1,17.0,11.0,100,107,1%,11,10,9,34,30,29,25.7,21.6,13.5,29.8,24.0,11.3,2.5,22.0,4.78,21.5,28.0,4.7,21.75,4.74,31.0,10.0,22.47,26.833333333333332,19.645161290322584
22,3,Khris Middleton,0.0,MIL,WAS,-13.0,243.5,128.3,7,32.3,45.3,57.8,SF,8300,1,26.0,22.0,106,113,7%,17,17,15,32,33,30,45.3,37.7,27.5,48.0,40.7,59.8,7.2,40.5,4.88,42.3,32.0,5.1,41.4,4.99,31.666666666666668,16.333333333333332,39.980000000000004,45.133333333333326,41.83578947368421
22,4,Eric Gordon,0.0,HOU,NY,-13.5,227.0,120.3,14,8.8,20.1,24.3,SG/SF,3700,1,21.0,11.0,101,110,-3%,11,14,14,27,30,30,23.9,23.4,11.4,35.4,28.0,22.0,5.9,21.8,5.88,25.5,28.5,6.9,23.65,6.390000000000001,29.0,13.0,23.55,17.733333333333334,23.242241379310343
22,5,Kelly Oubre Jr.,0.0,PHO,UTA,8.0,224.5,108.3,12,16.3,25.0,32.5,SF/PF,6700,1,21.0,15.0,101,106,-7%,16,15,15,35,34,35,25.0,34.3,23.6,45.1,37.9,28.8,4.3,33.0,4.93,31.9,35.5,4.8,32.45,4.865,34.666666666666664,15.333333333333334,32.089999999999996,24.599999999999998,33.23004807692308
22,6,Montrezl Harrell,0.0,LAC,MEM,-10.0,233.0,121.5,2,13.8,32.5,55.3,C,5400,1,25.0,23.0,106,108,0%,11,10,14,36,29,29,34.9,34.0,23.4,44.6,19.6,29.8,5.5,30.0,5.56,30.3,26.5,5.6,30.15,5.58,31.333333333333332,11.666666666666666,33.410000000000004,33.86666666666667,25.499202127659572
22,7,Moe Harkless,0.0,NY,HOU,13.5,227.0,106.8,30,4.0,13.0,23.3,SF/PF,3100,2,10.0,10.0,106,107,8%,4,4,4,21,21,23,12.9,15.0,8.0,22.1,28.4,16.3,5.3,14.3,4.6,17.3,24.0,5.6,15.8,5.1,21.666666666666668,4.0,14.76,13.433333333333332,17.501538461538463
23,0,Reggie Jackson,0.0,LAC,MEM,-10.0,233.0,121.5,8,13.8,27.7,38.5,PG,6100,1,28.0,14.0,106,108,2%,13,14,14,29,30,27,27.6,27.2,15.7,38.8,22.1,19.3,3.2,14.5,2.38,13.8,14.0,2.3,14.15,2.34,28.666666666666668,13.666666666666666,24.69,26.666666666666668,6.910465116279069
23,1,Garrett Temple,0.0,BKN,ORL,-4.0,214.5,109.3,16,16.0,22.1,38.3,PG/SG,4100,1,17.0,10.0,100,106,-2%,9,8,10,30,27,29,22.1,21.5,13.1,29.9,27.5,32.0,7.8,19.8,4.82,19.6,26.0,4.8,19.700000000000003,4.8100000000000005,28.666666666666668,9.0,21.259999999999998,25.46666666666667,17.867441860465117
23,2,Derrick Jones Jr.,0.0,MIA,CLE,-6.0,222.0,114.0,23,8.5,16.3,32.5,SF/PF,4100,1,14.0,14.0,101,114,5%,8,5,7,20,22,26,16.3,19.8,10.8,28.7,36.7,24.8,6.0,20.8,5.06,22.4,27.5,5.5,21.6,5.279999999999999,22.666666666666668,6.666666666666667,19.439999999999998,19.099999999999998,26.205882352941178
23,3,Marko Guduric,0.0,MEM,LAC,10.0,233.0,111.5,30,1.3,7.9,16.5,SG/SF,3000,2,17.0,8.0,105,105,0%,2,2,4,5,8,13,7.9,9.2,2.4,16.0,7.0,11.8,3.9,5.0,1.67,0.0,0.0,0.0,2.5,0.835,8.666666666666666,2.6666666666666665,7.6,8.566666666666668,0.0
23,4,Goran Dragic,0.0,MIA,CLE,-6.0,222.0,114.0,14,22.8,30.4,46.0,PG,6000,1,26.0,16.0,101,114,8%,10,13,12,26,29,29,30.4,29.5,20.9,38.2,34.1,36.5,6.1,31.0,5.17,31.2,27.5,5.2,31.1,5.1850000000000005,28.0,11.666666666666666,30.02,33.06666666666667,30.544642857142858
23,5,Eric Gordon,0.0,HOU,NY,-13.5,227.0,120.3,14,8.8,20.1,24.3,SG/SF,3700,1,21.0,11.0,101,110,-3%,11,14,14,27,30,30,23.9,23.4,11.4,35.4,28.0,22.0,5.9,21.8,5.88,25.5,28.5,6.9,23.65,6.390000000000001,29.0,13.0,23.55,17.733333333333334,23.242241379310343
23,6,Maxi Kleber,0.0,DAL,MIN,-14.0,239.0,126.5,15,9.5,21.2,34.3,PF/C,4900,1,14.0,15.0,105,109,0%,12,8,7,26,24,25,21.1,20.7,12.7,28.6,20.9,25.3,5.2,20.5,4.18,20.5,23.5,4.2,20.5,4.1899999999999995,25.0,9.0,20.720000000000002,21.666666666666668,19.27
23,7,Justin Jackson,0.0,DAL,MIN,-14.0,239.0,126.5,28,2.0,10.3,20.5,SF/PF,3100,1,16.0,10.0,105,109,7%,4,4,6,16,14,16,10.3,10.9,4.3,17.4,4.7,6.8,2.2,14.0,4.52,8.4,11.0,2.7,11.2,3.61,15.333333333333334,4.666666666666667,10.819999999999999,10.933333333333332,8.03478260869565
24,0,Jeff Teague,0.0,ATL,PHI,8.5,229.0,110.3,3,0.8,16.0,31.3,PG/SG,3500,1,19.0,15.0,102,104,-6%,6,6,9,19,21,26,19.5,25.2,14.6,35.8,17.7,11.5,3.3,16.3,4.64,15.2,17.0,4.3,15.75,4.47,22.0,7.0,22.169999999999998,16.033333333333335,12.170454545454547
24,1,James Harden,0.0,HOU,NY,-13.5,227.0,120.3,2,46.0,60.1,67.0,PG/SG,11000,1,37.0,29.0,101,110,0%,20,20,24,34,35,38,60.4,61.5,47.3,75.7,33.9,61.0,5.5,60.8,5.52,68.7,37.0,6.2,64.75,5.859999999999999,35.666666666666664,21.333333333333332,61.93000000000001,57.699999999999996,67.17056074766356
24,2,Marvin Williams,0.0,MIL,WAS,-13.0,243.5,128.3,16,6.8,12.8,19.0,PF,3100,1,10.0,12.0,106,113,3%,3,3,5,14,18,19,12.8,14.1,5.3,22.9,22.3,7.3,2.4,15.8,5.08,14.0,18.0,4.5,14.9,4.79,17.0,3.6666666666666665,14.0,12.866666666666667,15.776470588235295
24,3,Kyle Anderson,0.0,MEM,LAC,10.0,233.0,111.5,30,20.0,23.1,27.3,SG/SF,4500,2,14.0,14.0,105,105,-1%,6,6,5,23,26,19,23.1,16.4,8.7,24.0,21.5,23.0,5.1,20.5,4.56,21.4,26.5,4.8,20.95,4.68,22.666666666666668,5.666666666666667,18.630000000000003,23.46666666666667,24.493014705882352
24,4,Pat Connaughton,0.0,MIL,WAS,-13.0,243.5,128.3,11,4.8,13.6,21.8,SG/SF,3600,1,12.0,11.0,106,113,4%,4,4,5,17,21,19,13.6,15.1,8.2,22.1,13.7,8.5,2.4,16.8,4.65,14.2,17.0,3.9,15.5,4.275,19.0,4.333333333333333,14.9,13.4,13.868421052631579
24,5,Troy Brown Jr.,0.0,WAS,MIL,13.0,243.5,115.3,11,15.8,21.5,27.8,SF,4400,0,17.0,14.0,107,100,-8%,7,7,9,21,20,26,21.4,23.4,13.5,33.3,21.1,8.3,1.9,25.0,5.68,22.8,25.5,5.2,23.9,5.4399999999999995,22.333333333333332,7.666666666666667,23.1,21.7,27.288805970149255
24,6,Chris Silva,0.0,MIA,CLE,-6.0,222.0,114.0,27,1.3,5.6,11.5,C,3000,1,0.0,0.0,101,114,-1%,1,2,2,3,6,8,5.2,8.2,1.0,15.4,11.9,14.0,4.7,6.3,2.08,0.0,0.0,0.0,3.15,1.04,5.666666666666667,1.6666666666666667,6.589999999999999,6.133333333333333,0.0
24,7,Lou Williams,0.0,LAC,MEM,-10.0,233.0,121.5,8,24.5,36.5,60.5,PG/SG,6300,1,30.0,17.0,106,108,5%,25,18,16,38,33,30,36.5,33.8,23.8,43.7,21.7,22.0,3.5,30.0,4.76,29.2,27.5,4.6,29.6,4.68,33.666666666666664,19.666666666666668,33.480000000000004,40.5,24.17821782178218
27,0,Shake Milton,0.0,PHI,ATL,-8.5,229.0,118.8,9,7.3,13.4,22.0,PG/SG,3600,1,20.0,11.0,106,112,4%,7,5,5,18,14,15,9.6,12.1,1.3,22.9,26.4,25.8,7.2,18.8,5.21,18.7,23.5,5.2,18.75,5.205,15.666666666666666,5.666666666666667,12.929999999999998,14.233333333333334,28.125000000000004
27,1,Seth Curry,0.0,DAL,MIN,-14.0,239.0,126.5,6,16.0,31.7,45.0,SG,5400,1,19.0,15.0,105,109,3%,13,11,9,33,33,24,31.7,19.8,8.7,31.0,24.7,26.5,4.9,22.5,4.17,24.6,27.5,4.6,23.55,4.385,30.0,11.0,22.95,30.900000000000002,21.587500000000002
27,2,Cedi Osman,0.0,CLE,MIA,6.0,222.0,108.0,19,14.5,25.7,40.3,SF/PF,4600,1,17.0,11.0,100,107,1%,11,10,9,34,30,29,25.7,21.6,13.5,29.8,24.0,11.3,2.5,22.0,4.78,21.5,28.0,4.7,21.75,4.74,31.0,10.0,22.47,26.833333333333332,19.645161290322584
27,3,Glenn Robinson III,0.0,PHI,ATL,-8.5,229.0,118.8,18,8.5,18.3,42.0,SF/PF,3200,1,16.0,13.0,106,112,4%,11,11,11,26,28,31,30.1,24.0,15.8,32.3,13.7,10.8,3.4,12.8,3.98,13.3,16.0,4.2,13.05,4.09,28.333333333333332,11.0,23.05,22.933333333333334,7.369411764705883
27,4,Pat Connaughton,0.0,MIL,WAS,-13.0,243.5,128.3,11,4.8,13.6,21.8,SG/SF,3600,1,12.0,11.0,106,113,4%,4,4,5,17,21,19,13.6,15.1,8.2,22.1,13.7,8.5,2.4,16.8,4.65,14.2,17.0,3.9,15.5,4.275,19.0,4.333333333333333,14.9,13.4,13.868421052631579
27,5,Marko Guduric,0.0,MEM,LAC,10.0,233.0,111.5,30,1.3,7.9,16.5,SG/SF,3000,2,17.0,8.0,105,105,0%,2,2,4,5,8,13,7.9,9.2,2.4,16.0,7.0,11.8,3.9,5.0,1.67,0.0,0.0,0.0,2.5,0.835,8.666666666666666,2.6666666666666665,7.6,8.566666666666668,0.0
27,6,Joel Embiid,0.0,PHI,ATL,-8.5,229.0,118.8,30,33.5,50.2,69.5,C,9500,1,32.0,25.0,106,112,6%,19,20,16,35,33,31,52.6,48.4,36.3,60.4,36.4,79.0,8.3,58.3,6.13,57.1,32.5,6.0,57.7,6.0649999999999995,33.0,18.333333333333332,51.08,51.06666666666666,56.82575757575758
27,7,Kevin Porter Jr.,0.0,CLE,MIA,6.0,222.0,108.0,18,9.0,19.9,30.5,SG/SF,4200,1,21.0,10.0,100,107,-8%,4,9,8,14,24,22,19.9,18.0,10.4,25.6,40.7,51.5,12.3,19.8,4.7,21.6,25.5,5.1,20.700000000000003,4.9,20.0,7.0,18.92,19.8,26.392500000000005
29,0,D.J. Augustin,0.0,ORL,BKN,4.0,214.5,105.3,7,2.8,16.5,30.0,PG,3600,2,20.0,14.0,104,105,4%,8,8,8,24,26,26,20.9,22.1,13.3,31.0,14.4,7.3,2.0,16.5,4.58,16.7,20.0,4.6,16.6,4.59,25.333333333333332,8.0,20.78,16.433333333333334,13.105263157894738
29,1,Bradley Beal,0.0,WAS,MIL,13.0,243.5,115.3,23,34.8,47.1,70.3,SG,9400,0,34.0,22.0,107,100,-1%,28,25,23,37,35,36,47.1,48.0,36.6,59.4,41.0,61.5,6.5,48.0,5.11,47.0,33.5,5.0,47.5,5.055,36.0,25.333333333333332,47.72,50.73333333333333,44.201388888888886
29,2,Julius Randle,0.0,NY,HOU,13.5,227.0,106.8,1,22.8,40.8,64.5,PF/C,8200,2,28.0,17.0,106,107,5%,14,17,16,34,36,33,40.8,38.3,28.9,47.6,27.7,38.0,4.6,44.8,5.46,44.4,34.0,5.4,44.599999999999994,5.43,34.333333333333336,15.666666666666666,40.04,42.699999999999996,44.16699029126213
29,3,Josh Okogie,0.0,MIN,DAL,14.0,239.0,112.5,26,13.8,20.4,25.0,SG/SF,4300,0,16.0,12.0,101,109,-3%,6,6,7,27,26,25,20.8,19.1,11.2,27.1,26.0,17.8,4.1,20.5,4.77,20.8,27.0,4.8,20.65,4.785,26.0,6.333333333333333,19.77,19.733333333333334,21.444230769230767
29,4,Donovan Mitchell,0.0,UTA,PHO,-8.0,224.5,116.3,11,19.8,34.6,42.8,PG/SG,7500,1,30.0,19.0,104,108,0%,19,18,20,34,35,35,34.6,39.3,30.1,48.5,35.3,52.0,6.9,39.8,5.3,38.7,35.0,5.2,39.25,5.25,34.666666666666664,19.0,38.35,32.4,39.62740384615385
29,5,Evan Fournier,0.0,ORL,BKN,4.0,214.5,105.3,1,21.3,30.2,38.0,SG/SF,5900,2,24.0,16.0,104,105,-14%,16,14,15,36,34,32,30.1,29.7,21.9,37.5,31.0,29.8,5.1,28.8,4.87,28.1,33.0,4.8,28.450000000000003,4.835,34.0,15.0,29.529999999999994,29.833333333333332,27.61323529411765
29,6,Brandon Clarke,0.0,MEM,LAC,10.0,233.0,111.5,14,16.0,28.7,42.0,PF/C,5500,2,19.0,22.0,105,105,-4%,9,10,8,29,25,22,28.7,25.0,17.5,32.6,3.9,0.8,0.1,34.8,6.32,33.8,32.0,6.1,34.3,6.21,25.333333333333332,9.0,27.620000000000005,28.900000000000002,43.32631578947368
29,7,Maxi Kleber,0.0,DAL,MIN,-14.0,239.0,126.5,15,9.5,21.2,34.3,PF/C,4900,1,14.0,15.0,105,109,0%,12,8,7,26,24,25,21.1,20.7,12.7,28.6,20.9,25.3,5.2,20.5,4.18,20.5,23.5,4.2,20.5,4.1899999999999995,25.0,9.0,20.720000000000002,21.666666666666668,19.27
30,0,Ty Jerome,0.0,PHO,UTA,8.0,224.5,108.3,29,-0.5,6.8,18.5,PG/SG,3000,1,0.0,0.0,101,106,-1%,4,4,4,11,11,12,6.8,9.7,1.6,17.8,2.1,3.3,1.1,7.5,2.5,0.0,0.0,0.0,3.75,1.25,11.333333333333334,4.0,7.93,8.266666666666667,0.0
30,1,Alec Burks,0.0,PHI,ATL,-8.5,229.0,118.8,9,5.0,24.0,42.3,PG/SG,4900,1,24.0,16.0,106,112,4%,12,12,13,26,26,29,28.1,29.5,18.4,40.6,16.4,11.3,2.3,23.5,4.8,22.4,21.5,4.6,22.95,4.699999999999999,27.0,12.333333333333334,27.909999999999997,23.766666666666666,18.275
30,2,Marvin Williams,0.0,MIL,WAS,-13.0,243.5,128.3,16,6.8,12.8,19.0,PF,3100,1,10.0,12.0,106,113,3%,3,3,5,14,18,19,12.8,14.1,5.3,22.9,22.3,7.3,2.4,15.8,5.08,14.0,18.0,4.5,14.9,4.79,17.0,3.6666666666666665,14.0,12.866666666666667,15.776470588235295
30,3,Cedi Osman,0.0,CLE,MIA,6.0,222.0,108.0,19,14.5,25.7,40.3,SF/PF,4600,1,17.0,11.0,100,107,1%,11,10,9,34,30,29,25.7,21.6,13.5,29.8,24.0,11.3,2.5,22.0,4.78,21.5,28.0,4.7,21.75,4.74,31.0,10.0,22.47,26.833333333333332,19.645161290322584
30,4,Ricky Rubio,0.0,PHO,UTA,8.0,224.5,108.3,29,26.8,34.4,47.8,PG,6400,1,22.0,15.0,101,106,-1%,9,8,11,32,29,32,34.4,34.8,23.7,45.9,32.8,62.0,9.7,27.5,4.3,28.0,29.5,4.4,27.75,4.35,31.0,9.333333333333334,33.309999999999995,36.333333333333336,26.407258064516128
30,5,Jake Layman,0.0,MIN,DAL,14.0,239.0,112.5,7,9.0,21.2,35.3,PF,3500,0,17.0,10.0,101,109,0%,11,10,10,32,31,27,23.1,19.1,12.1,26.1,13.3,8.8,2.5,7.0,2.0,7.9,10.5,2.3,7.45,2.15,30.0,10.333333333333334,17.57,21.833333333333332,2.6075000000000004
30,6,Montrezl Harrell,0.0,LAC,MEM,-10.0,233.0,121.5,2,13.8,32.5,55.3,C,5400,1,25.0,23.0,106,108,0%,11,10,14,36,29,29,34.9,34.0,23.4,44.6,19.6,29.8,5.5,30.0,5.56,30.3,26.5,5.6,30.15,5.58,31.333333333333332,11.666666666666666,33.410000000000004,33.86666666666667,25.499202127659572
30,7,Ish Smith,0.0,WAS,MIL,13.0,243.5,115.3,4,20.0,25.7,34.8,PG,5000,0,20.0,14.0,107,100,-1%,9,8,10,29,29,27,25.6,24.5,14.7,34.2,25.9,30.0,6.0,26.5,5.3,27.2,28.5,5.4,26.85,5.35,28.333333333333332,9.0,25.170000000000005,26.833333333333332,27.00794117647059
31,0,Ja Morant,0.0,MEM,LAC,10.0,233.0,111.5,5,20.3,33.7,61.0,PG,6800,2,28.0,18.0,105,105,0%,13,16,14,30,31,30,34.0,34.0,22.8,45.2,27.0,16.5,2.4,34.0,5.0,34.1,31.0,5.0,34.05,5.0,30.333333333333332,14.333333333333334,34.010000000000005,38.333333333333336,34.79835164835165
31,1,Markelle Fultz,0.0,ORL,BKN,4.0,214.5,105.3,7,27.5,33.1,49.3,PG/SG,6100,2,22.0,14.0,104,105,4%,13,12,11,32,31,29,33.1,26.6,18.6,34.7,33.6,19.3,3.2,26.3,4.3,25.4,29.0,4.2,25.85,4.25,30.666666666666668,12.0,27.77,36.63333333333333,24.445108695652173
31,2,James Ennis III,0.0,ORL,BKN,4.0,214.5,105.3,10,3.3,7.8,13.3,SF/PF,3000,2,16.0,12.0,104,105,-14%,5,4,5,18,15,16,8.2,12.6,5.7,19.5,27.0,22.0,7.3,13.0,4.33,15.1,21.5,5.0,14.05,4.665,16.333333333333332,4.666666666666667,12.01,8.133333333333333,18.494387755102043
31,3,Reggie Bullock,0.0,NY,HOU,13.5,227.0,106.8,30,9.0,20.8,31.5,SF,3800,2,17.0,10.0,106,107,8%,8,10,9,22,28,26,20.8,17.8,11.2,24.3,21.6,11.3,3.0,17.3,4.54,17.0,23.0,4.5,17.15,4.52,25.333333333333332,9.0,18.25,20.433333333333334,15.570394736842104
31,4,George Hill,0.0,MIL,WAS,-13.0,243.5,128.3,26,6.3,13.6,24.8,PG,3000,1,16.0,18.0,106,113,7%,4,5,6,20,21,21,13.6,19.8,12.5,27.1,23.8,18.5,6.2,18.3,6.08,18.2,20.0,6.1,18.25,6.09,20.666666666666668,5.0,18.25,14.9,17.661290322580644
31,5,Treveon Graham,0.0,ATL,PHI,8.5,229.0,110.3,24,0.0,9.3,22.8,SF,3000,1,12.0,6.0,102,104,-4%,3,3,5,12,13,18,9.3,10.1,2.7,17.4,7.2,8.3,2.8,3.5,1.17,0.0,0.0,0.0,1.75,0.585,14.333333333333334,3.6666666666666665,8.25,10.700000000000001,0.0
31,6,Boban Marjanovic,0.0,DAL,MIN,-14.0,239.0,126.5,29,2.8,7.9,18.0,C,3400,1,0.0,0.0,105,109,1%,2,3,5,4,6,10,7.8,12.6,1.6,23.6,4.4,6.8,2.0,4.5,1.32,0.0,0.0,0.0,2.25,0.66,6.666666666666667,3.3333333333333335,9.57,9.566666666666666,0.0
31,7,Dennis Smith Jr.,0.0,NY,HOU,13.5,227.0,106.8,28,6.3,12.2,20.3,PG,3300,2,24.0,7.0,106,107,0%,5,4,6,11,13,16,12.2,13.6,4.4,22.8,29.4,44.3,13.4,26.5,8.03,27.2,28.5,8.2,26.85,8.114999999999998,13.333333333333334,5.0,15.969999999999999,12.933333333333332,57.391875
32,0,D'Angelo Russell,0.0,MIN,DAL,14.0,239.0,112.5,13,30.5,41.3,58.0,PG,8700,0,33.0,19.0,101,109,-4%,20,17,19,35,33,33,41.3,41.6,29.1,54.1,31.5,42.8,4.9,41.8,4.8,46.2,33.5,5.3,44.0,5.05,33.666666666666664,18.666666666666668,42.019999999999996,43.26666666666667,43.78217821782179
32,1,Shabazz Napier,0.0,WAS,MIL,13.0,243.5,115.3,4,14.5,17.5,21.5,PG/SG,3900,0,21.0,14.0,107,100,-1%,5,5,8,18,19,23,17.5,23.4,12.7,34.2,36.1,47.0,12.1,18.5,4.74,19.9,19.5,5.1,19.2,4.92,20.0,6.0,21.4,17.833333333333332,18.72
32,2,Jae Crowder,0.0,MIA,CLE,-6.0,222.0,114.0,23,23.3,33.1,45.8,SF/PF,5100,1,17.0,12.0,101,114,3%,8,9,9,25,28,30,33.1,26.5,15.6,37.3,38.3,33.8,6.6,25.5,5.0,26.1,28.0,5.1,25.8,5.05,27.666666666666668,8.666666666666666,27.660000000000004,34.06666666666667,26.110843373493978
32,3,Caris LeVert,0.0,BKN,ORL,-4.0,214.5,109.3,16,21.5,38.9,51.3,PG/SF,7300,1,28.0,12.0,100,106,-2%,24,20,15,35,34,28,38.9,27.6,16.6,38.6,34.1,38.8,5.3,34.3,4.69,36.1,34.0,4.9,35.2,4.795,32.333333333333336,19.666666666666668,31.379999999999995,37.23333333333333,37.01443298969072
32,4,Jaylen Nowell,0.0,MIN,DAL,14.0,239.0,112.5,13,2.8,10.3,16.5,PG/SG,3000,0,0.0,0.0,101,109,-4%,5,6,5,13,12,13,10.3,8.9,4.6,13.2,4.7,1.5,0.5,8.3,2.75,0.0,0.0,0.0,4.15,1.375,12.666666666666666,5.333333333333333,8.23,9.866666666666667,0.0
32,5,John Collins,0.0,ATL,PHI,8.5,229.0,110.3,17,31.3,46.4,67.8,PF,8800,1,22.0,23.0,102,104,-6%,14,14,15,34,37,32,46.4,41.1,30.0,52.2,39.1,37.3,4.2,42.3,4.8,40.9,34.5,4.6,41.599999999999994,4.699999999999999,34.333333333333336,14.333333333333334,42.26,48.5,41.80194174757281
32,6,Bobby Portis,0.0,NY,HOU,13.5,227.0,106.8,1,9.3,20.6,29.5,PF/C,4000,2,21.0,14.0,106,107,5%,9,9,9,22,20,21,20.6,20.6,10.8,30.3,24.6,24.5,6.1,19.3,4.81,16.8,17.5,4.2,18.05,4.505,21.0,9.0,20.07,19.8,15.041666666666668
32,7,Devin Booker,0.0,PHO,UTA,8.0,224.5,108.3,29,21.0,39.2,49.8,PG/SG,8000,1,30.0,21.0,101,106,-7%,20,18,18,36,36,36,39.2,42.6,30.5,54.6,34.3,44.5,5.6,40.8,5.09,40.7,36.0,5.1,40.75,5.095,36.0,18.666666666666668,41.53,36.666666666666664,40.75
33,0,Jordan McLaughlin,0.0,MIN,DAL,14.0,239.0,112.5,13,16.0,28.7,48.0,PG,5600,0,17.0,16.0,101,109,-4%,8,8,6,24,23,20,28.7,18.3,6.9,29.7,13.3,10.3,1.8,15.5,2.77,14.0,15.0,2.5,14.75,2.635,22.333333333333332,7.333333333333333,19.67,30.900000000000002,9.906716417910449
33,1,Shabazz Napier,0.0,WAS,MIL,13.0,243.5,115.3,4,14.5,17.5,21.5,PG/SG,3900,0,21.0,14.0,107,100,-1%,5,5,8,18,19,23,17.5,23.4,12.7,34.2,36.1,47.0,12.1,18.5,4.74,19.9,19.5,5.1,19.2,4.92,20.0,6.0,21.4,17.833333333333332,18.72
33,2,Bojan Bogdanovic,0.0,UTA,PHO,-8.0,224.5,116.3,4,17.0,25.8,36.8,SF/PF,6200,1,25.0,16.0,104,108,1%,12,13,15,34,34,34,25.8,30.8,22.3,39.3,34.0,25.3,4.1,29.3,4.72,31.3,33.5,5.0,30.3,4.859999999999999,34.0,13.333333333333334,29.7,26.53333333333333,29.854411764705883
33,3,Derrick Jones Jr.,0.0,MIA,CLE,-6.0,222.0,114.0,23,8.5,16.3,32.5,SF/PF,4100,1,14.0,14.0,101,114,5%,8,5,7,20,22,26,16.3,19.8,10.8,28.7,36.7,24.8,6.0,20.8,5.06,22.4,27.5,5.5,21.6,5.279999999999999,22.666666666666668,6.666666666666667,19.439999999999998,19.099999999999998,26.205882352941178
33,4,Collin Sexton,0.0,CLE,MIA,6.0,222.0,108.0,18,21.5,30.6,35.0,PG/SG,6500,1,27.0,16.0,100,107,-8%,16,16,17,34,33,33,30.6,30.3,23.3,37.2,27.9,20.5,3.2,31.3,4.81,31.7,34.0,4.9,31.5,4.855,33.333333333333336,16.333333333333332,30.580000000000002,29.03333333333333,32.129999999999995
33,5,Justin Jackson,0.0,DAL,MIN,-14.0,239.0,126.5,28,2.0,10.3,20.5,SF/PF,3100,1,16.0,10.0,105,109,7%,4,4,6,16,14,16,10.3,10.9,4.3,17.4,4.7,6.8,2.2,14.0,4.52,8.4,11.0,2.7,11.2,3.61,15.333333333333334,4.666666666666667,10.819999999999999,10.933333333333332,8.03478260869565
33,6,Larry Nance Jr.,0.0,CLE,MIA,6.0,222.0,108.0,5,6.0,28.5,52.0,PF/C,6600,1,16.0,17.0,100,107,0%,11,10,7,27,28,25,28.4,24.3,13.5,35.2,31.9,32.0,4.8,21.5,3.26,19.6,21.0,3.0,20.55,3.13,26.666666666666668,9.333333333333334,24.39,28.833333333333332,16.183125
33,7,Dewayne Dedmon,0.0,ATL,PHI,8.5,229.0,110.3,16,10.0,25.2,31.8,C,4800,1,14.0,9.0,102,104,-10%,6,7,5,22,25,17,25.1,15.4,5.4,25.4,14.0,11.3,2.4,23.8,4.95,24.8,27.0,5.2,24.3,5.075,21.333333333333332,6.0,19.12,22.333333333333332,30.754687500000003
34,0,D.J. Augustin,0.0,ORL,BKN,4.0,214.5,105.3,7,2.8,16.5,30.0,PG,3600,2,20.0,14.0,104,105,4%,8,8,8,24,26,26,20.9,22.1,13.3,31.0,14.4,7.3,2.0,16.5,4.58,16.7,20.0,4.6,16.6,4.59,25.333333333333332,8.0,20.78,16.433333333333334,13.105263157894738
34,1,Jevon Carter,0.0,PHO,UTA,8.0,224.5,108.3,29,2.5,11.5,20.0,PG/SG,3000,1,14.0,11.0,101,106,-1%,2,4,4,11,14,14,11.1,10.7,3.1,18.2,15.1,18.3,6.1,8.3,2.75,7.8,11.0,2.6,8.05,2.675,13.0,3.3333333333333335,10.23,11.333333333333334,6.811538461538461
34,2,Naz Reid,0.0,MIN,DAL,14.0,239.0,112.5,7,13.8,25.3,38.8,PF/C,5800,0,0.0,0.0,101,109,-2%,14,10,7,27,20,13,25.3,15.4,4.4,26.4,26.8,21.8,3.8,27.5,4.74,31.8,27.5,5.5,29.65,5.12,20.0,10.333333333333334,20.23,25.96666666666667,40.76875
34,3,Tim Hardaway Jr.,0.0,DAL,MIN,-14.0,239.0,126.5,6,24.5,35.9,47.5,SG/SF,7000,1,22.0,15.0,105,109,7%,16,15,12,34,33,28,35.9,24.6,13.7,35.4,27.5,32.5,4.6,28.3,4.04,29.5,32.0,4.2,28.9,4.12,31.666666666666668,14.333333333333334,27.7,35.96666666666667,29.204210526315787
34,4,Andre Iguodala,0.0,MIA,CLE,-6.0,222.0,114.0,13,5.3,14.9,22.3,SG/SF,3500,1,0.0,0.0,101,114,5%,5,4,4,21,21,21,14.8,14.8,8.1,21.5,16.9,20.3,5.8,19.0,5.43,18.9,22.5,5.4,18.95,5.415,21.0,4.333333333333333,15.63,14.166666666666666,20.30357142857143
34,5,Georges Niang,0.0,UTA,PHO,-8.0,224.5,116.3,4,2.8,10.5,19.3,SF/PF,3000,1,16.0,12.0,104,108,1%,4,5,5,13,12,14,10.5,10.9,4.2,17.5,10.0,2.5,0.8,10.5,3.5,8.5,11.0,2.8,9.5,3.15,13.0,4.666666666666667,10.52,10.866666666666667,8.038461538461538
34,6,Mo Bamba,0.0,ORL,BKN,4.0,214.5,105.3,10,6.0,12.2,22.8,C,3200,2,17.0,17.0,104,105,8%,4,4,5,13,13,15,16.4,16.3,9.1,23.4,14.0,22.0,6.9,9.3,2.89,15.4,13.5,4.8,12.350000000000001,3.8449999999999998,13.666666666666666,4.333333333333333,15.510000000000002,13.666666666666666,12.19939024390244
34,7,RJ Barrett,0.0,NY,HOU,13.5,227.0,106.8,28,8.0,17.9,23.5,PG/SG,5200,2,24.0,10.0,106,107,5%,18,11,13,28,24,31,17.9,26.0,14.8,37.2,34.0,33.5,6.4,26.5,5.1,25.9,29.5,5.0,26.2,5.05,27.666666666666668,14.0,24.419999999999998,16.466666666666665,27.93614457831325
35,0,Jevon Carter,0.0,PHO,UTA,8.0,224.5,108.3,29,2.5,11.5,20.0,PG/SG,3000,1,14.0,11.0,101,106,-1%,2,4,4,11,14,14,11.1,10.7,3.1,18.2,15.1,18.3,6.1,8.3,2.75,7.8,11.0,2.6,8.05,2.675,13.0,3.3333333333333335,10.23,11.333333333333334,6.811538461538461
35,1,Kevin Porter Jr.,0.0,CLE,MIA,6.0,222.0,108.0,18,9.0,19.9,30.5,SG/SF,4200,1,21.0,10.0,100,107,-8%,4,9,8,14,24,22,19.9,18.0,10.4,25.6,40.7,51.5,12.3,19.8,4.7,21.6,25.5,5.1,20.700000000000003,4.9,20.0,7.0,18.92,19.8,26.392500000000005
35,2,Al Horford,0.0,PHI,ATL,-8.5,229.0,118.8,12,15.3,21.9,34.0,PF/C,4500,1,18.0,15.0,106,112,7%,6,9,11,26,29,31,23.7,30.2,21.4,39.0,30.8,26.5,5.9,27.5,6.11,30.7,30.0,6.8,29.1,6.455,28.666666666666668,8.666666666666666,28.68,23.733333333333334,30.453488372093023
35,3,Joe Harris,0.0,BKN,ORL,-4.0,214.5,109.3,20,15.3,25.3,34.0,SG/SF,4600,1,17.0,13.0,100,106,-4%,9,10,11,29,32,32,25.3,24.7,16.9,32.5,30.3,22.5,4.9,26.8,5.82,26.5,32.5,5.8,26.65,5.8100000000000005,31.0,10.0,25.21,24.866666666666664,27.939516129032256
35,4,George Hill,0.0,MIL,WAS,-13.0,243.5,128.3,26,6.3,13.6,24.8,PG,3000,1,16.0,18.0,106,113,7%,4,5,6,20,21,21,13.6,19.8,12.5,27.1,23.8,18.5,6.2,18.3,6.08,18.2,20.0,6.1,18.25,6.09,20.666666666666668,5.0,18.25,14.9,17.661290322580644
35,5,Dorian Finney-Smith,0.0,DAL,MIN,-14.0,239.0,126.5,28,16.0,19.6,24.8,SF/PF,5100,1,13.0,12.0,105,109,7%,7,7,7,33,31,30,19.6,21.6,14.1,29.1,24.5,13.8,2.7,23.5,4.61,24.3,31.0,4.8,23.9,4.705,31.333333333333332,7.0,21.660000000000004,20.133333333333336,23.645744680851063
35,6,Kelly Olynyk,0.0,MIA,CLE,-6.0,222.0,114.0,9,4.5,20.7,41.5,PF/C,3700,1,16.0,14.0,101,114,-1%,6,6,6,19,17,20,20.7,18.1,7.4,28.8,14.7,20.3,5.5,23.3,6.28,21.7,23.0,5.9,22.5,6.09,18.666666666666668,6.0,19.5,22.233333333333334,27.723214285714285
35,7,Giannis Antetokounmpo,0.0,MIL,WAS,-13.0,243.5,128.3,16,57.0,66.3,72.5,PF,11400,1,38.0,33.0,106,113,3%,20,20,20,31,33,32,66.5,61.2,50.5,71.9,24.9,42.0,3.7,62.8,5.5,63.5,32.0,5.6,63.15,5.55,32.0,20.0,62.65,65.26666666666667,63.15
36,0,Lou Williams,0.0,LAC,MEM,-10.0,233.0,121.5,8,24.5,36.5,60.5,PG/SG,6300,1,30.0,17.0,106,108,5%,25,18,16,38,33,30,36.5,33.8,23.8,43.7,21.7,22.0,3.5,30.0,4.76,29.2,27.5,4.6,29.6,4.68,33.666666666666664,19.666666666666668,33.480000000000004,40.5,24.17821782178218
36,1,RJ Barrett,0.0,NY,HOU,13.5,227.0,106.8,28,8.0,17.9,23.5,PG/SG,5200,2,24.0,10.0,106,107,5%,18,11,13,28,24,31,17.9,26.0,14.8,37.2,34.0,33.5,6.4,26.5,5.1,25.9,29.5,5.0,26.2,5.05,27.666666666666668,14.0,24.419999999999998,16.466666666666665,27.93614457831325
36,2,Dorian Finney-Smith,0.0,DAL,MIN,-14.0,239.0,126.5,28,16.0,19.6,24.8,SF/PF,5100,1,13.0,12.0,105,109,7%,7,7,7,33,31,30,19.6,21.6,14.1,29.1,24.5,13.8,2.7,23.5,4.61,24.3,31.0,4.8,23.9,4.705,31.333333333333332,7.0,21.660000000000004,20.133333333333336,23.645744680851063
36,3,Caris LeVert,0.0,BKN,ORL,-4.0,214.5,109.3,16,21.5,38.9,51.3,PG/SF,7300,1,28.0,12.0,100,106,-2%,24,20,15,35,34,28,38.9,27.6,16.6,38.6,34.1,38.8,5.3,34.3,4.69,36.1,34.0,4.9,35.2,4.795,32.333333333333336,19.666666666666668,31.379999999999995,37.23333333333333,37.01443298969072
36,4,Collin Sexton,0.0,CLE,MIA,6.0,222.0,108.0,18,21.5,30.6,35.0,PG/SG,6500,1,27.0,16.0,100,107,-8%,16,16,17,34,33,33,30.6,30.3,23.3,37.2,27.9,20.5,3.2,31.3,4.81,31.7,34.0,4.9,31.5,4.855,33.333333333333336,16.333333333333332,30.580000000000002,29.03333333333333,32.129999999999995
36,5,James Johnson,0.0,MIN,DAL,14.0,239.0,112.5,7,20.8,28.2,31.8,PF/C,5000,0,17.0,12.0,101,109,1%,10,8,6,24,26,18,27.8,16.3,5.0,27.7,23.8,29.8,6.0,22.3,4.45,21.6,23.0,4.3,21.950000000000003,4.375,22.666666666666668,8.0,19.75,26.933333333333334,22.272794117647063
36,6,Jeff Green,0.0,HOU,NY,-13.5,227.0,120.3,20,7.8,13.8,24.5,PF/C,3100,1,16.0,11.0,101,110,2%,5,6,6,19,17,19,13.8,13.9,7.5,20.2,16.1,19.5,6.3,12.3,3.95,11.9,15.0,3.8,12.100000000000001,3.875,18.333333333333332,5.666666666666667,13.5,15.366666666666667,9.900000000000002
36,7,Ivica Zubac,0.0,LAC,MEM,-10.0,233.0,121.5,2,15.0,22.2,31.3,C,4300,1,17.0,21.0,106,108,5%,6,4,6,17,17,18,22.4,21.1,13.5,28.8,20.9,21.5,5.0,20.8,4.83,19.8,17.5,4.6,20.3,4.715,17.333333333333332,5.333333333333333,21.22,22.833333333333332,20.49519230769231
37,0,Tyus Jones,0.0,MEM,LAC,10.0,233.0,111.5,5,10.0,21.6,29.8,PG,3400,2,18.0,16.0,105,105,0%,8,8,6,18,18,19,21.6,17.6,9.8,25.4,17.8,11.5,3.4,16.5,4.85,16.2,17.5,4.8,16.35,4.824999999999999,18.333333333333332,7.333333333333333,18.15,20.46666666666667,15.606818181818184
37,1,Donte DiVincenzo,0.0,MIL,WAS,-13.0,243.5,128.3,26,11.0,18.3,35.5,PG/SG,4600,1,17.0,15.0,106,113,4%,6,8,8,19,24,24,18.7,22.3,15.0,29.7,28.5,28.5,6.2,21.3,4.62,18.8,20.5,4.1,20.05,4.359999999999999,22.333333333333332,7.333333333333333,21.15,21.599999999999998,18.40410447761194
37,2,Jeff Green,0.0,HOU,NY,-13.5,227.0,120.3,20,7.8,13.8,24.5,PF/C,3100,1,16.0,11.0,101,110,2%,5,6,6,19,17,19,13.8,13.9,7.5,20.2,16.1,19.5,6.3,12.3,3.95,11.9,15.0,3.8,12.100000000000001,3.875,18.333333333333332,5.666666666666667,13.5,15.366666666666667,9.900000000000002
37,3,Tim Hardaway Jr.,0.0,DAL,MIN,-14.0,239.0,126.5,6,24.5,35.9,47.5,SG/SF,7000,1,22.0,15.0,105,109,7%,16,15,12,34,33,28,35.9,24.6,13.7,35.4,27.5,32.5,4.6,28.3,4.04,29.5,32.0,4.2,28.9,4.12,31.666666666666668,14.333333333333334,27.7,35.96666666666667,29.204210526315787
37,4,Mikal Bridges,0.0,PHO,UTA,8.0,224.5,108.3,19,14.8,24.2,35.0,SG/SF,4700,1,13.0,13.0,101,106,-7%,6,8,6,26,30,26,24.2,19.5,10.0,29.0,30.2,11.8,2.5,20.8,4.41,21.3,30.5,4.5,21.05,4.455,27.333333333333332,6.666666666666667,20.75,24.666666666666668,23.48871951219512
37,5,Danuel House Jr.,0.0,HOU,NY,-13.5,227.0,120.3,21,13.5,21.4,30.8,SF/PF,4200,1,13.0,12.0,101,110,8%,5,7,9,22,30,31,21.4,22.3,12.6,31.9,25.8,26.3,6.3,20.3,4.82,26.6,32.0,6.3,23.450000000000003,5.5600000000000005,27.666666666666668,7.0,22.33,21.900000000000002,27.12289156626506
37,6,Rudy Gobert,0.0,UTA,PHO,-8.0,224.5,116.3,19,23.5,37.1,47.0,C,7900,1,16.0,22.0,104,108,2%,8,8,9,36,36,35,37.4,41.7,32.6,50.8,36.7,29.5,3.7,44.3,5.6,43.9,35.5,5.6,44.099999999999994,5.6,35.666666666666664,8.333333333333334,41.31999999999999,35.86666666666667,43.89392523364486
37,7,Marcus Morris Sr.,0.0,LAC,MEM,-10.0,233.0,121.5,16,9.5,22.9,30.5,SF/PF,4900,1,16.0,16.0,106,108,0%,9,13,15,37,36,33,25.8,31.0,19.8,42.2,24.3,21.3,4.3,24.8,5.05,25.4,30.0,5.2,25.1,5.125,35.333333333333336,12.333333333333334,28.78,20.966666666666665,21.31132075471698
40,0,Caris LeVert,0.0,BKN,ORL,-4.0,214.5,109.3,16,21.5,38.9,51.3,PG/SF,7300,1,28.0,12.0,100,106,-2%,24,20,15,35,34,28,38.9,27.6,16.6,38.6,34.1,38.8,5.3,34.3,4.69,36.1,34.0,4.9,35.2,4.795,32.333333333333336,19.666666666666668,31.379999999999995,37.23333333333333,37.01443298969072
40,1,Dante Exum,0.0,CLE,MIA,6.0,222.0,108.0,18,5.0,13.4,28.0,PG/SG,3700,1,15.0,11.0,100,107,-8%,5,3,4,25,18,14,13.3,9.7,2.2,17.2,6.4,5.3,1.4,16.5,4.46,11.8,16.5,3.2,14.15,3.83,19.0,4.0,11.31,15.466666666666667,12.288157894736841
40,2,Kelly Oubre Jr.,0.0,PHO,UTA,8.0,224.5,108.3,12,16.3,25.0,32.5,SF/PF,6700,1,21.0,15.0,101,106,-7%,16,15,15,35,34,35,25.0,34.3,23.6,45.1,37.9,28.8,4.3,33.0,4.93,31.9,35.5,4.8,32.45,4.865,34.666666666666664,15.333333333333334,32.089999999999996,24.599999999999998,33.23004807692308
40,3,Dorian Finney-Smith,0.0,DAL,MIN,-14.0,239.0,126.5,28,16.0,19.6,24.8,SF/PF,5100,1,13.0,12.0,105,109,7%,7,7,7,33,31,30,19.6,21.6,14.1,29.1,24.5,13.8,2.7,23.5,4.61,24.3,31.0,4.8,23.9,4.705,31.333333333333332,7.0,21.660000000000004,20.133333333333336,23.645744680851063
40,4,Trae Young,0.0,ATL,PHI,8.5,229.0,110.3,3,43.3,57.9,73.8,PG,10600,1,36.0,25.0,102,104,-6%,23,22,21,40,40,36,57.9,53.3,38.9,67.8,36.6,52.8,5.0,49.5,4.67,50.9,37.0,4.8,50.2,4.734999999999999,38.666666666666664,22.0,53.620000000000005,58.333333333333336,48.036206896551725
40,5,Kelan Martin,0.0,MIN,DAL,14.0,239.0,112.5,7,2.0,17.1,29.0,PF,3000,0,16.0,7.0,101,109,1%,10,7,6,23,18,17,17.1,12.8,3.9,21.6,14.9,25.0,8.3,14.3,4.75,12.0,14.5,4.0,13.15,4.375,19.333333333333332,7.666666666666667,13.709999999999999,16.033333333333335,9.8625
40,6,Nikola Vucevic,0.0,ORL,BKN,4.0,214.5,105.3,10,47.0,51.9,55.5,C,9100,2,26.0,22.0,104,105,8%,24,19,17,39,36,33,51.9,43.5,34.3,52.6,33.9,40.0,4.4,50.0,5.49,47.8,34.0,5.3,48.9,5.395,36.0,20.0,46.24,51.46666666666667,46.18333333333334
40,7,Bruno Fernando,0.0,ATL,PHI,8.5,229.0,110.3,16,5.5,8.5,12.5,C,3000,1,16.0,12.0,102,104,-6%,3,2,3,10,9,12,8.5,10.5,3.3,17.7,20.0,15.5,5.2,7.5,2.5,0.0,0.0,0.0,3.75,1.25,10.333333333333334,2.6666666666666665,8.75,8.833333333333334,0.0
41,0,Darius Garland,0.0,CLE,MIA,6.0,222.0,108.0,18,16.0,22.4,25.5,PG,4400,1,22.0,9.0,100,107,-8%,11,11,12,35,33,31,22.4,21.6,13.9,29.2,39.7,36.8,8.4,24.0,5.45,23.1,33.5,5.3,23.55,5.375,33.0,11.333333333333334,22.130000000000003,21.3,23.90681818181818
41,1,Shake Milton,0.0,PHI,ATL,-8.5,229.0,118.8,9,7.3,13.4,22.0,PG/SG,3600,1,20.0,11.0,106,112,4%,7,5,5,18,14,15,9.6,12.1,1.3,22.9,26.4,25.8,7.2,18.8,5.21,18.7,23.5,5.2,18.75,5.205,15.666666666666666,5.666666666666667,12.929999999999998,14.233333333333334,28.125000000000004
41,2,James Johnson,0.0,MIN,DAL,14.0,239.0,112.5,7,20.8,28.2,31.8,PF/C,5000,0,17.0,12.0,101,109,1%,10,8,6,24,26,18,27.8,16.3,5.0,27.7,23.8,29.8,6.0,22.3,4.45,21.6,23.0,4.3,21.950000000000003,4.375,22.666666666666668,8.0,19.75,26.933333333333334,22.272794117647063
41,3,Josh Jackson,0.0,MEM,LAC,10.0,233.0,111.5,29,9.8,18.0,26.8,SF/PF,3300,2,0.0,0.0,105,105,-1%,9,6,7,20,20,18,17.9,16.4,8.6,24.3,25.8,26.3,8.0,21.5,6.52,19.7,23.5,6.0,20.6,6.26,19.333333333333332,7.333333333333333,17.559999999999995,18.2,25.0396551724138
41,4,Collin Sexton,0.0,CLE,MIA,6.0,222.0,108.0,18,21.5,30.6,35.0,PG/SG,6500,1,27.0,16.0,100,107,-8%,16,16,17,34,33,33,30.6,30.3,23.3,37.2,27.9,20.5,3.2,31.3,4.81,31.7,34.0,4.9,31.5,4.855,33.333333333333336,16.333333333333332,30.580000000000002,29.03333333333333,32.129999999999995
41,5,Isaac Bonga,0.0,WAS,MIL,13.0,243.5,115.3,11,4.0,14.6,32.8,SF/PF,3100,0,11.0,11.0,107,100,-1%,3,4,3,18,17,18,14.6,12.7,5.1,20.3,24.0,12.8,4.1,19.0,6.13,15.8,23.0,5.1,17.4,5.615,17.666666666666668,3.3333333333333335,14.02,17.133333333333333,22.652830188679243
41,6,Kelly Olynyk,0.0,MIA,CLE,-6.0,222.0,114.0,9,4.5,20.7,41.5,PF/C,3700,1,16.0,14.0,101,114,-1%,6,6,6,19,17,20,20.7,18.1,7.4,28.8,14.7,20.3,5.5,23.3,6.28,21.7,23.0,5.9,22.5,6.09,18.666666666666668,6.0,19.5,22.233333333333334,27.723214285714285
41,7,Rudy Gobert,0.0,UTA,PHO,-8.0,224.5,116.3,19,23.5,37.1,47.0,C,7900,1,16.0,22.0,104,108,2%,8,8,9,36,36,35,37.4,41.7,32.6,50.8,36.7,29.5,3.7,44.3,5.6,43.9,35.5,5.6,44.099999999999994,5.6,35.666666666666664,8.333333333333334,41.31999999999999,35.86666666666667,43.89392523364486
42,0,Donte DiVincenzo,0.0,MIL,WAS,-13.0,243.5,128.3,26,11.0,18.3,35.5,PG/SG,4600,1,17.0,15.0,106,113,4%,6,8,8,19,24,24,18.7,22.3,15.0,29.7,28.5,28.5,6.2,21.3,4.62,18.8,20.5,4.1,20.05,4.359999999999999,22.333333333333332,7.333333333333333,21.15,21.599999999999998,18.40410447761194
42,1,Tim Hardaway Jr.,0.0,DAL,MIN,-14.0,239.0,126.5,6,24.5,35.9,47.5,SG/SF,7000,1,22.0,15.0,105,109,7%,16,15,12,34,33,28,35.9,24.6,13.7,35.4,27.5,32.5,4.6,28.3,4.04,29.5,32.0,4.2,28.9,4.12,31.666666666666668,14.333333333333334,27.7,35.96666666666667,29.204210526315787
42,2,Moe Harkless,0.0,NY,HOU,13.5,227.0,106.8,30,4.0,13.0,23.3,SF/PF,3100,2,10.0,10.0,106,107,8%,4,4,4,21,21,23,12.9,15.0,8.0,22.1,28.4,16.3,5.3,14.3,4.6,17.3,24.0,5.6,15.8,5.1,21.666666666666668,4.0,14.76,13.433333333333332,17.501538461538463
42,3,Bojan Bogdanovic,0.0,UTA,PHO,-8.0,224.5,116.3,4,17.0,25.8,36.8,SF/PF,6200,1,25.0,16.0,104,108,1%,12,13,15,34,34,34,25.8,30.8,22.3,39.3,34.0,25.3,4.1,29.3,4.72,31.3,33.5,5.0,30.3,4.859999999999999,34.0,13.333333333333334,29.7,26.53333333333333,29.854411764705883
42,4,Kevin Porter Jr.,0.0,CLE,MIA,6.0,222.0,108.0,18,9.0,19.9,30.5,SG/SF,4200,1,21.0,10.0,100,107,-8%,4,9,8,14,24,22,19.9,18.0,10.4,25.6,40.7,51.5,12.3,19.8,4.7,21.6,25.5,5.1,20.700000000000003,4.9,20.0,7.0,18.92,19.8,26.392500000000005
42,5,Kelan Martin,0.0,MIN,DAL,14.0,239.0,112.5,7,2.0,17.1,29.0,PF,3000,0,16.0,7.0,101,109,1%,10,7,6,23,18,17,17.1,12.8,3.9,21.6,14.9,25.0,8.3,14.3,4.75,12.0,14.5,4.0,13.15,4.375,19.333333333333332,7.666666666666667,13.709999999999999,16.033333333333335,9.8625
42,6,Naz Reid,0.0,MIN,DAL,14.0,239.0,112.5,7,13.8,25.3,38.8,PF/C,5800,0,0.0,0.0,101,109,-2%,14,10,7,27,20,13,25.3,15.4,4.4,26.4,26.8,21.8,3.8,27.5,4.74,31.8,27.5,5.5,29.65,5.12,20.0,10.333333333333334,20.23,25.96666666666667,40.76875
42,7,Jerome Robinson,0.0,WAS,MIL,13.0,243.5,115.3,23,9.0,12.6,15.3,SG/SF,3000,0,15.0,5.0,107,100,-1%,7,6,4,15,17,12,12.6,7.9,0.3,15.4,17.7,11.5,3.8,11.8,3.92,14.2,19.0,4.7,13.0,4.3100000000000005,14.666666666666666,5.666666666666667,9.84,12.300000000000002,16.84090909090909
44,0,Donovan Mitchell,0.0,UTA,PHO,-8.0,224.5,116.3,11,19.8,34.6,42.8,PG/SG,7500,1,30.0,19.0,104,108,0%,19,18,20,34,35,35,34.6,39.3,30.1,48.5,35.3,52.0,6.9,39.8,5.3,38.7,35.0,5.2,39.25,5.25,34.666666666666664,19.0,38.35,32.4,39.62740384615385
44,1,Pat Connaughton,0.0,MIL,WAS,-13.0,243.5,128.3,11,4.8,13.6,21.8,SG/SF,3600,1,12.0,11.0,106,113,4%,4,4,5,17,21,19,13.6,15.1,8.2,22.1,13.7,8.5,2.4,16.8,4.65,14.2,17.0,3.9,15.5,4.275,19.0,4.333333333333333,14.9,13.4,13.868421052631579
44,2,Rui Hachimura,0.0,WAS,MIL,13.0,243.5,115.3,13,15.3,28.4,36.5,PF/C,5700,0,19.0,15.0,107,100,3%,11,11,12,29,28,29,28.4,25.7,15.8,35.5,46.1,22.0,3.9,24.5,4.3,30.0,32.0,5.3,27.25,4.8,28.666666666666668,11.333333333333334,26.529999999999994,26.733333333333334,30.418604651162788
44,3,Treveon Graham,0.0,ATL,PHI,8.5,229.0,110.3,24,0.0,9.3,22.8,SF,3000,1,12.0,6.0,102,104,-4%,3,3,5,12,13,18,9.3,10.1,2.7,17.4,7.2,8.3,2.8,3.5,1.17,0.0,0.0,0.0,1.75,0.585,14.333333333333334,3.6666666666666665,8.25,10.700000000000001,0.0
44,4,George Hill,0.0,MIL,WAS,-13.0,243.5,128.3,26,6.3,13.6,24.8,PG,3000,1,16.0,18.0,106,113,7%,4,5,6,20,21,21,13.6,19.8,12.5,27.1,23.8,18.5,6.2,18.3,6.08,18.2,20.0,6.1,18.25,6.09,20.666666666666668,5.0,18.25,14.9,17.661290322580644
44,5,Larry Nance Jr.,0.0,CLE,MIA,6.0,222.0,108.0,5,6.0,28.5,52.0,PF/C,6600,1,16.0,17.0,100,107,0%,11,10,7,27,28,25,28.4,24.3,13.5,35.2,31.9,32.0,4.8,21.5,3.26,19.6,21.0,3.0,20.55,3.13,26.666666666666668,9.333333333333334,24.39,28.833333333333332,16.183125
44,6,DeAndre Jordan,0.0,BKN,ORL,-4.0,214.5,109.3,14,16.3,32.6,40.3,C,5400,1,15.0,20.0,100,106,-5%,8,8,5,29,27,22,32.5,26.1,16.6,35.6,21.9,21.0,3.9,26.5,4.91,25.3,22.0,4.7,25.9,4.805,26.0,7.0,27.340000000000003,29.733333333333334,21.915384615384614
44,7,Brandon Clarke,0.0,MEM,LAC,10.0,233.0,111.5,14,16.0,28.7,42.0,PF/C,5500,2,19.0,22.0,105,105,-4%,9,10,8,29,25,22,28.7,25.0,17.5,32.6,3.9,0.8,0.1,34.8,6.32,33.8,32.0,6.1,34.3,6.21,25.333333333333332,9.0,27.620000000000005,28.900000000000002,43.32631578947368
45,0,De'Anthony Melton,0.0,MEM,LAC,10.0,233.0,111.5,5,9.3,21.0,41.5,PG/SG,3900,2,21.0,16.0,105,105,0%,9,9,7,24,23,20,21.0,21.8,13.6,30.0,18.6,6.8,1.7,23.5,6.03,22.7,24.0,5.8,23.1,5.915,22.333333333333332,8.333333333333334,21.9,23.933333333333334,24.823880597014927
45,1,Devin Booker,0.0,PHO,UTA,8.0,224.5,108.3,29,21.0,39.2,49.8,PG/SG,8000,1,30.0,21.0,101,106,-7%,20,18,18,36,36,36,39.2,42.6,30.5,54.6,34.3,44.5,5.6,40.8,5.09,40.7,36.0,5.1,40.75,5.095,36.0,18.666666666666668,41.53,36.666666666666664,40.75
45,2,Michael Kidd-Gilchrist,0.0,DAL,MIN,-14.0,239.0,126.5,15,0.0,2.5,5.3,PF,3000,1,0.0,0.0,105,109,7%,1,1,4,4,6,12,2.5,8.0,1.4,14.7,20.8,13.5,4.5,5.8,1.92,0.0,0.0,0.0,2.9,0.96,7.333333333333333,2.0,5.8999999999999995,2.6,0.0
45,3,Marcus Morris Sr.,0.0,LAC,MEM,-10.0,233.0,121.5,16,9.5,22.9,30.5,SF/PF,4900,1,16.0,16.0,106,108,0%,9,13,15,37,36,33,25.8,31.0,19.8,42.2,24.3,21.3,4.3,24.8,5.05,25.4,30.0,5.2,25.1,5.125,35.333333333333336,12.333333333333334,28.78,20.966666666666665,21.31132075471698
45,4,Damyean Dotson,0.0,NY,HOU,13.5,227.0,106.8,10,1.5,13.6,18.5,SG/SF,3000,2,17.0,11.0,106,107,7%,5,6,6,15,19,18,13.6,12.3,5.0,19.7,17.7,16.5,5.5,15.0,5.0,15.3,20.5,5.1,15.15,5.05,17.333333333333332,5.666666666666667,13.15,11.200000000000001,17.917788461538464
45,5,Marvin Williams,0.0,MIL,WAS,-13.0,243.5,128.3,16,6.8,12.8,19.0,PF,3100,1,10.0,12.0,106,113,3%,3,3,5,14,18,19,12.8,14.1,5.3,22.9,22.3,7.3,2.4,15.8,5.08,14.0,18.0,4.5,14.9,4.79,17.0,3.6666666666666665,14.0,12.866666666666667,15.776470588235295
45,6,Bruno Fernando,0.0,ATL,PHI,8.5,229.0,110.3,16,5.5,8.5,12.5,C,3000,1,16.0,12.0,102,104,-6%,3,2,3,10,9,12,8.5,10.5,3.3,17.7,20.0,15.5,5.2,7.5,2.5,0.0,0.0,0.0,3.75,1.25,10.333333333333334,2.6666666666666665,8.75,8.833333333333334,0.0
45,7,Donte DiVincenzo,0.0,MIL,WAS,-13.0,243.5,128.3,26,11.0,18.3,35.5,PG/SG,4600,1,17.0,15.0,106,113,4%,6,8,8,19,24,24,18.7,22.3,15.0,29.7,28.5,28.5,6.2,21.3,4.62,18.8,20.5,4.1,20.05,4.359999999999999,22.333333333333332,7.333333333333333,21.15,21.599999999999998,18.40410447761194
46,0,Jarrett Culver,0.0,MIN,DAL,14.0,239.0,112.5,13,5.5,15.6,27.3,PG/SF,3500,0,19.0,9.0,101,109,-4%,7,7,9,24,22,24,15.6,19.1,9.1,29.1,22.1,20.0,5.7,16.0,4.57,16.7,22.0,4.8,16.35,4.6850000000000005,23.333333333333332,7.666666666666667,17.85,16.133333333333336,15.415714285714289
46,1,Kevin Huerter,0.0,ATL,PHI,8.5,229.0,110.3,7,16.8,25.6,32.3,SG/SF,5500,1,18.0,11.0,102,104,-4%,14,13,11,39,38,31,25.6,25.8,15.7,35.9,38.1,25.3,4.6,26.3,4.77,26.9,35.5,4.9,26.6,4.835,36.0,12.666666666666666,25.920000000000005,24.900000000000002,26.230555555555558
46,2,Wilson Chandler,0.0,BKN,ORL,-4.0,214.5,109.3,30,4.8,14.1,23.5,PF,3100,1,13.0,9.0,100,106,-4%,6,6,5,27,24,21,14.1,15.5,9.5,21.5,23.4,14.0,4.5,16.5,5.32,17.1,22.0,5.5,16.8,5.41,24.0,5.666666666666667,15.48,14.133333333333333,15.400000000000002
46,3,Mikal Bridges,0.0,PHO,UTA,8.0,224.5,108.3,19,14.8,24.2,35.0,SG/SF,4700,1,13.0,13.0,101,106,-7%,6,8,6,26,30,26,24.2,19.5,10.0,29.0,30.2,11.8,2.5,20.8,4.41,21.3,30.5,4.5,21.05,4.455,27.333333333333332,6.666666666666667,20.75,24.666666666666668,23.48871951219512
46,4,Michael Carter-Williams,0.0,ORL,BKN,4.0,214.5,105.3,7,17.3,20.8,26.0,PG/SG,4100,2,19.0,15.0,104,105,4%,3,5,6,20,22,18,20.8,17.8,10.1,25.6,17.1,11.5,2.8,13.8,3.35,16.7,17.5,4.1,15.25,3.7249999999999996,20.0,4.666666666666667,17.91,21.366666666666664,13.34375
46,5,Moritz Wagner,0.0,WAS,MIL,13.0,243.5,115.3,13,11.3,18.4,33.3,PF/C,3900,0,21.0,18.0,107,100,3%,5,6,7,15,20,20,18.4,21.8,12.1,31.4,28.5,28.0,7.2,18.3,4.68,25.4,24.5,6.5,21.85,5.59,18.333333333333332,6.0,21.109999999999996,21.0,29.199545454545458
46,6,Jeff Green,0.0,HOU,NY,-13.5,227.0,120.3,20,7.8,13.8,24.5,PF/C,3100,1,16.0,11.0,101,110,2%,5,6,6,19,17,19,13.8,13.9,7.5,20.2,16.1,19.5,6.3,12.3,3.95,11.9,15.0,3.8,12.100000000000001,3.875,18.333333333333332,5.666666666666667,13.5,15.366666666666667,9.900000000000002
46,7,Jordan McLaughlin,0.0,MIN,DAL,14.0,239.0,112.5,13,16.0,28.7,48.0,PG,5600,0,17.0,16.0,101,109,-4%,8,8,6,24,23,20,28.7,18.3,6.9,29.7,13.3,10.3,1.8,15.5,2.77,14.0,15.0,2.5,14.75,2.635,22.333333333333332,7.333333333333333,19.67,30.900000000000002,9.906716417910449
47,0,D'Angelo Russell,0.0,MIN,DAL,14.0,239.0,112.5,13,30.5,41.3,58.0,PG,8700,0,33.0,19.0,101,109,-4%,20,17,19,35,33,33,41.3,41.6,29.1,54.1,31.5,42.8,4.9,41.8,4.8,46.2,33.5,5.3,44.0,5.05,33.666666666666664,18.666666666666668,42.019999999999996,43.26666666666667,43.78217821782179
47,1,Mikal Bridges,0.0,PHO,UTA,8.0,224.5,108.3,19,14.8,24.2,35.0,SG/SF,4700,1,13.0,13.0,101,106,-7%,6,8,6,26,30,26,24.2,19.5,10.0,29.0,30.2,11.8,2.5,20.8,4.41,21.3,30.5,4.5,21.05,4.455,27.333333333333332,6.666666666666667,20.75,24.666666666666668,23.48871951219512
47,2,Al Horford,0.0,PHI,ATL,-8.5,229.0,118.8,12,15.3,21.9,34.0,PF/C,4500,1,18.0,15.0,106,112,7%,6,9,11,26,29,31,23.7,30.2,21.4,39.0,30.8,26.5,5.9,27.5,6.11,30.7,30.0,6.8,29.1,6.455,28.666666666666668,8.666666666666666,28.68,23.733333333333334,30.453488372093023
47,3,Dorian Finney-Smith,0.0,DAL,MIN,-14.0,239.0,126.5,28,16.0,19.6,24.8,SF/PF,5100,1,13.0,12.0,105,109,7%,7,7,7,33,31,30,19.6,21.6,14.1,29.1,24.5,13.8,2.7,23.5,4.61,24.3,31.0,4.8,23.9,4.705,31.333333333333332,7.0,21.660000000000004,20.133333333333336,23.645744680851063
47,4,Kevin Huerter,0.0,ATL,PHI,8.5,229.0,110.3,7,16.8,25.6,32.3,SG/SF,5500,1,18.0,11.0,102,104,-4%,14,13,11,39,38,31,25.6,25.8,15.7,35.9,38.1,25.3,4.6,26.3,4.77,26.9,35.5,4.9,26.6,4.835,36.0,12.666666666666666,25.920000000000005,24.900000000000002,26.230555555555558
47,5,Matisse Thybulle,0.0,PHI,ATL,-8.5,229.0,118.8,29,2.0,8.7,15.8,SG/SF,3000,1,11.0,9.0,106,112,-1%,2,3,4,14,19,21,8.7,13.3,5.1,21.6,11.1,6.8,2.3,11.0,3.67,9.1,13.0,3.0,10.05,3.335,18.0,3.0,11.75,8.833333333333334,7.258333333333334
47,6,Julius Randle,0.0,NY,HOU,13.5,227.0,106.8,1,22.8,40.8,64.5,PF/C,8200,2,28.0,17.0,106,107,5%,14,17,16,34,36,33,40.8,38.3,28.9,47.6,27.7,38.0,4.6,44.8,5.46,44.4,34.0,5.4,44.599999999999994,5.43,34.333333333333336,15.666666666666666,40.04,42.699999999999996,44.16699029126213
47,7,Shabazz Napier,0.0,WAS,MIL,13.0,243.5,115.3,4,14.5,17.5,21.5,PG/SG,3900,0,21.0,14.0,107,100,-1%,5,5,8,18,19,23,17.5,23.4,12.7,34.2,36.1,47.0,12.1,18.5,4.74,19.9,19.5,5.1,19.2,4.92,20.0,6.0,21.4,17.833333333333332,18.72
48,0,Donovan Mitchell,0.0,UTA,PHO,-8.0,224.5,116.3,11,19.8,34.6,42.8,PG/SG,7500,1,30.0,19.0,104,108,0%,19,18,20,34,35,35,34.6,39.3,30.1,48.5,35.3,52.0,6.9,39.8,5.3,38.7,35.0,5.2,39.25,5.25,34.666666666666664,19.0,38.35,32.4,39.62740384615385
48,1,Kyle Anderson,0.0,MEM,LAC,10.0,233.0,111.5,30,20.0,23.1,27.3,SG/SF,4500,2,14.0,14.0,105,105,-1%,6,6,5,23,26,19,23.1,16.4,8.7,24.0,21.5,23.0,5.1,20.5,4.56,21.4,26.5,4.8,20.95,4.68,22.666666666666668,5.666666666666667,18.630000000000003,23.46666666666667,24.493014705882352
48,2,Danuel House Jr.,0.0,HOU,NY,-13.5,227.0,120.3,21,13.5,21.4,30.8,SF/PF,4200,1,13.0,12.0,101,110,8%,5,7,9,22,30,31,21.4,22.3,12.6,31.9,25.8,26.3,6.3,20.3,4.82,26.6,32.0,6.3,23.450000000000003,5.5600000000000005,27.666666666666668,7.0,22.33,21.900000000000002,27.12289156626506
48,3,Juancho Hernangomez,0.0,MIN,DAL,14.0,239.0,112.5,6,11.5,24.9,37.0,SF/PF,5200,0,14.0,9.0,101,109,1%,10,11,4,27,29,15,24.9,10.3,1.0,19.6,25.2,14.5,2.8,25.0,4.81,23.9,28.5,4.6,24.45,4.705,23.666666666666668,8.333333333333334,16.05,24.46666666666667,29.443309859154926
48,4,Jeff Teague,0.0,ATL,PHI,8.5,229.0,110.3,3,0.8,16.0,31.3,PG/SG,3500,1,19.0,15.0,102,104,-6%,6,6,9,19,21,26,19.5,25.2,14.6,35.8,17.7,11.5,3.3,16.3,4.64,15.2,17.0,4.3,15.75,4.47,22.0,7.0,22.169999999999998,16.033333333333335,12.170454545454547
48,5,Al Horford,0.0,PHI,ATL,-8.5,229.0,118.8,12,15.3,21.9,34.0,PF/C,4500,1,18.0,15.0,106,112,7%,6,9,11,26,29,31,23.7,30.2,21.4,39.0,30.8,26.5,5.9,27.5,6.11,30.7,30.0,6.8,29.1,6.455,28.666666666666668,8.666666666666666,28.68,23.733333333333334,30.453488372093023
48,6,Tristan Thompson,0.0,CLE,MIA,6.0,222.0,108.0,12,17.5,30.5,47.3,C,5500,1,18.0,17.0,100,107,-6%,9,9,10,26,26,31,30.4,31.1,19.6,42.6,29.3,31.3,5.7,21.5,3.91,19.8,21.5,3.6,20.65,3.755,27.666666666666668,9.333333333333334,28.869999999999997,31.766666666666666,16.047289156626505
48,7,Jeff Green,0.0,HOU,NY,-13.5,227.0,120.3,20,7.8,13.8,24.5,PF/C,3100,1,16.0,11.0,101,110,2%,5,6,6,19,17,19,13.8,13.9,7.5,20.2,16.1,19.5,6.3,12.3,3.95,11.9,15.0,3.8,12.100000000000001,3.875,18.333333333333332,5.666666666666667,13.5,15.366666666666667,9.900000000000002
49,0,Matthew Dellavedova,0.0,CLE,MIA,6.0,222.0,108.0,18,-0.5,4.0,10.8,PG,3000,1,16.0,7.0,100,107,-8%,1,2,3,8,9,12,4.0,8.1,2.9,13.4,3.5,1.5,0.5,5.5,1.83,0.0,0.0,0.0,2.75,0.915,9.666666666666666,2.0,6.2299999999999995,4.766666666666667,0.0
49,1,Marko Guduric,0.0,MEM,LAC,10.0,233.0,111.5,30,1.3,7.9,16.5,SG/SF,3000,2,17.0,8.0,105,105,0%,2,2,4,5,8,13,7.9,9.2,2.4,16.0,7.0,11.8,3.9,5.0,1.67,0.0,0.0,0.0,2.5,0.835,8.666666666666666,2.6666666666666665,7.6,8.566666666666668,0.0
49,2,Jake Layman,0.0,MIN,DAL,14.0,239.0,112.5,7,9.0,21.2,35.3,PF,3500,0,17.0,10.0,101,109,0%,11,10,10,32,31,27,23.1,19.1,12.1,26.1,13.3,8.8,2.5,7.0,2.0,7.9,10.5,2.3,7.45,2.15,30.0,10.333333333333334,17.57,21.833333333333332,2.6075000000000004
49,3,Kawhi Leonard,0.0,LAC,MEM,-10.0,233.0,121.5,16,41.5,49.3,55.0,SF,9700,1,34.0,27.0,106,108,3%,25,21,21,41,35,33,49.3,49.8,39.8,59.8,24.8,43.0,4.4,49.8,5.13,51.0,34.5,5.3,50.4,5.215,36.333333333333336,22.333333333333332,49.82,48.6,47.85688073394495
49,4,Markelle Fultz,0.0,ORL,BKN,4.0,214.5,105.3,7,27.5,33.1,49.3,PG/SG,6100,2,22.0,14.0,104,105,4%,13,12,11,32,31,29,33.1,26.6,18.6,34.7,33.6,19.3,3.2,26.3,4.3,25.4,29.0,4.2,25.85,4.25,30.666666666666668,12.0,27.77,36.63333333333333,24.445108695652173
49,5,Brandon Clarke,0.0,MEM,LAC,10.0,233.0,111.5,14,16.0,28.7,42.0,PF/C,5500,2,19.0,22.0,105,105,-4%,9,10,8,29,25,22,28.7,25.0,17.5,32.6,3.9,0.8,0.1,34.8,6.32,33.8,32.0,6.1,34.3,6.21,25.333333333333332,9.0,27.620000000000005,28.900000000000002,43.32631578947368
49,6,Mo Bamba,0.0,ORL,BKN,4.0,214.5,105.3,10,6.0,12.2,22.8,C,3200,2,17.0,17.0,104,105,8%,4,4,5,13,13,15,16.4,16.3,9.1,23.4,14.0,22.0,6.9,9.3,2.89,15.4,13.5,4.8,12.350000000000001,3.8449999999999998,13.666666666666666,4.333333333333333,15.510000000000002,13.666666666666666,12.19939024390244
49,7,JaMychal Green,0.0,LAC,MEM,-10.0,233.0,121.5,27,3.8,11.4,19.8,PF,3100,1,13.0,10.0,106,108,0%,4,4,6,19,19,21,11.4,17.9,9.3,26.5,22.8,30.8,9.9,14.0,4.52,9.2,11.0,3.0,11.6,3.76,19.666666666666668,4.666666666666667,15.339999999999998,11.666666666666666,6.488135593220338
