Lineup Num,,Player Name,Likes,Pos,Salary,Team,Proj FP,Proj Val,Actual FP,Actual Val,Proj Att,Cat 1,Cat 2,Cat 3,Total
0,0,Kyler Murray,0.0,QB,7300,ARI,25.0,3.4,0.0,0.0,46.199999999999996,2.0,1,3.0,3.3899999999999997
0,1,Ezekiel Elliott,0.0,RB,8100,DAL,21.7,2.7,0.0,0.0,24.0,3.0,3,3.0,4.626
0,2,Clyde Edwards-Helaire,0.0,RB,6700,KC,17.8,2.7,0.0,0.0,20.1,2.0,2,2.0,3.084
0,3,Kansas City Chiefs,0.0,D,2500,KC,6.3,2.5,0.0,0.0,3.7037037037037033,3.0,0,3.0,0.8999999999999999
0,4,Amari Cooper,0.0,WR,6800,DAL,15.8,2.3,0.0,0.0,8.0,2.0,3,2.0,4.543
0,5,Demarcus Robinson,0.0,WR,3300,KC,7.1,2.2,0.0,0.0,4.8,0.0,0,0.0,0.0
0,6,Christian Kirk,0.0,WR,4700,ARI,11.1,2.4,0.0,0.0,7.2,0.0,0,2.0,1.298
0,7,Dan Arnold,0.0,TE,3000,ARI,4.6,1.5,0.0,0.0,3.4,1.0,1,0.0,0.974
0,8,Tyreek Hill,0.0,WR,7100,KC,18.8,2.6,0.0,0.0,9.0,3.0,3,3.0,5.841
1,0,Kyler Murray,0.0,QB,7300,ARI,25.0,3.4,0.0,0.0,46.199999999999996,2.0,1,3.0,3.3899999999999997
1,1,Ezekiel Elliott,0.0,RB,8100,DAL,21.7,2.7,0.0,0.0,24.0,3.0,3,3.0,4.626
1,2,Clyde Edwards-Helaire,0.0,RB,6700,KC,17.8,2.7,0.0,0.0,20.1,2.0,2,2.0,3.084
1,3,Kansas City Chiefs,0.0,D,2500,KC,6.3,2.5,0.0,0.0,3.7037037037037033,3.0,0,3.0,0.8999999999999999
1,4,Demarcus Robinson,0.0,WR,3300,KC,7.1,2.2,0.0,0.0,4.8,0.0,0,0.0,0.0
1,5,Michael Gallup,0.0,WR,5000,DAL,11.9,2.4,0.0,0.0,5.8,1.0,1,0.0,1.298
1,6,Tyreek Hill,0.0,WR,7100,KC,18.8,2.6,0.0,0.0,9.0,3.0,3,3.0,5.841
1,7,Dan Arnold,0.0,TE,3000,ARI,4.6,1.5,0.0,0.0,3.4,1.0,1,0.0,0.974
1,8,Amari Cooper,0.0,WR,6800,DAL,15.8,2.3,0.0,0.0,8.0,2.0,3,2.0,4.543
2,0,Patrick Mahomes,0.0,QB,7800,KC,29.2,3.7,0.0,0.0,42.4,3.0,2,1.0,3.3899999999999997
2,1,Devin Singletary,0.0,RB,5700,BUF,14.3,2.5,0.0,0.0,16.0,1.0,1,0.0,1.028
2,2,Kenyan Drake,0.0,RB,5300,ARI,13.1,2.5,0.0,0.0,17.3,0.0,0,1.0,0.514
2,3,Kansas City Chiefs,0.0,D,2500,KC,6.3,2.5,0.0,0.0,3.7037037037037033,3.0,0,3.0,0.8999999999999999
2,4,DeAndre Hopkins,0.0,WR,8200,ARI,21.3,2.6,0.0,0.0,12.1,3.0,3,3.0,5.841
2,5,Stefon Diggs,0.0,WR,6600,BUF,17.8,2.7,0.0,0.0,9.3,3.0,2,3.0,5.192
2,6,Tyreek Hill,0.0,WR,7100,KC,18.8,2.6,0.0,0.0,9.0,3.0,3,3.0,5.841
2,7,Dan Arnold,0.0,TE,3000,ARI,4.6,1.5,0.0,0.0,3.4,1.0,1,0.0,0.974
2,8,Tyler Kroft,0.0,TE,2800,BUF,4.4,1.6,0.0,0.0,3.5,0.0,0,1.0,0.487
3,0,Kyler Murray,0.0,QB,7300,ARI,25.0,3.4,0.0,0.0,46.199999999999996,2.0,1,3.0,3.3899999999999997
3,1,Ezekiel Elliott,0.0,RB,8100,DAL,21.7,2.7,0.0,0.0,24.0,3.0,3,3.0,4.626
3,2,Clyde Edwards-Helaire,0.0,RB,6700,KC,17.8,2.7,0.0,0.0,20.1,2.0,2,2.0,3.084
3,3,Kansas City Chiefs,0.0,D,2500,KC,6.3,2.5,0.0,0.0,3.7037037037037033,3.0,0,3.0,0.8999999999999999
3,4,Amari Cooper,0.0,WR,6800,DAL,15.8,2.3,0.0,0.0,8.0,2.0,3,2.0,4.543
3,5,Tyreek Hill,0.0,WR,7100,KC,18.8,2.6,0.0,0.0,9.0,3.0,3,3.0,5.841
3,6,Demarcus Robinson,0.0,WR,3300,KC,7.1,2.2,0.0,0.0,4.8,0.0,0,0.0,0.0
3,7,Dan Arnold,0.0,TE,3000,ARI,4.6,1.5,0.0,0.0,3.4,1.0,1,0.0,0.974
3,8,Mecole Hardman,0.0,WR,4400,KC,12.0,2.7,0.0,0.0,5.6000000000000005,1.0,0,0.0,0.649
4,0,Josh Allen,0.0,QB,7900,BUF,24.4,3.1,0.0,0.0,43.3,1.0,3,2.0,3.3899999999999997
4,1,Chase Edmonds,0.0,RB,5200,ARI,11.4,2.2,0.0,0.0,9.100000000000001,0.0,0,0.0,0.0
4,2,Devin Singletary,0.0,RB,5700,BUF,14.3,2.5,0.0,0.0,16.0,1.0,1,0.0,1.028
4,3,Kansas City Chiefs,0.0,D,2500,KC,6.3,2.5,0.0,0.0,3.7037037037037033,3.0,0,3.0,0.8999999999999999
4,4,Tyreek Hill,0.0,WR,7100,KC,18.8,2.6,0.0,0.0,9.0,3.0,3,3.0,5.841
4,5,DeAndre Hopkins,0.0,WR,8200,ARI,21.3,2.6,0.0,0.0,12.1,3.0,3,3.0,5.841
4,6,Demarcus Robinson,0.0,WR,3300,KC,7.1,2.2,0.0,0.0,4.8,0.0,0,0.0,0.0
4,7,Dan Arnold,0.0,TE,3000,ARI,4.6,1.5,0.0,0.0,3.4,1.0,1,0.0,0.974
4,8,Amari Cooper,0.0,WR,6800,DAL,15.8,2.3,0.0,0.0,8.0,2.0,3,2.0,4.543
5,0,Kyler Murray,0.0,QB,7300,ARI,25.0,3.4,0.0,0.0,46.199999999999996,2.0,1,3.0,3.3899999999999997
5,1,Ezekiel Elliott,0.0,RB,8100,DAL,21.7,2.7,0.0,0.0,24.0,3.0,3,3.0,4.626
5,2,Clyde Edwards-Helaire,0.0,RB,6700,KC,17.8,2.7,0.0,0.0,20.1,2.0,2,2.0,3.084
5,3,Kansas City Chiefs,0.0,D,2500,KC,6.3,2.5,0.0,0.0,3.7037037037037033,3.0,0,3.0,0.8999999999999999
5,4,CeeDee Lamb,0.0,WR,6300,DAL,14.0,2.2,0.0,0.0,7.0,2.0,2,1.0,3.245
5,5,Amari Cooper,0.0,WR,6800,DAL,15.8,2.3,0.0,0.0,8.0,2.0,3,2.0,4.543
5,6,Demarcus Robinson,0.0,WR,3300,KC,7.1,2.2,0.0,0.0,4.8,0.0,0,0.0,0.0
5,7,Dan Arnold,0.0,TE,3000,ARI,4.6,1.5,0.0,0.0,3.4,1.0,1,0.0,0.974
5,8,Michael Gallup,0.0,WR,5000,DAL,11.9,2.4,0.0,0.0,5.8,1.0,1,0.0,1.298
6,0,Patrick Mahomes,0.0,QB,7800,KC,29.2,3.7,0.0,0.0,42.4,3.0,2,1.0,3.3899999999999997
6,1,Clyde Edwards-Helaire,0.0,RB,6700,KC,17.8,2.7,0.0,0.0,20.1,2.0,2,2.0,3.084
6,2,Ezekiel Elliott,0.0,RB,8100,DAL,21.7,2.7,0.0,0.0,24.0,3.0,3,3.0,4.626
6,3,Kansas City Chiefs,0.0,D,2500,KC,6.3,2.5,0.0,0.0,3.7037037037037033,3.0,0,3.0,0.8999999999999999
6,4,Stefon Diggs,0.0,WR,6600,BUF,17.8,2.7,0.0,0.0,9.3,3.0,2,3.0,5.192
6,5,Christian Kirk,0.0,WR,4700,ARI,11.1,2.4,0.0,0.0,7.2,0.0,0,2.0,1.298
6,6,Michael Gallup,0.0,WR,5000,DAL,11.9,2.4,0.0,0.0,5.8,1.0,1,0.0,1.298
6,7,Dan Arnold,0.0,TE,3000,ARI,4.6,1.5,0.0,0.0,3.4,1.0,1,0.0,0.974
6,8,Cole Beasley,0.0,WR,4800,BUF,10.4,2.2,0.0,0.0,6.4,0.0,1,1.0,1.298
7,0,Kyler Murray,0.0,QB,7300,ARI,25.0,3.4,0.0,0.0,46.199999999999996,2.0,1,3.0,3.3899999999999997
7,1,Devin Singletary,0.0,RB,5700,BUF,14.3,2.5,0.0,0.0,16.0,1.0,1,0.0,1.028
7,2,Clyde Edwards-Helaire,0.0,RB,6700,KC,17.8,2.7,0.0,0.0,20.1,2.0,2,2.0,3.084
7,3,Dallas Cowboys,0.0,D,2800,DAL,5.1,1.8,0.0,0.0,3.571428571428571,0.0,3,0.0,0.44999999999999996
7,4,Mecole Hardman,0.0,WR,4400,KC,12.0,2.7,0.0,0.0,5.6000000000000005,1.0,0,0.0,0.649
7,5,Stefon Diggs,0.0,WR,6600,BUF,17.8,2.7,0.0,0.0,9.3,3.0,2,3.0,5.192
7,6,DeAndre Hopkins,0.0,WR,8200,ARI,21.3,2.6,0.0,0.0,12.1,3.0,3,3.0,5.841
7,7,Dan Arnold,0.0,TE,3000,ARI,4.6,1.5,0.0,0.0,3.4,1.0,1,0.0,0.974
7,8,Cole Beasley,0.0,WR,4800,BUF,10.4,2.2,0.0,0.0,6.4,0.0,1,1.0,1.298
8,0,Andy Dalton,0.0,QB,5800,DAL,20.2,3.5,0.0,0.0,40.1,0.0,0,0.0,0.0
8,1,Devin Singletary,0.0,RB,5700,BUF,14.3,2.5,0.0,0.0,16.0,1.0,1,0.0,1.028
8,2,Kenyan Drake,0.0,RB,5300,ARI,13.1,2.5,0.0,0.0,17.3,0.0,0,1.0,0.514
8,3,Kansas City Chiefs,0.0,D,2500,KC,6.3,2.5,0.0,0.0,3.7037037037037033,3.0,0,3.0,0.8999999999999999
8,4,Cole Beasley,0.0,WR,4800,BUF,10.4,2.2,0.0,0.0,6.4,0.0,1,1.0,1.298
8,5,DeAndre Hopkins,0.0,WR,8200,ARI,21.3,2.6,0.0,0.0,12.1,3.0,3,3.0,5.841
8,6,Amari Cooper,0.0,WR,6800,DAL,15.8,2.3,0.0,0.0,8.0,2.0,3,2.0,4.543
8,7,Dan Arnold,0.0,TE,3000,ARI,4.6,1.5,0.0,0.0,3.4,1.0,1,0.0,0.974
8,8,Stefon Diggs,0.0,WR,6600,BUF,17.8,2.7,0.0,0.0,9.3,3.0,2,3.0,5.192
9,0,Josh Allen,0.0,QB,7900,BUF,24.4,3.1,0.0,0.0,43.3,1.0,3,2.0,3.3899999999999997
9,1,Chase Edmonds,0.0,RB,5200,ARI,11.4,2.2,0.0,0.0,9.100000000000001,0.0,0,0.0,0.0
9,2,Clyde Edwards-Helaire,0.0,RB,6700,KC,17.8,2.7,0.0,0.0,20.1,2.0,2,2.0,3.084
9,3,Kansas City Chiefs,0.0,D,2500,KC,6.3,2.5,0.0,0.0,3.7037037037037033,3.0,0,3.0,0.8999999999999999
9,4,Christian Kirk,0.0,WR,4700,ARI,11.1,2.4,0.0,0.0,7.2,0.0,0,2.0,1.298
9,5,Stefon Diggs,0.0,WR,6600,BUF,17.8,2.7,0.0,0.0,9.3,3.0,2,3.0,5.192
9,6,Cole Beasley,0.0,WR,4800,BUF,10.4,2.2,0.0,0.0,6.4,0.0,1,1.0,1.298
9,7,Dalton Schultz,0.0,TE,4500,DAL,8.7,1.9,0.0,0.0,5.4,2.0,2,2.0,2.9219999999999997
9,8,Mecole Hardman,0.0,WR,4400,KC,12.0,2.7,0.0,0.0,5.6000000000000005,1.0,0,0.0,0.649
10,0,Andy Dalton,0.0,QB,5800,DAL,20.2,3.5,0.0,0.0,40.1,0.0,0,0.0,0.0
10,1,Kenyan Drake,0.0,RB,5300,ARI,13.1,2.5,0.0,0.0,17.3,0.0,0,1.0,0.514
10,2,Devin Singletary,0.0,RB,5700,BUF,14.3,2.5,0.0,0.0,16.0,1.0,1,0.0,1.028
10,3,Kansas City Chiefs,0.0,D,2500,KC,6.3,2.5,0.0,0.0,3.7037037037037033,3.0,0,3.0,0.8999999999999999
10,4,Tyreek Hill,0.0,WR,7100,KC,18.8,2.6,0.0,0.0,9.0,3.0,3,3.0,5.841
10,5,Christian Kirk,0.0,WR,4700,ARI,11.1,2.4,0.0,0.0,7.2,0.0,0,2.0,1.298
10,6,Demarcus Robinson,0.0,WR,3300,KC,7.1,2.2,0.0,0.0,4.8,0.0,0,0.0,0.0
10,7,Travis Kelce,0.0,TE,7200,KC,18.1,2.5,0.0,0.0,9.0,3.0,3,3.0,4.383
10,8,CeeDee Lamb,0.0,WR,6300,DAL,14.0,2.2,0.0,0.0,7.0,2.0,2,1.0,3.245
